0.48
0.56
1.72
3.03
5.6
6.91
8.3
8.48
11.08
12.27
13.67
14.94
16.22
19.98
20.28
21.44
22.59
23.9
28.5
28.59
28.71
28.95
31.21
31.29
32.6
33.13
33.8
33.9
35.23
36.52
37.14
39.52
39.6
39.86
39.94
42.24
43.21
44.43
46.23
48.7
49.06
57.35
57.56
59.49
60.75
62.95
66.77
66.91
67.21
71.94
74.26
77.0
77.08
77.37
77.45
87.05
87.28
89.53
90.79
90.87
93.33
93.41
94.15
95.14
97.01
97.12
97.37
100.91
102.31
103.67
107.12
108.35
108.48
109.59
110.79
114.12
114.3
115.36
116.59
117.78
122.52
122.59
122.8
126.22
126.8
127.36
128.59
128.77
130.11
133.12
133.19
133.6
133.67
136.11
139.74
142.28
142.69
142.76
151.6
151.77
154.19
155.3
157.65
159.73
161.12
161.46
161.64
165.87
165.96
167.78
170.74
171.06
180.87
181.08
183.48
184.95
187.46
187.63
187.99
188.46
