0.42
1.78
3.07
5.64
6.96
8.33
11.09
12.41
13.69
13.76
15.02
16.3
18.95
20.14
20.24
20.33
21.44
22.74
23.96
25.27
28.54
31.42
32.63
33.32
33.87
35.28
36.6
39.58
42.25
43.43
44.45
46.19
48.83
50.09
53.72
57.4
59.66
60.59
60.75
67.03
69.57
70.83
71.66
71.8
74.35
77.12
82.73
87.14
89.48
90.82
93.3
95.22
97.24
101.08
102.16
102.35
103.62
107.26
108.29
108.39
109.63
110.8
110.93
112.6
114.11
115.45
116.65
117.81
119.21
122.58
126.34
126.94
127.59
128.78
130.21
131.51
133.45
136.01
137.97
139.73
142.51
145.19
147.59
151.67
154.13
155.13
155.29
157.59
161.19
163.75
164.76
165.92
167.94
168.03
170.8
176.58
180.97
183.67
184.67
184.93
187.76
