0.39
0.48
0.55
0.7
1.72
3.0
5.56
5.66
6.88
6.96
8.22
8.3
8.43
11.02
12.36
13.67
14.93
16.15
20.03
21.46
22.63
23.84
23.93
28.52
28.73
28.8
28.96
33.8
33.88
35.22
36.37
39.48
39.77
39.85
44.11
44.23
44.32
44.47
48.68
48.87
48.99
49.07
53.73
53.81
57.22
57.49
57.56
60.66
60.73
63.04
67.16
69.49
71.88
74.19
74.33
77.0
77.27
77.34
77.47
82.68
82.75
86.94
87.26
90.71
90.78
93.4
97.16
97.4
97.47
101.06
102.24
103.37
103.6
103.68
107.19
108.37
108.44
109.55
114.0
115.26
116.61
117.83
122.37
122.65
122.73
127.42
128.76
128.83
130.12
133.62
137.97
139.77
139.88
142.3
142.42
142.76
142.84
143.55
147.56
147.63
151.47
151.65
151.72
151.79
151.9
155.31
157.68
161.22
161.56
163.82
165.84
167.92
168.0
170.65
171.01
171.08
176.5
176.59
180.9
181.12
181.19
184.87
184.94
187.76
189.17
