19.26
20.25
21.32
22.39
24.66
25.89
26.83
26.94
28.02
30.58
31.72
32.78
32.86
33.89
34.75
36.04
37.74
38.24
39.34
43.58
44.75
44.82
45.82
46.87
47.66
49.02
50.02
50.67
51.17
51.34
52.27
52.35
56.88
58.38
58.93
59.95
61.03
62.02
62.09
63.09
64.13
65.27
65.35
66.27
67.27
67.35
68.24
68.31
68.91
69.36
70.38
71.35
72.44
77.03
77.1
78.41
78.92
79.96
81.05
82.03
83.13
84.18
85.15
85.23
86.33
86.51
86.67
87.23
87.33
88.25
88.77
88.86
89.41
90.37
91.34
92.41
97.12
97.19
98.02
99.1
100.13
100.2
102.11
102.18
103.28
104.28
107.68
108.87
109.9
110.91
112.92
114.04
114.61
115.09
116.06
116.13
116.21
120.26
121.42
122.5
123.49
125.57
125.66
126.63
127.16
127.66
128.63
128.77
133.15
134.38
134.48
134.89
135.03
136.02
136.9
137.03
138.08
140.12
141.23
141.31
142.11
142.19
143.18
143.98
144.22
144.79
145.18
145.3
146.2
146.31
146.56
147.02
147.26
148.27
152.94
153.03
154.38
154.87
155.89
156.82
157.93
158.02
159.02
160.11
161.18
162.15
162.22
163.12
163.21
163.94
164.16
164.73
165.11
165.28
165.5
166.27
166.34
166.97
167.23
168.26
168.34
173.22
173.3
174.26
175.33
176.44
179.93
181.02
182.07
184.74
184.83
186.08
187.22
188.19
189.31
189.45
190.65
192.52
193.05
194.25
194.33
