0.00 0.00
1.00 0.00
2.00 0.00
3.00 0.00
4.00 0.00
5.00 0.00
6.00 0.00
7.00 0.00
8.00 0.00
9.00 0.00
10.00 0.00
11.00 0.00
12.00 0.00
13.00 0.00
14.00 0.00
15.00 0.00
16.00 0.00
17.00 0.00
18.00 0.00
19.00 0.00
20.00 0.00
21.00 0.00
22.00 0.00
23.00 0.00
24.00 0.00
25.00 0.00
26.00 0.00
27.00 0.00
28.00 0.00
29.00 0.00
30.00 0.00
31.00 0.00
32.00 0.00
33.00 0.00
34.00 0.00
35.00 0.00
36.00 0.00
37.00 0.00
38.00 0.00
39.00 0.00
40.00 0.00
41.00 0.00
42.00 0.00
43.00 0.00
44.00 0.00
45.00 0.00
46.00 0.00
47.00 0.00
48.00 0.00
49.00 0.00
50.00 0.00
51.00 0.00
52.00 0.00
53.00 0.00
54.00 0.00
55.00 0.00
56.00 0.00
57.00 0.00
58.00 0.00
59.00 0.00
60.00 0.00
61.00 0.00
62.00 0.00
63.00 0.00
64.00 0.00
65.00 0.00
66.00 0.00
67.00 0.00
68.00 0.00
69.00 0.00
70.00 0.00
71.00 0.00
72.00 0.00
73.00 0.00
74.00 0.00
75.00 0.00
76.00 0.00
77.00 0.00
78.00 0.00
79.00 0.00
80.00 0.00
81.00 0.00
82.00 0.00
83.00 0.00
84.00 0.00
85.00 0.00
86.00 0.00
87.00 0.00
88.00 0.00
89.00 0.00
90.00 0.00
91.00 0.00
92.00 0.00
93.00 0.00
94.00 0.00
95.00 0.00
96.00 0.00
97.00 0.00
98.00 0.00
99.00 0.00
100.00 0.00
101.00 0.00
102.00 0.00
103.00 0.00
104.00 0.00
105.00 0.00
106.00 0.00
107.00 0.00
108.00 0.00
109.00 0.00
110.00 0.00
111.00 0.00
112.00 0.00
113.00 0.00
114.00 0.00
115.00 0.00
116.00 0.00
117.00 0.00
118.00 0.00
119.00 0.00
120.00 0.00
121.00 0.00
122.00 0.00
123.00 0.00
124.00 0.00
125.00 0.00
126.00 0.00
127.00 0.00
128.00 0.00
129.00 0.00
130.00 0.00
131.00 0.00
132.00 0.00
133.00 0.00
134.00 0.00
135.00 0.00
136.00 0.00
137.00 0.00
138.00 0.00
139.00 0.00
140.00 0.00
141.00 0.00
142.00 0.00
143.00 0.00
144.00 0.00
145.00 0.00
146.00 0.00
147.00 0.00
148.00 0.00
149.00 0.00
150.00 0.00
151.00 0.00
152.00 0.00
153.00 0.00
154.00 0.00
155.00 0.00
156.00 0.00
157.00 0.00
158.00 0.00
159.00 0.00
160.00 0.00
161.00 0.00
162.00 0.00
163.00 0.00
164.00 0.00
165.00 0.00
166.00 0.00
167.00 0.00
168.00 159.73
169.00 161.96
170.00 163.52
171.00 165.80
172.00 167.09
173.00 168.16
174.00 169.08
175.00 169.88
176.00 171.22
177.00 172.06
178.00 172.87
179.00 173.70
180.00 173.98
181.00 173.83
182.00 173.22
183.00 173.02
184.00 173.63
185.00 174.53
186.00 175.07
187.00 175.73
188.00 176.15
189.00 176.39
190.00 176.48
191.00 177.20
192.00 179.99
193.00 182.28
194.00 182.73
195.00 182.26
196.00 181.75
197.00 181.22
198.00 181.19
199.00 181.98
200.00 183.40
201.00 183.85
202.00 183.18
203.00 183.00
204.00 182.88
205.00 183.20
206.00 184.20
207.00 185.06
208.00 185.12
209.00 185.14
210.00 184.33
211.00 183.55
212.00 183.15
213.00 182.79
214.00 182.72
215.00 182.20
216.00 181.68
217.00 181.72
218.00 181.96
219.00 182.62
220.00 183.33
221.00 184.18
222.00 184.56
223.00 184.94
224.00 185.34
225.00 185.87
226.00 186.35
227.00 187.25
228.00 187.95
229.00 188.08
230.00 187.25
231.00 186.01
232.00 184.93
233.00 184.33
234.00 184.21
235.00 184.28
236.00 184.10
237.00 183.78
238.00 183.31
239.00 182.99
240.00 182.92
241.00 183.94
242.00 185.38
243.00 186.47
244.00 188.38
245.00 191.30
246.00 194.40
247.00 196.28
248.00 196.80
249.00 196.60
250.00 193.67
251.00 186.49
252.00 182.89
253.00 177.97
254.00 174.25
255.00 172.08
256.00 172.12
257.00 173.76
258.00 175.70
259.00 178.09
260.00 180.84
261.00 184.04
262.00 185.42
263.00 185.17
264.00 184.87
265.00 184.73
266.00 184.37
267.00 183.96
268.00 183.82
269.00 183.73
270.00 183.87
271.00 183.94
272.00 184.45
273.00 185.07
274.00 185.07
275.00 185.57
276.00 186.21
277.00 185.98
278.00 185.82
279.00 185.59
280.00 185.24
281.00 185.18
282.00 185.12
283.00 185.26
284.00 185.33
285.00 185.52
286.00 185.62
287.00 186.03
288.00 186.76
289.00 187.23
290.00 187.32
291.00 187.66
292.00 187.50
293.00 186.78
294.00 186.18
295.00 185.58
296.00 185.35
297.00 185.41
298.00 185.68
299.00 186.16
300.00 186.51
301.00 185.66
302.00 184.89
303.00 184.66
304.00 185.54
305.00 186.53
306.00 186.80
307.00 186.65
308.00 186.49
309.00 186.26
310.00 186.22
311.00 186.12
312.00 186.50
313.00 187.79
314.00 185.48
315.00 184.06
316.00 184.53
317.00 183.81
318.00 183.69
319.00 185.32
320.00 185.72
321.00 185.37
322.00 185.60
323.00 185.29
324.00 185.23
325.00 185.80
326.00 186.11
327.00 186.68
328.00 186.67
329.00 186.16
330.00 185.13
331.00 183.77
332.00 183.27
333.00 183.35
334.00 183.82
335.00 184.45
336.00 184.86
337.00 185.27
338.00 185.05
339.00 185.33
340.00 185.65
341.00 186.48
342.00 187.51
343.00 190.93
344.00 192.13
345.00 192.59
346.00 192.75
347.00 193.23
348.00 192.35
349.00 189.30
350.00 186.08
351.00 184.22
352.00 183.25
353.00 183.27
354.00 183.87
355.00 184.57
356.00 185.19
357.00 185.86
358.00 186.80
359.00 187.72
360.00 188.08
361.00 187.81
362.00 187.52
363.00 187.58
364.00 187.83
365.00 186.85
366.00 185.49
367.00 184.91
368.00 184.92
369.00 185.14
370.00 185.14
371.00 185.44
372.00 186.98
373.00 187.59
374.00 188.00
375.00 187.58
376.00 186.45
377.00 185.43
378.00 184.18
379.00 183.54
380.00 183.31
381.00 183.08
382.00 183.83
383.00 184.68
384.00 184.59
385.00 184.58
386.00 185.49
387.00 186.30
388.00 186.66
389.00 186.77
390.00 186.25
391.00 185.83
392.00 186.01
393.00 186.74
394.00 187.25
395.00 187.98
396.00 187.76
397.00 186.27
398.00 185.26
399.00 184.88
400.00 184.87
401.00 185.44
402.00 186.67
403.00 188.14
404.00 189.47
405.00 191.10
406.00 191.85
407.00 192.68
408.00 192.76
409.00 192.66
410.00 191.64
411.00 190.36
412.00 188.12
413.00 186.27
414.00 184.74
415.00 183.73
416.00 183.24
417.00 182.94
418.00 183.15
419.00 183.33
420.00 183.68
421.00 184.13
422.00 184.85
423.00 185.62
424.00 186.57
425.00 187.61
426.00 188.41
427.00 188.47
428.00 187.84
429.00 187.30
430.00 187.48
431.00 188.25
432.00 189.18
433.00 189.54
434.00 189.61
435.00 190.02
436.00 190.95
437.00 192.70
438.00 194.57
439.00 197.93
440.00 199.19
441.00 198.74
442.00 196.84
443.00 194.65
444.00 192.31
445.00 190.65
446.00 189.59
447.00 189.32
448.00 189.24
449.00 189.53
450.00 190.65
451.00 190.99
452.00 191.29
453.00 191.44
454.00 193.11
455.00 194.03
456.00 193.70
457.00 193.01
458.00 192.34
459.00 192.00
460.00 191.34
461.00 190.53
462.00 188.64
463.00 186.25
464.00 182.97
465.00 0.00
466.00 0.00
467.00 0.00
468.00 0.00
469.00 0.00
470.00 0.00
471.00 0.00
472.00 0.00
473.00 0.00
474.00 0.00
475.00 0.00
476.00 0.00
477.00 0.00
478.00 0.00
479.00 0.00
480.00 0.00
481.00 0.00
482.00 0.00
483.00 0.00
484.00 0.00
485.00 0.00
486.00 0.00
487.00 0.00
488.00 0.00
489.00 0.00
490.00 0.00
491.00 0.00
492.00 0.00
493.00 0.00
494.00 0.00
495.00 0.00
496.00 0.00
497.00 0.00
498.00 0.00
499.00 0.00
500.00 0.00
501.00 0.00
502.00 0.00
503.00 0.00
504.00 0.00
505.00 0.00
506.00 0.00
507.00 153.59
508.00 155.34
509.00 164.41
510.00 168.74
511.00 177.01
512.00 181.01
513.00 184.18
514.00 185.34
515.00 185.72
516.00 185.01
517.00 183.23
518.00 181.53
519.00 180.40
520.00 179.60
521.00 179.19
522.00 179.37
523.00 180.01
524.00 181.50
525.00 183.09
526.00 184.46
527.00 186.06
528.00 187.17
529.00 187.57
530.00 187.69
531.00 187.78
532.00 187.92
533.00 186.79
534.00 186.29
535.00 185.70
536.00 184.04
537.00 183.19
538.00 183.33
539.00 183.98
540.00 184.66
541.00 185.03
542.00 185.52
543.00 186.60
544.00 188.82
545.00 191.26
546.00 191.32
547.00 189.77
548.00 188.77
549.00 184.61
550.00 184.30
551.00 176.64
552.00 170.30
553.00 165.46
554.00 163.69
555.00 165.89
556.00 169.15
557.00 173.09
558.00 177.39
559.00 183.56
560.00 185.40
561.00 185.38
562.00 184.75
563.00 182.63
564.00 180.70
565.00 179.25
566.00 178.05
567.00 176.83
568.00 176.21
569.00 176.81
570.00 175.67
571.00 174.80
572.00 174.67
573.00 174.55
574.00 174.05
575.00 174.58
576.00 175.27
577.00 175.22
578.00 174.44
579.00 173.80
580.00 173.44
581.00 172.79
582.00 172.36
583.00 172.40
584.00 172.79
585.00 172.99
586.00 172.51
587.00 172.14
588.00 171.79
589.00 172.39
590.00 173.53
591.00 175.18
592.00 177.00
593.00 178.41
594.00 179.11
595.00 178.60
596.00 177.06
597.00 173.62
598.00 168.49
599.00 162.44
600.00 157.76
601.00 154.86
602.00 154.51
603.00 154.82
604.00 154.81
605.00 155.38
606.00 155.62
607.00 155.89
608.00 156.06
609.00 156.63
610.00 155.73
611.00 155.14
612.00 155.10
613.00 155.08
614.00 155.63
615.00 156.11
616.00 156.05
617.00 155.30
618.00 154.27
619.00 154.08
620.00 153.77
621.00 153.60
622.00 154.55
623.00 155.86
624.00 157.03
625.00 158.10
626.00 158.32
627.00 158.30
628.00 158.51
629.00 158.54
630.00 158.40
631.00 158.47
632.00 157.34
633.00 155.87
634.00 154.46
635.00 153.40
636.00 153.47
637.00 153.23
638.00 153.48
639.00 153.81
640.00 154.35
641.00 155.02
642.00 155.16
643.00 157.22
644.00 158.52
645.00 158.72
646.00 158.66
647.00 158.01
648.00 156.22
649.00 155.18
650.00 155.01
651.00 155.43
652.00 156.20
653.00 157.58
654.00 159.34
655.00 163.57
656.00 165.04
657.00 166.21
658.00 167.01
659.00 168.93
660.00 169.94
661.00 169.68
662.00 169.04
663.00 166.74
664.00 163.64
665.00 161.91
666.00 160.31
667.00 159.13
668.00 158.29
669.00 157.37
670.00 157.01
671.00 157.13
672.00 157.31
673.00 158.36
674.00 159.53
675.00 160.51
676.00 161.25
677.00 162.49
678.00 165.51
679.00 173.31
680.00 179.11
681.00 191.71
682.00 195.02
683.00 190.61
684.00 176.89
685.00 175.25
686.00 171.80
687.00 168.81
688.00 166.89
689.00 166.39
690.00 166.14
691.00 166.31
692.00 167.42
693.00 168.56
694.00 169.66
695.00 170.99
696.00 172.51
697.00 173.87
698.00 174.86
699.00 175.23
700.00 175.11
701.00 174.82
702.00 174.43
703.00 173.66
704.00 173.05
705.00 172.83
706.00 173.14
707.00 173.29
708.00 172.63
709.00 172.03
710.00 172.20
711.00 171.96
712.00 172.34
713.00 173.02
714.00 173.15
715.00 173.12
716.00 173.28
717.00 172.70
718.00 171.65
719.00 170.63
720.00 169.94
721.00 169.55
722.00 168.97
723.00 168.98
724.00 169.23
725.00 168.27
726.00 167.34
727.00 166.31
728.00 165.40
729.00 165.05
730.00 165.07
731.00 164.41
732.00 163.96
733.00 163.01
734.00 162.18
735.00 161.41
736.00 160.53
737.00 160.17
738.00 159.51
739.00 158.53
740.00 157.73
741.00 155.25
742.00 153.49
743.00 151.36
744.00 148.92
745.00 146.67
746.00 143.10
747.00 140.91
748.00 138.41
749.00 134.82
750.00 129.90
751.00 126.12
752.00 121.41
753.00 107.77
754.00 102.30
755.00 111.37
756.00 84.68
757.00 0.00
758.00 0.00
759.00 0.00
760.00 0.00
761.00 0.00
762.00 0.00
763.00 0.00
764.00 0.00
765.00 0.00
766.00 0.00
767.00 0.00
768.00 0.00
769.00 0.00
770.00 0.00
771.00 0.00
772.00 0.00
773.00 0.00
774.00 0.00
775.00 0.00
776.00 0.00
777.00 0.00
778.00 0.00
779.00 0.00
780.00 0.00
781.00 0.00
782.00 0.00
783.00 0.00
784.00 0.00
785.00 0.00
786.00 0.00
787.00 0.00
788.00 0.00
789.00 0.00
790.00 0.00
791.00 0.00
792.00 0.00
793.00 0.00
794.00 0.00
795.00 0.00
796.00 0.00
797.00 0.00
798.00 0.00
799.00 0.00
800.00 0.00
801.00 0.00
802.00 0.00
803.00 0.00
804.00 0.00
805.00 0.00
806.00 0.00
807.00 0.00
808.00 0.00
809.00 0.00
810.00 0.00
811.00 0.00
812.00 0.00
813.00 0.00
814.00 0.00
815.00 0.00
816.00 0.00
817.00 0.00
818.00 0.00
819.00 0.00
820.00 0.00
821.00 0.00
822.00 0.00
823.00 0.00
824.00 135.47
825.00 137.77
826.00 140.72
827.00 142.95
828.00 144.31
829.00 145.17
830.00 145.61
831.00 145.75
832.00 145.52
833.00 146.11
834.00 145.79
835.00 144.91
836.00 145.40
837.00 146.59
838.00 147.83
839.00 148.11
840.00 148.76
841.00 149.37
842.00 150.93
843.00 152.23
844.00 152.70
845.00 152.83
846.00 153.39
847.00 153.45
848.00 153.10
849.00 152.76
850.00 152.15
851.00 152.30
852.00 153.58
853.00 154.20
854.00 154.06
855.00 153.93
856.00 153.99
857.00 154.24
858.00 154.14
859.00 156.15
860.00 157.94
861.00 158.37
862.00 158.02
863.00 157.48
864.00 157.26
865.00 157.12
866.00 156.45
867.00 156.31
868.00 156.18
869.00 155.55
870.00 154.33
871.00 153.69
872.00 154.12
873.00 156.59
874.00 158.10
875.00 159.82
876.00 160.32
877.00 160.56
878.00 161.03
879.00 161.48
880.00 161.57
881.00 161.45
882.00 160.96
883.00 160.38
884.00 159.19
885.00 157.72
886.00 156.48
887.00 155.13
888.00 154.32
889.00 154.65
890.00 154.71
891.00 155.81
892.00 156.10
893.00 155.93
894.00 156.16
895.00 155.90
896.00 155.96
897.00 157.37
898.00 158.72
899.00 160.74
900.00 161.91
901.00 162.77
902.00 162.76
903.00 162.55
904.00 162.11
905.00 161.45
906.00 160.67
907.00 160.03
908.00 159.22
909.00 156.40
910.00 154.20
911.00 152.16
912.00 150.28
913.00 150.36
914.00 151.87
915.00 153.96
916.00 155.78
917.00 156.99
918.00 157.62
919.00 157.66
920.00 157.24
921.00 156.96
922.00 156.65
923.00 156.75
924.00 156.25
925.00 154.63
926.00 153.62
927.00 153.39
928.00 153.88
929.00 155.07
930.00 154.86
931.00 155.82
932.00 155.94
933.00 156.08
934.00 156.79
935.00 157.36
936.00 157.98
937.00 158.77
938.00 159.19
939.00 159.76
940.00 160.08
941.00 159.76
942.00 159.20
943.00 158.84
944.00 159.03
945.00 158.25
946.00 157.16
947.00 156.26
948.00 155.44
949.00 154.86
950.00 154.73
951.00 155.03
952.00 157.01
953.00 158.71
954.00 160.15
955.00 161.51
956.00 162.89
957.00 163.10
958.00 162.76
959.00 161.99
960.00 160.67
961.00 158.98
962.00 157.77
963.00 157.39
964.00 157.22
965.00 157.51
966.00 157.70
967.00 156.31
968.00 156.01
969.00 156.06
970.00 155.54
971.00 155.73
972.00 156.05
973.00 156.32
974.00 156.59
975.00 156.85
976.00 157.36
977.00 157.17
978.00 155.92
979.00 153.27
980.00 149.05
981.00 145.65
982.00 142.45
983.00 142.54
984.00 145.56
985.00 148.51
986.00 152.62
987.00 157.22
988.00 161.34
989.00 164.70
990.00 166.98
991.00 168.04
992.00 168.32
993.00 169.68
994.00 170.45
995.00 169.68
996.00 168.79
997.00 168.30
998.00 168.17
999.00 167.81
1000.00 168.16
1001.00 168.84
1002.00 168.83
1003.00 168.45
1004.00 168.94
1005.00 170.49
1006.00 171.86
1007.00 172.20
1008.00 172.40
1009.00 172.55
1010.00 172.38
1011.00 171.77
1012.00 171.33
1013.00 170.90
1014.00 170.88
1015.00 170.62
1016.00 170.02
1017.00 169.92
1018.00 169.80
1019.00 169.10
1020.00 169.62
1021.00 170.59
1022.00 170.93
1023.00 171.13
1024.00 171.13
1025.00 170.90
1026.00 171.30
1027.00 171.99
1028.00 172.24
1029.00 172.63
1030.00 172.90
1031.00 173.22
1032.00 173.41
1033.00 172.69
1034.00 172.15
1035.00 171.65
1036.00 171.64
1037.00 172.38
1038.00 172.38
1039.00 172.69
1040.00 172.32
1041.00 171.43
1042.00 171.08
1043.00 170.66
1044.00 171.38
1045.00 172.43
1046.00 172.70
1047.00 172.97
1048.00 172.59
1049.00 172.23
1050.00 171.55
1051.00 170.72
1052.00 170.61
1053.00 171.29
1054.00 172.75
1055.00 173.28
1056.00 173.19
1057.00 173.09
1058.00 172.94
1059.00 172.51
1060.00 171.99
1061.00 171.53
1062.00 171.35
1063.00 171.44
1064.00 171.59
1065.00 171.29
1066.00 170.99
1067.00 170.66
1068.00 170.42
1069.00 169.62
1070.00 170.04
1071.00 170.84
1072.00 171.54
1073.00 172.29
1074.00 172.96
1075.00 172.91
1076.00 173.64
1077.00 173.51
1078.00 173.20
1079.00 173.21
1080.00 173.53
1081.00 172.84
1082.00 173.97
1083.00 176.30
1084.00 181.51
1085.00 190.71
1086.00 204.38
1087.00 220.59
1088.00 231.55
1089.00 236.42
1090.00 234.64
1091.00 229.36
1092.00 222.15
1093.00 217.04
1094.00 213.53
1095.00 211.16
1096.00 209.56
1097.00 209.55
1098.00 212.20
1099.00 215.79
1100.00 220.39
1101.00 224.03
1102.00 226.07
1103.00 226.63
1104.00 225.01
1105.00 223.39
1106.00 222.58
1107.00 221.91
1108.00 220.95
1109.00 219.44
1110.00 217.89
1111.00 216.43
1112.00 215.10
1113.00 212.85
1114.00 211.95
1115.00 212.43
1116.00 212.45
1117.00 211.49
1118.00 209.22
1119.00 207.24
1120.00 206.16
1121.00 205.63
1122.00 206.29
1123.00 208.31
1124.00 210.50
1125.00 211.74
1126.00 211.72
1127.00 210.95
1128.00 209.34
1129.00 206.38
1130.00 202.71
1131.00 197.77
1132.00 193.72
1133.00 191.56
1134.00 190.38
1135.00 189.98
1136.00 190.43
1137.00 191.87
1138.00 193.44
1139.00 194.36
1140.00 194.31
1141.00 194.07
1142.00 193.79
1143.00 193.66
1144.00 193.08
1145.00 192.58
1146.00 190.82
1147.00 188.55
1148.00 187.00
1149.00 186.82
1150.00 187.56
1151.00 187.81
1152.00 188.04
1153.00 188.87
1154.00 189.81
1155.00 190.42
1156.00 191.16
1157.00 191.38
1158.00 191.30
1159.00 190.99
1160.00 190.20
1161.00 189.49
1162.00 188.51
1163.00 185.92
1164.00 181.90
1165.00 178.93
1166.00 173.99
1167.00 168.19
1168.00 167.51
1169.00 169.13
1170.00 170.90
1171.00 172.54
1172.00 173.52
1173.00 173.73
1174.00 173.73
1175.00 173.09
1176.00 172.19
1177.00 172.17
1178.00 171.86
1179.00 171.70
1180.00 171.05
1181.00 171.09
1182.00 172.56
1183.00 174.05
1184.00 174.20
1185.00 173.70
1186.00 172.99
1187.00 172.03
1188.00 172.06
1189.00 171.61
1190.00 171.46
1191.00 171.23
1192.00 170.32
1193.00 170.08
1194.00 170.51
1195.00 171.05
1196.00 172.93
1197.00 176.80
1198.00 177.47
1199.00 178.78
1200.00 180.18
1201.00 179.20
1202.00 178.66
1203.00 176.18
1204.00 173.85
1205.00 169.78
1206.00 166.80
1207.00 162.71
1208.00 158.19
1209.00 155.69
1210.00 155.26
1211.00 155.63
1212.00 155.87
1213.00 156.14
1214.00 155.53
1215.00 155.15
1216.00 155.08
1217.00 155.74
1218.00 156.92
1219.00 156.97
1220.00 156.27
1221.00 154.78
1222.00 153.03
1223.00 151.14
1224.00 149.12
1225.00 146.05
1226.00 144.61
1227.00 143.52
1228.00 142.93
1229.00 143.33
1230.00 143.49
1231.00 143.55
1232.00 143.63
1233.00 143.90
1234.00 144.21
1235.00 143.86
1236.00 143.52
1237.00 142.67
1238.00 142.11
1239.00 141.32
1240.00 140.14
1241.00 138.81
1242.00 137.60
1243.00 135.35
1244.00 133.42
1245.00 132.74
1246.00 132.21
1247.00 132.61
1248.00 133.31
1249.00 133.62
1250.00 133.50
1251.00 133.46
1252.00 133.48
1253.00 132.83
1254.00 132.07
1255.00 131.29
1256.00 129.92
1257.00 129.89
1258.00 130.37
1259.00 131.31
1260.00 134.65
1261.00 134.09
1262.00 132.31
1263.00 132.43
1264.00 132.23
1265.00 131.11
1266.00 130.29
1267.00 129.58
1268.00 130.24
1269.00 131.27
1270.00 133.70
1271.00 138.00
1272.00 141.21
1273.00 144.28
1274.00 148.36
1275.00 152.03
1276.00 153.31
1277.00 154.47
1278.00 151.97
1279.00 149.85
1280.00 146.76
1281.00 144.09
1282.00 140.97
1283.00 139.69
1284.00 139.52
1285.00 139.36
1286.00 140.24
1287.00 141.01
1288.00 141.98
1289.00 142.79
1290.00 143.70
1291.00 144.21
1292.00 144.08
1293.00 144.23
1294.00 144.04
1295.00 143.70
1296.00 142.79
1297.00 141.97
1298.00 141.68
1299.00 142.13
1300.00 142.54
1301.00 143.40
1302.00 143.43
1303.00 143.65
1304.00 144.65
1305.00 148.36
1306.00 152.69
1307.00 156.91
1308.00 161.12
1309.00 163.03
1310.00 163.49
1311.00 162.37
1312.00 160.66
1313.00 158.56
1314.00 156.00
1315.00 154.31
1316.00 153.77
1317.00 153.02
1318.00 154.29
1319.00 156.02
1320.00 156.73
1321.00 157.27
1322.00 157.86
1323.00 157.86
1324.00 158.80
1325.00 159.47
1326.00 158.12
1327.00 156.20
1328.00 155.14
1329.00 155.11
1330.00 154.55
1331.00 154.36
1332.00 154.77
1333.00 154.60
1334.00 154.91
1335.00 155.43
1336.00 155.59
1337.00 155.77
1338.00 156.72
1339.00 156.51
1340.00 156.87
1341.00 156.78
1342.00 157.19
1343.00 157.50
1344.00 158.62
1345.00 161.00
1346.00 162.70
1347.00 164.60
1348.00 167.04
1349.00 169.69
1350.00 172.44
1351.00 174.11
1352.00 174.35
1353.00 174.04
1354.00 172.86
1355.00 171.24
1356.00 171.51
1357.00 171.53
1358.00 171.05
1359.00 170.13
1360.00 169.61
1361.00 169.79
1362.00 171.00
1363.00 172.16
1364.00 173.22
1365.00 174.01
1366.00 174.00
1367.00 174.41
1368.00 174.98
1369.00 174.75
1370.00 174.14
1371.00 173.37
1372.00 172.67
1373.00 171.83
1374.00 171.00
1375.00 170.23
1376.00 172.85
1377.00 181.08
1378.00 188.64
1379.00 197.82
1380.00 206.23
1381.00 214.75
1382.00 219.41
1383.00 220.15
1384.00 218.09
1385.00 213.89
1386.00 209.34
1387.00 207.11
1388.00 205.65
1389.00 205.54
1390.00 206.36
1391.00 206.74
1392.00 207.14
1393.00 209.17
1394.00 212.35
1395.00 214.74
1396.00 215.80
1397.00 215.10
1398.00 213.07
1399.00 211.23
1400.00 210.01
1401.00 207.15
1402.00 204.39
1403.00 202.99
1404.00 202.50
1405.00 202.61
1406.00 203.55
1407.00 202.35
1408.00 201.60
1409.00 201.86
1410.00 202.41
1411.00 204.45
1412.00 206.59
1413.00 208.07
1414.00 208.24
1415.00 208.77
1416.00 206.09
1417.00 202.85
1418.00 196.00
1419.00 191.56
1420.00 185.58
1421.00 182.03
1422.00 180.01
1423.00 179.43
1424.00 179.94
1425.00 182.05
1426.00 184.84
1427.00 186.79
1428.00 188.90
1429.00 190.21
1430.00 190.01
1431.00 189.84
1432.00 189.37
1433.00 188.73
1434.00 189.23
1435.00 189.73
1436.00 189.86
1437.00 189.28
1438.00 189.11
1439.00 189.95
1440.00 190.13
1441.00 189.86
1442.00 190.12
1443.00 190.55
1444.00 190.30
1445.00 189.15
1446.00 188.35
1447.00 187.87
1448.00 187.21
1449.00 186.27
1450.00 186.14
1451.00 184.16
1452.00 183.23
1453.00 178.69
1454.00 173.66
1455.00 171.87
1456.00 173.94
1457.00 176.29
1458.00 178.56
1459.00 179.91
1460.00 179.96
1461.00 179.85
1462.00 178.38
1463.00 177.06
1464.00 175.90
1465.00 174.60
1466.00 173.58
1467.00 172.66
1468.00 172.80
1469.00 173.38
1470.00 173.40
1471.00 173.15
1472.00 172.26
1473.00 170.60
1474.00 169.73
1475.00 169.50
1476.00 170.13
1477.00 170.47
1478.00 170.16
1479.00 170.13
1480.00 169.34
1481.00 168.82
1482.00 168.92
1483.00 168.36
1484.00 167.24
1485.00 165.04
1486.00 163.46
1487.00 162.43
1488.00 161.10
1489.00 158.12
1490.00 156.39
1491.00 154.70
1492.00 153.22
1493.00 152.56
1494.00 151.83
1495.00 151.25
1496.00 151.11
1497.00 151.14
1498.00 150.67
1499.00 149.67
1500.00 148.50
1501.00 146.64
1502.00 145.13
1503.00 143.46
1504.00 141.98
1505.00 140.61
1506.00 139.46
1507.00 138.21
1508.00 137.75
1509.00 137.92
1510.00 138.42
1511.00 139.20
1512.00 139.90
1513.00 141.97
1514.00 143.77
1515.00 144.81
1516.00 146.53
1517.00 146.72
1518.00 146.19
1519.00 143.72
1520.00 140.95
1521.00 134.45
1522.00 131.64
1523.00 128.66
1524.00 125.61
1525.00 125.48
1526.00 126.27
1527.00 127.98
1528.00 129.79
1529.00 132.90
1530.00 135.22
1531.00 138.25
1532.00 139.05
1533.00 136.70
1534.00 134.88
1535.00 131.87
1536.00 129.37
1537.00 128.55
1538.00 129.17
1539.00 129.37
1540.00 129.34
1541.00 129.54
1542.00 129.77
1543.00 130.23
1544.00 131.11
1545.00 131.65
1546.00 130.77
1547.00 129.68
1548.00 128.74
1549.00 128.22
1550.00 127.65
1551.00 127.60
1552.00 128.05
1553.00 127.22
1554.00 126.77
1555.00 126.32
1556.00 125.36
1557.00 123.52
1558.00 122.82
1559.00 127.30
1560.00 129.69
1561.00 133.80
1562.00 136.28
1563.00 139.90
1564.00 142.23
1565.00 143.25
1566.00 143.80
1567.00 143.47
1568.00 143.31
1569.00 142.76
1570.00 142.03
1571.00 142.18
1572.00 143.05
1573.00 143.37
1574.00 143.30
1575.00 143.24
1576.00 143.11
1577.00 143.47
1578.00 144.48
1579.00 145.94
1580.00 147.10
1581.00 146.99
1582.00 146.24
1583.00 145.53
1584.00 145.13
1585.00 144.42
1586.00 143.71
1587.00 143.19
1588.00 142.56
1589.00 142.01
1590.00 141.99
1591.00 141.68
1592.00 141.55
1593.00 142.27
1594.00 142.93
1595.00 143.03
1596.00 143.39
1597.00 143.71
1598.00 143.69
1599.00 143.55
1600.00 143.34
1601.00 143.03
1602.00 142.59
1603.00 141.32
1604.00 140.81
1605.00 141.28
1606.00 141.31
1607.00 140.90
1608.00 140.06
1609.00 139.16
1610.00 138.42
1611.00 137.55
1612.00 136.95
1613.00 136.77
1614.00 136.52
1615.00 136.21
1616.00 135.03
1617.00 0.00
1618.00 0.00
1619.00 0.00
1620.00 0.00
1621.00 0.00
1622.00 0.00
1623.00 0.00
1624.00 0.00
1625.00 0.00
1626.00 0.00
1627.00 0.00
1628.00 0.00
1629.00 0.00
1630.00 0.00
1631.00 0.00
1632.00 0.00
1633.00 0.00
1634.00 0.00
1635.00 0.00
1636.00 0.00
1637.00 0.00
1638.00 0.00
1639.00 0.00
1640.00 0.00
1641.00 0.00
1642.00 0.00
1643.00 0.00
1644.00 0.00
1645.00 0.00
1646.00 0.00
1647.00 0.00
1648.00 0.00
1649.00 0.00
1650.00 0.00
1651.00 0.00
1652.00 0.00
1653.00 0.00
1654.00 0.00
1655.00 0.00
1656.00 0.00
1657.00 0.00
1658.00 0.00
1659.00 0.00
1660.00 0.00
1661.00 0.00
1662.00 0.00
1663.00 0.00
1664.00 0.00
1665.00 0.00
1666.00 0.00
1667.00 0.00
1668.00 0.00
1669.00 0.00
1670.00 0.00
1671.00 0.00
1672.00 0.00
1673.00 0.00
1674.00 0.00
1675.00 0.00
1676.00 0.00
1677.00 0.00
1678.00 0.00
1679.00 0.00
1680.00 0.00
1681.00 0.00
1682.00 0.00
1683.00 0.00
1684.00 0.00
1685.00 0.00
1686.00 0.00
1687.00 0.00
1688.00 0.00
1689.00 0.00
1690.00 0.00
1691.00 0.00
1692.00 0.00
1693.00 116.56
1694.00 117.83
1695.00 122.24
1696.00 121.35
1697.00 125.65
1698.00 127.75
1699.00 129.91
1700.00 129.96
1701.00 131.85
1702.00 133.19
1703.00 133.61
1704.00 133.79
1705.00 134.15
1706.00 132.83
1707.00 132.52
1708.00 132.51
1709.00 131.34
1710.00 130.32
1711.00 130.02
1712.00 129.63
1713.00 129.59
1714.00 129.84
1715.00 129.50
1716.00 129.05
1717.00 128.88
1718.00 129.38
1719.00 130.03
1720.00 130.27
1721.00 130.18
1722.00 130.68
1723.00 130.73
1724.00 131.20
1725.00 131.14
1726.00 130.71
1727.00 130.42
1728.00 129.96
1729.00 129.36
1730.00 128.56
1731.00 128.08
1732.00 127.71
1733.00 127.16
1734.00 126.91
1735.00 126.99
1736.00 127.48
1737.00 128.47
1738.00 128.56
1739.00 129.05
1740.00 129.19
1741.00 129.51
1742.00 130.44
1743.00 130.43
1744.00 130.45
1745.00 129.98
1746.00 129.35
1747.00 128.82
1748.00 128.45
1749.00 128.32
1750.00 128.51
1751.00 130.12
1752.00 130.67
1753.00 130.73
1754.00 130.86
1755.00 130.35
1756.00 130.13
1757.00 130.24
1758.00 130.42
1759.00 130.58
1760.00 131.03
1761.00 132.52
1762.00 133.72
1763.00 138.04
1764.00 141.77
1765.00 145.25
1766.00 150.98
1767.00 155.33
1768.00 159.17
1769.00 160.56
1770.00 159.35
1771.00 155.13
1772.00 149.93
1773.00 145.07
1774.00 140.17
1775.00 138.62
1776.00 138.78
1777.00 139.10
1778.00 139.26
1779.00 140.08
1780.00 141.37
1781.00 143.06
1782.00 143.59
1783.00 143.59
1784.00 143.31
1785.00 142.62
1786.00 142.53
1787.00 141.84
1788.00 142.04
1789.00 142.11
1790.00 142.14
1791.00 142.18
1792.00 142.74
1793.00 142.51
1794.00 142.57
1795.00 142.55
1796.00 142.48
1797.00 142.89
1798.00 143.62
1799.00 145.12
1800.00 145.95
1801.00 145.44
1802.00 144.50
1803.00 142.98
1804.00 141.76
1805.00 140.70
1806.00 139.35
1807.00 139.51
1808.00 139.95
1809.00 140.84
1810.00 140.94
1811.00 142.38
1812.00 143.77
1813.00 144.14
1814.00 144.01
1815.00 144.04
1816.00 144.17
1817.00 143.77
1818.00 143.86
1819.00 143.11
1820.00 142.82
1821.00 143.21
1822.00 143.00
1823.00 142.83
1824.00 142.70
1825.00 143.13
1826.00 142.46
1827.00 142.93
1828.00 142.44
1829.00 142.41
1830.00 142.81
1831.00 143.83
1832.00 146.58
1833.00 149.40
1834.00 153.85
1835.00 156.74
1836.00 160.05
1837.00 162.55
1838.00 163.68
1839.00 163.96
1840.00 163.30
1841.00 160.72
1842.00 159.30
1843.00 157.27
1844.00 154.97
1845.00 153.49
1846.00 152.73
1847.00 153.04
1848.00 153.71
1849.00 154.79
1850.00 155.93
1851.00 156.52
1852.00 157.15
1853.00 157.23
1854.00 156.80
1855.00 156.20
1856.00 155.52
1857.00 154.59
1858.00 154.18
1859.00 154.32
1860.00 155.16
1861.00 156.33
1862.00 159.64
1863.00 165.14
1864.00 168.26
1865.00 173.55
1866.00 177.41
1867.00 182.28
1868.00 185.80
1869.00 187.05
1870.00 184.07
1871.00 179.96
1872.00 175.26
1873.00 170.34
1874.00 167.21
1875.00 167.10
1876.00 167.29
1877.00 167.93
1878.00 168.36
1879.00 168.71
1880.00 168.95
1881.00 168.73
1882.00 169.40
1883.00 170.88
1884.00 171.86
1885.00 172.32
1886.00 172.21
1887.00 171.92
1888.00 171.59
1889.00 171.18
1890.00 171.08
1891.00 171.22
1892.00 171.27
1893.00 171.72
1894.00 170.95
1895.00 170.22
1896.00 170.11
1897.00 170.05
1898.00 169.97
1899.00 170.46
1900.00 171.62
1901.00 173.60
1902.00 175.08
1903.00 178.93
1904.00 184.25
1905.00 195.24
1906.00 204.33
1907.00 212.48
1908.00 219.20
1909.00 219.67
1910.00 210.90
1911.00 204.63
1912.00 192.85
1913.00 185.75
1914.00 183.22
1915.00 182.10
1916.00 181.51
1917.00 181.27
1918.00 181.25
1919.00 181.22
1920.00 181.03
1921.00 180.51
1922.00 179.52
1923.00 176.60
1924.00 173.02
1925.00 169.91
1926.00 168.23
1927.00 166.28
1928.00 163.37
1929.00 160.50
1930.00 156.22
1931.00 229.34
1932.00 0.00
1933.00 0.00
1934.00 0.00
1935.00 0.00
1936.00 0.00
1937.00 0.00
1938.00 0.00
1939.00 0.00
1940.00 0.00
1941.00 0.00
1942.00 0.00
1943.00 0.00
1944.00 0.00
1945.00 0.00
1946.00 0.00
1947.00 0.00
1948.00 0.00
1949.00 0.00
1950.00 0.00
1951.00 0.00
1952.00 0.00
1953.00 0.00
1954.00 0.00
1955.00 0.00
1956.00 0.00
1957.00 0.00
1958.00 0.00
1959.00 0.00
1960.00 0.00
1961.00 0.00
1962.00 0.00
1963.00 0.00
1964.00 0.00
1965.00 0.00
1966.00 0.00
1967.00 0.00
1968.00 0.00
1969.00 0.00
1970.00 0.00
1971.00 0.00
1972.00 0.00
1973.00 0.00
1974.00 0.00
1975.00 0.00
1976.00 0.00
1977.00 0.00
1978.00 0.00
1979.00 0.00
1980.00 0.00
1981.00 0.00
1982.00 0.00
1983.00 144.90
1984.00 145.91
1985.00 145.99
1986.00 145.51
1987.00 145.40
1988.00 144.60
1989.00 143.32
1990.00 142.56
1991.00 142.06
1992.00 141.84
1993.00 142.30
1994.00 142.09
1995.00 142.49
1996.00 142.74
1997.00 142.45
1998.00 142.17
1999.00 142.19
2000.00 142.26
2001.00 142.55
2002.00 142.72
2003.00 143.45
2004.00 143.95
2005.00 144.41
2006.00 144.64
2007.00 144.43
2008.00 144.40
2009.00 144.44
2010.00 144.42
2011.00 144.34
2012.00 143.92
2013.00 143.38
2014.00 142.68
2015.00 141.36
2016.00 140.88
2017.00 140.92
2018.00 141.29
2019.00 141.30
2020.00 141.62
2021.00 142.18
2022.00 142.00
2023.00 142.55
2024.00 143.07
2025.00 143.31
2026.00 143.52
2027.00 143.91
2028.00 144.03
2029.00 143.92
2030.00 143.14
2031.00 142.55
2032.00 142.09
2033.00 141.65
2034.00 141.87
2035.00 142.74
2036.00 143.72
2037.00 143.85
2038.00 143.32
2039.00 142.96
2040.00 143.24
2041.00 143.79
2042.00 144.37
2043.00 144.75
2044.00 144.68
2045.00 144.81
2046.00 142.30
2047.00 140.04
2048.00 137.89
2049.00 138.72
2050.00 140.70
2051.00 155.54
2052.00 155.07
2053.00 159.86
2054.00 165.11
2055.00 168.67
2056.00 169.24
2057.00 168.43
2058.00 166.12
2059.00 160.79
2060.00 157.80
2061.00 156.00
2062.00 154.02
2063.00 152.72
2064.00 152.72
2065.00 153.50
2066.00 154.98
2067.00 155.76
2068.00 156.81
2069.00 159.21
2070.00 161.16
2071.00 161.60
2072.00 161.54
2073.00 161.18
2074.00 161.11
2075.00 160.66
2076.00 159.39
2077.00 157.81
2078.00 157.35
2079.00 157.29
2080.00 158.14
2081.00 159.64
2082.00 159.60
2083.00 159.10
2084.00 157.70
2085.00 156.86
2086.00 156.40
2087.00 156.64
2088.00 157.66
2089.00 158.32
2090.00 158.84
2091.00 159.49
2092.00 157.99
2093.00 157.29
2094.00 156.81
2095.00 156.35
2096.00 155.46
2097.00 154.32
2098.00 154.20
2099.00 154.56
2100.00 154.68
2101.00 153.85
2102.00 152.73
2103.00 153.01
2104.00 153.97
2105.00 155.11
2106.00 155.07
2107.00 155.18
2108.00 155.74
2109.00 156.09
2110.00 156.07
2111.00 155.55
2112.00 154.95
2113.00 154.62
2114.00 154.49
2115.00 153.97
2116.00 153.34
2117.00 152.77
2118.00 152.01
2119.00 150.07
2120.00 149.14
2121.00 150.94
2122.00 157.79
2123.00 161.29
2124.00 168.75
2125.00 174.79
2126.00 177.48
2127.00 179.53
2128.00 180.02
2129.00 179.56
2130.00 179.02
2131.00 177.01
2132.00 175.17
2133.00 172.92
2134.00 172.09
2135.00 171.77
2136.00 172.25
2137.00 173.06
2138.00 173.98
2139.00 174.36
2140.00 175.61
2141.00 176.40
2142.00 176.60
2143.00 176.51
2144.00 175.60
2145.00 175.12
2146.00 175.00
2147.00 174.37
2148.00 173.85
2149.00 173.39
2150.00 172.68
2151.00 171.70
2152.00 171.15
2153.00 171.22
2154.00 171.56
2155.00 172.44
2156.00 173.62
2157.00 174.27
2158.00 174.79
2159.00 174.79
2160.00 174.69
2161.00 174.35
2162.00 174.84
2163.00 175.08
2164.00 175.78
2165.00 174.91
2166.00 174.58
2167.00 173.33
2168.00 173.05
2169.00 172.62
2170.00 172.84
2171.00 173.19
2172.00 173.78
2173.00 173.72
2174.00 173.61
2175.00 173.63
2176.00 173.55
2177.00 173.54
2178.00 173.92
2179.00 174.08
2180.00 173.58
2181.00 173.71
2182.00 173.03
2183.00 173.57
2184.00 173.43
2185.00 173.85
2186.00 173.50
2187.00 173.17
2188.00 171.48
2189.00 169.71
2190.00 166.92
2191.00 165.36
2192.00 164.04
2193.00 167.15
2194.00 172.88
2195.00 178.59
2196.00 185.06
2197.00 189.05
2198.00 192.37
2199.00 194.29
2200.00 193.90
2201.00 191.23
2202.00 187.84
2203.00 185.82
2204.00 185.32
2205.00 185.23
2206.00 185.79
2207.00 186.65
2208.00 187.52
2209.00 187.76
2210.00 187.93
2211.00 187.59
2212.00 186.73
2213.00 185.32
2214.00 183.13
2215.00 178.12
2216.00 0.00
2217.00 0.00
2218.00 0.00
2219.00 0.00
2220.00 0.00
2221.00 0.00
2222.00 0.00
2223.00 0.00
2224.00 0.00
2225.00 0.00
2226.00 0.00
2227.00 0.00
2228.00 0.00
2229.00 0.00
2230.00 0.00
2231.00 0.00
2232.00 0.00
2233.00 0.00
2234.00 0.00
2235.00 0.00
2236.00 0.00
2237.00 0.00
2238.00 0.00
2239.00 0.00
2240.00 0.00
2241.00 0.00
2242.00 0.00
2243.00 0.00
2244.00 0.00
2245.00 0.00
2246.00 0.00
2247.00 0.00
2248.00 0.00
2249.00 0.00
2250.00 0.00
2251.00 0.00
2252.00 175.08
2253.00 172.17
2254.00 167.23
2255.00 165.61
2256.00 164.50
2257.00 164.63
2258.00 168.04
2259.00 172.64
2260.00 178.79
2261.00 185.54
2262.00 189.91
2263.00 195.84
2264.00 201.43
2265.00 207.21
2266.00 210.21
2267.00 211.06
2268.00 210.97
2269.00 209.13
2270.00 206.99
2271.00 205.18
2272.00 204.35
2273.00 204.45
2274.00 206.43
2275.00 208.03
2276.00 210.22
2277.00 212.24
2278.00 213.73
2279.00 213.75
2280.00 212.81
2281.00 212.69
2282.00 212.29
2283.00 211.10
2284.00 209.92
2285.00 209.33
2286.00 209.14
2287.00 209.03
2288.00 209.11
2289.00 209.31
2290.00 210.75
2291.00 211.75
2292.00 212.72
2293.00 213.52
2294.00 214.16
2295.00 214.54
2296.00 215.66
2297.00 216.52
2298.00 216.67
2299.00 216.32
2300.00 216.14
2301.00 216.02
2302.00 215.20
2303.00 214.27
2304.00 213.55
2305.00 212.61
2306.00 212.04
2307.00 211.65
2308.00 211.98
2309.00 212.59
2310.00 212.92
2311.00 213.13
2312.00 213.11
2313.00 212.70
2314.00 212.32
2315.00 211.70
2316.00 211.48
2317.00 212.24
2318.00 212.49
2319.00 212.65
2320.00 212.66
2321.00 212.24
2322.00 211.90
2323.00 211.54
2324.00 211.21
2325.00 211.55
2326.00 211.88
2327.00 212.37
2328.00 212.55
2329.00 212.42
2330.00 213.23
2331.00 214.05
2332.00 214.39
2333.00 214.38
2334.00 214.71
2335.00 214.44
2336.00 213.67
2337.00 212.77
2338.00 212.83
2339.00 214.80
2340.00 219.85
2341.00 230.14
2342.00 230.86
2343.00 230.76
2344.00 230.88
2345.00 229.56
2346.00 228.68
2347.00 229.22
2348.00 227.52
2349.00 227.10
2350.00 228.01
2351.00 229.60
2352.00 228.88
2353.00 228.69
2354.00 228.78
2355.00 228.20
2356.00 227.65
2357.00 227.48
2358.00 227.31
2359.00 226.53
2360.00 224.46
2361.00 220.38
2362.00 218.50
2363.00 215.27
2364.00 212.97
2365.00 209.91
2366.00 207.75
2367.00 205.55
2368.00 203.74
2369.00 202.71
2370.00 201.42
2371.00 200.89
2372.00 200.56
2373.00 200.88
2374.00 201.17
2375.00 201.61
2376.00 201.67
2377.00 201.54
2378.00 201.32
2379.00 200.37
2380.00 198.86
2381.00 198.38
2382.00 197.42
2383.00 196.25
2384.00 194.85
2385.00 193.24
2386.00 192.70
2387.00 192.37
2388.00 192.30
2389.00 192.85
2390.00 193.37
2391.00 194.16
2392.00 194.89
2393.00 196.61
2394.00 197.22
2395.00 197.16
2396.00 197.17
2397.00 196.66
2398.00 195.19
2399.00 192.91
2400.00 189.94
2401.00 186.42
2402.00 184.72
2403.00 183.37
2404.00 181.09
2405.00 178.61
2406.00 174.96
2407.00 173.08
2408.00 172.71
2409.00 173.40
2410.00 173.73
2411.00 173.58
2412.00 173.91
2413.00 174.54
2414.00 174.94
2415.00 174.93
2416.00 174.65
2417.00 174.27
2418.00 173.86
2419.00 173.08
2420.00 172.77
2421.00 172.86
2422.00 172.46
2423.00 170.91
2424.00 169.79
2425.00 168.00
2426.00 164.66
2427.00 159.17
2428.00 156.69
2429.00 152.82
2430.00 151.17
2431.00 150.10
2432.00 150.81
2433.00 152.77
2434.00 154.54
2435.00 156.11
2436.00 157.28
2437.00 158.65
2438.00 160.37
2439.00 161.40
2440.00 161.76
2441.00 161.65
2442.00 160.81
2443.00 160.54
2444.00 160.24
2445.00 159.97
2446.00 160.03
2447.00 160.06
2448.00 160.13
2449.00 159.34
2450.00 158.51
2451.00 158.09
2452.00 157.81
2453.00 157.14
2454.00 156.63
2455.00 155.22
2456.00 154.61
2457.00 155.29
2458.00 157.54
2459.00 160.74
2460.00 165.50
2461.00 169.29
2462.00 171.85
2463.00 173.41
2464.00 173.65
2465.00 172.87
2466.00 171.87
2467.00 171.41
2468.00 170.97
2469.00 170.65
2470.00 170.10
2471.00 170.05
2472.00 170.50
2473.00 171.07
2474.00 171.99
2475.00 172.81
2476.00 173.55
2477.00 173.69
2478.00 173.62
2479.00 173.16
2480.00 173.01
2481.00 172.75
2482.00 172.80
2483.00 173.46
2484.00 174.26
2485.00 174.49
2486.00 173.99
2487.00 173.32
2488.00 173.17
2489.00 173.25
2490.00 173.85
2491.00 174.21
2492.00 174.12
2493.00 173.61
2494.00 172.95
2495.00 172.49
2496.00 172.42
2497.00 172.27
2498.00 172.98
2499.00 173.24
2500.00 172.83
2501.00 172.45
2502.00 171.20
2503.00 170.29
2504.00 170.35
2505.00 170.38
2506.00 170.58
2507.00 170.40
2508.00 171.12
2509.00 171.36
2510.00 172.30
2511.00 172.43
2512.00 172.26
2513.00 172.24
2514.00 171.31
2515.00 170.78
2516.00 169.29
2517.00 168.87
2518.00 168.68
2519.00 168.26
2520.00 168.68
2521.00 168.13
2522.00 168.22
2523.00 169.62
2524.00 171.84
2525.00 175.44
2526.00 179.45
2527.00 182.85
2528.00 186.89
2529.00 190.48
2530.00 196.25
2531.00 199.22
2532.00 189.23
2533.00 188.03
2534.00 178.03
2535.00 172.33
2536.00 167.86
2537.00 165.56
2538.00 164.36
2539.00 164.29
2540.00 164.70
2541.00 165.81
2542.00 167.27
2543.00 169.10
2544.00 171.43
2545.00 172.94
2546.00 173.61
2547.00 173.70
2548.00 173.22
2549.00 172.70
2550.00 171.82
2551.00 171.16
2552.00 170.84
2553.00 170.67
2554.00 171.20
2555.00 171.64
2556.00 172.38
2557.00 173.02
2558.00 173.43
2559.00 173.18
2560.00 172.70
2561.00 172.05
2562.00 171.58
2563.00 172.06
2564.00 172.44
2565.00 172.52
2566.00 172.22
2567.00 172.03
2568.00 172.10
2569.00 171.84
2570.00 172.08
2571.00 171.92
2572.00 172.60
2573.00 172.78
2574.00 172.29
2575.00 172.29
2576.00 172.17
2577.00 171.68
2578.00 171.89
2579.00 171.93
2580.00 173.12
2581.00 173.69
2582.00 174.20
2583.00 174.13
2584.00 174.01
2585.00 173.78
2586.00 173.67
2587.00 174.10
2588.00 174.41
2589.00 175.25
2590.00 174.15
2591.00 173.27
2592.00 171.79
2593.00 170.88
2594.00 170.82
2595.00 171.15
2596.00 172.31
2597.00 172.62
2598.00 172.10
2599.00 171.67
2600.00 171.98
2601.00 172.73
2602.00 173.20
2603.00 173.70
2604.00 173.86
2605.00 173.60
2606.00 173.37
2607.00 172.90
2608.00 172.10
2609.00 171.94
2610.00 171.89
2611.00 172.22
2612.00 172.51
2613.00 172.62
2614.00 172.25
2615.00 172.40
2616.00 173.31
2617.00 174.08
2618.00 174.55
2619.00 173.70
2620.00 172.38
2621.00 170.57
2622.00 167.84
2623.00 164.21
2624.00 161.62
2625.00 161.73
2626.00 165.46
2627.00 172.55
2628.00 179.63
2629.00 186.00
2630.00 191.51
2631.00 196.48
2632.00 199.27
2633.00 199.17
2634.00 195.66
2635.00 192.95
2636.00 190.18
2637.00 188.81
2638.00 188.30
2639.00 188.84
2640.00 189.19
2641.00 189.62
2642.00 190.68
2643.00 191.20
2644.00 192.17
2645.00 192.96
2646.00 192.86
2647.00 191.84
2648.00 191.57
2649.00 191.58
2650.00 191.07
2651.00 190.13
2652.00 187.88
2653.00 187.39
2654.00 186.37
2655.00 185.40
2656.00 185.33
2657.00 186.92
2658.00 188.81
2659.00 190.84
2660.00 191.28
2661.00 192.88
2662.00 194.78
2663.00 198.62
2664.00 203.35
2665.00 205.68
2666.00 205.92
2667.00 202.44
2668.00 201.11
2669.00 196.46
2670.00 192.68
2671.00 190.35
2672.00 188.41
2673.00 186.94
2674.00 186.56
2675.00 187.55
2676.00 188.75
2677.00 189.50
2678.00 192.09
2679.00 193.98
2680.00 194.57
2681.00 193.80
2682.00 193.20
2683.00 193.06
2684.00 192.72
2685.00 192.51
2686.00 191.72
2687.00 191.11
2688.00 190.59
2689.00 189.78
2690.00 189.01
2691.00 188.89
2692.00 188.91
2693.00 189.76
2694.00 190.28
2695.00 190.79
2696.00 191.05
2697.00 190.69
2698.00 190.19
2699.00 190.15
2700.00 189.81
2701.00 193.24
2702.00 194.32
2703.00 193.93
2704.00 193.60
2705.00 193.01
2706.00 193.08
2707.00 193.06
2708.00 192.47
2709.00 191.20
2710.00 190.22
2711.00 189.24
2712.00 188.96
2713.00 188.95
2714.00 188.92
2715.00 189.73
2716.00 190.43
2717.00 191.21
2718.00 192.23
2719.00 192.57
2720.00 193.18
2721.00 193.79
2722.00 194.36
2723.00 194.24
2724.00 193.55
2725.00 193.00
2726.00 192.19
2727.00 186.78
2728.00 185.82
2729.00 175.75
2730.00 173.10
2731.00 171.08
2732.00 171.58
2733.00 173.21
2734.00 182.04
2735.00 193.62
2736.00 202.55
2737.00 206.54
2738.00 218.15
2739.00 220.50
2740.00 220.25
2741.00 218.00
2742.00 214.85
2743.00 213.18
2744.00 213.17
2745.00 213.10
2746.00 213.17
2747.00 213.02
2748.00 212.45
2749.00 211.68
2750.00 211.04
2751.00 209.63
2752.00 207.90
2753.00 207.00
2754.00 207.01
2755.00 207.46
2756.00 207.71
2757.00 208.30
2758.00 208.92
2759.00 207.74
2760.00 201.69
2761.00 0.00
2762.00 0.00
2763.00 0.00
2764.00 0.00
2765.00 0.00
2766.00 0.00
2767.00 0.00
2768.00 0.00
2769.00 0.00
2770.00 0.00
2771.00 0.00
2772.00 0.00
2773.00 0.00
2774.00 0.00
2775.00 0.00
2776.00 0.00
2777.00 0.00
2778.00 0.00
2779.00 0.00
2780.00 0.00
2781.00 0.00
2782.00 0.00
2783.00 0.00
2784.00 0.00
2785.00 0.00
2786.00 0.00
2787.00 0.00
2788.00 0.00
2789.00 0.00
2790.00 0.00
2791.00 0.00
2792.00 0.00
2793.00 0.00
2794.00 0.00
2795.00 0.00
2796.00 0.00
2797.00 0.00
2798.00 0.00
2799.00 0.00
2800.00 0.00
2801.00 182.03
2802.00 189.99
2803.00 198.74
2804.00 203.09
2805.00 205.31
2806.00 207.00
2807.00 206.63
2808.00 204.99
2809.00 203.50
2810.00 203.18
2811.00 203.48
2812.00 204.06
2813.00 204.90
2814.00 205.74
2815.00 206.43
2816.00 207.30
2817.00 207.98
2818.00 208.20
2819.00 208.19
2820.00 209.03
2821.00 210.36
2822.00 210.27
2823.00 210.22
2824.00 209.78
2825.00 208.25
2826.00 207.70
2827.00 207.30
2828.00 207.25
2829.00 207.48
2830.00 207.72
2831.00 208.03
2832.00 208.46
2833.00 209.04
2834.00 210.72
2835.00 213.23
2836.00 214.26
2837.00 213.95
2838.00 212.44
2839.00 211.21
2840.00 210.69
2841.00 210.03
2842.00 209.70
2843.00 209.26
2844.00 208.56
2845.00 208.54
2846.00 208.70
2847.00 208.84
2848.00 209.22
2849.00 208.98
2850.00 208.64
2851.00 208.50
2852.00 208.30
2853.00 208.72
2854.00 208.82
2855.00 208.45
2856.00 208.52
2857.00 208.10
2858.00 207.77
2859.00 207.65
2860.00 207.55
2861.00 207.77
2862.00 208.11
2863.00 208.41
2864.00 208.80
2865.00 209.06
2866.00 209.10
2867.00 209.63
2868.00 208.98
2869.00 208.05
2870.00 206.95
2871.00 203.90
2872.00 198.87
2873.00 181.90
2874.00 176.11
2875.00 175.26
2876.00 177.09
2877.00 182.43
2878.00 186.65
2879.00 190.71
2880.00 192.96
2881.00 194.35
2882.00 195.02
2883.00 194.96
2884.00 192.94
2885.00 191.98
2886.00 190.66
2887.00 189.45
2888.00 189.26
2889.00 189.36
2890.00 190.05
2891.00 190.92
2892.00 192.17
2893.00 192.45
2894.00 192.62
2895.00 192.37
2896.00 192.16
2897.00 192.26
2898.00 192.58
2899.00 192.95
2900.00 192.64
2901.00 192.19
2902.00 191.51
2903.00 191.53
2904.00 192.34
2905.00 193.68
2906.00 195.35
2907.00 197.54
2908.00 207.78
2909.00 209.53
2910.00 210.48
2911.00 208.34
2912.00 196.94
2913.00 198.96
2914.00 193.80
2915.00 185.81
2916.00 184.50
2917.00 184.33
2918.00 185.44
2919.00 188.07
2920.00 190.76
2921.00 192.98
2922.00 194.45
2923.00 195.28
2924.00 195.27
2925.00 195.05
2926.00 194.52
2927.00 194.02
2928.00 193.74
2929.00 193.75
2930.00 194.56
2931.00 196.28
2932.00 197.48
2933.00 198.12
2934.00 198.49
2935.00 198.17
2936.00 197.71
2937.00 196.49
2938.00 194.72
2939.00 192.25
2940.00 187.34
2941.00 184.70
2942.00 178.87
2943.00 174.60
2944.00 174.59
2945.00 176.34
2946.00 180.68
2947.00 187.88
2948.00 196.35
2949.00 204.94
2950.00 210.12
2951.00 217.15
2952.00 221.05
2953.00 221.57
2954.00 219.38
2955.00 216.38
2956.00 214.15
2957.00 212.59
2958.00 211.80
2959.00 211.35
2960.00 212.14
2961.00 214.04
2962.00 215.55
2963.00 216.60
2964.00 217.51
2965.00 218.08
2966.00 218.54
2967.00 218.31
2968.00 217.85
2969.00 217.22
2970.00 216.84
2971.00 216.49
2972.00 215.86
2973.00 215.42
2974.00 214.85
2975.00 214.52
2976.00 214.23
2977.00 214.50
2978.00 215.00
2979.00 214.95
2980.00 215.08
2981.00 215.12
2982.00 215.35
2983.00 215.34
2984.00 215.34
2985.00 215.53
2986.00 215.84
2987.00 215.54
2988.00 214.89
2989.00 214.27
2990.00 213.81
2991.00 214.02
2992.00 214.77
2993.00 214.42
2994.00 214.36
2995.00 214.50
2996.00 214.88
2997.00 214.97
2998.00 215.11
2999.00 215.09
3000.00 215.30
3001.00 215.52
3002.00 215.89
3003.00 215.84
3004.00 215.72
3005.00 216.04
3006.00 215.78
3007.00 214.77
3008.00 211.83
3009.00 203.78
3010.00 183.94
3011.00 182.02
3012.00 181.59
3013.00 185.86
3014.00 191.99
3015.00 202.39
3016.00 225.92
3017.00 235.48
3018.00 246.35
3019.00 248.76
3020.00 245.58
3021.00 241.49
3022.00 239.31
3023.00 235.85
3024.00 233.58
3025.00 232.66
3026.00 231.97
3027.00 232.80
3028.00 234.23
3029.00 235.58
3030.00 235.95
3031.00 235.89
3032.00 236.65
3033.00 237.37
3034.00 238.05
3035.00 238.96
3036.00 239.07
3037.00 238.68
3038.00 237.76
3039.00 236.98
3040.00 236.50
3041.00 236.72
3042.00 236.95
3043.00 237.39
3044.00 237.23
3045.00 236.86
3046.00 236.18
3047.00 235.53
3048.00 234.93
3049.00 234.30
3050.00 233.93
3051.00 233.77
3052.00 233.92
3053.00 234.09
3054.00 234.32
3055.00 234.00
3056.00 233.31
3057.00 232.93
3058.00 232.73
3059.00 232.47
3060.00 232.11
3061.00 231.62
3062.00 231.67
3063.00 233.17
3064.00 234.58
3065.00 235.52
3066.00 236.29
3067.00 236.68
3068.00 236.72
3069.00 237.63
3070.00 238.15
3071.00 237.47
3072.00 233.79
3073.00 221.48
3074.00 198.05
3075.00 189.85
3076.00 95.55
3077.00 201.17
3078.00 204.33
3079.00 209.92
3080.00 222.69
3081.00 254.30
3082.00 264.76
3083.00 266.95
3084.00 264.28
3085.00 260.62
3086.00 255.84
3087.00 251.73
3088.00 249.34
3089.00 249.17
3090.00 249.67
3091.00 250.38
3092.00 251.35
3093.00 253.31
3094.00 255.45
3095.00 256.59
3096.00 257.24
3097.00 257.33
3098.00 257.06
3099.00 256.82
3100.00 255.74
3101.00 254.92
3102.00 254.58
3103.00 254.38
3104.00 253.95
3105.00 253.55
3106.00 253.58
3107.00 254.58
3108.00 255.33
3109.00 256.00
3110.00 256.02
3111.00 255.86
3112.00 255.89
3113.00 256.02
3114.00 256.09
3115.00 256.08
3116.00 255.81
3117.00 255.38
3118.00 254.84
3119.00 254.72
3120.00 254.98
3121.00 255.25
3122.00 255.21
3123.00 255.11
3124.00 254.97
3125.00 254.90
3126.00 255.28
3127.00 255.59
3128.00 256.74
3129.00 258.27
3130.00 259.54
3131.00 260.82
3132.00 261.72
3133.00 262.13
3134.00 261.60
3135.00 260.75
3136.00 259.96
3137.00 259.06
3138.00 258.30
3139.00 257.83
3140.00 256.66
3141.00 255.91
3142.00 255.64
3143.00 255.44
3144.00 255.38
3145.00 255.75
3146.00 256.53
3147.00 257.86
3148.00 259.37
3149.00 260.43
3150.00 261.07
3151.00 260.97
3152.00 260.41
3153.00 259.87
3154.00 259.45
3155.00 259.34
3156.00 259.19
3157.00 258.98
3158.00 258.44
3159.00 258.09
3160.00 258.21
3161.00 258.17
3162.00 258.25
3163.00 258.57
3164.00 258.55
3165.00 258.42
3166.00 258.20
3167.00 257.94
3168.00 257.99
3169.00 258.39
3170.00 258.70
3171.00 259.32
3172.00 259.67
3173.00 260.04
3174.00 260.83
3175.00 261.00
3176.00 260.96
3177.00 260.26
3178.00 259.41
3179.00 258.71
3180.00 258.40
3181.00 258.46
3182.00 258.55
3183.00 258.37
3184.00 258.40
3185.00 258.44
3186.00 257.47
3187.00 256.97
3188.00 256.77
3189.00 257.24
3190.00 257.98
3191.00 258.41
3192.00 258.48
3193.00 258.01
3194.00 257.69
3195.00 257.80
3196.00 258.08
3197.00 258.38
3198.00 258.67
3199.00 258.22
3200.00 258.02
3201.00 257.98
3202.00 257.83
3203.00 257.68
3204.00 257.96
3205.00 257.99
3206.00 257.75
3207.00 257.19
3208.00 257.13
3209.00 257.63
3210.00 258.14
3211.00 258.70
3212.00 258.75
3213.00 258.33
3214.00 257.76
3215.00 257.53
3216.00 257.97
3217.00 257.64
3218.00 255.29
3219.00 250.86
3220.00 245.55
3221.00 241.23
3222.00 254.34
3223.00 257.61
3224.00 258.46
3225.00 257.93
3226.00 0.00
3227.00 0.00
3228.00 0.00
3229.00 0.00
3230.00 0.00
3231.00 0.00
3232.00 0.00
3233.00 0.00
3234.00 0.00
3235.00 0.00
3236.00 0.00
3237.00 0.00
3238.00 0.00
3239.00 0.00
3240.00 0.00
3241.00 0.00
3242.00 0.00
3243.00 0.00
3244.00 0.00
3245.00 0.00
3246.00 0.00
3247.00 0.00
3248.00 0.00
3249.00 0.00
3250.00 0.00
3251.00 0.00
3252.00 0.00
3253.00 0.00
3254.00 0.00
3255.00 0.00
3256.00 0.00
3257.00 0.00
3258.00 0.00
3259.00 0.00
3260.00 0.00
3261.00 0.00
3262.00 0.00
3263.00 0.00
3264.00 0.00
3265.00 0.00
3266.00 0.00
3267.00 0.00
3268.00 0.00
3269.00 0.00
3270.00 0.00
3271.00 0.00
3272.00 0.00
3273.00 0.00
3274.00 0.00
3275.00 0.00
3276.00 0.00
3277.00 0.00
3278.00 0.00
3279.00 0.00
3280.00 0.00
3281.00 0.00
3282.00 0.00
3283.00 0.00
3284.00 0.00
3285.00 0.00
3286.00 0.00
3287.00 0.00
3288.00 0.00
3289.00 0.00
3290.00 0.00
3291.00 0.00
3292.00 0.00
3293.00 0.00
3294.00 0.00
3295.00 0.00
3296.00 0.00
3297.00 0.00
3298.00 0.00
3299.00 0.00
3300.00 0.00
3301.00 0.00
3302.00 0.00
3303.00 0.00
3304.00 0.00
3305.00 0.00
3306.00 128.63
3307.00 134.57
3308.00 138.52
3309.00 144.45
3310.00 148.71
3311.00 152.20
3312.00 157.30
3313.00 161.03
3314.00 164.38
3315.00 167.39
3316.00 168.36
3317.00 168.95
3318.00 168.96
3319.00 168.82
3320.00 168.99
3321.00 169.16
3322.00 169.53
3323.00 170.50
3324.00 171.02
3325.00 171.46
3326.00 172.04
3327.00 172.18
3328.00 172.26
3329.00 173.13
3330.00 174.20
3331.00 175.42
3332.00 176.18
3333.00 176.05
3334.00 175.40
3335.00 174.19
3336.00 173.63
3337.00 173.70
3338.00 173.70
3339.00 173.44
3340.00 173.12
3341.00 173.14
3342.00 173.26
3343.00 173.18
3344.00 173.05
3345.00 173.83
3346.00 174.59
3347.00 174.84
3348.00 174.49
3349.00 174.06
3350.00 174.24
3351.00 174.27
3352.00 173.92
3353.00 173.59
3354.00 173.23
3355.00 173.17
3356.00 173.17
3357.00 173.52
3358.00 173.73
3359.00 173.92
3360.00 174.34
3361.00 174.91
3362.00 175.13
3363.00 175.01
3364.00 174.77
3365.00 174.84
3366.00 175.46
3367.00 175.35
3368.00 174.87
3369.00 174.40
3370.00 173.69
3371.00 173.07
3372.00 172.76
3373.00 172.68
3374.00 173.46
3375.00 173.99
3376.00 173.89
3377.00 173.10
3378.00 172.49
3379.00 171.98
3380.00 171.94
3381.00 172.09
3382.00 172.77
3383.00 173.17
3384.00 173.09
3385.00 172.68
3386.00 172.65
3387.00 173.07
3388.00 173.37
3389.00 174.10
3390.00 175.67
3391.00 176.71
3392.00 177.47
3393.00 178.97
3394.00 179.90
3395.00 182.50
3396.00 184.35
3397.00 187.18
3398.00 188.32
3399.00 187.76
3400.00 185.02
3401.00 180.25
3402.00 175.44
3403.00 169.91
3404.00 167.03
3405.00 166.11
3406.00 166.52
3407.00 167.30
3408.00 168.43
3409.00 169.78
3410.00 171.44
3411.00 173.16
3412.00 173.63
3413.00 173.64
3414.00 173.81
3415.00 173.56
3416.00 173.41
3417.00 172.90
3418.00 172.32
3419.00 172.69
3420.00 172.88
3421.00 172.70
3422.00 172.85
3423.00 172.60
3424.00 172.26
3425.00 172.55
3426.00 172.78
3427.00 172.62
3428.00 172.80
3429.00 173.21
3430.00 173.70
3431.00 173.96
3432.00 174.19
3433.00 175.26
3434.00 176.32
3435.00 177.77
3436.00 179.42
3437.00 179.98
3438.00 179.92
3439.00 179.13
3440.00 178.11
3441.00 175.57
3442.00 172.48
3443.00 170.16
3444.00 168.98
3445.00 168.72
3446.00 169.06
3447.00 169.54
3448.00 169.46
3449.00 169.69
3450.00 170.08
3451.00 171.13
3452.00 172.35
3453.00 173.26
3454.00 173.35
3455.00 172.91
3456.00 172.22
3457.00 171.57
3458.00 171.65
3459.00 172.37
3460.00 173.31
3461.00 174.09
3462.00 174.07
3463.00 173.33
3464.00 172.96
3465.00 172.91
3466.00 173.38
3467.00 174.34
3468.00 174.80
3469.00 175.02
3470.00 175.58
3471.00 174.72
3472.00 174.32
3473.00 173.71
3474.00 173.10
3475.00 172.60
3476.00 172.67
3477.00 172.89
3478.00 173.36
3479.00 173.42
3480.00 173.76
3481.00 174.10
3482.00 173.82
3483.00 173.59
3484.00 173.54
3485.00 173.59
3486.00 173.47
3487.00 173.37
3488.00 173.33
3489.00 173.16
3490.00 172.66
3491.00 172.35
3492.00 171.98
3493.00 171.56
3494.00 171.43
3495.00 171.79
3496.00 172.36
3497.00 173.05
3498.00 173.68
3499.00 174.41
3500.00 174.45
3501.00 174.47
3502.00 174.59
3503.00 174.46
3504.00 174.20
3505.00 173.63
3506.00 173.36
3507.00 173.16
3508.00 173.00
3509.00 172.90
3510.00 173.26
3511.00 173.22
3512.00 173.33
3513.00 173.42
3514.00 173.18
3515.00 172.93
3516.00 172.73
3517.00 173.50
3518.00 174.02
3519.00 173.75
3520.00 172.84
3521.00 172.17
3522.00 171.52
3523.00 171.46
3524.00 171.89
3525.00 172.30
3526.00 172.74
3527.00 173.01
3528.00 172.72
3529.00 172.92
3530.00 173.92
3531.00 174.47
3532.00 174.69
3533.00 174.43
3534.00 174.55
3535.00 174.66
3536.00 174.17
3537.00 176.36
3538.00 179.89
3539.00 186.29
3540.00 210.85
3541.00 210.25
3542.00 222.74
3543.00 232.47
3544.00 236.67
3545.00 237.31
3546.00 235.06
3547.00 227.74
3548.00 216.83
3549.00 213.43
3550.00 205.57
3551.00 202.93
3552.00 201.11
3553.00 201.36
3554.00 202.18
3555.00 203.55
3556.00 205.14
3557.00 207.60
3558.00 209.03
3559.00 209.20
3560.00 208.85
3561.00 208.56
3562.00 208.87
3563.00 207.94
3564.00 207.03
3565.00 207.24
3566.00 207.39
3567.00 207.58
3568.00 208.15
3569.00 208.79
3570.00 208.49
3571.00 207.18
3572.00 206.28
3573.00 203.51
3574.00 201.35
3575.00 197.89
3576.00 195.56
3577.00 193.73
3578.00 192.30
3579.00 191.83
3580.00 191.65
3581.00 192.37
3582.00 193.05
3583.00 194.23
3584.00 194.50
3585.00 193.87
3586.00 193.18
3587.00 192.27
3588.00 191.58
3589.00 189.84
3590.00 189.31
3591.00 188.46
3592.00 187.68
3593.00 187.89
3594.00 188.11
3595.00 188.04
3596.00 188.42
3597.00 189.77
3598.00 191.34
3599.00 192.42
3600.00 193.34
3601.00 194.02
3602.00 193.41
3603.00 191.51
3604.00 187.66
3605.00 178.05
3606.00 175.06
3607.00 170.48
3608.00 165.11
3609.00 164.59
3610.00 165.73
3611.00 166.69
3612.00 167.65
3613.00 169.12
3614.00 170.76
3615.00 172.10
3616.00 173.55
3617.00 175.50
3618.00 176.42
3619.00 176.33
3620.00 175.73
3621.00 174.80
3622.00 174.20
3623.00 173.60
3624.00 172.82
3625.00 172.74
3626.00 172.05
3627.00 171.80
3628.00 171.32
3629.00 171.43
3630.00 171.60
3631.00 172.11
3632.00 172.81
3633.00 173.55
3634.00 173.92
3635.00 175.02
3636.00 175.97
3637.00 176.05
3638.00 176.31
3639.00 175.37
3640.00 171.35
3641.00 166.30
3642.00 160.81
3643.00 158.01
3644.00 151.98
3645.00 149.54
3646.00 148.34
3647.00 148.36
3648.00 148.20
3649.00 148.25
3650.00 148.39
3651.00 148.57
3652.00 148.97
3653.00 149.40
3654.00 148.92
3655.00 147.17
3656.00 145.27
3657.00 144.20
3658.00 143.63
3659.00 143.45
3660.00 142.89
3661.00 142.55
3662.00 142.41
3663.00 142.10
3664.00 142.27
3665.00 142.92
3666.00 143.93
3667.00 144.68
3668.00 145.03
3669.00 145.55
3670.00 147.07
3671.00 148.97
3672.00 150.38
3673.00 150.53
3674.00 147.83
3675.00 146.13
3676.00 143.25
3677.00 139.97
3678.00 138.26
3679.00 137.26
3680.00 136.75
3681.00 137.27
3682.00 136.58
3683.00 135.40
3684.00 134.80
3685.00 134.08
3686.00 133.10
3687.00 131.85
3688.00 131.65
3689.00 132.24
3690.00 132.36
3691.00 132.29
3692.00 131.82
3693.00 131.73
3694.00 131.20
3695.00 130.38
3696.00 129.80
3697.00 130.28
3698.00 131.36
3699.00 132.99
3700.00 135.03
3701.00 137.45
3702.00 139.64
3703.00 141.04
3704.00 144.31
3705.00 147.20
3706.00 150.57
3707.00 152.43
3708.00 153.28
3709.00 152.09
3710.00 149.54
3711.00 147.23
3712.00 143.27
3713.00 141.02
3714.00 138.67
3715.00 137.99
3716.00 138.22
3717.00 139.62
3718.00 140.56
3719.00 141.08
3720.00 141.77
3721.00 142.94
3722.00 143.76
3723.00 144.69
3724.00 145.29
3725.00 145.40
3726.00 145.57
3727.00 144.94
3728.00 144.16
3729.00 144.27
3730.00 144.55
3731.00 145.95
3732.00 149.12
3733.00 153.12
3734.00 156.22
3735.00 158.70
3736.00 161.35
3737.00 162.81
3738.00 163.35
3739.00 163.02
3740.00 161.47
3741.00 159.64
3742.00 156.50
3743.00 154.69
3744.00 153.53
3745.00 153.48
3746.00 153.81
3747.00 153.90
3748.00 154.96
3749.00 156.65
3750.00 157.94
3751.00 157.90
3752.00 157.71
3753.00 157.49
3754.00 157.78
3755.00 157.75
3756.00 157.01
3757.00 155.92
3758.00 156.02
3759.00 155.85
3760.00 156.22
3761.00 157.23
3762.00 157.32
3763.00 157.54
3764.00 157.66
3765.00 157.71
3766.00 157.21
3767.00 157.98
3768.00 160.54
3769.00 165.46
3770.00 170.24
3771.00 173.25
3772.00 177.99
3773.00 181.50
3774.00 182.86
3775.00 182.37
3776.00 178.50
3777.00 176.21
3778.00 174.52
3779.00 174.11
3780.00 173.78
3781.00 173.05
3782.00 172.33
3783.00 172.60
3784.00 173.80
3785.00 174.91
3786.00 175.75
3787.00 176.00
3788.00 175.87
3789.00 175.67
3790.00 174.98
3791.00 174.39
3792.00 174.11
3793.00 174.75
3794.00 180.79
3795.00 189.02
3796.00 198.17
3797.00 205.29
3798.00 211.06
3799.00 218.89
3800.00 223.03
3801.00 223.55
3802.00 221.16
3803.00 217.94
3804.00 215.71
3805.00 213.58
3806.00 213.03
3807.00 212.92
3808.00 213.85
3809.00 215.86
3810.00 217.86
3811.00 218.68
3812.00 218.97
3813.00 218.30
3814.00 217.29
3815.00 215.40
3816.00 212.45
3817.00 209.63
3818.00 207.44
3819.00 206.99
3820.00 207.98
3821.00 208.96
3822.00 210.00
3823.00 210.48
3824.00 211.20
3825.00 211.26
3826.00 212.12
3827.00 213.51
3828.00 212.85
3829.00 209.77
3830.00 205.31
3831.00 201.07
3832.00 197.31
3833.00 195.63
3834.00 195.28
3835.00 195.18
3836.00 195.90
3837.00 195.30
3838.00 194.52
3839.00 193.74
3840.00 194.17
3841.00 195.23
3842.00 195.77
3843.00 195.61
3844.00 194.86
3845.00 193.22
3846.00 192.12
3847.00 191.36
3848.00 190.95
3849.00 191.13
3850.00 191.93
3851.00 192.38
3852.00 193.31
3853.00 192.59
3854.00 193.69
3855.00 194.58
3856.00 195.30
3857.00 195.80
3858.00 194.89
3859.00 191.32
3860.00 188.42
3861.00 184.68
3862.00 179.00
3863.00 174.95
3864.00 174.54
3865.00 175.40
3866.00 176.34
3867.00 176.67
3868.00 177.74
3869.00 178.95
3870.00 179.40
3871.00 180.12
3872.00 179.74
3873.00 179.26
3874.00 177.94
3875.00 177.06
3876.00 175.77
3877.00 174.70
3878.00 173.79
3879.00 173.66
3880.00 173.70
3881.00 174.30
3882.00 175.48
3883.00 176.72
3884.00 177.57
3885.00 177.80
3886.00 177.46
3887.00 175.72
3888.00 174.34
3889.00 172.60
3890.00 171.08
3891.00 169.69
3892.00 167.49
3893.00 166.26
3894.00 165.78
3895.00 165.14
3896.00 164.28
3897.00 163.56
3898.00 162.72
3899.00 161.77
3900.00 161.04
3901.00 159.63
3902.00 156.30
3903.00 152.77
3904.00 149.17
3905.00 147.33
3906.00 145.97
3907.00 144.34
3908.00 143.92
3909.00 143.11
3910.00 142.90
3911.00 143.17
3912.00 143.48
3913.00 144.05
3914.00 144.16
3915.00 143.74
3916.00 143.08
3917.00 142.87
3918.00 141.64
3919.00 141.36
3920.00 140.59
3921.00 139.93
3922.00 139.29
3923.00 138.91
3924.00 139.07
3925.00 138.77
3926.00 138.46
3927.00 136.94
3928.00 131.91
3929.00 131.01
3930.00 124.16
3931.00 122.03
3932.00 121.24
3933.00 124.31
3934.00 126.53
3935.00 128.86
3936.00 131.21
3937.00 133.65
3938.00 135.02
3939.00 136.21
3940.00 135.36
3941.00 133.76
3942.00 132.31
3943.00 130.59
3944.00 129.97
3945.00 130.42
3946.00 130.84
3947.00 131.94
3948.00 132.95
3949.00 133.48
3950.00 134.69
3951.00 135.72
3952.00 134.74
3953.00 133.30
3954.00 130.73
3955.00 128.24
3956.00 126.52
3957.00 127.42
3958.00 128.88
3959.00 131.74
3960.00 135.27
3961.00 137.23
3962.00 138.69
3963.00 140.21
3964.00 142.23
3965.00 143.53
3966.00 143.36
3967.00 142.46
3968.00 141.69
3969.00 141.86
3970.00 142.69
3971.00 143.81
3972.00 144.69
3973.00 145.12
3974.00 146.05
3975.00 146.77
3976.00 147.41
3977.00 149.13
3978.00 150.81
3979.00 151.03
3980.00 150.58
3981.00 150.39
3982.00 149.90
3983.00 149.69
3984.00 149.34
3985.00 148.89
3986.00 148.26
3987.00 147.20
3988.00 146.21
3989.00 145.66
3990.00 145.97
3991.00 146.70
3992.00 147.23
3993.00 148.65
3994.00 149.19
3995.00 149.08
3996.00 149.02
3997.00 148.39
3998.00 147.63
3999.00 145.99
4000.00 144.83
4001.00 144.42
4002.00 144.01
4003.00 143.78
4004.00 142.72
4005.00 141.39
4006.00 140.63
4007.00 140.14
4008.00 139.58
4009.00 137.89
4010.00 136.23
4011.00 133.12
4012.00 129.92
4013.00 124.68
4014.00 122.50
4015.00 0.00
4016.00 0.00
4017.00 0.00
4018.00 0.00
4019.00 0.00
4020.00 0.00
4021.00 0.00
4022.00 0.00
4023.00 0.00
4024.00 0.00
4025.00 0.00
4026.00 0.00
4027.00 0.00
4028.00 0.00
4029.00 0.00
4030.00 0.00
4031.00 0.00
4032.00 0.00
4033.00 0.00
4034.00 0.00
4035.00 0.00
4036.00 0.00
4037.00 0.00
4038.00 0.00
4039.00 0.00
4040.00 0.00
4041.00 0.00
4042.00 0.00
4043.00 0.00
4044.00 0.00
4045.00 0.00
4046.00 0.00
4047.00 0.00
4048.00 0.00
4049.00 0.00
4050.00 0.00
4051.00 0.00
4052.00 0.00
4053.00 0.00
4054.00 0.00
4055.00 0.00
4056.00 0.00
4057.00 0.00
4058.00 0.00
4059.00 0.00
4060.00 0.00
4061.00 0.00
4062.00 0.00
4063.00 0.00
4064.00 0.00
4065.00 0.00
4066.00 0.00
4067.00 0.00
4068.00 0.00
4069.00 0.00
4070.00 0.00
4071.00 0.00
4072.00 0.00
4073.00 0.00
4074.00 0.00
4075.00 0.00
4076.00 0.00
4077.00 0.00
4078.00 0.00
4079.00 0.00
4080.00 0.00
4081.00 0.00
4082.00 0.00
4083.00 0.00
4084.00 0.00
4085.00 0.00
4086.00 0.00
4087.00 0.00
4088.00 0.00
4089.00 0.00
4090.00 122.34
4091.00 125.00
4092.00 126.83
4093.00 127.96
4094.00 128.41
4095.00 128.99
4096.00 128.52
4097.00 128.27
4098.00 128.12
4099.00 128.20
4100.00 128.01
4101.00 129.11
4102.00 129.23
4103.00 129.81
4104.00 130.70
4105.00 131.45
4106.00 132.03
4107.00 132.12
4108.00 132.39
4109.00 131.85
4110.00 131.60
4111.00 131.58
4112.00 131.26
4113.00 131.18
4114.00 131.02
4115.00 129.73
4116.00 128.70
4117.00 128.13
4118.00 128.08
4119.00 128.10
4120.00 128.23
4121.00 128.96
4122.00 129.31
4123.00 130.27
4124.00 131.24
4125.00 131.95
4126.00 132.75
4127.00 133.28
4128.00 133.72
4129.00 133.78
4130.00 133.21
4131.00 133.25
4132.00 133.45
4133.00 133.35
4134.00 133.79
4135.00 134.28
4136.00 135.13
4137.00 136.46
4138.00 137.13
4139.00 137.64
4140.00 138.24
4141.00 138.70
4142.00 138.44
4143.00 137.84
4144.00 137.94
4145.00 137.92
4146.00 137.70
4147.00 138.27
4148.00 140.11
4149.00 141.85
4150.00 146.14
4151.00 149.61
4152.00 153.72
4153.00 157.13
4154.00 158.71
4155.00 159.07
4156.00 157.94
4157.00 153.49
4158.00 150.36
4159.00 142.36
4160.00 136.23
4161.00 133.26
4162.00 132.19
4163.00 132.90
4164.00 134.32
4165.00 136.78
4166.00 138.77
4167.00 142.18
4168.00 143.86
4169.00 146.34
4170.00 147.14
4171.00 147.17
4172.00 146.91
4173.00 146.49
4174.00 146.34
4175.00 146.26
4176.00 146.22
4177.00 146.97
4178.00 148.58
4179.00 150.40
4180.00 152.31
4181.00 155.45
4182.00 158.90
4183.00 160.00
4184.00 160.93
4185.00 161.20
4186.00 160.07
4187.00 156.38
4188.00 150.31
4189.00 146.64
4190.00 141.86
4191.00 137.97
4192.00 137.27
4193.00 139.79
4194.00 141.09
4195.00 145.12
4196.00 146.60
4197.00 148.05
4198.00 149.19
4199.00 149.50
4200.00 150.56
4201.00 151.34
4202.00 151.08
4203.00 150.66
4204.00 149.77
4205.00 148.49
4206.00 147.64
4207.00 147.10
4208.00 147.24
4209.00 147.84
4210.00 149.56
4211.00 150.82
4212.00 152.71
4213.00 154.56
4214.00 156.88
4215.00 159.91
4216.00 162.66
4217.00 164.52
4218.00 164.64
4219.00 163.38
4220.00 161.16
4221.00 157.75
4222.00 154.60
4223.00 153.00
4224.00 152.29
4225.00 151.87
4226.00 152.02
4227.00 153.44
4228.00 155.40
4229.00 156.91
4230.00 157.79
4231.00 157.90
4232.00 158.53
4233.00 159.36
4234.00 160.13
4235.00 160.73
4236.00 160.92
4237.00 161.72
4238.00 163.64
4239.00 165.40
4240.00 167.38
4241.00 172.29
4242.00 176.23
4243.00 178.00
4244.00 178.95
4245.00 179.84
4246.00 178.50
4247.00 176.96
4248.00 173.09
4249.00 168.91
4250.00 166.67
4251.00 166.06
4252.00 166.88
4253.00 168.24
4254.00 169.40
4255.00 170.35
4256.00 171.49
4257.00 173.75
4258.00 174.95
4259.00 175.74
4260.00 176.45
4261.00 176.89
4262.00 176.30
4263.00 175.57
4264.00 174.86
4265.00 174.86
4266.00 175.16
4267.00 175.89
4268.00 176.82
4269.00 177.71
4270.00 178.84
4271.00 179.47
4272.00 180.74
4273.00 182.26
4274.00 183.94
4275.00 186.18
4276.00 189.21
4277.00 194.38
4278.00 200.55
4279.00 203.67
4280.00 204.29
4281.00 199.72
4282.00 195.36
4283.00 193.49
4284.00 192.02
4285.00 190.90
4286.00 190.76
4287.00 191.68
4288.00 191.91
4289.00 192.47
4290.00 193.20
4291.00 194.40
4292.00 196.22
4293.00 197.44
4294.00 197.77
4295.00 196.79
4296.00 193.32
4297.00 187.21
4298.00 182.63
4299.00 178.28
4300.00 175.23
4301.00 172.76
4302.00 0.00
4303.00 0.00
4304.00 0.00
4305.00 0.00
4306.00 0.00
4307.00 0.00
4308.00 0.00
4309.00 0.00
4310.00 0.00
4311.00 0.00
4312.00 0.00
4313.00 0.00
4314.00 0.00
4315.00 0.00
4316.00 0.00
4317.00 0.00
4318.00 0.00
4319.00 0.00
4320.00 0.00
4321.00 0.00
4322.00 0.00
4323.00 0.00
4324.00 0.00
4325.00 0.00
4326.00 0.00
4327.00 0.00
4328.00 0.00
4329.00 0.00
4330.00 0.00
4331.00 0.00
4332.00 0.00
4333.00 0.00
4334.00 0.00
4335.00 0.00
4336.00 0.00
4337.00 0.00
4338.00 0.00
4339.00 0.00
4340.00 0.00
4341.00 0.00
4342.00 0.00
4343.00 0.00
4344.00 0.00
4345.00 0.00
4346.00 0.00
4347.00 0.00
4348.00 0.00
4349.00 0.00
4350.00 0.00
4351.00 0.00
4352.00 143.42
4353.00 144.25
4354.00 144.37
4355.00 144.05
4356.00 143.25
4357.00 142.73
4358.00 142.58
4359.00 141.93
4360.00 141.18
4361.00 141.69
4362.00 142.14
4363.00 142.21
4364.00 142.86
4365.00 143.92
4366.00 143.95
4367.00 144.16
4368.00 144.42
4369.00 144.33
4370.00 145.26
4371.00 145.52
4372.00 145.26
4373.00 144.80
4374.00 144.43
4375.00 144.35
4376.00 144.63
4377.00 145.01
4378.00 145.71
4379.00 145.81
4380.00 145.52
4381.00 145.03
4382.00 144.56
4383.00 144.06
4384.00 143.41
4385.00 143.15
4386.00 143.20
4387.00 143.33
4388.00 143.79
4389.00 144.24
4390.00 145.09
4391.00 145.73
4392.00 145.86
4393.00 146.94
4394.00 147.66
4395.00 147.63
4396.00 147.32
4397.00 146.98
4398.00 146.58
4399.00 146.70
4400.00 146.73
4401.00 147.04
4402.00 147.19
4403.00 146.40
4404.00 145.59
4405.00 144.50
4406.00 143.91
4407.00 143.48
4408.00 142.69
4409.00 141.63
4410.00 140.20
4411.00 144.35
4412.00 148.56
4413.00 161.84
4414.00 160.97
4415.00 164.50
4416.00 171.12
4417.00 172.15
4418.00 172.16
4419.00 169.45
4420.00 166.67
4421.00 162.73
4422.00 159.50
4423.00 157.20
4424.00 156.59
4425.00 156.59
4426.00 157.18
4427.00 159.54
4428.00 160.55
4429.00 161.76
4430.00 162.80
4431.00 163.38
4432.00 163.72
4433.00 164.07
4434.00 164.06
4435.00 163.79
4436.00 162.79
4437.00 161.55
4438.00 160.41
4439.00 159.57
4440.00 158.74
4441.00 158.73
4442.00 159.38
4443.00 160.37
4444.00 161.52
4445.00 162.20
4446.00 162.49
4447.00 162.17
4448.00 161.00
4449.00 160.50
4450.00 160.65
4451.00 161.44
4452.00 162.05
4453.00 161.89
4454.00 161.72
4455.00 161.41
4456.00 161.17
4457.00 161.22
4458.00 161.41
4459.00 161.94
4460.00 162.74
4461.00 162.88
4462.00 162.46
4463.00 161.97
4464.00 161.50
4465.00 161.33
4466.00 161.60
4467.00 161.77
4468.00 161.45
4469.00 160.74
4470.00 159.63
4471.00 158.37
4472.00 156.89
4473.00 155.71
4474.00 154.51
4475.00 153.37
4476.00 152.52
4477.00 156.06
4478.00 163.32
4479.00 167.27
4480.00 174.67
4481.00 178.73
4482.00 181.12
4483.00 182.16
4484.00 181.26
4485.00 178.20
4486.00 175.75
4487.00 174.37
4488.00 174.07
4489.00 174.24
4490.00 174.18
4491.00 174.77
4492.00 176.16
4493.00 177.23
4494.00 177.88
4495.00 178.51
4496.00 178.76
4497.00 178.61
4498.00 178.40
4499.00 177.92
4500.00 177.65
4501.00 176.95
4502.00 176.58
4503.00 176.12
4504.00 175.60
4505.00 175.66
4506.00 175.71
4507.00 175.93
4508.00 176.20
4509.00 176.27
4510.00 177.95
4511.00 179.34
4512.00 180.58
4513.00 181.38
4514.00 181.23
4515.00 181.07
4516.00 179.59
4517.00 179.36
4518.00 178.36
4519.00 178.35
4520.00 178.06
4521.00 178.50
4522.00 178.28
4523.00 177.71
4524.00 177.19
4525.00 177.33
4526.00 177.73
4527.00 178.16
4528.00 178.39
4529.00 178.86
4530.00 179.93
4531.00 180.14
4532.00 179.52
4533.00 178.16
4534.00 176.05
4535.00 173.32
4536.00 171.01
4537.00 169.39
4538.00 170.43
4539.00 172.76
4540.00 177.40
4541.00 184.44
4542.00 190.05
4543.00 192.90
4544.00 196.71
4545.00 198.54
4546.00 197.44
4547.00 196.08
4548.00 194.68
4549.00 193.32
4550.00 192.61
4551.00 192.76
4552.00 192.97
4553.00 193.28
4554.00 193.70
4555.00 194.92
4556.00 195.74
4557.00 195.07
4558.00 193.33
4559.00 190.15
4560.00 184.53
4561.00 0.00
4562.00 0.00
4563.00 0.00
4564.00 0.00
4565.00 0.00
4566.00 0.00
4567.00 0.00
4568.00 0.00
4569.00 0.00
4570.00 0.00
4571.00 0.00
4572.00 0.00
4573.00 0.00
4574.00 0.00
4575.00 0.00
4576.00 0.00
4577.00 0.00
4578.00 0.00
4579.00 0.00
4580.00 0.00
4581.00 0.00
4582.00 0.00
4583.00 0.00
4584.00 0.00
4585.00 0.00
4586.00 0.00
4587.00 0.00
4588.00 0.00
4589.00 0.00
4590.00 0.00
4591.00 0.00
4592.00 0.00
4593.00 0.00
4594.00 178.66
4595.00 179.69
4596.00 175.14
4597.00 169.67
4598.00 167.69
4599.00 168.77
4600.00 172.08
4601.00 178.11
4602.00 183.63
4603.00 188.56
4604.00 194.51
4605.00 198.80
4606.00 203.15
4607.00 206.82
4608.00 209.76
4609.00 211.41
4610.00 211.59
4611.00 210.72
4612.00 209.53
4613.00 209.31
4614.00 210.34
4615.00 211.05
4616.00 211.63
4617.00 212.40
4618.00 212.78
4619.00 213.11
4620.00 213.62
4621.00 214.86
4622.00 215.83
4623.00 216.90
4624.00 217.17
4625.00 217.43
4626.00 215.95
4627.00 214.45
4628.00 213.46
4629.00 213.46
4630.00 214.16
4631.00 215.14
4632.00 215.59
4633.00 216.01
4634.00 216.09
4635.00 216.74
4636.00 217.80
4637.00 219.33
4638.00 220.29
4639.00 220.47
4640.00 220.03
4641.00 219.73
4642.00 218.76
4643.00 218.26
4644.00 217.88
4645.00 217.79
4646.00 217.85
4647.00 218.49
4648.00 218.86
4649.00 219.01
4650.00 219.19
4651.00 219.63
4652.00 219.92
4653.00 220.06
4654.00 220.10
4655.00 220.04
4656.00 219.62
4657.00 219.29
4658.00 219.36
4659.00 219.51
4660.00 219.62
4661.00 220.15
4662.00 220.44
4663.00 220.76
4664.00 220.55
4665.00 219.76
4666.00 219.08
4667.00 218.76
4668.00 219.24
4669.00 219.79
4670.00 219.81
4671.00 220.15
4672.00 220.50
4673.00 220.37
4674.00 219.62
4675.00 219.44
4676.00 228.08
4677.00 236.95
4678.00 248.67
4679.00 252.92
4680.00 253.56
4681.00 252.53
4682.00 249.20
4683.00 244.35
4684.00 239.40
4685.00 233.70
4686.00 230.65
4687.00 227.63
4688.00 225.70
4689.00 226.04
4690.00 225.25
4691.00 225.16
4692.00 224.81
4693.00 223.75
4694.00 224.23
4695.00 224.39
4696.00 224.76
4697.00 223.21
4698.00 222.01
4699.00 221.06
4700.00 219.62
4701.00 217.43
4702.00 216.03
4703.00 213.43
4704.00 205.62
4705.00 202.30
4706.00 194.52
4707.00 192.74
4708.00 192.24
4709.00 192.47
4710.00 193.28
4711.00 194.47
4712.00 195.88
4713.00 197.74
4714.00 199.64
4715.00 200.65
4716.00 200.76
4717.00 200.69
4718.00 200.18
4719.00 199.02
4720.00 197.65
4721.00 196.96
4722.00 196.88
4723.00 197.28
4724.00 197.60
4725.00 198.24
4726.00 198.77
4727.00 199.33
4728.00 199.90
4729.00 200.36
4730.00 200.76
4731.00 200.10
4732.00 199.20
4733.00 197.29
4734.00 195.41
4735.00 191.80
4736.00 186.65
4737.00 183.70
4738.00 180.00
4739.00 178.45
4740.00 177.82
4741.00 178.08
4742.00 178.60
4743.00 178.87
4744.00 179.42
4745.00 179.98
4746.00 180.57
4747.00 180.89
4748.00 181.03
4749.00 180.37
4750.00 179.76
4751.00 179.16
4752.00 177.12
4753.00 170.99
4754.00 165.57
4755.00 161.87
4756.00 157.03
4757.00 153.58
4758.00 151.68
4759.00 152.96
4760.00 154.04
4761.00 154.97
4762.00 156.33
4763.00 157.63
4764.00 159.42
4765.00 162.33
4766.00 163.46
4767.00 163.52
4768.00 162.26
4769.00 161.16
4770.00 160.44
4771.00 160.16
4772.00 160.83
4773.00 162.33
4774.00 164.24
4775.00 164.31
4776.00 163.51
4777.00 164.21
4778.00 165.20
4779.00 165.08
4780.00 165.73
4781.00 165.67
4782.00 162.83
4783.00 160.50
4784.00 158.07
4785.00 158.67
4786.00 161.59
4787.00 164.71
4788.00 168.35
4789.00 172.80
4790.00 175.80
4791.00 176.71
4792.00 175.88
4793.00 174.74
4794.00 174.11
4795.00 174.23
4796.00 174.20
4797.00 174.15
4798.00 173.78
4799.00 173.37
4800.00 173.09
4801.00 172.72
4802.00 173.62
4803.00 174.52
4804.00 175.31
4805.00 176.35
4806.00 176.95
4807.00 176.77
4808.00 176.50
4809.00 175.88
4810.00 175.22
4811.00 174.97
4812.00 175.43
4813.00 176.24
4814.00 176.96
4815.00 177.64
4816.00 177.43
4817.00 176.90
4818.00 176.51
4819.00 176.04
4820.00 176.21
4821.00 176.79
4822.00 177.12
4823.00 176.87
4824.00 176.10
4825.00 175.43
4826.00 175.06
4827.00 175.13
4828.00 175.31
4829.00 175.21
4830.00 175.28
4831.00 175.82
4832.00 176.24
4833.00 177.12
4834.00 179.29
4835.00 179.75
4836.00 178.73
4837.00 177.85
4838.00 176.61
4839.00 176.68
4840.00 175.80
4841.00 175.15
4842.00 174.93
4843.00 174.74
4844.00 174.90
4845.00 174.90
4846.00 174.75
4847.00 174.29
4848.00 174.10
4849.00 174.23
4850.00 174.88
4851.00 175.38
4852.00 177.04
4853.00 180.53
4854.00 183.04
4855.00 185.14
4856.00 185.69
4857.00 188.36
4858.00 193.75
4859.00 199.21
4860.00 202.57
4861.00 200.92
4862.00 193.69
4863.00 185.87
4864.00 180.78
4865.00 175.09
4866.00 170.19
4867.00 168.54
4868.00 168.79
4869.00 170.22
4870.00 171.80
4871.00 173.64
4872.00 176.25
4873.00 177.72
4874.00 178.11
4875.00 178.14
4876.00 178.22
4877.00 178.23
4878.00 177.89
4879.00 177.62
4880.00 177.89
4881.00 177.60
4882.00 177.09
4883.00 177.13
4884.00 177.56
4885.00 178.11
4886.00 178.41
4887.00 178.14
4888.00 177.57
4889.00 177.81
4890.00 177.53
4891.00 176.87
4892.00 176.46
4893.00 176.46
4894.00 176.52
4895.00 176.87
4896.00 176.73
4897.00 176.05
4898.00 175.33
4899.00 174.70
4900.00 174.63
4901.00 174.08
4902.00 174.98
4903.00 176.13
4904.00 174.89
4905.00 173.53
4906.00 173.24
4907.00 172.65
4908.00 172.71
4909.00 173.30
4910.00 174.41
4911.00 174.91
4912.00 174.93
4913.00 175.18
4914.00 176.35
4915.00 176.96
4916.00 178.37
4917.00 179.22
4918.00 178.52
4919.00 177.57
4920.00 177.10
4921.00 175.96
4922.00 176.15
4923.00 176.40
4924.00 176.90
4925.00 178.06
4926.00 178.36
4927.00 177.91
4928.00 175.94
4929.00 174.49
4930.00 174.42
4931.00 174.19
4932.00 175.15
4933.00 176.05
4934.00 176.87
4935.00 177.51
4936.00 177.55
4937.00 177.34
4938.00 178.38
4939.00 178.51
4940.00 178.10
4941.00 179.15
4942.00 179.56
4943.00 178.82
4944.00 178.14
4945.00 177.91
4946.00 178.28
4947.00 178.82
4948.00 178.52
4949.00 176.80
4950.00 174.70
4951.00 172.73
4952.00 170.13
4953.00 167.22
4954.00 165.33
4955.00 164.94
4956.00 170.86
4957.00 178.18
4958.00 184.55
4959.00 193.80
4960.00 199.26
4961.00 201.10
4962.00 200.35
4963.00 197.11
4964.00 194.00
4965.00 191.45
4966.00 190.45
4967.00 190.89
4968.00 191.81
4969.00 193.01
4970.00 194.65
4971.00 195.98
4972.00 197.06
4973.00 197.63
4974.00 197.33
4975.00 196.97
4976.00 196.40
4977.00 196.37
4978.00 194.93
4979.00 194.46
4980.00 194.23
4981.00 193.19
4982.00 193.12
4983.00 193.19
4984.00 193.56
4985.00 194.73
4986.00 197.43
4987.00 200.38
4988.00 203.05
4989.00 204.73
4990.00 206.42
4991.00 206.23
4992.00 204.11
4993.00 200.98
4994.00 197.02
4995.00 192.67
4996.00 188.59
4997.00 186.35
4998.00 186.39
4999.00 187.38
5000.00 188.39
5001.00 189.62
5002.00 192.23
5003.00 194.48
5004.00 196.86
5005.00 197.59
5006.00 197.04
5007.00 196.31
5008.00 195.12
5009.00 193.93
5010.00 192.86
5011.00 191.96
5012.00 191.03
5013.00 190.65
5014.00 191.67
5015.00 193.40
5016.00 193.71
5017.00 193.45
5018.00 193.18
5019.00 192.80
5020.00 192.67
5021.00 193.17
5022.00 193.98
5023.00 194.39
5024.00 194.44
5025.00 195.61
5026.00 196.84
5027.00 196.87
5028.00 197.00
5029.00 197.33
5030.00 197.52
5031.00 197.78
5032.00 197.48
5033.00 196.68
5034.00 195.46
5035.00 194.25
5036.00 193.73
5037.00 194.34
5038.00 195.50
5039.00 198.20
5040.00 200.21
5041.00 201.01
5042.00 200.67
5043.00 200.55
5044.00 199.86
5045.00 198.45
5046.00 196.13
5047.00 192.30
5048.00 185.09
5049.00 183.83
5050.00 187.01
5051.00 190.39
5052.00 204.07
5053.00 210.05
5054.00 216.33
5055.00 222.90
5056.00 224.84
5057.00 224.37
5058.00 222.26
5059.00 220.31
5060.00 219.52
5061.00 217.58
5062.00 216.79
5063.00 216.32
5064.00 215.09
5065.00 214.53
5066.00 213.84
5067.00 213.63
5068.00 213.73
5069.00 213.14
5070.00 212.27
5071.00 212.47
5072.00 212.49
5073.00 212.18
5074.00 209.71
5075.00 198.53
5076.00 0.00
5077.00 0.00
5078.00 0.00
5079.00 0.00
5080.00 0.00
5081.00 0.00
5082.00 0.00
5083.00 0.00
5084.00 0.00
5085.00 0.00
5086.00 0.00
5087.00 0.00
5088.00 0.00
5089.00 0.00
5090.00 0.00
5091.00 0.00
5092.00 0.00
5093.00 0.00
5094.00 0.00
5095.00 0.00
5096.00 0.00
5097.00 0.00
5098.00 0.00
5099.00 0.00
5100.00 0.00
5101.00 0.00
5102.00 0.00
5103.00 0.00
5104.00 0.00
5105.00 0.00
5106.00 0.00
5107.00 0.00
5108.00 0.00
5109.00 0.00
5110.00 0.00
5111.00 0.00
5112.00 0.00
5113.00 0.00
5114.00 0.00
5115.00 0.00
5116.00 0.00
5117.00 0.00
5118.00 0.00
5119.00 0.00
5120.00 0.00
5121.00 186.73
5122.00 184.43
5123.00 178.95
5124.00 177.95
5125.00 179.76
5126.00 181.41
5127.00 185.62
5128.00 191.14
5129.00 195.78
5130.00 199.97
5131.00 203.58
5132.00 206.48
5133.00 207.87
5134.00 207.96
5135.00 207.71
5136.00 207.40
5137.00 206.85
5138.00 205.85
5139.00 205.05
5140.00 204.78
5141.00 205.08
5142.00 206.62
5143.00 209.24
5144.00 211.82
5145.00 213.20
5146.00 213.66
5147.00 213.67
5148.00 214.40
5149.00 215.30
5150.00 216.55
5151.00 217.23
5152.00 217.01
5153.00 215.51
5154.00 213.66
5155.00 210.96
5156.00 209.68
5157.00 209.95
5158.00 210.33
5159.00 210.78
5160.00 211.22
5161.00 212.01
5162.00 213.30
5163.00 214.15
5164.00 215.40
5165.00 216.39
5166.00 217.86
5167.00 218.73
5168.00 216.95
5169.00 214.56
5170.00 212.62
5171.00 211.72
5172.00 211.38
5173.00 211.52
5174.00 211.97
5175.00 211.54
5176.00 210.91
5177.00 210.72
5178.00 211.28
5179.00 213.08
5180.00 215.89
5181.00 217.99
5182.00 220.37
5183.00 221.13
5184.00 219.87
5185.00 218.71
5186.00 216.27
5187.00 211.01
5188.00 204.17
5189.00 197.99
5190.00 193.21
5191.00 187.67
5192.00 187.66
5193.00 189.82
5194.00 193.52
5195.00 196.62
5196.00 199.17
5197.00 200.82
5198.00 201.04
5199.00 200.94
5200.00 200.75
5201.00 199.60
5202.00 199.78
5203.00 200.38
5204.00 200.54
5205.00 200.33
5206.00 199.30
5207.00 198.65
5208.00 198.45
5209.00 198.08
5210.00 198.01
5211.00 198.48
5212.00 198.84
5213.00 198.03
5214.00 196.36
5215.00 194.41
5216.00 192.41
5217.00 189.86
5218.00 0.00
5219.00 0.00
5220.00 0.00
5221.00 0.00
5222.00 0.00
5223.00 0.00
5224.00 0.00
5225.00 0.00
5226.00 0.00
5227.00 0.00
5228.00 0.00
5229.00 0.00
5230.00 0.00
5231.00 0.00
5232.00 0.00
5233.00 0.00
5234.00 0.00
5235.00 0.00
5236.00 0.00
5237.00 0.00
5238.00 0.00
5239.00 0.00
5240.00 0.00
5241.00 0.00
5242.00 0.00
5243.00 0.00
5244.00 0.00
5245.00 0.00
5246.00 195.55
5247.00 197.67
5248.00 199.29
5249.00 200.34
5250.00 193.61
5251.00 191.99
5252.00 188.33
5253.00 185.82
5254.00 186.24
5255.00 189.23
5256.00 194.70
5257.00 201.60
5258.00 209.97
5259.00 214.66
5260.00 218.21
5261.00 220.82
5262.00 222.20
5263.00 222.69
5264.00 222.85
5265.00 222.93
5266.00 222.23
5267.00 220.85
5268.00 220.09
5269.00 220.48
5270.00 221.10
5271.00 221.55
5272.00 221.73
5273.00 222.35
5274.00 223.20
5275.00 223.50
5276.00 223.16
5277.00 222.81
5278.00 222.90
5279.00 223.18
5280.00 223.71
5281.00 222.74
5282.00 222.08
5283.00 222.02
5284.00 222.23
5285.00 222.54
5286.00 222.56
5287.00 222.51
5288.00 222.46
5289.00 221.86
5290.00 221.14
5291.00 220.07
5292.00 219.21
5293.00 218.89
5294.00 218.83
5295.00 218.55
5296.00 218.39
5297.00 218.17
5298.00 218.08
5299.00 218.07
5300.00 218.14
5301.00 218.24
5302.00 218.43
5303.00 218.48
5304.00 218.70
5305.00 218.70
5306.00 218.40
5307.00 218.09
5308.00 217.64
5309.00 217.33
5310.00 217.79
5311.00 218.13
5312.00 219.23
5313.00 220.01
5314.00 220.56
5315.00 220.05
5316.00 217.06
5317.00 210.26
5318.00 200.08
5319.00 194.82
5320.00 193.11
5321.00 201.68
5322.00 225.11
5323.00 230.24
5324.00 239.36
5325.00 247.56
5326.00 250.25
5327.00 247.78
5328.00 243.18
5329.00 239.89
5330.00 237.54
5331.00 235.03
5332.00 233.79
5333.00 233.23
5334.00 233.96
5335.00 236.34
5336.00 238.67
5337.00 240.57
5338.00 241.69
5339.00 242.79
5340.00 243.90
5341.00 245.54
5342.00 246.06
5343.00 246.37
5344.00 245.05
5345.00 244.21
5346.00 243.21
5347.00 242.37
5348.00 242.17
5349.00 242.09
5350.00 242.58
5351.00 242.85
5352.00 242.52
5353.00 241.47
5354.00 240.67
5355.00 239.74
5356.00 238.94
5357.00 239.19
5358.00 239.79
5359.00 240.53
5360.00 241.04
5361.00 240.59
5362.00 239.48
5363.00 238.71
5364.00 238.57
5365.00 238.86
5366.00 239.65
5367.00 240.74
5368.00 241.54
5369.00 241.65
5370.00 241.30
5371.00 240.56
5372.00 241.01
5373.00 242.52
5374.00 243.46
5375.00 244.13
5376.00 243.47
5377.00 240.79
5378.00 229.92
5379.00 217.24
5380.00 207.73
5381.00 203.74
5382.00 207.43
5383.00 214.86
5384.00 220.00
5385.00 249.15
5386.00 261.97
5387.00 270.60
5388.00 272.64
5389.00 270.38
5390.00 266.33
5391.00 261.81
5392.00 258.80
5393.00 257.67
5394.00 257.38
5395.00 257.46
5396.00 257.41
5397.00 258.21
5398.00 260.46
5399.00 261.87
5400.00 262.72
5401.00 262.75
5402.00 262.90
5403.00 263.85
5404.00 264.43
5405.00 263.69
5406.00 261.72
5407.00 259.90
5408.00 259.39
5409.00 259.16
5410.00 257.87
5411.00 257.24
5412.00 257.80
5413.00 258.69
5414.00 259.61
5415.00 261.08
5416.00 261.75
5417.00 261.80
5418.00 261.89
5419.00 262.02
5420.00 262.26
5421.00 262.42
5422.00 261.47
5423.00 260.87
5424.00 260.18
5425.00 259.70
5426.00 259.93
5427.00 260.74
5428.00 261.50
5429.00 261.93
5430.00 261.33
5431.00 261.13
5432.00 261.14
5433.00 262.25
5434.00 263.27
5435.00 263.11
5436.00 262.78
5437.00 262.71
5438.00 262.66
5439.00 263.07
5440.00 263.58
5441.00 263.11
5442.00 262.73
5443.00 263.27
5444.00 263.92
5445.00 264.94
5446.00 264.94
5447.00 264.77
5448.00 264.60
5449.00 264.41
5450.00 264.26
5451.00 264.38
5452.00 264.41
5453.00 264.69
5454.00 264.28
5455.00 263.80
5456.00 263.15
5457.00 263.23
5458.00 263.67
5459.00 264.00
5460.00 263.71
5461.00 263.22
5462.00 262.64
5463.00 262.51
5464.00 263.01
5465.00 263.58
5466.00 264.23
5467.00 265.05
5468.00 265.12
5469.00 265.22
5470.00 264.58
5471.00 263.89
5472.00 263.49
5473.00 262.99
5474.00 263.06
5475.00 263.57
5476.00 263.63
5477.00 262.74
5478.00 262.20
5479.00 262.42
5480.00 262.82
5481.00 262.83
5482.00 263.49
5483.00 264.49
5484.00 265.29
5485.00 266.30
5486.00 266.55
5487.00 265.73
5488.00 264.85
5489.00 264.73
5490.00 265.05
5491.00 265.15
5492.00 264.56
5493.00 263.29
5494.00 262.72
5495.00 262.08
5496.00 261.08
5497.00 259.76
5498.00 259.34
5499.00 260.10
5500.00 261.16
5501.00 262.17
5502.00 262.69
5503.00 263.43
5504.00 264.17
5505.00 263.69
5506.00 263.08
5507.00 263.29
5508.00 263.97
5509.00 264.48
5510.00 264.69
5511.00 265.39
5512.00 265.70
5513.00 265.67
5514.00 265.43
5515.00 264.87
5516.00 264.46
5517.00 264.01
5518.00 263.32
5519.00 262.96
5520.00 262.97
5521.00 262.46
5522.00 261.79
5523.00 261.96
5524.00 263.18
5525.00 264.27
5526.00 264.99
5527.00 265.58
5528.00 265.13
5529.00 264.63
5530.00 264.36
5531.00 263.23
5532.00 261.98
5533.00 261.48
5534.00 261.54
5535.00 261.73
5536.00 262.23
5537.00 262.34
5538.00 262.87
5539.00 262.49
5540.00 262.20
5541.00 262.59
5542.00 263.19
5543.00 263.42
5544.00 263.10
5545.00 263.10
5546.00 263.53
5547.00 264.30
5548.00 264.05
5549.00 263.62
5550.00 262.38
5551.00 261.89
5552.00 262.06
5553.00 262.22
5554.00 262.45
5555.00 262.60
5556.00 261.74
5557.00 261.15
5558.00 261.02
5559.00 260.94
5560.00 261.20
5561.00 262.02
5562.00 262.50
5563.00 262.94
5564.00 262.71
5565.00 262.60
5566.00 262.67
5567.00 262.80
5568.00 262.95
5569.00 262.70
5570.00 262.45
5571.00 262.75
5572.00 263.19
5573.00 263.05
5574.00 262.64
5575.00 262.60
5576.00 263.17
5577.00 262.91
5578.00 262.41
5579.00 262.38
5580.00 262.66
5581.00 262.60
5582.00 262.33
5583.00 262.76
5584.00 263.60
5585.00 264.50
5586.00 265.25
5587.00 265.33
5588.00 265.29
5589.00 265.42
5590.00 265.28
5591.00 265.63
5592.00 265.38
5593.00 264.75
5594.00 264.50
5595.00 264.72
5596.00 264.31
5597.00 264.06
5598.00 263.18
5599.00 262.54
5600.00 262.50
5601.00 262.18
5602.00 261.99
5603.00 261.88
5604.00 261.80
5605.00 262.14
5606.00 262.22
5607.00 262.49
5608.00 262.78
5609.00 262.82
5610.00 262.92
5611.00 262.83
5612.00 262.85
5613.00 262.90
5614.00 262.26
5615.00 262.12
5616.00 262.06
5617.00 261.59
5618.00 261.27
5619.00 261.51
5620.00 262.50
5621.00 263.37
5622.00 263.04
5623.00 262.59
5624.00 262.07
5625.00 261.88
5626.00 262.20
5627.00 262.53
5628.00 262.66
5629.00 262.33
5630.00 262.61
5631.00 263.53
5632.00 264.51
5633.00 264.51
5634.00 264.50
5635.00 265.09
5636.00 264.88
5637.00 264.53
5638.00 264.26
5639.00 264.63
5640.00 265.26
5641.00 265.71
5642.00 265.80
5643.00 265.60
5644.00 264.88
5645.00 264.43
5646.00 264.20
5647.00 264.11
5648.00 264.17
5649.00 264.02
5650.00 264.12
5651.00 264.36
5652.00 263.65
5653.00 263.11
5654.00 262.65
5655.00 262.99
5656.00 263.85
5657.00 263.39
5658.00 262.29
5659.00 261.64
5660.00 262.19
5661.00 263.30
5662.00 264.80
5663.00 265.67
5664.00 263.01
5665.00 258.53
5666.00 252.36
5667.00 261.91
5668.00 262.25
5669.00 0.00
5670.00 0.00
5671.00 0.00
5672.00 0.00
5673.00 0.00
5674.00 0.00
5675.00 0.00
5676.00 0.00
5677.00 0.00
5678.00 0.00
5679.00 0.00
5680.00 0.00
5681.00 0.00
5682.00 0.00
5683.00 0.00
5684.00 0.00
5685.00 0.00
5686.00 0.00
5687.00 0.00
5688.00 0.00
5689.00 0.00
5690.00 0.00
5691.00 0.00
5692.00 0.00
5693.00 0.00
5694.00 0.00
5695.00 0.00
5696.00 0.00
5697.00 0.00
5698.00 0.00
5699.00 0.00
5700.00 0.00
5701.00 0.00
5702.00 0.00
5703.00 0.00
5704.00 0.00
5705.00 0.00
5706.00 0.00
5707.00 0.00
5708.00 0.00
5709.00 0.00
5710.00 0.00
5711.00 0.00
5712.00 0.00
5713.00 0.00
5714.00 0.00
5715.00 0.00
5716.00 0.00
5717.00 0.00
5718.00 0.00
5719.00 0.00
5720.00 0.00
5721.00 0.00
5722.00 0.00
5723.00 0.00
5724.00 0.00
5725.00 0.00
5726.00 0.00
5727.00 0.00
5728.00 0.00
5729.00 0.00
5730.00 0.00
5731.00 0.00
5732.00 0.00
5733.00 0.00
5734.00 0.00
5735.00 0.00
5736.00 0.00
5737.00 0.00
5738.00 0.00
5739.00 0.00
5740.00 0.00
5741.00 0.00
5742.00 0.00
5743.00 0.00
5744.00 0.00
5745.00 0.00
5746.00 0.00
5747.00 0.00
5748.00 0.00
5749.00 0.00
5750.00 0.00
5751.00 0.00
5752.00 0.00
5753.00 0.00
5754.00 0.00
5755.00 0.00
5756.00 0.00
5757.00 0.00
5758.00 0.00
5759.00 0.00
5760.00 0.00
5761.00 0.00
5762.00 0.00
5763.00 0.00
5764.00 0.00
5765.00 0.00
5766.00 0.00
5767.00 0.00
5768.00 0.00
5769.00 0.00
5770.00 0.00
5771.00 0.00
5772.00 0.00
5773.00 0.00
5774.00 0.00
5775.00 0.00
5776.00 0.00
5777.00 0.00
5778.00 0.00
5779.00 0.00
5780.00 0.00
5781.00 0.00
5782.00 0.00
5783.00 0.00
5784.00 0.00
5785.00 0.00
5786.00 0.00
5787.00 0.00
5788.00 0.00
5789.00 0.00
5790.00 0.00
5791.00 0.00
5792.00 0.00
5793.00 0.00
5794.00 0.00
5795.00 0.00
5796.00 0.00
5797.00 0.00
5798.00 0.00
5799.00 0.00
5800.00 0.00
5801.00 0.00
5802.00 0.00
5803.00 0.00
5804.00 0.00
5805.00 0.00
5806.00 0.00
5807.00 0.00
5808.00 0.00
5809.00 0.00
5810.00 0.00
5811.00 0.00
5812.00 0.00
5813.00 0.00
5814.00 0.00
5815.00 0.00
5816.00 0.00
5817.00 0.00
5818.00 0.00
5819.00 0.00
5820.00 0.00
5821.00 0.00
5822.00 0.00
5823.00 0.00
5824.00 0.00
5825.00 0.00
5826.00 0.00
5827.00 0.00
5828.00 0.00
5829.00 0.00
5830.00 0.00
5831.00 0.00
5832.00 0.00
5833.00 0.00
5834.00 0.00
5835.00 0.00
5836.00 0.00
5837.00 0.00
5838.00 0.00
5839.00 0.00
5840.00 0.00
5841.00 0.00
5842.00 0.00
5843.00 0.00
5844.00 0.00
5845.00 0.00
5846.00 0.00
5847.00 0.00
5848.00 0.00
5849.00 0.00
5850.00 0.00
5851.00 0.00
5852.00 0.00
5853.00 0.00
5854.00 0.00
5855.00 0.00
5856.00 0.00
5857.00 0.00
5858.00 0.00
5859.00 0.00
5860.00 0.00
5861.00 0.00
5862.00 0.00
5863.00 0.00
5864.00 0.00
5865.00 0.00
5866.00 0.00
5867.00 0.00
5868.00 0.00
5869.00 0.00
5870.00 0.00
5871.00 0.00
5872.00 0.00
5873.00 0.00
5874.00 0.00
5875.00 0.00
5876.00 0.00
5877.00 0.00
5878.00 0.00
5879.00 0.00
5880.00 0.00
5881.00 0.00
5882.00 0.00
5883.00 0.00
5884.00 0.00
5885.00 0.00
5886.00 0.00
5887.00 0.00
5888.00 0.00
5889.00 0.00
5890.00 0.00
5891.00 0.00
5892.00 0.00
5893.00 0.00
5894.00 0.00
5895.00 0.00
5896.00 0.00
5897.00 0.00
5898.00 0.00
5899.00 0.00
5900.00 0.00
5901.00 0.00
5902.00 0.00
5903.00 0.00
5904.00 0.00
5905.00 0.00
5906.00 0.00
5907.00 0.00
5908.00 0.00
5909.00 0.00
5910.00 0.00
5911.00 0.00
5912.00 0.00
5913.00 0.00
5914.00 0.00
5915.00 0.00
5916.00 0.00
5917.00 0.00
5918.00 0.00
5919.00 0.00
5920.00 0.00
5921.00 0.00
5922.00 0.00
5923.00 0.00
5924.00 0.00
5925.00 0.00
5926.00 0.00
5927.00 0.00
5928.00 0.00
5929.00 0.00
5930.00 0.00
5931.00 0.00
5932.00 0.00
5933.00 0.00
5934.00 0.00
5935.00 0.00
5936.00 0.00
5937.00 0.00
5938.00 0.00
5939.00 0.00
5940.00 0.00
5941.00 0.00
5942.00 0.00
5943.00 0.00
5944.00 0.00
5945.00 0.00
5946.00 0.00
5947.00 0.00
5948.00 0.00
5949.00 0.00
5950.00 0.00
5951.00 0.00
5952.00 0.00
5953.00 0.00
5954.00 0.00
5955.00 0.00
5956.00 0.00
5957.00 0.00
5958.00 0.00
5959.00 0.00
5960.00 0.00
5961.00 0.00
5962.00 0.00
5963.00 0.00
5964.00 0.00
5965.00 0.00
5966.00 0.00
5967.00 0.00
5968.00 0.00
5969.00 0.00
5970.00 0.00
5971.00 0.00
5972.00 0.00
5973.00 0.00
5974.00 0.00
5975.00 0.00
5976.00 0.00
5977.00 0.00
5978.00 0.00
5979.00 0.00
5980.00 0.00
5981.00 0.00
5982.00 0.00
5983.00 0.00
5984.00 0.00
5985.00 0.00
5986.00 0.00
5987.00 0.00
5988.00 0.00
5989.00 0.00
5990.00 0.00
5991.00 0.00
5992.00 0.00
5993.00 0.00
5994.00 0.00
5995.00 0.00
5996.00 0.00
5997.00 0.00
5998.00 0.00
5999.00 0.00
6000.00 0.00
6001.00 0.00
6002.00 0.00
6003.00 0.00
6004.00 0.00
6005.00 0.00
6006.00 0.00
6007.00 0.00
6008.00 0.00
6009.00 0.00
6010.00 0.00
6011.00 0.00
6012.00 0.00
6013.00 0.00
6014.00 0.00
6015.00 0.00
6016.00 0.00
6017.00 0.00
6018.00 0.00
6019.00 0.00
6020.00 0.00
6021.00 0.00
6022.00 0.00
6023.00 0.00
6024.00 0.00
6025.00 0.00
6026.00 0.00
6027.00 0.00
6028.00 0.00
6029.00 0.00
6030.00 0.00
6031.00 0.00
