0.0 0
0.01 0
0.02 0
0.03 0
0.04 0
0.05 0
0.06 0
0.07 0
0.08 0
0.09 0
0.1 0
0.11 0
0.12 0
0.13 0
0.14 0
0.15 0
0.16 0
0.17 0
0.18 0
0.19 0
0.2 0
0.21 0
0.22 0
0.23 0
0.24 0
0.25 0
0.26 0
0.27 0
0.28 0
0.29 0
0.3 0
0.31 0
0.32 0
0.33 0
0.34 0
0.35000000000000003 0
0.36 0
0.37 0
0.38 0
0.39 0
0.4 0
0.41000000000000003 0
0.42 0
0.43 0
0.44 0
0.45 0
0.46 0
0.47000000000000003 0
0.48 0
0.49 0
0.5 0
0.51 0
0.52 0
0.53 0
0.54 0
0.55 0
0.56 0
0.5700000000000001 0
0.58 0
0.59 0
0.6 0
0.61 0
0.62 0
0.63 0
0.64 0
0.65 0
0.66 0
0.67 0
0.68 0
0.6900000000000001 0
0.7000000000000001 0
0.71 0
0.72 0
0.73 0
0.74 0
0.75 0
0.76 0
0.77 0
0.78 0
0.79 0
0.8 0
0.81 0
0.8200000000000001 0
0.8300000000000001 0
0.84 0
0.85 0
0.86 0
0.87 0
0.88 0
0.89 0
0.9 0
0.91 0
0.92 0
0.93 0
0.9400000000000001 0
0.9500000000000001 0
0.96 0
0.97 0
0.98 0
0.99 0
1.0 0
1.01 0
1.02 0
1.03 0
1.04 0
1.05 0
1.06 0
1.07 0
1.08 0
1.09 0
1.1 0
1.11 0
1.12 0
1.1300000000000001 0
1.1400000000000001 0
1.1500000000000001 0
1.16 0
1.17 0
1.18 0
1.19 0
1.2 0
1.21 0
1.22 0
1.23 0
1.24 0
1.25 0
1.26 0
1.27 0
1.28 0
1.29 0
1.3 0
1.31 0
1.32 0
1.33 0
1.34 0
1.35 0
1.36 0
1.37 0
1.3800000000000001 0
1.3900000000000001 0
1.4000000000000001 0
1.41 0
1.42 0
1.43 0
1.44 0
1.45 0
1.46 0
1.47 0
1.48 0
1.49 0
1.5 0
1.51 0
1.52 0
1.53 0
1.54 0
1.55 0
1.56 0
1.57 0
1.58 0
1.59 0
1.6 0
1.61 0
1.62 0
1.6300000000000001 0
1.6400000000000001 0
1.6500000000000001 0
1.6600000000000001 0
1.67 0
1.68 0
1.69 0
1.7 0
1.71 0
1.72 0
1.73 0
1.74 0
1.75 0
1.76 0
1.77 0
1.78 0
1.79 0
1.8 0
1.81 0
1.82 0
1.83 0
1.84 0
1.85 0
1.86 0
1.87 0
1.8800000000000001 0
1.8900000000000001 0
1.9000000000000001 0
1.9100000000000001 0
1.92 0
1.93 0
1.94 0
1.95 0
1.96 0
1.97 0
1.98 0
1.99 0
2.0 0
2.0100000000000002 0
2.02 0
2.0300000000000002 0
2.04 0
2.05 0
2.06 0
2.07 0
2.08 0
2.09 0
2.1 0
2.11 0
2.12 0
2.13 0
2.14 0
2.15 0
2.16 0
2.17 0
2.18 0
2.19 0
2.2 0
2.21 0
2.22 0
2.23 0
2.24 0
2.25 0
2.2600000000000002 0
2.27 0
2.2800000000000002 0
2.29 0
2.3000000000000003 0
2.31 0
2.32 0
2.33 0
2.34 0
2.35 0
2.36 0
2.37 0
2.38 0
2.39 0
2.4 0
2.41 0
2.42 0
2.43 0
2.44 0
2.45 0
2.46 0
2.47 0
2.48 0
2.49 0
2.5 0
2.5100000000000002 0
2.52 0
2.5300000000000002 0
2.54 0
2.5500000000000003 0
2.56 0
2.57 0
2.58 0
2.59 0
2.6 0
2.61 0
2.62 0
2.63 0
2.64 0
2.65 0
2.66 0
2.67 0
2.68 0
2.69 0
2.7 0
2.71 0
2.72 0
2.73 0
2.74 0
2.75 0
2.7600000000000002 0
2.77 0
2.7800000000000002 0
2.79 0
2.8000000000000003 0
2.81 0
2.82 0
2.83 0
2.84 0
2.85 0
2.86 0
2.87 0
2.88 0
2.89 0
2.9 0
2.91 0
2.92 0
2.93 0
2.94 0
2.95 0
2.96 0
2.97 0
2.98 0
2.99 0
3.0 0
3.0100000000000002 0
3.02 0
3.0300000000000002 0
3.04 0
3.0500000000000003 0
3.06 0
3.0700000000000003 0
3.08 0
3.09 0
3.1 0
3.11 0
3.12 0
3.13 0
3.14 0
3.15 0
3.16 0
3.17 0
3.18 0
3.19 0
3.2 0
3.21 0
3.22 0
3.23 0
3.24 0
3.25 0
3.2600000000000002 0
3.27 0
3.2800000000000002 0
3.29 0
3.3000000000000003 0
3.31 0
3.3200000000000003 0
3.33 0
3.34 0
3.35 0
3.36 0
3.37 0
3.38 0
3.39 0
3.4 0
3.41 0
3.42 0
3.43 0
3.44 0
3.45 0
3.46 0
3.47 0
3.48 0
3.49 0
3.5 0
3.5100000000000002 0
3.52 0
3.5300000000000002 0
3.54 0
3.5500000000000003 0
3.56 0
3.5700000000000003 0
3.58 0
3.59 0
3.6 0
3.61 0
3.62 0
3.63 0
3.64 0
3.65 0
3.66 0
3.67 0
3.68 0
3.69 0
3.7 0
3.71 0
3.72 0
3.73 0
3.74 0
3.75 0
3.7600000000000002 0
3.77 0
3.7800000000000002 0
3.79 0
3.8000000000000003 0
3.81 0
3.8200000000000003 0
3.83 0
3.84 0
3.85 0
3.86 0
3.87 0
3.88 0
3.89 0
3.9 0
3.91 0
3.92 0
3.93 0
3.94 0
3.95 0
3.96 0
3.97 0
3.98 0
3.99 0
4.0 0
4.01 0
4.0200000000000005 0
4.03 0
4.04 0
4.05 0
4.0600000000000005 0
4.07 0
4.08 0
4.09 0
4.1 0
4.11 0
4.12 0
4.13 0
4.14 0
4.15 0
4.16 0
4.17 0
4.18 0
4.19 0
4.2 0
4.21 0
4.22 0
4.23 0
4.24 0
4.25 0
4.26 0
4.2700000000000005 0
4.28 0
4.29 0
4.3 0
4.3100000000000005 0
4.32 0
4.33 0
4.34 0
4.3500000000000005 0
4.36 0
4.37 0
4.38 0
4.39 0
4.4 0
4.41 0
4.42 0
4.43 0
4.44 0
4.45 0
4.46 0
4.47 0
4.48 0
4.49 0
4.5 0
4.51 0
4.5200000000000005 0
4.53 0
4.54 0
4.55 0
4.5600000000000005 0
4.57 0
4.58 0
4.59 0
4.6000000000000005 0
4.61 0
4.62 0
4.63 0
4.64 0
4.65 0
4.66 0
4.67 0
4.68 0
4.69 0
4.7 0
4.71 0
4.72 0
4.73 0
4.74 0
4.75 0
4.76 0
4.7700000000000005 0
4.78 0
4.79 0
4.8 0
4.8100000000000005 0
4.82 0
4.83 0
4.84 0
4.8500000000000005 0
4.86 0
4.87 0
4.88 0
4.89 0
4.9 0
4.91 0
4.92 0
4.93 0
4.94 0
4.95 0
4.96 0
4.97 0
4.98 0
4.99 0
5.0 0
5.01 0
5.0200000000000005 0
5.03 0
5.04 0
5.05 0
5.0600000000000005 0
5.07 0
5.08 0
5.09 0
5.1000000000000005 0
5.11 0
5.12 0
5.13 0
5.14 0
5.15 0
5.16 0
5.17 0
5.18 0
5.19 0
5.2 0
5.21 0
5.22 0
5.23 0
5.24 0
5.25 0
5.26 0
5.2700000000000005 0
5.28 0
5.29 0
5.3 0
5.3100000000000005 0
5.32 0
5.33 0
5.34 0
5.3500000000000005 0
5.36 0
5.37 0
5.38 0
5.39 0
5.4 0
5.41 0
5.42 0
5.43 0
5.44 0
5.45 0
5.46 0
5.47 0
5.48 0
5.49 0
5.5 0
5.51 0
5.5200000000000005 0
5.53 0
5.54 0
5.55 0
5.5600000000000005 0
5.57 0
5.58 0
5.59 0
5.6000000000000005 0
5.61 0
5.62 0
5.63 0
5.64 0
5.65 0
5.66 0
5.67 0
5.68 0
5.69 0
5.7 0
5.71 0
5.72 0
5.73 0
5.74 0
5.75 0
5.76 0
5.7700000000000005 0
5.78 0
5.79 0
5.8 0
5.8100000000000005 0
5.82 0
5.83 0
5.84 0
5.8500000000000005 0
5.86 0
5.87 0
5.88 0
5.89 0
5.9 0
5.91 0
5.92 0
5.93 0
5.94 0
5.95 0
5.96 0
5.97 0
5.98 0
5.99 0
6.0 0
6.01 0
6.0200000000000005 0
6.03 0
6.04 0
6.05 0
6.0600000000000005 0
6.07 0
6.08 0
6.09 0
6.1000000000000005 0
6.11 0
6.12 0
6.13 0
6.140000000000001 0
6.15 0
6.16 0
6.17 0
6.18 0
6.19 0
6.2 0
6.21 0
6.22 0
6.23 0
6.24 0
6.25 0
6.26 0
6.2700000000000005 0
6.28 0
6.29 0
6.3 0
6.3100000000000005 0
6.32 0
6.33 0
6.34 0
6.3500000000000005 0
6.36 0
6.37 0
6.38 0
6.390000000000001 0
6.4 0
6.41 0
6.42 0
6.43 0
6.44 0
6.45 0
6.46 0
6.47 0
6.48 0
6.49 0
6.5 0
6.51 0
6.5200000000000005 0
6.53 0
6.54 0
6.55 0
6.5600000000000005 0
6.57 0
6.58 0
6.59 0
6.6000000000000005 0
6.61 0
6.62 0
6.63 0
6.640000000000001 0
6.65 0
6.66 0
6.67 0
6.68 0
6.69 0
6.7 0
6.71 0
6.72 0
6.73 0
6.74 0
6.75 0
6.76 0
6.7700000000000005 0
6.78 0
6.79 0
6.8 0
6.8100000000000005 0
6.82 0
6.83 0
6.84 0
6.8500000000000005 0
6.86 0
6.87 0
6.88 0
6.890000000000001 0
6.9 0
6.91 0
6.92 0
6.93 0
6.94 0
6.95 0
6.96 0
6.97 0
6.98 0
6.99 0
7.0 0
7.01 0
7.0200000000000005 0
7.03 0
7.04 0
7.05 0
7.0600000000000005 0
7.07 0
7.08 0
7.09 0
7.1000000000000005 0
7.11 0
7.12 0
7.13 0
7.140000000000001 0
7.15 0
7.16 0
7.17 0
7.18 0
7.19 0
7.2 0
7.21 0
7.22 0
7.23 0
7.24 0
7.25 0
7.26 0
7.2700000000000005 0
7.28 0
7.29 0
7.3 0
7.3100000000000005 0
7.32 0
7.33 0
7.34 0
7.3500000000000005 0
7.36 0
7.37 0
7.38 0
7.390000000000001 0
7.4 0
7.41 0
7.42 0
7.43 0
7.44 0
7.45 0
7.46 0
7.47 0
7.48 0
7.49 0
7.5 0
7.51 0
7.5200000000000005 0
7.53 0
7.54 0
7.55 0
7.5600000000000005 0
7.57 0
7.58 0
7.59 0
7.6000000000000005 0
7.61 0
7.62 0
7.63 0
7.640000000000001 0
7.65 0
7.66 0
7.67 0
7.68 0
7.69 0
7.7 0
7.71 0
7.72 0
7.73 0
7.74 0
7.75 0
7.76 0
7.7700000000000005 0
7.78 0
7.79 0
7.8 0
7.8100000000000005 0
7.82 0
7.83 0
7.84 0
7.8500000000000005 0
7.86 0
7.87 0
7.88 0
7.890000000000001 0
7.9 0
7.91 0
7.92 0
7.930000000000001 0
7.94 0
7.95 0
7.96 0
7.97 0
7.98 0
7.99 0
8.0 0
8.01 1
8.02 1
8.03 1
8.040000000000001 1
8.05 1
8.06 1
8.07 1
8.08 1
8.09 1
8.1 1
8.11 1
8.120000000000001 1
8.13 1
8.14 1
8.15 1
8.16 1
8.17 1
8.18 1
8.19 1
8.2 1
8.21 1
8.22 1
8.23 1
8.24 1
8.25 1
8.26 1
8.27 1
8.28 1
8.290000000000001 1
8.3 1
8.31 1
8.32 1
8.33 1
8.34 0
8.35 0
8.36 0
8.370000000000001 0
8.38 0
8.39 0
8.4 0
8.41 0
8.42 0
8.43 0
8.44 1
8.45 1
8.46 1
8.47 1
8.48 1
8.49 1
8.5 1
8.51 1
8.52 1
8.53 1
8.540000000000001 1
8.55 1
8.56 1
8.57 1
8.58 1
8.59 1
8.6 1
8.61 1
8.620000000000001 1
8.63 1
8.64 1
8.65 1
8.66 1
8.67 1
8.68 1
8.69 1
8.700000000000001 1
8.71 1
8.72 1
8.73 1
8.74 1
8.75 1
8.76 1
8.77 1
8.78 1
8.790000000000001 1
8.8 1
8.81 1
8.82 1
8.83 1
8.84 1
8.85 1
8.86 1
8.870000000000001 1
8.88 1
8.89 1
8.9 1
8.91 1
8.92 1
8.93 1
8.94 1
8.950000000000001 1
8.96 1
8.97 1
8.98 1
8.99 1
9.0 1
9.01 1
9.02 1
9.03 1
9.040000000000001 1
9.05 1
9.06 1
9.07 1
9.08 1
9.09 1
9.1 1
9.11 1
9.120000000000001 1
9.13 1
9.14 1
9.15 1
9.16 1
9.17 1
9.18 1
9.19 1
9.200000000000001 1
9.21 1
9.22 1
9.23 1
9.24 1
9.25 1
9.26 1
9.27 1
9.28 1
9.290000000000001 1
9.3 1
9.31 1
9.32 1
9.33 1
9.34 1
9.35 1
9.36 1
9.370000000000001 1
9.38 1
9.39 1
9.4 1
9.41 1
9.42 1
9.43 1
9.44 1
9.450000000000001 1
9.46 1
9.47 1
9.48 1
9.49 1
9.5 1
9.51 1
9.52 1
9.53 1
9.540000000000001 1
9.55 1
9.56 1
9.57 1
9.58 1
9.59 1
9.6 1
9.61 1
9.620000000000001 1
9.63 1
9.64 1
9.65 1
9.66 1
9.67 1
9.68 1
9.69 1
9.700000000000001 1
9.71 1
9.72 1
9.73 1
9.74 1
9.75 1
9.76 1
9.77 1
9.78 1
9.790000000000001 1
9.8 1
9.81 1
9.82 1
9.83 1
9.84 1
9.85 1
9.86 1
9.870000000000001 1
9.88 1
9.89 1
9.9 1
9.91 1
9.92 1
9.93 1
9.94 1
9.950000000000001 1
9.96 1
9.97 1
9.98 1
9.99 1
10.0 1
10.01 1
10.02 1
10.03 1
10.040000000000001 1
10.05 1
10.06 1
10.07 1
10.08 1
10.09 1
10.1 1
10.11 1
10.120000000000001 1
10.13 1
10.14 1
10.15 1
10.16 1
10.17 1
10.18 1
10.19 1
10.200000000000001 1
10.21 1
10.22 1
10.23 1
10.24 1
10.25 1
10.26 1
10.27 1
10.28 1
10.290000000000001 1
10.3 1
10.31 1
10.32 1
10.33 1
10.34 1
10.35 1
10.36 1
10.370000000000001 1
10.38 1
10.39 1
10.4 1
10.41 1
10.42 1
10.43 1
10.44 1
10.450000000000001 1
10.46 1
10.47 1
10.48 1
10.49 1
10.5 1
10.51 1
10.52 1
10.53 1
10.540000000000001 1
10.55 1
10.56 1
10.57 1
10.58 1
10.59 1
10.6 1
10.61 1
10.620000000000001 1
10.63 1
10.64 1
10.65 1
10.66 1
10.67 1
10.68 1
10.69 1
10.700000000000001 1
10.71 1
10.72 0
10.73 0
10.74 0
10.75 0
10.76 0
10.77 0
10.78 0
10.790000000000001 0
10.8 0
10.81 0
10.82 0
10.83 1
10.84 1
10.85 1
10.86 1
10.870000000000001 1
10.88 1
10.89 1
10.9 1
10.91 1
10.92 1
10.93 1
10.94 1
10.950000000000001 1
10.96 1
10.97 1
10.98 1
10.99 1
11.0 1
11.01 1
11.02 1
11.03 1
11.040000000000001 1
11.05 1
11.06 1
11.07 1
11.08 1
11.09 1
11.1 1
11.11 1
11.120000000000001 1
11.13 1
11.14 1
11.15 1
11.16 1
11.17 1
11.18 1
11.19 1
11.200000000000001 1
11.21 1
11.22 1
11.23 1
11.24 1
11.25 1
11.26 1
11.27 1
11.28 1
11.290000000000001 1
11.3 1
11.31 1
11.32 1
11.33 1
11.34 1
11.35 1
11.36 1
11.370000000000001 1
11.38 1
11.39 1
11.4 1
11.41 1
11.42 1
11.43 1
11.44 1
11.450000000000001 1
11.46 1
11.47 1
11.48 1
11.49 1
11.5 1
11.51 1
11.52 1
11.53 1
11.540000000000001 1
11.55 1
11.56 1
11.57 1
11.58 1
11.59 1
11.6 1
11.61 1
11.620000000000001 1
11.63 1
11.64 0
11.65 0
11.66 0
11.67 0
11.68 0
11.69 0
11.700000000000001 0
11.71 0
11.72 0
11.73 0
11.74 0
11.75 0
11.76 0
11.77 0
11.78 0
11.790000000000001 0
11.8 0
11.81 0
11.82 0
11.83 0
11.84 0
11.85 0
11.86 0
11.870000000000001 0
11.88 0
11.89 0
11.9 0
11.91 0
11.92 0
11.93 0
11.94 0
11.950000000000001 0
11.96 0
11.97 0
11.98 0
11.99 0
12.0 0
12.01 0
12.02 0
12.030000000000001 0
12.040000000000001 0
12.05 0
12.06 0
12.07 0
12.08 0
12.09 0
12.1 0
12.11 0
12.120000000000001 0
12.13 0
12.14 0
12.15 0
12.16 0
12.17 0
12.18 0
12.19 0
12.200000000000001 0
12.21 0
12.22 0
12.23 0
12.24 0
12.25 0
12.26 0
12.27 0
12.280000000000001 0
12.290000000000001 0
12.3 0
12.31 0
12.32 1
12.33 1
12.34 1
12.35 1
12.36 1
12.370000000000001 1
12.38 1
12.39 1
12.4 1
12.41 1
12.42 1
12.43 1
12.44 1
12.450000000000001 1
12.46 1
12.47 1
12.48 1
12.49 1
12.5 1
12.51 1
12.52 1
12.530000000000001 1
12.540000000000001 1
12.55 1
12.56 1
12.57 1
12.58 1
12.59 1
12.6 1
12.61 1
12.620000000000001 1
12.63 1
12.64 1
12.65 1
12.66 1
12.67 1
12.68 1
12.69 1
12.700000000000001 1
12.71 1
12.72 1
12.73 1
12.74 1
12.75 1
12.76 1
12.77 1
12.780000000000001 1
12.790000000000001 1
12.8 1
12.81 1
12.82 1
12.83 1
12.84 1
12.85 1
12.86 1
12.870000000000001 1
12.88 1
12.89 1
12.9 1
12.91 1
12.92 1
12.93 1
12.94 1
12.950000000000001 1
12.96 1
12.97 1
12.98 1
12.99 1
13.0 1
13.01 1
13.02 1
13.030000000000001 1
13.040000000000001 1
13.05 1
13.06 1
13.07 1
13.08 1
13.09 1
13.1 1
13.11 1
13.120000000000001 1
13.13 1
13.14 1
13.15 1
13.16 1
13.17 1
13.18 1
13.19 1
13.200000000000001 1
13.21 1
13.22 1
13.23 1
13.24 1
13.25 1
13.26 1
13.27 1
13.280000000000001 1
13.290000000000001 1
13.3 1
13.31 1
13.32 1
13.33 1
13.34 1
13.35 1
13.36 1
13.370000000000001 1
13.38 1
13.39 1
13.4 1
13.41 1
13.42 1
13.43 1
13.44 1
13.450000000000001 1
13.46 1
13.47 1
13.48 1
13.49 1
13.5 1
13.51 1
13.52 1
13.530000000000001 1
13.540000000000001 1
13.55 1
13.56 1
13.57 1
13.58 1
13.59 1
13.6 1
13.61 1
13.620000000000001 1
13.63 1
13.64 1
13.65 1
13.66 1
13.67 1
13.68 1
13.69 1
13.700000000000001 1
13.71 1
13.72 1
13.73 0
13.74 0
13.75 0
13.76 0
13.77 0
13.780000000000001 0
13.790000000000001 0
13.8 0
13.81 0
13.82 0
13.83 0
13.84 0
13.85 0
13.86 0
13.870000000000001 0
13.88 1
13.89 1
13.9 1
13.91 1
13.92 1
13.93 1
13.94 1
13.950000000000001 1
13.96 1
13.97 1
13.98 1
13.99 1
14.0 1
14.01 1
14.02 1
14.030000000000001 1
14.040000000000001 1
14.05 1
14.06 1
14.07 1
14.08 1
14.09 1
14.1 1
14.11 1
14.120000000000001 1
14.13 1
14.14 1
14.15 1
14.16 1
14.17 1
14.18 1
14.19 1
14.200000000000001 1
14.21 1
14.22 1
14.23 1
14.24 1
14.25 1
14.26 1
14.27 1
14.280000000000001 1
14.290000000000001 1
14.3 1
14.31 1
14.32 1
14.33 1
14.34 1
14.35 1
14.36 1
14.370000000000001 1
14.38 1
14.39 1
14.4 1
14.41 1
14.42 1
14.43 1
14.44 1
14.450000000000001 1
14.46 1
14.47 1
14.48 1
14.49 1
14.5 1
14.51 1
14.52 1
14.530000000000001 1
14.540000000000001 1
14.55 1
14.56 1
14.57 1
14.58 1
14.59 1
14.6 1
14.61 1
14.620000000000001 1
14.63 1
14.64 1
14.65 1
14.66 1
14.67 1
14.68 0
14.69 0
14.700000000000001 0
14.71 0
14.72 0
14.73 0
14.74 0
14.75 0
14.76 0
14.77 0
14.780000000000001 0
14.790000000000001 0
14.8 0
14.81 0
14.82 0
14.83 0
14.84 0
14.85 0
14.86 0
14.870000000000001 0
14.88 0
14.89 0
14.9 0
14.91 0
14.92 0
14.93 0
14.94 0
14.950000000000001 0
14.96 0
14.97 0
14.98 0
14.99 0
15.0 0
15.01 0
15.02 0
15.030000000000001 0
15.040000000000001 0
15.05 0
15.06 0
15.07 0
15.08 0
15.09 0
15.1 0
15.11 0
15.120000000000001 0
15.13 0
15.14 0
15.15 0
15.16 0
15.17 0
15.18 0
15.19 0
15.200000000000001 0
15.21 0
15.22 0
15.23 0
15.24 0
15.25 0
15.26 0
15.27 1
15.280000000000001 1
15.290000000000001 1
15.3 1
15.31 1
15.32 1
15.33 1
15.34 1
15.35 1
15.36 1
15.370000000000001 1
15.38 1
15.39 1
15.4 1
15.41 1
15.42 1
15.43 1
15.44 1
15.450000000000001 1
15.46 1
15.47 1
15.48 1
15.49 1
15.5 1
15.51 1
15.52 1
15.530000000000001 1
15.540000000000001 1
15.55 1
15.56 1
15.57 1
15.58 1
15.59 1
15.6 1
15.610000000000001 1
15.620000000000001 1
15.63 1
15.64 1
15.65 1
15.66 1
15.67 1
15.68 1
15.69 1
15.700000000000001 1
15.71 1
15.72 1
15.73 1
15.74 1
15.75 1
15.76 1
15.77 1
15.780000000000001 1
15.790000000000001 1
15.8 1
15.81 1
15.82 1
15.83 1
15.84 1
15.85 1
15.860000000000001 1
15.870000000000001 1
15.88 1
15.89 1
15.9 1
15.91 1
15.92 1
15.93 1
15.94 1
15.950000000000001 1
15.96 1
15.97 1
15.98 1
15.99 1
16.0 1
16.01 1
16.02 1
16.03 1
16.04 1
16.05 1
16.06 1
16.07 1
16.080000000000002 1
16.09 1
16.1 1
16.11 1
16.12 1
16.13 1
16.14 1
16.15 1
16.16 1
16.17 1
16.18 1
16.19 1
16.2 1
16.21 1
16.22 1
16.23 1
16.240000000000002 1
16.25 1
16.26 1
16.27 1
16.28 1
16.29 1
16.3 1
16.31 1
16.32 1
16.330000000000002 1
16.34 1
16.35 1
16.36 1
16.37 1
16.38 1
16.39 1
16.4 1
16.41 1
16.42 1
16.43 1
16.44 1
16.45 1
16.46 1
16.47 1
16.48 1
16.490000000000002 1
16.5 1
16.51 1
16.52 1
16.53 1
16.54 1
16.55 0
16.56 0
16.57 0
16.580000000000002 0
16.59 1
16.6 1
16.61 1
16.62 1
16.63 1
16.64 1
16.65 1
16.66 1
16.67 1
16.68 1
16.69 1
16.7 1
16.71 1
16.72 1
16.73 1
16.740000000000002 1
16.75 1
16.76 1
16.77 1
16.78 1
16.79 1
16.8 1
16.81 1
16.82 1
16.830000000000002 1
16.84 1
16.85 1
16.86 1
16.87 1
16.88 1
16.89 1
16.9 1
16.91 1
16.92 1
16.93 1
16.94 1
16.95 1
16.96 1
16.97 1
16.98 1
16.990000000000002 1
17.0 1
17.01 1
17.02 1
17.03 1
17.04 1
17.05 1
17.06 1
17.07 1
17.080000000000002 1
17.09 1
17.1 1
17.11 1
17.12 1
17.13 1
17.14 1
17.150000000000002 1
17.16 1
17.17 1
17.18 1
17.19 1
17.2 1
17.21 1
17.22 1
17.23 1
17.240000000000002 1
17.25 1
17.26 1
17.27 1
17.28 1
17.29 1
17.3 1
17.31 1
17.32 1
17.330000000000002 1
17.34 1
17.35 1
17.36 1
17.37 1
17.38 1
17.39 1
17.400000000000002 1
17.41 1
17.42 1
17.43 1
17.44 1
17.45 0
17.46 0
17.47 0
17.48 0
17.490000000000002 1
17.5 1
17.51 1
17.52 1
17.53 1
17.54 1
17.55 1
17.56 1
17.57 1
17.580000000000002 1
17.59 1
17.6 1
17.61 1
17.62 1
17.63 1
17.64 1
17.650000000000002 1
17.66 1
17.67 1
17.68 1
17.69 1
17.7 1
17.71 1
17.72 1
17.73 1
17.740000000000002 1
17.75 1
17.76 0
17.77 0
17.78 0
17.79 0
17.8 0
17.81 1
17.82 1
17.830000000000002 1
17.84 1
17.85 1
17.86 1
17.87 1
17.88 1
17.89 1
17.900000000000002 1
17.91 1
17.92 1
17.93 1
17.94 1
17.95 1
17.96 1
17.97 1
17.98 1
17.990000000000002 1
18.0 1
18.01 1
18.02 1
18.03 1
18.04 1
18.05 1
18.06 1
18.07 1
18.080000000000002 1
18.09 1
18.1 1
18.11 1
18.12 1
18.13 1
18.14 1
18.150000000000002 1
18.16 1
18.17 1
18.18 1
18.19 1
18.2 1
18.21 1
18.22 1
18.23 1
18.240000000000002 1
18.25 1
18.26 1
18.27 1
18.28 1
18.29 1
18.3 1
18.31 1
18.32 1
18.330000000000002 1
18.34 1
18.35 1
18.36 1
18.37 1
18.38 1
18.39 1
18.400000000000002 1
18.41 1
18.42 1
18.43 1
18.44 1
18.45 1
18.46 1
18.47 1
18.48 1
18.490000000000002 1
18.5 1
18.51 1
18.52 1
18.53 1
18.54 1
18.55 1
18.56 1
18.57 1
18.580000000000002 1
18.59 1
18.6 1
18.61 1
18.62 1
18.63 1
18.64 1
18.650000000000002 1
18.66 1
18.67 1
18.68 1
18.69 1
18.7 1
18.71 1
18.72 1
18.73 1
18.740000000000002 1
18.75 1
18.76 1
18.77 1
18.78 1
18.79 1
18.8 1
18.81 1
18.82 1
18.830000000000002 1
18.84 1
18.85 1
18.86 1
18.87 1
18.88 1
18.89 1
18.900000000000002 1
18.91 1
18.92 1
18.93 1
18.94 1
18.95 1
18.96 1
18.97 1
18.98 1
18.990000000000002 1
19.0 1
19.01 1
19.02 1
19.03 1
19.04 1
19.05 1
19.06 1
19.07 1
19.080000000000002 1
19.09 1
19.1 1
19.11 1
19.12 1
19.13 1
19.14 1
19.150000000000002 1
19.16 1
19.17 1
19.18 1
19.19 1
19.2 1
19.21 1
19.22 1
19.23 1
19.240000000000002 1
19.25 1
19.26 1
19.27 1
19.28 1
19.29 1
19.3 1
19.31 1
19.32 1
19.330000000000002 1
19.34 1
19.35 1
19.36 1
19.37 1
19.38 1
19.39 1
19.400000000000002 1
19.41 1
19.42 1
19.43 1
19.44 1
19.45 1
19.46 1
19.47 1
19.48 1
19.490000000000002 1
19.5 1
19.51 1
19.52 1
19.53 1
19.54 1
19.55 1
19.56 1
19.57 1
19.580000000000002 1
19.59 1
19.6 1
19.61 1
19.62 1
19.63 1
19.64 1
19.650000000000002 1
19.66 1
19.67 1
19.68 1
19.69 1
19.7 1
19.71 1
19.72 1
19.73 1
19.740000000000002 1
19.75 1
19.76 1
19.77 1
19.78 1
19.79 1
19.8 1
19.81 1
19.82 1
19.830000000000002 1
19.84 1
19.85 1
19.86 1
19.87 1
19.88 1
19.89 1
19.900000000000002 1
19.91 1
19.92 1
19.93 1
19.94 1
19.95 1
19.96 1
19.97 1
19.98 1
19.990000000000002 1
20.0 1
20.01 1
20.02 1
20.03 1
20.04 1
20.05 1
20.06 1
20.07 1
20.080000000000002 1
20.09 1
20.1 1
20.11 1
20.12 1
20.13 1
20.14 1
20.150000000000002 1
20.16 1
20.17 1
20.18 1
20.19 1
20.2 1
20.21 1
20.22 1
20.23 1
20.240000000000002 1
20.25 1
20.26 1
20.27 1
20.28 1
20.29 1
20.3 1
20.31 1
20.32 1
20.330000000000002 1
20.34 1
20.35 1
20.36 1
20.37 1
20.38 1
20.39 1
20.400000000000002 1
20.41 1
20.42 1
20.43 1
20.44 1
20.45 1
20.46 1
20.47 1
20.48 1
20.490000000000002 1
20.5 1
20.51 1
20.52 1
20.53 1
20.54 1
20.55 1
20.56 1
20.57 1
20.580000000000002 1
20.59 1
20.6 1
20.61 1
20.62 1
20.63 1
20.64 1
20.650000000000002 1
20.66 1
20.67 1
20.68 1
20.69 1
20.7 1
20.71 1
20.72 1
20.73 1
20.740000000000002 1
20.75 1
20.76 1
20.77 1
20.78 1
20.79 1
20.8 1
20.81 1
20.82 1
20.830000000000002 1
20.84 1
20.85 1
20.86 1
20.87 1
20.88 1
20.89 1
20.900000000000002 1
20.91 1
20.92 1
20.93 1
20.94 1
20.95 1
20.96 1
20.97 1
20.98 1
20.990000000000002 1
21.0 1
21.01 1
21.02 1
21.03 1
21.04 1
21.05 1
21.06 1
21.07 1
21.080000000000002 1
21.09 1
21.1 1
21.11 1
21.12 1
21.13 1
21.14 1
21.150000000000002 1
21.16 1
21.17 1
21.18 1
21.19 1
21.2 1
21.21 1
21.22 1
21.23 1
21.240000000000002 1
21.25 1
21.26 1
21.27 1
21.28 1
21.29 1
21.3 1
21.31 1
21.32 1
21.330000000000002 1
21.34 1
21.35 1
21.36 1
21.37 1
21.38 1
21.39 1
21.400000000000002 1
21.41 1
21.42 0
21.43 0
21.44 0
21.45 0
21.46 0
21.47 0
21.48 0
21.490000000000002 0
21.5 0
21.51 0
21.52 1
21.53 1
21.54 1
21.55 1
21.56 1
21.57 1
21.580000000000002 1
21.59 1
21.6 1
21.61 1
21.62 1
21.63 1
21.64 1
21.650000000000002 1
21.66 1
21.67 1
21.68 1
21.69 1
21.7 1
21.71 1
21.72 1
21.73 1
21.740000000000002 1
21.75 1
21.76 1
21.77 1
21.78 1
21.79 1
21.8 1
21.81 1
21.82 1
21.830000000000002 1
21.84 1
21.85 1
21.86 1
21.87 1
21.88 1
21.89 1
21.900000000000002 1
21.91 1
21.92 1
21.93 1
21.94 1
21.95 1
21.96 1
21.97 1
21.98 1
21.990000000000002 1
22.0 1
22.01 1
22.02 1
22.03 1
22.04 1
22.05 1
22.06 1
22.07 1
22.080000000000002 1
22.09 1
22.1 1
22.11 1
22.12 1
22.13 1
22.14 1
22.150000000000002 1
22.16 1
22.17 1
22.18 1
22.19 1
22.2 0
22.21 0
22.22 0
22.23 0
22.240000000000002 0
22.25 0
22.26 0
22.27 0
22.28 0
22.29 0
22.3 0
22.31 0
22.32 0
22.330000000000002 0
22.34 0
22.35 0
22.36 0
22.37 0
22.38 0
22.39 0
22.400000000000002 0
22.41 0
22.42 0
22.43 0
22.44 0
22.45 0
22.46 0
22.47 0
22.48 0
22.490000000000002 0
22.5 0
22.51 0
22.52 0
22.53 0
22.54 0
22.55 0
22.56 0
22.57 0
22.580000000000002 0
22.59 0
22.6 0
22.61 0
22.62 0
22.63 0
22.64 0
22.650000000000002 0
22.66 0
22.67 0
22.68 0
22.69 0
22.7 0
22.71 0
22.72 0
22.73 0
22.740000000000002 1
22.75 1
22.76 1
22.77 1
22.78 1
22.79 1
22.8 1
22.81 1
22.82 1
22.830000000000002 1
22.84 1
22.85 1
22.86 1
22.87 1
22.88 1
22.89 1
22.900000000000002 1
22.91 1
22.92 1
22.93 1
22.94 1
22.95 1
22.96 1
22.97 1
22.98 1
22.990000000000002 1
23.0 1
23.01 1
23.02 1
23.03 1
23.04 1
23.05 1
23.06 1
23.07 1
23.080000000000002 1
23.09 1
23.1 1
23.11 1
23.12 1
23.13 1
23.14 1
23.150000000000002 1
23.16 1
23.17 1
23.18 1
23.19 1
23.2 1
23.21 1
23.22 1
23.23 1
23.240000000000002 1
23.25 1
23.26 1
23.27 1
23.28 1
23.29 1
23.3 1
23.31 1
23.32 1
23.330000000000002 1
23.34 1
23.35 1
23.36 1
23.37 1
23.38 1
23.39 1
23.400000000000002 1
23.41 1
23.42 1
23.43 1
23.44 1
23.45 1
23.46 1
23.47 1
23.48 1
23.490000000000002 1
23.5 1
23.51 1
23.52 1
23.53 1
23.54 1
23.55 1
23.56 1
23.57 1
23.580000000000002 1
23.59 1
23.6 1
23.61 1
23.62 1
23.63 1
23.64 1
23.650000000000002 1
23.66 1
23.67 1
23.68 1
23.69 1
23.7 1
23.71 1
23.72 1
23.73 1
23.740000000000002 1
23.75 1
23.76 1
23.77 1
23.78 1
23.79 1
23.8 1
23.81 1
23.82 1
23.830000000000002 1
23.84 1
23.85 1
23.86 1
23.87 1
23.88 1
23.89 1
23.900000000000002 1
23.91 1
23.92 1
23.93 1
23.94 1
23.95 0
23.96 0
23.97 0
23.98 0
23.990000000000002 0
24.0 0
24.01 0
24.02 0
24.03 0
24.04 0
24.05 0
24.060000000000002 1
24.07 1
24.080000000000002 1
24.09 1
24.1 1
24.11 1
24.12 1
24.13 1
24.14 1
24.150000000000002 1
24.16 1
24.17 1
24.18 1
24.19 1
24.2 1
24.21 1
24.22 1
24.23 1
24.240000000000002 1
24.25 1
24.26 1
24.27 1
24.28 1
24.29 1
24.3 1
24.310000000000002 1
24.32 1
24.330000000000002 1
24.34 1
24.35 1
24.36 1
24.37 1
24.38 1
24.39 1
24.400000000000002 1
24.41 1
24.42 1
24.43 1
24.44 1
24.45 1
24.46 1
24.47 1
24.48 1
24.490000000000002 1
24.5 1
24.51 1
24.52 1
24.53 1
24.54 1
24.55 1
24.560000000000002 1
24.57 1
24.580000000000002 1
24.59 1
24.6 1
24.61 1
24.62 1
24.63 1
24.64 1
24.650000000000002 1
24.66 1
24.67 1
24.68 1
24.69 1
24.7 1
24.71 1
24.72 1
24.73 1
24.740000000000002 1
24.75 1
24.76 1
24.77 1
24.78 1
24.79 1
24.8 1
24.810000000000002 1
24.82 1
24.830000000000002 1
24.84 1
24.85 1
24.86 1
24.87 1
24.88 1
24.89 1
24.900000000000002 1
24.91 1
24.92 1
24.93 1
24.94 1
24.95 1
24.96 1
24.97 1
24.98 1
24.990000000000002 1
25.0 1
25.01 1
25.02 1
25.03 1
25.04 1
25.05 1
25.060000000000002 1
25.07 1
25.080000000000002 1
25.09 1
25.1 1
25.11 1
25.12 1
25.13 1
25.14 1
25.150000000000002 1
25.16 1
25.17 1
25.18 1
25.19 1
25.2 1
25.21 1
25.22 1
25.23 1
25.240000000000002 1
25.25 1
25.26 1
25.27 1
25.28 1
25.29 1
25.3 1
25.310000000000002 0
25.32 0
25.330000000000002 0
25.34 0
25.35 0
25.36 0
25.37 0
25.38 0
25.39 0
25.400000000000002 0
25.41 0
25.42 0
25.43 0
25.44 1
25.45 1
25.46 1
25.47 1
25.48 1
25.490000000000002 1
25.5 1
25.51 1
25.52 1
25.53 1
25.54 1
25.55 1
25.560000000000002 1
25.57 1
25.580000000000002 1
25.59 1
25.6 1
25.61 1
25.62 1
25.63 1
25.64 1
25.650000000000002 1
25.66 1
25.67 1
25.68 1
25.69 1
25.7 1
25.71 1
25.72 1
25.73 1
25.740000000000002 1
25.75 1
25.76 1
25.77 1
25.78 1
25.79 1
25.8 1
25.810000000000002 1
25.82 1
25.830000000000002 1
25.84 1
25.85 1
25.86 1
25.87 1
25.88 1
25.89 1
25.900000000000002 1
25.91 1
25.92 1
25.93 1
25.94 1
25.95 1
25.96 1
25.97 1
25.98 1
25.990000000000002 1
26.0 1
26.01 1
26.02 1
26.03 1
26.04 1
26.05 1
26.060000000000002 1
26.07 1
26.080000000000002 1
26.09 1
26.1 1
26.11 1
26.12 1
26.13 1
26.14 1
26.150000000000002 1
26.16 1
26.17 1
26.18 1
26.19 1
26.2 1
26.21 1
26.22 1
26.23 1
26.240000000000002 1
26.25 1
26.26 1
26.27 1
26.28 1
26.29 1
26.3 1
26.310000000000002 1
26.32 1
26.330000000000002 1
26.34 1
26.35 1
26.36 1
26.37 1
26.38 1
26.39 1
26.400000000000002 1
26.41 1
26.42 1
26.43 1
26.44 1
26.45 1
26.46 1
26.47 1
26.48 1
26.490000000000002 1
26.5 1
26.51 1
26.52 1
26.53 1
26.54 1
26.55 1
26.560000000000002 1
26.57 1
26.580000000000002 1
26.59 1
26.6 1
26.61 1
26.62 1
26.63 1
26.64 1
26.650000000000002 1
26.66 1
26.67 1
26.68 1
26.69 0
26.7 0
26.71 0
26.72 0
26.73 0
26.740000000000002 0
26.75 0
26.76 0
26.77 0
26.78 0
26.79 0
26.8 0
26.810000000000002 0
26.82 0
26.830000000000002 0
26.84 0
26.85 0
26.86 0
26.87 0
26.88 0
26.89 0
26.900000000000002 0
26.91 0
26.92 0
26.93 0
26.94 0
26.95 0
26.96 0
26.97 0
26.98 0
26.990000000000002 0
27.0 0
27.01 0
27.02 0
27.03 0
27.04 0
27.05 0
27.060000000000002 0
27.07 0
27.080000000000002 0
27.09 0
27.1 0
27.11 0
27.12 0
27.13 0
27.14 0
27.150000000000002 0
27.16 0
27.17 0
27.18 0
27.19 0
27.2 0
27.21 0
27.22 0
27.23 0
27.240000000000002 0
27.25 0
27.26 0
27.27 0
27.28 0
27.29 0
27.3 0
27.310000000000002 0
27.32 0
27.330000000000002 0
27.34 0
27.35 0
27.36 0
27.37 0
27.38 0
27.39 0
27.400000000000002 0
27.41 0
27.42 0
27.43 0
27.44 0
27.45 0
27.46 0
27.47 0
27.48 0
27.490000000000002 0
27.5 0
27.51 0
27.52 0
27.53 0
27.54 0
27.55 0
27.560000000000002 0
27.57 0
27.580000000000002 0
27.59 0
27.6 0
27.61 0
27.62 0
27.63 0
27.64 0
27.650000000000002 0
27.66 0
27.67 0
27.68 0
27.69 0
27.7 0
27.71 0
27.72 0
27.73 0
27.740000000000002 0
27.75 0
27.76 0
27.77 0
27.78 0
27.79 0
27.8 0
27.810000000000002 0
27.82 0
27.830000000000002 0
27.84 0
27.85 0
27.86 0
27.87 0
27.88 0
27.89 0
27.900000000000002 0
27.91 0
27.92 0
27.93 0
27.94 0
27.95 0
27.96 0
27.97 0
27.98 0
27.990000000000002 0
28.0 0
28.01 0
28.02 0
28.03 0
28.04 0
28.05 0
28.060000000000002 0
28.07 0
28.080000000000002 0
28.09 0
28.1 0
28.11 0
28.12 0
28.13 0
28.14 0
28.150000000000002 0
28.16 0
28.17 0
28.18 0
28.19 0
28.2 0
28.21 0
28.22 0
28.23 0
28.240000000000002 0
28.25 0
28.26 0
28.27 0
28.28 0
28.29 0
28.3 0
28.310000000000002 0
28.32 0
28.330000000000002 0
28.34 0
28.35 0
28.36 0
28.37 0
28.38 0
28.39 0
28.400000000000002 0
28.41 0
28.42 0
28.43 0
28.44 0
28.45 0
28.46 0
28.47 0
28.48 0
28.490000000000002 0
28.5 0
28.51 0
28.52 0
28.53 0
28.54 0
28.55 0
28.560000000000002 0
28.57 0
28.580000000000002 0
28.59 0
28.6 0
28.61 0
28.62 0
28.63 0
28.64 0
28.650000000000002 0
28.66 0
28.67 0
28.68 0
28.69 0
28.7 0
28.71 0
28.72 0
28.73 0
28.740000000000002 0
28.75 0
28.76 0
28.77 0
28.78 0
28.79 0
28.8 0
28.810000000000002 0
28.82 0
28.830000000000002 0
28.84 0
28.85 0
28.86 0
28.87 0
28.88 0
28.89 0
28.900000000000002 0
28.91 0
28.92 0
28.93 0
28.94 0
28.95 0
28.96 0
28.97 0
28.98 0
28.990000000000002 0
29.0 0
29.01 0
29.02 0
29.03 0
29.04 0
29.05 0
29.060000000000002 0
29.07 0
29.080000000000002 0
29.09 0
29.1 0
29.11 0
29.12 0
29.13 0
29.14 0
29.150000000000002 0
29.16 0
29.17 0
29.18 0
29.19 0
29.2 0
29.21 0
29.22 0
29.23 0
29.240000000000002 0
29.25 0
29.26 0
29.27 0
29.28 0
29.29 0
29.3 0
29.310000000000002 0
29.32 0
29.330000000000002 0
29.34 0
29.35 0
29.36 0
29.37 0
29.38 0
29.39 0
29.400000000000002 0
29.41 0
29.42 0
29.43 0
29.44 0
29.45 0
29.46 0
29.47 0
29.48 0
29.490000000000002 0
29.5 1
29.51 1
29.52 1
29.53 1
29.54 1
29.55 1
29.560000000000002 1
29.57 1
29.580000000000002 1
29.59 1
29.6 1
29.61 1
29.62 1
29.63 1
29.64 1
29.650000000000002 1
29.66 1
29.67 1
29.68 1
29.69 1
29.7 1
29.71 1
29.72 1
29.73 1
29.740000000000002 1
29.75 1
29.76 1
29.77 1
29.78 1
29.79 1
29.8 1
29.810000000000002 1
29.82 1
29.830000000000002 1
29.84 1
29.85 1
29.86 1
29.87 1
29.88 1
29.89 1
29.900000000000002 1
29.91 1
29.92 1
29.93 1
29.94 1
29.95 1
29.96 1
29.97 1
29.98 1
29.990000000000002 1
30.0 1
30.01 1
30.02 1
30.03 1
30.04 1
30.05 1
30.060000000000002 1
30.07 1
30.080000000000002 1
30.09 1
30.1 1
30.11 1
30.12 1
30.13 1
30.14 1
30.150000000000002 1
30.16 1
30.17 1
30.18 1
30.19 1
30.2 1
30.21 1
30.22 1
30.23 1
30.240000000000002 1
30.25 1
30.26 1
30.27 1
30.28 1
30.29 1
30.3 1
30.310000000000002 1
30.32 1
30.330000000000002 1
30.34 1
30.35 1
30.36 1
30.37 1
30.38 1
30.39 1
30.400000000000002 1
30.41 1
30.42 1
30.43 1
30.44 1
30.45 1
30.46 1
30.47 1
30.48 1
30.490000000000002 1
30.5 1
30.51 1
30.52 1
30.53 1
30.54 1
30.55 1
30.560000000000002 1
30.57 1
30.580000000000002 1
30.59 1
30.6 1
30.61 1
30.62 1
30.63 1
30.64 1
30.650000000000002 1
30.66 1
30.67 1
30.68 1
30.69 1
30.7 1
30.71 1
30.72 1
30.73 1
30.740000000000002 1
30.75 1
30.76 1
30.77 1
30.78 1
30.79 1
30.8 1
30.810000000000002 1
30.82 1
30.830000000000002 1
30.84 1
30.85 1
30.86 1
30.87 1
30.88 1
30.89 1
30.900000000000002 1
30.91 1
30.92 1
30.93 1
30.94 1
30.95 1
30.96 1
30.970000000000002 1
30.98 1
30.990000000000002 1
31.0 1
31.01 1
31.02 1
31.03 1
31.04 1
31.05 1
31.060000000000002 1
31.07 1
31.080000000000002 1
31.09 1
31.1 1
31.11 1
31.12 1
31.13 1
31.14 1
31.150000000000002 1
31.16 1
31.17 1
31.18 1
31.19 0
31.2 0
31.21 0
31.220000000000002 0
31.23 0
31.240000000000002 0
31.25 0
31.26 0
31.27 0
31.28 0
31.29 0
31.3 1
31.310000000000002 1
31.32 1
31.330000000000002 1
31.34 1
31.35 1
31.36 1
31.37 1
31.38 1
31.39 1
31.400000000000002 1
31.41 1
31.42 1
31.43 1
31.44 1
31.45 1
31.46 1
31.470000000000002 1
31.48 1
31.490000000000002 1
31.5 1
31.51 1
31.52 1
31.53 1
31.54 1
31.55 1
31.560000000000002 1
31.57 1
31.580000000000002 1
31.59 1
31.6 1
31.61 1
31.62 1
31.63 1
31.64 1
31.650000000000002 1
31.66 1
31.67 1
31.68 1
31.69 1
31.7 1
31.71 1
31.720000000000002 1
31.73 1
31.740000000000002 1
31.75 1
31.76 1
31.77 1
31.78 1
31.79 1
31.8 1
31.810000000000002 1
31.82 1
31.830000000000002 1
31.84 1
31.85 1
31.86 1
31.87 1
31.88 1
31.89 1
31.900000000000002 1
31.91 1
31.92 1
31.93 1
31.94 1
31.95 1
31.96 1
31.970000000000002 1
31.98 1
31.990000000000002 1
32.0 1
32.01 1
32.02 1
32.03 1
32.04 1
32.05 1
32.06 1
32.07 1
32.08 1
32.09 1
32.1 1
32.11 1
32.12 1
32.13 1
32.14 1
32.15 1
32.160000000000004 1
32.17 1
32.18 1
32.19 1
32.2 1
32.21 1
32.22 1
32.230000000000004 1
32.24 1
32.25 1
32.26 1
32.27 1
32.28 1
32.29 1
32.3 1
32.31 1
32.32 1
32.33 1
32.34 1
32.35 1
32.36 1
32.37 1
32.38 1
32.39 1
32.4 1
32.410000000000004 1
32.42 1
32.43 1
32.44 1
32.45 1
32.46 1
32.47 1
32.480000000000004 1
32.49 1
32.5 1
32.51 1
32.52 1
32.53 1
32.54 1
32.55 1
32.56 1
32.57 1
32.58 1
32.59 1
32.6 1
32.61 1
32.62 1
32.63 1
32.64 1
32.65 1
32.660000000000004 1
32.67 1
32.68 1
32.69 1
32.7 1
32.71 1
32.72 1
32.730000000000004 1
32.74 1
32.75 1
32.76 1
32.77 1
32.78 1
32.79 1
32.8 1
32.81 1
32.82 1
32.83 1
32.84 1
32.85 1
32.86 1
32.87 1
32.88 1
32.89 1
32.9 1
32.910000000000004 1
32.92 1
32.93 1
32.94 1
32.95 1
32.96 0
32.97 0
32.980000000000004 0
32.99 0
33.0 0
33.01 0
33.02 0
33.03 0
33.04 0
33.05 0
33.06 0
33.07 1
33.08 1
33.09 1
33.1 1
33.11 1
33.12 1
33.13 1
33.14 1
33.15 1
33.160000000000004 1
33.17 1
33.18 1
33.19 1
33.2 1
33.21 1
33.22 1
33.230000000000004 1
33.24 1
33.25 1
33.26 1
33.27 1
33.28 1
33.29 1
33.3 1
33.31 1
33.32 1
33.33 1
33.34 1
33.35 1
33.36 1
33.37 1
33.38 1
33.39 1
33.4 1
33.410000000000004 1
33.42 1
33.43 1
33.44 1
33.45 1
33.46 1
33.47 1
33.480000000000004 1
33.49 1
33.5 1
33.51 1
33.52 1
33.53 1
33.54 1
33.55 1
33.56 1
33.57 1
33.58 1
33.59 1
33.6 1
33.61 1
33.62 1
33.63 1
33.64 1
33.65 1
33.660000000000004 1
33.67 1
33.68 1
33.69 1
33.7 0
33.71 0
33.72 0
33.730000000000004 0
33.74 0
33.75 0
33.76 0
33.77 0
33.78 0
33.79 0
33.8 0
33.81 0
33.82 0
33.83 0
33.84 0
33.85 0
33.86 0
33.87 0
33.88 0
33.89 0
33.9 0
33.910000000000004 0
33.92 0
33.93 0
33.94 0
33.95 0
33.96 0
33.97 0
33.980000000000004 0
33.99 0
34.0 0
34.01 0
34.02 0
34.03 0
34.04 0
34.05 0
34.06 0
34.07 0
34.08 0
34.09 0
34.1 0
34.11 0
34.12 0
34.13 0
34.14 0
34.15 0
34.160000000000004 0
34.17 0
34.18 0
34.19 0
34.2 0
34.21 0
34.22 0
34.230000000000004 0
34.24 1
34.25 1
34.26 1
34.27 1
34.28 1
34.29 1
34.300000000000004 1
34.31 1
34.32 1
34.33 1
34.34 1
34.35 1
34.36 1
34.37 1
34.38 1
34.39 1
34.4 1
34.410000000000004 1
34.42 1
34.43 1
34.44 1
34.45 1
34.46 1
34.47 1
34.480000000000004 1
34.49 1
34.5 1
34.51 1
34.52 1
34.53 1
34.54 1
34.550000000000004 1
34.56 1
34.57 1
34.58 1
34.59 1
34.6 1
34.61 1
34.62 1
34.63 1
34.64 1
34.65 1
34.660000000000004 1
34.67 1
34.68 1
34.69 1
34.7 1
34.71 1
34.72 1
34.730000000000004 1
34.74 1
34.75 1
34.76 1
34.77 1
34.78 1
34.79 1
34.800000000000004 1
34.81 1
34.82 1
34.83 1
34.84 1
34.85 1
34.86 1
34.87 1
34.88 1
34.89 1
34.9 1
34.910000000000004 1
34.92 1
34.93 1
34.94 1
34.95 1
34.96 1
34.97 1
34.980000000000004 1
34.99 1
35.0 1
35.01 1
35.02 1
35.03 1
35.04 1
35.050000000000004 1
35.06 1
35.07 1
35.08 1
35.09 1
35.1 1
35.11 1
35.12 1
35.13 1
35.14 1
35.15 1
35.160000000000004 1
35.17 1
35.18 1
35.19 1
35.2 1
35.21 1
35.22 1
35.230000000000004 1
35.24 1
35.25 1
35.26 1
35.27 1
35.28 1
35.29 1
35.300000000000004 1
35.31 1
35.32 1
35.33 1
35.34 1
35.35 1
35.36 1
35.37 0
35.38 0
35.39 0
35.4 0
35.410000000000004 0
35.42 0
35.43 0
35.44 0
35.45 0
35.46 0
35.47 0
35.480000000000004 1
35.49 1
35.5 1
35.51 1
35.52 1
35.53 1
35.54 1
35.550000000000004 1
35.56 1
35.57 1
35.58 1
35.59 1
35.6 1
35.61 1
35.62 1
35.63 1
35.64 1
35.65 1
35.660000000000004 1
35.67 1
35.68 1
35.69 1
35.7 1
35.71 1
35.72 1
35.730000000000004 1
35.74 1
35.75 1
35.76 1
35.77 1
35.78 1
35.79 1
35.800000000000004 1
35.81 1
35.82 1
35.83 1
35.84 1
35.85 1
35.86 1
35.87 1
35.88 1
35.89 1
35.9 1
35.910000000000004 1
35.92 1
35.93 1
35.94 1
35.95 1
35.96 1
35.97 1
35.980000000000004 1
35.99 1
36.0 0
36.01 0
36.02 0
36.03 0
36.04 0
36.050000000000004 0
36.06 0
36.07 0
36.08 0
36.09 0
36.1 0
36.11 0
36.12 0
36.13 0
36.14 0
36.15 0
36.160000000000004 0
36.17 0
36.18 0
36.19 0
36.2 0
36.21 0
36.22 0
36.230000000000004 0
36.24 0
36.25 0
36.26 0
36.27 0
36.28 0
36.29 0
36.300000000000004 0
36.31 0
36.32 0
36.33 0
36.34 0
36.35 0
36.36 0
36.37 0
36.38 0
36.39 0
36.4 0
36.410000000000004 0
36.42 0
36.43 0
36.44 0
36.45 0
36.46 0
36.47 0
36.480000000000004 0
36.49 0
36.5 0
36.51 0
36.52 0
36.53 0
36.54 1
36.550000000000004 1
36.56 1
36.57 1
36.58 1
36.59 1
36.6 1
36.61 1
36.62 1
36.63 1
36.64 1
36.65 1
36.660000000000004 1
36.67 1
36.68 1
36.69 1
36.7 1
36.71 1
36.72 1
36.730000000000004 1
36.74 1
36.75 1
36.76 1
36.77 1
36.78 1
36.79 1
36.800000000000004 1
36.81 1
36.82 1
36.83 1
36.84 1
36.85 1
36.86 1
36.87 1
36.88 1
36.89 1
36.9 1
36.910000000000004 1
36.92 1
36.93 1
36.94 1
36.95 1
36.96 1
36.97 1
36.980000000000004 1
36.99 1
37.0 1
37.01 1
37.02 1
37.03 1
37.04 1
37.050000000000004 1
37.06 1
37.07 1
37.08 1
37.09 1
37.1 1
37.11 1
37.12 1
37.13 1
37.14 1
37.15 1
37.160000000000004 1
37.17 1
37.18 1
37.19 1
37.2 1
37.21 1
37.22 1
37.230000000000004 1
37.24 1
37.25 1
37.26 1
37.27 1
37.28 1
37.29 1
37.300000000000004 1
37.31 1
37.32 1
37.33 1
37.34 1
37.35 1
37.36 1
37.37 1
37.38 1
37.39 1
37.4 1
37.410000000000004 1
37.42 1
37.43 1
37.44 1
37.45 1
37.46 1
37.47 1
37.480000000000004 1
37.49 1
37.5 1
37.51 1
37.52 1
37.53 1
37.54 1
37.550000000000004 1
37.56 1
37.57 1
37.58 1
37.59 1
37.6 1
37.61 1
37.62 1
37.63 1
37.64 1
37.65 1
37.660000000000004 1
37.67 1
37.68 1
37.69 1
37.7 1
37.71 1
37.72 1
37.730000000000004 1
37.74 1
37.75 1
37.76 1
37.77 1
37.78 1
37.79 1
37.800000000000004 1
37.81 1
37.82 1
37.83 1
37.84 1
37.85 1
37.86 1
37.87 1
37.88 1
37.89 1
37.9 1
37.910000000000004 1
37.92 1
37.93 1
37.94 1
37.95 1
37.96 1
37.97 1
37.980000000000004 1
37.99 1
38.0 1
38.01 1
38.02 1
38.03 1
38.04 1
38.050000000000004 1
38.06 1
38.07 1
38.08 1
38.09 1
38.1 1
38.11 1
38.12 1
38.13 1
38.14 1
38.15 1
38.160000000000004 1
38.17 1
38.18 1
38.19 1
38.2 1
38.21 1
38.22 1
38.230000000000004 1
38.24 1
38.25 1
38.26 1
38.27 1
38.28 1
38.29 1
38.300000000000004 1
38.31 1
38.32 1
38.33 1
38.34 1
38.35 1
38.36 1
38.37 1
38.38 1
38.39 1
38.4 1
38.410000000000004 1
38.42 1
38.43 1
38.44 0
38.45 0
38.46 0
38.47 1
38.480000000000004 1
38.49 1
38.5 1
38.51 1
38.52 1
38.53 1
38.54 1
38.550000000000004 1
38.56 1
38.57 1
38.58 1
38.59 1
38.6 1
38.61 1
38.62 1
38.63 1
38.64 1
38.65 1
38.660000000000004 1
38.67 1
38.68 0
38.69 0
38.7 0
38.71 0
38.72 0
38.730000000000004 0
38.74 1
38.75 1
38.76 1
38.77 1
38.78 1
38.79 1
38.800000000000004 1
38.81 1
38.82 1
38.83 1
38.84 1
38.85 1
38.86 1
38.87 1
38.88 1
38.89 1
38.9 1
38.910000000000004 1
38.92 1
38.93 1
38.94 1
38.95 1
38.96 1
38.97 1
38.980000000000004 1
38.99 1
39.0 1
39.01 1
39.02 0
39.03 0
39.04 0
39.050000000000004 0
39.06 0
39.07 0
39.08 1
39.09 1
39.1 1
39.11 1
39.12 1
39.13 1
39.14 1
39.15 1
39.160000000000004 1
39.17 1
39.18 1
39.19 1
39.2 1
39.21 1
39.22 1
39.230000000000004 1
39.24 1
39.25 1
39.26 1
39.27 1
39.28 1
39.29 1
39.300000000000004 1
39.31 1
39.32 1
39.33 1
39.34 1
39.35 1
39.36 1
39.37 1
39.38 1
39.39 1
39.4 1
39.410000000000004 1
39.42 1
39.43 1
39.44 1
39.45 1
39.46 1
39.47 1
39.480000000000004 0
39.49 0
39.5 1
39.51 1
39.52 1
39.53 1
39.54 1
39.550000000000004 1
39.56 1
39.57 1
39.58 1
39.59 1
39.6 1
39.61 1
39.62 1
39.63 1
39.64 1
39.65 1
39.660000000000004 1
39.67 1
39.68 1
39.69 1
39.7 1
39.71 1
39.72 0
39.730000000000004 0
39.74 0
39.75 0
39.76 0
39.77 0
39.78 1
39.79 1
39.800000000000004 1
39.81 1
39.82 1
39.83 1
39.84 1
39.85 1
39.86 1
39.87 1
39.88 1
39.89 1
39.9 1
39.910000000000004 1
39.92 1
39.93 1
39.94 1
39.95 1
39.96 1
39.97 1
39.980000000000004 1
39.99 1
40.0 1
40.01 1
40.02 1
40.03 1
40.04 1
40.050000000000004 1
40.06 1
40.07 1
40.08 1
40.09 1
40.1 1
40.11 1
40.12 1
40.13 1
40.14 1
40.15 1
40.160000000000004 1
40.17 1
40.18 1
40.19 1
40.2 1
40.21 1
40.22 1
40.230000000000004 1
40.24 0
40.25 0
40.26 0
40.27 0
40.28 1
40.29 1
40.300000000000004 1
40.31 1
40.32 1
40.33 1
40.34 1
40.35 1
40.36 1
40.37 1
40.38 1
40.39 1
40.4 1
40.410000000000004 1
40.42 1
40.43 1
40.44 1
40.45 1
40.46 1
40.47 1
40.480000000000004 1
40.49 1
40.5 1
40.51 1
40.52 1
40.53 1
40.54 1
40.550000000000004 1
40.56 1
40.57 1
40.58 1
40.59 1
40.6 1
40.61 0
40.62 0
40.63 0
40.64 0
40.65 0
40.660000000000004 0
40.67 0
40.68 0
40.69 0
40.7 0
40.71 0
40.72 0
40.730000000000004 0
40.74 0
40.75 0
40.76 0
40.77 0
40.78 0
40.79 0
40.800000000000004 0
40.81 0
40.82 0
40.83 0
40.84 0
40.85 1
40.86 1
40.87 1
40.88 1
40.89 1
40.9 1
40.910000000000004 1
40.92 1
40.93 1
40.94 1
40.95 1
40.96 1
40.97 1
40.980000000000004 1
40.99 1
41.0 1
41.01 1
41.02 1
41.03 1
41.04 1
41.050000000000004 1
41.06 1
41.07 1
41.08 1
41.09 1
41.1 1
41.11 1
41.12 1
41.13 1
41.14 1
41.15 1
41.160000000000004 1
41.17 1
41.18 1
41.19 1
41.2 1
41.21 1
41.22 1
41.230000000000004 1
41.24 1
41.25 1
41.26 1
41.27 1
41.28 1
41.29 1
41.300000000000004 1
41.31 1
41.32 1
41.33 1
41.34 1
41.35 1
41.36 1
41.37 1
41.38 1
41.39 1
41.4 1
41.410000000000004 1
41.42 1
41.43 1
41.44 1
41.45 1
41.46 1
41.47 1
41.480000000000004 1
41.49 1
41.5 1
41.51 1
41.52 1
41.53 1
41.54 1
41.550000000000004 1
41.56 1
41.57 1
41.58 1
41.59 1
41.6 1
41.61 1
41.62 1
41.63 1
41.64 1
41.65 1
41.660000000000004 1
41.67 1
41.68 1
41.69 1
41.7 1
41.71 1
41.72 1
41.730000000000004 1
41.74 1
41.75 1
41.76 1
41.77 1
41.78 1
41.79 1
41.800000000000004 1
41.81 1
41.82 1
41.83 1
41.84 1
41.85 1
41.86 1
41.87 1
41.88 1
41.89 1
41.9 1
41.910000000000004 1
41.92 1
41.93 1
41.94 1
41.95 1
41.96 1
41.97 1
41.980000000000004 1
41.99 1
42.0 1
42.01 1
42.02 1
42.03 1
42.04 1
42.050000000000004 1
42.06 1
42.07 1
42.08 1
42.09 1
42.1 1
42.11 1
42.12 1
42.13 1
42.14 1
42.15 1
42.160000000000004 1
42.17 1
42.18 1
42.19 1
42.2 1
42.21 1
42.22 1
42.230000000000004 1
42.24 1
42.25 1
42.26 1
42.27 1
42.28 1
42.29 1
42.300000000000004 1
42.31 1
42.32 1
42.33 1
42.34 1
42.35 1
42.36 1
42.37 1
42.38 1
42.39 1
42.4 1
42.410000000000004 1
42.42 1
42.43 1
42.44 1
42.45 1
42.46 1
42.47 1
42.480000000000004 1
42.49 1
42.5 1
42.51 1
42.52 1
42.53 1
42.54 1
42.550000000000004 1
42.56 1
42.57 1
42.58 1
42.59 0
42.6 0
42.61 0
42.62 0
42.63 0
42.64 0
42.65 0
42.660000000000004 0
42.67 0
42.68 0
42.69 0
42.7 0
42.71 0
42.72 0
42.730000000000004 0
42.74 0
42.75 0
42.76 0
42.77 0
42.78 0
42.79 0
42.800000000000004 0
42.81 0
42.82 0
42.83 0
42.84 0
42.85 0
42.86 0
42.87 0
42.88 0
42.89 0
42.9 0
42.910000000000004 0
42.92 0
42.93 0
42.94 0
42.95 0
42.96 0
42.97 0
42.980000000000004 0
42.99 0
43.0 0
43.01 0
43.02 0
43.03 0
43.04 0
43.050000000000004 0
43.06 1
43.07 1
43.08 1
43.09 1
43.1 1
43.11 1
43.12 1
43.13 1
43.14 1
43.15 1
43.160000000000004 1
43.17 1
43.18 1
43.19 1
43.2 1
43.21 1
43.22 1
43.230000000000004 1
43.24 1
43.25 1
43.26 1
43.27 1
43.28 1
43.29 1
43.300000000000004 1
43.31 1
43.32 1
43.33 1
43.34 1
43.35 1
43.36 1
43.37 1
43.38 1
43.39 1
43.4 1
43.410000000000004 1
43.42 1
43.43 1
43.44 1
43.45 1
43.46 1
43.47 1
43.480000000000004 1
43.49 1
43.5 1
43.51 1
43.52 1
43.53 1
43.54 1
43.550000000000004 1
43.56 1
43.57 1
43.58 1
43.59 1
43.6 1
43.61 1
43.62 1
43.63 1
43.64 1
43.65 1
43.660000000000004 1
43.67 1
43.68 1
43.69 1
43.7 1
43.71 1
43.72 1
43.730000000000004 1
43.74 1
43.75 1
43.76 1
43.77 1
43.78 1
43.79 1
43.800000000000004 1
43.81 1
43.82 1
43.83 1
43.84 1
43.85 1
43.86 1
43.87 1
43.88 1
43.89 1
43.9 1
43.910000000000004 1
43.92 1
43.93 1
43.94 1
43.95 1
43.96 1
43.97 1
43.980000000000004 1
43.99 1
44.0 1
44.01 1
44.02 1
44.03 1
44.04 1
44.050000000000004 1
44.06 0
44.07 0
44.08 0
44.09 0
44.1 0
44.11 0
44.12 0
44.13 0
44.14 0
44.15 0
44.160000000000004 0
44.17 1
44.18 1
44.19 1
44.2 1
44.21 1
44.22 1
44.230000000000004 1
44.24 1
44.25 1
44.26 1
44.27 1
44.28 1
44.29 1
44.300000000000004 1
44.31 1
44.32 1
44.33 1
44.34 1
44.35 1
44.36 1
44.37 1
44.38 1
44.39 1
44.4 1
44.410000000000004 1
44.42 1
44.43 1
44.44 1
44.45 1
44.46 1
44.47 1
44.480000000000004 1
44.49 1
44.5 1
44.51 1
44.52 1
44.53 1
44.54 1
44.550000000000004 1
44.56 1
44.57 1
44.58 1
44.59 1
44.6 1
44.61 1
44.62 1
44.63 1
44.64 1
44.65 1
44.660000000000004 1
44.67 1
44.68 1
44.69 1
44.7 1
44.71 1
44.72 1
44.730000000000004 1
44.74 1
44.75 1
44.76 1
44.77 1
44.78 1
44.79 1
44.800000000000004 1
44.81 1
44.82 1
44.83 1
44.84 1
44.85 1
44.86 1
44.87 1
44.88 1
44.89 1
44.9 1
44.910000000000004 1
44.92 1
44.93 1
44.94 1
44.95 1
44.96 1
44.97 1
44.980000000000004 1
44.99 1
45.0 1
45.01 1
45.02 1
45.03 1
45.04 1
45.050000000000004 1
45.06 1
45.07 1
45.08 1
45.09 1
45.1 1
45.11 1
45.12 1
45.13 1
45.14 1
45.15 1
45.160000000000004 1
45.17 1
45.18 0
45.19 0
45.2 0
45.21 0
45.22 0
45.230000000000004 0
45.24 0
45.25 0
45.26 0
45.27 0
45.28 0
45.29 0
45.300000000000004 0
45.31 1
45.32 1
45.33 1
45.34 1
45.35 1
45.36 1
45.37 1
45.38 1
45.39 1
45.4 1
45.410000000000004 1
45.42 1
45.43 1
45.44 1
45.45 1
45.46 1
45.47 1
45.480000000000004 1
45.49 1
45.5 1
45.51 1
45.52 1
45.53 1
45.54 1
45.550000000000004 1
45.56 1
45.57 1
45.58 1
45.59 1
45.6 1
45.61 1
45.62 1
45.63 1
45.64 1
45.65 1
45.660000000000004 1
45.67 1
45.68 1
45.69 1
45.7 1
45.71 1
45.72 1
45.730000000000004 1
45.74 1
45.75 1
45.76 1
45.77 1
45.78 1
45.79 1
45.800000000000004 1
45.81 1
45.82 1
45.83 1
45.84 1
45.85 1
45.86 1
45.87 1
45.88 1
45.89 1
45.9 1
45.910000000000004 1
45.92 1
45.93 1
45.94 1
45.95 1
45.96 1
45.97 1
45.980000000000004 1
45.99 1
46.0 1
46.01 1
46.02 1
46.03 1
46.04 1
46.050000000000004 1
46.06 1
46.07 1
46.08 1
46.09 1
46.1 1
46.11 1
46.12 1
46.13 1
46.14 1
46.15 1
46.160000000000004 1
46.17 1
46.18 1
46.19 1
46.2 1
46.21 1
46.22 1
46.230000000000004 1
46.24 1
46.25 1
46.26 1
46.27 1
46.28 1
46.29 1
46.300000000000004 1
46.31 1
46.32 1
46.33 1
46.34 1
46.35 1
46.36 1
46.37 1
46.38 1
46.39 1
46.4 1
46.410000000000004 1
46.42 1
46.43 1
46.44 1
46.45 1
46.46 1
46.47 1
46.480000000000004 0
46.49 0
46.5 0
46.51 0
46.52 0
46.53 0
46.54 0
46.550000000000004 0
46.56 0
46.57 0
46.58 0
46.59 0
46.6 0
46.61 0
46.62 0
46.63 0
46.64 0
46.65 0
46.660000000000004 0
46.67 0
46.68 0
46.69 0
46.7 0
46.71 0
46.72 0
46.730000000000004 0
46.74 0
46.75 0
46.76 0
46.77 0
46.78 0
46.79 0
46.800000000000004 0
46.81 0
46.82 0
46.83 0
46.84 0
46.85 0
46.86 0
46.87 0
46.88 0
46.89 0
46.9 0
46.910000000000004 0
46.92 0
46.93 0
46.94 0
46.95 0
46.96 0
46.97 0
46.980000000000004 0
46.99 0
47.0 0
47.01 0
47.02 0
47.03 0
47.04 0
47.050000000000004 0
47.06 0
47.07 0
47.08 0
47.09 0
47.1 0
47.11 0
47.12 0
47.13 0
47.14 0
47.15 0
47.160000000000004 0
47.17 0
47.18 0
47.19 0
47.2 0
47.21 0
47.22 0
47.230000000000004 0
47.24 0
47.25 0
47.26 0
47.27 0
47.28 0
47.29 0
47.300000000000004 0
47.31 0
47.32 0
47.33 0
47.34 0
47.35 0
47.36 0
47.37 0
47.38 0
47.39 0
47.4 0
47.410000000000004 0
47.42 0
47.43 0
47.44 0
47.45 0
47.46 0
47.47 0
47.480000000000004 0
47.49 0
47.5 0
47.51 0
47.52 0
47.53 0
47.54 0
47.550000000000004 0
47.56 0
47.57 0
47.58 0
47.59 0
47.6 0
47.61 0
47.62 0
47.63 0
47.64 0
47.65 0
47.660000000000004 0
47.67 0
47.68 0
47.69 0
47.7 0
47.71 0
47.72 0
47.730000000000004 0
47.74 0
47.75 0
47.76 0
47.77 0
47.78 0
47.79 0
47.800000000000004 0
47.81 0
47.82 0
47.83 0
47.84 0
47.85 0
47.86 0
47.870000000000005 0
47.88 0
47.89 0
47.9 0
47.910000000000004 0
47.92 0
47.93 0
47.94 0
47.95 0
47.96 0
47.97 0
47.980000000000004 0
47.99 0
48.0 0
48.01 0
48.02 0
48.03 0
48.04 0
48.050000000000004 0
48.06 0
48.07 0
48.08 0
48.09 0
48.1 0
48.11 0
48.120000000000005 0
48.13 0
48.14 0
48.15 0
48.160000000000004 0
48.17 0
48.18 0
48.19 0
48.2 0
48.21 0
48.22 0
48.230000000000004 0
48.24 0
48.25 0
48.26 0
48.27 0
48.28 0
48.29 0
48.300000000000004 0
48.31 0
48.32 0
48.33 0
48.34 0
48.35 0
48.36 0
48.370000000000005 0
48.38 0
48.39 0
48.4 0
48.410000000000004 0
48.42 0
48.43 0
48.44 0
48.45 0
48.46 0
48.47 0
48.480000000000004 0
48.49 0
48.5 0
48.51 0
48.52 0
48.53 0
48.54 0
48.550000000000004 0
48.56 0
48.57 0
48.58 0
48.59 0
48.6 0
48.61 0
48.620000000000005 0
48.63 0
48.64 0
48.65 0
48.660000000000004 0
48.67 0
48.68 0
48.69 0
48.7 0
48.71 0
48.72 0
48.730000000000004 0
48.74 0
48.75 0
48.76 0
48.77 0
48.78 0
48.79 0
48.800000000000004 0
48.81 0
48.82 0
48.83 0
48.84 0
48.85 0
48.86 0
48.870000000000005 0
48.88 0
48.89 0
48.9 0
48.910000000000004 0
48.92 0
48.93 0
48.94 0
48.95 0
48.96 0
48.97 0
48.980000000000004 0
48.99 0
49.0 0
49.01 0
49.02 0
49.03 0
49.04 0
49.050000000000004 0
49.06 0
49.07 0
49.08 0
49.09 0
49.1 0
49.11 1
49.120000000000005 1
49.13 1
49.14 1
49.15 1
49.160000000000004 1
49.17 1
49.18 1
49.19 1
49.2 1
49.21 1
49.22 1
49.230000000000004 1
49.24 1
49.25 1
49.26 1
49.27 1
49.28 1
49.29 1
49.300000000000004 1
49.31 1
49.32 1
49.33 1
49.34 1
49.35 1
49.36 1
49.370000000000005 1
49.38 1
49.39 1
49.4 1
49.410000000000004 1
49.42 1
49.43 1
49.44 1
49.45 1
49.46 1
49.47 1
49.480000000000004 1
49.49 1
49.5 1
49.51 1
49.52 1
49.53 1
49.54 1
49.550000000000004 1
49.56 1
49.57 1
49.58 1
49.59 1
49.6 1
49.61 1
49.620000000000005 1
49.63 1
49.64 1
49.65 1
49.660000000000004 1
49.67 1
49.68 1
49.69 1
49.7 1
49.71 1
49.72 1
49.730000000000004 1
49.74 1
49.75 1
49.76 1
49.77 1
49.78 1
49.79 1
49.800000000000004 1
49.81 1
49.82 1
49.83 1
49.84 1
49.85 1
49.86 1
49.870000000000005 1
49.88 1
49.89 1
49.9 1
49.910000000000004 1
49.92 1
49.93 1
49.94 1
49.95 1
49.96 1
49.97 1
49.980000000000004 1
49.99 1
50.0 1
50.01 1
50.02 1
50.03 1
50.04 1
50.050000000000004 1
50.06 1
50.07 1
50.08 1
50.09 1
50.1 1
50.11 1
50.120000000000005 1
50.13 1
50.14 1
50.15 1
50.160000000000004 1
50.17 1
50.18 1
50.19 1
50.2 1
50.21 1
50.22 1
50.230000000000004 1
50.24 1
50.25 1
50.26 1
50.27 1
50.28 1
50.29 1
50.300000000000004 1
50.31 1
50.32 1
50.33 1
50.34 1
50.35 1
50.36 1
50.370000000000005 1
50.38 1
50.39 1
50.4 1
50.410000000000004 1
50.42 1
50.43 1
50.44 1
50.45 1
50.46 1
50.47 1
50.480000000000004 1
50.49 1
50.5 1
50.51 1
50.52 1
50.53 1
50.54 1
50.550000000000004 1
50.56 1
50.57 1
50.58 1
50.59 1
50.6 1
50.61 1
50.620000000000005 1
50.63 1
50.64 1
50.65 1
50.660000000000004 1
50.67 1
50.68 1
50.69 1
50.7 1
50.71 1
50.72 1
50.730000000000004 0
50.74 0
50.75 0
50.76 0
50.77 0
50.78 0
50.79 0
50.800000000000004 0
50.81 0
50.82 0
50.83 1
50.84 1
50.85 1
50.86 1
50.870000000000005 1
50.88 1
50.89 1
50.9 1
50.910000000000004 1
50.92 1
50.93 1
50.94 1
50.95 1
50.96 1
50.97 1
50.980000000000004 1
50.99 1
51.0 1
51.01 1
51.02 1
51.03 1
51.04 1
51.050000000000004 1
51.06 1
51.07 1
51.08 1
51.09 1
51.1 1
51.11 1
51.120000000000005 1
51.13 1
51.14 1
51.15 1
51.160000000000004 1
51.17 1
51.18 1
51.19 1
51.2 1
51.21 1
51.22 1
51.230000000000004 1
51.24 1
51.25 1
51.26 1
51.27 1
51.28 1
51.29 1
51.300000000000004 1
51.31 1
51.32 1
51.33 1
51.34 1
51.35 1
51.36 1
51.370000000000005 1
51.38 1
51.39 1
51.4 1
51.410000000000004 1
51.42 1
51.43 1
51.44 1
51.45 1
51.46 1
51.47 1
51.480000000000004 1
51.49 1
51.5 1
51.51 1
51.52 1
51.53 1
51.54 1
51.550000000000004 1
51.56 1
51.57 1
51.58 1
51.59 1
51.6 1
51.61 1
51.620000000000005 1
51.63 1
51.64 1
51.65 1
51.660000000000004 1
51.67 1
51.68 1
51.69 1
51.7 1
51.71 1
51.72 1
51.730000000000004 1
51.74 1
51.75 1
51.76 1
51.77 1
51.78 1
51.79 1
51.800000000000004 1
51.81 1
51.82 1
51.83 1
51.84 1
51.85 1
51.86 1
51.870000000000005 1
51.88 1
51.89 1
51.9 1
51.910000000000004 1
51.92 1
51.93 1
51.94 1
51.95 1
51.96 1
51.97 1
51.980000000000004 1
51.99 1
52.0 1
52.01 1
52.02 1
52.03 1
52.04 1
52.050000000000004 1
52.06 1
52.07 1
52.08 1
52.09 1
52.1 1
52.11 1
52.120000000000005 1
52.13 1
52.14 1
52.15 1
52.160000000000004 1
52.17 1
52.18 1
52.19 1
52.2 1
52.21 1
52.22 1
52.230000000000004 1
52.24 1
52.25 1
52.26 1
52.27 1
52.28 1
52.29 1
52.300000000000004 1
52.31 1
52.32 1
52.33 1
52.34 1
52.35 1
52.36 1
52.370000000000005 1
52.38 1
52.39 0
52.4 0
52.410000000000004 0
52.42 0
52.43 0
52.44 0
52.45 0
52.46 0
52.47 0
52.480000000000004 0
52.49 0
52.5 1
52.51 1
52.52 1
52.53 1
52.54 1
52.550000000000004 1
52.56 1
52.57 1
52.58 1
52.59 1
52.6 1
52.61 1
52.620000000000005 1
52.63 1
52.64 1
52.65 1
52.660000000000004 1
52.67 1
52.68 1
52.69 1
52.7 1
52.71 1
52.72 1
52.730000000000004 1
52.74 1
52.75 1
52.76 1
52.77 1
52.78 1
52.79 1
52.800000000000004 1
52.81 1
52.82 1
52.83 1
52.84 1
52.85 1
52.86 1
52.870000000000005 1
52.88 1
52.89 1
52.9 1
52.910000000000004 1
52.92 1
52.93 1
52.94 1
52.95 1
52.96 1
52.97 1
52.980000000000004 1
52.99 1
53.0 1
53.01 1
53.02 1
53.03 1
53.04 1
53.050000000000004 1
53.06 1
53.07 1
53.08 1
53.09 1
53.1 1
53.11 1
53.120000000000005 1
53.13 1
53.14 0
53.15 0
53.160000000000004 0
53.17 0
53.18 0
53.19 0
53.2 0
53.21 0
53.22 0
53.230000000000004 0
53.24 0
53.25 0
53.26 0
53.27 0
53.28 0
53.29 0
53.300000000000004 0
53.31 0
53.32 0
53.33 0
53.34 0
53.35 0
53.36 0
53.370000000000005 0
53.38 0
53.39 0
53.4 0
53.410000000000004 0
53.42 0
53.43 0
53.44 0
53.45 0
53.46 0
53.47 0
53.480000000000004 0
53.49 0
53.5 0
53.51 0
53.52 0
53.53 0
53.54 0
53.550000000000004 0
53.56 0
53.57 0
53.58 0
53.59 0
53.6 0
53.61 0
53.620000000000005 1
53.63 1
53.64 1
53.65 1
53.660000000000004 1
53.67 1
53.68 1
53.69 1
53.7 1
53.71 1
53.72 1
53.730000000000004 1
53.74 1
53.75 1
53.76 1
53.77 1
53.78 1
53.79 1
53.800000000000004 1
53.81 1
53.82 1
53.83 1
53.84 1
53.85 1
53.86 1
53.870000000000005 1
53.88 1
53.89 1
53.9 1
53.910000000000004 1
53.92 1
53.93 1
53.94 1
53.95 1
53.96 1
53.97 1
53.980000000000004 1
53.99 1
54.0 1
54.01 1
54.02 1
54.03 1
54.04 1
54.050000000000004 1
54.06 1
54.07 1
54.08 1
54.09 1
54.1 1
54.11 1
54.120000000000005 1
54.13 1
54.14 1
54.15 1
54.160000000000004 1
54.17 1
54.18 1
54.19 1
54.2 1
54.21 1
54.22 1
54.230000000000004 1
54.24 1
54.25 1
54.26 1
54.27 1
54.28 1
54.29 1
54.300000000000004 1
54.31 1
54.32 1
54.33 1
54.34 1
54.35 1
54.36 1
54.370000000000005 1
54.38 1
54.39 1
54.4 1
54.410000000000004 1
54.42 1
54.43 1
54.44 1
54.45 1
54.46 1
54.47 1
54.480000000000004 1
54.49 1
54.5 1
54.51 1
54.52 1
54.53 1
54.54 1
54.550000000000004 1
54.56 1
54.57 1
54.58 1
54.59 1
54.6 1
54.61 1
54.620000000000005 1
54.63 1
54.64 1
54.65 0
54.660000000000004 0
54.67 0
54.68 0
54.69 0
54.7 0
54.71 0
54.72 0
54.730000000000004 0
54.74 0
54.75 0
54.76 0
54.77 0
54.78 0
54.79 1
54.800000000000004 1
54.81 1
54.82 1
54.83 1
54.84 1
54.85 1
54.86 1
54.870000000000005 1
54.88 1
54.89 1
54.9 1
54.910000000000004 1
54.92 1
54.93 1
54.94 1
54.95 1
54.96 1
54.97 1
54.980000000000004 1
54.99 1
55.0 1
55.01 1
55.02 1
55.03 1
55.04 1
55.050000000000004 1
55.06 1
55.07 1
55.08 1
55.09 1
55.1 1
55.11 1
55.120000000000005 1
55.13 1
55.14 1
55.15 1
55.160000000000004 1
55.17 1
55.18 1
55.19 1
55.2 1
55.21 1
55.22 1
55.230000000000004 1
55.24 1
55.25 1
55.26 1
55.27 0
55.28 0
55.29 0
55.300000000000004 0
55.31 0
55.32 0
55.33 0
55.34 0
55.35 0
55.36 0
55.370000000000005 0
55.38 0
55.39 0
55.4 0
55.410000000000004 0
55.42 0
55.43 0
55.44 0
55.45 0
55.46 0
55.47 0
55.480000000000004 0
55.49 0
55.5 0
55.51 0
55.52 0
55.53 0
55.54 0
55.550000000000004 0
55.56 0
55.57 0
55.58 0
55.59 0
55.6 0
55.61 0
55.620000000000005 0
55.63 0
55.64 0
55.65 0
55.660000000000004 0
55.67 0
55.68 0
55.69 0
55.7 0
55.71 0
55.72 0
55.730000000000004 0
55.74 0
55.75 0
55.76 0
55.77 0
55.78 0
55.79 0
55.800000000000004 0
55.81 0
55.82 0
55.83 0
55.84 0
55.85 0
55.86 0
55.870000000000005 0
55.88 0
55.89 0
55.9 1
55.910000000000004 1
55.92 1
55.93 1
55.94 1
55.95 1
55.96 1
55.97 1
55.980000000000004 1
55.99 1
56.0 1
56.01 1
56.02 1
56.03 1
56.04 1
56.050000000000004 1
56.06 1
56.07 1
56.08 1
56.09 1
56.1 1
56.11 1
56.120000000000005 1
56.13 1
56.14 1
56.15 1
56.160000000000004 1
56.17 1
56.18 1
56.19 1
56.2 1
56.21 1
56.22 1
56.230000000000004 1
56.24 1
56.25 1
56.26 0
56.27 0
56.28 0
56.29 0
56.300000000000004 0
56.31 0
56.32 1
56.33 1
56.34 1
56.35 1
56.36 1
56.370000000000005 1
56.38 1
56.39 1
56.4 1
56.410000000000004 1
56.42 1
56.43 1
56.44 1
56.45 1
56.46 1
56.47 1
56.480000000000004 1
56.49 1
56.5 1
56.51 1
56.52 1
56.53 1
56.54 1
56.550000000000004 1
56.56 1
56.57 1
56.58 1
56.59 1
56.6 1
56.61 1
56.620000000000005 1
56.63 1
56.64 1
56.65 1
56.660000000000004 1
56.67 1
56.68 1
56.69 1
56.7 1
56.71 1
56.72 1
56.730000000000004 1
56.74 1
56.75 1
56.76 1
56.77 0
56.78 0
56.79 0
56.800000000000004 0
56.81 0
56.82 1
56.83 1
56.84 1
56.85 0
56.86 1
56.870000000000005 1
56.88 1
56.89 1
56.9 1
56.910000000000004 1
56.92 1
56.93 1
56.94 1
56.95 1
56.96 1
56.97 1
56.980000000000004 1
56.99 1
57.0 1
57.01 1
57.02 1
57.03 1
57.04 1
57.050000000000004 1
57.06 1
57.07 1
57.08 1
57.09 1
57.1 1
57.11 1
57.120000000000005 1
57.13 1
57.14 1
57.15 1
57.160000000000004 1
57.17 1
57.18 1
57.19 1
57.2 1
57.21 1
57.22 1
57.230000000000004 1
57.24 1
57.25 1
57.26 1
57.27 1
57.28 1
57.29 1
57.300000000000004 1
57.31 1
57.32 1
57.33 1
57.34 1
57.35 1
57.36 1
57.370000000000005 1
57.38 1
57.39 1
57.4 1
57.410000000000004 1
57.42 1
57.43 1
57.44 1
57.45 1
57.46 1
57.47 1
57.480000000000004 1
57.49 1
57.5 1
57.51 1
57.52 1
57.53 1
57.54 1
57.550000000000004 1
57.56 1
57.57 1
57.58 1
57.59 1
57.6 1
57.61 1
57.620000000000005 1
57.63 1
57.64 1
57.65 1
57.660000000000004 1
57.67 1
57.68 1
57.69 1
57.7 1
57.71 1
57.72 1
57.730000000000004 1
57.74 1
57.75 1
57.76 1
57.77 1
57.78 1
57.79 0
57.800000000000004 0
57.81 0
57.82 0
57.83 0
57.84 0
57.85 0
57.86 1
57.870000000000005 1
57.88 1
57.89 1
57.9 1
57.910000000000004 1
57.92 1
57.93 1
57.94 1
57.95 1
57.96 1
57.97 1
57.980000000000004 1
57.99 1
58.0 1
58.01 1
58.02 1
58.03 1
58.04 1
58.050000000000004 1
58.06 1
58.07 1
58.08 1
58.09 1
58.1 1
58.11 1
58.120000000000005 1
58.13 1
58.14 1
58.15 1
58.160000000000004 1
58.17 1
58.18 1
58.19 1
58.2 1
58.21 1
58.22 1
58.230000000000004 0
58.24 0
58.25 0
58.26 0
58.27 0
58.28 0
58.29 0
58.300000000000004 0
58.31 0
58.32 0
58.33 1
58.34 1
58.35 1
58.36 1
58.370000000000005 1
58.38 1
58.39 1
58.4 1
58.410000000000004 1
58.42 1
58.43 1
58.44 1
58.45 1
58.46 1
58.47 1
58.480000000000004 1
58.49 1
58.5 1
58.51 1
58.52 1
58.53 1
58.54 1
58.550000000000004 1
58.56 1
58.57 1
58.58 1
58.59 1
58.6 1
58.61 1
58.620000000000005 1
58.63 1
58.64 1
58.65 1
58.660000000000004 1
58.67 1
58.68 1
58.69 1
58.7 1
58.71 1
58.72 1
58.730000000000004 1
58.74 1
58.75 0
58.76 0
58.77 1
58.78 1
58.79 0
58.800000000000004 0
58.81 0
58.82 0
58.83 1
58.84 1
58.85 1
58.86 1
58.870000000000005 1
58.88 1
58.89 1
58.9 1
58.910000000000004 1
58.92 1
58.93 1
58.94 1
58.95 1
58.96 1
58.97 1
58.980000000000004 1
58.99 1
59.0 1
59.01 1
59.02 1
59.03 1
59.04 1
59.050000000000004 1
59.06 1
59.07 1
59.08 1
59.09 1
59.1 1
59.11 1
59.120000000000005 1
59.13 1
59.14 1
59.15 1
59.160000000000004 1
59.17 1
59.18 1
59.19 1
59.2 1
59.21 1
59.22 1
59.230000000000004 1
59.24 1
59.25 1
59.26 1
59.27 1
59.28 1
59.29 1
59.300000000000004 1
59.31 1
59.32 1
59.33 1
59.34 1
59.35 1
59.36 1
59.370000000000005 1
59.38 1
59.39 1
59.4 1
59.410000000000004 1
59.42 1
59.43 1
59.44 1
59.45 1
59.46 1
59.47 1
59.480000000000004 0
59.49 0
59.5 0
59.51 0
59.52 0
59.53 0
59.54 0
59.550000000000004 0
59.56 0
59.57 0
59.58 0
59.59 0
59.6 0
59.61 0
59.620000000000005 0
59.63 0
59.64 0
59.65 0
59.660000000000004 0
59.67 0
59.68 0
59.69 0
59.7 0
59.71 0
59.72 0
59.730000000000004 0
59.74 0
59.75 0
59.76 0
59.77 0
59.78 0
59.79 0
59.800000000000004 0
59.81 1
59.82 1
59.83 1
59.84 1
59.85 1
59.86 1
59.870000000000005 1
59.88 1
59.89 1
59.9 1
59.910000000000004 1
59.92 1
59.93 1
59.94 1
59.95 1
59.96 1
59.97 1
59.980000000000004 1
59.99 1
60.0 1
60.01 1
60.02 1
60.03 1
60.04 1
60.050000000000004 1
60.06 1
60.07 1
60.08 1
60.09 1
60.1 1
60.11 1
60.120000000000005 1
60.13 1
60.14 1
60.15 1
60.160000000000004 1
60.17 1
60.18 1
60.19 1
60.2 1
60.21 1
60.22 1
60.230000000000004 1
60.24 1
60.25 1
60.26 1
60.27 1
60.28 1
60.29 1
60.300000000000004 1
60.31 1
60.32 1
60.33 1
60.34 1
60.35 1
60.36 1
60.370000000000005 1
60.38 1
60.39 1
60.4 1
60.410000000000004 1
60.42 1
60.43 1
60.44 1
60.45 1
60.46 1
60.47 1
60.480000000000004 1
60.49 1
60.5 1
60.51 1
60.52 1
60.53 1
60.54 1
60.550000000000004 1
60.56 1
60.57 1
60.58 1
60.59 1
60.6 1
60.61 1
60.620000000000005 1
60.63 1
60.64 1
60.65 1
60.660000000000004 1
60.67 1
60.68 1
60.69 1
60.7 1
60.71 1
60.72 1
60.730000000000004 1
60.74 0
60.75 0
60.76 0
60.77 0
60.78 0
60.79 0
60.800000000000004 0
60.81 0
60.82 0
60.83 0
60.84 1
60.85 1
60.86 1
60.870000000000005 1
60.88 1
60.89 1
60.9 1
60.910000000000004 1
60.92 1
60.93 1
60.94 1
60.95 1
60.96 1
60.97 1
60.980000000000004 1
60.99 1
61.0 1
61.01 1
61.02 1
61.03 1
61.04 1
61.050000000000004 1
61.06 1
61.07 1
61.08 1
61.09 1
61.1 1
61.11 1
61.120000000000005 1
61.13 1
61.14 1
61.15 1
61.160000000000004 1
61.17 1
61.18 1
61.19 1
61.2 1
61.21 1
61.22 1
61.230000000000004 1
61.24 1
61.25 1
61.26 1
61.27 1
61.28 1
61.29 1
61.300000000000004 1
61.31 1
61.32 1
61.33 1
61.34 1
61.35 1
61.36 1
61.370000000000005 1
61.38 1
61.39 1
61.4 1
61.410000000000004 1
61.42 1
61.43 1
61.44 0
61.45 0
61.46 0
61.47 0
61.480000000000004 0
61.49 0
61.5 0
61.51 0
61.52 0
61.53 0
61.54 0
61.550000000000004 0
61.56 0
61.57 0
61.58 0
61.59 0
61.6 0
61.61 0
61.620000000000005 0
61.63 0
61.64 0
61.65 0
61.660000000000004 0
61.67 0
61.68 0
61.690000000000005 0
61.7 0
61.71 0
61.72 0
61.730000000000004 0
61.74 0
61.75 0
61.76 0
61.77 0
61.78 0
61.79 0
61.800000000000004 0
61.81 0
61.82 0
61.83 0
61.84 0
61.85 0
61.86 0
61.870000000000005 0
61.88 0
61.89 0
61.9 0
61.910000000000004 1
61.92 1
61.93 1
61.940000000000005 1
61.95 1
61.96 1
61.97 1
61.980000000000004 1
61.99 1
62.0 1
62.01 1
62.02 1
62.03 1
62.04 1
62.050000000000004 1
62.06 1
62.07 1
62.08 1
62.09 1
62.1 1
62.11 1
62.120000000000005 1
62.13 1
62.14 1
62.15 1
62.160000000000004 1
62.17 1
62.18 1
62.190000000000005 1
62.2 1
62.21 1
62.22 1
62.230000000000004 1
62.24 1
62.25 1
62.26 1
62.27 1
62.28 1
62.29 1
62.300000000000004 1
62.31 1
62.32 1
62.33 1
62.34 1
62.35 1
62.36 1
62.370000000000005 1
62.38 1
62.39 1
62.4 1
62.410000000000004 1
62.42 1
62.43 1
62.440000000000005 1
62.45 1
62.46 1
62.47 1
62.480000000000004 1
62.49 1
62.5 1
62.51 1
62.52 1
62.53 1
62.54 1
62.550000000000004 1
62.56 1
62.57 1
62.58 1
62.59 1
62.6 1
62.61 1
62.620000000000005 1
62.63 1
62.64 1
62.65 1
62.660000000000004 1
62.67 1
62.68 1
62.690000000000005 1
62.7 1
62.71 1
62.72 1
62.730000000000004 1
62.74 1
62.75 1
62.76 1
62.77 1
62.78 1
62.79 1
62.800000000000004 1
62.81 1
62.82 1
62.83 1
62.84 1
62.85 1
62.86 1
62.870000000000005 0
62.88 0
62.89 0
62.9 0
62.910000000000004 0
62.92 0
62.93 0
62.940000000000005 0
62.95 0
62.96 0
62.97 1
62.980000000000004 1
62.99 1
63.0 1
63.01 1
63.02 1
63.03 1
63.04 1
63.050000000000004 1
63.06 1
63.07 1
63.08 1
63.09 1
63.1 1
63.11 1
63.120000000000005 1
63.13 1
63.14 1
63.15 1
63.160000000000004 1
63.17 1
63.18 1
63.190000000000005 1
63.2 1
63.21 1
63.22 1
63.230000000000004 1
63.24 1
63.25 1
63.26 1
63.27 1
63.28 1
63.29 1
63.300000000000004 1
63.31 1
63.32 1
63.33 1
63.34 1
63.35 1
63.36 1
63.370000000000005 1
63.38 1
63.39 1
63.4 1
63.410000000000004 1
63.42 1
63.43 1
63.440000000000005 1
63.45 1
63.46 1
63.47 1
63.480000000000004 1
63.49 1
63.5 1
63.51 1
63.52 1
63.53 1
63.54 1
63.550000000000004 1
63.56 1
63.57 1
63.58 1
63.59 1
63.6 1
63.61 1
63.620000000000005 1
63.63 1
63.64 1
63.65 1
63.660000000000004 1
63.67 1
63.68 1
63.690000000000005 1
63.7 1
63.71 1
63.72 1
63.730000000000004 1
63.74 1
63.75 1
63.76 1
63.77 1
63.78 1
63.79 1
63.800000000000004 1
63.81 1
63.82 1
63.83 1
63.84 1
63.85 1
63.86 1
63.870000000000005 1
63.88 1
63.89 1
63.9 1
63.910000000000004 1
63.92 1
63.93 0
63.940000000000005 0
63.95 0
63.96 0
63.97 0
63.980000000000004 0
63.99 0
64.0 0
64.01 0
64.02 0
64.03 0
64.04 0
64.05 1
64.06 1
64.07000000000001 1
64.08 1
64.09 1
64.1 1
64.11 1
64.12 1
64.13 1
64.14 1
64.15 1
64.16 1
64.17 1
64.18 1
64.19 1
64.2 1
64.21000000000001 1
64.22 1
64.23 1
64.24 1
64.25 1
64.26 1
64.27 1
64.28 1
64.29 1
64.3 1
64.31 1
64.32000000000001 1
64.33 1
64.34 1
64.35 1
64.36 1
64.37 1
64.38 1
64.39 1
64.4 1
64.41 1
64.42 1
64.43 1
64.44 1
64.45 1
64.46000000000001 1
64.47 1
64.48 1
64.49 1
64.5 1
64.51 1
64.52 1
64.53 1
64.54 1
64.55 1
64.56 1
64.57000000000001 1
64.58 1
64.59 1
64.6 1
64.61 1
64.62 1
64.63 1
64.64 1
64.65 1
64.66 1
64.67 1
64.68 1
64.69 1
64.7 1
64.71000000000001 1
64.72 1
64.73 1
64.74 1
64.75 1
64.76 1
64.77 1
64.78 1
64.79 1
64.8 1
64.81 1
64.82000000000001 1
64.83 1
64.84 1
64.85 1
64.86 1
64.87 1
64.88 1
64.89 1
64.9 1
64.91 1
64.92 1
64.93 1
64.94 1
64.95 1
64.96000000000001 1
64.97 1
64.98 1
64.99 1
65.0 1
65.01 1
65.02 1
65.03 1
65.04 1
65.05 1
65.06 1
65.07000000000001 1
65.08 1
65.09 1
65.1 1
65.11 1
65.12 1
65.13 1
65.14 1
65.15 0
65.16 0
65.17 0
65.18 0
65.19 0
65.2 0
65.21000000000001 0
65.22 0
65.23 0
65.24 0
65.25 0
65.26 0
65.27 0
65.28 0
65.29 0
65.3 0
65.31 0
65.32000000000001 0
65.33 0
65.34 0
65.35 0
65.36 0
65.37 0
65.38 0
65.39 0
65.4 0
65.41 0
65.42 0
65.43 0
65.44 0
65.45 0
65.46000000000001 0
65.47 0
65.48 0
65.49 0
65.5 0
65.51 0
65.52 0
65.53 0
65.54 0
65.55 0
65.56 0
65.57000000000001 0
65.58 0
65.59 0
65.6 0
65.61 0
65.62 0
65.63 0
65.64 0
65.65 0
65.66 0
65.67 0
65.68 0
65.69 0
65.7 0
65.71000000000001 0
65.72 0
65.73 0
65.74 0
65.75 0
65.76 0
65.77 0
65.78 0
65.79 0
65.8 0
65.81 0
65.82000000000001 0
65.83 0
65.84 0
65.85 0
65.86 0
65.87 0
65.88 0
65.89 0
65.9 0
65.91 0
65.92 0
65.93 0
65.94 0
65.95 0
65.96000000000001 0
65.97 0
65.98 0
65.99 0
66.0 0
66.01 0
66.02 0
66.03 0
66.04 0
66.05 0
66.06 0
66.07000000000001 0
66.08 0
66.09 0
66.1 0
66.11 0
66.12 0
66.13 0
66.14 0
66.15 0
66.16 0
66.17 0
66.18 0
66.19 0
66.2 0
66.21000000000001 0
66.22 0
66.23 0
66.24 0
66.25 0
66.26 0
66.27 0
66.28 0
66.29 0
66.3 0
66.31 0
66.32000000000001 0
66.33 0
66.34 0
66.35 0
66.36 0
66.37 0
66.38 0
66.39 0
66.4 0
66.41 0
66.42 0
66.43 0
66.44 0
66.45 0
66.46000000000001 0
66.47 0
66.48 0
66.49 0
66.5 0
66.51 0
66.52 0
66.53 0
66.54 0
66.55 0
66.56 0
66.57000000000001 0
66.58 0
66.59 0
66.6 0
66.61 0
66.62 0
66.63 0
66.64 0
66.65 0
66.66 0
66.67 0
66.68 0
66.69 0
66.7 0
66.71000000000001 0
66.72 0
66.73 0
66.74 0
66.75 0
66.76 0
66.77 0
66.78 0
66.79 0
66.8 0
66.81 0
66.82000000000001 0
66.83 0
66.84 0
66.85 0
66.86 0
66.87 0
66.88 0
66.89 0
66.9 0
66.91 0
66.92 0
66.93 0
66.94 0
66.95 0
66.96000000000001 0
66.97 0
66.98 0
66.99 0
67.0 0
67.01 0
67.02 0
67.03 0
67.04 0
67.05 0
67.06 0
67.07000000000001 0
67.08 0
67.09 0
67.1 0
67.11 0
67.12 0
67.13 0
67.14 0
67.15 0
67.16 0
67.17 0
67.18 0
67.19 0
67.2 0
67.21000000000001 0
67.22 0
67.23 0
67.24 0
67.25 0
67.26 0
67.27 0
67.28 0
67.29 0
67.3 0
67.31 0
67.32000000000001 0
67.33 0
67.34 0
67.35 0
67.36 0
67.37 0
67.38 0
67.39 0
67.4 0
67.41 0
67.42 0
67.43 0
67.44 0
67.45 0
67.46000000000001 0
67.47 0
67.48 0
67.49 0
67.5 0
67.51 0
67.52 0
67.53 1
67.54 1
67.55 1
67.56 1
67.57000000000001 1
67.58 1
67.59 1
67.6 1
67.61 1
67.62 1
67.63 1
67.64 1
67.65 1
67.66 1
67.67 1
67.68 1
67.69 1
67.7 1
67.71000000000001 1
67.72 1
67.73 1
67.74 1
67.75 1
67.76 1
67.77 1
67.78 1
67.79 1
67.8 1
67.81 1
67.82000000000001 1
67.83 1
67.84 1
67.85 1
67.86 1
67.87 1
67.88 1
67.89 1
67.9 1
67.91 1
67.92 1
67.93 1
67.94 1
67.95 1
67.96000000000001 1
67.97 1
67.98 1
67.99 1
68.0 1
68.01 1
68.02 1
68.03 1
68.04 1
68.05 1
68.06 1
68.07000000000001 1
68.08 1
68.09 1
68.1 1
68.11 1
68.12 1
68.13 1
68.14 1
68.15 1
68.16 1
68.17 1
68.18 1
68.19 1
68.2 1
68.21000000000001 1
68.22 1
68.23 1
68.24 1
68.25 1
68.26 1
68.27 1
68.28 1
68.29 1
68.3 1
68.31 1
68.32000000000001 1
68.33 1
68.34 1
68.35000000000001 1
68.36 1
68.37 1
68.38 1
68.39 1
68.4 1
68.41 1
68.42 1
68.43 1
68.44 1
68.45 1
68.46000000000001 1
68.47 1
68.48 1
68.49 1
68.5 1
68.51 1
68.52 1
68.53 1
68.54 1
68.55 1
68.56 1
68.57000000000001 1
68.58 1
68.59 1
68.60000000000001 1
68.61 1
68.62 1
68.63 1
68.64 1
68.65 1
68.66 1
68.67 1
68.68 1
68.69 1
68.7 1
68.71000000000001 1
68.72 1
68.73 1
68.74 1
68.75 1
68.76 1
68.77 1
68.78 1
68.79 1
68.8 1
68.81 1
68.82000000000001 1
68.83 1
68.84 1
68.85000000000001 1
68.86 1
68.87 1
68.88 1
68.89 1
68.9 1
68.91 1
68.92 1
68.93 1
68.94 1
68.95 1
68.96000000000001 1
68.97 1
68.98 1
68.99 1
69.0 1
69.01 1
69.02 1
69.03 1
69.04 1
69.05 0
69.06 0
69.07000000000001 0
69.08 0
69.09 0
69.10000000000001 0
69.11 0
69.12 0
69.13 0
69.14 0
69.15 1
69.16 1
69.17 1
69.18 1
69.19 1
69.2 1
69.21000000000001 1
69.22 1
69.23 1
69.24 1
69.25 1
69.26 1
69.27 1
69.28 1
69.29 1
69.3 1
69.31 1
69.32000000000001 1
69.33 1
69.34 1
69.35000000000001 1
69.36 1
69.37 1
69.38 1
69.39 1
69.4 1
69.41 1
69.42 1
69.43 1
69.44 1
69.45 1
69.46000000000001 1
69.47 1
69.48 1
69.49 1
69.5 1
69.51 1
69.52 1
69.53 1
69.54 1
69.55 1
69.56 1
69.57000000000001 1
69.58 1
69.59 1
69.60000000000001 1
69.61 1
69.62 1
69.63 1
69.64 1
69.65 1
69.66 1
69.67 1
69.68 1
69.69 1
69.7 1
69.71000000000001 1
69.72 1
69.73 1
69.74 1
69.75 1
69.76 1
69.77 1
69.78 1
69.79 1
69.8 1
69.81 1
69.82000000000001 1
69.83 1
69.84 1
69.85000000000001 1
69.86 1
69.87 1
69.88 1
69.89 1
69.9 1
69.91 1
69.92 1
69.93 1
69.94 1
69.95 1
69.96000000000001 1
69.97 1
69.98 1
69.99 1
70.0 1
70.01 1
70.02 1
70.03 1
70.04 1
70.05 1
70.06 1
70.07000000000001 1
70.08 1
70.09 1
70.10000000000001 1
70.11 1
70.12 1
70.13 1
70.14 1
70.15 1
70.16 1
70.17 1
70.18 1
70.19 1
70.2 1
70.21000000000001 1
70.22 1
70.23 1
70.24 1
70.25 1
70.26 1
70.27 1
70.28 1
70.29 1
70.3 1
70.31 1
70.32000000000001 1
70.33 1
70.34 1
70.35000000000001 1
70.36 1
70.37 1
70.38 1
70.39 1
70.4 1
70.41 1
70.42 1
70.43 1
70.44 1
70.45 1
70.46000000000001 1
70.47 1
70.48 1
70.49 1
70.5 1
70.51 1
70.52 1
70.53 1
70.54 1
70.55 1
70.56 1
70.57000000000001 1
70.58 1
70.59 1
70.60000000000001 1
70.61 1
70.62 1
70.63 1
70.64 1
70.65 1
70.66 1
70.67 1
70.68 1
70.69 1
70.7 1
70.71000000000001 0
70.72 0
70.73 0
70.74 0
70.75 0
70.76 0
70.77 0
70.78 0
70.79 0
70.8 0
70.81 0
70.82000000000001 1
70.83 1
70.84 1
70.85000000000001 1
70.86 1
70.87 1
70.88 1
70.89 1
70.9 1
70.91 1
70.92 1
70.93 1
70.94 1
70.95 1
70.96000000000001 1
70.97 1
70.98 1
70.99 1
71.0 1
71.01 1
71.02 1
71.03 1
71.04 1
71.05 1
71.06 1
71.07000000000001 1
71.08 1
71.09 1
71.10000000000001 1
71.11 1
71.12 1
71.13 1
71.14 1
71.15 1
71.16 1
71.17 1
71.18 1
71.19 1
71.2 1
71.21000000000001 1
71.22 1
71.23 1
71.24 1
71.25 1
71.26 1
71.27 1
71.28 1
71.29 1
71.3 1
71.31 1
71.32000000000001 1
71.33 1
71.34 1
71.35000000000001 1
71.36 1
71.37 1
71.38 1
71.39 1
71.4 1
71.41 1
71.42 1
71.43 1
71.44 1
71.45 1
71.46000000000001 1
71.47 1
71.48 0
71.49 0
71.5 0
71.51 0
71.52 0
71.53 0
71.54 0
71.55 0
71.56 0
71.57000000000001 0
71.58 0
71.59 0
71.60000000000001 0
71.61 0
71.62 0
71.63 0
71.64 0
71.65 0
71.66 0
71.67 0
71.68 0
71.69 0
71.7 0
71.71000000000001 0
71.72 0
71.73 0
71.74 0
71.75 0
71.76 0
71.77 0
71.78 0
71.79 0
71.8 0
71.81 0
71.82000000000001 0
71.83 0
71.84 0
71.85000000000001 0
71.86 0
71.87 0
71.88 0
71.89 0
71.9 0
71.91 0
71.92 0
71.93 0
71.94 0
71.95 1
71.96000000000001 1
71.97 1
71.98 1
71.99 1
72.0 1
72.01 1
72.02 1
72.03 1
72.04 1
72.05 1
72.06 1
72.07000000000001 1
72.08 1
72.09 1
72.10000000000001 1
72.11 1
72.12 1
72.13 1
72.14 1
72.15 1
72.16 1
72.17 1
72.18 1
72.19 1
72.2 1
72.21000000000001 1
72.22 1
72.23 1
72.24 1
72.25 1
72.26 1
72.27 1
72.28 1
72.29 1
72.3 1
72.31 1
72.32000000000001 1
72.33 1
72.34 1
72.35000000000001 1
72.36 1
72.37 1
72.38 1
72.39 1
72.4 1
72.41 1
72.42 1
72.43 1
72.44 1
72.45 1
72.46000000000001 1
72.47 1
72.48 1
72.49 1
72.5 1
72.51 1
72.52 1
72.53 1
72.54 1
72.55 1
72.56 1
72.57000000000001 1
72.58 1
72.59 1
72.60000000000001 1
72.61 1
72.62 1
72.63 1
72.64 1
72.65 1
72.66 1
72.67 1
72.68 1
72.69 1
72.7 1
72.71000000000001 1
72.72 1
72.73 1
72.74 1
72.75 1
72.76 1
72.77 1
72.78 1
72.79 1
72.8 1
72.81 1
72.82000000000001 1
72.83 1
72.84 1
72.85000000000001 1
72.86 1
72.87 1
72.88 1
72.89 1
72.9 1
72.91 1
72.92 1
72.93 1
72.94 1
72.95 1
72.96000000000001 1
72.97 1
72.98 1
72.99 1
73.0 1
73.01 1
73.02 1
73.03 1
73.04 1
73.05 1
73.06 0
73.07000000000001 0
73.08 0
73.09 0
73.10000000000001 0
73.11 0
73.12 0
73.13 0
73.14 0
73.15 0
73.16 0
73.17 0
73.18 1
73.19 1
73.2 1
73.21000000000001 1
73.22 1
73.23 1
73.24 1
73.25 1
73.26 1
73.27 1
73.28 1
73.29 1
73.3 1
73.31 1
73.32000000000001 1
73.33 1
73.34 1
73.35000000000001 1
73.36 1
73.37 1
73.38 1
73.39 1
73.4 1
73.41 1
73.42 1
73.43 1
73.44 1
73.45 1
73.46000000000001 1
73.47 1
73.48 1
73.49 1
73.5 1
73.51 1
73.52 1
73.53 1
73.54 1
73.55 1
73.56 1
73.57000000000001 1
73.58 1
73.59 1
73.60000000000001 1
73.61 1
73.62 1
73.63 1
73.64 1
73.65 1
73.66 1
73.67 1
73.68 0
73.69 0
73.7 0
73.71000000000001 0
73.72 0
73.73 0
73.74 0
73.75 0
73.76 0
73.77 0
73.78 0
73.79 0
73.8 0
73.81 0
73.82000000000001 0
73.83 0
73.84 0
73.85000000000001 0
73.86 0
73.87 0
73.88 0
73.89 0
73.9 0
73.91 0
73.92 0
73.93 0
73.94 0
73.95 0
73.96000000000001 0
73.97 0
73.98 0
73.99 0
74.0 0
74.01 0
74.02 0
74.03 0
74.04 0
74.05 0
74.06 0
74.07000000000001 0
74.08 0
74.09 0
74.10000000000001 0
74.11 0
74.12 0
74.13 0
74.14 0
74.15 0
74.16 0
74.17 0
74.18 0
74.19 0
74.2 0
74.21000000000001 1
74.22 1
74.23 1
74.24 1
74.25 1
74.26 1
74.27 1
74.28 1
74.29 1
74.3 1
74.31 1
74.32000000000001 1
74.33 1
74.34 1
74.35000000000001 1
74.36 1
74.37 1
74.38 1
74.39 1
74.4 1
74.41 1
74.42 1
74.43 1
74.44 1
74.45 1
74.46000000000001 1
74.47 1
74.48 1
74.49 1
74.5 1
74.51 1
74.52 1
74.53 1
74.54 1
74.55 1
74.56 1
74.57000000000001 1
74.58 1
74.59 1
74.60000000000001 1
74.61 1
74.62 0
74.63 0
74.64 0
74.65 0
74.66 0
74.67 1
74.68 1
74.69 1
74.7 1
74.71000000000001 1
74.72 1
74.73 1
74.74 1
74.75 1
74.76 1
74.77 1
74.78 1
74.79 1
74.8 1
74.81 1
74.82000000000001 1
74.83 1
74.84 1
74.85000000000001 1
74.86 1
74.87 1
74.88 1
74.89 1
74.9 1
74.91 1
74.92 1
74.93 1
74.94 1
74.95 1
74.96000000000001 1
74.97 1
74.98 1
74.99 1
75.0 1
75.01 1
75.02 1
75.03 1
75.04 1
75.05 1
75.06 1
75.07000000000001 1
75.08 1
75.09 1
75.10000000000001 1
75.11 1
75.12 1
75.13 1
75.14 1
75.15 1
75.16 1
75.17 1
75.18 1
75.19 1
75.2 1
75.21000000000001 1
75.22 1
75.23 1
75.24 1
75.25 1
75.26 1
75.27 1
75.28 1
75.29 1
75.3 1
75.31 1
75.32000000000001 1
75.33 1
75.34 1
75.35000000000001 1
75.36 1
75.37 1
75.38 1
75.39 1
75.4 1
75.41 1
75.42 1
75.43 1
75.44 0
75.45 0
75.46000000000001 1
75.47 1
75.48 1
75.49 1
75.5 1
75.51 1
75.52 1
75.53 1
75.54 1
75.55 1
75.56 1
75.57000000000001 1
75.58 1
75.59 1
75.60000000000001 1
75.61 1
75.62 1
75.63 1
75.64 1
75.65 1
75.66 1
75.67 1
75.68 1
75.69 1
75.7 1
75.71000000000001 1
75.72 1
75.73 1
75.74 1
75.75 1
75.76 1
75.77 1
75.78 1
75.79 1
75.8 1
75.81 1
75.82000000000001 1
75.83 1
75.84 1
75.85000000000001 1
75.86 1
75.87 1
75.88 1
75.89 1
75.9 1
75.91 1
75.92 1
75.93 1
75.94 1
75.95 1
75.96000000000001 1
75.97 1
75.98 1
75.99 1
76.0 1
76.01 1
76.02 1
76.03 1
76.04 1
76.05 1
76.06 1
76.07000000000001 1
76.08 1
76.09 1
76.10000000000001 1
76.11 1
76.12 1
76.13 1
76.14 1
76.15 0
76.16 0
76.17 0
76.18 0
76.19 1
76.2 0
76.21000000000001 1
76.22 1
76.23 1
76.24 1
76.25 1
76.26 1
76.27 1
76.28 1
76.29 1
76.3 1
76.31 1
76.32000000000001 1
76.33 1
76.34 1
76.35000000000001 1
76.36 1
76.37 1
76.38 1
76.39 1
76.4 1
76.41 1
76.42 1
76.43 1
76.44 1
76.45 1
76.46000000000001 1
76.47 1
76.48 1
76.49 1
76.5 1
76.51 1
76.52 1
76.53 1
76.54 1
76.55 1
76.56 1
76.57000000000001 1
76.58 1
76.59 1
76.60000000000001 1
76.61 0
76.62 0
76.63 0
76.64 0
76.65 0
76.66 0
76.67 0
76.68 1
76.69 1
76.7 1
76.71000000000001 1
76.72 1
76.73 1
76.74 1
76.75 1
76.76 1
76.77 1
76.78 1
76.79 1
76.8 1
76.81 1
76.82000000000001 1
76.83 1
76.84 1
76.85000000000001 1
76.86 1
76.87 1
76.88 1
76.89 1
76.9 1
76.91 1
76.92 1
76.93 1
76.94 1
76.95 1
76.96000000000001 1
76.97 1
76.98 1
76.99 1
77.0 1
77.01 1
77.02 1
77.03 1
77.04 1
77.05 1
77.06 1
77.07000000000001 1
77.08 1
77.09 1
77.10000000000001 1
77.11 1
77.12 1
77.13 1
77.14 1
77.15 1
77.16 1
77.17 1
77.18 1
77.19 1
77.2 1
77.21000000000001 1
77.22 1
77.23 1
77.24 1
77.25 1
77.26 1
77.27 1
77.28 1
77.29 1
77.3 1
77.31 1
77.32000000000001 1
77.33 1
77.34 1
77.35000000000001 1
77.36 1
77.37 1
77.38 1
77.39 1
77.4 1
77.41 1
77.42 1
77.43 1
77.44 1
77.45 1
77.46000000000001 1
77.47 1
77.48 1
77.49 1
77.5 1
77.51 1
77.52 1
77.53 1
77.54 1
77.55 1
77.56 1
77.57000000000001 1
77.58 1
77.59 1
77.60000000000001 1
77.61 1
77.62 1
77.63 1
77.64 1
77.65 1
77.66 1
77.67 1
77.68 1
77.69 1
77.7 1
77.71000000000001 1
77.72 1
77.73 1
77.74 1
77.75 1
77.76 1
77.77 1
77.78 1
77.79 1
77.8 1
77.81 1
77.82000000000001 1
77.83 1
77.84 1
77.85000000000001 1
77.86 1
77.87 1
77.88 1
77.89 1
77.9 1
77.91 0
77.92 0
77.93 0
77.94 0
77.95 0
77.96000000000001 0
77.97 0
77.98 0
77.99 0
78.0 0
78.01 0
78.02 0
78.03 0
78.04 0
78.05 0
78.06 0
78.07000000000001 0
78.08 0
78.09 0
78.10000000000001 0
78.11 0
78.12 0
78.13 0
78.14 0
78.15 0
78.16 0
78.17 0
78.18 0
78.19 0
78.2 0
78.21000000000001 0
78.22 0
78.23 0
78.24 1
78.25 1
78.26 1
78.27 1
78.28 1
78.29 1
78.3 1
78.31 1
78.32000000000001 1
78.33 1
78.34 1
78.35000000000001 1
78.36 1
78.37 1
78.38 1
78.39 1
78.4 1
78.41 1
78.42 1
78.43 1
78.44 1
78.45 1
78.46000000000001 1
78.47 1
78.48 1
78.49 1
78.5 1
78.51 1
78.52 1
78.53 1
78.54 1
78.55 1
78.56 1
78.57000000000001 1
78.58 1
78.59 1
78.60000000000001 1
78.61 1
78.62 1
78.63 1
78.64 1
78.65 1
78.66 1
78.67 1
78.68 1
78.69 1
78.7 1
78.71000000000001 1
78.72 1
78.73 1
78.74 1
78.75 1
78.76 1
78.77 1
78.78 1
78.79 1
78.8 1
78.81 1
78.82000000000001 1
78.83 1
78.84 1
78.85000000000001 1
78.86 1
78.87 1
78.88 1
78.89 1
78.9 1
78.91 1
78.92 1
78.93 1
78.94 1
78.95 1
78.96000000000001 1
78.97 1
78.98 1
78.99 1
79.0 1
79.01 1
79.02 1
79.03 1
79.04 1
79.05 1
79.06 1
79.07000000000001 1
79.08 1
79.09 1
79.10000000000001 1
79.11 1
79.12 1
79.13 1
79.14 1
79.15 1
79.16 1
79.17 1
79.18 1
79.19 1
79.2 0
79.21000000000001 0
79.22 0
79.23 0
79.24 0
79.25 0
79.26 0
79.27 0
79.28 0
79.29 0
79.3 0
79.31 1
79.32000000000001 1
79.33 1
79.34 1
79.35000000000001 1
79.36 1
79.37 1
79.38 1
79.39 1
79.4 1
79.41 1
79.42 1
79.43 1
79.44 1
79.45 1
79.46000000000001 1
79.47 1
79.48 1
79.49 1
79.5 1
79.51 1
79.52 1
79.53 1
79.54 1
79.55 1
79.56 1
79.57000000000001 1
79.58 1
79.59 1
79.60000000000001 1
79.61 1
79.62 1
79.63 1
79.64 1
79.65 1
79.66 1
79.67 1
79.68 1
79.69 1
79.7 1
79.71000000000001 1
79.72 1
79.73 1
79.74 1
79.75 1
79.76 1
79.77 1
79.78 1
79.79 1
79.8 1
79.81 1
79.82000000000001 1
79.83 1
79.84 1
79.85000000000001 1
79.86 1
79.87 1
79.88 1
79.89 1
79.9 1
79.91 1
79.92 1
79.93 1
79.94 1
79.95 1
79.96000000000001 1
79.97 0
79.98 0
79.99 0
80.0 0
80.01 0
80.02 0
80.03 0
80.04 0
80.05 0
80.06 0
80.07000000000001 0
80.08 0
80.09 0
80.10000000000001 0
80.11 0
80.12 0
80.13 0
80.14 0
80.15 0
80.16 0
80.17 0
80.18 0
80.19 0
80.2 0
80.21000000000001 0
80.22 0
80.23 0
80.24 0
80.25 0
80.26 0
80.27 0
80.28 0
80.29 0
80.3 0
80.31 0
80.32000000000001 0
80.33 0
80.34 0
80.35000000000001 0
80.36 0
80.37 0
80.38 0
80.39 0
80.4 0
80.41 1
80.42 1
80.43 1
80.44 1
80.45 1
80.46000000000001 1
80.47 1
80.48 1
80.49 1
80.5 1
80.51 1
80.52 1
80.53 1
80.54 1
80.55 1
80.56 1
80.57000000000001 1
80.58 1
80.59 1
80.60000000000001 1
80.61 1
80.62 1
80.63 1
80.64 1
80.65 1
80.66 1
80.67 1
80.68 1
80.69 1
80.7 1
80.71000000000001 1
80.72 1
80.73 1
80.74 1
80.75 1
80.76 1
80.77 1
80.78 1
80.79 1
80.8 1
80.81 1
80.82000000000001 1
80.83 1
80.84 1
80.85000000000001 1
80.86 1
80.87 1
80.88 1
80.89 1
80.9 1
80.91 1
80.92 1
80.93 1
80.94 1
80.95 1
80.96000000000001 1
80.97 1
80.98 1
80.99 1
81.0 1
81.01 1
81.02 1
81.03 1
81.04 1
81.05 1
81.06 1
81.07000000000001 1
81.08 1
81.09 1
81.10000000000001 1
81.11 1
81.12 1
81.13 1
81.14 1
81.15 1
81.16 1
81.17 1
81.18 1
81.19 1
81.2 1
81.21000000000001 1
81.22 1
81.23 1
81.24 1
81.25 1
81.26 1
81.27 1
81.28 1
81.29 1
81.3 1
81.31 1
81.32000000000001 1
81.33 1
81.34 1
81.35000000000001 1
81.36 1
81.37 1
81.38 1
81.39 1
81.4 1
81.41 1
81.42 1
81.43 1
81.44 1
81.45 0
81.46000000000001 0
81.47 0
81.48 0
81.49 0
81.5 0
81.51 0
81.52 0
81.53 0
81.54 1
81.55 1
81.56 1
81.57000000000001 1
81.58 1
81.59 1
81.60000000000001 1
81.61 1
81.62 1
81.63 1
81.64 1
81.65 1
81.66 1
81.67 1
81.68 1
81.69 1
81.7 1
81.71000000000001 1
81.72 1
81.73 1
81.74 1
81.75 1
81.76 1
81.77 1
81.78 1
81.79 1
81.8 1
81.81 1
81.82000000000001 1
81.83 1
81.84 1
81.85000000000001 1
81.86 1
81.87 1
81.88 1
81.89 1
81.9 1
81.91 1
81.92 1
81.93 1
81.94 1
81.95 1
81.96000000000001 1
81.97 1
81.98 1
81.99 1
82.0 1
82.01 1
82.02 1
82.03 1
82.04 1
82.05 1
82.06 1
82.07000000000001 1
82.08 1
82.09 1
82.10000000000001 1
82.11 1
82.12 1
82.13 1
82.14 1
82.15 1
82.16 1
82.17 1
82.18 1
82.19 1
82.2 1
82.21000000000001 1
82.22 1
82.23 1
82.24 1
82.25 1
82.26 1
82.27 1
82.28 1
82.29 1
82.3 1
82.31 1
82.32000000000001 1
82.33 1
82.34 1
82.35000000000001 1
82.36 1
82.37 1
82.38 1
82.39 1
82.4 1
82.41 1
82.42 1
82.43 1
82.44 1
82.45 1
82.46000000000001 1
82.47 1
82.48 1
82.49 1
82.5 1
82.51 0
82.52 0
82.53 0
82.54 0
82.55 0
82.56 0
82.57000000000001 0
82.58 0
82.59 0
82.60000000000001 0
82.61 0
82.62 0
82.63 0
82.64 1
82.65 1
82.66 1
82.67 1
82.68 1
82.69 1
82.7 1
82.71000000000001 1
82.72 1
82.73 1
82.74 1
82.75 1
82.76 1
82.77 1
82.78 1
82.79 1
82.8 1
82.81 1
82.82000000000001 1
82.83 1
82.84 1
82.85000000000001 1
82.86 1
82.87 1
82.88 1
82.89 1
82.9 1
82.91 1
82.92 1
82.93 1
82.94 1
82.95 1
82.96000000000001 1
82.97 1
82.98 1
82.99 1
83.0 1
83.01 1
83.02 1
83.03 1
83.04 1
83.05 1
83.06 1
83.07000000000001 1
83.08 1
83.09 1
83.10000000000001 1
83.11 1
83.12 1
83.13 1
83.14 1
83.15 1
83.16 1
83.17 1
83.18 1
83.19 1
83.2 1
83.21000000000001 1
83.22 1
83.23 1
83.24 1
83.25 1
83.26 1
83.27 1
83.28 1
83.29 1
83.3 1
83.31 1
83.32000000000001 1
83.33 1
83.34 1
83.35000000000001 1
83.36 1
83.37 1
83.38 1
83.39 1
83.4 1
83.41 1
83.42 1
83.43 1
83.44 1
83.45 1
83.46000000000001 1
83.47 1
83.48 1
83.49 1
83.5 1
83.51 1
83.52 1
83.53 1
83.54 1
83.55 1
83.56 1
83.57000000000001 1
83.58 1
83.59 1
83.60000000000001 1
83.61 1
83.62 1
83.63 1
83.64 1
83.65 1
83.66 1
83.67 1
83.68 1
83.69 1
83.7 1
83.71000000000001 1
83.72 1
83.73 1
83.74 1
83.75 1
83.76 1
83.77 1
83.78 1
83.79 1
83.8 1
83.81 1
83.82000000000001 1
83.83 1
83.84 1
83.85000000000001 1
83.86 1
83.87 0
83.88 0
83.89 0
83.9 0
83.91 0
83.92 0
83.93 0
83.94 0
83.95 0
83.96000000000001 0
83.97 0
83.98 0
83.99 0
84.0 0
84.01 0
84.02 0
84.03 0
84.04 0
84.05 0
84.06 0
84.07000000000001 0
84.08 0
84.09 0
84.10000000000001 0
84.11 0
84.12 0
84.13 0
84.14 0
84.15 0
84.16 0
84.17 0
84.18 0
84.19 0
84.2 0
84.21000000000001 0
84.22 0
84.23 0
84.24 0
84.25 0
84.26 0
84.27 0
84.28 0
84.29 0
84.3 0
84.31 0
84.32000000000001 0
84.33 0
84.34 0
84.35000000000001 0
84.36 0
84.37 0
84.38 0
84.39 0
84.4 0
84.41 0
84.42 0
84.43 0
84.44 0
84.45 0
84.46000000000001 0
84.47 0
84.48 0
84.49 0
84.5 0
84.51 0
84.52 0
84.53 0
84.54 0
84.55 0
84.56 0
84.57000000000001 0
84.58 0
84.59 0
84.60000000000001 0
84.61 0
84.62 0
84.63 0
84.64 0
84.65 0
84.66 0
84.67 0
84.68 0
84.69 0
84.7 0
84.71000000000001 0
84.72 0
84.73 0
84.74 0
84.75 0
84.76 0
84.77 0
84.78 0
84.79 0
84.8 0
84.81 0
84.82000000000001 0
84.83 0
84.84 0
84.85000000000001 0
84.86 0
84.87 0
84.88 0
84.89 0
84.9 0
84.91 0
84.92 0
84.93 0
84.94 0
84.95 0
84.96000000000001 0
84.97 0
84.98 0
84.99 0
85.0 0
85.01 0
85.02 0
85.03 0
85.04 0
85.05 0
85.06 0
85.07000000000001 0
85.08 0
85.09 0
85.10000000000001 0
85.11 0
85.12 0
85.13 0
85.14 0
85.15 0
85.16 0
85.17 0
85.18 0