0 0
0.01 0
0.02 0
0.03 0
0.04 0
0.05 0
0.06 85.4651
0.07 85.4651
0.08 85.4651
0.09 0
0.1 560.593
0.11 0
0.12 0
0.13 138.462
0.14 0
0.15 0
0.16 0
0.17 0
0.18 0
0.19 0
0.2 0
0.21 309.691
0.22 0
0.23 0
0.24 0
0.25 0
0.26 0
0.27 0
0.28 0
0.29 0
0.3 648.529
0.31 648.529
0.32 648.529
0.33 0
0.34 132.036
0.35 0
0.36 0
0.37 0
0.38 0
0.39 873.267
0.4 0
0.41 0
0.42 47.5216
0.43 47.5216
0.44 47.5216
0.45 0
0.46 46.7161
0.47 46.7161
0.48 46.7161
0.49 0
0.5 639.13
0.51 0
0.52 0
0.53 0
0.54 0
0.55 110.526
0.56 0
0.57 0
0.58 0
0.59 0
0.6 61.4206
0.61 0
0.62 537.805
0.63 0
0.64 0
0.65 512.791
0.66 501.136
0.67 501.136
0.68 512.791
0.69 512.791
0.7 441
0.71 441
0.72 441
0.73 454.639
0.74 454.639
0.75 454.639
0.76 0
0.77 0
0.78 0
0.79 0
0.8 0
0.81 0
0.82 0
0.83 479.348
0.84 479.348
0.85 479.348
0.86 479.348
0.87 479.348
0.88 479.348
0.89 479.348
0.9 0
0.91 136.533
0.92 136.533
0.93 136.533
0.94 136.533
0.95 136.533
0.96 136.533
0.97 139.557
0.98 152.86
0.99 177.108
1 176.804
1.01 178.302
1.02 178.302
1.03 184.777
1.04 188.083
1.05 188.283
1.06 188.972
1.07 190.168
1.08 190.703
1.09 192.9
1.1 194.559
1.11 194.351
1.12 194.351
1.13 229.091
1.14 227.085
1.15 227.085
1.16 227.085
1.17 236.25
1.18 237.462
1.19 239.674
1.2 239.674
1.21 239.674
1.22 239.674
1.23 240.254
1.24 242.308
1.25 244.373
1.26 245.273
1.27 245.911
1.28 249.354
1.29 245.682
1.3 245.745
1.31 245.151
1.32 245.182
1.33 245.455
1.34 245.65
1.35 245.65
1.36 245.65
1.37 245.65
1.38 245.574
1.39 245.78
1.4 246.025
1.41 246.025
1.42 246.92
1.43 246.92
1.44 247.405
1.45 247.985
1.46 247.606
1.47 247.46
1.48 247.405
1.49 247.341
1.5 247.444
1.51 247.657
1.52 247.657
1.53 247.657
1.54 247.432
1.55 247.614
1.56 247.753
1.57 248.311
1.58 248.801
1.59 247.753
1.6 247.136
1.61 247.158
1.62 247.248
1.63 247.308
1.64 247.308
1.65 247.308
1.66 247.308
1.67 247.308
1.68 247.29
1.69 247.263
1.7 247.753
1.71 248.151
1.72 249.478
1.73 249.623
1.74 249.289
1.75 249.562
1.76 249.555
1.77 249.518
1.78 249.322
1.79 249.459
1.8 249.832
1.81 250.162
1.82 250.654
1.83 262.424
1.84 263.126
1.85 262.873
1.86 264.204
1.87 265.049
1.88 251.24
1.89 251.127
1.9 250.162
1.91 247.444
1.92 246.094
1.93 247.29
1.94 247.46
1.95 247.475
1.96 247.475
1.97 247.475
1.98 247.475
1.99 247.475
2 247.46
2.01 248.977
2.02 250.284
2.03 245
2.04 271.107
2.05 244.225
2.06 245
2.07 252.867
2.08 250.568
2.09 249.717
2.1 246.96
2.11 247.248
2.12 247.248
2.13 247.248
2.14 247.248
2.15 247.248
2.16 247.248
2.17 248.151
2.18 247.475
2.19 247.952
2.2 248.311
2.21 251.483
2.22 251.097
2.23 252.555
2.24 251.889
2.25 251.88
2.26 251.68
2.27 251.68
2.28 251.362
2.29 251.227
2.3 251.521
2.31 253.448
2.32 245
2.33 243.646
2.34 234.574
2.35 234.574
2.36 234.574
2.37 234.574
2.38 234.574
2.39 0
2.4 0
2.41 0
2.42 0
2.43 0
2.44 252
2.45 248.451
2.46 243.497
2.47 245
2.48 245
2.49 245.227
2.5 244.83
2.51 245.065
2.52 244.948
2.53 244.822
2.54 244.76
2.55 244.859
2.56 245.038
2.57 245.188
2.58 245.16
2.59 245.303
2.6 245.234
2.61 245.39
2.62 245.682
2.63 246.063
2.64 246.369
2.65 247.753
2.66 247.29
2.67 246.828
2.68 246.475
2.69 246.369
2.7 246.216
2.71 246.045
2.72 246.079
2.73 246.162
2.74 246.122
2.75 246.063
2.76 246.126
2.77 246.172
2.78 246.204
2.79 246.369
2.8 247.29
2.81 247.197
2.82 246.094
2.83 246.828
2.84 246.369
2.85 246.404
2.86 246.284
2.87 246.314
2.88 246.314
2.89 246.228
2.9 245.965
2.91 245.965
2.92 245.455
2.93 246.522
2.94 246.828
2.95 250.568
2.96 250.162
2.97 248.551
2.98 248.739
2.99 248.952
3 249.091
3.01 249.281
3.02 248.871
3.03 245.911
3.04 245.911
3.05 245.911
3.06 245.911
3.07 245.911
3.08 245.911
3.09 245.911
3.1 245.911
3.11 240.984
3.12 240.984
3.13 249.434
3.14 243.646
3.15 253.448
3.16 253.448
3.17 253.448
3.18 253.448
3.19 245
3.2 249.153
3.21 249.153
3.22 244.728
3.23 244.547
3.24 244.819
3.25 245.321
3.26 245.718
3.27 245.994
3.28 246.094
3.29 246.429
3.3 247.092
3.31 247.614
3.32 248.062
3.33 248.497
3.34 248.397
3.35 248.311
3.36 248.451
3.37 248.871
3.38 248.451
3.39 247.753
3.4 248.182
3.41 248.828
3.42 255.735
3.43 259.073
3.44 259.412
3.45 259.412
3.46 259.412
3.47 259.412
3.48 259.073
3.49 259.412
3.5 259.073
3.51 258.197
3.52 251.521
3.53 242.308
3.54 242.308
3.55 249.153
3.56 279.114
3.57 295.973
3.58 280.297
3.59 294
3.6 294
3.61 294
3.62 294
3.63 294
3.64 294
3.65 294
3.66 274.766
3.67 279.114
3.68 276.253
3.69 275.625
3.7 275.195
3.71 275.422
3.72 275.422
3.73 275.97
3.74 277.165
3.75 277.298
3.76 277.905
3.77 278.862
3.78 279.892
3.79 280.205
3.8 280.429
3.81 281.02
3.82 281.043
3.83 281.097
3.84 281.19
3.85 281.015
3.86 280.772
3.87 280.569
3.88 280.41
3.89 280.138
3.9 280.074
3.91 279.035
3.92 278.761
3.93 278.699
3.94 278.644
3.95 278.722
3.96 278.807
3.97 278.557
3.98 277.358
3.99 277.358
4 275.625
4.01 279.114
4.02 268.902
4.03 274.481
4.04 274.481
4.05 275.625
4.06 275.625
4.07 275.625
4.08 256.395
4.09 246.828
4.1 245.911
4.11 245.455
4.12 243.983
4.13 244.457
4.14 241.776
4.15 241.277
4.16 240.047
4.17 238.966
4.18 237.76
4.19 236.419
4.2 234.358
4.21 232.309
4.22 230.561
4.23 228.929
4.24 230.087
4.25 233.025
4.26 233.461
4.27 233.671
4.28 234.005
4.29 234.208
4.3 234.341
4.31 234.661
4.32 235.055
4.33 233.925
4.34 233.087
4.35 231.834
4.36 230.611
4.37 229.927
4.38 231.389
4.39 230.22
4.4 229.813
4.41 230.393
4.42 230.948
4.43 231.848
4.44 231.942
4.45 232.105
4.46 232.537
4.47 232.216
4.48 232.967
4.49 232.304
4.5 232.245
4.51 231.316
4.52 231.855
4.53 232.697
4.54 233.256
4.55 232.794
4.56 232.759
4.57 232.896
4.58 232.831
4.59 233.471
4.6 233.206
4.61 231.931
4.62 232.367
4.63 231.848
4.64 232.545
4.65 233.284
4.66 232.841
4.67 234.036
4.68 233.985
4.69 234.512
4.7 234.319
4.71 234.116
4.72 234.005
4.73 233.596
4.74 233.333
4.75 232.595
4.76 232.175
4.77 231.119
4.78 231.528
4.79 232.388
4.8 232.718
4.81 233.179
4.82 233.608
4.83 234.09
4.84 234.512
4.85 234.648
4.86 234.642
4.87 234.505
4.88 234.423
4.89 234.159
4.9 233.144
4.91 233.28
4.92 232.595
4.93 231.97
4.94 231.71
4.95 231.924
4.96 232.981
4.97 233.704
4.98 233.849
4.99 233.837
5 234.107
5.01 234.208
5.02 234.005
5.03 233.923
5.04 233.846
5.05 233.123
5.06 233.428
5.07 233.3
5.08 233.139
5.09 233.333
5.1 233.402
5.11 233.594
5.12 233.701
5.13 233.722
5.14 233.608
5.15 233.768
5.16 233.567
5.17 233.196
5.18 233.265
5.19 232.898
5.2 232.284
5.21 232.165
5.22 231.983
5.23 232.488
5.24 232.5
5.25 232.677
5.26 232.876
5.27 232.537
5.28 232.665
5.29 232.859
5.3 232.796
5.31 232.986
5.32 233.272
5.33 233.333
5.34 233.365
5.35 233.544
5.36 233.333
5.37 233.555
5.38 233.619
5.39 233.634
5.4 233.539
5.41 233.484
5.42 233.275
5.43 233.049
5.44 233.183
5.45 232.923
5.46 232.923
5.47 232.883
5.48 232.981
5.49 232.902
5.5 232.944
5.51 232.898
5.52 232.951
5.53 233.025
5.54 233.333
5.55 233.179
5.56 233.221
5.57 230.03
5.58 228.734
5.59 227.32
5.6 225
5.61 225
5.62 225
5.63 214.078
5.64 214.078
5.65 214.078
5.66 227.58
5.67 229.688
5.68 230.649
5.69 236.081
5.7 236.081
5.71 236.081
5.72 218.317
5.73 218.317
5.74 218.317
5.75 205.116
5.76 205.116
5.77 205.116
5.78 0
5.79 653.333
5.8 653.333
5.81 653.333
5.82 653.333
5.83 653.333
5.84 760.345
5.85 760.345
5.86 760.345
5.87 760.345
5.88 760.345
5.89 0
5.9 0
5.91 0
5.92 0
5.93 0
5.94 0
5.95 0
5.96 0
5.97 0
5.98 0
5.99 0
6 0
6.01 0
6.02 0
6.03 0
6.04 0
6.05 0
6.06 0
6.07 0
6.08 0
6.09 0
6.1 0
6.11 0
6.12 0
6.13 0
6.14 0
6.15 216.176
6.16 0
6.17 410.87
6.18 410.87
6.19 411.381
6.2 422.01
6.21 422.01
6.22 422.01
6.23 422.01
6.24 0
6.25 416.038
6.26 416.038
6.27 416.038
6.28 0
6.29 131.773
6.3 132.036
6.31 132.036
6.32 0
6.33 133.233
6.34 133.233
6.35 133.233
6.36 133.233
6.37 133.233
6.38 134.451
6.39 155.282
6.4 171.329
6.41 201.186
6.42 201.186
6.43 201.186
6.44 201.186
6.45 201.186
6.46 0
6.47 198.649
6.48 197.581
6.49 191.185
6.5 191.185
6.51 186.864
6.52 186.864
6.53 186.864
6.54 186.864
6.55 186.864
6.56 202.294
6.57 203.226
6.58 203.226
6.59 203.226
6.6 203.226
6.61 203.578
6.62 203.578
6.63 203.762
6.64 203.762
6.65 203.538
6.66 203.538
6.67 202.294
6.68 201.37
6.69 201.37
6.7 202.294
6.71 203.695
6.72 205.307
6.73 204.799
6.74 204.799
6.75 204.799
6.76 205.116
6.77 204.167
6.78 203.852
6.79 203.628
6.8 204.167
6.81 204.403
6.82 204.167
6.83 204.451
6.84 204.451
6.85 204.451
6.86 204.588
6.87 204.836
6.88 205.355
6.89 205.594
6.9 204.64
6.91 204.83
6.92 204.511
6.93 204.385
6.94 204.385
6.95 204.385
6.96 204.245
6.97 203.695
6.98 204.167
6.99 203.995
7 204.167
7.01 204.545
7.02 205.253
7.03 205.03
7.04 204.75
7.05 204.75
7.06 204.75
7.07 204.75
7.08 204.75
7.09 205.03
7.1 204.64
7.11 205.116
7.12 205.116
7.13 207.692
7.14 207.692
7.15 207.692
7.16 207.692
7.17 207.692
7.18 207.774
7.19 203.695
7.2 209.335
7.21 203.931
7.22 203.226
7.23 203.226
7.24 203.226
7.25 203.226
7.26 203.824
7.27 202.559
7.28 203.413
7.29 203.039
7.3 203.226
7.31 203.769
7.32 203.789
7.33 203.789
7.34 203.789
7.35 203.769
7.36 204.836
7.37 204.451
7.38 204.451
7.39 204.565
7.4 204.64
7.41 204.844
7.42 204.844
7.43 204.957
7.44 204.926
7.45 204.167
7.46 204.167
7.47 204.167
7.48 205.116
7.49 205.116
7.5 205.116
7.51 204.167
7.52 204.167
7.53 206.075
7.54 206.075
7.55 206.075
7.56 202.139
7.57 203.852
7.58 205.116
7.59 205.116
7.6 205.116
7.61 205.116
7.62 205.116
7.63 205.116
7.64 0
7.65 615.922
7.66 615.922
7.67 615.922
7.68 615.922
7.69 615.922
7.7 0
7.71 303.242
7.72 303.242
7.73 303.242
7.74 303.242
7.75 303.242
7.76 303.242
7.77 303.242
7.78 302.885
7.79 302.055
7.8 302.055
7.81 302.055
7.82 302.055
7.83 302.055
7.84 0
7.85 648.529
7.86 648.529
7.87 648.529
7.88 648.529
7.89 648.529
7.9 648.529
7.91 648.529
7.92 643.796
7.93 621.127
7.94 621.127
7.95 621.127
7.96 621.127
7.97 611.085
7.98 611.085
7.99 611.085
8 608.276
8.01 604.11
8.02 658.209
8.03 658.209
8.04 658.209
8.05 0
8.06 0
8.07 75.2881
8.08 76.0782
8.09 76.0782
8.1 0
8.11 114.993
8.12 0
8.13 259.412
8.14 259.412
8.15 259.412
8.16 260.177
8.17 260.177
8.18 264.6
8.19 260.947
8.2 262.5
8.21 262.5
8.22 262.5
8.23 262.5
8.24 290.61
8.25 277.358
8.26 281.489
8.27 281.489
8.28 260.433
8.29 260.433
8.3 260.433
8.31 260.433
8.32 0
8.33 102.083
8.34 0
8.35 20.569
8.36 20.569
8.37 20.569
8.38 0
8.39 29.8983
8.4 29.878
8.41 29.8983
8.42 29.8983
8.43 29.8983
8.44 29.8983
8.45 29.8983
8.46 0
8.47 0
8.48 0
8.49 302.055
8.5 302.055
8.51 302.055
8.52 302.055
8.53 302.055
8.54 302.055
8.55 302.055
8.56 302.055
8.57 302.055
8.58 271.385
8.59 271.385
8.6 271.385
8.61 271.385
8.62 271.385
8.63 0
8.64 546.13
8.65 0
8.66 546.694
8.67 546.694
8.68 546.694
8.69 546.694
8.7 546.694
8.71 549.723
8.72 556.467
8.73 556.467
8.74 556.467
8.75 556.467
8.76 556.467
8.77 0
8.78 76.8293
8.79 76.8293
8.8 76.8293
8.81 76.8293
8.82 76.8293
8.83 76.8293
8.84 76.8293
8.85 76.8293
8.86 76.8293
8.87 0
8.88 0
8.89 0
8.9 0
8.91 0
8.92 0
8.93 136.111
8.94 134.98
8.95 134.98
8.96 135.901
8.97 135.901
8.98 135.901
8.99 135.901
9 0
9.01 0
9.02 181.731
9.03 0
9.04 38.2812
9.05 0
9.06 76.3857
9.07 89.4783
9.08 89.4783
9.09 89.4783
9.1 89.6341
9.11 89.6341
9.12 89.8777
9.13 89.8777
9.14 90.5544
9.15 90.5544
9.16 90.5544
9.17 90
9.18 90
9.19 77.8464
9.2 77.5044
9.21 77.5044
9.22 77.5044
9.23 0
9.24 0
9.25 0
9.26 531.325
9.27 0
9.28 595.946
9.29 0
9.3 185.294
9.31 185.294
9.32 185.294
9.33 0
9.34 606.881
9.35 612.5
9.36 606.881
9.37 537.805
9.38 537.805
9.39 642.233
9.4 642.233
9.41 642.233
9.42 636.058
9.43 636.058
9.44 636.058
9.45 0
9.46 0
9.47 154.556
9.48 0
9.49 0
9.5 609.116
9.51 604.11
9.52 604.11
9.53 604.11
9.54 604.11
9.55 0
9.56 0
9.57 147.368
9.58 0
9.59 0
9.6 0
9.61 153.125
9.62 153.599
9.63 156.94
9.64 157.782
9.65 156.828
9.66 156.828
9.67 156.828
9.68 156.828
9.69 156.828
9.7 156.828
9.71 156.754
9.72 156.754
9.73 154.196
9.74 154.196
9.75 154.196
9.76 0
9.77 123.013
9.78 0
9.79 123.013
9.8 123.013
9.81 122.841
9.82 122.727
9.83 123.876
9.84 123.876
9.85 123.876
9.86 142.075
9.87 142.075
9.88 142.075
9.89 142.075
9.9 142.075
9.91 142.075
9.92 142.075
9.93 0
9.94 604.11
9.95 604.11
9.96 604.11
9.97 604.11
9.98 604.11
9.99 604.11
10 604.11
10.01 604.11
10.02 604.11
10.03 604.11
10.04 0
10.05 0
10.06 285.129
10.07 0
10.08 44.2031
10.09 0
10.1 156.161
10.11 156.701
10.12 156.701
10.13 157.313
10.14 157.313
10.15 157.313
10.16 157.313
10.17 157.219
10.18 158.065
10.19 158.065
10.2 159.206
10.21 159.206
10.22 159.206
10.23 159.206
10.24 159.206
10.25 159.206
10.26 159.206
10.27 159.494
10.28 159.494
10.29 159.494
10.3 159.494
10.31 0
10.32 0
10.33 17.1329
10.34 17.1329
10.35 17.1329
10.36 0
10.37 153.125
10.38 153.125
10.39 153.125
10.4 0
10.41 79.9879
10.42 79.9879
10.43 79.7757
10.44 79.7757
10.45 79.7757
10.46 0
10.47 120.712
10.48 120.822
10.49 120.822
10.5 0
10.51 30.2469
10.52 30.2469
10.53 30.2469
10.54 30.2469
10.55 30.2469
10.56 30.2469
10.57 30.2469
10.58 0
10.59 591.379
10.6 591.379
10.61 591.379
10.62 586.436
10.63 493.657
10.64 479.348
10.65 479.348
10.66 479.348
10.67 479.348
10.68 479.348
10.69 463.235
10.7 463.235
10.71 481.967
10.72 481.967
10.73 486.26
10.74 488.836
10.75 494.395
10.76 493.224
10.77 491.213
10.78 491.213
10.79 498.305
10.8 498.305
10.81 498.305
10.82 498.305
10.83 0
10.84 525
10.85 0
10.86 262.5
10.87 0
10.88 79.6029
10.89 80.6707
10.9 80.6707
10.91 0
10.92 241.549
10.93 0
10.94 242.042
10.95 242.752
10.96 240.196
10.97 240.796
10.98 242.793
10.99 241.247
11 242.513
11.01 241.103
11.02 241.103
11.03 242.513
11.04 240.545
11.05 242.066
11.06 241.865
11.07 243.071
11.08 244.321
11.09 245
11.1 245
11.11 245
11.12 273.913
11.13 273.913
11.14 273.913
11.15 0
11.16 245
11.17 245
11.18 245
11.19 245
11.2 245
11.21 245
11.22 245
11.23 245
11.24 245
11.25 245
11.26 245
11.27 245
11.28 245
11.29 0
11.3 164.86
11.31 164.86
11.32 164.86
11.33 0
11.34 0
11.35 0
11.36 0
11.37 168.321
11.38 168.321
11.39 168.642
11.4 168.642
11.41 169.182
11.42 169.182
11.43 169.182
11.44 169.182
11.45 169.182
11.46 0
11.47 91.0619
11.48 91.1695
11.49 91.0687
11.5 91.2666
11.51 91.2666
11.52 91.2666
11.53 91.2666
11.54 0
11.55 572.727
11.56 0
11.57 537.805
11.58 537.805
11.59 537.805
11.6 0
11.61 70.5036
11.62 70.5036
11.63 70.5036
11.64 70.5036
11.65 70.4473
11.66 70.4473
11.67 70.4473
11.68 70.4473
11.69 70.4473
11.7 0
11.71 0
11.72 138.245
11.73 0
11.74 40.4959
11.75 0
11.76 80.1818
11.77 80.1818
11.78 80.1818
11.79 80.1818
11.8 80.1818
11.81 80.4745
11.82 70.2229
11.83 70.2229
11.84 70.2229
11.85 70.2229
11.86 70.2229
11.87 0
11.88 273.913
11.89 273.913
11.9 273.913
11.91 265.663
11.92 256.993
11.93 251.139
11.94 246.172
11.95 246.172
11.96 244.547
11.97 244.547
11.98 244.547
11.99 244.547
12 245
12.01 245
12.02 238.636
12.03 238.636
12.04 238.636
12.05 238.636
12.06 238.636
12.07 0
12.08 0
12.09 28.4884
12.1 0
12.11 85.1351
12.12 0
12.13 28.7984
12.14 0
12.15 0
12.16 0
12.17 0
12.18 237.097
12.19 0
12.2 485.683
12.21 491.091
12.22 491.091
12.23 497.656
12.24 500.378
12.25 499.874
12.26 499.874
12.27 499.874
12.28 499.94
12.29 500.504
12.3 501.136
12.31 506.897
12.32 503.779
12.33 503.779
12.34 503.779
12.35 503.779
12.36 503.779
12.37 0
12.38 68.5391
12.39 0
12.4 497.029
12.41 497.101
12.42 493.992
12.43 500
12.44 498.869
12.45 502.564
12.46 504.412
12.47 504.412
12.48 504.412
12.49 512.791
12.5 512.791
12.51 512.791
12.52 512.791
12.53 0
12.54 68.1607
12.55 0
12.56 242.308
12.57 242.308
12.58 242.308
12.59 0
12.6 78.4698
12.61 0
12.62 79.6029
12.63 0
12.64 57.7225
12.65 0
12.66 242.308
12.67 0
12.68 0
12.69 236.25
12.7 0
12.71 469.149
12.72 469.149
12.73 469.149
12.74 469.149
12.75 469.149
12.76 476.757
12.77 470.149
12.78 470.149
12.79 470.149
12.8 446.959
12.81 446.959
12.82 0
12.83 0
12.84 482.847
12.85 0
12.86 432.353
12.87 0
12.88 459.375
12.89 445.455
12.9 445.455
12.91 0
12.92 132.036
12.93 132.036
12.94 132.036
12.95 132.036
12.96 132.036
12.97 132.036
12.98 132.036
12.99 132.036
13 132.036
13.01 0
13.02 187.041
13.03 187.041
13.04 184.673
13.05 185.489
13.06 195.479
13.07 196
13.08 196
13.09 198.054
13.1 200.911
13.11 200.911
13.12 200.911
13.13 200.911
13.14 200.911
13.15 0
13.16 501.136
13.17 0
13.18 86.9251
13.19 0
13.2 507.545
13.21 508.245
13.22 506.25
13.23 516.393
13.24 509.827
13.25 509.827
13.26 509.827
13.27 535.43
13.28 541.326
13.29 545.192
13.3 543.225
13.31 543.225
13.32 545.91
13.33 546.694
13.34 548.35
13.35 549.138
13.36 555.591
13.37 556.718
13.38 560.411
13.39 570.259
13.4 570.259
13.41 570.259
13.42 570.259
13.43 570.259
13.44 0
13.45 614.206
13.46 620.747
13.47 634.532
13.48 641.788
13.49 641.788
13.5 644.072
13.51 645.181
13.52 657.816
13.53 657.816
13.54 657.816
13.55 671.437
13.56 667.529
13.57 654.303
13.58 647.824
13.59 640.731
13.6 640.731
13.61 640.456
13.62 634.701
13.63 628.802
13.64 627.93
13.65 611.82
13.66 611.82
13.67 620.613
13.68 623.152
13.69 623.152
13.7 621.923
13.71 642.233
13.72 642.233
13.73 643.796
13.74 631.288
13.75 615.349
13.76 595.946
13.77 595.946
13.78 613.718
13.79 595.946
13.8 595.946
13.81 595.946
13.82 595.946
13.83 595.946
13.84 0
13.85 118.676
13.86 118.676
13.87 118.676
13.88 0
13.89 0
13.9 0
13.91 59.9728
13.92 59.9185
13.93 59.9185
13.94 0
13.95 61.25
13.96 61.8224
13.97 61.8224
13.98 62.1711
13.99 62.1711
14 0
14.01 250.568
14.02 259.412
14.03 259.412
14.04 0
14.05 0
14.06 0
14.07 0
14.08 0
14.09 0
14.1 0
14.11 0
14.12 0
14.13 59.9185
14.14 60.1637
14.15 60.1145
14.16 60.1145
14.17 60.1145
14.18 0
14.19 91.5698
14.2 91.684
14.21 91.6459
14.22 91.684
14.23 91.875
14.24 91.875
14.25 91.875
14.26 91.875
14.27 91.875
14.28 91.875
14.29 0
14.3 277.941
14.31 0
14.32 555.078
14.33 0
14.34 277.941
14.35 278.269
14.36 277.941
14.37 275.625
14.38 245
14.39 250.568
14.4 250.568
14.41 250.568
14.42 250.568
14.43 250.568
14.44 245.682
14.45 245.682
14.46 249.153
14.47 249.153
14.48 249.153
14.49 249.153
14.5 248.684
14.51 248.684
14.52 248.684
14.53 245
14.54 242.975
14.55 237.95
14.56 237.95
14.57 237.95
14.58 237.95
14.59 237.95
14.6 237.95
14.61 242.308
14.62 245
14.63 241.865
14.64 241.865
14.65 241.865
14.66 241.865
14.67 241.865
14.68 241.865
14.69 247.059
14.7 239.674
14.71 239.674
14.72 252
14.73 253.448
14.74 258.398
14.75 270.552
14.76 269.725
14.77 269.725
14.78 269.725
14.79 249.153
14.8 248.684
14.81 247.753
14.82 245
14.83 245.965
14.84 245.965
14.85 245.965
14.86 245.965
14.87 245.965
14.88 245.546
14.89 245.39
14.9 251.087
14.91 254.032
14.92 254.032
14.93 254.032
14.94 254.032
14.95 254.032
14.96 0
14.97 537.805
14.98 521.893
14.99 521.893
15 503.425
15.01 503.425
15.02 503.425
15.03 503.425
15.04 0
15.05 68.8345
15.06 68.7988
15.07 68.7988
15.08 0
15.09 0
15.1 68.9062
15.11 0
15.12 68.0031
15.13 68.0031
15.14 68.0031
15.15 0
15.16 30.2469
15.17 0
15.18 0
15.19 30.1642
15.2 0
15.21 68.1607
15.22 68.1607
15.23 68.5848
15.24 68.763
15.25 68.9062
15.26 68.9062
15.27 68.9062
15.28 68.9062
15.29 60.7438
15.3 60.7438
15.31 60.7438
15.32 60.7438
15.33 60.7438
15.34 60.7438
15.35 60.7438
15.36 0
15.37 275.625
15.38 275.116
15.39 275.444
15.4 275.414
15.41 275.565
15.42 275.792
15.43 275.837
15.44 275.959
15.45 275.988
15.46 275.912
15.47 276.443
15.48 276.521
15.49 277.795
15.5 277.848
15.51 276.836
15.52 275.907
15.53 275.218
15.54 274.848
15.55 274.766
15.56 275.014
15.57 275
15.58 275.243
15.59 275.243
15.6 275.243
15.61 276.2
15.62 276.2
15.63 276.2
15.64 276.2
15.65 0
15.66 185.641
15.67 185.762
15.68 185.762
15.69 0
15.7 62.3586
15.71 62.3586
15.72 62.5976
15.73 62.5976
15.74 62.5976
15.75 0
15.76 193.421
15.77 193.421
15.78 193.421
15.79 0
15.8 130.088
15.81 0
15.82 576.471
15.83 576.471
15.84 576.471
15.85 576.471
15.86 576.471
15.87 576.471
15.88 576.471
15.89 576.471
15.9 576.471
15.91 576.471
15.92 576.471
15.93 0
15.94 29.7571
15.95 0
15.96 355.645
15.97 0
15.98 595.946
15.99 0
16 158.919
16.01 0
16.02 69.1656
16.03 0
16.04 158.405
16.05 0
16.06 69.5145
16.07 0
16.08 156.383
16.09 158.254
16.1 158.254
16.11 158.887
16.12 159.206
16.13 159.206
16.14 158.985
16.15 159.302
16.16 159.686
16.17 159.976
16.18 159.551
16.19 158.976
16.2 158.824
16.21 158.824
16.22 158.824
16.23 158.824
16.24 159.11
16.25 159.427
16.26 159.605
16.27 159.617
16.28 160.04
16.29 159.961
16.3 160.015
16.31 160.291
16.32 160.498
16.33 160.311
16.34 160.428
16.35 160.428
16.36 160.51
16.37 160.781
16.38 160.714
16.39 161.538
16.4 161.538
16.41 161.538
16.42 161.538
16.43 161.538
16.44 0
16.45 541.104
16.46 0
16.47 121.154
16.48 119.674
16.49 120.098
16.5 120.098
16.51 120.098
16.52 120.098
16.53 120.098
16.54 120.586
16.55 120.492
16.56 121.555
16.57 121.555
16.58 121.555
16.59 121.555
16.6 123.645
16.61 122.161
16.62 122.161
16.63 120.932
16.64 120.932
16.65 120.932
16.66 0
16.67 0
16.68 0
16.69 0
16.7 0
16.71 262.5
16.72 259.412
16.73 259.412
16.74 0
16.75 247.753
16.76 0
16.77 0
16.78 0
16.79 0
16.8 0
16.81 20.082
16.82 20.1003
16.83 20.1003
16.84 20.1003
16.85 20.1003
16.86 20.1003
16.87 20.1003
16.88 0
16.89 0
16.9 252.206
16.91 0
16.92 60.9677
16.93 0
16.94 0
16.95 60.5353
16.96 60.5353
16.97 60.4441
16.98 60.4441
16.99 60.6245
17 60.7857
17.01 60.9116
17.02 60.979
17.03 61.2926
17.04 61.3962
17.05 61.5349
17.06 61.7647
17.07 61.7647
17.08 61.7071
17.09 61.7071
17.1 61.7071
17.11 61.7071
17.12 61.7071
17.13 0
17.14 281.564
17.15 281.29
17.16 282.014
17.17 281.63
17.18 282.014
17.19 284.149
17.2 284.149
17.21 280.178
17.22 280.892
17.23 280.892
17.24 280.892
17.25 280.892
17.26 280.892
17.27 0
17.28 88.6135
17.29 0
17.3 88.3413
17.31 0
17.32 276.316
17.33 279.114
17.34 279.114
17.35 0
17.36 33.5106
17.37 33.5106
17.38 33.5106
17.39 0
17.4 29.737
17.41 29.737
17.42 29.7772
17.43 29.7839
17.44 29.7839
17.45 29.8074
17.46 29.8376
17.47 29.8376
17.48 29.8376
17.49 29.8376
17.5 29.8376
17.51 0
17.52 89.7253
17.53 89.8777
17.54 89.8777
17.55 76.8293
17.56 76.8293
17.57 76.8293
17.58 0
17.59 268.085
17.6 268.085
17.61 268.085
17.62 268.085
17.63 268.085
17.64 268.085
17.65 268.085
17.66 0
17.67 0
17.68 245
17.69 0
17.7 0
17.71 244.457
17.72 244.457
17.73 244.457
17.74 0
17.75 244.457
17.76 244.457
17.77 244.457
17.78 242.308
17.79 243.109
17.8 241.172
17.81 241.423
17.82 241.423
17.83 240
17.84 240.655
17.85 242.308
17.86 242.308
17.87 243.143
17.88 243.646
17.89 242.641
17.9 243.422
17.91 243.336
17.92 243.336
17.93 243.336
17.94 243.524
17.95 243.646
17.96 243.646
17.97 243.916
17.98 244.096
17.99 244.096
18 244.096
18.01 262.5
18.02 250.095
18.03 247.753
18.04 246.094
18.05 246.745
18.06 245.728
18.07 245
18.08 244.361
18.09 244.361
18.1 240.721
18.11 238.378
18.12 237.561
18.13 237.608
18.14 237.608
18.15 229.091
18.16 233.581
18.17 258.904
18.18 228.893
18.19 228.261
18.2 224.237
18.21 224.237
18.22 224.237
18.23 224.237
18.24 224.237
18.25 224.237
18.26 221.608
18.27 270
18.28 270
18.29 270
18.3 270
18.31 270
18.32 270
18.33 0
18.34 214.078
18.35 225
18.36 225
18.37 225
18.38 225
18.39 225
18.4 221.608
18.41 221.608
18.42 232.595
18.43 232.595
18.44 232.923
18.45 232.923
18.46 229.688
18.47 210.334
18.48 210.334
18.49 210.334
18.5 210.334
18.51 210.334
18.52 0
18.53 0
18.54 125.641
18.55 0
18.56 257.393
18.57 0
18.58 501.136
18.59 506.897
18.6 506.897
18.61 0
18.62 146.22
18.63 146.22
18.64 146.22
18.65 146.22
18.66 146.22
18.67 146.22
18.68 146.755
18.69 146.755
18.7 146.755
18.71 146.755
18.72 146.755
18.73 0
18.74 203.226
18.75 203.226
18.76 203.226
18.77 203.226
18.78 203.226
18.79 244.096
18.8 245
18.81 245
18.82 236.733
18.83 237.95
18.84 237.95
18.85 240.047
18.86 240.047
18.87 250.885
18.88 256.993
18.89 259.412
18.9 260.092
18.91 263.284
18.92 266.538
18.93 266.403
18.94 267.814
18.95 267.814
18.96 268.289
18.97 267.736
18.98 268.902
18.99 268.902
19 267.922
19.01 264.072
19.02 275.625
19.03 271.552
19.04 274.481
19.05 277.165
19.06 253.897
19.07 272.222
19.08 270
19.09 270.552
19.1 272.222
19.11 272.222
19.12 258.398
19.13 277.01
19.14 279.435
19.15 282.035
19.16 282.035
19.17 281.489
19.18 282.692
19.19 285.129
19.2 288.235
19.21 293.565
19.22 293.565
19.23 293.565
19.24 293.565
19.25 293.565
19.26 0
19.27 279.114
19.28 279.114
19.29 279.114
19.3 279.114
19.31 279.114
19.32 279.114
19.33 279.114
19.34 279.114
19.35 279.114
19.36 279.114
19.37 279.114
19.38 279.114
19.39 279.114
19.4 0
19.41 59.9837
19.42 0
19.43 582.819
19.44 0
19.45 75.5137
19.46 75.5137
19.47 75.5137
19.48 75.5137
19.49 75.5137
19.5 75.5137
19.51 75.5137
19.52 75.5137
19.53 75.5137
19.54 75.5137
19.55 75.5137
19.56 67.8462
19.57 67.8462
19.58 67.8462
19.59 67.8462
19.6 67.8462
19.61 67.8462
19.62 67.9507
19.63 67.9298
19.64 67.9298
19.65 67.9856
19.66 68.0293
19.67 68.1344
19.68 68.2361
19.69 68.2927
19.7 68.357
19.71 68.2663
19.72 68.2663
19.73 68.2663
19.74 68.2663
19.75 68.2663
19.76 0
19.77 252.481
19.78 0
19.79 68.2663
19.8 68.2663
19.81 68.3191
19.82 68.3191
19.83 68.3191
19.84 0
19.85 557.22
19.86 557.22
19.87 558.228
19.88 562.181
19.89 562.181
19.9 565.385
19.91 569.032
19.92 580.263
19.93 580.263
19.94 580.263
19.95 558.228
19.96 551.25
19.97 551.25
19.98 551.25
19.99 551.25
20 551.25
20.01 0
20.02 123.368
20.03 123.368
20.04 123.108
20.05 122.773
20.06 122.773
20.07 122.773
20.08 122.773
20.09 122.67
20.1 122.67
20.11 122.67
20.12 0
20.13 101.054
20.14 101.263
20.15 101.263
20.16 101.263
20.17 101.613
20.18 101.613
20.19 101.613
20.2 101.613
20.21 101.613
20.22 0
20.23 134.043
20.24 0
20.25 503.042
20.26 0
20.27 508.846
20.28 508.846
20.29 490
20.3 491.681
20.31 473.854
20.32 473.854
20.33 496.901
20.34 496.901
20.35 496.901
20.36 496.901
20.37 0
20.38 0
20.39 0
20.4 248.451
20.41 0
20.42 595.946
20.43 0
20.44 121.935
20.45 121.154
20.46 121.154
20.47 120.954
20.48 121.021
20.49 121.006
20.5 121.006
20.51 121.006
20.52 121.006
20.53 150.204
20.54 150.204
20.55 0
20.56 0
20.57 123.414
20.58 0
20.59 248.783
20.6 251.019
20.61 251.019
20.62 0
20.63 247.405
20.64 253.673
20.65 255.047
20.66 255.047
20.67 255.047
20.68 0
20.69 82.5843
20.7 0
20.71 0
20.72 533.468
20.73 0
20.74 0
20.75 0
20.76 689.062
20.77 0
20.78 61.4206
20.79 0
20.8 122.614
20.81 122.568
20.82 122.756
20.83 122.91
20.84 123.184
20.85 123.116
20.86 123.184
20.87 123.184
20.88 123.184
20.89 123.184
20.9 123.184
20.91 123.086
20.92 122.841
20.93 122.756
20.94 122.756
20.95 122.756
20.96 122.756
20.97 122.756
20.98 0
20.99 0
21 122.727
21.01 123.013
21.02 123.013
21.03 0
21.04 127.9
21.05 0
21.06 0
21.07 123.993
21.08 123.876
21.09 123.529
21.1 123.599
21.11 123.568
21.12 123.568
21.13 123.443
21.14 123.098
21.15 123.098
21.16 123.086
21.17 123.07
21.18 123.46
21.19 123.46
21.2 123.46
21.21 123.46
21.22 123.414
21.23 123.184
21.24 123.013
21.25 123.047
21.26 123.013
21.27 122.727
21.28 122.955
21.29 122.955
21.3 122.5
21.31 122.5
21.32 122.5
21.33 122.5
21.34 122.5
21.35 0
21.36 0
21.37 555.882
21.38 563.939
21.39 563.163
21.4 563.163
21.41 561.458
21.42 559.645
21.43 560.593
21.44 560.593
21.45 560.593
21.46 560.593
21.47 560.593
21.48 560.593
21.49 531.325
21.5 531.325
21.51 501.136
21.52 501.136
21.53 501.136
21.54 501.136
21.55 501.136
21.56 501.136
21.57 501.136
21.58 501.136
21.59 501.136
21.6 544.444
21.61 551.25
21.62 551.25
21.63 551.25
21.64 0
21.65 0
21.66 0
21.67 0
21.68 0
21.69 0
21.7 0
21.71 0
21.72 0
21.73 0
21.74 70.2229
21.75 0
21.76 185.294
21.77 185.294
21.78 190.086
21.79 190.086
21.8 190.086
21.81 0
21.82 0
21.83 0
21.84 38.4146
21.85 38.4146
21.86 38.4146
21.87 0
21.88 252
21.89 247.753
21.9 247.753
21.91 251.425
21.92 251.425
21.93 252.393
21.94 252.393
21.95 252.393
21.96 252.577
21.97 254.423
21.98 254.423
21.99 249.434
22 262.5
22.01 262.5
22.02 262.5
22.03 262.5
22.04 262.5
22.05 0
22.06 159.948
22.07 159.142
22.08 158.976
22.09 159.427
22.1 159.288
22.11 159.288
22.12 159.288
22.13 159.288
22.14 158.862
22.15 158.348
22.16 159.014
22.17 158.065
22.18 157.5
22.19 160.47
22.2 160.802
22.21 160.802
22.22 166.415
22.23 164.86
22.24 164.86
22.25 165.169
22.26 163.941
22.27 163.839
22.28 163.132
22.29 163.074
22.3 163.031
22.31 163.182
22.32 162.797
22.33 162.431
22.34 162.431
22.35 162.431
22.36 162.491
22.37 162.431
22.38 162.431
22.39 162.431
22.4 164.144
22.41 164.062
22.42 164.062
22.43 164.062
22.44 164.062
22.45 164.062
22.46 0
22.47 0
22.48 164.552
22.49 0
22.5 247.753
22.51 0
22.52 82.8947
22.53 82.6617
22.54 82.1229
22.55 81.5911
22.56 81.5911
22.57 81.5911
22.58 81.5911
22.59 81.7272
22.6 81.5911
22.61 81.7676
22.62 81.6667
22.63 81.6667
22.64 81.6667
22.65 81.6667
22.66 81.6667
22.67 0
22.68 14.3836
22.69 0
22.7 0
22.71 528.144
22.72 0
22.73 162.132
22.74 0
22.75 122.5
22.76 122.228
22.77 122.048
22.78 122.048
22.79 122.048
22.8 122.048
22.81 122.228
22.82 121.655
22.83 122.161
22.84 122.773
22.85 122.773
22.86 122.5
22.87 122.5
22.88 123.184
22.89 122.387
22.9 124.459
22.91 123.876
22.92 123.46
22.93 123.498
22.94 123.498
22.95 123.498
22.96 123.45
22.97 123.876
22.98 123.876
22.99 124.13
23 123.372
23.01 123.372
23.02 123.372
23.03 123.372
23.04 123.876
23.05 123.247
23.06 123.108
23.07 122.841
23.08 122.841
23.09 122.636
23.1 122.636
23.11 122.636
23.12 122.624
23.13 121.898
23.14 122.651
23.15 122.67
23.16 122.727
23.17 119.674
23.18 117.287
23.19 121.599
23.2 121.599
23.21 121.599
23.22 121.599
23.23 0
23.24 279.114
23.25 0
23.26 245
23.27 0
23.28 239.964
23.29 239.964
23.3 239.964
23.31 0
23.32 239.964
23.33 239.964
23.34 239.964
23.35 0
23.36 483.553
23.37 479.348
23.38 479.348
23.39 0
23.4 0
23.41 0
23.42 0
23.43 0
23.44 0
23.45 41.7614
23.46 0
23.47 479.348
23.48 479.348
23.49 450
23.5 450
23.51 450
23.52 0
23.53 221.887
23.54 220.5
23.55 219.701
23.56 218.859
23.57 219.04
23.58 219.04
23.59 218.557
23.6 217.599
23.61 216.974
23.62 216.974
23.63 217.456
23.64 218.317
23.65 218.317
23.66 218.678
23.67 218.678
23.68 218.317
23.69 220.5
23.7 220.5
23.71 220.5
23.72 212.701
23.73 238.73
23.74 221.98
23.75 221.98
23.76 220.5
23.77 220.5
23.78 215.122
23.79 215.122
23.8 215.122
23.81 217.599
23.82 220.06
23.83 220.06
23.84 220.06
23.85 221.522
23.86 219.872
23.87 221.33
23.88 221.484
23.89 221.484
23.9 221.33
23.91 220.991
23.92 220.942
23.93 220.942
23.94 220.991
23.95 220.868
23.96 221.053
23.97 220.5
23.98 220.5
23.99 219.403
24 216.176
24.01 225
24.02 256.395
24.03 245
24.04 245
24.05 245
24.06 245
24.07 250.568
24.08 250.568
24.09 250.568
24.1 250.568
24.11 293.565
24.12 293.565
24.13 293.565
24.14 293.565
24.15 293.565
24.16 293.565
24.17 293.565
24.18 293.565
24.19 295.312
24.2 295.312
24.21 295.312
24.22 295.312
24.23 0
24.24 118.932
24.25 118.897
24.26 119.028
24.27 119.09
24.28 119.09
24.29 119.566
24.3 119.338
24.31 119.338
24.32 119.684
24.33 119.577
24.34 119.512
24.35 119.512
24.36 119.601
24.37 119.243
24.38 118.991
24.39 119.374
24.4 119.072
24.41 119.404
24.42 119.837
24.43 119.837
24.44 120.163
24.45 119.918
24.46 120.229
24.47 121.599
24.48 129.199
24.49 120.312
24.5 120.372
24.51 120.138
24.52 119.756
24.53 119.131
24.54 119.338
24.55 119.281
24.56 119.288
24.57 119.327
24.58 119.288
24.59 119.288
24.6 119.288
24.61 119.288
24.62 119.288
24.63 0
24.64 0
24.65 591.946
24.66 0
24.67 609.116
24.68 0
24.69 83.3505
24.7 0
24.71 83.3423
24.72 0
24.73 624.646
24.74 633.014
24.75 610.079
24.76 598.643
24.77 598.643
24.78 598.643
24.79 598.643
24.8 598.643
24.81 598.643
24.82 598.643
24.83 562.5
24.84 562.5
24.85 562.5
24.86 562.5
24.87 562.5
24.88 545.792
24.89 545.792
24.9 534.083
24.91 534.083
24.92 534.083
24.93 534.083
24.94 534.083
24.95 534.083
24.96 534.083
24.97 529.2
24.98 532.609
24.99 515.789
25 515.789
25.01 515.789
25.02 515.789
25.03 515.789
25.04 0
25.05 175.931
25.06 176.786
25.07 176.272
25.08 176.118
25.09 175.597
25.1 175.597
25.11 175.931
25.12 175.931
25.13 175.931
25.14 175.872
25.15 175.872
25.16 175.872
25.17 175.872
25.18 175.872
25.19 0
25.2 271.698
25.21 271.336
25.22 271.336
25.23 271.336
25.24 271.208
25.25 270.331
25.26 269.956
25.27 270.055
25.28 268.902
25.29 268.902
25.3 270.789
25.31 270.789
25.32 270
25.33 270
25.34 270
25.35 270
25.36 270
25.37 0
25.38 90.7407
25.39 0
25.4 508.846
25.41 0
25.42 182.988
25.43 180.147
25.44 180.536
25.45 180.738
25.46 180.43
25.47 180.738
25.48 180.383
25.49 180.354
25.5 179.662
25.51 179.395
25.52 179.268
25.53 179.633
25.54 179.777
25.55 179.647
25.56 179.467
25.57 179.467
25.58 179.467
25.59 179.467
25.6 179.467
25.61 0
25.62 270.386
25.63 270.552
25.64 270.386
25.65 270.442
25.66 272.222
25.67 276.613
25.68 262.5
25.69 262.5
25.7 262.5
25.71 262.5
25.72 0
25.73 179.821
25.74 179.79
25.75 179.713
25.76 180
25.77 179.765
25.78 179.512
25.79 179.6
25.8 179.589
25.81 179.143
25.82 179.132
25.83 179.094
25.84 179.487
25.85 178.346
25.86 177.251
25.87 179.633
25.88 176.4
25.89 176.4
25.9 180.442
25.91 180.368
25.92 180.368
25.93 180.368
25.94 180.368
25.95 180.368
25.96 0
25.97 90
25.98 0
25.99 0
26 0
26.01 268.902
26.02 0
26.03 275.625
26.04 0
26.05 90.5544
26.06 90.5544
26.07 90.5544
26.08 90.2948
26.09 90.2948
26.1 90.0919
26.11 90.2764
26.12 89.9266
26.13 89.9476
26.14 90.0216
26.15 90
26.16 89.9825
26.17 89.9825
26.18 90.1577
26.19 90.1577
26.2 90.1577
26.21 90.1577
26.22 0
26.23 540.13
26.24 543.385
26.25 538.816
26.26 538.816
26.27 538.816
26.28 0
26.29 180.894
26.3 180.67
26.31 180.673
26.32 180.673
26.33 180.673
26.34 180.426
26.35 181.034
26.36 181.481
26.37 180.368
26.38 179.268
26.39 177.346
26.4 177.346
26.41 177.346
26.42 177.346
26.43 177.346
26.44 0
26.45 272.583
26.46 272.583
26.47 272.583
26.48 272.583
26.49 272.583
26.5 272.583
26.51 272.382
26.52 272.481
26.53 273.913
26.54 269.87
26.55 269.87
26.56 270.138
26.57 270.17
26.58 270.829
26.59 267.597
26.6 275.625
26.61 275.625
26.62 268.902
26.63 268.902
26.64 268.902
26.65 268.902
26.66 268.902
26.67 0
26.68 181.109
26.69 181.109
26.7 181.109
26.71 181.007
26.72 182.988
26.73 183.75
26.74 183.75
26.75 183.75
26.76 184.519
26.77 184.519
26.78 184.519
26.79 184.519
26.8 184.262
26.81 184.262
26.82 185.554
26.83 185.554
26.84 185.554
26.85 185.554
26.86 185.554
26.87 185.554
26.88 186.864
26.89 186.864
26.9 184.906
26.91 186.548
26.92 186.864
26.93 186.864
26.94 186.338
26.95 177.823
26.96 177.823
26.97 190.086
26.98 185.294
26.99 172.266
27 172.266
27.01 172.266
27.02 172.266
27.03 172.266
27.04 0
27.05 0
27.06 0
27.07 0
27.08 0
27.09 0
27.1 0
27.11 0
27.12 0
27.13 0
27.14 0
27.15 0
27.16 0
27.17 0
27.18 0
27.19 0
27.2 0
27.21 0
27.22 0
27.23 0
27.24 0
27.25 0
27.26 0
27.27 0
27.28 0
27.29 0
27.3 0
27.31 0
27.32 0
27.33 0
27.34 0
27.35 0
27.36 0
27.37 169.615
27.38 168.75
27.39 168.75
27.4 168.75
27.41 168.75
27.42 168.75
27.43 168.75
27.44 168.75
27.45 168.75
27.46 170.27
27.47 171.462
27.48 172.266
27.49 172.266
27.5 177.823
27.51 177.823
27.52 177.823
27.53 177.823
27.54 177.823
27.55 177.465
27.56 177.465
27.57 177.465
27.58 177.465
27.59 0
27.6 0
27.61 355.645
27.62 355.645
27.63 355.645
27.64 355.645
27.65 355.645
27.66 355.645
27.67 355.645
27.68 355.645
27.69 365.47
27.7 365.47
27.71 365.47
27.72 0
27.73 62.2881
27.74 0
27.75 32.8125
27.76 0
27.77 108.407
27.78 108.544
27.79 108.889
27.8 108.979
27.81 108.979
27.82 109.429
27.83 111.364
27.84 112.854
27.85 113.66
27.86 115.39
27.87 116.728
27.88 117.357
27.89 117.475
27.9 117.6
27.91 118.336
27.92 118.485
27.93 118.478
27.94 118.664
27.95 118.832
27.96 119.136
27.97 119.306
27.98 119.719
27.99 119.967
28 120.253
28.01 120.218
28.02 120.312
28.03 120.295
28.04 120.346
28.05 120.398
28.06 120.492
28.07 120.712
28.08 120.492
28.09 119.837
28.1 119.837
28.11 120.117
28.12 120.098
28.13 120.134
28.14 120.134
28.15 120.134
28.16 120.134
28.17 120.134
28.18 120.127
28.19 120.273
28.2 120.612
28.21 120.315
28.22 120.196
28.23 120.346
28.24 120.888
28.25 120.869
28.26 121.029
28.27 121.362
28.28 121.421
28.29 121.421
28.3 121.513
28.31 121.599
28.32 121.64
28.33 121.421
28.34 122.245
28.35 122.048
28.36 122.576
28.37 123.184
28.38 122.868
28.39 122.727
28.4 122.781
28.41 123.055
28.42 122.689
28.43 122.557
28.44 123.032
28.45 122.803
28.46 122.597
28.47 122.5
28.48 121.823
28.49 120.822
28.5 120.822
28.51 121.767
28.52 121.919
28.53 122.003
28.54 122.003
28.55 122.003
28.56 122.003
28.57 122.161
28.58 122.387
28.59 122.198
28.6 121.376
28.61 121.154
28.62 121.711
28.63 121.823
28.64 121.958
28.65 122.306
28.66 121.786
28.67 121.919
28.68 121.919
28.69 122.101
28.7 121.781
28.71 121.739
28.72 121.311
28.73 120.977
28.74 120.602
28.75 120.764
28.76 120.657
28.77 120.445
28.78 120.565
28.79 120.492
28.8 120.273
28.81 118.868
28.82 120.624
28.83 120.624
28.84 120.624
28.85 121.599
28.86 116.053
28.87 116.053
28.88 116.053
28.89 116.053
28.9 116.053
28.91 0
28.92 350
28.93 0
28.94 0
28.95 0
28.96 0
28.97 0
28.98 0
28.99 0
29 131.25
29.01 128.012
29.02 128.012
29.03 0
29.04 487.538
29.05 488.063
29.06 488.063
29.07 0
29.08 244.849
29.09 244.849
29.1 244.924
29.11 247.059
29.12 245.911
29.13 245.682
29.14 245.911
29.15 245.911
29.16 245.911
29.17 245.911
29.18 245.911
29.19 245.911
29.2 246.025
29.21 246.14
29.22 246.025
29.23 300
29.24 275.625
29.25 275.625
29.26 275.625
29.27 275.625
29.28 0
29.29 155.282
29.3 0
29.31 154.196
29.32 154.196
29.33 154.196
29.34 154.196
29.35 154.196
29.36 154.196
29.37 154.196
29.38 154.196
29.39 154.196
29.4 0
29.41 567.624
29.42 0
29.43 23.0769
29.44 0
29.45 59.354
29.46 59.354
29.47 59.354
29.48 59.6483
29.49 60.3118
29.5 60.3118
29.51 60.3118
29.52 60.3118
29.53 60.3118
29.54 0
29.55 0
29.56 123.322
29.57 123.116
29.58 123.703
29.59 123.414
29.6 123.07
29.61 123.184
29.62 122.955
29.63 122.91
29.64 122.841
29.65 122.841
29.66 122.841
29.67 122.841
29.68 122.841
29.69 0
29.7 239.674
29.71 239.674
29.72 239.674
29.73 242.308
29.74 242.308
29.75 242.308
29.76 242.308
29.77 242.308
29.78 0
29.79 12.7604
29.8 0
29.81 168.642
29.82 175
29.83 175.697
29.84 218.047
29.85 218.047
29.86 218.047
29.87 218.047
29.88 0
29.89 604.11
29.9 604.11
29.91 604.11
29.92 604.11
29.93 604.11
29.94 0
29.95 123.876
29.96 123.529
29.97 123.357
29.98 123.357
29.99 123.357
30 123.357
30.01 123.184
30.02 123.184
30.03 123.184
30.04 123.184
30.05 123.184
30.06 151.027
30.07 151.546
30.08 152.595
30.09 147
30.1 147
30.11 123.876
30.12 123.876
30.13 124.929
30.14 124.225
30.15 124.225
30.16 124.225
30.17 124.225
30.18 124.225
30.19 0
30.2 171.818
30.21 171.818
30.22 171.818
30.23 0
30.24 181.856
30.25 178.784
30.26 178.784
30.27 180.738
30.28 180.738
30.29 180.738
30.3 180.738
30.31 0
30.32 26.8902
30.33 0
30.34 276.923
30.35 276.923
30.36 276.923
30.37 276.923
30.38 276.662
30.39 276.884
30.4 276.689
30.41 276.778
30.42 276.316
30.43 276.143
30.44 276.096
30.45 276.143
30.46 276.118
30.47 276.056
30.48 275.625
30.49 274.766
30.5 274.481
30.51 266.734
30.52 267.042
30.53 267.042
30.54 267.042
30.55 267.042
30.56 267.042
30.57 267.042
30.58 267.042
30.59 267.042
30.6 268.902
30.61 268.902
30.62 271.449
30.63 268.902
30.64 268.902
30.65 230.89
30.66 230.89
30.67 230.89
30.68 0
30.69 0
30.7 0
30.71 0
30.72 222.727
30.73 222.727
30.74 222.727
30.75 0
30.76 222.727
30.77 222.727
30.78 222.727
30.79 0
30.8 222.727
30.81 0
30.82 0
30.83 0
30.84 0
30.85 0
30.86 0
30.87 143.182
30.88 0
30.89 110.14
30.9 110.14
30.91 110.14
30.92 110.342
30.93 110.711
30.94 110.711
30.95 110.711
30.96 110.711
30.97 110.711
30.98 110.711
30.99 110.711
31 0
31.01 32.0029
31.02 0
31.03 90.7407
31.04 0
31.05 16.0073
31.06 0
31.07 110.526
31.08 110.311
31.09 110.471
31.1 110.804
31.11 110.928
31.12 111.139
31.13 111.504
31.14 111.504
31.15 110.526
31.16 110.804
31.17 110.804
31.18 110.804
31.19 110.804
31.2 110.804
31.21 112.214
31.22 113.465
31.23 113.465
31.24 113.465
31.25 112.932
31.26 112.932
31.27 112.5
31.28 112.788
31.29 111.504
31.3 111.083
31.31 110.645
31.32 111.083
31.33 111.114
31.34 110.884
31.35 111.364
31.36 111.251
31.37 111.251
31.38 111.364
31.39 111.589
31.4 111.589
31.41 112.309
31.42 112.214
31.43 112.214
31.44 112.214
31.45 112.214
31.46 112.214
31.47 112.214
31.48 112.214
31.49 0
31.5 55.2632
31.51 0
31.52 136.111
31.53 0
31.54 215.122
31.55 217.241
31.56 217.241
31.57 0
31.58 218.678
31.59 218.859
31.6 222.727
31.61 222.727
31.62 219.767
31.63 219.767
31.64 215.332
31.65 217.028
31.66 217.028
31.67 217.028
31.68 217.028
31.69 217.028
31.7 0
31.71 0
31.72 0
31.73 0
31.74 0
31.75 0
31.76 0
31.77 0
31.78 0
31.79 0
31.8 0
31.81 0
31.82 0
31.83 0
31.84 81.9703
31.85 0
31.86 0
31.87 0
31.88 0
31.89 0
31.9 0
31.91 0
31.92 0
31.93 0
31.94 0
31.95 0
31.96 0
31.97 0
31.98 0
31.99 0
32 0
32.01 127.457
32.02 0
32.03 0
32.04 126.724
32.05 0
32.06 177.007
32.07 178.002
32.08 177.029
32.09 177.029
32.1 177.029
32.11 0
32.12 38.6842
32.13 38.6842
32.14 38.6842
32.15 0
32.16 0
32.17 0
32.18 481.967
32.19 481.967
32.2 477.273
32.21 481.091
32.22 481.091
32.23 469.149
32.24 469.149
32.25 469.149
32.26 469.149
32.27 469.149
32.28 469.149
32.29 0
32.3 133.636
32.31 133.636
32.32 133.636
32.33 0
32.34 364.463
32.35 0
32.36 97.7827
32.37 98.2183
32.38 98.1189
32.39 98.1189
32.4 98.1189
32.41 98.1189
32.42 98.0969
32.43 98.3121
32.44 98.187
32.45 97.855
32.46 97.855
32.47 98.9282
32.48 98.9282
32.49 98.9282
32.5 99.1457
32.51 99.1457
32.52 99.4523
32.53 100.593
32.54 99.9245
32.55 100.685
32.56 102.261
32.57 102.893
32.58 102.286
32.59 102.286
32.6 102.286
32.61 102.286
32.62 102.286
32.63 0
32.64 22.6852
32.65 0
32.66 0
32.67 0
32.68 0
32.69 101.379
32.7 101.379
32.71 101.379
32.72 101.379
32.73 101.848
32.74 101.147
32.75 101.613
32.76 101.263
32.77 101.224
32.78 101.213
32.79 101.205
32.8 101.147
32.81 101.1
32.82 101.044
32.83 101.031
32.84 100.992
32.85 100.915
32.86 101.07
32.87 100.41
32.88 100.227
32.89 99.6047
32.9 99.6047
32.91 99.6047
32.92 99.6047
32.93 99.5164
32.94 99.5485
32.95 99.5485
32.96 101.031
32.97 100.838
32.98 100.685
32.99 100.869
33 100.838
33.01 100.882
33.02 100.838
33.03 101.147
33.04 100.915
33.05 100.858
33.06 100.882
33.07 100.838
33.08 100.608
33.09 100.501
33.1 100.501
33.11 99.6235
33.12 101.613
33.13 101.613
33.14 101.613
33.15 101.613
33.16 101.613
33.17 0
33.18 484.615
33.19 0
33.2 216.176
33.21 0
33.22 0
33.23 0
33.24 0
33.25 302.055
33.26 0
33.27 196.125
33.28 0
33.29 293.023
33.3 293.023
33.31 293.023
33.32 294.874
33.33 309.691
33.34 299.186
33.35 299.186
33.36 306.25
33.37 308.152
33.38 308.152
33.39 300.682
33.4 317.723
33.41 311.441
33.42 308.7
33.43 308.7
33.44 308.7
33.45 308.7
33.46 308.7
33.47 0
33.48 0
33.49 0
33.5 200.911
33.51 200.911
33.52 202.294
33.53 202.294
33.54 202.294
33.55 0
33.56 0
33.57 299.709
33.58 299.709
33.59 297.973
33.6 297.973
33.61 297.973
33.62 0
33.63 210.501
33.64 0
33.65 79.8913
33.66 0
33.67 208.511
33.68 0
33.69 0
33.7 55.9645
33.71 55.9645
33.72 55.9645
33.73 0
33.74 55.9645
33.75 55.9645
33.76 55.9645
33.77 0
33.78 280.297
33.79 280.892
33.8 275.625
33.81 312.766
33.82 312.766
33.83 312.766
33.84 312.766
33.85 0
33.86 55.0562
33.87 0
33.88 55.125
33.89 54.0883
33.9 54.0883
33.91 0
33.92 55.125
33.93 55.0562
33.94 55.0562
33.95 0
33.96 306.25
33.97 306.25
33.98 306.25
33.99 306.25
34 306.25
34.01 0
34.02 45.1844
34.03 0
34.04 0
34.05 0
34.06 0
34.07 0
34.08 0
34.09 0
34.1 0
34.11 0
34.12 0
34.13 33.2579
34.14 33.1828
34.15 33.1828
34.16 0
34.17 0
34.18 0
34.19 299.709
34.2 290.132
34.21 290.132
34.22 290.132
34.23 290.132
34.24 290.132
34.25 290.132
34.26 290.132
34.27 290.132
34.28 290.132
34.29 290.132
34.3 290.132
34.31 294
34.32 294
34.33 294
34.34 294
34.35 0
34.36 101.147
34.37 101.147
34.38 101.147
34.39 0
34.4 33.6128
34.41 0
34.42 15.9436
34.43 15.9436
34.44 15.9436
34.45 0
34.46 38.1488
34.47 38.1488
34.48 38.1488
34.49 0
34.5 0
34.51 0
34.52 0
34.53 88.2
34.54 74.4932
34.55 74.4932
34.56 0
34.57 33.6641
34.58 33.6299
34.59 33.6299
34.6 33.6384
34.61 33.6384
34.62 0
34.63 282.692
34.64 0
34.65 0
34.66 0
34.67 275.625
34.68 0
34.69 0
34.7 169.615
34.71 0
34.72 163.031
34.73 0
34.74 0
34.75 0
34.76 501.136
34.77 501.136
34.78 501.136
34.79 501.136
34.8 501.136
34.81 501.136
34.82 501.136
34.83 501.136
34.84 501.136
34.85 501.136
34.86 501.136
34.87 501.136
34.88 501.136
34.89 0
34.9 197.463
34.91 0
34.92 0
34.93 198.649
34.94 0
34.95 153.125
34.96 0
34.97 17.64
34.98 0
34.99 153.125
35 0
35.01 0
35.02 153.125
35.03 150.512
35.04 150.512
35.05 0
35.06 151.72
35.07 151.324
35.08 151.027
35.09 151.027
35.1 151.027
35.11 151.027
35.12 151.621
35.13 150.113
35.14 149.564
35.15 150.341
35.16 150.341
35.17 150.341
35.18 150.341
35.19 150.341
35.2 150.341
35.21 150.512
35.22 155.282
35.23 155.282
35.24 148.986
35.25 148.986
35.26 148.986
35.27 148.986
35.28 148.986
35.29 148.986
35.3 148.986
35.31 148.986
35.32 0
35.33 33.7672
35.34 0
35.35 302.055
35.36 0
35.37 75
35.38 75
35.39 75
35.4 0
35.41 0
35.42 295.973
35.43 0
35.44 14.6853
35.45 0
35.46 74.8303
35.47 0
35.48 0
35.49 0
35.5 0
35.51 575.217
35.52 0
35.53 0
35.54 152.595
35.55 152.279
35.56 152.279
35.57 152.279
35.58 152.279
35.59 152.244
35.6 151.919
35.61 151.72
35.62 151.86
35.63 151.86
35.64 151.286
35.65 151.286
35.66 151.546
35.67 151.546
35.68 152.069
35.69 152.069
35.7 152.069
35.71 0
35.72 43.1507
35.73 0
35.74 304.138
35.75 300
35.76 300
35.77 298.983
35.78 298.983
35.79 301.024
35.8 303.209
35.81 303.093
35.82 303.242
35.83 302.746
35.84 302.746
35.85 301.71
35.86 301.71
35.87 301.71
35.88 300.511
35.89 300
35.9 301.024
35.91 262.5
35.92 262.5
35.93 262.5
35.94 262.5
35.95 262.5
35.96 262.5
35.97 265.663
35.98 265.663
35.99 265.663
36 238.932
36.01 236.51
36.02 233.619
36.03 234.713
36.04 235.227
36.05 235.409
36.06 237.336
36.07 240.327
36.08 240.327
36.09 240.327
36.1 240.327
36.11 243.199
36.12 247.475
36.13 249.07
36.14 249.547
36.15 249.555
36.16 250.349
36.17 250.796
36.18 250.678
36.19 250.678
36.2 250.678
36.21 250.41
36.22 249.246
36.23 248.062
36.24 246.063
36.25 246.541
36.26 244.819
36.27 239.827
36.28 241.288
36.29 240.864
36.3 240.864
36.31 241.644
36.32 241.247
36.33 242.308
36.34 242.308
36.35 234.574
36.36 234.574
36.37 234.574
36.38 234.574
36.39 234.574
36.4 234.574
36.41 275.625
36.42 282.692
36.43 282.692
36.44 282.692
36.45 275.625
36.46 275.625
36.47 275.625
36.48 275.625
36.49 275.625
36.5 0
36.51 194.641
36.52 194.641
36.53 194.641
36.54 195.71
36.55 187.46
36.56 186.638
36.57 187.926
36.58 187.926
36.59 221.163
36.6 221.163
36.61 221.163
36.62 221.163
36.63 221.163
36.64 221.163
36.65 0
36.66 482.847
36.67 482.847
36.68 482.847
36.69 482.847
36.7 482.847
36.71 501.136
36.72 501.136
36.73 501.136
36.74 501.136
36.75 501.136
36.76 0
36.77 89.9083
36.78 89.9083
36.79 90.0735
36.8 90.3689
36.81 90.3689
36.82 90.3689
36.83 90.3689
36.84 0
36.85 90
36.86 90.3689
36.87 90.3689
36.88 90.3689
36.89 90.3689
36.9 90.3689
36.91 90.3689
36.92 90.3689
36.93 108.688
36.94 108.621
36.95 91.1911
36.96 108.621
36.97 108.621
36.98 108.688
36.99 108.688
37 91.4938
37.01 91.4938
37.02 91.4938
37.03 91.4938
37.04 91.4938
37.05 91.7476
37.06 91.7476
37.07 91.7476
37.08 91.6568
37.09 91.6568
37.1 91.6568
37.11 91.6568
37.12 91.6568
37.13 0
37.14 26.5449
37.15 0
37.16 0
37.17 0
37.18 117.08
37.19 117.287
37.2 116.667
37.21 116.667
37.22 114.844
37.23 114.844
37.24 114.844
37.25 114.844
37.26 114.844
37.27 0
37.28 0
37.29 0
37.3 0
37.31 0
37.32 0
37.33 0
37.34 0
37.35 254.913
37.36 0
37.37 125.284
37.38 0
37.39 0
37.4 125.284
37.41 125.284
37.42 125.284
37.43 0
37.44 125.284
37.45 0
37.46 486.397
37.47 490
37.48 486.397
37.49 486.397
37.5 486.397
37.51 0
37.52 67.6726
37.53 0
37.54 59.37
37.55 0
37.56 58.8785
37.57 0
37.58 469.149
37.59 473.466
37.6 465.845
37.61 479.348
37.62 475.899
37.63 465.845
37.64 464.211
37.65 462.339
37.66 461.435
37.67 461.435
37.68 461.435
37.69 461.435
37.7 461.435
37.71 461.435
37.72 0
37.73 119.909
37.74 120.382
37.75 119.837
37.76 119.189
37.77 118.276
37.78 118.276
37.79 118.276
37.8 0
37.81 482.847
37.82 485.505
37.83 483.39
37.84 483.39
37.85 480.151
37.86 476.757
37.87 476.757
37.88 476.757
37.89 476.757
37.9 469.149
37.91 469.149
37.92 469.149
37.93 0
37.94 0
37.95 0
37.96 245.546
37.97 245
37.98 242.308
37.99 239.674
38 242.308
38.01 242.308
38.02 242.308
38.03 242.308
38.04 242.308
38.05 239.674
38.06 239.674
38.07 238.522
38.08 238.701
38.09 238.496
38.1 238.164
38.11 238.011
38.12 237.736
38.13 237.588
38.14 237.588
38.15 237.588
38.16 236.588
38.17 236.779
38.18 236.779
38.19 236.779
38.2 0
38.21 59.5946
38.22 0
38.23 0
38.24 22.8972
38.25 0
38.26 0
38.27 408.333
38.28 0
38.29 63.1082
38.3 0
38.31 469.149
38.32 465.19
38.33 465.19
38.34 465.19
38.35 465.19
38.36 535.628
38.37 537.805
38.38 537.805
38.39 537.805
38.4 537.805
38.41 537.805
38.42 537.805
38.43 537.805
38.44 528.777
38.45 540.441
38.46 540.441
38.47 540.441
38.48 540.441
38.49 540.441
38.5 0
38.51 101.263
38.52 101.346
38.53 101.346
38.54 101.457
38.55 101.457
38.56 101.457
38.57 101.457
38.58 0
38.59 308.392
38.6 312.449
38.61 312.449
38.62 314.103
38.63 314.103
38.64 313.879
38.65 315
38.66 319.565
38.67 312.028
38.68 314.527
38.69 318.029
38.7 319.565
38.71 316.507
38.72 318.247
38.73 318.247
38.74 316.003
38.75 318.905
38.76 319.257
38.77 319.257
38.78 319.257
38.79 319.257
38.8 319.257
38.81 0
38.82 604.11
38.83 609.116
38.84 609.116
38.85 0
38.86 609.116
38.87 609.116
38.88 609.116
38.89 0
38.9 588
38.91 565.385
38.92 565.385
38.93 0
38.94 310.563
38.95 306.25
38.96 302.055
38.97 302.055
38.98 302.055
38.99 0
39 111.476
39.01 111.476
39.02 111.476
39.03 0
39.04 306.25
39.05 306.25
39.06 305.778
39.07 305.778
39.08 305.778
39.09 0
39.1 0
39.11 165.789
39.12 165.789
39.13 165.789
39.14 165.789
39.15 165.789
39.16 165.789
39.17 148.986
39.18 148.986
39.19 148.986
39.2 148.986
39.21 148.986
39.22 0
39.23 0
39.24 0
39.25 137.383
39.26 0
39.27 277.358
39.28 277.358
39.29 277.358
39.3 276.778
39.31 276.778
39.32 276.056
39.33 276.056
39.34 276.568
39.35 275.312
39.36 275.312
39.37 275.281
39.38 275.281
39.39 274.595
39.4 273.186
39.41 274.481
39.42 274.481
39.43 275.625
39.44 262.5
39.45 262.5
39.46 262.5
39.47 268.902
39.48 243.916
39.49 246.687
39.5 248.828
39.51 249.505
39.52 246.052
39.53 246.052
39.54 247.967
39.55 246.052
39.56 246.052
39.57 250.568
39.58 240.047
39.59 238.496
39.6 234.887
39.61 232.105
39.62 233.746
39.63 233.746
39.64 233.746
39.65 233.746
39.66 235.2
39.67 237.608
39.68 240.109
39.69 240.109
39.7 240.109
39.71 241.423
39.72 244.096
39.73 244.096
39.74 244.096
39.75 244.096
39.76 241.423
39.77 240.545
39.78 239.674
39.79 239.674
39.8 239.674
39.81 259.412
39.82 256.993
39.83 255.208
39.84 255.208
39.85 252.867
39.86 252.867
39.87 252.867
39.88 252.867
39.89 253.24
39.9 252.867
39.91 252.867
39.92 252.24
39.93 249.153
39.94 275.625
39.95 253.448
39.96 253.448
39.97 253.448
39.98 253.448
39.99 253.448
40 253.448
40.01 250.568
40.02 292.699
40.03 355.645
40.04 355.645
40.05 355.645
40.06 355.645
40.07 355.645
40.08 355.645
40.09 355.645
40.1 0
40.11 36.2664
40.12 0
40.13 175
40.14 0
40.15 0
40.16 0
40.17 0
40.18 0
40.19 0
40.2 520.047
40.21 0
40.22 79.6029
40.23 79.6029
40.24 79.6029
40.25 79.6029
40.26 79.6029
40.27 79.6029
40.28 79.6029
40.29 0
40.3 0
40.31 0
40.32 231.496
40.33 0
40.34 234.574
40.35 0
40.36 84.4828
40.37 0
40.38 237.097
40.39 237.097
40.4 237.097
40.41 237.097
40.42 237.097
40.43 237.097
40.44 237.097
40.45 237.097
40.46 237.097
40.47 213.387
40.48 213.387
40.49 213.387
40.5 213.387
40.51 213.387
40.52 0
40.53 0
40.54 0
40.55 0
40.56 0
40.57 83.8403
40.58 0
40.59 0
40.6 0
40.61 225
40.62 0
40.63 435.197
40.64 0
40.65 418.671
40.66 415.167
40.67 412.921
40.68 412.921
40.69 412.921
40.7 412.921
40.71 420.364
40.72 420.364
40.73 412.921
40.74 420
40.75 420
40.76 420
40.77 420
40.78 420
40.79 0
40.8 0
40.81 275.625
40.82 0
40.83 0
40.84 65.2367
40.85 0
40.86 498.305
40.87 498.305
40.88 498.305
40.89 0
40.9 485.377
40.91 0
40.92 0
40.93 0
40.94 272.222
40.95 272.222
40.96 272.222
40.97 272.784
40.98 272.784
40.99 265.13
41 318.905
41.01 318.182
41.02 318.412
41.03 318.412
41.04 318.412
41.05 318.412
41.06 306.25
41.07 317.593
41.08 334.091
41.09 334.091
41.1 334.091
41.11 334.091
41.12 334.091
41.13 334.091
41.14 334.091
41.15 334.091
41.16 0
41.17 159.617
41.18 159.783
41.19 159.783
41.2 160.656
41.21 160.656
41.22 0
41.23 672.256
41.24 0
41.25 161.687
41.26 161.473
41.27 161.42
41.28 161.039
41.29 160.949
41.3 160.949
41.31 160.949
41.32 160.949
41.33 160.949
41.34 0
41.35 648.529
41.36 612.5
41.37 595.946
41.38 535.628
41.39 482.847
41.4 482.847
41.41 482.847
41.42 484.615
41.43 484.615
41.44 484.615
41.45 484.615
41.46 484.615
41.47 0
41.48 252
41.49 0
41.5 306.25
41.51 306.25
41.52 306.25
41.53 0
41.54 222.166
41.55 222.166
41.56 222.166
41.57 222.166
41.58 222.166
41.59 256.395
41.6 256.395
41.61 225
41.62 225
41.63 225
41.64 225
41.65 225
41.66 0
41.67 0
41.68 0
41.69 0
41.7 275.625
41.71 0
41.72 0
41.73 0
41.74 0
41.75 0
41.76 0
41.77 0
41.78 256.395
41.79 256.395
41.8 256.395
41.81 0
41.82 0
41.83 0
41.84 59.4874
41.85 0
41.86 80.0363
41.87 0
41.88 0
41.89 0
41.9 114.249
41.91 114.249
41.92 114.249
41.93 114.249
41.94 114.249
41.95 121.154
41.96 121.154
41.97 121.154
41.98 0
41.99 79.8913
42 0
42.01 0
42.02 14.0805
42.03 14.0805
42.04 14.0805
42.05 0
42.06 59.9837
42.07 59.9837
42.08 60.0817
42.09 60.1911
42.1 60.1911
42.11 59.9185
42.12 59.9185
42.13 59.9185
42.14 59.9185
42.15 59.9185
42.16 68.0556
42.17 68.0556
42.18 68.0556
42.19 68.0556
42.2 68.0556
42.21 68.0556
42.22 68.0556
42.23 68.0556
42.24 68.0556
42.25 73.6227
42.26 73.6227
42.27 73.6227
42.28 0
42.29 148.986
42.3 0
42.31 101.848
42.32 101.801
42.33 101.68
42.34 101.671
42.35 101.671
42.36 101.665
42.37 101.665
42.38 101.68
42.39 101.613
42.4 101.496
42.41 101.613
42.42 101.691
42.43 101.089
42.44 101.321
42.45 101.457
42.46 100.992
42.47 100.992
42.48 100.992
42.49 100.992
42.5 100.915
42.51 100.915
42.52 100.915
42.53 100.915
42.54 100.915
42.55 0
42.56 260.177
42.57 260.177
42.58 260.177
42.59 260.177
42.6 260.433
42.61 260.433
42.62 260.433
42.63 260.433
42.64 260.433
42.65 0
42.66 75.6432
42.67 0
42.68 124.752
42.69 0
42.7 236.371
42.71 236.371
42.72 236.371
42.73 236.371
42.74 236.371
42.75 237.097
42.76 236.25
42.77 233.333
42.78 236.371
42.79 236.371
42.8 234.574
42.81 236.461
42.82 236.461
42.83 245
42.84 245
42.85 245
42.86 245
42.87 245
42.88 245
42.89 245
42.9 245
42.91 245
42.92 245
42.93 239.674
42.94 262.5
42.95 253.448
42.96 253.448
42.97 253.448
42.98 253.448
42.99 253.448
43 0
43.01 546.694
43.02 565.385
43.03 565.385
43.04 643.796
43.05 660.18
43.06 660.18
43.07 660.18
43.08 660.18
43.09 660.18
43.1 651.724
43.11 651.724
43.12 651.724
43.13 651.724
43.14 651.724
43.15 651.724
43.16 651.724
43.17 0
43.18 217.599
43.19 218.317
43.2 220.5
43.21 273.913
43.22 340.979
43.23 340.979
43.24 340.979
43.25 341.067
43.26 341.067
43.27 0
43.28 0
43.29 0
43.3 666.163
43.31 668.182
43.32 668.182
43.33 0
43.34 224.713
43.35 224.713
43.36 226.32
43.37 221.98
43.38 222.727
43.39 222.727
43.4 222.727
43.41 222.727
43.42 222.727
43.43 0
43.44 0
43.45 0
43.46 0
43.47 0
43.48 0
43.49 0
43.5 0
43.51 0
43.52 162.132
43.53 0
43.54 435.771
43.55 439.049
43.56 439.049
43.57 437.115
43.58 437.115
43.59 0
43.6 217.885
43.61 0
43.62 73.2558
43.63 0
43.64 232.105
43.65 0
43.66 74.1592
43.67 0
43.68 232.105
43.69 0
43.7 229.688
43.71 0
43.72 135.692
43.73 141.088
43.74 152.771
43.75 176.804
43.76 176.872
43.77 176.872
43.78 176.872
43.79 176.872
43.8 176.872
43.81 176.872
43.82 176.872
43.83 176.872
43.84 176.872
43.85 0
43.86 520.866
43.87 516.797
43.88 516.797
43.89 520.866
43.9 481.967
43.91 481.967
43.92 515.789
43.93 525
43.94 525
43.95 525
43.96 554.02
43.97 461.78
43.98 461.78
43.99 461.78
44 461.78
44.01 461.78
44.02 461.78
44.03 461.78
44.04 461.78
44.05 529.2
44.06 548.507
44.07 548.507
44.08 548.507
44.09 548.507
44.1 0
44.11 75.0638
44.12 75.0638
44.13 75.0638
44.14 75.0638
44.15 75.0638
44.16 0
44.17 551.25
44.18 0
44.19 75.3202
44.2 75.3202
44.21 75.3202
44.22 75.3202
44.23 75.3202
44.24 75.3589
44.25 75.3846
44.26 75.256
44.27 75.5137
44.28 75.5137
44.29 75.5137
44.3 75.5137
44.31 75.462
44.32 75.6432
44.33 75.9036
44.34 75.7732
44.35 75.7732
44.36 75.7732
44.37 75.7732
44.38 75.7732
44.39 0
44.4 204.167
44.41 204.167
44.42 204.167
44.43 204.167
44.44 204.167
44.45 0
44.46 75.5137
44.47 75.256
44.48 75.256
44.49 75.5137
44.5 75.5137
44.51 75.6865
44.52 75.8253
44.53 75.3989
44.54 75.3989
44.55 75.4198
44.56 75.4198
44.57 75.3989
44.58 75.1705
44.59 75.2046
44.6 75.2927
44.61 75.256
44.62 75.2274
44.63 75.2274
44.64 75.2274
44.65 75.2274
44.66 75.2274
44.67 75.6332
44.68 75.6079
44.69 75.6692
44.7 75.9472
44.71 75.9472
44.72 75.6432
44.73 75.8917
44.74 75.8917
44.75 75.7082
44.76 75.6
44.77 75.8383
44.78 75.8383
44.79 75.8383
44.8 75.8383
44.81 75.5137
44.82 75.3417
44.83 75.3846
44.84 75.256
44.85 75.256
44.86 75.256
44.87 0
44.88 537.805
44.89 544.444
44.9 551.25
44.91 551.25
44.92 544.444
44.93 551.25
44.94 544.444
44.95 544.444
44.96 544.444
44.97 558.228
44.98 558.228
44.99 558.228
45 558.228
45.01 558.228
45.02 0
45.03 122.161
45.04 122.161
45.05 122.161
45.06 122.161
45.07 121.823
45.08 123.184
45.09 123.184
45.1 123.184
45.11 123.184
45.12 122.841
45.13 121.488
45.14 101.379
45.15 123.184
45.16 122.727
45.17 122.727
45.18 122.727
45.19 122.727
45.2 121.775
45.21 121.775
45.22 121.775
45.23 121.775
45.24 0
45.25 158.065
45.26 0
45.27 0
45.28 588
45.29 554.717
45.3 554.717
45.31 537.805
45.32 537.805
45.33 535.938
45.34 535.938
45.35 535.938
45.36 535.938
45.37 515.789
45.38 529.2
45.39 504
45.4 504
45.41 504
45.42 504
45.43 0
45.44 121.739
45.45 121.739
45.46 121.739
45.47 121.739
45.48 121.739
45.49 121.739
45.5 121.689
45.51 121.599
45.52 121.599
45.53 121.599
45.54 121.599
45.55 121.599
45.56 0
45.57 292.935
45.58 292.935
45.59 292.935
45.6 292.935
45.61 292.935
45.62 292.935
45.63 308.392
45.64 308.392
45.65 294
45.66 294
45.67 294
45.68 294
45.69 0
45.7 98.7903
45.71 98.7903
45.72 98.7903
45.73 121.992
45.74 152.069
45.75 152.069
45.76 152.069
45.77 152.069
45.78 152.069
45.79 0
45.8 120.492
45.81 120.492
45.82 120.492
45.83 119.189
45.84 119.189
45.85 119.189
45.86 119.189
45.87 0
45.88 487.592
45.89 484.615
45.9 484.615
45.91 484.615
45.92 484.615
45.93 0
45.94 0
45.95 0
45.96 0
45.97 120.964
45.98 0
45.99 0
46 0
46.01 0
46.02 120.932
46.03 0
46.04 0
46.05 294.655
46.06 0
46.07 120.822
46.08 120.822
46.09 120.822
46.1 0
46.11 293.023
46.12 293.023
46.13 293.023
46.14 295.576
46.15 297.303
46.16 296.371
46.17 277.01
46.18 297.399
46.19 297.399
46.2 297.399
46.21 297.399
46.22 297.399
46.23 297.399
46.24 297.399
46.25 0
46.26 97.5664
46.27 0
46.28 533.468
46.29 0
46.3 0
46.31 533.468
46.32 533.468
46.33 533.468
46.34 0
46.35 533.468
46.36 479.348
46.37 479.348
46.38 0
46.39 474.658
46.4 474.658
46.41 474.658
46.42 495.506
46.43 501.136
46.44 501.136
46.45 525
46.46 525
46.47 525
46.48 525
46.49 525
46.5 0
46.51 0
46.52 0
46.53 0
46.54 0
46.55 0
46.56 130
46.57 129.452
46.58 130.165
46.59 130.165
46.6 130.165
46.61 131.138
46.62 131.138
46.63 0
46.64 260.331
46.65 0
46.66 0
46.67 0
46.68 0
46.69 0
46.7 0
46.71 0
46.72 129.706
46.73 0
46.74 0
46.75 253.448
46.76 0
46.77 58.3333
46.78 0
46.79 0
46.8 0
46.81 0
46.82 99.3243
46.83 0
46.84 0
46.85 0
46.86 131.25
46.87 138.679
46.88 138.679
46.89 0
46.9 238.809
46.91 240.984
46.92 240.984
46.93 0
46.94 77.0979
46.95 0
46.96 114.724
46.97 114.724
46.98 114.724
46.99 0
47 226.852
47.01 227.32
47.02 230.373
47.03 230.373
47.04 232.718
47.05 236.081
47.06 238.809
47.07 238.809
47.08 250.568
47.09 262.5
47.1 273.347
47.11 268.248
47.12 266.734
47.13 266.734
47.14 266.734
47.15 269.56
47.16 273.065
47.17 274.766
47.18 277.01
47.19 271.107
47.2 271.107
47.21 271.107
47.22 271.107
47.23 271.107
47.24 0
47.25 149.323
47.26 0
47.27 117.287
47.28 121.021
47.29 121.021
47.3 0
47.31 152.069
47.32 0
47.33 79.2595
47.34 0
47.35 0
47.36 79.4308
47.37 0
47.38 79.8046
47.39 79.7337
47.4 79.5742
47.41 79.6552
47.42 79.6604
47.43 79.4436
47.44 79.9879
47.45 80.0073
47.46 80.0073
47.47 79.7468
47.48 79.7757
47.49 80.0073
47.5 80.0073
47.51 79.9879
47.52 80.1235
47.53 80.2986
47.54 80.2986
47.55 80.2986
47.56 80.3767
47.57 80.4745
47.58 80.4745
47.59 80.6707
47.6 81.0662
47.61 80.2791
47.62 80.3279
47.63 80.3279
47.64 80.3279
47.65 80.3279
47.66 80.3279
47.67 80.4745
47.68 80.2791
47.69 80.109
47.7 79.8913
47.71 79.8913
47.72 79.5455
47.73 79.5455
47.74 79.5455
47.75 79.3737
47.76 79.3737
47.77 77.6799
47.78 77.0979
47.79 77.0979
47.8 77.0979
47.81 75.6865
47.82 75.7732
47.83 75.7732
47.84 75.7732
47.85 75.7732
47.86 75.7732
47.87 75.7732
47.88 75.7732
47.89 76.0345
47.9 76.0345
47.91 78.1453
47.92 78.6938
47.93 78.6938
47.94 78.6938
47.95 78.6938
47.96 78.6938
47.97 78.6938
47.98 0
47.99 155.16
48 155.16
48.01 155.16
48.02 155.61
48.03 155.373
48.04 155.693
48.05 155.693
48.06 155.693
48.07 155.693
48.08 155.693
48.09 0
48.1 121.287
48.11 120.36
48.12 120.36
48.13 0
48.14 150
48.15 0
48.16 81.0662
48.17 0
48.18 155.556
48.19 152.069
48.2 152.069
48.21 152.069
48.22 152.069
48.23 0
48.24 40.3108
48.25 40.3108
48.26 40.3108
48.27 0
48.28 60.9116
48.29 0
48.3 0
48.31 121.098
48.32 121.513
48.33 121.462
48.34 121.555
48.35 121.404
48.36 121.599
48.37 121.599
48.38 121.599
48.39 121.599
48.4 121.599
48.41 0
48.42 76.0345
48.43 0
48.44 100.456
48.45 0
48.46 0
48.47 247.753
48.48 239.674
48.49 233.333
48.5 233.746
48.51 233.746
48.52 233.746
48.53 235.649
48.54 235.649
48.55 240.796
48.56 294
48.57 294
48.58 294
48.59 294
48.6 294
48.61 294
48.62 294
48.63 294
48.64 294
48.65 294
48.66 294
48.67 302.055
48.68 302.055
48.69 302.055
48.7 302.055
48.71 302.055
48.72 302.055
48.73 302.055
48.74 302.055
48.75 302.055
48.76 302.055
48.77 302.055
48.78 256.395
48.79 217.241
48.8 217.241
48.81 217.241
48.82 216.885
48.83 216.885
48.84 216.885
48.85 216.885
48.86 216.885
48.87 0
48.88 0
48.89 0
48.9 0
48.91 0
48.92 0
48.93 0
48.94 0
48.95 0
48.96 614.94
48.97 0
48.98 218.859
48.99 218.75
49 218.75
49.01 218.75
49.02 218.75
49.03 218.75
49.04 218.75
49.05 218.859
49.06 216.176
49.07 216.176
49.08 216.176
49.09 216.176
49.1 216.176
49.11 0
49.12 653.333
49.13 668.182
49.14 668.182
49.15 668.182
49.16 668.182
49.17 668.182
49.18 668.182
49.19 668.182
49.2 643.125
49.21 643.125
49.22 672.256
49.23 672.256
49.24 648.529
49.25 648.529
49.26 648.529
49.27 648.529
49.28 648.529
49.29 0
49.3 214.078
49.31 214.078
49.32 214.078
49.33 196
49.34 196
49.35 196.524
49.36 196
49.37 196
49.38 196
49.39 196
49.4 196
49.41 196
49.42 196
49.43 196
49.44 196
49.45 196
49.46 0
49.47 113.953
49.48 114.503
49.49 115.596
49.5 98.1454
49.51 116.403
49.52 116.976
49.53 116.976
49.54 116.976
49.55 116.976
49.56 118.336
49.57 117.914
49.58 118.389
49.59 117.391
49.6 117.391
49.61 117.391
49.62 117.391
49.63 117.391
49.64 0
49.65 575.217
49.66 558.228
49.67 558.228
49.68 0
49.69 96.7105
49.7 96.7105
49.71 96.7954
49.72 96.7954
49.73 116.359
49.74 116.359
49.75 116.359
49.76 97.2794
49.77 96.865
49.78 97.1366
49.79 97.1841
49.8 97.2534
49.81 97.2794
49.82 97.2794
49.83 97.2534
49.84 97.2079
49.85 96.7813
49.86 96.7813
49.87 97.0297
49.88 97.0297
49.89 97.0297
49.9 96.9941
49.91 96.9941
49.92 0
49.93 96.9941
49.94 117.6
49.95 117.6
49.96 0
49.97 117.287
49.98 117.287
49.99 117.287
50 0
50.01 192.697
50.02 0
50.03 48.0916
50.04 48.1091
50.05 48.1441
50.06 48.1441
50.07 48.1441
50.08 0
50.09 265.663
50.1 265.663
50.11 265.663
50.12 265.663
50.13 265.663
50.14 0
50.15 517.606
50.16 517.606
50.17 517.606
50.18 0
50.19 172.266
50.2 0
50.21 257.085
50.22 257.085
50.23 256.939
50.24 257.085
50.25 257.085
50.26 257.085
50.27 256.939
50.28 261.118
50.29 261.876
50.3 261.876
50.31 262.5
50.32 262.5
50.33 265.024
50.34 265.024
50.35 265.024
50.36 265.024
50.37 265.024
50.38 259.564
50.39 260.58
50.4 263.498
50.41 262.5
50.42 262.612
50.43 262.861
50.44 262.861
50.45 262.861
50.46 262.861
50.47 262.761
50.48 262.829
50.49 260.638
50.5 263.756
50.51 263.756
50.52 263.756
50.53 263.756
50.54 263.756
50.55 0
50.56 176.4
50.57 0
50.58 267.177
50.59 265.968
50.6 266.403
50.61 266.626
50.62 267.012
50.63 266.491
50.64 266.868
50.65 266.304
50.66 266.246
50.67 265.475
50.68 267.397
50.69 268.902
50.7 268.902
50.71 268.902
50.72 268.902
50.73 268.902
50.74 0
50.75 177.441
50.76 177.441
50.77 177.441
50.78 177.441
50.79 177.414
50.8 177.044
50.81 176.804
50.82 176.224
50.83 176.224
50.84 176.224
50.85 176.224
50.86 176.224
50.87 0
50.88 267.475
50.89 267.475
50.9 267.475
50.91 267.475
50.92 267.368
50.93 267.475
50.94 267.165
50.95 271.849
50.96 274.102
50.97 274.102
50.98 274.102
50.99 266.121
51 266.121
51.01 266.121
51.02 266.121
51.03 266.121
51.04 266.121
51.05 262.5
51.06 262.5
51.07 262.5
51.08 262.5
51.09 262.5
51.1 0
51.11 88.0435
51.12 88.0435
51.13 88.0435
51.14 0
51.15 539.56
51.16 526.792
51.17 526.792
51.18 0
51.19 265.941
51.2 265.941
51.21 265.941
51.22 265.941
51.23 265.831
51.24 267.381
51.25 266.651
51.26 267.597
51.27 266.465
51.28 266.465
51.29 266.465
51.3 266.465
51.31 266.465
51.32 266.811
51.33 267.543
51.34 267.273
51.35 267.273
51.36 267.273
51.37 267.273
51.38 267.273
51.39 0
51.4 177.303
51.41 0
51.42 268.085
51.43 267.435
51.44 267.453
51.45 267.453
51.46 267.453
51.47 267.453
51.48 267.453
51.49 266.797
51.5 267.003
51.51 266.847
51.52 266.949
51.53 268.085
51.54 268.558
51.55 268.558
51.56 268.558
51.57 268.558
51.58 266.734
51.59 267.35
51.6 268.902
51.61 268.902
51.62 268.902
51.63 263.546
51.64 263.546
51.65 263.546
51.66 263.546
51.67 0
51.68 89.3436
51.69 89.4725
51.7 89.9476
51.71 90
51.72 90.3689
51.73 90.5172
51.74 89.6341
51.75 88.7811
51.76 88.8462
51.77 88.8462
51.78 88.8462
51.79 88.8462
51.8 88.8462
51.81 0
51.82 268.902
51.83 268.902
51.84 268.902
51.85 0
51.86 179.268
51.87 178.723
51.88 178.233
51.89 178.302
51.9 178.872
51.91 178.302
51.92 178.872
51.93 178.872
51.94 179.004
51.95 180.067
51.96 180
51.97 180.738
51.98 180.738
51.99 180.738
52 180.738
52.01 180.738
52.02 180.738
52.03 179.755
52.04 179.593
52.05 179.633
52.06 178.543
52.07 178.11
52.08 178.11
52.09 176.118
52.1 178.11
52.11 177.346
52.12 177.346
52.13 177.108
52.14 179.268
52.15 177.251
52.16 177.251
52.17 177.251
52.18 177.251
52.19 177.251
52.2 0
52.21 278.409
52.22 278.409
52.23 278.409
52.24 278.793
52.25 278.793
52.26 279.114
52.27 279.114
52.28 279.114
52.29 0
52.3 272.222
52.31 0
52.32 302.055
52.33 0
52.34 192.857
52.35 192.857
52.36 193.421
52.37 193.421
52.38 185.815
52.39 185.815
52.4 185.815
52.41 0
52.42 0
52.43 0
52.44 0
52.45 78.3304
52.46 78.3304
52.47 78.3304
52.48 0
52.49 0
52.5 0
52.51 0
52.52 0
52.53 0
52.54 0
52.55 0
52.56 0
52.57 0
52.58 0
52.59 0
52.6 0
52.61 0
52.62 0
52.63 0
52.64 0
52.65 0
52.66 0
52.67 0
52.68 155.009
52.69 155.438
52.7 155.419
52.71 155.419
52.72 155.419
52.73 155.419
52.74 155.419
52.75 155.419
52.76 155.83
52.77 156.63
52.78 156.63
52.79 167.681
52.8 167.681
52.81 167.681
52.82 167.681
52.83 170.364
52.84 170.93
52.85 171.535
52.86 175
52.87 175.557
52.88 177.044
52.89 177.044
52.9 177.044
52.91 177.286
52.92 177.414
52.93 180.442
52.94 188.462
52.95 188.462
52.96 188.462
52.97 188.462
52.98 188.462
52.99 0
53 26.956
53.01 0
53.02 105.502
53.03 0
53.04 0
53.05 108.301
53.06 108.621
53.07 109.468
53.08 109.468
53.09 109.468
53.1 0
53.11 85.1351
53.12 85.5556
53.13 85.5978
53.14 85.8234
53.15 85.8454
53.16 86.217
53.17 86.217
53.18 86.217
53.19 0
53.2 113.309
53.21 113.572
53.22 114
53.23 114.446
53.24 114.291
53.25 114.249
53.26 114.249
53.27 114.249
53.28 114.249
53.29 114.249
53.3 0
53.31 0
53.32 0
53.33 331.579
53.34 333.249
53.35 333.249
53.36 0
53.37 117.243
53.38 117.361
53.39 117.361
53.4 117.766
53.41 117.718
53.42 117.872
53.43 118.087
53.44 117.851
53.45 118.822
53.46 119.512
53.47 119.404
53.48 119.189
53.49 119.14
53.5 119.235
53.51 119.189
53.52 119.265
53.53 119.341
53.54 119.548
53.55 119.512
53.56 119.529
53.57 119.646
53.58 119.431
53.59 119.593
53.6 119.548
53.61 119.431
53.62 119.327
53.63 119.327
53.64 119.254
53.65 119.787
53.66 119.987
53.67 120.193
53.68 120.273
53.69 120.644
53.7 120.973
53.71 120.859
53.72 120.36
53.73 120.117
53.74 119.35
53.75 119.577
53.76 119.577
53.77 120.229
53.78 120.163
53.79 120.163
53.8 120.229
53.81 120.098
53.82 120.098
53.83 120.822
53.84 120.68
53.85 119.837
53.86 120.109
53.87 120.123
53.88 121.043
53.89 121.071
53.9 120.932
53.91 120.932
53.92 120.988
53.93 120.988
53.94 120.869
53.95 121.265
53.96 121.154
53.97 120.822
53.98 121.823
53.99 121.421
54 121.344
54.01 121.404
54.02 121.45
54.03 121.488
54.04 121.488
54.05 121.488
54.06 121.599
54.07 121.571
54.08 121.599
54.09 121.631
54.1 121.599
54.11 121.555
54.12 121.488
54.13 121.376
54.14 119.837
54.15 119.837
54.16 119.837
54.17 119.837
54.18 119.837
54.19 0
54.2 152.86
54.21 0
54.22 151.919
54.23 0
54.24 0
54.25 147.14
54.26 147
54.27 147
54.28 133.636
54.29 136.111
54.3 138.971
54.31 136.111
54.32 136.111
54.33 136.111
54.34 0
54.35 166.206
54.36 166.206
54.37 166.206
54.38 0
54.39 166.206
54.4 166.206
54.41 166.206
54.42 0
54.43 239.674
54.44 239.674
54.45 239.674
54.46 239.674
54.47 239.674
54.48 0
54.49 265.663
54.5 0
54.51 593.274
54.52 577.225
54.53 578.09
54.54 574.763
54.55 579.174
54.56 582.306
54.57 582.306
54.58 580.263
54.59 576.471
54.6 582.306
54.61 591.682
54.62 594.485
54.63 594.485
54.64 594.485
54.65 594.485
54.66 575.933
54.67 595.946
54.68 595.946
54.69 599.185
54.7 580.263
54.71 580.263
54.72 598.256
54.73 598.256
54.74 598.256
54.75 598.256
54.76 598.256
54.77 598.256
54.78 598.256
54.79 598.256
54.8 590.625
54.81 586.047
54.82 580.263
54.83 571.902
54.84 557.22
54.85 545.792
54.86 521.277
54.87 521.277
54.88 521.277
54.89 521.277
54.9 521.277
54.91 521.277
54.92 0
54.93 148.986
54.94 148.986
54.95 148.986
54.96 0
54.97 580.263
54.98 580.263
54.99 580.263
55 0
55.01 296.371
55.02 296.637
55.03 296.637
55.04 0
55.05 148.986
55.06 148.986
55.07 148.986
55.08 0
55.09 137.812
55.1 172.266
55.11 172.266
55.12 172.266
55.13 172.266
55.14 172.266
55.15 172.266
55.16 170.27
55.17 170.27
55.18 168.321
55.19 166.865
55.2 166.865
55.21 166.865
55.22 167.408
55.23 167.408
55.24 167.408
55.25 167.408
55.26 167.408
55.27 0
55.28 600
55.29 0
55.3 301.679
55.31 302.298
55.32 302.298
55.33 301.138
55.34 301.138
55.35 301.569
55.36 301.569
55.37 300.787
55.38 300.511
55.39 300.682
55.4 302.055
55.41 303.44
55.42 299.592
55.43 297.973
55.44 330.337
55.45 330.337
55.46 352.8
55.47 352.8
55.48 352.8
55.49 352.8
55.5 348.158
55.51 348.158
55.52 348.158
55.53 347.929
55.54 347.929
55.55 347.929
55.56 347.929
55.57 0
55.58 0
55.59 261.721
55.6 262.5
55.61 262.5
55.62 262.708
55.63 262.708
55.64 263.196
55.65 265.663
55.66 265.663
55.67 265.663
55.68 267.922
55.69 267.922
55.7 267.922
55.71 267.922
55.72 267.922
55.73 267.922
55.74 267.715
55.75 268.085
55.76 268.357
55.77 273.186
55.78 265.663
55.79 266.121
55.8 266.121
55.81 266.121
55.82 266.121
55.83 266.121
55.84 266.121
55.85 266.121
55.86 266.121
55.87 270.552
55.88 269.56
55.89 269.56
55.9 282.692
55.91 273.782
55.92 272.944
55.93 269.8
55.94 260.433
55.95 260.433
55.96 225
55.97 225
55.98 225
55.99 225
56 245
56.01 241.644
56.02 242.308
56.03 242.308
56.04 248.684
56.05 248.684
56.06 246.644
56.07 246.828
56.08 249.757
56.09 249.757
56.1 249.757
56.11 249.757
56.12 249.757
56.13 0
56.14 85.9835
56.15 85.8932
56.16 85.9091
56.17 85.6311
56.18 85.6311
56.19 85.6311
56.2 85.6311
56.21 0
56.22 88.6135
56.23 87.8486
56.24 87.5869
56.25 87.9487
56.26 87.7612
56.27 87.6933
56.28 87.6933
56.29 87.8486
56.3 87.7533
56.31 87.8486
56.32 87.7903
56.33 87.7903
56.34 87.7903
56.35 88.0591
56.36 88.0591
56.37 88.0591
56.38 87.8875
56.39 87.8875
56.4 87.8875
56.41 0
56.42 37.1525
56.43 0
56.44 87.7787
56.45 0
56.46 0
56.47 15.7951
56.48 0
56.49 88.9113
56.5 88.9113
56.51 88.4122
56.52 88.6729
56.53 88.5542
56.54 88.6878
56.55 89.031
56.56 88.9113
56.57 88.9113
56.58 88.495
56.59 88.4358
56.6 88.2
56.61 88.2
56.62 88.2
56.63 88.024
56.64 88.024
56.65 87.7321
56.66 87.7321
56.67 87.7321
56.68 88.9831
56.69 88.9831
56.7 88.9831
56.71 88.9831
56.72 0
56.73 224.389
56.74 224.389
56.75 224.791
56.76 224.638
56.77 224.389
56.78 223.291
56.79 217.241
56.8 223.291
56.81 222.727
56.82 222.727
56.83 214.078
56.84 214.078
56.85 211.207
56.86 214.773
56.87 215.122
56.88 215.122
56.89 215.122
56.9 215.122
56.91 215.122
56.92 0
56.93 220.5
56.94 220.5
56.95 220.5
56.96 0
56.97 464.211
56.98 490
56.99 490
57 0
57.01 490
57.02 490
57.03 490
57.04 0
57.05 0
57.06 0
57.07 0
57.08 0
57.09 0
57.1 0
57.11 0
57.12 0
57.13 0
57.14 0
57.15 0
57.16 0
57.17 0
57.18 0
57.19 0
57.2 0
57.21 0
57.22 0
57.23 0
57.24 0
57.25 0
57.26 0
57.27 0
57.28 0
57.29 0
57.3 222.727
57.31 228.893
57.32 228.893
57.33 0
57.34 103.037
57.35 99.3243
57.36 99.3243
57.37 0
57.38 172.266
57.39 0
57.4 41.6038
57.41 0
57.42 94.2308
57.43 0
57.44 0
57.45 0
57.46 0
57.47 64.5681
57.48 64.5681
57.49 64.5681
57.5 0
57.51 0
57.52 189.677
57.53 189.677
57.54 191.001
57.55 191.116
57.56 191.116
57.57 191.116
57.58 192.297
57.59 192.297
57.6 192.297
57.61 192.297
57.62 192.297
57.63 192.297
57.64 0
57.65 99.7738
57.66 0
57.67 136.111
57.68 0
57.69 99.1568
57.7 99.1568
57.71 99.1568
57.72 99.1568
57.73 99.1568
57.74 99.1568
57.75 99.1967
57.76 99.1967
57.77 99.1967
57.78 99.1967
57.79 99.1967
57.8 0
57.81 98
57.82 98.9899
57.83 98.9776
57.84 99.1568
57.85 98.6893
57.86 98.6893
57.87 98.6893
57.88 98.6893
57.89 98.6893
57.9 99.1457
57.91 99.1457
57.92 100.227
57.93 100.227
57.94 100.227
57.95 100.126
57.96 99.8239
57.97 99.9433
57.98 99.3243
57.99 99.2126
58 99.2126
58.01 99.2126
58.02 99.2126
58.03 99.1329
58.04 98.109
58.05 98.109
58.06 98.6136
58.07 98.4375
58.08 98.4375
58.09 98.4375
58.1 98.4375
58.11 0
58.12 33.3333
58.13 0
58.14 100
58.15 100
58.16 100
58.17 99.6235
58.18 102.558
58.19 100.114
58.2 99.9245
58.21 99.8867
58.22 99.9245
58.23 99.9547
58.24 99.9245
58.25 99.9029
58.26 99.2285
58.27 99.7207
58.28 99.8003
58.29 99.9334
58.3 99.9496
58.31 99.9334
58.32 99.6004
58.33 100.032
58.34 100.17
58.35 100.379
58.36 100.045
58.37 100.685
58.38 99.8641
58.39 99.2126
58.4 99.3243
58.41 99.3243
58.42 99.3243
58.43 99.7738
58.44 99.7738
58.45 99.7738
58.46 96.7105
58.47 96.9231
58.48 96.9231
58.49 96.9231
58.5 0
58.51 200.455
58.52 0
58.53 195.479
58.54 0
58.55 195.421
58.56 0
58.57 567.463
58.58 576.22
58.59 576.22
58.6 0
58.61 295.753
58.62 295.753
58.63 295.753
58.64 295.753
58.65 295.831
58.66 298.122
58.67 298.646
58.68 297.705
58.69 299.686
58.7 299.686
58.71 299.592
58.72 297.973
58.73 297.973
58.74 297.973
58.75 299.592
58.76 298.87
58.77 298.87
58.78 298.87
58.79 298.87
58.8 298.87
58.81 302.055
58.82 302.055
58.83 301.024
58.84 290.132
58.85 337.931
58.86 399.259
58.87 401.213
58.88 392.349
58.89 393.165
58.9 404.587
58.91 404.587
58.92 407.579
58.93 407.579
58.94 407.579
58.95 407.579
58.96 0
58.97 262.5
58.98 272.222
58.99 270.552
59 268.902
59.01 268.902
59.02 268.902
59.03 268.902
59.04 0
59.05 551.25
59.06 551.25
59.07 501.136
59.08 501.136
59.09 501.136
59.1 0
59.11 96.8167
59.12 96.9657
59.13 96.9657
59.14 0
59.15 29.8915
59.16 0
59.17 0
59.18 0
59.19 282.692
59.2 279.114
59.21 279.114
59.22 279.114
59.23 281.661
59.24 273.065
59.25 273.065
59.26 273.065
59.27 273.065
59.28 0
59.29 135.276
59.3 135.276
59.31 135.276
59.32 135.276
59.33 135.276
59.34 135.553
59.35 131.511
59.36 131.839
59.37 131.839
59.38 131.839
59.39 131.904
59.4 131.904
59.41 132.234
59.42 132.234
59.43 132.234
59.44 0
59.45 33.4091
59.46 0
59.47 75.3846
59.48 75.5137
59.49 75.7732
59.5 75.5137
59.51 75.2881
59.52 75.256
59.53 75.256
59.54 75.2046
59.55 75.2046
59.56 75.2046
59.57 75.2046
59.58 75.2046
59.59 0
59.6 0
59.61 136.957
59.62 0
59.63 136.957
59.64 135.553
59.65 135.553
59.66 135.553
59.67 136.111
59.68 136.111
59.69 136.111
59.7 149.492
59.71 151.027
59.72 151.027
59.73 151.027
59.74 151.027
59.75 0
59.76 294.983
59.77 285.129
59.78 285.129
59.79 285.129
59.8 285.129
59.81 0
59.82 76.1921
59.83 75.8383
59.84 75.8383
59.85 75.8383
59.86 75.8383
59.87 0
59.88 0
59.89 280.892
59.9 0
59.91 0
59.92 0
59.93 0
59.94 0
59.95 0
59.96 0
59.97 0
59.98 0
59.99 196
60 194.444
60.01 194.444
60.02 192.017
60.03 192.017
60.04 202.294
60.05 202.294
60.06 202.294
60.07 0
60.08 612.5
60.09 612.5
60.1 612.5
60.11 612.5
60.12 600.584
60.13 605.769
60.14 605.769
60.15 605.769
60.16 605.769
60.17 605.769
60.18 0
60.19 76.6957
60.2 76.6512
60.21 76.6512
60.22 76.6512
60.23 76.8963
60.24 76.8963
60.25 78.4698
60.26 79.1268
60.27 79.1268
60.28 74.8303
60.29 74.8303
60.3 74.8303
60.31 74.8303
60.32 74.8303
60.33 74.8303
60.34 74.8303
60.35 74.6193
60.36 74.6193
60.37 74.6193
60.38 74.6193
60.39 0
60.4 150.341
60.41 0
60.42 0
60.43 150.341
60.44 0
60.45 0
60.46 0
60.47 150.683
60.48 0
60.49 0
60.5 298.78
60.51 0
60.52 152.595
60.53 152.419
60.54 152.419
60.55 152.419
60.56 152.419
60.57 152.419
60.58 152.419
60.59 152.419
60.6 151.72
60.61 150.512
60.62 150.279
60.63 150.279
60.64 150.409
60.65 150.465
60.66 150.512
60.67 150.512
60.68 150.512
60.69 150.798
60.7 151.027
60.71 151.027
60.72 151.77
60.73 152.069
60.74 152.069
60.75 151.027
60.76 151.373
60.77 150.204
60.78 149.854
60.79 148.986
60.8 148.986
60.81 148.986
60.82 148.986
60.83 149.211
60.84 149.211
60.85 149.211
60.86 150.204
60.87 150.569
60.88 150.256
60.89 150.256
60.9 150.204
60.91 150.341
60.92 150.409
60.93 150.409
60.94 150.409
60.95 150.079
60.96 149.907
60.97 150.341
60.98 150.384
60.99 150.439
61 150.204
61.01 149.907
61.02 150.439
61.03 150.439
61.04 148.413
61.05 147.59
61.06 152.419
61.07 151.027
61.08 151.027
61.09 151.324
61.1 151.324
61.11 151.027
61.12 150.732
61.13 150.732
61.14 150.732
61.15 150.341
61.16 150.341
61.17 150.341
61.18 150.341
61.19 150.341
61.2 150.341
61.21 150.341
61.22 0
61.23 0
61.24 0
61.25 512.791
61.26 512.791
61.27 512.791
61.28 512.791
61.29 512.791
61.3 0
61.31 235.409
61.32 234.574
61.33 229.688
61.34 229.688
61.35 237.097
61.36 235.889
61.37 233.797
61.38 242.752
61.39 242.308
61.4 242.308
61.41 242.308
61.42 242.308
61.43 242.308
61.44 242.308
61.45 242.308
61.46 242.012
61.47 238.73
61.48 237.522
61.49 238.261
61.5 238.261
61.51 238.261
61.52 238.261
61.53 238.261
61.54 238.261
61.55 233.952
61.56 233.087
61.57 225.575
61.58 236.25
61.59 234.574
61.6 234.574
61.61 229.688
61.62 229.688
61.63 229.688
61.64 229.688
61.65 229.688
61.66 0
61.67 512.791
61.68 512.791
61.69 512.791
61.7 512.791
61.71 512.791
61.72 542.213
61.73 568.299
61.74 568.299
61.75 568.299
61.76 568.299
61.77 568.299
61.78 0
61.79 0
61.8 0
61.81 144.432
61.82 145.066
61.83 130.861
61.84 122.5
61.85 121.535
61.86 106.78
61.87 106.78
61.88 108.943
61.89 108.943
61.9 108.943
61.91 108.943
61.92 0
61.93 248.684
61.94 0
61.95 0
61.96 551.25
61.97 560.593
61.98 560.593
61.99 0
62 88.4358
62.01 88.7324
62.02 88.7324
62.03 88.7324
62.04 88.7324
62.05 88.7324
62.06 88.7324
62.07 88.7324
62.08 88.7324
62.09 88.7324
62.1 0
62.11 0
62.12 0
62.13 56.94
62.14 56.94
62.15 56.94
62.16 56.94
62.17 56.94
62.18 0
62.19 76.6512
62.2 76.6512
62.21 76.6512
62.22 0
62.23 46.8816
62.24 46.7905
62.25 46.0094
62.26 46.0094
62.27 46.0094
62.28 0
62.29 576.471
62.3 576.471
62.31 576.471
62.32 585.398
62.33 585.398
62.34 585.398
62.35 580.263
62.36 580.263
62.37 580.263
62.38 580.263
62.39 580.263
62.4 0
62.41 234.574
62.42 234.574
62.43 234.574
62.44 235.409
62.45 234.574
62.46 235.829
62.47 235.829
62.48 239.674
62.49 264.072
62.5 238.378
62.51 244.096
62.52 244.096
62.53 244.096
62.54 244.096
62.55 244.096
62.56 0
62.57 267.814
62.58 263.284
62.59 263.126
62.6 263.284
62.61 264.6
62.62 263.126
62.63 263.284
62.64 262.5
62.65 261.462
62.66 253.448
62.67 253.448
62.68 253.448
62.69 253.448
62.7 253.448
62.71 0
62.72 75.8601
62.73 75.8601
62.74 75.8601
62.75 75.8601
62.76 75.6692
62.77 75.6692
62.78 75.6692
62.79 75.6692
62.8 75.6692
62.81 0
62.82 238.593
62.83 0
62.84 486.397
62.85 0
62.86 237.097
62.87 0
62.88 58.6436
62.89 58.5657
62.9 58.5657
62.91 58.6436
62.92 58.6436
62.93 58.6436
62.94 58.6436
62.95 58.6957
62.96 58.6957
62.97 58.6124
62.98 58.6124
62.99 58.6124
63 58.6124
63.01 58.8
63.02 58.8
63.03 58.8314
63.04 58.9178
63.05 58.8942
63.06 58.9572
63.07 58.9572
63.08 58.9572
63.09 58.9572
63.1 58.9572
63.11 58.9572
63.12 58.9572
63.13 59.0757
63.14 59.0757
63.15 59.0625
63.16 59.0625
63.17 59.0625
63.18 59.0625
63.19 59.0625
63.2 0
63.21 0
63.22 232.923
63.23 238.194
63.24 232.923
63.25 232.923
63.26 239.385
63.27 235.514
63.28 236.779
63.29 243.199
63.3 243.199
63.31 243.199
63.32 243.199
63.33 243.199
63.34 0
63.35 254.481
63.36 252.288
63.37 252.481
63.38 252.481
63.39 252.481
63.4 247.753
63.41 247.753
63.42 247.753
63.43 247.753
63.44 0
63.45 132.036
63.46 130.165
63.47 130.165
63.48 129.782
63.49 129.782
63.5 0
63.51 34.7609
63.52 0
63.53 505.734
63.54 505.734
63.55 505.734
63.56 508.846
63.57 508.846
63.58 508.846
63.59 501.136
63.6 534.795
63.61 534.795
63.62 534.795
63.63 521.893
63.64 521.893
63.65 521.893
63.66 521.893
63.67 521.893
63.68 0
63.69 275.625
63.7 276.008
63.71 277.358
63.72 277.358
63.73 283.096
63.74 283.096
63.75 284.516
63.76 292.053
63.77 296.637
63.78 299.186
63.79 302.746
63.8 303.876
63.81 304.691
63.82 306.037
63.83 306.806
63.84 307.446
63.85 307.737
63.86 308.906
63.87 309.417
63.88 310.563
63.89 311.761
63.9 311.538
63.91 313.21
63.92 310.563
63.93 315
63.94 315
63.95 315
63.96 315
63.97 315
63.98 0
63.99 106.909
64 0
64.01 610.381
64.02 610.381
64.03 610.381
64.04 610.381
64.05 610.381
64.06 610.381
64.07 610.381
64.08 610.381
64.09 608.276
64.1 608.276
64.11 608.276
64.12 608.276
64.13 608.276
64.14 0
64.15 0
64.16 11.3895
64.17 0
64.18 0
64.19 153.659
64.2 0
64.21 0
64.22 0
64.23 75.9472
64.24 0
64.25 0
64.26 0
64.27 59.0098
64.28 0
64.29 59.1153
64.3 0
64.31 296.637
64.32 296.879
64.33 300
64.34 300
64.35 268.902
64.36 271.552
64.37 271.552
64.38 271.552
64.39 271.552
64.4 278.526
64.41 278.526
64.42 275.625
64.43 275.625
64.44 272.784
64.45 272.784
64.46 272.784
64.47 272.784
64.48 280.892
64.49 282.692
64.5 282.692
64.51 282.692
64.52 282.692
64.53 282.692
64.54 275.052
64.55 275.052
64.56 275.052
64.57 266.197
64.58 266.197
64.59 266.197
64.6 266.197
64.61 250.568
64.62 265.663
64.63 260.433
64.64 263.284
64.65 270.552
64.66 270.552
64.67 270.552
64.68 270.552
64.69 270.552
64.7 0
64.71 490
64.72 0
64.73 250.568
64.74 250.568
64.75 250
64.76 250
64.77 247.753
64.78 245.341
64.79 245.341
64.8 241.549
64.81 241.549
64.82 241.549
64.83 241.549
64.84 241.549
64.85 0
64.86 236.733
64.87 0
64.88 0
64.89 251.139
64.9 0
64.91 0
64.92 130.473
64.93 130.473
64.94 130.473
64.95 130.473
64.96 121.154
64.97 119.318
64.98 119.318
64.99 124.342
65 124.342
65.01 124.342
65.02 124.342
65.03 124.342
65.04 124.342
65.05 124.342
65.06 124.342
65.07 124.342
65.08 123.876
65.09 121.958
65.1 122.5
65.11 134.451
65.12 134.451
65.13 134.451
65.14 0
65.15 253.448
65.16 253.448
65.17 253.448
65.18 253.448
65.19 257.895
65.2 257.895
65.21 257.895
65.22 257.895
65.23 257.895
65.24 257.895
65.25 257.895
65.26 0
65.27 76.5625
65.28 76.5625
65.29 76.5625
65.3 76.5625
65.31 76.5625
65.32 0
65.33 0
65.34 0
65.35 58.6436
65.36 58.6436
65.37 58.6436
65.38 0
65.39 0
65.4 252
65.41 261.876
65.42 261.876
65.43 261.876
65.44 261.876
65.45 261.876
65.46 261.876
65.47 261.876
65.48 261.876
65.49 253.448
65.5 265.663
65.51 264.6
65.52 264.6
65.53 264.6
65.54 264.6
65.55 264.6
65.56 264.6
65.57 264.6
65.58 0
65.59 0
65.6 0
65.61 490
65.62 0
65.63 490
65.64 490
65.65 490
65.66 490
65.67 493.657
65.68 493.657
65.69 493.657
65.7 433.567
65.71 433.567
65.72 433.567
65.73 433.567
65.74 0
65.75 0
65.76 0
65.77 162.731
65.78 0
65.79 105
65.8 0
65.81 0
65.82 479.348
65.83 0
65.84 453.082
65.85 0
65.86 144.59
65.87 0
65.88 144.118
65.89 0
65.9 445.455
65.91 479.348
65.92 479.348
65.93 479.348
65.94 479.348
65.95 0
65.96 188.462
65.97 188.462
65.98 189.27
65.99 188.865
66 188.865
66.01 188.865
66.02 189.596
66.03 190.086
66.04 190.086
66.05 190.451
66.06 190.703
66.07 190.909
66.08 190.909
66.09 190.909
66.1 190.909
66.11 190.909
66.12 0
66.13 150
66.14 150
66.15 149.492
66.16 150.292
66.17 151.416
66.18 151.416
66.19 151.416
66.2 151.245
66.21 151.245
66.22 151.245
66.23 151.149
66.24 151.149
66.25 151.027
66.26 151.027
66.27 153.125
66.28 154.737
66.29 141.346
66.3 141.346
66.31 141.346
66.32 141.346
66.33 0
66.34 622.379
66.35 622.379
66.36 622.379
66.37 618.224
66.38 618.224
66.39 618.224
66.4 612.5
66.41 607.677
66.42 607.677
66.43 607.677
66.44 607.677
66.45 607.677
66.46 607.677
66.47 607.677
66.48 607.677
66.49 602.459
66.5 580.263
66.51 580.263
66.52 513.786
66.53 504.577
66.54 504.577
66.55 504.577
66.56 504.577
66.57 0
66.58 503.425
66.59 462.587
66.6 459.375
66.61 459.375
66.62 459.375
66.63 0
66.64 0
66.65 33.2078
66.66 0
66.67 148.385
66.68 0
66.69 57.8234
66.7 57.8234
66.71 57.8234
66.72 0
66.73 57.8234
66.74 0
66.75 58.5657
66.76 0
66.77 0
66.78 275.625
66.79 0
66.8 0
66.81 286.364
66.82 0
66.83 0
66.84 0
66.85 0
66.86 250.568
66.87 250.568
66.88 250.568
66.89 250.568
66.9 260.947
66.91 260.947
66.92 260.947
66.93 260.947
66.94 260.947
66.95 260.947
66.96 0
66.97 0
66.98 261.721
66.99 0
67 0
67.01 26.2604
67.02 0
67.03 256.395
67.04 256.395
67.05 256.395
67.06 254.619
67.07 249.623
67.08 249.623
67.09 249.623
67.1 249.623
67.11 254.913
67.12 254.913
67.13 252.288
67.14 252.722
67.15 257.895
67.16 260.726
67.17 259.412
67.18 259.412
67.19 259.412
67.2 261.721
67.21 261.721
67.22 256.395
67.23 271.107
67.24 271.107
67.25 280.297
67.26 280.297
67.27 280.297
67.28 277.358
67.29 265.663
67.3 265.663
67.31 321.117
67.32 324.265
67.33 324.265
67.34 324.265
67.35 318.029
67.36 318.029
67.37 315
67.38 315
67.39 315
67.4 313.507
67.41 313.507
67.42 313.507
67.43 313.507
67.44 0
67.45 595.946
67.46 574.593
67.47 574.593
67.48 0
67.49 0
67.5 0
67.51 86.1328
67.52 86.1328
67.53 86.1328
67.54 0
67.55 0
67.56 74.6951
67.57 0
67.58 102.941
67.59 0
67.6 74.5562
67.61 73.6637
67.62 73.6637
67.63 73.7458
67.64 73.7458
67.65 64.5208
67.66 64.5208
67.67 64.5208
67.68 64.5208
67.69 64.5208
67.7 64.161
67.71 64.161
67.72 63.6364
67.73 63.6364
67.74 63.6364
67.75 63.6364
67.76 63.6364
67.77 0
67.78 630
67.79 0
67.8 0
67.81 258.398
67.82 258.398
67.83 258.398
67.84 258.398
67.85 258.398
67.86 258.398
67.87 258.398
67.88 258.398
67.89 258.398
67.9 258.398
67.91 238.378
67.92 238.378
67.93 238.378
67.94 238.378
67.95 236.25
67.96 236.25
67.97 238.378
67.98 238.378
67.99 238.378
68 238.378
68.01 238.378
68.02 238.378
68.03 0
68.04 0
68.05 239.674
68.06 245
68.07 242.308
68.08 242.308
68.09 245
68.1 245
68.11 245
68.12 245
68.13 245
68.14 0
68.15 490
68.16 490
68.17 490
68.18 0
68.19 230.89
68.2 225.768
68.21 214.078
68.22 214.599
68.23 214.599
68.24 214.599
68.25 215.385
68.26 215.385
68.27 215.385
68.28 215.385
68.29 215.385
68.3 215.472
68.31 215.472
68.32 215.472
68.33 214.773
68.34 212.701
68.35 209.501
68.36 209.501
68.37 204.167
68.38 204.167
68.39 204.167
68.4 204.167
68.41 204.167
68.42 217.028
68.43 217.028
68.44 215.122
68.45 215.122
68.46 215.122
68.47 215.122
68.48 0
68.49 591.946
68.5 601.364
68.51 601.364
68.52 630
68.53 630
68.54 630
68.55 630
68.56 630
68.57 630
68.58 711.29
68.59 675.862
68.6 675.862
68.61 675.862
68.62 675.862
68.63 0
68.64 0
68.65 0
68.66 0
68.67 0
68.68 0
68.69 0
68.7 0
68.71 0
68.72 0
68.73 0
68.74 0
68.75 0
68.76 0
68.77 0
68.78 0
68.79 469.149
68.8 0
68.81 217.925
68.82 0
68.83 210.501
68.84 210
68.85 210
68.86 210
68.87 210
68.88 210
68.89 210
68.9 210
68.91 210
68.92 227.32
68.93 203.226
68.94 194.559
68.95 243.199
68.96 243.199
68.97 243.199
68.98 245
68.99 266.197
69 258.904
69.01 256.395
69.02 256.395
69.03 254.913
69.04 254.913
69.05 247.059
69.06 249.537
69.07 249.537
69.08 253.033
69.09 254.779
69.1 254.779
69.11 254.779
69.12 257.06
69.13 257.593
69.14 225.922
69.15 260.177
69.16 260.177
69.17 264.216
69.18 263.95
69.19 264.823
69.2 264.706
69.21 268.66
69.22 269.372
69.23 269.81
69.24 271.027
69.25 269.931
69.26 269.964
69.27 269.81
69.28 266.36
69.29 270.276
69.3 265.663
69.31 265.024
69.32 263.756
69.33 263.336
69.34 263.641
69.35 260.726
69.36 266.734
69.37 266.734
69.38 268.031
69.39 270
69.4 270.425
69.41 270.425
69.42 270.138
69.43 270.138
69.44 270.138
69.45 269.408
69.46 269.408
69.47 269.633
69.48 269.843
69.49 268.902
69.5 270.552
69.51 270.552
69.52 270.552
69.53 0
69.54 75.256
69.55 75.0851
69.56 75.0851
69.57 75.1278
69.58 75.1278
69.59 75.1278
69.6 75.1705
69.61 75.1705
69.62 75.1705
69.63 75.1705
69.64 75.1705
69.65 0
69.66 529.73
69.67 532.038
69.68 532.931
69.69 531.908
69.7 531.908
69.71 531.908
69.72 531.908
69.73 531.908
69.74 531.908
69.75 531.908
69.76 531.908
69.77 529.2
69.78 529.2
69.79 0
69.8 273.186
69.81 0
69.82 532.038
69.83 532.038
69.84 532.038
69.85 532.038
69.86 532.038
69.87 532.038
69.88 532.038
69.89 533.468
69.9 533.468
69.91 553.378
69.92 553.556
69.93 550.192
69.94 550.192
69.95 531.325
69.96 531.325
69.97 531.325
69.98 544.444
69.99 544.444
70 544.444
70.01 544.444
70.02 544.444
70.03 544.444
70.04 551.25
70.05 551.25
70.06 549.288
70.07 545.792
70.08 541.579
70.09 543.834
70.1 543.928
70.11 546.694
70.12 546.694
70.13 546.694
70.14 546.694
70.15 547.042
70.16 547.826
70.17 551.25
70.18 554.717
70.19 554.717
70.2 554.717
70.21 554.717
70.22 546.694
70.23 548.963
70.24 551.25
70.25 528.596
70.26 531.325
70.27 531.966
70.28 531.966
70.29 531.966
70.3 531.966
70.31 518.214
70.32 527.512
70.33 523.084
70.34 504
70.35 544.444
70.36 528.144
70.37 528.144
70.38 528.144
70.39 528.144
70.4 528.144
70.41 0
70.42 122.748
70.43 122.636
70.44 122.576
70.45 123.184
70.46 123.184
70.47 123.599
70.48 125.284
70.49 125.284
70.5 151.546
70.51 151.546
70.52 151.546
70.53 151.546
70.54 151.546
70.55 0
70.56 60.411
70.57 60.411
70.58 60.411
70.59 60.411
70.6 60.411
70.61 60.411
70.62 60.411
70.63 60.5769
70.64 60.5769
70.65 64.0244
70.66 63.913
70.67 63.913
70.68 63.913
70.69 63.913
70.7 0
70.71 573.555
70.72 573.555
70.73 570.259
70.74 571.902
70.75 565.385
70.76 546.694
70.77 506.897
70.78 565.385
70.79 583.333
70.8 583.333
70.81 583.333
70.82 583.333
70.83 583.333
70.84 0
70.85 294.561
70.86 294.561
70.87 294.561
70.88 302.055
70.89 302.055
70.9 0
70.91 0
70.92 118.655
70.93 118.655
70.94 118.655
70.95 118.868
70.96 118.804
70.97 118.804
70.98 118.868
70.99 119.189
71 147
71.01 149.121
71.02 149.121
71.03 146.026
71.04 146.026
71.05 146.026
71.06 146.026
71.07 146.026
71.08 0
71.09 202.294
71.1 202.294
71.11 202.294
71.12 0
71.13 595.946
71.14 0
71.15 200.091
71.16 200.759
71.17 200.911
71.18 200.911
71.19 200.911
71.2 200.911
71.21 200.911
71.22 200.911
71.23 200.911
71.24 200.911
71.25 200.911
71.26 0
71.27 0
71.28 297.399
71.29 0
71.3 287.109
71.31 0
71.32 0
71.33 287.859
71.34 0
71.35 99.9433
71.36 0
71.37 290.132
71.38 0
71.39 119.837
71.4 119.744
71.41 119.447
71.42 119.06
71.43 101.457
71.44 101.457
71.45 101.457
71.46 101.457
71.47 101.457
71.48 0
71.49 202.029
71.5 201.554
71.51 201.554
71.52 0
71.53 288.235
71.54 288.235
71.55 288.235
71.56 0
71.57 120.098
71.58 0
71.59 0
71.6 120.163
71.61 0
71.62 120
71.63 120.492
71.64 118.548
71.65 118.548
71.66 119.62
71.67 119.62
71.68 119.62
71.69 144.522
71.7 145.066
71.71 145.066
71.72 145.066
71.73 0
71.74 0
71.75 0
71.76 290.556
71.77 0
71.78 119.512
71.79 119.837
71.8 119.837
71.81 0
71.82 630
71.83 630
71.84 630
71.85 630
71.86 630
71.87 0
71.88 237.95
71.89 237.95
71.9 237.95
71.91 0
71.92 421.338
71.93 421.338
71.94 421.338
71.95 424.038
71.96 424.038
71.97 525
71.98 541.104
71.99 535.628
72 536.351
72.01 537.805
72.02 537.805
72.03 537.805
72.04 537.805
72.05 537.805
72.06 537.805
72.07 537.209
72.08 542.213
72.09 541.104
72.1 540
72.11 537.395
72.12 539.831
72.13 539
72.14 538.626
72.15 534.545
72.16 534.545
72.17 534.545
72.18 0
72.19 0
72.2 0
72.21 0
72.22 0
72.23 0
72.24 0
72.25 0
72.26 300.682
72.27 330.09
72.28 330.09
72.29 317.266
72.3 317.266
72.31 317.266
72.32 317.266
72.33 0
72.34 71.7462
72.35 70.8434
72.36 71.5909
72.37 71.5909
72.38 73.5
72.39 73.5
72.4 73.7458
72.41 75.5137
72.42 76.0345
72.43 78.1915
72.44 78.1915
72.45 76.8293
72.46 75.8166
72.47 77.9152
72.48 77.6408
72.49 77.9152
72.5 77.9152
72.51 77.9152
72.52 77.9152
72.53 77.9152
72.54 77.9152
72.55 0
72.56 150
72.57 0
72.58 0
72.59 0
72.6 0
72.61 0
72.62 0
72.63 46.0014
72.64 0
72.65 0
72.66 113.077
72.67 0
72.68 147.987
72.69 148.986
72.7 148.986
72.71 0
72.72 0
72.73 0
72.74 78.4698
72.75 78.9474
72.76 80.0654
72.77 79.1268
72.78 78.9379
72.79 78.3105
72.8 78.4698
72.81 77.7778
72.82 78.0255
72.83 78.0255
72.84 78.3768
72.85 78.6096
72.86 78.6096
72.87 79.0323
72.88 79.0323
72.89 79.8913
72.9 80.1818
72.91 80.1818
72.92 84.4828
72.93 90.3689
72.94 90.3689
72.95 90.3689
72.96 80.0363
72.97 76.9634
72.98 76.9634
72.99 77.3684
73 77.3684
73.01 77.459
73.02 79.8913
73.03 79.8913
73.04 78.6096
73.05 78.0992
73.06 78.0992
73.07 78.0992
73.08 79.8913
73.09 79.8913
73.1 79.8913
73.11 79.8913
73.12 79.0323
73.13 79.5072
73.14 79.5072
73.15 79.1741
73.16 79.1741
73.17 79.1741
73.18 78.0876
73.19 78.0876
73.2 78.0876
73.21 0
73.22 77.0306
73.23 77.0306
73.24 78.0071
73.25 77.044
73.26 77.044
73.27 78.1915
73.28 78.1915
73.29 78.1915
73.3 78.1915
73.31 0
73.32 51.3986
73.33 0
73.34 101.044
73.35 101.044
73.36 101.044
73.37 0
73.38 154.35
73.39 153.302
73.4 153.302
73.41 0
73.42 154.016
73.43 0
73.44 153.552
73.45 153.599
73.46 153.599
73.47 0
73.48 60.2459
73.49 60.2459
73.5 60.0817
73.51 60.0817
73.52 50.3425
73.53 50.3425
73.54 50.3425
73.55 50.3425
73.56 50.3425
73.57 0
73.58 0
73.59 0
73.6 157.5
73.61 0
73.62 0
73.63 0
73.64 20.7823
73.65 0
73.66 0
73.67 0
73.68 0
73.69 0
73.7 0
73.71 0
73.72 150.615
73.73 151.027
73.74 151.442
73.75 151.027
73.76 151.027
73.77 151.027
73.78 151.72
73.79 154.556
73.8 151.027
73.81 152.595
73.82 153.793
73.83 152.595
73.84 151.546
73.85 151.373
73.86 148.986
73.87 150
73.88 150
73.89 150
73.9 151.027
73.91 151.027
73.92 154.196
73.93 154.196
73.94 154.196
73.95 154.196
73.96 0
73.97 0
73.98 98.6577
73.99 0
74 0
74.01 150.341
74.02 151.027
74.03 151.027
74.04 0
74.05 59.3939
74.06 59.0098
74.07 58.6436
74.08 58.5398
74.09 58.5398
74.1 58.5398
74.11 58.5398
74.12 0
74.13 0
74.14 76.5625
74.15 0
74.16 466.667
74.17 466.667
74.18 466.667
74.19 0
74.2 479.348
74.21 461.512
74.22 461.512
74.23 0
74.24 146.026
74.25 146.026
74.26 146.026
74.27 0
74.28 86.2451
74.29 86.2451
74.3 86.2451
74.31 86.2451
74.32 86.2451
74.33 86.2451
74.34 86.2451
74.35 0
74.36 212.311
74.37 212.311
74.38 211.342
74.39 212.019
74.4 212.311
74.41 212.274
74.42 212.274
74.43 212.274
74.44 212.274
74.45 212.274
74.46 212.274
74.47 0
74.48 215.272
74.49 215.753
74.5 215.753
74.51 215.753
74.52 214.078
74.53 215.122
74.54 215.122
74.55 215.122
74.56 215.122
74.57 213.043
74.58 207.042
74.59 209.75
74.6 213.559
74.61 213.847
74.62 214.773
74.63 214.773
74.64 216.708
74.65 216.601
74.66 216.601
74.67 216.601
74.68 216.601
74.69 216.601
74.7 216.176
74.71 216.176
74.72 216.176
74.73 216.176
74.74 212.36
74.75 212.36
74.76 212.36
74.77 212.36
74.78 212.36
74.79 214.078
74.8 214.078
74.81 214.078
74.82 214.078
74.83 214.078
74.84 214.078
74.85 214.078
74.86 214.078
74.87 214.078
74.88 214.078
74.89 214.078
74.9 215.122
74.91 215.122
74.92 215.122
74.93 215.753
74.94 215.753
74.95 218.317
74.96 218.317
74.97 208.807
74.98 212.019
74.99 232.595
75 232.595
75.01 232.105
75.02 247.753
75.03 268.902
75.04 304.138
75.05 295.312
75.06 295.312
75.07 295.312
75.08 295.312
75.09 295.312
75.1 295.312
75.11 295.312
75.12 295.312
75.13 294.561
75.14 294.561
75.15 294.561
75.16 294.561
75.17 294.561
75.18 0
75.19 234.574
75.2 234.574
75.21 234.574
75.22 234.574
75.23 234.574
75.24 234.574
75.25 234.574
75.26 234.574
75.27 234.574
75.28 234.574
75.29 234.574
75.3 0
75.31 0
75.32 216.176
75.33 0
75.34 41.1381
75.35 41.1381
75.36 41.1381
75.37 41.1381
75.38 41.1381
75.39 41.1381
75.4 41.1381
75.41 0
75.42 26.8575
75.43 0
75.44 0
75.45 0
75.46 17.8398
75.47 0
75.48 0
75.49 0
75.5 0
75.51 0
75.52 122.841
75.53 122.841
75.54 122.841
75.55 0
75.56 199.097
75.57 196.875
75.58 196.875
75.59 196.875
75.6 196.875
75.61 196.875
75.62 196.875
75.63 0
75.64 0
75.65 0
75.66 0
75.67 0
75.68 0
75.69 0
75.7 0
75.71 0
75.72 0
75.73 0
75.74 0
75.75 0
75.76 0
75.77 593.654
75.78 591.946
75.79 591.946
75.8 591.946
75.81 591.946
75.82 591.946
75.83 591.946
75.84 591.946
75.85 591.946
75.86 591.946
75.87 591.946
75.88 0
75.89 580.263
75.9 556.818
75.91 556.818
75.92 541.104
75.93 529.2
75.94 535.794
75.95 535.794
75.96 535.794
75.97 535.794
75.98 0
75.99 0
76 177.823
76.01 177.108
76.02 177.108
76.03 173.622
76.04 172.941
76.05 172.941
76.06 172.941
76.07 172.941
76.08 169.615
76.09 169.615
76.1 169.615
76.11 169.615
76.12 169.615
76.13 169.615
76.14 169.615
76.15 168.321
76.16 168.75
76.17 170.364
76.18 170.364
76.19 170.364
76.2 170.364
76.21 170.364
76.22 0
76.23 259.082
76.24 259.158
76.25 259.158
76.26 258.606
76.27 259.194
76.28 258.032
76.29 257.895
76.3 259.412
76.31 259.412
76.32 260.394
76.33 260.754
76.34 261.059
76.35 261.123
76.36 261.204
76.37 261.447
76.38 261.9
76.39 261.758
76.4 262.5
76.41 263.546
76.42 262.5
76.43 262.02
76.44 262.625
76.45 261.02
76.46 259.412
76.47 260.726
76.48 261.855
76.49 262.5
76.5 263.008
76.51 262.674
76.52 262.674
76.53 262.674
76.54 262.674
76.55 264.13
76.56 265.475
76.57 264.216
76.58 263.756
76.59 263.022
76.6 263.688
76.61 264.106
76.62 264.042
76.63 263.148
76.64 264.751
76.65 264.696
76.66 264.696
76.67 264.696
76.68 265.527
76.69 264.557
76.7 264.308
76.71 263.635
76.72 263.351
76.73 263.382
76.74 262.964
76.75 262.976
76.76 263.347
76.77 263.365
76.78 263.441
76.79 264.216
76.8 264.216
76.81 264.216
76.82 264.216
76.83 264.216
76.84 0
76.85 518.824
76.86 521.013
76.87 521.977
76.88 521.613
76.89 523.855
76.9 523.855
76.91 523.855
76.92 522.028
76.93 523.753
76.94 523.398
76.95 526.253
76.96 527.253
76.97 530.154
76.98 530.154
76.99 530.154
77 0
77.01 530.198
77.02 529.076
77.03 528.936
77.04 528.936
77.05 528.936
77.06 528.936
77.07 528.936
77.08 529.785
77.09 525
77.1 529.73
77.11 529.73
77.12 529.73
77.13 525
77.14 522.737
77.15 482.847
77.16 515.789
77.17 521.893
77.18 522.737
77.19 522.737
77.2 522.925
77.21 523.721
77.22 521.893
77.23 523.084
77.24 523.084
77.25 524.671
77.26 523.664
77.27 523.442
77.28 527.933
77.29 529.262
77.3 528.557
77.31 528.318
77.32 528.852
77.33 529.363
77.34 528.465
77.35 527.381
77.36 527.306
77.37 527.197
77.38 528.702
77.39 526.567
77.4 530.899
77.41 530.899
77.42 530.899
77.43 530.899
77.44 530.899
77.45 527.092
77.46 515.187
77.47 522.382
77.48 519.878
77.49 519.319
77.5 521.041
77.51 521.108
77.52 521.737
77.53 521.893
77.54 522.056
77.55 522.017
77.56 520.675
77.57 522
77.58 524.064
77.59 524.792
77.6 525.447
77.61 526.044
77.62 525.162
77.63 529.473
77.64 529.817
77.65 531.325
77.66 522.335
77.67 522.075
77.68 530.899
77.69 530.198
77.7 527.392
77.71 527.392
77.72 527.392
77.73 527.392
77.74 518.824
77.75 529.449
77.76 528.281
77.77 528.566
77.78 528.566
77.79 528.566
77.8 528.45
77.81 527.933
77.82 527.431
77.83 526.792
77.84 528.246
77.85 532.609
77.86 533.621
77.87 530.899
77.88 530.899
77.89 531.726
77.9 531.739
77.91 532.471
77.92 532.471
77.93 531.908
77.94 529.435
77.95 529.412
77.96 529.049
77.97 528.144
77.98 528.144
77.99 528.144
78 528.144
78.01 527.901
78.02 529.981
78.03 529.2
78.04 531.325
78.05 531.325
78.06 525
78.07 525
78.08 523.301
78.09 526.475
78.1 524.287
78.11 524.287
78.12 525
78.13 524.287
78.14 525
78.15 524.244
78.16 525.5
78.17 529.2
78.18 525
78.19 537.805
78.2 529.285
78.21 529.031
78.22 529.031
78.23 529.031
78.24 529.031
78.25 529.031
78.26 0
78.27 176.786
78.28 177.029
78.29 177.029
78.3 177.029
78.31 177.029
78.32 177.029
78.33 177.029
78.34 0
78.35 534.545
78.36 534.545
78.37 530.048
78.38 530.048
78.39 530.048
78.4 530.048
78.41 530.048
78.42 525
78.43 525
78.44 525
78.45 525
78.46 0
78.47 0
78.48 176.4
78.49 176.4
78.5 176.4
78.51 0
78.52 176.4
78.53 0
78.54 277.01
78.55 0
78.56 176.048
78.57 0
78.58 167.681
78.59 169.615
78.6 169.615
78.61 169.615
78.62 169.615
78.63 169.615
78.64 169.615
78.65 169.615
78.66 172.941
78.67 172.941
78.68 172.941
78.69 175
78.7 173.622
78.71 169.615
78.72 169.615
78.73 169.615
78.74 169.615
78.75 169.615
78.76 0
78.77 0
78.78 0
78.79 0
78.8 0
78.81 0
78.82 376.923
78.83 370.588
78.84 376.923
78.85 370.588
78.86 370.588
78.87 410.87
78.88 410.87
78.89 410.87
78.9 410.87
78.91 410.87
78.92 0
78.93 326.667
78.94 310.563
78.95 310.563
78.96 0
78.97 0
78.98 0
78.99 0
79 0
79.01 106.694
79.02 0
79.03 0
79.04 104.173
79.05 103.521
79.06 103.521
79.07 0
79.08 146.026
79.09 146.026
79.1 146.026
79.11 146.026
79.12 146.026
79.13 146.026
79.14 146.026
79.15 146.026
79.16 146.026
79.17 146.026
79.18 0
79.19 33.7156
79.2 0
79.21 16.2851
79.22 0
79.23 97.1366
79.24 0
79.25 373.729
79.26 0
79.27 0
79.28 0
79.29 0
79.3 0
79.31 0
79.32 373.729
79.33 0
79.34 0
79.35 864.706
