0 0
0.01 0
0.02 0
0.03 0
0.04 0
0.05 0
0.06 0
0.07 0
0.08 25.4032
0.09 0
0.1 0
0.11 0
0.12 0
0.13 630
0.14 0
0.15 378.541
0.16 0
0.17 0
0.18 0
0.19 0
0.2 434.055
0.21 434.055
0.22 434.055
0.23 0
0.24 0
0.25 0
0.26 250.568
0.27 0
0.28 0
0.29 537.805
0.3 537.805
0.31 537.805
0.32 537.805
0.33 537.805
0.34 537.805
0.35 537.805
0.36 537.805
0.37 537.805
0.38 537.805
0.39 0
0.4 57.874
0.41 0
0.42 0
0.43 0
0.44 135.943
0.45 135.943
0.46 138.462
0.47 135.971
0.48 137.127
0.49 135.971
0.5 136.392
0.51 136.392
0.52 136.392
0.53 136.392
0.54 126.724
0.55 126.724
0.56 126.724
0.57 0
0.58 0
0.59 0
0.6 0
0.61 0
0.62 0
0.63 0
0.64 0
0.65 424.038
0.66 408.333
0.67 408.333
0.68 424.038
0.69 424.038
0.7 424.038
0.71 408.333
0.72 408.333
0.73 408.333
0.74 0
0.75 388.204
0.76 0
0.77 0
0.78 525
0.79 525
0.8 525
0.81 0
0.82 123.876
0.83 123.876
0.84 123.876
0.85 0
0.86 490
0.87 490
0.88 490
0.89 445.455
0.9 445.455
0.91 445.455
0.92 445.455
0.93 0
0.94 135.276
0.95 135.276
0.96 137.383
0.97 137.383
0.98 137.383
0.99 147.656
1 156.383
1.01 156.383
1.02 186.469
1.03 182.447
1.04 180
1.05 187.442
1.06 187.442
1.07 187.442
1.08 186.233
1.09 186.233
1.1 186.233
1.11 185.964
1.12 194.559
1.13 203.092
1.14 227.32
1.15 231.409
1.16 229.346
1.17 229.346
1.18 228.794
1.19 231.132
1.2 232.328
1.21 234.574
1.22 238.676
1.23 241.148
1.24 241.975
1.25 242.103
1.26 242.103
1.27 244.753
1.28 246.369
1.29 247.475
1.3 249.281
1.31 247.753
1.32 246.96
1.33 247.168
1.34 246.713
1.35 246.321
1.36 246.324
1.37 246.111
1.38 245.848
1.39 245.708
1.4 245.831
1.41 245.956
1.42 245.364
1.43 245.728
1.44 246.494
1.45 247.533
1.46 248.039
1.47 248.171
1.48 248.365
1.49 247.849
1.5 247.84
1.51 247.835
1.52 247.927
1.53 248.022
1.54 248.451
1.55 248.497
1.56 248.523
1.57 248.952
1.58 249.927
1.59 250.274
1.6 250.459
1.61 250.061
1.62 249.455
1.63 248.359
1.64 248.087
1.65 248.051
1.66 247.952
1.67 247.945
1.68 247.945
1.69 247.753
1.7 247.879
1.71 248.081
1.72 248.451
1.73 248.871
1.74 249.478
1.75 249.65
1.76 249.434
1.77 249.434
1.78 249.78
1.79 249.896
1.8 249.858
1.81 250.016
1.82 250.269
1.83 250.638
1.84 250.746
1.85 251.097
1.86 251.401
1.87 251.438
1.88 251.477
1.89 251.483
1.9 251.368
1.91 251.18
1.92 250.663
1.93 250.067
1.94 249.235
1.95 248.58
1.96 247.879
1.97 248.074
1.98 248.166
1.99 248.251
2 248.074
2.01 248.451
2.02 249.505
2.03 251.313
2.04 252.433
2.05 253.63
2.06 255.124
2.07 255.124
2.08 254.283
2.09 250.321
2.1 249.757
2.11 248.952
2.12 247.46
2.13 246.713
2.14 246.828
2.15 246.828
2.16 247.059
2.17 247.1
2.18 247.059
2.19 249.34
2.2 250.162
2.21 250.752
2.22 251.234
2.23 251.174
2.24 251.82
2.25 250.162
2.26 249.811
2.27 249.682
2.28 249.682
2.29 249.682
2.3 249.682
2.31 249.555
2.32 249.794
2.33 249.153
2.34 248.684
2.35 232.105
2.36 229.688
2.37 229.688
2.38 229.688
2.39 229.688
2.4 229.688
2.41 0
2.42 0
2.43 0
2.44 0
2.45 0
2.46 253.448
2.47 247.753
2.48 247.753
2.49 247.753
2.5 247.753
2.51 247.753
2.52 247.753
2.53 247.753
2.54 247.753
2.55 243.377
2.56 242.103
2.57 244.887
2.58 245.435
2.59 245.189
2.6 245.197
2.61 245.223
2.62 244.627
2.63 244.602
2.64 244.649
2.65 244.741
2.66 243.646
2.67 249.281
2.68 248.739
2.69 248.327
2.7 247.241
2.71 247.29
2.72 247.013
2.73 245.63
2.74 245.854
2.75 245.911
2.76 246.303
2.77 246.296
2.78 246.369
2.79 247.059
2.8 247.606
2.81 247.753
2.82 249.318
2.83 248.151
2.84 248.031
2.85 246.45
2.86 246.012
2.87 245.911
2.88 245.937
2.89 245.803
2.9 245.803
2.91 245.819
2.92 245.585
2.93 245.546
2.94 246.565
2.95 247.059
2.96 250.568
2.97 250.568
2.98 247.753
2.99 248.551
3 248.451
3.01 248.451
3.02 248.451
3.03 248.451
3.04 247.475
3.05 248.218
3.06 248.311
3.07 247.5
3.08 247.475
3.09 247.059
3.1 247.059
3.11 247.059
3.12 245.546
3.13 242.308
3.14 236.25
3.15 232.105
3.16 232.105
3.17 232.105
3.18 232.105
3.19 232.105
3.2 247.753
3.21 247.753
3.22 247.753
3.23 244.096
3.24 244.457
3.25 244.457
3.26 244.457
3.27 244.457
3.28 244.457
3.29 244.457
3.3 244.457
3.31 243.646
3.32 245.78
3.33 242.308
3.34 248.488
3.35 248.488
3.36 248.41
3.37 248.497
3.38 248.451
3.39 248.801
3.4 249.434
3.41 249.858
3.42 254.283
3.43 256.395
3.44 259.412
3.45 257.895
3.46 257.895
3.47 257.895
3.48 257.895
3.49 257.895
3.5 257.895
3.51 257.895
3.52 257.895
3.53 257.593
3.54 256.395
3.55 254.913
3.56 253.448
3.57 253.448
3.58 277.358
3.59 277.358
3.6 277.358
3.61 294
3.62 294
3.63 294
3.64 294
3.65 294
3.66 294
3.67 294.655
3.68 281.489
3.69 279.114
3.7 276.778
3.71 276.778
3.72 276.778
3.73 276.778
3.74 276.778
3.75 276.778
3.76 279.114
3.77 276.547
3.78 276.489
3.79 279.663
3.8 280.297
3.81 280.598
3.82 280.766
3.83 281.045
3.84 281.186
3.85 281.321
3.86 281.34
3.87 280.917
3.88 280.783
3.89 280.534
3.9 280.377
3.91 280.111
3.92 279.739
3.93 279.48
3.94 279.114
3.95 279.114
3.96 279.335
3.97 279.335
3.98 279.335
3.99 279.114
4 278.526
4.01 267.814
4.02 253.448
4.03 277.068
4.04 279.114
4.05 272.835
4.06 272.596
4.07 270
4.08 270
4.09 270
4.1 249.434
4.11 251.712
4.12 249.757
4.13 252.722
4.14 247.753
4.15 247.475
4.16 243.646
4.17 241.47
4.18 239.561
4.19 239.561
4.2 237.665
4.21 237.015
4.22 233.333
4.23 233.121
4.24 232.774
4.25 231.073
4.26 231.032
4.27 231.841
4.28 232.166
4.29 232.823
4.3 232.703
4.31 233.398
4.32 232.923
4.33 233.3
4.34 233.439
4.35 232.826
4.36 232.105
4.37 231.063
4.38 230.236
4.39 229.253
4.4 229.499
4.41 229.406
4.42 229.289
4.43 230.421
4.44 230.11
4.45 230.717
4.46 231.896
4.47 232.513
4.48 232.579
4.49 232.402
4.5 232.649
4.51 232.643
4.52 232.225
4.53 232.044
4.54 232.165
4.55 232.463
4.56 232.595
4.57 232.763
4.58 232.411
4.59 232.75
4.6 232.763
4.61 232.411
4.62 232.168
4.63 231.913
4.64 231.983
4.65 232.046
4.66 232.404
4.67 232.595
4.68 232.9
4.69 233.233
4.7 234.09
4.71 234.432
4.72 233.902
4.73 233.952
4.74 233.439
4.75 232.718
4.76 232.427
4.77 232.043
4.78 231.464
4.79 231.232
4.8 231.253
4.81 231.618
4.82 231.931
4.83 232.463
4.84 233.272
4.85 234.014
4.86 234.21
4.87 234.51
4.88 234.713
4.89 234.646
4.9 234.135
4.91 233.793
4.92 233.72
4.93 232.595
4.94 231.73
4.95 231.808
4.96 231.557
4.97 231.689
4.98 232.046
4.99 232.35
5 232.685
5.01 233.157
5.02 233.642
5.03 233.797
5.04 233.932
5.05 233.911
5.06 233.772
5.07 233.373
5.08 233.102
5.09 233.016
5.1 233.063
5.11 233.148
5.12 233.392
5.13 233.463
5.14 233.581
5.15 233.608
5.16 233.581
5.17 233.596
5.18 233.298
5.19 232.735
5.2 232.402
5.21 232.377
5.22 232.105
5.23 232.044
5.24 232.046
5.25 232.165
5.26 232.227
5.27 232.404
5.28 232.703
5.29 232.534
5.3 232.823
5.31 232.943
5.32 233.148
5.33 233.183
5.34 233.275
5.35 233.238
5.36 233.367
5.37 233.398
5.38 233.369
5.39 233.5
5.4 233.659
5.41 233.651
5.42 233.5
5.43 233.471
5.44 233.3
5.45 233.272
5.46 233.098
5.47 233.025
5.48 233.003
5.49 232.864
5.5 232.779
5.51 232.902
5.52 232.805
5.53 232.848
5.54 232.866
5.55 232.988
5.56 233.009
5.57 232.971
5.58 233.049
5.59 232.923
5.6 232.105
5.61 224.237
5.62 225
5.63 228.497
5.64 232.105
5.65 232.105
5.66 232.105
5.67 228.497
5.68 228.497
5.69 230.167
5.7 227.789
5.71 237.097
5.72 237.097
5.73 237.097
5.74 206.075
5.75 213.043
5.76 213.043
5.77 213.043
5.78 213.043
5.79 213.043
5.8 0
5.81 404.587
5.82 404.587
5.83 404.587
5.84 0
5.85 0
5.86 0
5.87 735
5.88 735
5.89 735
5.9 0
5.91 0
5.92 0
5.93 0
5.94 0
5.95 0
5.96 0
5.97 0
5.98 0
5.99 0
6 0
6.01 0
6.02 0
6.03 0
6.04 0
6.05 0
6.06 0
6.07 0
6.08 0
6.09 0
6.1 0
6.11 0
6.12 0
6.13 0
6.14 0
6.15 0
6.16 0
6.17 0
6.18 450
6.19 438.079
6.2 411.381
6.21 432.353
6.22 432.353
6.23 432.353
6.24 432.353
6.25 0
6.26 0
6.27 45.6522
6.28 46.3235
6.29 46.3235
6.3 0
6.31 63.913
6.32 63.913
6.33 63.913
6.34 63.913
6.35 65.1083
6.36 65.0826
6.37 65.0826
6.38 64.5996
6.39 63.3621
6.4 63.3621
6.41 63.3621
6.42 63.3621
6.43 0
6.44 104.091
6.45 104.091
6.46 104.091
6.47 104.091
6.48 104.091
6.49 104.091
6.5 103.765
6.51 104.502
6.52 89.2713
6.53 89.2713
6.54 89.2713
6.55 102.32
6.56 102.32
6.57 102.32
6.58 102.32
6.59 0
6.6 139.361
6.61 138.679
6.62 138.679
6.63 0
6.64 206.075
6.65 0
6.66 207.367
6.67 201.37
6.68 201.37
6.69 201.37
6.7 201.37
6.71 199.548
6.72 208.019
6.73 208.019
6.74 193.421
6.75 193.421
6.76 193.421
6.77 193.421
6.78 0
6.79 137.812
6.8 137.812
6.81 137.812
6.82 0
6.83 102.415
6.84 102.618
6.85 102.618
6.86 102.618
6.87 102.717
6.88 102.977
6.89 103.158
6.9 103.521
6.91 103.521
6.92 103.359
6.93 103.037
6.94 103.037
6.95 103.037
6.96 102.717
6.97 102.717
6.98 102.717
6.99 101.895
7 102.241
7.01 102.797
7.02 101.989
7.03 102.558
7.04 102.558
7.05 102.749
7.06 102.717
7.07 102.717
7.08 102.717
7.09 102.749
7.1 102.941
7.11 102.877
7.12 103.591
7.13 104.403
7.14 103.313
7.15 103.098
7.16 103.098
7.17 103.359
7.18 103.359
7.19 103.359
7.2 103.359
7.21 103.359
7.22 0
7.23 408.333
7.24 408.333
7.25 408.333
7.26 408.333
7.27 408.333
7.28 408.333
7.29 408.333
7.3 413.438
7.31 414.085
7.32 414.085
7.33 414.085
7.34 414.085
7.35 411.295
7.36 411.189
7.37 410.233
7.38 410.233
7.39 410.233
7.4 0
7.41 102.385
7.42 102.32
7.43 102.32
7.44 102.558
7.45 102.729
7.46 102.797
7.47 102.997
7.48 103.074
7.49 103.072
7.5 103.106
7.51 103.198
7.52 103.198
7.53 103.134
7.54 103.134
7.55 103.037
7.56 103.037
7.57 103.037
7.58 101.613
7.59 101.613
7.6 102.083
7.61 102.558
7.62 102.558
7.63 102.558
7.64 102.558
7.65 102.558
7.66 103.037
7.67 103.037
7.68 103.037
7.69 103.037
7.7 103.037
7.71 0
7.72 200.314
7.73 202.294
7.74 202.294
7.75 0
7.76 101.108
7.77 100.882
7.78 100.944
7.79 100.89
7.8 100.823
7.81 100.685
7.82 100.57
7.83 100.403
7.84 99.7738
7.85 99.7738
7.86 99.7738
7.87 99.7738
7.88 99.7738
7.89 99.7738
7.9 99.7738
7.91 99.7738
7.92 99.7738
7.93 99.7738
7.94 99.7738
7.95 99.7738
7.96 99.7738
7.97 100
7.98 100
7.99 100
8 100.227
8.01 100.227
8.02 100.227
8.03 100.227
8.04 100.227
8.05 0
8.06 211.342
8.07 228.103
8.08 226.852
8.09 226.852
8.1 226.852
8.11 0
8.12 38.549
8.13 0
8.14 76.9634
8.15 0
8.16 0
8.17 76.9634
8.18 77.5044
8.19 77.5044
8.2 0
8.21 102.083
8.22 102.083
8.23 102.717
8.24 102.717
8.25 104.009
8.26 104.009
8.27 104.009
8.28 0
8.29 0
8.3 479.348
8.31 0
8.32 98.8789
8.33 0
8.34 130.861
8.35 130.861
8.36 130.861
8.37 130.861
8.38 130.861
8.39 130.861
8.4 130.861
8.41 0
8.42 281.969
8.43 281.969
8.44 281.969
8.45 274.481
8.46 262.5
8.47 262.5
8.48 262.5
8.49 262.5
8.5 0
8.51 0
8.52 0
8.53 0
8.54 0
8.55 0
8.56 0
8.57 65.625
8.58 65.4303
8.59 65.4303
8.6 0
8.61 129.961
8.62 0
8.63 26.2188
8.64 0
8.65 17.8832
8.66 0
8.67 66.8688
8.68 66.8688
8.69 66.8688
8.7 66.8688
8.71 66.8688
8.72 66.8688
8.73 66.7676
8.74 66.6566
8.75 66.6566
8.76 66.8182
8.77 66.8182
8.78 77.0081
8.79 66.5158
8.8 66.5158
8.81 66.5158
8.82 66.5158
8.83 66.5158
8.84 0
8.85 288.235
8.86 312.028
8.87 312.028
8.88 0
8.89 0
8.9 0
8.91 134.451
8.92 134.451
8.93 134.451
8.94 0
8.95 134.451
8.96 134.451
8.97 135.276
8.98 134.686
8.99 134.043
9 132.831
9.01 132.831
9.02 134.921
9.03 134.287
9.04 134.247
9.05 134.11
9.06 133.975
9.07 133.886
9.08 133.839
9.09 133.839
9.1 133.636
9.11 133.636
9.12 133.907
9.13 133.961
9.14 134.451
9.15 134.451
9.16 134.451
9.17 134.451
9.18 134.451
9.19 0
9.2 288.445
9.21 288.613
9.22 288.613
9.23 0
9.24 149.275
9.25 0
9.26 0
9.27 0
9.28 0
9.29 81.3653
9.3 0
9.31 279.114
9.32 279.114
9.33 279.114
9.34 279.114
9.35 279.114
9.36 279.114
9.37 279.114
9.38 279.114
9.39 272.222
9.4 282.692
9.41 282.692
9.42 282.692
9.43 282.692
9.44 282.692
9.45 0
9.46 123.876
9.47 0
9.48 618.224
9.49 0
9.5 0
9.51 608.276
9.52 0
9.53 600
9.54 565.385
9.55 565.385
9.56 565.385
9.57 565.385
9.58 0
9.59 152.595
9.6 152.595
9.61 152.595
9.62 152.595
9.63 153.125
9.64 155.282
9.65 154.196
9.66 154.196
9.67 154.196
9.68 154.196
9.69 154.196
9.7 154.196
9.71 0
9.72 0
9.73 0
9.74 0
9.75 79.6029
9.76 79.6029
9.77 79.6029
9.78 0
9.79 122.727
9.8 0
9.81 122.198
9.82 122.198
9.83 122.33
9.84 123.876
9.85 122.5
9.86 122.5
9.87 122.5
9.88 122.5
9.89 0
9.9 0
9.91 310.563
9.92 0
9.93 218.317
9.94 257.895
9.95 257.895
9.96 257.895
9.97 257.895
9.98 0
9.99 0
10 224.346
10.01 0
10.02 253.448
10.03 0
10.04 0
10.05 157.126
10.06 155.83
10.07 150.683
10.08 150.683
10.09 150.683
10.1 0
10.11 80.0363
10.12 79.6029
10.13 79.8913
10.14 79.8913
10.15 79.8913
10.16 79.8913
10.17 79.8913
10.18 80.4745
10.19 80.7692
10.2 80.7692
10.21 78.1915
10.22 79.6029
10.23 80.0363
10.24 80.0363
10.25 80.0363
10.26 80.0363
10.27 80.0363
10.28 80.0363
10.29 80.0363
10.3 80.1818
10.31 79.8913
10.32 79.8913
10.33 79.8913
10.34 79.8913
10.35 79.6029
10.36 79.6029
10.37 79.8087
10.38 79.6851
10.39 79.6851
10.4 79.6851
10.41 79.6851
10.42 79.644
10.43 79.644
10.44 78.7902
10.45 78.7902
10.46 78.7902
10.47 0
10.48 80.1235
10.49 80.0073
10.5 80.0073
10.51 0
10.52 0
10.53 80.1818
10.54 80.1818
10.55 80.1818
10.56 80.1818
10.57 80.1818
10.58 80.1818
10.59 79.0323
10.6 79.0323
10.61 69.3396
10.62 79.5311
10.63 79.5311
10.64 79.3165
10.65 69.3396
10.66 69.3396
10.67 69.3396
10.68 69.3396
10.69 0
10.7 248.451
10.71 248.451
10.72 248.451
10.73 0
10.74 43.866
10.75 43.866
10.76 43.866
10.77 43.866
10.78 43.866
10.79 43.866
10.8 43.866
10.81 43.866
10.82 43.866
10.83 0
10.84 0
10.85 487.832
10.86 0
10.87 242.663
10.88 241.928
10.89 240.984
10.9 240.896
10.91 240.796
10.92 240.796
10.93 240.796
10.94 240.764
10.95 241.13
10.96 239.674
10.97 239.674
10.98 242.308
10.99 242.718
11 242.485
11.01 241.928
11.02 242.808
11.03 242.808
11.04 241.776
11.05 242.808
11.06 241.776
11.07 242.841
11.08 242.689
11.09 242.841
11.1 238.809
11.11 240.984
11.12 245
11.13 245
11.14 245
11.15 247.753
11.16 247.753
11.17 247.753
11.18 247.753
11.19 247.753
11.2 247.753
11.21 250.568
11.22 250.568
11.23 250.568
11.24 251.521
11.25 256.395
11.26 233.746
11.27 236.25
11.28 233.333
11.29 232.105
11.3 232.105
11.31 232.105
11.32 232.105
11.33 232.105
11.34 232.105
11.35 0
11.36 116.053
11.37 0
11.38 33.3964
11.39 0
11.4 235.409
11.41 235.409
11.42 235.409
11.43 235.409
11.44 235.409
11.45 235.409
11.46 234.574
11.47 234.574
11.48 234.574
11.49 234.574
11.5 234.574
11.51 0
11.52 78.0992
11.53 79.4595
11.54 79.4595
11.55 79.4595
11.56 79.4595
11.57 79.5072
11.58 79.5072
11.59 79.4595
11.6 79.4595
11.61 79.4595
11.62 79.4595
11.63 79.4595
11.64 0
11.65 541.769
11.66 551.25
11.67 551.25
11.68 554.02
11.69 554.02
11.7 544.444
11.71 542.213
11.72 556.818
11.73 540.441
11.74 537.805
11.75 537.805
11.76 537.805
11.77 537.805
11.78 537.805
11.79 0
11.8 80.7692
11.81 0
11.82 0
11.83 81.0662
11.84 80.1818
11.85 79.6029
11.86 79.0323
11.87 79.4118
11.88 79.4118
11.89 79.3165
11.9 79.3165
11.91 79.3165
11.92 79.3165
11.93 80.1818
11.94 80.1818
11.95 80.1818
11.96 80.1818
11.97 80.1818
11.98 80.1818
11.99 0
12 243.646
12.01 243.646
12.02 245
12.03 229.688
12.04 235.577
12.05 212.019
12.06 212.019
12.07 250.568
12.08 250.568
12.09 264.072
12.1 262.5
12.11 262.5
12.12 262.5
12.13 262.5
12.14 262.5
12.15 0
12.16 85.1351
12.17 85.1351
12.18 85.1351
12.19 0
12.2 0
12.21 0
12.22 250.568
12.23 250.568
12.24 250.568
12.25 0
12.26 0
12.27 250.568
12.28 0
12.29 247.753
12.3 0
12.31 490
12.32 491.561
12.33 492.188
12.34 492.188
12.35 490
12.36 481.091
12.37 479.348
12.38 479.348
12.39 484.615
12.4 486.818
12.41 489.223
12.42 488.552
12.43 487.967
12.44 487.967
12.45 490.727
12.46 497.101
12.47 497.101
12.48 502.278
12.49 502.278
12.5 482.847
12.51 499.245
12.52 502.405
12.53 499.515
12.54 499.515
12.55 485.95
12.56 485.95
12.57 484.615
12.58 484.615
12.59 459.375
12.6 483.288
12.61 483.288
12.62 484.615
12.63 484.615
12.64 484.615
12.65 484.615
12.66 484.615
12.67 484.615
12.68 0
12.69 506.897
12.7 508.846
12.71 508.846
12.72 508.846
12.73 508.846
12.74 508.846
12.75 508.846
12.76 508.846
12.77 501.136
12.78 501.136
12.79 490
12.8 490
12.81 490
12.82 490
12.83 0
12.84 0
12.85 490
12.86 0
12.87 0
12.88 0
12.89 469.149
12.9 0
12.91 445.455
12.92 0
12.93 132.036
12.94 132.036
12.95 132.036
12.96 132.036
12.97 132.036
12.98 131.773
12.99 131.773
13 131.773
13.01 131.773
13.02 0
13.03 173.168
13.04 171.818
13.05 171.818
13.06 0
13.07 0
13.08 0
13.09 194.886
13.1 194.917
13.11 194.917
13.12 0
13.13 191.739
13.14 0
13.15 104.751
13.16 104.751
13.17 104.751
13.18 106.214
13.19 104.751
13.2 105.167
13.21 104.009
13.22 104.009
13.23 104.009
13.24 104.009
13.25 104.009
13.26 0
13.27 32.4742
13.28 0
13.29 0
13.3 40.9851
13.31 0
13.32 94.6352
13.33 0
13.34 0
13.35 94.6352
13.36 94.6352
13.37 94.6352
13.38 0
13.39 94.6352
13.4 0
13.41 0
13.42 0
13.43 0
13.44 0
13.45 0
13.46 0
13.47 76.7624
13.48 0
13.49 0
13.5 0
13.51 158.96
13.52 158.96
13.53 158.96
13.54 159.206
13.55 159.206
13.56 159.206
13.57 159.014
13.58 158.633
13.59 158.633
13.6 161.243
13.61 161.42
13.62 161.341
13.63 162.132
13.64 162.331
13.65 162
13.66 162
13.67 162
13.68 162
13.69 161.962
13.7 161.962
13.71 162.132
13.72 160.949
13.73 160.558
13.74 157.5
13.75 157.5
13.76 157.5
13.77 157.5
13.78 157.5
13.79 0
13.8 668.182
13.81 0
13.82 162.431
13.83 0
13.84 0
13.85 162.431
13.86 0
13.87 161.538
13.88 160.656
13.89 160.656
13.9 159.783
13.91 159.783
13.92 159.783
13.93 159.783
13.94 159.783
13.95 159.783
13.96 159.783
13.97 147
13.98 147
13.99 127.539
14 127.016
14.01 127.016
14.02 127.016
14.03 127.016
14.04 127.016
14.05 126.103
14.06 126.103
14.07 126.103
14.08 0
14.09 0
14.1 0
14.11 537.805
14.12 0
14.13 253.448
14.14 251.521
14.15 251.521
14.16 251.521
14.17 251.521
14.18 0
14.19 484.615
14.2 0
14.21 484.615
14.22 484.615
14.23 484.615
14.24 484.615
14.25 484.615
14.26 482.847
14.27 512.791
14.28 512.791
14.29 512.791
14.3 512.791
14.31 512.791
14.32 0
14.33 47.1154
14.34 47.1154
14.35 47.1154
14.36 0
14.37 275.134
14.38 272.222
14.39 272.222
14.4 0
14.41 252.16
14.42 252.131
14.43 250.284
14.44 250.284
14.45 250.284
14.46 250.284
14.47 250.284
14.48 252.131
14.49 253.448
14.5 250.568
14.51 250.568
14.52 250.568
14.53 250.568
14.54 250.568
14.55 0
14.56 238.809
14.57 238.809
14.58 238.809
14.59 238.378
14.6 238.378
14.61 238.378
14.62 238.378
14.63 238.378
14.64 237.097
14.65 239.674
14.66 239.674
14.67 240.721
14.68 239.674
14.69 240.721
14.7 239.674
14.71 240.721
14.72 247.753
14.73 241.172
14.74 241.172
14.75 272.222
14.76 262.5
14.77 262.5
14.78 262.5
14.79 272.222
14.8 259.848
14.81 259.031
14.82 259.031
14.83 259.031
14.84 255.8
14.85 249.555
14.86 252.619
14.87 249.281
14.88 246.45
14.89 244.547
14.9 244.373
14.91 244.806
14.92 244.582
14.93 246.369
14.94 251.282
14.95 251.282
14.96 251.282
14.97 251.282
14.98 251.282
14.99 247.753
15 247.753
15.01 247.753
15.02 247.753
15.03 247.753
15.04 0
15.05 60.2459
15.06 60.2459
15.07 60.2459
15.08 0
15.09 120.492
15.1 0
15.11 34.3102
15.12 0
15.13 535.194
15.14 535.194
15.15 535.194
15.16 0
15.17 246.025
15.18 247.444
15.19 248.871
15.2 248.26
15.21 248.26
15.22 266.734
15.23 266.734
15.24 266.734
15.25 266.734
15.26 0
15.27 79.8335
15.28 79.8335
15.29 79.819
15.3 79.8913
15.31 80.0363
15.32 80.0363
15.33 80.0363
15.34 80.0363
15.35 80.0363
15.36 80.0363
15.37 0
15.38 549.533
15.39 0
15.4 550.231
15.41 0
15.42 275.963
15.43 276.15
15.44 275.97
15.45 276.407
15.46 276.568
15.47 276.639
15.48 276.558
15.49 276.352
15.5 276.826
15.51 276.671
15.52 276.884
15.53 276.431
15.54 275.562
15.55 275.082
15.56 274.737
15.57 274.522
15.58 274.689
15.59 273.913
15.6 273.913
15.61 262.5
15.62 288.235
15.63 283.298
15.64 283.298
15.65 280
15.66 350
15.67 369.811
15.68 369.811
15.69 369.811
15.7 369.811
15.71 373.729
15.72 373.729
15.73 373.729
15.74 373.729
15.75 386.842
15.76 386.842
15.77 386.842
15.78 386.842
15.79 386.842
15.8 386.842
15.81 386.842
15.82 386.842
15.83 0
15.84 106.35
15.85 107.299
15.86 107.299
15.87 107.299
15.88 107.736
15.89 105.629
15.9 113.66
15.91 113.66
15.92 113.66
15.93 113.66
15.94 113.66
15.95 118.005
15.96 118.442
15.97 118.932
15.98 118.932
15.99 118.932
16 118.932
16.01 118.932
16.02 0
16.03 156.605
16.04 156.161
16.05 156.161
16.06 156.161
16.07 156.161
16.08 155.83
16.09 155.83
16.1 155.282
16.11 138.679
16.12 157.219
16.13 158.633
16.14 158.633
16.15 158.633
16.16 158.633
16.17 158.633
16.18 158.633
16.19 158.633
16.2 159.206
16.21 159.206
16.22 159.206
16.23 159.206
16.24 159.206
16.25 0
16.26 126
16.27 126.906
16.28 126.906
16.29 127.604
16.3 127.604
16.31 127.212
16.32 127.212
16.33 127.212
16.34 127.212
16.35 0
16.36 53.3468
16.37 53.0048
16.38 53.0048
16.39 53.0048
16.4 53.0048
16.41 0
16.42 256.395
16.43 0
16.44 0
16.45 260.433
16.46 247.753
16.47 247.753
16.48 242.308
16.49 245
16.5 245
16.51 245
16.52 0
16.53 80.2791
16.54 80.2791
16.55 80.2791
16.56 80.2791
16.57 80.2791
16.58 0
16.59 60.9959
16.6 60.9959
16.61 60.9959
16.62 60.9959
16.63 60.9959
16.64 60.9959
16.65 60.9959
16.66 0
16.67 0
16.68 0
16.69 0
16.7 0
16.71 0
16.72 0
16.73 0
16.74 258.398
16.75 0
16.76 0
16.77 0
16.78 0
16.79 80.4745
16.8 80.7101
16.81 80.7101
16.82 80.109
16.83 80.109
16.84 80.1818
16.85 80.1818
16.86 80.1818
16.87 80.1818
16.88 0
16.89 251.521
16.9 251.521
16.91 251.521
16.92 251.521
16.93 251.521
16.94 243.646
16.95 243.646
16.96 243.31
16.97 243.31
16.98 241.115
16.99 243.646
17 243.646
17.01 243.646
17.02 243.646
17.03 0
17.04 60.8444
17.05 60.8444
17.06 60.9537
17.07 60.9116
17.08 60.9116
17.09 61.3523
17.1 61.4634
17.11 61.0803
17.12 61.0803
17.13 61.0803
17.14 61.0803
17.15 61.0803
17.16 61.0803
17.17 0
17.18 284.779
17.19 284.779
17.2 283.906
17.21 283.906
17.22 283.906
17.23 280.729
17.24 275.625
17.25 272.784
17.26 270.552
17.27 270.552
17.28 270.552
17.29 270.552
17.3 270.552
17.31 0
17.32 66.8182
17.33 66.8182
17.34 66.8857
17.35 66.8857
17.36 66.8857
17.37 66.8857
17.38 67.0213
17.39 67.0213
17.4 67.0213
17.41 66.9196
17.42 66.7676
17.43 66.7676
17.44 66.7676
17.45 66.7676
17.46 66.7676
17.47 0
17.48 0
17.49 53.978
17.5 0
17.51 182.447
17.52 0
17.53 272.528
17.54 271.887
17.55 270
17.56 266.465
17.57 266.465
17.58 266.465
17.59 266.465
17.6 263.126
17.61 259.921
17.62 256.822
17.63 256.822
17.64 254.032
17.65 245
17.66 245
17.67 245
17.68 245
17.69 242.308
17.7 242.308
17.71 242.308
17.72 252.481
17.73 250.976
17.74 249.505
17.75 248.031
17.76 248.031
17.77 247.753
17.78 247.753
17.79 247.753
17.8 243.916
17.81 243.916
17.82 243.839
17.83 243.839
17.84 243.839
17.85 243.497
17.86 243.497
17.87 243.796
17.88 243.05
17.89 243.567
17.9 244.321
17.91 244.186
17.92 244.638
17.93 243.557
17.94 243.646
17.95 243.75
17.96 244.186
17.97 244.66
17.98 245.546
17.99 245.546
18 245.546
18.01 245.546
18.02 242.901
18.03 242.901
18.04 251.521
18.05 249.858
18.06 249.858
18.07 249.858
18.08 249.858
18.09 249.858
18.1 249.858
18.11 249.858
18.12 249.858
18.13 239.674
18.14 233.333
18.15 233.333
18.16 233.333
18.17 233.333
18.18 231.193
18.19 228.103
18.2 226.652
18.21 226.652
18.22 226.652
18.23 224.085
18.24 224.085
18.25 224.085
18.26 224.085
18.27 224.085
18.28 220.5
18.29 220.5
18.3 222.727
18.31 222.727
18.32 220.5
18.33 267.273
18.34 267.273
18.35 225
18.36 225
18.37 226.386
18.38 226.386
18.39 226.386
18.4 226.386
18.41 226.386
18.42 226.386
18.43 226.386
18.44 226.386
18.45 0
18.46 209.501
18.47 208.019
18.48 216.176
18.49 216.176
18.5 190.086
18.51 190.086
18.52 190.086
18.53 0
18.54 454.639
18.55 0
18.56 490
18.57 0
18.58 129.136
18.59 0
18.6 134.451
18.61 0
18.62 137.127
18.63 138.971
18.64 142.156
18.65 142.156
18.66 142.156
18.67 142.156
18.68 143.298
18.69 147.164
18.7 147.987
18.71 147.987
18.72 147.987
18.73 147.987
18.74 147.987
18.75 0
18.76 75.7732
18.77 75.7732
18.78 75.7732
18.79 75.7732
18.8 75.7732
18.81 75.7732
18.82 76.2976
18.83 76.2976
18.84 76.2976
18.85 76.2976
18.86 76.2976
18.87 0
18.88 0
18.89 256.395
18.9 0
18.91 525
18.92 0
18.93 262.5
18.94 0
18.95 532.241
18.96 532.241
18.97 525
18.98 539.685
18.99 539.685
19 539.685
19.01 539.685
19.02 538.626
19.03 536.714
19.04 541.104
19.05 541.104
19.06 537.805
19.07 537.805
19.08 537.805
19.09 534.545
19.1 534.545
19.11 534.545
19.12 534.545
19.13 534.545
19.14 525
19.15 558.228
19.16 558.228
19.17 561.783
19.18 561.783
19.19 561.783
19.2 561.783
19.21 561.783
19.22 559.645
19.23 553.556
19.24 551.25
19.25 551.25
19.26 537.805
19.27 533.468
19.28 534.545
19.29 540
19.3 546.694
19.31 546.694
19.32 541.104
19.33 544.444
19.34 544.444
19.35 544.444
19.36 547.146
19.37 547.146
19.38 547.146
19.39 546.694
19.4 544.444
19.41 544.444
19.42 558.228
19.43 558.228
19.44 565.385
19.45 551.25
19.46 551.25
19.47 551.25
19.48 546.694
19.49 546.694
19.5 546.694
19.51 546.694
19.52 0
19.53 67.7766
19.54 67.8114
19.55 67.8462
19.56 67.9245
19.57 67.9357
19.58 67.9507
19.59 67.9716
19.6 68.0136
19.61 68.0136
19.62 67.8879
19.63 67.8984
19.64 67.8984
19.65 67.8984
19.66 67.8984
19.67 67.8984
19.68 0
19.69 275.625
19.7 275.052
19.71 275.052
19.72 275.052
19.73 276.489
19.74 277.941
19.75 275.625
19.76 275.625
19.77 275.625
19.78 275.625
19.79 275.625
19.8 273.065
19.81 273.065
19.82 273.065
19.83 273.065
19.84 273.065
19.85 273.573
19.86 273.573
19.87 273.573
19.88 275.052
19.89 265.663
19.9 265.663
19.91 265.663
19.92 265.663
19.93 265.663
19.94 265.663
19.95 265.663
19.96 265.663
19.97 265.663
19.98 256.395
19.99 248.551
20 248.351
20.01 249.153
20.02 247.952
20.03 247.952
20.04 247.579
20.05 247.29
20.06 246.886
20.07 246.886
20.08 246.886
20.09 0
20.1 503.425
20.11 0
20.12 99.0269
20.13 0
20.14 0
20.15 51.7606
20.16 0
20.17 522.512
20.18 522.512
20.19 522.512
20.2 465.19
20.21 465.19
20.22 465.19
20.23 580.263
20.24 521.893
20.25 525.569
20.26 525.569
20.27 525.569
20.28 525.569
20.29 525.569
20.3 525.569
20.31 525.569
20.32 516.797
20.33 520.047
20.34 508.846
20.35 475.095
20.36 478.8
20.37 492.188
20.38 492.188
20.39 537.805
20.4 542.213
20.41 542.213
20.42 551.25
20.43 534.083
20.44 525
20.45 525
20.46 532.241
20.47 532.241
20.48 532.241
20.49 532.241
20.5 532.241
20.51 0
20.52 122.597
20.53 122.191
20.54 122.245
20.55 122.191
20.56 122.191
20.57 122.191
20.58 122.191
20.59 0
20.6 573.3
20.61 0
20.62 0
20.63 0
20.64 543.326
20.65 535.742
20.66 535.742
20.67 0
20.68 542.475
20.69 0
20.7 0
20.71 98.6577
20.72 0
20.73 157.951
20.74 0
20.75 148.986
20.76 0
20.77 0
20.78 122.614
20.79 122.614
20.8 122.5
20.81 122.5
20.82 122.5
20.83 122.67
20.84 122.784
20.85 122.868
20.86 122.898
20.87 122.91
20.88 122.988
20.89 123.184
20.9 123.184
20.91 123.037
20.92 123.013
20.93 122.927
20.94 122.927
20.95 122.744
20.96 122.781
20.97 122.741
20.98 122.727
20.99 122.727
21 123.253
21.01 122.803
21.02 123.013
21.03 123.184
21.04 123.184
21.05 123.184
21.06 123.184
21.07 123.529
21.08 123.529
21.09 123.529
21.1 123.529
21.11 123.529
21.12 123.184
21.13 123.086
21.14 123.026
21.15 123.026
21.16 122.792
21.17 122.792
21.18 122.792
21.19 122.792
21.2 0
21.21 0
21.22 124.155
21.23 124.155
21.24 124.275
21.25 124.459
21.26 124.459
21.27 124.459
21.28 124.811
21.29 132.831
21.3 132.831
21.31 132.831
21.32 132.831
21.33 0
21.34 580.263
21.35 580.263
21.36 580.263
21.37 580.263
21.38 576.471
21.39 580.263
21.4 580.263
21.41 580.263
21.42 551.25
21.43 551.25
21.44 551.25
21.45 591.946
21.46 591.946
21.47 591.946
21.48 0
21.49 282.692
21.5 282.692
21.51 282.692
21.52 0
21.53 186.864
21.54 186.864
21.55 186.864
21.56 0
21.57 185.294
21.58 0
21.59 137.812
21.6 0
21.61 268.902
21.62 268.902
21.63 268.902
21.64 268.902
21.65 268.902
21.66 0
21.67 0
21.68 0
21.69 0
21.7 0
21.71 0
21.72 0
21.73 0
21.74 0
21.75 0
21.76 180.738
21.77 177.823
21.78 180.738
21.79 180.738
21.8 180.738
21.81 180.738
21.82 180.738
21.83 180.738
21.84 180.738
21.85 180.738
21.86 0
21.87 0
21.88 257.895
21.89 257.895
21.9 255.97
21.91 254.619
21.92 255.208
21.93 252.867
21.94 252.867
21.95 252.867
21.96 257.679
21.97 257.679
21.98 259.412
21.99 259.412
22 256.993
22.01 256.993
22.02 256.993
22.03 256.993
22.04 256.993
22.05 0
22.06 0
22.07 0
22.08 0
22.09 0
22.1 160.364
22.11 159.014
22.12 159.014
22.13 159.014
22.14 159.014
22.15 159.014
22.16 159.014
22.17 159.014
22.18 158.919
22.19 158.633
22.2 159.783
22.21 159.783
22.22 162.331
22.23 163.788
22.24 163.788
22.25 163.788
22.26 163.788
22.27 163.788
22.28 0
22.29 0
22.3 250.568
22.31 0
22.32 81.6667
22.33 81.5911
22.34 81.3108
22.35 81.1204
22.36 81.2582
22.37 81.2903
22.38 81.502
22.39 81.3653
22.4 81.3841
22.41 81.3853
22.42 81.4054
22.43 81.4054
22.44 81.4154
22.45 81.4473
22.46 81.0662
22.47 81.0662
22.48 81.9094
22.49 82.8947
22.5 83.7342
22.51 83.9041
22.52 83.9041
22.53 84.5908
22.54 84.5908
22.55 82.6875
22.56 82.3529
22.57 82.0923
22.58 82.0923
22.59 82.0923
22.6 0
22.61 163.333
22.62 0
22.63 0
22.64 161.341
22.65 165.789
22.66 165.789
22.67 0
22.68 60.5769
22.69 60.6483
22.7 60.8156
22.71 60.8156
22.72 60.7438
22.73 61.0803
22.74 62.642
22.75 62.642
22.76 62.642
22.77 62.642
22.78 62.642
22.79 0
22.8 97.5664
22.81 97.5664
22.82 97.5664
22.83 97.5664
22.84 97.5664
22.85 97.5664
22.86 97.5664
22.87 0
22.88 159.288
22.89 159.091
22.9 159.091
22.91 0
22.92 251.521
22.93 245.546
22.94 245
22.95 246.369
22.96 246.369
22.97 246.369
22.98 246.369
22.99 246.369
23 246.565
23.01 244.547
23.02 248.451
23.03 248.311
23.04 246.369
23.05 246.369
23.06 249.309
23.07 246.96
23.08 246.094
23.09 246.094
23.1 246.094
23.11 246.094
23.12 242.901
23.13 242.901
23.14 242.901
23.15 242.689
23.16 241.776
23.17 241.644
23.18 241.644
23.19 241.644
23.2 245
23.21 208.019
23.22 208.019
23.23 208.019
23.24 208.019
23.25 208.019
23.26 0
23.27 265.663
23.28 245.682
23.29 238.194
23.3 237.736
23.31 239.096
23.32 239.096
23.33 239.096
23.34 239.096
23.35 239.096
23.36 239.096
23.37 239.674
23.38 237.95
23.39 237.95
23.4 237.95
23.41 237.95
23.42 237.95
23.43 0
23.44 76.2976
23.45 0
23.46 218.317
23.47 218.317
23.48 217.241
23.49 217.241
23.5 217.241
23.51 214.078
23.52 214.078
23.53 225
23.54 220.5
23.55 220.5
23.56 220.5
23.57 220.5
23.58 220.5
23.59 220.5
23.6 220.5
23.61 220.5
23.62 220.5
23.63 219.403
23.64 219.403
23.65 219.403
23.66 223.858
23.67 228.103
23.68 227.907
23.69 228.734
23.7 228.734
23.71 228.734
23.72 228.734
23.73 228.734
23.74 228.734
23.75 229.688
23.76 227.789
23.77 226.154
23.78 220.5
23.79 220.5
23.8 220.5
23.81 220.5
23.82 220.5
23.83 220.5
23.84 220.5
23.85 220.5
23.86 220.5
23.87 220.5
23.88 221.709
23.89 221.709
23.9 221.709
23.91 221.709
23.92 226.67
23.93 227.5
23.94 227.515
23.95 226.259
23.96 227.58
23.97 221.386
23.98 221.237
23.99 220.942
24 221.053
24.01 221.98
24.02 218.317
24.03 242.308
24.04 247.197
24.05 234.574
24.06 234.574
24.07 234.574
24.08 242.308
24.09 242.308
24.1 242.308
24.11 242.308
24.12 0
24.13 0
24.14 484.615
24.15 484.615
24.16 484.615
24.17 484.615
24.18 484.615
24.19 0
24.2 119.512
24.21 119.512
24.22 119.837
24.23 119.837
24.24 119.837
24.25 119.837
24.26 119.837
24.27 119.837
24.28 119.837
24.29 119.837
24.3 119.837
24.31 119.837
24.32 0
24.33 98.7903
24.34 99.2498
24.35 99.1011
24.36 99.1011
24.37 99.1011
24.38 99.1011
24.39 99.1011
24.4 0
24.41 98.5475
24.42 98.7313
24.43 98.7313
24.44 0
24.45 66.2494
24.46 0
24.47 0
24.48 0
24.49 0
24.5 0
24.51 196.875
24.52 0
24.53 100.456
24.54 99.9245
24.55 99.9245
24.56 97.1366
24.57 97.1366
24.58 97.1366
24.59 0
24.6 65.586
24.61 65.6576
24.62 65.6576
24.63 0
24.64 199.007
24.65 198.393
24.66 198.393
24.67 196.875
24.68 196.875
24.69 196.485
24.7 196.218
24.71 196.218
24.72 194.788
24.73 194.788
24.74 194.788
24.75 0
24.76 33.0337
24.77 33.009
24.78 33.1081
24.79 33.1081
24.8 33.1081
24.81 33.1081
24.82 33.1081
24.83 0
24.84 96.9231
24.85 96.8805
24.86 97.4586
24.87 97.4586
24.88 97.4586
24.89 0
24.9 512.791
24.91 536.496
24.92 517.606
24.93 517.606
24.94 517.606
24.95 517.606
24.96 517.606
24.97 517.606
24.98 517.606
24.99 517.606
25 517.606
25.01 517.606
25.02 517.606
25.03 0
25.04 262.5
25.05 262.316
25.06 261.933
25.07 262.848
25.08 262.02
25.09 260.638
25.1 260.638
25.11 262.054
25.12 263.336
25.13 263.336
25.14 264.072
25.15 264.072
25.16 267.504
25.17 266.121
25.18 266.121
25.19 266.121
25.2 266.121
25.21 0
25.22 179.633
25.23 179.633
25.24 179.633
25.25 179.633
25.26 179.56
25.27 178.872
25.28 178.872
25.29 178.872
25.3 178.872
25.31 178.872
25.32 0
25.33 268.226
25.34 268.506
25.35 268.989
25.36 268.53
25.37 268.372
25.38 269.645
25.39 268.789
25.4 269.146
25.41 269.146
25.42 266.427
25.43 262.133
25.44 262.133
25.45 262.133
25.46 274.292
25.47 274.292
25.48 274.292
25.49 0
25.5 179.268
25.51 0
25.52 276.489
25.53 274.938
25.54 274.938
25.55 0
25.56 178.905
25.57 0
25.58 178.715
25.59 0
25.6 272.222
25.61 272.481
25.62 272.481
25.63 0
25.64 273.63
25.65 0
25.66 179.401
25.67 179.477
25.68 179.407
25.69 178.826
25.7 178.577
25.71 179.1
25.72 179.164
25.73 179.143
25.74 179.345
25.75 179.375
25.76 179.268
25.77 179.446
25.78 179.404
25.79 179.304
25.8 179.187
25.81 179.317
25.82 179.094
25.83 178.922
25.84 178.784
25.85 178.543
25.86 178.302
25.87 179.268
25.88 178.872
25.89 181.802
25.9 178.687
25.91 179.268
25.92 179.401
25.93 179.512
25.94 179.477
25.95 179.463
25.96 179.463
25.97 179.463
25.98 179.831
25.99 179.831
26 179.831
26.01 179.831
26.02 179.831
26.03 0
26.04 535.686
26.05 0
26.06 534.84
26.07 536.266
26.08 531.908
26.09 560.593
26.1 560.593
26.11 560.593
26.12 0
26.13 179.372
26.14 179.372
26.15 179.372
26.16 179.372
26.17 179.698
26.18 179.698
26.19 179.136
26.2 179.401
26.21 179.332
26.22 179.467
26.23 180.105
26.24 179.878
26.25 179.878
26.26 179.878
26.27 179.878
26.28 179.878
26.29 0
26.3 267.705
26.31 267.705
26.32 267.705
26.33 0
26.34 179.581
26.35 180.147
26.36 180.738
26.37 180.43
26.38 180.061
26.39 179.56
26.4 177.823
26.41 179.026
26.42 177.733
26.43 179.268
26.44 180.043
26.45 180.95
26.46 180.993
26.47 180.912
26.48 181.053
26.49 180.992
26.5 180.852
26.51 180.738
26.52 180.675
26.53 180.188
26.54 180.022
26.55 179.81
26.56 179.933
26.57 179.965
26.58 179.961
26.59 179.653
26.6 180.553
26.61 180.738
26.62 180.54
26.63 180.852
26.64 181.357
26.65 182.609
26.66 182.106
26.67 181.364
26.68 181.034
26.69 180.442
26.7 180.545
26.71 180.51
26.72 180.738
26.73 180.78
26.74 181.162
26.75 181.169
26.76 181.343
26.77 181.874
26.78 182.006
26.79 182.073
26.8 182.634
26.81 184.091
26.82 184.091
26.83 182.798
26.84 182.798
26.85 182.988
26.86 182.988
26.87 182.988
26.88 182.988
26.89 183.241
26.9 183.241
26.91 186.233
26.92 188.14
26.93 188.14
26.94 188.14
26.95 188.14
26.96 188.14
26.97 178.543
26.98 171.818
26.99 173.622
27 150.769
27.01 155.83
27.02 155.83
27.03 155.83
27.04 155.83
27.05 155.83
27.06 0
27.07 0
27.08 175
27.09 0
27.1 0
27.11 0
27.12 0
27.13 0
27.14 0
27.15 0
27.16 0
27.17 0
27.18 0
27.19 0
27.2 0
27.21 0
27.22 0
27.23 0
27.24 0
27.25 0
27.26 0
27.27 0
27.28 0
27.29 0
27.3 0
27.31 0
27.32 0
27.33 0
27.34 0
27.35 0
27.36 0
27.37 0
27.38 0
27.39 168.321
27.4 168.321
27.41 168.321
27.42 168.321
27.43 168.321
27.44 168.321
27.45 168.321
27.46 168.321
27.47 168.321
27.48 168.321
27.49 170.93
27.5 172.355
27.51 174.708
27.52 175.087
27.53 177.536
27.54 178.784
27.55 179.512
27.56 179.512
27.57 179.512
27.58 182.567
27.59 182.798
27.6 182.798
27.61 182.798
27.62 182.798
27.63 182.798
27.64 0
27.65 0
27.66 97.8137
27.67 97.8137
27.68 97.8137
27.69 98.8156
27.7 99.5236
27.71 99.8383
27.72 100.685
27.73 101.769
27.74 101.769
27.75 101.769
27.76 101.769
27.77 101.769
27.78 0
27.79 148.986
27.8 0
27.81 0
27.82 147
27.83 147
27.84 147
27.85 0
27.86 147
27.87 147.492
27.88 147.492
27.89 0
27.9 92.6471
27.91 0
27.92 117.038
27.93 117.954
27.94 123.529
27.95 123.529
27.96 123.529
27.97 0
27.98 0
27.99 501.136
28 498.869
28.01 498.869
28.02 498.869
28.03 498.869
28.04 0
28.05 0
28.06 0
28.07 120.822
28.08 0
28.09 0
28.1 441.736
28.11 0
28.12 0
28.13 59.8256
28.14 0
28.15 0
28.16 307.103
28.17 305.094
28.18 305.094
28.19 0
28.2 305.341
28.21 0
28.22 0
28.23 0
28.24 519.903
28.25 444.556
28.26 444.556
28.27 513.454
28.28 508.846
28.29 508.846
28.3 508.846
28.31 451.023
28.32 451.023
28.33 441
28.34 428.155
28.35 433.297
28.36 420.572
28.37 430.244
28.38 438.079
28.39 438.079
28.4 438.079
28.41 438.079
28.42 438.079
28.43 492.188
28.44 492.188
28.45 492.188
28.46 0
28.47 120.098
28.48 120.098
28.49 120.098
28.5 120.098
28.51 120.098
28.52 120.098
28.53 120.098
28.54 120.098
28.55 120.098
28.56 121.565
28.57 121.098
28.58 121.154
28.59 121.756
28.6 121.622
28.61 121.421
28.62 121.543
28.63 121.823
28.64 121.919
28.65 121.919
28.66 122.048
28.67 122.5
28.68 122.025
28.69 123.703
28.7 123.184
28.71 128.198
28.72 120.273
28.73 125.522
28.74 125.522
28.75 125.522
28.76 125.522
28.77 125.522
28.78 0
28.79 158.254
28.8 158.254
28.81 158.254
28.82 158.116
28.83 158.633
28.84 158.405
28.85 158.405
28.86 158.405
28.87 158.405
28.88 158.405
28.89 0
28.9 0
28.91 0
28.92 0
28.93 0
28.94 0
28.95 0
28.96 270.552
28.97 270.552
28.98 270.552
28.99 270.552
29 270.552
29.01 0
29.02 0
29.03 511.469
29.04 507.427
29.05 507.427
29.06 507.427
29.07 507.427
29.08 507.427
29.09 507.427
29.1 507.427
29.11 499.874
29.12 485.377
29.13 485.377
29.14 485.377
29.15 485.377
29.16 485.377
29.17 490
29.18 490
29.19 0
29.2 0
29.21 0
29.22 0
29.23 21.9622
29.24 21.9622
29.25 21.9622
29.26 0
29.27 40.3477
29.28 0
29.29 0
29.3 0
29.31 520.047
29.32 0
29.33 0
29.34 60.3283
29.35 0
29.36 43.7211
29.37 0
29.38 60.2459
29.39 0
29.4 43.5197
29.41 0
29.42 0
29.43 518.824
29.44 518.824
29.45 501.136
29.46 501.136
29.47 501.136
29.48 501.136
29.49 501.136
29.5 501.136
29.51 501.136
29.52 501.136
29.53 501.136
29.54 513.877
29.55 512.791
29.56 510.632
29.57 510.632
29.58 510.632
29.59 510.632
29.6 510.632
29.61 506.897
29.62 526.567
29.63 541.104
29.64 541.104
29.65 541.104
29.66 541.104
29.67 541.104
29.68 0
29.69 120.822
29.7 120.327
29.71 121.154
29.72 120.492
29.73 120.492
29.74 120.127
29.75 118.868
29.76 123.876
29.77 123.876
29.78 123.876
29.79 0
29.8 0
29.81 64.4737
29.82 0
29.83 161.538
29.84 162.132
29.85 178.543
29.86 216.176
29.87 214.912
29.88 213.732
29.89 210.334
29.9 210.334
29.91 210.334
29.92 210.334
29.93 210.334
29.94 207.529
29.95 207.529
29.96 207.529
29.97 0
29.98 21.6601
29.99 19.7758
30 19.7758
30.01 0
30.02 151.027
30.03 151.027
30.04 153.766
30.05 153.766
30.06 153.766
30.07 153.766
30.08 153.766
30.09 0
30.1 310.563
30.11 0
30.12 79.8913
30.13 79.8913
30.14 79.8913
30.15 79.8913
30.16 79.8913
30.17 0
30.18 339.231
30.19 339.231
30.2 339.231
30.21 348.892
30.22 348.892
30.23 0
30.24 348.892
30.25 0
30.26 284.884
30.27 283.298
30.28 283.298
30.29 281.148
30.3 277.01
30.31 275.625
30.32 277.01
30.33 277.01
30.34 274.766
30.35 271.348
30.36 273.701
30.37 275.625
30.38 276.662
30.39 276.662
30.4 276.662
30.41 276.662
30.42 276.662
30.43 274.832
30.44 274.832
30.45 275.052
30.46 275.134
30.47 274.938
30.48 275.096
30.49 275.052
30.5 275.052
30.51 266.304
30.52 265.663
30.53 265.663
30.54 265.663
30.55 265.663
30.56 265.663
30.57 265.663
30.58 265.663
30.59 265.663
30.6 265.663
30.61 268.902
30.62 265.663
30.63 271.743
30.64 262.848
30.65 262.848
30.66 262.848
30.67 262.848
30.68 227.32
30.69 226.154
30.7 223.404
30.71 223.137
30.72 222.166
30.73 229.688
30.74 222.727
30.75 222.727
30.76 222.727
30.77 222.727
30.78 222.727
30.79 222.727
30.8 222.727
30.81 222.727
30.82 222.727
30.83 221.449
30.84 221.449
30.85 221.449
30.86 221.449
30.87 221.831
30.88 221.831
30.89 221.831
30.9 221.831
30.91 221.831
30.92 0
30.93 111.364
30.94 0
30.95 45.4639
30.96 0
30.97 45.3704
30.98 0
30.99 110.25
31 111.052
31.01 110.665
31.02 110.25
31.03 109.975
31.04 110.14
31.05 110.171
31.06 111.364
31.07 111.364
31.08 111.364
31.09 111.364
31.1 110.804
31.11 111.1
31.12 111.1
31.13 109.52
31.14 111.223
31.15 111.986
31.16 112.182
31.17 112.182
31.18 111.364
31.19 111.364
31.2 111.176
31.21 111.176
31.22 111.176
31.23 111.834
31.24 111.575
31.25 111.759
31.26 112.1
31.27 112.182
31.28 111.929
31.29 111.693
31.3 111.693
31.31 111.476
31.32 111.466
31.33 111.466
31.34 110.841
31.35 111.114
31.36 111.159
31.37 111.159
31.38 111.27
31.39 111.646
31.4 111.646
31.41 111.646
31.42 112.055
31.43 112.119
31.44 112.119
31.45 112.119
31.46 112.119
31.47 112.119
31.48 0
31.49 220.06
31.5 210.501
31.51 210.501
31.52 0
31.53 426.774
31.54 0
31.55 0
31.56 213.043
31.57 0
31.58 218.75
31.59 218.75
31.6 216.885
31.61 216.885
31.62 216.885
31.63 216.885
31.64 220.5
31.65 216.176
31.66 216.176
31.67 216.176
31.68 216.176
31.69 216.176
31.7 216.176
31.71 0
31.72 0
31.73 0
31.74 0
31.75 0
31.76 0
31.77 0
31.78 0
31.79 0
31.8 316.507
31.81 0
31.82 479.348
31.83 479.348
31.84 479.348
31.85 0
31.86 106.522
31.87 0
31.88 0
31.89 0
31.9 0
31.91 0
31.92 0
31.93 0
31.94 0
31.95 0
31.96 0
31.97 0
31.98 0
31.99 0
32 0
32.01 0
32.02 0
32.03 0
32.04 51.2195
32.05 0
32.06 179.268
32.07 173.622
32.08 177.251
32.09 175.931
32.1 177.286
32.11 175.931
32.12 174.308
32.13 174.308
32.14 176.118
32.15 176.118
32.16 176.118
32.17 176.118
32.18 176.118
32.19 0
32.2 490
32.21 0
32.22 197.581
32.23 208.412
32.24 208.412
32.25 208.412
32.26 195.133
32.27 195.133
32.28 198.649
32.29 198.649
32.3 198.649
32.31 193.421
32.32 199.097
32.33 198.649
32.34 200.455
32.35 200.455
32.36 194.273
32.37 194.273
32.38 194.273
32.39 194.273
32.4 194.273
32.41 194.273
32.42 194.273
32.43 194.273
32.44 187.66
32.45 187.66
32.46 197.758
32.47 196.291
32.48 197.581
32.49 199.062
32.5 199.127
32.51 199.127
32.52 199.127
32.53 199.127
32.54 199.756
32.55 199.617
32.56 201.738
32.57 202.062
32.58 200.455
32.59 200.455
32.6 200.455
32.61 200.455
32.62 200.455
32.63 0
32.64 0
32.65 0
32.66 102.439
32.67 100.858
32.68 100.858
32.69 100.882
32.7 100.882
32.71 101.613
32.72 101.613
32.73 101.613
32.74 101.613
32.75 101.613
32.76 101.613
32.77 101.613
32.78 101.613
32.79 101.613
32.8 101.613
32.81 102.273
32.82 101.24
32.83 101.095
32.84 100.456
32.85 100.114
32.86 100.685
32.87 101.926
32.88 102.558
32.89 100.57
32.9 100.57
32.91 100.57
32.92 100.593
32.93 100.593
32.94 100.593
32.95 100.593
32.96 100.593
32.97 100.593
32.98 0
32.99 367.5
33 0
33.01 0
33.02 100.456
33.03 100.501
33.04 100.869
33.05 100.685
33.06 100.777
33.07 100.777
33.08 100.777
33.09 100.501
33.1 100.456
33.11 99.4363
33.12 99.4363
33.13 99.4363
33.14 99.7738
33.15 99.7738
33.16 99.7738
33.17 99.7738
33.18 0
33.19 0
33.2 469.149
33.21 424.038
33.22 424.038
33.23 424.038
33.24 424.038
33.25 424.038
33.26 416.038
33.27 416.038
33.28 416.038
33.29 416.038
33.3 416.038
33.31 393.75
33.32 395.96
33.33 393.248
33.34 392.116
33.35 394.219
33.36 396.199
33.37 394.533
33.38 393.75
33.39 395.713
33.4 395.713
33.41 395.262
33.42 395.516
33.43 394.925
33.44 394.925
33.45 395.769
33.46 395.769
33.47 399.698
33.48 395.161
33.49 394.253
33.5 394.253
33.51 394.253
33.52 394.253
33.53 0
33.54 199.935
33.55 199.935
33.56 198.291
33.57 198.291
33.58 198.291
33.59 0
33.6 0
33.61 0
33.62 206.075
33.63 0
33.64 0
33.65 0
33.66 0
33.67 0
33.68 0
33.69 0
33.7 0
33.71 15.3552
33.72 0
33.73 40.3108
33.74 0
33.75 525
33.76 0
33.77 512.791
33.78 512.791
33.79 512.791
33.8 512.791
33.81 630
33.82 630
33.83 630
33.84 630
33.85 0
33.86 0
33.87 135.276
33.88 135.276
33.89 136.392
33.9 136.392
33.91 136.392
33.92 135.901
33.93 135.415
33.94 135.415
33.95 135.276
33.96 135.069
33.97 135.069
33.98 136.674
33.99 135.553
34 135.553
34.01 135.276
34.02 135.276
34.03 135.276
34.04 135.276
34.05 135.276
34.06 0
34.07 65.2367
34.08 65.2367
34.09 65.2367
34.1 65.2367
34.11 65.2367
34.12 65.2367
34.13 65.2367
34.14 66.8182
34.15 66.018
34.16 66.018
34.17 66.4157
34.18 66.2826
34.19 66.2826
34.2 66.4157
34.21 66.4157
34.22 66.4157
34.23 66.5493
34.24 66.6667
34.25 66.6667
34.26 66.6667
34.27 66.6667
34.28 0
34.29 272.896
34.3 0
34.31 66.8182
34.32 0
34.33 271.385
34.34 270.552
34.35 270.552
34.36 271.385
34.37 271.385
34.38 0
34.39 66.8182
34.4 67.2256
34.41 67.2256
34.42 0
34.43 15.9321
34.44 0
34.45 77.459
34.46 76.1658
34.47 76.1658
34.48 77.278
34.49 88.9113
34.5 88.9113
34.51 88.9113
34.52 88.9113
34.53 88.9113
34.54 88.9113
34.55 88.9113
34.56 88.9113
34.57 88.9113
34.58 88.9113
34.59 0
34.6 33.5446
34.61 0
34.62 267.814
34.63 268.902
34.64 268.902
34.65 268.902
34.66 268.902
34.67 263.284
34.68 263.284
34.69 263.284
34.7 263.284
34.71 0
34.72 0
34.73 0
34.74 204.167
34.75 0
34.76 208.019
34.77 208.019
34.78 208.019
34.79 0
34.8 551.25
34.81 551.25
34.82 551.25
34.83 551.25
34.84 551.25
34.85 551.25
34.86 551.25
34.87 551.25
34.88 551.25
34.89 551.25
34.9 551.25
34.91 0
34.92 294
34.93 294
34.94 294
34.95 294
34.96 294
34.97 0
34.98 0
34.99 76.5625
35 76.5625
35.01 76.5625
35.02 0
35.03 0
35.04 39.7297
35.05 39.7297
35.06 39.7297
35.07 39.8014
35.08 39.8014
35.09 39.8014
35.1 39.8014
35.11 0
35.12 0
35.13 580.263
35.14 0
35.15 0
35.16 580.263
35.17 0
35.18 158.633
35.19 0
35.2 59.434
35.21 59.5946
35.22 59.5946
35.23 59.6483
35.24 59.6483
35.25 59.6349
35.26 59.6349
35.27 59.6349
35.28 59.7022
35.29 59.9728
35.3 59.9728
35.31 59.9728
35.32 59.9728
35.33 59.9728
35.34 0
35.35 577.225
35.36 577.225
35.37 577.225
35.38 0
35.39 0
35.4 196
35.41 0
35.42 53.2609
35.43 53.2609
35.44 53.2609
35.45 0
35.46 580.263
35.47 580.263
35.48 595.946
35.49 590.625
35.5 590.625
35.51 586.436
35.52 586.436
35.53 591.946
35.54 591.946
35.55 591.946
35.56 591.946
35.57 591.946
35.58 591.946
35.59 591.946
35.6 591.946
35.61 0
35.62 152.069
35.63 152.069
35.64 152.069
35.65 152.069
35.66 152.069
35.67 0
35.68 0
35.69 632.006
35.7 0
35.71 0
35.72 119.577
35.73 119.548
35.74 119.548
35.75 119.431
35.76 119.431
35.77 119.431
35.78 119.431
35.79 0
35.8 59.5946
35.81 59.6752
35.82 59.6752
35.83 59.5946
35.84 52.7302
35.85 52.7302
35.86 52.7302
35.87 52.7302
35.88 52.7302
35.89 0
35.9 515.789
35.91 515.789
35.92 501.136
35.93 508.846
35.94 501.136
35.95 501.136
35.96 501.136
35.97 501.136
35.98 501.136
35.99 456.995
36 458.314
36.01 458.314
36.02 458.314
36.03 460.334
36.04 464.863
36.05 463.324
36.06 464.211
36.07 463.668
36.08 469.774
36.09 477.617
36.1 481.529
36.11 493.043
36.12 494.651
36.13 494.651
36.14 494.651
36.15 494.651
36.16 494.651
36.17 494.712
36.18 494.712
36.19 497.029
36.2 495.506
36.21 498.522
36.22 498.471
36.23 482.26
36.24 485.025
36.25 485.025
36.26 484.172
36.27 484.172
36.28 482.495
36.29 482.495
36.3 482.495
36.31 482.847
36.32 486.397
36.33 490
36.34 490
36.35 490
36.36 490
36.37 490
36.38 441
36.39 441
36.4 441
36.41 441
36.42 441
36.43 441
36.44 441
36.45 441
36.46 441
36.47 441
36.48 0
36.49 183.75
36.5 0
36.51 142.917
36.52 143.93
36.53 145.385
36.54 162.132
36.55 136.321
36.56 156.94
36.57 165.789
36.58 165.789
36.59 165.789
36.6 165.789
36.61 165.789
36.62 165.789
36.63 165.789
36.64 165.789
36.65 165.789
36.66 165.789
36.67 165.789
36.68 0
36.69 231.294
36.7 231.294
36.71 231.294
36.72 231.294
36.73 232.105
36.74 232.105
36.75 232.105
36.76 232.105
36.77 256.395
36.78 256.395
36.79 256.395
36.8 0
36.81 462.587
36.82 462.587
36.83 462.587
36.84 462.587
36.85 462.587
36.86 444.556
36.87 444.556
36.88 444.556
36.89 386.842
36.9 386.842
36.91 386.842
36.92 386.842
36.93 386.842
36.94 0
36.95 118.868
36.96 118.868
36.97 118.868
36.98 118.868
36.99 118.868
37 118.868
37.01 118.868
37.02 0
37.03 79.231
37.04 79.231
37.05 79.231
37.06 79.1584
37.07 79.1584
37.08 79.1268
37.09 79.1268
37.1 79.1268
37.11 79.1268
37.12 0
37.13 241.313
37.14 241.423
37.15 237.736
37.16 238.217
37.17 238.636
37.18 238.932
37.19 238.932
37.2 239.241
37.21 239.154
37.22 239.154
37.23 239.154
37.24 239.024
37.25 238.809
37.26 239.674
37.27 239.674
37.28 239.674
37.29 239.674
37.3 239.674
37.31 268.902
37.32 264.865
37.33 264.865
37.34 264.865
37.35 297.973
37.36 297.973
37.37 0
37.38 91.1157
37.39 0
37.4 90.7407
37.41 0
37.42 260.024
37.43 271.107
37.44 271.107
37.45 0
37.46 512.791
37.47 512.791
37.48 512.791
37.49 512.791
37.5 512.791
37.51 512.791
37.52 474.194
37.53 497.368
37.54 497.368
37.55 473.91
37.56 473.684
37.57 474.979
37.58 474.979
37.59 472.289
37.6 472.289
37.61 472.289
37.62 0
37.63 236.532
37.64 236.865
37.65 236.885
37.66 238.279
37.67 238.73
37.68 239.874
37.69 241.865
37.7 241.549
37.71 242.168
37.72 241.888
37.73 243.199
37.74 241.313
37.75 243.071
37.76 241.288
37.77 240.837
37.78 239.674
37.79 239.385
37.8 239.385
37.81 239.385
37.82 238.636
37.83 238.636
37.84 238.121
37.85 238.121
37.86 238.121
37.87 238.121
37.88 239.154
37.89 239.488
37.9 239.488
37.91 239.488
37.92 239.488
37.93 239.488
37.94 241.423
37.95 241.423
37.96 240.196
37.97 240.721
37.98 240.721
37.99 242.975
38 242.308
38.01 241.644
38.02 240.196
38.03 239.674
38.04 239.302
38.05 239.349
38.06 239.349
38.07 239.385
38.08 239.349
38.09 239.349
38.1 238.057
38.11 238.701
38.12 238.496
38.13 237.884
38.14 237.827
38.15 237.95
38.16 237.95
38.17 237.95
38.18 237.95
38.19 238.057
38.2 239.385
38.21 239.349
38.22 239.349
38.23 240.721
38.24 240.721
38.25 245
38.26 245
38.27 245
38.28 245
38.29 245
38.3 0
38.31 38.3478
38.32 38.3478
38.33 38.3478
38.34 45.5108
38.35 45.5108
38.36 45.5108
38.37 47.8049
38.38 47.8049
38.39 47.8049
38.4 48.1178
38.41 48.1178
38.42 58.1028
38.43 58.1028
38.44 58.1028
38.45 58.1028
38.46 58.1028
38.47 58.1028
38.48 66.8182
38.49 66.8182
38.5 66.8182
38.51 75.6865
38.52 75.9472
38.53 76.1395
38.54 76.1395
38.55 76.1395
38.56 76.4298
38.57 76.4298
38.58 76.4298
38.59 76.4298
38.6 76.4298
38.61 76.4298
38.62 0
38.63 595.946
38.64 595.946
38.65 572.727
38.66 572.727
38.67 572.727
38.68 572.727
38.69 572.727
38.7 572.727
38.71 572.727
38.72 0
38.73 0
38.74 106.522
38.75 106.522
38.76 106.522
38.77 0
38.78 40.0909
38.79 40.0909
38.8 40.0909
38.81 40.0909
38.82 40.0909
38.83 40.0909
38.84 40.0909
38.85 0
38.86 89.1509
38.87 0
38.88 75.256
38.89 75.256
38.9 75.256
38.91 0
38.92 286.364
38.93 317.723
38.94 317.723
38.95 315
38.96 315
38.97 0
38.98 0
38.99 0
39 79.3165
39.01 79.3165
39.02 79.3165
39.03 0
39.04 79.3165
39.05 0
39.06 117.287
39.07 0
39.08 155.009
39.09 155.009
39.1 155.009
39.11 0
39.12 0
39.13 0
39.14 242.308
39.15 242.308
39.16 242.308
39.17 0
39.18 242.308
39.19 242.308
39.2 242.308
39.21 256.395
39.22 256.395
39.23 256.395
39.24 262.5
39.25 262.5
39.26 268.902
39.27 268.902
39.28 260.433
39.29 260.433
39.3 260.433
39.31 260.433
39.32 260.433
39.33 259.412
39.34 259.412
39.35 246.828
39.36 246.828
39.37 246.828
39.38 0
39.39 91.875
39.4 91.875
39.41 91.875
39.42 91.875
39.43 91.875
39.44 0
39.45 493.131
39.46 0
39.47 0
39.48 0
39.49 0
39.5 475.899
39.51 486.397
39.52 486.397
39.53 486.397
39.54 486.397
39.55 486.397
39.56 486.397
39.57 486.397
39.58 486.397
39.59 506.897
39.6 506.897
39.61 464.211
39.62 464.211
39.63 464.211
39.64 469.149
39.65 471.658
39.66 471.658
39.67 471.658
39.68 475.899
39.69 475.899
39.7 516.797
39.71 516.797
39.72 516.797
39.73 516.797
39.74 475.899
39.75 475.899
39.76 477.617
39.77 479.348
39.78 479.348
39.79 486.397
39.8 518.824
39.81 518.824
39.82 518.824
39.83 0
39.84 532.038
39.85 0
39.86 261.462
39.87 261.462
39.88 261.462
39.89 261.462
39.9 261.462
39.91 261.462
39.92 261.369
39.93 261.369
39.94 247.059
39.95 252.481
39.96 252.481
39.97 255.077
39.98 262.5
39.99 262.5
40 262.5
40.01 262.5
40.02 262.5
40.03 264.072
40.04 264.072
40.05 264.072
40.06 264.072
40.07 0
40.08 58.4881
40.09 0
40.1 0
40.11 238.378
40.12 0
40.13 0
40.14 256.395
40.15 0
40.16 0
40.17 78.9756
40.18 0
40.19 512.791
40.2 0
40.21 79.1538
40.22 0
40.23 506.066
40.24 0
40.25 240.109
40.26 0
40.27 0
40.28 504.962
40.29 0
40.3 506.897
40.31 506.897
40.32 506.897
40.33 0
40.34 71.8241
40.35 0
40.36 0
40.37 0
40.38 84.1603
40.39 0
40.4 237.097
40.41 237.097
40.42 237.097
40.43 237.097
40.44 237.097
40.45 237.097
40.46 237.097
40.47 237.097
40.48 237.097
40.49 237.097
40.5 237.097
40.51 237.097
40.52 237.097
40.53 0
40.54 0
40.55 424.038
40.56 0
40.57 102.083
40.58 102.558
40.59 102.558
40.6 0
40.61 0
40.62 0
40.63 217.241
40.64 0
40.65 438.079
40.66 0
40.67 441
40.68 416.038
40.69 414.734
40.7 414.734
40.71 414.734
40.72 0
40.73 134.334
40.74 0
40.75 430.664
40.76 0
40.77 469.149
40.78 0
40.79 92.0668
40.8 92.0668
40.81 92.1309
40.82 92.1309
40.83 94.9067
40.84 94.9067
40.85 97.0297
40.86 97.0297
40.87 97.0297
40.88 99.8641
40.89 99.8641
40.9 100.41
40.91 100.41
40.92 120.163
40.93 120.163
40.94 113.953
40.95 113.953
40.96 113.953
40.97 113.953
40.98 113.953
40.99 113.953
41 113.953
41.01 113.953
41.02 113.953
41.03 113.953
41.04 0
41.05 161.066
41.06 158.633
41.07 159.288
41.08 159.288
41.09 159.288
41.1 0
41.11 234.574
41.12 234.574
41.13 234.574
41.14 0
41.15 39.7536
41.16 39.7536
41.17 39.7536
41.18 39.7536
41.19 39.7536
41.2 39.7536
41.21 39.7536
41.22 39.7536
41.23 39.7536
41.24 0
41.25 565.385
41.26 565.385
41.27 565.385
41.28 0
41.29 52.7764
41.3 0
41.31 522.512
41.32 551.25
41.33 551.25
41.34 0
41.35 520.866
41.36 537.805
41.37 537.805
41.38 535.628
41.39 535.628
41.4 535.628
41.41 535.628
41.42 525
41.43 525
41.44 508.491
41.45 511.304
41.46 501.136
41.47 469.149
41.48 469.149
41.49 469.149
41.5 469.149
41.51 469.149
41.52 0
41.53 0
41.54 0
41.55 0
41.56 0
41.57 0
41.58 0
41.59 155.282
41.6 0
41.61 253.448
41.62 253.448
41.63 253.448
41.64 253.448
41.65 253.448
41.66 0
41.67 0
41.68 0
41.69 0
41.7 0
41.71 0
41.72 275.625
41.73 275.625
41.74 275.625
41.75 277.358
41.76 277.358
41.77 277.358
41.78 277.358
41.79 277.358
41.8 277.358
41.81 277.358
41.82 277.358
41.83 277.358
41.84 244.096
41.85 244.096
41.86 244.096
41.87 244.096
41.88 244.096
41.89 244.096
41.9 244.096
41.91 0
41.92 118.975
41.93 0
41.94 260.024
41.95 254.913
41.96 248.828
41.97 246.644
41.98 250.213
41.99 256.822
42 254.913
42.01 254.913
42.02 254.913
42.03 254.913
42.04 254.913
42.05 0
42.06 59.8372
42.07 60.0817
42.08 59.7561
42.09 60
42.1 60
42.11 60
42.12 60
42.13 0
42.14 286.364
42.15 284.516
42.16 281.969
42.17 281.969
42.18 281.969
42.19 0
42.2 0
42.21 0
42.22 0
42.23 0
42.24 0
42.25 265.663
42.26 0
42.27 0
42.28 0
42.29 263.396
42.3 0
42.31 102.558
42.32 102.957
42.33 102.957
42.34 0
42.35 0
42.36 0
42.37 0
42.38 0
42.39 87.3844
42.4 87.3514
42.41 87.3514
42.42 87.1542
42.43 87.1159
42.44 87.1277
42.45 87.1542
42.46 87.1807
42.47 87.2979
42.48 87.3267
42.49 87.4566
42.5 87.5
42.51 87.5695
42.52 87.674
42.53 87.674
42.54 87.674
42.55 87.674
42.56 87.674
42.57 0
42.58 262.5
42.59 262.5
42.6 262.5
42.61 269.725
42.62 269.725
42.63 0
42.64 32.8125
42.65 32.8125
42.66 32.8125
42.67 0
42.68 0
42.69 14.0089
42.7 0
42.71 236.25
42.72 236.25
42.73 236.25
42.74 235.2
42.75 234.574
42.76 234.574
42.77 234.574
42.78 231.699
42.79 233.087
42.8 233.581
42.81 233.581
42.82 233.581
42.83 236.25
42.84 245.682
42.85 244.321
42.86 242.308
42.87 242.308
42.88 239.674
42.89 242.308
42.9 242.308
42.91 241.423
42.92 239.674
42.93 242.308
42.94 245
42.95 245
42.96 286.364
42.97 254.423
42.98 254.423
42.99 254.423
43 251.712
43.01 251.712
43.02 254.423
43.03 254.423
43.04 251.712
43.05 254.423
43.06 229.688
43.07 229.688
43.08 229.688
43.09 229.688
43.1 229.688
43.11 229.688
43.12 0
43.13 678.462
43.14 678.462
43.15 678.462
43.16 678.462
43.17 648.529
43.18 648.529
43.19 648.529
43.2 648.529
43.21 648.529
43.22 0
43.23 223.178
43.24 223.178
43.25 222.166
43.26 222.166
43.27 222.166
43.28 222.166
43.29 222.166
43.3 222.166
43.31 220.5
43.32 220.5
43.33 221.305
43.34 221.33
43.35 221.608
43.36 221.053
43.37 221.053
43.38 221.053
43.39 223.858
43.4 223.858
43.41 223.858
43.42 223.858
43.43 223.858
43.44 0
43.45 0
43.46 0
43.47 0
43.48 0
43.49 0
43.5 0
43.51 0
43.52 0
43.53 0
43.54 0
43.55 222.727
43.56 0
43.57 433.061
43.58 435.872
43.59 435.872
43.6 436.017
43.61 437.5
43.62 443.96
43.63 439.535
43.64 439.535
43.65 438.079
43.66 444.332
43.67 444.332
43.68 444.332
43.69 444.332
43.7 0
43.71 228.734
43.72 228.734
43.73 228.734
43.74 228.734
43.75 228.734
43.76 0
43.77 0
43.78 0
43.79 0
43.8 0
43.81 583.333
43.82 0
43.83 48.5683
43.84 0
43.85 525
43.86 525
43.87 525
43.88 518.824
43.89 518.824
43.9 0
43.91 0
43.92 0
43.93 0
43.94 528.144
43.95 526.253
43.96 526.253
43.97 521.453
43.98 525
43.99 525
44 525
44.01 534.083
44.02 533.737
44.03 533.737
44.04 535.938
44.05 535.938
44.06 535.938
44.07 532.931
44.08 532.931
44.09 532.931
44.1 532.931
44.11 532.931
44.12 0
44.13 65.7718
44.14 65.7718
44.15 65.7718
44.16 65.8209
44.17 66.018
44.18 66.0575
44.19 66.1665
44.2 66.15
44.21 66.018
44.22 66.018
44.23 66.2162
44.24 66.2162
44.25 66.2162
44.26 66.2162
44.27 66.2162
44.28 66.2162
44.29 0
44.3 0
44.31 0
44.32 66.256
44.33 66.1765
44.34 66.1765
44.35 66.018
44.36 66.018
44.37 0
44.38 531.325
44.39 0
44.4 65.9521
44.41 65.9521
44.42 65.9521
44.43 66.15
44.44 66.1169
44.45 66.2162
44.46 66.1665
44.47 66.256
44.48 66.256
44.49 66.256
44.5 66.0839
44.51 66.0839
44.52 66.2826
44.53 66.266
44.54 66.4557
44.55 66.4157
44.56 66.4157
44.57 66.3871
44.58 66.3871
44.59 66.3158
44.6 66.3015
44.61 66.15
44.62 66.1595
44.63 66.1595
44.64 66.1665
44.65 66.1595
44.66 66.1831
44.67 66.1765
44.68 66.2162
44.69 66.6163
44.7 66.8182
44.71 66.5493
44.72 66.5493
44.73 66.5493
44.74 66.5493
44.75 66.5493
44.76 0
44.77 537.805
44.78 537.805
44.79 537.805
44.8 537.805
44.81 537.805
44.82 537.805
44.83 537.805
44.84 537.805
44.85 537.805
44.86 0
44.87 66.2446
44.88 66.1831
44.89 66.1831
44.9 0
44.91 87.2404
44.92 87.1542
44.93 87.1542
44.94 0
44.95 87.3267
44.96 87.5
44.97 87.5
44.98 0
44.99 479.348
45 482.847
45.01 482.847
45.02 482.847
45.03 482.847
45.04 482.847
45.05 482.847
45.06 482.847
45.07 482.847
45.08 490
45.09 490
45.1 490
45.11 490
45.12 490
45.13 551.25
45.14 551.25
45.15 0
45.16 123.184
45.17 125.284
45.18 123.876
45.19 123.876
45.2 123.876
45.21 123.876
45.22 123.876
45.23 0
45.24 81.5157
45.25 81.5157
45.26 81.5157
45.27 85.7977
45.28 85.7977
45.29 0
45.3 556.818
45.31 555.591
45.32 552.062
45.33 548.963
45.34 548.963
45.35 544.84
45.36 543.103
45.37 543.103
45.38 543.103
45.39 537.805
45.4 504
45.41 490
45.42 512.791
45.43 512.791
45.44 512.791
45.45 512.791
45.46 512.791
45.47 0
45.48 121.488
45.49 121.488
45.5 121.488
45.51 121.823
45.52 121.823
45.53 120.657
45.54 120.657
45.55 119.837
45.56 119.837
45.57 119.837
45.58 0
45.59 0
45.6 0
45.61 0
45.62 0
45.63 119.837
45.64 119.837
45.65 119.837
45.66 0
45.67 533.468
45.68 0
45.69 122.33
45.7 121.823
45.71 122.048
45.72 122.048
45.73 121.823
45.74 121.823
45.75 121.488
45.76 120.68
45.77 120.346
45.78 120.346
45.79 120.346
45.8 120.346
45.81 120.346
45.82 120.346
45.83 120.117
45.84 119.967
45.85 119.967
45.86 119.967
45.87 119.967
45.88 119.967
45.89 121.421
45.9 121.421
45.91 121.599
45.92 121.154
45.93 121.655
45.94 121.935
45.95 121.907
45.96 121.748
45.97 121.992
45.98 121.992
45.99 121.992
46 121.739
46.01 121.043
46.02 120.912
46.03 120.756
46.04 120.756
46.05 120.492
46.06 120.327
46.07 120.492
46.08 120.593
46.09 120.68
46.1 121.021
46.11 121.021
46.12 121.08
46.13 121.228
46.14 121.154
46.15 120.792
46.16 120.492
46.17 120.189
46.18 119.837
46.19 119.93
46.2 120.011
46.21 120.041
46.22 120.098
46.23 120.088
46.24 120.229
46.25 120.41
46.26 120.492
46.27 120.382
46.28 120.382
46.29 119.744
46.3 119.744
46.31 118.868
46.32 118.868
46.33 118.868
46.34 118.868
46.35 118.868
46.36 0
46.37 82.5843
46.38 82.5843
46.39 82.5843
46.4 82.5843
46.41 82.5843
46.42 82.5843
46.43 82.5843
46.44 82.5843
46.45 82.5843
46.46 82.5843
46.47 0
46.48 134.451
46.49 0
46.5 48.2495
46.51 0
46.52 182.231
46.53 182.231
46.54 182.231
46.55 182.231
46.56 182.231
46.57 182.231
46.58 184.519
46.59 183.75
46.6 183.75
46.61 183.75
46.62 183.75
46.63 183.75
46.64 0
46.65 0
46.66 531.325
46.67 0
46.68 0
46.69 0
46.7 0
46.71 0
46.72 0
46.73 0
46.74 0
46.75 0
46.76 0
46.77 257.393
46.78 0
46.79 264.248
46.8 266.197
46.81 266.197
46.82 0
46.83 265.663
46.84 253.448
46.85 253.448
46.86 226.154
46.87 226.154
46.88 0
46.89 0
46.9 132.036
46.91 131.25
46.92 131.25
46.93 0
46.94 238.636
46.95 236.25
46.96 236.733
46.97 236.733
46.98 236.733
46.99 221.386
47 218.317
47.01 215.122
47.02 220.942
47.03 222.353
47.04 222.353
47.05 222.353
47.06 222.353
47.07 224.237
47.08 224.237
47.09 237.097
47.1 237.097
47.11 242.308
47.12 246.828
47.13 246.828
47.14 246.828
47.15 246.828
47.16 246.828
47.17 246.828
47.18 248.684
47.19 248.684
47.2 248.684
47.21 307.317
47.22 308.392
47.23 309.691
47.24 309.691
47.25 309.691
47.26 309.691
47.27 309.691
47.28 309.691
47.29 311.661
47.3 311.294
47.31 311.294
47.32 316.962
47.33 315.41
47.34 317.742
47.35 319.051
47.36 319.063
47.37 318.795
47.38 318.935
47.39 318.923
47.4 318.923
47.41 337.931
47.42 337.931
47.43 337.931
47.44 0
47.45 79.2216
47.46 79.6748
47.47 79.8913
47.48 79.8913
47.49 79.8913
47.5 79.8387
47.51 79.819
47.52 79.819
47.53 79.8335
47.54 79.7075
47.55 79.7862
47.56 79.8046
47.57 79.8046
47.58 79.8551
47.59 79.85
47.6 79.8087
47.61 79.4308
47.62 79.8913
47.63 80.1235
47.64 80.1818
47.65 80.2235
47.66 80.3767
47.67 80.3767
47.68 80.4745
47.69 80.2402
47.7 80.109
47.71 79.7949
47.72 80.2548
47.73 80.3279
47.74 80.3279
47.75 80.0847
47.76 80.0847
47.77 80.0847
47.78 80.0363
47.79 80.0363
47.8 80.0363
47.81 77.9152
47.82 77.9152
47.83 77.9152
47.84 77.9152
47.85 77.9152
47.86 0
47.87 79.7468
47.88 79.6988
47.89 79.6988
47.9 79.2595
47.91 79.2595
47.92 79.2595
47.93 79.3165
47.94 79.3522
47.95 79.3879
47.96 79.3981
47.97 78.9379
47.98 79.439
47.99 79.3165
48 80.0363
48.01 80.0363
48.02 80.0363
48.03 80.0363
48.04 80.0363
48.05 80.1235
48.06 80.0571
48.07 80.0571
48.08 79.6604
48.09 78.75
48.1 79.7337
48.11 79.2595
48.12 79.0065
48.13 79.0323
48.14 79.2453
48.15 80.0073
48.16 79.6851
48.17 78.88
48.18 78.88
48.19 78.88
48.2 78.88
48.21 78.88
48.22 0
48.23 60.411
48.24 60.411
48.25 60.411
48.26 0
48.27 155.556
48.28 155.556
48.29 156.828
48.3 156.828
48.31 156.828
48.32 156.828
48.33 156.828
48.34 156.828
48.35 156.828
48.36 156.828
48.37 0
48.38 60.5769
48.39 60.2459
48.4 60.2459
48.41 0
48.42 0
48.43 155.83
48.44 0
48.45 155.647
48.46 158.065
48.47 158.065
48.48 158.065
48.49 158.065
48.5 0
48.51 228.497
48.52 230.756
48.53 230.167
48.54 230.167
48.55 230.167
48.56 230.167
48.57 230.167
48.58 230.123
48.59 230.167
48.6 229.688
48.61 208.019
48.62 204.167
48.63 204.167
48.64 204.167
48.65 204.167
48.66 204.167
48.67 0
48.68 0
48.69 501.136
48.7 501.136
48.71 501.136
48.72 0
48.73 213.043
48.74 213.043
48.75 213.043
48.76 0
48.77 0
48.78 0
48.79 210
48.8 0
48.81 216.176
48.82 216.176
48.83 216.176
48.84 0
48.85 0
48.86 214.078
48.87 214.078
48.88 214.078
48.89 0
48.9 0
48.91 214.078
48.92 214.078
48.93 214.078
48.94 0
48.95 214.773
48.96 214.773
48.97 214.773
48.98 215.122
48.99 216.708
49 216.708
49.01 216.601
49.02 216.601
49.03 216.601
49.04 216.601
49.05 215.122
49.06 215.122
49.07 215.122
49.08 215.122
49.09 215.122
49.1 0
49.11 689.062
49.12 689.062
49.13 689.062
49.14 689.062
49.15 689.062
49.16 0
49.17 215.122
49.18 215.122
49.19 215.122
49.2 0
49.21 630
49.22 0
49.23 110.693
49.24 110.25
49.25 110.342
49.26 110.112
49.27 110.112
49.28 110.112
49.29 110.112
49.3 0
49.31 472.5
49.32 472.5
49.33 472.5
49.34 495.506
49.35 504.962
49.36 504.962
49.37 495.506
49.38 495.506
49.39 435.197
49.4 437.5
49.41 437.5
49.42 437.5
49.43 498.869
49.44 498.869
49.45 580.263
49.46 580.263
49.47 580.263
49.48 580.263
49.49 0
49.5 114.545
49.51 115.101
49.52 115.101
49.53 115.344
49.54 116.297
49.55 116.297
49.56 124.576
49.57 124.576
49.58 124.576
49.59 124.752
49.6 124.752
49.61 124.752
49.62 124.752
49.63 124.752
49.64 124.752
49.65 124.752
49.66 0
49.67 0
49.68 96.3408
49.69 96.5181
49.7 96.5477
49.71 96.7408
49.72 96.5593
49.73 96.7758
49.74 96.7388
49.75 96.865
49.76 97.0084
49.77 118.761
49.78 118.761
49.79 118.761
49.8 119.189
49.81 119.189
49.82 119.189
49.83 119.189
49.84 0
49.85 466.667
49.86 574.219
49.87 490
49.88 529.2
49.89 529.2
49.9 529.2
49.91 529.2
49.92 529.2
49.93 529.2
49.94 0
49.95 96.9395
49.96 96.7432
49.97 119.651
49.98 119.651
49.99 119.651
50 0
50.01 48.2283
50.02 0
50.03 0
50.04 186.413
50.05 186.076
50.06 187.442
50.07 186.864
50.08 186.864
50.09 186.864
50.1 186.864
50.11 186.864
50.12 186.864
50.13 198.649
50.14 198.649
50.15 0
50.16 113.66
50.17 113.66
50.18 113.66
50.19 113.66
50.2 113.66
50.21 109.701
50.22 109.701
50.23 109.701
50.24 109.701
50.25 109.701
50.26 0
50.27 521.969
50.28 521.053
50.29 521.123
50.3 523.801
50.31 530.412
50.32 532.807
50.33 530.473
50.34 526.65
50.35 526.65
50.36 526.96
50.37 526.446
50.38 526.446
50.39 535.43
50.4 535.43
50.41 535.43
50.42 535.43
50.43 527.008
50.44 527.008
50.45 0
50.46 264.969
50.47 265.024
50.48 265.024
50.49 0
50.5 529.412
50.51 527.993
50.52 536.351
50.53 540
50.54 540.2
50.55 540
50.56 533.737
50.57 535.533
50.58 535.533
50.59 535.533
50.6 536.87
50.61 531.325
50.62 531.325
50.63 531.325
50.64 533.161
50.65 536.87
50.66 536.87
50.67 540.276
50.68 540.276
50.69 540.276
50.7 540.276
50.71 540.276
50.72 540.276
50.73 540.276
50.74 540.276
50.75 0
50.76 179.06
50.77 178.657
50.78 178.674
50.79 178.336
50.8 178.318
50.81 178.376
50.82 178.355
50.83 178.323
50.84 178.415
50.85 177.618
50.86 177.504
50.87 177.504
50.88 177.504
50.89 177.504
50.9 177.504
50.91 0
50.92 524.36
50.93 525.642
50.94 525.642
50.95 0
50.96 267.614
50.97 0
50.98 0
50.99 178.799
51 0
51.01 178.784
51.02 0
51.03 179.078
51.04 179.268
51.05 179.268
51.06 0
51.07 0
51.08 178.049
51.09 178.11
51.1 178.11
51.11 178.182
51.12 177.894
51.13 177.894
51.14 177.925
51.15 175.697
51.16 175.697
51.17 174.136
51.18 174.308
51.19 174.308
51.2 174.308
51.21 174.308
51.22 174.308
51.23 174.308
51.24 174.308
51.25 174.308
51.26 181.731
51.27 181.668
51.28 180.17
51.29 180.17
51.3 180.17
51.31 180.17
51.32 179.831
51.33 179.831
51.34 179.831
51.35 0
51.36 536.17
51.37 539.12
51.38 537.805
51.39 537.805
51.4 537.805
51.41 538.33
51.42 538.33
51.43 538.31
51.44 535.899
51.45 535.899
51.46 535.899
51.47 535.899
51.48 0
51.49 534.453
51.5 535.825
51.51 535.825
51.52 0
51.53 178.318
51.54 0
51.55 266.994
51.56 267.846
51.57 266.412
51.58 266.412
51.59 269.34
51.6 266.438
51.61 266.327
51.62 265.93
51.63 265.93
51.64 267.148
51.65 267.148
51.66 267.49
51.67 267.489
51.68 268.148
51.69 266.304
51.7 266.488
51.71 266.488
51.72 266.488
51.73 266.488
51.74 266.488
51.75 0
51.76 177.346
51.77 177.557
51.78 177.933
51.79 178.318
51.8 178.67
51.81 178.525
51.82 178.637
51.83 179.021
51.84 179.169
51.85 179.366
51.86 179.236
51.87 179.195
51.88 178.914
51.89 178.914
51.9 178.914
51.91 178.914
51.92 178.914
51.93 0
51.94 179.366
51.95 179.853
51.96 180.13
51.97 180.344
51.98 180.861
51.99 182.231
52 180.95
52.01 180.95
52.02 179.755
52.03 178.853
52.04 178.74
52.05 178.376
52.06 178.663
52.07 178.663
52.08 178.663
52.09 178.663
52.1 178.302
52.11 177.823
52.12 178.302
52.13 178.302
52.14 179.451
52.15 179.349
52.16 179.195
52.17 179.195
52.18 179.56
52.19 180.872
52.2 182.231
52.21 182.903
52.22 183.41
52.23 183.75
52.24 183.75
52.25 183.75
52.26 183.75
52.27 183.75
52.28 0
52.29 182.231
52.3 182.231
52.31 180.738
52.32 180.738
52.33 180.738
52.34 0
52.35 204.167
52.36 0
52.37 196
52.38 196
52.39 196
52.4 0
52.41 0
52.42 0
52.43 0
52.44 0
52.45 0
52.46 0
52.47 0
52.48 0
52.49 534.545
52.5 534.545
52.51 534.545
52.52 0
52.53 0
52.54 0
52.55 0
52.56 0
52.57 0
52.58 0
52.59 0
52.6 0
52.61 0
52.62 0
52.63 0
52.64 0
52.65 0
52.66 0
52.67 0
52.68 0
52.69 0
52.7 154.196
52.71 155.282
52.72 155.282
52.73 155.619
52.74 155.752
52.75 155.752
52.76 155.752
52.77 155.752
52.78 155.752
52.79 156.877
52.8 156.568
52.81 160.073
52.82 164.963
52.83 167.772
52.84 170.57
52.85 170.57
52.86 170.57
52.87 170.57
52.88 170.57
52.89 179.755
52.9 177.21
52.91 177.21
52.92 177.21
52.93 178.543
52.94 183.75
52.95 186.076
52.96 187.926
52.97 191.739
52.98 196.875
52.99 196.875
53 196.875
53.01 196.875
53.02 196.875
53.03 0
53.04 67.294
53.05 0
53.06 0
53.07 0
53.08 0
53.09 0
53.1 0
53.11 212.019
53.12 0
53.13 0
53.14 86.1328
53.15 86.1328
53.16 86.1328
53.17 86.1328
53.18 86.1328
53.19 0
53.2 22.6735
53.21 0
53.22 91.1157
53.23 0
53.24 114.052
53.25 0
53.26 480.841
53.27 0
53.28 156.94
53.29 159.142
53.3 159.091
53.31 159.091
53.32 159.11
53.33 160.099
53.34 160.558
53.35 160.753
53.36 163.636
53.37 163.636
53.38 163.636
53.39 162.611
53.4 162.611
53.41 162.474
53.42 159.206
53.43 159.206
53.44 159.206
53.45 159.206
53.46 159.206
53.47 159.206
53.48 0
53.49 0
53.5 60.1227
53.51 60.1227
53.52 60.3696
53.53 60.3696
53.54 60.3696
53.55 60.3696
53.56 60.1637
53.57 60.1637
53.58 60.1637
53.59 60.1637
53.6 60.1637
53.61 60.1637
53.62 59.9185
53.63 59.6868
53.64 59.6868
53.65 59.6868
53.66 0
53.67 0
53.68 0
53.69 120.492
53.7 120.327
53.71 120.327
53.72 120.327
53.73 120.419
53.74 120.552
53.75 120.542
53.76 120.593
53.77 120.398
53.78 120.398
53.79 120.398
53.8 120.398
53.81 120.398
53.82 0
53.83 558.228
53.84 549.723
53.85 549.723
53.86 0
53.87 119.374
53.88 119.837
53.89 119.837
53.9 0
53.91 0
53.92 0
53.93 0
53.94 0
53.95 69.2308
53.96 69.2308
53.97 69.2308
53.98 60.2459
53.99 68.9781
54 68.9781
54.01 59.9185
54.02 60.3008
54.03 60.411
54.04 60.5002
54.05 60.5165
54.06 60.5165
54.07 60.5165
54.08 60.5492
54.09 60.6722
54.1 60.5002
54.11 60.3008
54.12 59.8534
54.13 59.9185
54.14 59.9185
54.15 59.9481
54.16 60
54.17 59.8462
54.18 59.6591
54.19 59.6591
54.2 59.6591
54.21 59.6591
54.22 59.6591
54.23 0
54.24 32.8614
54.25 0
54.26 74.3676
54.27 0
54.28 13.5442
54.29 0
54.3 272.222
54.31 272.222
54.32 272.222
54.33 272.222
54.34 272.222
54.35 272.222
54.36 272.222
54.37 0
54.38 0
54.39 494.712
54.4 493.131
54.41 493.131
54.42 0
54.43 493.131
54.44 493.131
54.45 493.131
54.46 0
54.47 239.874
54.48 239.241
54.49 239.241
54.5 0
54.51 52.1277
54.52 0
54.53 612.5
54.54 551.25
54.55 551.25
54.56 551.25
54.57 551.25
54.58 551.25
54.59 546.694
54.6 551.25
54.61 551.25
54.62 551.25
54.63 532.609
54.64 532.609
54.65 532.609
54.66 532.609
54.67 532.609
54.68 0
54.69 59.9837
54.7 59.9883
54.71 60.0817
54.72 59.9837
54.73 59.9837
54.74 59.9837
54.75 59.9837
54.76 0
54.77 580.263
54.78 580.263
54.79 580.263
54.8 580.263
54.81 580.263
54.82 501.136
54.83 501.136
54.84 501.136
54.85 501.136
54.86 501.136
54.87 0
54.88 518.824
54.89 518.824
54.9 525
54.91 525
54.92 525
54.93 0
54.94 537.805
54.95 537.805
54.96 537.805
54.97 537.805
54.98 537.805
54.99 0
55 119.109
55.01 118.655
55.02 117.705
55.03 117.705
55.04 117.705
55.05 0
55.06 148.485
55.07 0
55.08 147.987
55.09 147.656
55.1 147.656
55.11 0
55.12 179.268
55.13 179.268
55.14 178.543
55.15 178.302
55.16 178.398
55.17 178.398
55.18 177.584
55.19 177.584
55.2 177.584
55.21 178.784
55.22 178.543
55.23 178.543
55.24 178.543
55.25 178.543
55.26 178.543
55.27 0
55.28 45.3704
55.29 0
55.3 12.6216
55.31 0
55.32 119.674
55.33 119.674
55.34 119.558
55.35 119.404
55.36 119.447
55.37 119.837
55.38 119.62
55.39 149.492
55.4 150
55.41 150
55.42 150
55.43 154.601
55.44 154.601
55.45 154.601
55.46 162.132
55.47 162.132
55.48 162.132
55.49 0
55.5 0
55.51 179.512
55.52 179.512
55.53 179.512
55.54 179.512
55.55 179.512
55.56 0
55.57 262.5
55.58 262.5
55.59 262.5
55.6 262.5
55.61 262.5
55.62 262.5
55.63 262.5
55.64 264.072
55.65 262.25
55.66 262.679
55.67 262.598
55.68 263.246
55.69 262.5
55.7 262.5
55.71 266.734
55.72 266.832
55.73 265.863
55.74 265.663
55.75 265.385
55.76 265.372
55.77 267.559
55.78 268.248
55.79 267.111
55.8 266.888
55.81 266.921
55.82 266.921
55.83 266.888
55.84 267.126
55.85 266.949
55.86 266.949
55.87 264.793
55.88 239.674
55.89 272.222
55.9 266.465
55.91 266.121
55.92 266.121
55.93 268.902
55.94 268.902
55.95 256.395
55.96 310.563
55.97 310.563
55.98 310.563
55.99 310.563
56 310.563
56.01 0
56.02 0
56.03 0
56.04 0
56.05 441
56.06 441
56.07 441
56.08 441
56.09 441
56.1 441
56.11 441
56.12 481.441
56.13 481.441
56.14 481.441
56.15 481.441
56.16 0
56.17 262.5
56.18 262.5
56.19 262.5
56.2 0
56.21 0
56.22 109.52
56.23 0
56.24 109.52
56.25 109.52
56.26 109.52
56.27 0
56.28 87.5
56.29 87.5579
56.3 87.5579
56.31 87.9362
56.32 87.8486
56.33 88.2
56.34 88.2
56.35 88.6967
56.36 89.001
56.37 89.001
56.38 89.001
56.39 88.5542
56.4 88.7324
56.41 88.7324
56.42 88.7324
56.43 88.8516
56.44 88.9831
56.45 88.9831
56.46 88.9831
56.47 89.2261
56.48 89.2261
56.49 89.3746
56.5 88.0826
56.51 88.0826
56.52 88.3413
56.53 88.3413
56.54 88.4358
56.55 88.4831
56.56 88.5839
56.57 88.8665
56.58 89.1509
56.59 89.1509
56.6 89.1509
56.61 89.1509
56.62 89.1509
56.63 0
56.64 465.19
56.65 465.19
56.66 468.042
56.67 468.042
56.68 460.247
56.69 450
56.7 449.345
56.71 434.055
56.72 452.097
56.73 449.345
56.74 449.694
56.75 449.694
56.76 449.694
56.77 449.694
56.78 449.694
56.79 449.236
56.8 447.716
56.81 443.216
56.82 443.216
56.83 446.959
56.84 446.356
56.85 450
56.86 450
56.87 450
56.88 450
56.89 0
56.9 42.7326
56.91 0
56.92 223.858
56.93 222.166
56.94 222.166
56.95 222.166
56.96 221.053
56.97 221.237
56.98 214.078
56.99 217.241
57 217.241
57.01 239.674
57.02 239.674
57.03 239.674
57.04 239.674
57.05 239.674
57.06 0
57.07 0
57.08 0
57.09 0
57.1 0
57.11 48.2495
57.12 48.2495
57.13 48.2495
57.14 0
57.15 0
57.16 0
57.17 0
57.18 336.641
57.19 0
57.2 0
57.21 0
57.22 0
57.23 0
57.24 0
57.25 0
57.26 0
57.27 0
57.28 0
57.29 0
57.3 0
57.31 0
57.32 0
57.33 231.294
57.34 0
57.35 428.155
57.36 416.038
57.37 416.038
57.38 416.038
57.39 416.038
57.4 0
57.41 172.266
57.42 172.266
57.43 172.266
57.44 172.941
57.45 172.941
57.46 172.941
57.47 151.027
57.48 151.027
57.49 151.027
57.5 151.027
57.51 151.027
57.52 0
57.53 122.161
57.54 0
57.55 193.785
57.56 195.479
57.57 195.479
57.58 0
57.59 141.12
57.6 141.12
57.61 141.12
57.62 141.12
57.63 139.263
57.64 134.725
57.65 134.725
57.66 134.725
57.67 134.725
57.68 0
57.69 135.553
57.7 133.868
57.71 133.636
57.72 133.434
57.73 133.434
57.74 133.434
57.75 133.434
57.76 133.434
57.77 133.434
57.78 133.434
57.79 133.434
57.8 133.434
57.81 0
57.82 0
57.83 197.379
57.84 0
57.85 197.758
57.86 197.659
57.87 196.875
57.88 196.875
57.89 196.875
57.9 196.875
57.91 196.875
57.92 196.875
57.93 199.367
57.94 199.849
57.95 199.849
57.96 199.849
57.97 200.455
57.98 200.455
57.99 198.649
58 197.935
58.01 197.906
58.02 197.963
58.03 197.963
58.04 197.963
58.05 197.963
58.06 198.202
58.07 198.054
58.08 199.548
58.09 200.911
58.1 201.064
58.11 199.849
58.12 199.367
58.13 198.873
58.14 198.873
58.15 198.873
58.16 198.873
58.17 198.873
58.18 197.758
58.19 197.758
58.2 196.875
58.21 199.007
58.22 199.007
58.23 199.007
58.24 199.007
58.25 199.007
58.26 196.174
58.27 199.806
58.28 199.95
58.29 199.447
58.3 199.648
58.31 199.419
58.32 200.58
58.33 201.523
58.34 201.447
58.35 201.923
58.36 200.683
58.37 200.455
58.38 197.379
58.39 199.728
58.4 200.683
58.41 200.683
58.42 200.683
58.43 198.649
58.44 198.649
58.45 196
58.46 196
58.47 196
58.48 191.739
58.49 193.421
58.5 193.421
58.51 198.202
58.52 167.681
58.53 199.247
58.54 199.247
58.55 199.247
58.56 199.247
58.57 199.247
58.58 199.247
58.59 197.581
58.6 198.393
58.61 196
58.62 196.336
58.63 196.249
58.64 196.336
58.65 196.336
58.66 196.336
58.67 197.022
58.68 197.022
58.69 197.022
58.7 197.677
58.71 198.113
58.72 190.086
58.73 190.086
58.74 190.086
58.75 190.086
58.76 190.086
58.77 190.086
58.78 190.086
58.79 190.086
58.8 190.086
58.81 196.437
58.82 190.086
58.83 186.864
58.84 186.864
58.85 192.576
58.86 192.576
58.87 200.455
58.88 200.455
58.89 198.054
58.9 198.054
58.91 198.054
58.92 198.054
58.93 198.054
58.94 198.054
58.95 0
58.96 133.907
58.97 0
58.98 132.717
58.99 132.333
59 134.178
59.01 134.178
59.02 134.178
59.03 134.178
59.04 132.831
59.05 132.831
59.06 132.831
59.07 134.451
59.08 134.451
59.09 134.451
59.1 135.901
59.11 133.233
59.12 138.679
59.13 135.692
59.14 134.451
59.15 134.656
59.16 134.451
59.17 134.656
59.18 134.451
59.19 134.588
59.2 133.771
59.21 133.961
59.22 134.725
59.23 134.725
59.24 134.451
59.25 134.451
59.26 134.451
59.27 134.451
59.28 134.451
59.29 156.94
59.3 135.276
59.31 135.276
59.32 135.276
59.33 135.276
59.34 135.276
59.35 135.276
59.36 0
59.37 135.276
59.38 132.432
59.39 131.511
59.4 131.25
59.41 152.369
59.42 152.369
59.43 133.367
59.44 132.831
59.45 132.831
59.46 132.831
59.47 134.043
59.48 134.043
59.49 134.043
59.5 134.043
59.51 0
59.52 33.1413
59.53 33.1413
59.54 33.1413
59.55 0
59.56 75.9472
59.57 76.4298
59.58 76.4298
59.59 76.0345
59.6 76.0345
59.61 76.0345
59.62 76.0345
59.63 0
59.64 137.812
59.65 137.812
59.66 136.957
59.67 136.957
59.68 134.451
59.69 134.451
59.7 134.656
59.71 134.656
59.72 134.656
59.73 133.636
59.74 133.233
59.75 133.233
59.76 133.233
59.77 133.233
59.78 0
59.79 0
59.8 267.273
59.81 267.273
59.82 267.273
59.83 267.597
59.84 267.597
59.85 267.597
59.86 267.273
59.87 265.663
59.88 265.663
59.89 265.663
59.9 265.663
59.91 265.663
59.92 0
59.93 0
59.94 0
59.95 0
59.96 0
59.97 0
59.98 0
59.99 0
60 0
60.01 195.133
60.02 195.133
60.03 195.133
60.04 193.664
60.05 193.209
60.06 192.456
60.07 193.209
60.08 193.209
60.09 192.217
60.1 192.217
60.11 192.217
60.12 192.217
60.13 192.217
60.14 0
60.15 153.837
60.16 153.837
60.17 153.837
60.18 154.737
60.19 154.737
60.2 154.737
60.21 154.737
60.22 0
60.23 116.053
60.24 116.053
60.25 116.053
60.26 0
60.27 116.667
60.28 116.667
60.29 116.667
60.3 116.667
60.31 117.663
60.32 117.663
60.33 117.663
60.34 117.705
60.35 116.667
60.36 116.976
60.37 117.757
60.38 117.757
60.39 117.757
60.4 117.757
60.41 118.125
60.42 117.6
60.43 117.6
60.44 117.6
60.45 117.287
60.46 117.287
60.47 121.823
60.48 121.599
60.49 121.599
60.5 121.599
60.51 128.947
60.52 128.947
60.53 136.674
60.54 153.98
60.55 153.98
60.56 153.125
60.57 153.125
60.58 152.727
60.59 153.338
60.6 153.338
60.61 153.338
60.62 153.338
60.63 153.338
60.64 153.338
60.65 0
60.66 26.1721
60.67 0
60.68 580.263
60.69 0
60.7 0
60.71 26.3126
60.72 23.3581
60.73 23.3581
60.74 0
60.75 33.4852
60.76 0
60.77 0
60.78 42.8433
60.79 0
60.8 119.837
60.81 119.837
60.82 119.837
60.83 119.837
60.84 119.837
60.85 119.837
60.86 119.837
60.87 119.837
60.88 119.837
60.89 119.837
60.9 119.837
60.91 0
60.92 122.5
60.93 122.5
60.94 122.5
60.95 122.5
60.96 122.5
60.97 122.5
60.98 122.5
60.99 0
61 0
61.01 595.946
61.02 0
61.03 157.5
61.04 157.5
61.05 157.5
61.06 0
61.07 157.5
61.08 157.5
61.09 157.5
61.1 0
61.11 0
61.12 119.028
61.13 119.06
61.14 119.62
61.15 119.62
61.16 119.707
61.17 119.189
61.18 119.189
61.19 119.189
61.2 119.189
61.21 119.189
61.22 0
61.23 503.425
61.24 503.425
61.25 503.425
61.26 503.425
61.27 479.348
61.28 479.348
61.29 481.967
61.3 478.148
61.31 478.148
61.32 478.148
61.33 481.675
61.34 464.211
61.35 465.435
61.36 465.026
61.37 465.845
61.38 465.845
61.39 465.845
61.4 465.845
61.41 476.022
61.42 476.435
61.43 477.864
61.44 481.728
61.45 487.538
61.46 485.326
61.47 484.615
61.48 483.691
61.49 484.362
61.5 480.508
61.51 481.216
61.52 479.655
61.53 478.253
61.54 477.79
61.55 477.079
61.56 472.922
61.57 460.247
61.58 459.375
61.59 459.375
61.6 464.211
61.61 461.297
61.62 461.297
61.63 461.297
61.64 461.297
61.65 0
61.66 62.1127
61.67 0
61.68 21.4078
61.69 0
61.7 62.1127
61.71 0
61.72 0
61.73 32.5061
61.74 0
61.75 512.791
61.76 512.791
61.77 572.727
61.78 575.217
61.79 575.217
61.8 595.946
61.81 595.946
61.82 595.946
61.83 595.946
61.84 595.946
61.85 0
61.86 93.4322
61.87 0
61.88 0
61.89 93.038
61.9 93.038
61.91 93.038
61.92 0
61.93 28.6364
61.94 28.6364
61.95 28.6364
61.96 0
61.97 226.154
61.98 226.154
61.99 226.541
62 228.893
62.01 228.893
62.02 228.893
62.03 228.893
62.04 228.893
62.05 228.893
62.06 0
62.07 76.7401
62.08 0
62.09 0
62.1 0
62.11 562.5
62.12 558.228
62.13 558.228
62.14 0
62.15 554.717
62.16 560.593
62.17 560.593
62.18 0
62.19 77.9152
62.2 0
62.21 58.1028
62.22 58.1028
62.23 58.1028
62.24 58.1028
62.25 58.1028
62.26 0
62.27 77.9152
62.28 77.9152
62.29 77.9152
62.3 92.6471
62.31 112.5
62.32 112.5
62.33 112.5
62.34 112.5
62.35 112.5
62.36 112.5
62.37 0
62.38 234.574
62.39 235.409
62.4 235.577
62.41 235.29
62.42 235.514
62.43 235.969
62.44 235.969
62.45 235.969
62.46 235.969
62.47 236.145
62.48 236.25
62.49 236.25
62.5 238.378
62.51 239.674
62.52 239.674
62.53 239.674
62.54 239.674
62.55 239.674
62.56 0
62.57 172.715
62.58 0
62.59 261.462
62.6 0
62.61 133.032
62.62 0
62.63 133.152
62.64 0
62.65 132.432
62.66 0
62.67 88.6135
62.68 88.8218
62.69 89.1681
62.7 89.1681
62.71 89.1509
62.72 89.191
62.73 88.9561
62.74 89.3919
62.75 89.3919
62.76 89.3919
62.77 89.3919
62.78 89.3919
62.79 0
62.8 490
62.81 0
62.82 237.794
62.83 237.794
62.84 237.794
62.85 237.561
62.86 241.172
62.87 239.096
62.88 236.814
62.89 236.814
62.9 236.814
62.91 237.794
62.92 236.901
62.93 237.293
62.94 237.665
62.95 237.665
62.96 237.608
62.97 237.608
62.98 236.25
62.99 236.25
63 236.25
63.01 236.25
63.02 236.25
63.03 0
63.04 475.728
63.05 474.494
63.06 474.494
63.07 0
63.08 472.241
63.09 0
63.1 58.973
63.11 58.9716
63.12 59.023
63.13 59.1153
63.14 59.0757
63.15 59.0757
63.16 59.0757
63.17 59.0757
63.18 59.0757
63.19 0
63.2 239.674
63.21 0
63.22 81.3653
63.23 0
63.24 234.574
63.25 234.076
63.26 234.076
63.27 233.581
63.28 233.864
63.29 233.221
63.3 233.471
63.31 233.581
63.32 232.774
63.33 233.221
63.34 231.834
63.35 231.834
63.36 231.834
63.37 0
63.38 59.2019
63.39 0
63.4 59.1153
63.41 59.1379
63.42 59.1379
63.43 0
63.44 0
63.45 136.957
63.46 0
63.47 445.455
63.48 445.455
63.49 445.455
63.5 445.455
63.51 445.455
63.52 445.455
63.53 445.455
63.54 445.455
63.55 445.455
63.56 0
63.57 0
63.58 131.362
63.59 134.451
63.6 134.451
63.61 0
63.62 250.568
63.63 234.574
63.64 234.574
63.65 0
63.66 0
63.67 0
63.68 57.4219
63.69 0
63.7 0
63.71 0
63.72 76.2976
63.73 0
63.74 0
63.75 0
63.76 145.545
63.77 0
63.78 75.7732
63.79 0
63.8 559.645
63.81 0
63.82 152.279
63.83 152.279
63.84 152.279
63.85 0
63.86 153.837
63.87 0
63.88 52.5417
63.89 0
63.9 0
63.91 52.5417
63.92 52.5417
63.93 52.5417
63.94 0
63.95 600.817
63.96 0
63.97 0
63.98 0
63.99 0
64 163.333
64.01 163.333
64.02 163.333
64.03 163.333
64.04 163.333
64.05 0
64.06 648.529
64.07 648.529
64.08 648.529
64.09 648.529
64.1 648.529
64.11 648.529
64.12 648.529
64.13 0
64.14 474.194
64.15 453.082
64.16 453.082
64.17 453.082
64.18 451.844
64.19 451.844
64.2 451.844
64.21 0
64.22 76.8293
64.23 0
64.24 157.5
64.25 157.5
64.26 157.5
64.27 151.027
64.28 151.027
64.29 151.027
64.3 151.027
64.31 151.027
64.32 151.027
64.33 149.661
64.34 149.435
64.35 149.435
64.36 149.435
64.37 148.318
64.38 147
64.39 147
64.4 147
64.41 0
64.42 295.973
64.43 0
64.44 512.791
64.45 0
64.46 525
64.47 0
64.48 0
64.49 0
64.5 0
64.51 0
64.52 0
64.53 0
64.54 0
64.55 0
64.56 479.348
64.57 479.348
64.58 479.348
64.59 479.348
64.6 479.348
64.61 469.149
64.62 469.149
64.63 544.444
64.64 544.444
64.65 544.444
64.66 544.444
64.67 544.444
64.68 544.444
64.69 544.444
64.7 544.444
64.71 544.444
64.72 551.25
64.73 551.25
64.74 0
64.75 248.684
64.76 248.684
64.77 248.684
64.78 0
64.79 0
64.8 250.568
64.81 0
64.82 459.375
64.83 0
64.84 234.574
64.85 234.263
64.86 234.263
64.87 234.263
64.88 234.263
64.89 0
64.9 234.574
64.91 0
64.92 33.5106
64.93 0
64.94 0
64.95 0
64.96 242.308
64.97 0
64.98 239.674
64.99 253.448
65 250.568
65.01 247.405
65.02 247.444
65.03 247.444
65.04 246.598
65.05 246.598
65.06 246.052
65.07 246.052
65.08 246.052
65.09 245.248
65.1 243.071
65.11 243.071
65.12 241.776
65.13 239.674
65.14 240.984
65.15 254.423
65.16 254.423
65.17 254.423
65.18 257.25
65.19 254.423
65.2 254.423
65.21 254.423
65.22 254.423
65.23 257.25
65.24 257.25
65.25 257.25
65.26 257.25
65.27 257.25
65.28 0
65.29 57.7225
65.3 0
65.31 58.1794
65.32 0
65.33 116.667
65.34 0
65.35 58.8
65.36 58.8
65.37 58.8
65.38 59.2742
65.39 59.2742
65.4 59.2742
65.41 58.8
65.42 67.4312
65.43 67.4312
65.44 67.4312
65.45 67.4312
65.46 67.4312
65.47 0
65.48 103.521
65.49 103.521
65.5 103.521
65.51 101.613
65.52 101.613
65.53 101.613
65.54 101.613
65.55 0
65.56 57.874
65.57 0
65.58 29.186
65.59 29.186
65.6 29.186
65.61 0
65.62 0
65.63 20.7432
65.64 0
65.65 0
65.66 0
65.67 0
65.68 475.216
65.69 469.149
65.7 469.149
65.71 469.149
65.72 469.149
65.73 417.614
65.74 417.614
65.75 0
65.76 0
65.77 0
65.78 0
65.79 141.649
65.8 0
65.81 0
65.82 450
65.83 459.375
65.84 459.375
65.85 481.967
65.86 438.079
65.87 433.567
65.88 441
65.89 441
65.9 447.716
65.91 447.716
65.92 447.716
65.93 447.716
65.94 446.582
65.95 484.615
65.96 484.615
65.97 484.615
65.98 537.805
65.99 630
66 588
66.01 588
66.02 588
66.03 588
66.04 585.398
66.05 585.398
66.06 585.398
66.07 585.398
66.08 585.398
66.09 585.398
66.1 585.398
66.11 0
66.12 0
66.13 216.176
66.14 216.176
66.15 216.176
66.16 0
66.17 151.286
66.18 151.286
66.19 151.286
66.2 151.286
66.21 151.286
66.22 152.419
66.23 152.069
66.24 152.069
66.25 152.069
66.26 152.069
66.27 152.069
66.28 0
66.29 46.7822
66.3 0
66.31 58.3333
66.32 0
66.33 0
66.34 47.0484
66.35 0
66.36 257.895
66.37 0
66.38 0
66.39 0
66.4 0
66.41 52.2512
66.42 52.2264
66.43 52.2264
66.44 52.2264
66.45 52.5
66.46 52.5
66.47 52.5
66.48 0
66.49 29.5576
66.5 0
66.51 16.9225
66.52 16.9225
66.53 16.9225
66.54 0
66.55 488.643
66.56 488.643
66.57 493.131
66.58 493.131
66.59 491.822
66.6 495.506
66.61 479.348
66.62 479.348
66.63 479.348
66.64 479.348
66.65 479.348
66.66 479.348
66.67 0
66.68 59.2742
66.69 59.9185
66.7 59.9185
66.71 59.2742
66.72 59.2742
66.73 58.9572
66.74 58.8174
66.75 58.8174
66.76 59.9185
66.77 59.9185
66.78 60.1637
66.79 59.2742
66.8 59.2742
66.81 59.2742
66.82 59.2742
66.83 59.2742
66.84 59.2742
66.85 0
66.86 0
66.87 312.028
66.88 0
66.89 241.423
66.9 258.904
66.91 255.546
66.92 250.31
66.93 250.31
66.94 250.31
66.95 243.31
66.96 243.31
66.97 245.455
66.98 244.457
66.99 248.311
67 251.282
67.01 251.282
67.02 251.282
67.03 251.282
67.04 251.282
67.05 0
67.06 87.1542
67.07 0
67.08 122.5
67.09 0
67.1 23.4325
67.11 23.4325
67.12 23.4325
67.13 23.4325
67.14 23.4325
67.15 23.4325
67.16 23.4325
67.17 0
67.18 0
67.19 120.492
67.2 120.492
67.21 120.492
67.22 0
67.23 120.492
67.24 120.492
67.25 120.492
67.26 0
67.27 270
67.28 270
67.29 270
67.3 271.385
67.31 271.385
67.32 271.552
67.33 271.552
67.34 271.552
67.35 271.385
67.36 271.385
67.37 271.385
67.38 271.385
67.39 271.385
67.4 0
67.41 86.811
67.42 86.9088
67.43 86.7135
67.44 86.7135
67.45 86.7135
67.46 0
67.47 262.5
67.48 262.5
67.49 262.054
67.5 262.054
67.51 262.054
67.52 262.054
67.53 261.304
67.54 261.204
67.55 260.947
67.56 261.256
67.57 265.663
67.58 265.663
67.59 265.663
67.6 265.663
67.61 265.663
67.62 0
67.63 87.0395
67.64 87.1542
67.65 87.1542
67.66 87.1542
67.67 87.1542
67.68 0
67.69 0
67.7 0
67.71 560.593
67.72 560.593
67.73 560.593
67.74 0
67.75 111.929
67.76 111.929
67.77 111.929
67.78 111.929
67.79 111.929
67.8 111.929
67.81 111.929
67.82 128.198
67.83 114.249
67.84 114.249
67.85 114.605
67.86 114.605
67.87 121.154
67.88 121.154
67.89 121.154
67.9 121.154
67.91 121.154
67.92 121.154
67.93 121.154
67.94 0
67.95 191.185
67.96 173.622
67.97 173.622
67.98 174.079
67.99 174.079
68 175.597
68.01 175
68.02 175.597
68.03 177.823
68.04 177.823
68.05 177.823
68.06 177.823
68.07 177.823
68.08 177.823
68.09 177.823
68.1 0
68.11 501.136
68.12 501.136
68.13 501.136
68.14 0
68.15 474.194
68.16 474.194
68.17 474.194
68.18 474.194
68.19 474.194
68.2 474.194
68.21 474.194
68.22 474.194
68.23 474.194
68.24 474.194
68.25 474.194
68.26 474.194
68.27 474.194
68.28 0
68.29 53.0048
68.3 53.0048
68.31 53.0048
68.32 0
68.33 78.1915
68.34 78.1915
68.35 78.1915
68.36 78.1915
68.37 78.1915
68.38 0
68.39 200.455
68.4 0
68.41 105
68.42 0
68.43 203.226
68.44 0
68.45 38.2812
68.46 38.2149
68.47 38.2149
68.48 0
68.49 0
68.5 108.621
68.51 108.621
68.52 108.621
68.53 108.621
68.54 108.621
68.55 108.621
68.56 108.621
68.57 108.621
68.58 108.621
68.59 108.621
68.6 108.621
68.61 104.751
68.62 104.751
68.63 0
68.64 0
68.65 0
68.66 0
68.67 0
68.68 0
68.69 0
68.7 0
68.71 0
68.72 0
68.73 0
68.74 0
68.75 0
68.76 0
68.77 0
68.78 0
68.79 0
68.8 0
68.81 441
68.82 455.579
68.83 455.579
68.84 0
68.85 208.019
68.86 208.807
68.87 208.346
68.88 208.346
68.89 208.346
68.9 209.43
68.91 208.346
68.92 208.346
68.93 209.203
68.94 213.87
68.95 218.936
68.96 223.049
68.97 226.985
68.98 230.03
68.99 230.03
69 232.105
69.01 232.105
69.02 234.076
69.03 236.25
69.04 236.25
69.05 236.25
69.06 236.25
69.07 256.395
69.08 256.395
69.09 256.395
69.1 256.395
69.11 256.395
69.12 256.395
69.13 256.395
69.14 253.033
69.15 250.568
69.16 250.568
69.17 250.568
69.18 0
69.19 25.7593
69.2 0
69.21 24.6094
69.22 0
69.23 25.9259
69.24 0
69.25 525
69.26 0
69.27 525
69.28 525
69.29 518.824
69.3 520.866
69.31 525
69.32 525
69.33 565.385
69.34 565.385
69.35 565.385
69.36 565.385
69.37 565.385
69.38 0
69.39 65.7228
69.4 65.6739
69.41 65.6739
69.42 65.6739
69.43 65.5762
69.44 65.5762
69.45 65.4788
69.46 65.56
69.47 65.56
69.48 65.56
69.49 65.56
69.5 65.56
69.51 65.56
69.52 65.9785
69.53 65.9785
69.54 66.018
69.55 66.018
69.56 65.9521
69.57 66.018
69.58 66.0745
69.59 66.0745
69.6 66.0745
69.61 66.0745
69.62 66.0745
69.63 0
69.64 0
69.65 0
69.66 531.325
69.67 531.325
69.68 528.144
69.69 528.144
69.7 528.144
69.71 528.144
69.72 528.144
69.73 528.144
69.74 0
69.75 0
69.76 267.273
69.77 266.832
69.78 267.597
69.79 268.435
69.8 265.663
69.81 264.072
69.82 264.388
69.83 264.072
69.84 264.072
69.85 267.126
69.86 269.408
69.87 269.408
69.88 269.408
69.89 268.902
69.9 268.902
69.91 268.902
69.92 0
69.93 66.5158
69.94 66.5158
69.95 66.5158
69.96 66.6163
69.97 66.6163
69.98 66.6163
69.99 66.6163
70 66.6163
70.01 66.15
70.02 66.266
70.03 66.266
70.04 66.266
70.05 66.5158
70.06 66.5158
70.07 66.5158
70.08 66.5158
70.09 66.5158
70.1 66.5158
70.11 0
70.12 537.805
70.13 537.805
70.14 537.805
70.15 537.805
70.16 537.805
70.17 537.805
70.18 531.325
70.19 531.325
70.2 531.325
70.21 531.325
70.22 531.325
70.23 0
70.24 88.0591
70.25 87.8486
70.26 87.5
70.27 87.5869
70.28 87.3844
70.29 87.3844
70.3 87.3844
70.31 87.2231
70.32 87.2231
70.33 87.1542
70.34 87.1542
70.35 87.1542
70.36 87.1542
70.37 87.1542
70.38 0
70.39 246.494
70.4 245.682
70.41 245.728
70.42 245.728
70.43 245.728
70.44 245.728
70.45 245.728
70.46 246.094
70.47 244.457
70.48 244.397
70.49 245
70.5 247.753
70.51 239.674
70.52 247.059
70.53 245.911
70.54 243.646
70.55 243.646
70.56 243.646
70.57 243.646
70.58 243.646
70.59 0
70.6 97.8912
70.61 97.8912
70.62 97.913
70.63 97.913
70.64 97.913
70.65 103.279
70.66 103.279
70.67 103.521
70.68 103.313
70.69 102.877
70.7 102.51
70.71 102.51
70.72 102.51
70.73 102.51
70.74 102.877
70.75 102.083
70.76 101.613
70.77 101.613
70.78 101.613
70.79 101.613
70.8 101.613
70.81 0
70.82 580.263
70.83 0
70.84 0
70.85 120.273
70.86 119.837
70.87 119.837
70.88 119.837
70.89 119.837
70.9 119.837
70.91 119.837
70.92 119.837
70.93 119.837
70.94 118.548
70.95 118.548
70.96 118.548
70.97 118.548
70.98 120.492
70.99 120.822
71 120.822
71.01 120.822
71.02 120.822
71.03 120.624
71.04 120.624
71.05 120.624
71.06 120.492
71.07 120.492
71.08 119.837
71.09 119.707
71.1 119.967
71.11 120.098
71.12 120.163
71.13 120.492
71.14 120.492
71.15 120.492
71.16 120.382
71.17 120.398
71.18 120.382
71.19 120.41
71.2 120.41
71.21 120.304
71.22 120.398
71.23 120.574
71.24 120.586
71.25 120.712
71.26 120.712
71.27 120.712
71.28 120.574
71.29 120.558
71.3 120.69
71.31 120.547
71.32 120.492
71.33 120.36
71.34 120.36
71.35 120.163
71.36 120.163
71.37 120.492
71.38 120.163
71.39 120.382
71.4 120.21
71.41 120.082
71.42 120.082
71.43 119.93
71.44 120.054
71.45 119.707
71.46 119.577
71.47 119.404
71.48 120.273
71.49 120.822
71.5 120.822
71.51 120.822
71.52 120.822
71.53 120.822
71.54 121.823
71.55 121.071
71.56 121.071
71.57 121.071
71.58 121.071
71.59 121.006
71.6 120.492
71.61 120.712
71.62 120.988
71.63 121.021
71.64 121.154
71.65 120.822
71.66 121.043
71.67 121.043
71.68 121.043
71.69 120.964
71.7 120.822
71.71 120.492
71.72 120.163
71.73 120.163
71.74 120.163
71.75 120.163
71.76 120.163
71.77 120.245
71.78 120.398
71.79 121.059
71.8 121.265
71.81 121.336
71.82 121.689
71.83 121.599
71.84 121.154
71.85 121.154
71.86 121.823
71.87 121.823
71.88 121.823
71.89 121.823
71.9 121.823
71.91 121.823
71.92 121.823
71.93 121.823
71.94 121.823
71.95 121.823
71.96 126.724
71.97 126.724
71.98 0
71.99 262.5
72 270.138
72.01 269.89
72.02 271.006
72.03 269.725
72.04 269.725
72.05 269.843
72.06 269.942
72.07 269.942
72.08 269.095
72.09 269.289
72.1 269.8
72.11 268.435
72.12 270.552
72.13 270
72.14 266.58
72.15 265.954
72.16 264.248
72.17 265.663
72.18 265.663
72.19 290.132
72.2 290.132
72.21 290.132
72.22 290.132
72.23 290.132
72.24 0
72.25 0
72.26 0
72.27 0
72.28 0
72.29 0
72.3 0
72.31 320.727
72.32 0
72.33 204.167
72.34 170.93
72.35 170.93
72.36 143.182
72.37 143.182
72.38 143.337
72.39 143.298
72.4 142.258
72.41 146.026
72.42 146.026
72.43 122.5
72.44 150.512
72.45 154.737
72.46 154.737
72.47 154.737
72.48 0
72.49 77.6408
72.5 0
72.51 77.6408
72.52 77.6408
72.53 77.6408
72.54 0
72.55 0
72.56 0
72.57 0
72.58 0
72.59 227.515
72.6 227.681
72.61 227.681
72.62 227.681
72.63 227.681
72.64 227.533
72.65 227.554
72.66 234.574
72.67 231.757
72.68 229.688
72.69 246.828
72.7 246.828
72.71 300
72.72 300
72.73 300
72.74 300
72.75 0
72.76 79.8913
72.77 79.6029
72.78 79.6029
72.79 79.5619
72.8 79.5619
72.81 0
72.82 156.828
72.83 157.275
72.84 158.633
72.85 158.443
72.86 159.073
72.87 159.37
72.88 159.258
72.89 159.551
72.9 159.911
72.91 160.364
72.92 159.911
72.93 160.364
72.94 159.783
72.95 159.783
72.96 159.783
72.97 161.145
72.98 160.949
72.99 160.949
73 160.949
73.01 160.949
73.02 149.661
73.03 149.661
73.04 157.951
73.05 159.783
73.06 159.59
73.07 160.461
73.08 160.781
73.09 160.437
73.1 160.015
73.11 160.597
73.12 160.315
73.13 158.747
73.14 158.862
73.15 158.919
73.16 158.76
73.17 158.76
73.18 158.76
73.19 158.76
73.2 158.76
73.21 158.76
73.22 158.254
73.23 158.633
73.24 158.633
73.25 159.783
73.26 157.5
73.27 157.5
73.28 155.83
73.29 155.83
73.3 155.83
73.31 155.83
73.32 155.83
73.33 0
73.34 0
73.35 0
73.36 52.1277
73.37 0
73.38 77.9152
73.39 0
73.4 0
73.41 0
73.42 0
73.43 156.86
73.44 157.126
73.45 157.126
73.46 157.126
73.47 157.126
73.48 158.919
73.49 153.659
73.5 153.659
73.51 159.551
73.52 159.551
73.53 159.551
73.54 159.551
73.55 159.551
73.56 0
73.57 0
73.58 0
73.59 13.5609
73.6 13.5609
73.61 13.5609
73.62 0
73.63 161.538
73.64 0
73.65 0
73.66 161.538
73.67 163.333
73.68 163.333
73.69 156.383
73.7 156.383
73.71 153.48
73.72 155.282
73.73 154.016
73.74 152.701
73.75 152.86
73.76 152.86
73.77 152.86
73.78 152.86
73.79 152.86
73.8 154.556
73.81 131.25
73.82 131.25
73.83 131.25
73.84 131.25
73.85 131.25
73.86 0
73.87 0
73.88 97.394
73.89 0
73.9 59.9185
73.91 59.9185
73.92 59.9185
73.93 59.9185
73.94 59.9728
73.95 60.1364
73.96 60.1364
73.97 60.1364
73.98 60.1364
73.99 0
74 0
74.01 77.0979
74.02 0
74.03 0
74.04 240.984
74.05 227.32
74.06 227.32
74.07 0
74.08 39.4808
74.09 0
74.1 157.5
74.11 151.027
74.12 151.027
74.13 0
74.14 0
74.15 157.5
74.16 157.5
74.17 157.5
74.18 157.5
74.19 157.5
74.2 0
74.21 46.2264
74.22 0
74.23 46.2264
74.24 0
74.25 46.9149
74.26 0
74.27 0
74.28 0
74.29 0
74.3 0
74.31 0
74.32 0
74.33 0
74.34 0
74.35 214.078
74.36 214.078
74.37 212.019
74.38 212.019
74.39 212.019
74.4 212.019
74.41 212.019
74.42 212.019
74.43 212.019
74.44 211.342
74.45 211.342
74.46 211.342
74.47 211.342
74.48 211.342
74.49 0
74.5 0
74.51 212.019
74.52 212.019
74.53 212.019
74.54 212.019
74.55 212.019
74.56 212.019
74.57 212.019
74.58 212.019
74.59 212.019
74.6 212.019
74.61 212.019
74.62 212.019
74.63 212.019
74.64 0
74.65 0
74.66 72.3544
74.67 72.4535
74.68 72.5329
74.69 72.0353
74.7 72.0353
74.71 72.0353
74.72 72.0353
74.73 0
74.74 0
74.75 0
74.76 601.364
74.77 601.364
74.78 601.364
74.79 0
74.8 217.241
74.81 217.028
74.82 217.028
74.83 0
74.84 216.176
74.85 0
74.86 35.28
74.87 0
74.88 211.207
74.89 0
74.9 215.272
74.91 215.573
74.92 215.122
74.93 215.122
74.94 215.122
74.95 215.122
74.96 215.122
74.97 216.176
74.98 226.541
74.99 226.541
75 226.541
75.01 232.105
75.02 232.105
75.03 232.105
75.04 229.688
75.05 229.688
75.06 249.153
75.07 245
75.08 249.153
75.09 245
75.1 213.387
75.11 213.387
75.12 213.387
75.13 213.387
75.14 213.387
75.15 0
75.16 55.8935
75.17 0
75.18 0
75.19 735
75.2 681.959
75.21 681.959
75.22 681.959
75.23 681.959
75.24 0
75.25 62.642
75.26 71.129
75.27 71.129
75.28 62.7609
75.29 62.7609
75.3 62.8205
75.31 62.8205
75.32 62.8205
75.33 62.8205
75.34 62.8205
75.35 62.8205
75.36 0
75.37 47.0149
75.38 0
75.39 94.07
75.4 94.07
75.41 94.07
75.42 0
75.43 62.9101
75.44 62.9101
75.45 62.964
75.46 63.045
75.47 63.1353
75.48 63.1353
75.49 63.1353
75.5 63.1353
75.51 63.1353
75.52 63.1353
75.53 0
75.54 0
75.55 0
75.56 79.1741
75.57 79.1741
75.58 79.1741
75.59 0
75.6 79.6988
75.61 0
75.62 306.25
75.63 306.25
75.64 306.25
75.65 0
75.66 190.744
75.67 191.264
75.68 193.421
75.69 193.875
75.7 194.07
75.71 194.07
75.72 194.07
75.73 194.07
75.74 194.07
75.75 0
75.76 0
75.77 194.559
75.78 0
75.79 0
75.8 0
75.81 187.261
75.82 187.261
75.83 187.261
75.84 187.261
75.85 186.076
75.86 186.076
75.87 231.496
75.88 231.496
75.89 231.496
75.9 231.496
75.91 0
75.92 37.628
75.93 37.628
75.94 37.628
75.95 0
75.96 188.462
75.97 188.232
75.98 188.232
75.99 188.232
76 188.232
76.01 188.232
76.02 188.232
76.03 188.232
76.04 188.232
76.05 188.232
76.06 188.232
76.07 179.755
76.08 172.266
76.09 172.266
76.1 172.266
76.11 0
76.12 523.22
76.13 523.22
76.14 523.22
76.15 523.22
76.16 523.22
76.17 0
76.18 0
76.19 171.997
76.2 172.828
76.21 172.715
76.22 172.449
76.23 172.449
76.24 172.468
76.25 172.866
76.26 173.111
76.27 172.806
76.28 172.806
76.29 172.806
76.3 172.806
76.31 172.806
76.32 0
76.33 260.698
76.34 260.675
76.35 260.814
76.36 260.814
76.37 260.713
76.38 260.362
76.39 260.69
76.4 260.69
76.41 265.307
76.42 259.412
76.43 256.769
76.44 259.63
76.45 256.964
76.46 253.033
76.47 264.072
76.48 257.593
76.49 257.593
76.5 261.462
76.51 262.216
76.52 261.369
76.53 261.369
76.54 261.369
76.55 261.369
76.56 261.906
76.57 262.891
76.58 262.891
76.59 262.891
76.6 0
76.61 263.591
76.62 0
76.63 264.115
76.64 263.962
76.65 263.934
76.66 263.94
76.67 263.94
76.68 263.546
76.69 263.846
76.7 263.923
76.71 263.431
76.72 263.546
76.73 263.668
76.74 262.912
76.75 263.143
76.76 263.365
76.77 263.365
76.78 263.365
76.79 263.365
76.8 263.365
76.81 0
76.82 175.931
76.83 176.048
76.84 175.697
76.85 175.697
76.86 175.697
76.87 0
76.88 519.379
76.89 519.034
76.9 519.034
76.91 0
76.92 261.22
76.93 0
76.94 262.302
76.95 0
76.96 525.368
76.97 527.297
76.98 528.274
76.99 528.998
77 529.607
77.01 528.596
77.02 527.512
77.03 525.298
77.04 522.803
77.05 523.054
77.06 523.168
77.07 523.054
77.08 522.512
77.09 522.512
77.1 522.335
77.11 521.613
77.12 522.131
77.13 520.236
77.14 520.236
77.15 520.236
77.16 520.236
77.17 504.962
77.18 515.036
77.19 516.022
77.2 518.269
77.21 521.739
77.22 522.174
77.23 522.091
77.24 521.825
77.25 522.022
77.26 521.551
77.27 521.629
77.28 527.793
77.29 527.092
77.3 529.831
77.31 530.917
77.32 530.917
77.33 533.077
77.34 533.077
77.35 532.095
77.36 532.095
77.37 532.095
77.38 532.095
77.39 532.095
77.4 0
77.41 525
77.42 534.33
77.43 534.33
77.44 0
77.45 266
77.46 266.304
77.47 266
77.48 265.246
77.49 263.045
77.5 263.586
77.51 263.586
77.52 259.412
77.53 259.603
77.54 259.603
77.55 259.603
77.56 259.603
77.57 0
77.58 517.164
77.59 515.455
77.6 515.455
77.61 0
77.62 0
77.63 263.707
77.64 263.441
77.65 263.501
77.66 263.284
77.67 262.684
77.68 261.213
77.69 261.213
77.7 261.213
77.71 261.213
77.72 260.081
77.73 262.5
77.74 259.194
77.75 263.069
77.76 277.608
77.77 267.814
77.78 265.307
77.79 265.766
77.8 265.766
77.81 265.766
77.82 265.973
77.83 265.064
77.84 262.153
77.85 262.669
77.86 262.848
77.87 264.642
77.88 264.248
77.89 264.248
77.9 264.248
77.91 264.33
77.92 265.206
77.93 265.112
77.94 265.954
77.95 267.678
77.96 267.678
77.97 267.678
77.98 267.678
77.99 267.678
78 0
78.01 87.2034
78.02 0
78.03 174.079
78.04 174.308
78.05 174.308
78.06 0
78.07 267.453
78.08 0
78.09 265.13
78.1 262.5
78.11 262.316
78.12 263.846
78.13 263.846
78.14 263.846
78.15 263.846
78.16 263.846
78.17 264.165
78.18 263.336
78.19 263.336
78.2 263.336
78.21 263.336
78.22 263.336
78.23 0
78.24 175.998
78.25 175.998
78.26 175.998
78.27 175.697
78.28 175.697
78.29 177.108
78.3 177.108
78.31 177.108
78.32 177.108
78.33 177.108
78.34 177.108
78.35 177.108
78.36 0
78.37 530.048
78.38 530.048
78.39 530.048
78.4 530.048
78.41 516.797
78.42 529.2
78.43 529.2
78.44 529.2
78.45 529.2
78.46 529.2
78.47 0
78.48 175.232
78.49 175.232
78.5 175.232
78.51 175.232
78.52 175.232
78.53 175.232
78.54 175.232
78.55 175.232
78.56 177.21
78.57 176.683
78.58 176.683
78.59 176.4
78.6 174.079
78.61 172.535
78.62 170.051
78.63 170.051
78.64 170.051
78.65 170.051
78.66 170.051
78.67 170.051
78.68 173.622
78.69 170.93
78.7 170.93
78.71 170.49
78.72 170.49
78.73 170.49
78.74 170.49
78.75 170.49
78.76 0
78.77 110.526
78.78 112.5
78.79 112.5
78.8 0
78.81 0
78.82 0
78.83 0
78.84 371.629
78.85 376.923
78.86 365.975
78.87 365.975
78.88 365.975
78.89 361.475
78.9 380.172
78.91 380.172
78.92 380.172
78.93 380.172
78.94 380.172
78.95 0
78.96 0
78.97 116.053
78.98 0
78.99 191.739
79 191.739
79.01 191.739
79.02 179.268
79.03 207.237
79.04 207.237
79.05 207.237
79.06 207.237
79.07 207.237
79.08 0
79.09 0
79.1 150
79.11 150
79.12 150
79.13 150
79.14 150
79.15 150
79.16 150
79.17 150
79.18 150
79.19 150
79.2 0
79.21 33.6128
79.22 0
79.23 16.0714
79.24 0
79.25 96.9231
79.26 97.7827
79.27 97.7827
79.28 0
79.29 0
79.3 0
79.31 0
79.32 0
79.33 0
79.34 0
79.35 0
