0.0 0
0.01 0
0.02 0
0.03 0
0.04 0
0.05 0
0.06 0
0.07 0
0.08 0
0.09 0
0.1 0
0.11 0
0.12 0
0.13 0
0.14 0
0.15 0
0.16 0
0.17 0
0.18 0
0.19 0
0.2 0
0.21 0
0.22 0
0.23 0
0.24 0
0.25 0
0.26 0
0.27 0
0.28 0
0.29 0
0.3 0
0.31 0
0.32 0
0.33 0
0.34 0
0.35000000000000003 0
0.36 0
0.37 0
0.38 0
0.39 0
0.4 0
0.41000000000000003 0
0.42 0
0.43 0
0.44 0
0.45 0
0.46 0
0.47000000000000003 0
0.48 0
0.49 0
0.5 0
0.51 0
0.52 0
0.53 0
0.54 0
0.55 0
0.56 0
0.5700000000000001 0
0.58 0
0.59 0
0.6 0
0.61 0
0.62 0
0.63 0
0.64 0
0.65 0
0.66 0
0.67 0
0.68 0
0.6900000000000001 0
0.7000000000000001 0
0.71 0
0.72 0
0.73 0
0.74 0
0.75 0
0.76 0
0.77 0
0.78 0
0.79 0
0.8 0
0.81 0
0.8200000000000001 0
0.8300000000000001 0
0.84 0
0.85 0
0.86 0
0.87 0
0.88 0
0.89 0
0.9 0
0.91 0
0.92 0
0.93 0
0.9400000000000001 0
0.9500000000000001 0
0.96 0
0.97 0
0.98 0
0.99 0
1.0 0
1.01 0
1.02 0
1.03 0
1.04 0
1.05 0
1.06 0
1.07 0
1.08 0
1.09 0
1.1 0
1.11 0
1.12 0
1.1300000000000001 0
1.1400000000000001 0
1.1500000000000001 0
1.16 0
1.17 0
1.18 0
1.19 0
1.2 0
1.21 0
1.22 0
1.23 0
1.24 0
1.25 0
1.26 0
1.27 0
1.28 0
1.29 0
1.3 0
1.31 0
1.32 0
1.33 0
1.34 0
1.35 0
1.36 0
1.37 0
1.3800000000000001 0
1.3900000000000001 0
1.4000000000000001 0
1.41 0
1.42 0
1.43 0
1.44 0
1.45 0
1.46 0
1.47 0
1.48 0
1.49 0
1.5 0
1.51 0
1.52 0
1.53 0
1.54 0
1.55 0
1.56 0
1.57 0
1.58 0
1.59 0
1.6 0
1.61 0
1.62 0
1.6300000000000001 0
1.6400000000000001 0
1.6500000000000001 0
1.6600000000000001 0
1.67 0
1.68 0
1.69 0
1.7 0
1.71 0
1.72 0
1.73 0
1.74 0
1.75 0
1.76 0
1.77 0
1.78 0
1.79 0
1.8 0
1.81 0
1.82 0
1.83 0
1.84 0
1.85 0
1.86 0
1.87 0
1.8800000000000001 0
1.8900000000000001 0
1.9000000000000001 0
1.9100000000000001 0
1.92 0
1.93 0
1.94 0
1.95 0
1.96 0
1.97 0
1.98 0
1.99 0
2.0 0
2.0100000000000002 0
2.02 0
2.0300000000000002 0
2.04 0
2.05 0
2.06 0
2.07 0
2.08 0
2.09 0
2.1 0
2.11 0
2.12 0
2.13 0
2.14 0
2.15 0
2.16 0
2.17 0
2.18 0
2.19 0
2.2 0
2.21 0
2.22 0
2.23 0
2.24 0
2.25 0
2.2600000000000002 0
2.27 0
2.2800000000000002 0
2.29 0
2.3000000000000003 0
2.31 0
2.32 0
2.33 0
2.34 0
2.35 0
2.36 0
2.37 0
2.38 0
2.39 0
2.4 0
2.41 0
2.42 0
2.43 0
2.44 0
2.45 0
2.46 0
2.47 0
2.48 0
2.49 0
2.5 0
2.5100000000000002 0
2.52 0
2.5300000000000002 0
2.54 0
2.5500000000000003 0
2.56 0
2.57 0
2.58 0
2.59 0
2.6 0
2.61 0
2.62 0
2.63 0
2.64 0
2.65 0
2.66 0
2.67 0
2.68 0
2.69 0
2.7 0
2.71 0
2.72 0
2.73 0
2.74 0
2.75 0
2.7600000000000002 0
2.77 0
2.7800000000000002 0
2.79 0
2.8000000000000003 0
2.81 0
2.82 0
2.83 0
2.84 0
2.85 0
2.86 0
2.87 0
2.88 0
2.89 0
2.9 0
2.91 0
2.92 0
2.93 0
2.94 0
2.95 0
2.96 0
2.97 0
2.98 0
2.99 0
3.0 0
3.0100000000000002 0
3.02 0
3.0300000000000002 0
3.04 0
3.0500000000000003 0
3.06 0
3.0700000000000003 0
3.08 0
3.09 0
3.1 0
3.11 0
3.12 0
3.13 0
3.14 0
3.15 0
3.16 0
3.17 0
3.18 0
3.19 0
3.2 0
3.21 0
3.22 0
3.23 0
3.24 0
3.25 0
3.2600000000000002 0
3.27 0
3.2800000000000002 0
3.29 0
3.3000000000000003 0
3.31 0
3.3200000000000003 0
3.33 0
3.34 0
3.35 0
3.36 0
3.37 0
3.38 0
3.39 0
3.4 0
3.41 0
3.42 0
3.43 0
3.44 0
3.45 0
3.46 0
3.47 0
3.48 0
3.49 0
3.5 0
3.5100000000000002 0
3.52 0
3.5300000000000002 0
3.54 0
3.5500000000000003 0
3.56 0
3.5700000000000003 0
3.58 0
3.59 0
3.6 0
3.61 0
3.62 0
3.63 0
3.64 0
3.65 0
3.66 0
3.67 0
3.68 0
3.69 0
3.7 0
3.71 0
3.72 0
3.73 0
3.74 0
3.75 0
3.7600000000000002 0
3.77 0
3.7800000000000002 0
3.79 0
3.8000000000000003 0
3.81 0
3.8200000000000003 0
3.83 0
3.84 0
3.85 0
3.86 0
3.87 0
3.88 0
3.89 0
3.9 0
3.91 0
3.92 0
3.93 0
3.94 0
3.95 0
3.96 0
3.97 0
3.98 0
3.99 0
4.0 0
4.01 0
4.0200000000000005 0
4.03 0
4.04 0
4.05 0
4.0600000000000005 0
4.07 0
4.08 0
4.09 0
4.1 0
4.11 0
4.12 0
4.13 0
4.14 0
4.15 0
4.16 0
4.17 0
4.18 0
4.19 0
4.2 0
4.21 0
4.22 0
4.23 0
4.24 0
4.25 0
4.26 0
4.2700000000000005 0
4.28 0
4.29 0
4.3 0
4.3100000000000005 0
4.32 0
4.33 0
4.34 0
4.3500000000000005 0
4.36 0
4.37 0
4.38 0
4.39 0
4.4 0
4.41 0
4.42 0
4.43 0
4.44 0
4.45 0
4.46 0
4.47 0
4.48 0
4.49 0
4.5 0
4.51 0
4.5200000000000005 0
4.53 0
4.54 0
4.55 0
4.5600000000000005 0
4.57 0
4.58 0
4.59 0
4.6000000000000005 0
4.61 0
4.62 0
4.63 0
4.64 0
4.65 0
4.66 0
4.67 0
4.68 0
4.69 0
4.7 0
4.71 0
4.72 0
4.73 0
4.74 0
4.75 0
4.76 0
4.7700000000000005 0
4.78 0
4.79 0
4.8 0
4.8100000000000005 0
4.82 0
4.83 0
4.84 0
4.8500000000000005 0
4.86 0
4.87 0
4.88 0
4.89 0
4.9 0
4.91 0
4.92 0
4.93 0
4.94 0
4.95 0
4.96 0
4.97 0
4.98 0
4.99 0
5.0 0
5.01 0
5.0200000000000005 0
5.03 0
5.04 0
5.05 0
5.0600000000000005 0
5.07 0
5.08 0
5.09 0
5.1000000000000005 0
5.11 0
5.12 0
5.13 0
5.14 0
5.15 0
5.16 0
5.17 0
5.18 0
5.19 0
5.2 0
5.21 0
5.22 0
5.23 0
5.24 0
5.25 0
5.26 0
5.2700000000000005 0
5.28 0
5.29 0
5.3 0
5.3100000000000005 0
5.32 0
5.33 0
5.34 0
5.3500000000000005 0
5.36 0
5.37 0
5.38 0
5.39 0
5.4 0
5.41 0
5.42 0
5.43 0
5.44 0
5.45 0
5.46 0
5.47 0
5.48 0
5.49 0
5.5 0
5.51 0
5.5200000000000005 0
5.53 0
5.54 0
5.55 0
5.5600000000000005 0
5.57 0
5.58 0
5.59 0
5.6000000000000005 0
5.61 0
5.62 0
5.63 0
5.64 0
5.65 0
5.66 0
5.67 0
5.68 0
5.69 0
5.7 0
5.71 0
5.72 0
5.73 0
5.74 0
5.75 0
5.76 0
5.7700000000000005 0
5.78 0
5.79 0
5.8 0
5.8100000000000005 0
5.82 0
5.83 0
5.84 0
5.8500000000000005 0
5.86 0
5.87 0
5.88 0
5.89 0
5.9 0
5.91 0
5.92 0
5.93 0
5.94 0
5.95 0
5.96 0
5.97 0
5.98 0
5.99 0
6.0 0
6.01 0
6.0200000000000005 0
6.03 0
6.04 0
6.05 0
6.0600000000000005 0
6.07 0
6.08 0
6.09 0
6.1000000000000005 0
6.11 0
6.12 0
6.13 0
6.140000000000001 0
6.15 0
6.16 0
6.17 0
6.18 0
6.19 0
6.2 0
6.21 0
6.22 0
6.23 0
6.24 0
6.25 0
6.26 0
6.2700000000000005 0
6.28 0
6.29 0
6.3 0
6.3100000000000005 0
6.32 0
6.33 0
6.34 0
6.3500000000000005 0
6.36 0
6.37 0
6.38 0
6.390000000000001 0
6.4 0
6.41 0
6.42 0
6.43 0
6.44 0
6.45 0
6.46 0
6.47 0
6.48 0
6.49 0
6.5 0
6.51 0
6.5200000000000005 0
6.53 0
6.54 0
6.55 0
6.5600000000000005 0
6.57 0
6.58 0
6.59 0
6.6000000000000005 0
6.61 0
6.62 0
6.63 0
6.640000000000001 0
6.65 0
6.66 0
6.67 0
6.68 0
6.69 0
6.7 0
6.71 0
6.72 0
6.73 0
6.74 0
6.75 0
6.76 0
6.7700000000000005 0
6.78 0
6.79 0
6.8 0
6.8100000000000005 0
6.82 0
6.83 0
6.84 0
6.8500000000000005 0
6.86 0
6.87 0
6.88 0
6.890000000000001 0
6.9 0
6.91 0
6.92 0
6.93 0
6.94 0
6.95 0
6.96 0
6.97 0
6.98 0
6.99 0
7.0 0
7.01 0
7.0200000000000005 0
7.03 0
7.04 0
7.05 0
7.0600000000000005 0
7.07 0
7.08 0
7.09 0
7.1000000000000005 0
7.11 0
7.12 0
7.13 0
7.140000000000001 0
7.15 0
7.16 0
7.17 0
7.18 0
7.19 0
7.2 0
7.21 0
7.22 0
7.23 0
7.24 0
7.25 0
7.26 0
7.2700000000000005 0
7.28 0
7.29 0
7.3 0
7.3100000000000005 0
7.32 0
7.33 0
7.34 0
7.3500000000000005 0
7.36 0
7.37 0
7.38 0
7.390000000000001 0
7.4 0
7.41 0
7.42 0
7.43 0
7.44 0
7.45 0
7.46 0
7.47 0
7.48 0
7.49 0
7.5 0
7.51 0
7.5200000000000005 0
7.53 0
7.54 0
7.55 0
7.5600000000000005 0
7.57 0
7.58 0
7.59 0
7.6000000000000005 0
7.61 0
7.62 0
7.63 0
7.640000000000001 0
7.65 0
7.66 0
7.67 0
7.68 0
7.69 0
7.7 0
7.71 0
7.72 0
7.73 0
7.74 0
7.75 0
7.76 0
7.7700000000000005 0
7.78 0
7.79 0
7.8 0
7.8100000000000005 0
7.82 0
7.83 0
7.84 0
7.8500000000000005 0
7.86 0
7.87 0
7.88 0
7.890000000000001 0
7.9 0
7.91 0
7.92 0
7.930000000000001 0
7.94 0
7.95 0
7.96 0
7.97 0
7.98 0
7.99 0
8.0 0
8.01 0
8.02 0
8.03 0
8.040000000000001 0
8.05 0
8.06 0
8.07 0
8.08 0
8.09 0
8.1 0
8.11 0
8.120000000000001 0
8.13 0
8.14 0
8.15 0
8.16 0
8.17 0
8.18 0
8.19 0
8.2 0
8.21 0
8.22 0
8.23 0
8.24 0
8.25 0
8.26 0
8.27 0
8.28 0
8.290000000000001 0
8.3 0
8.31 0
8.32 0
8.33 0
8.34 0
8.35 0
8.36 0
8.370000000000001 0
8.38 0
8.39 0
8.4 0
8.41 0
8.42 0
8.43 0
8.44 0
8.45 0
8.46 0
8.47 0
8.48 0
8.49 0
8.5 0
8.51 0
8.52 0
8.53 0
8.540000000000001 0
8.55 0
8.56 0
8.57 0
8.58 0
8.59 0
8.6 0
8.61 0
8.620000000000001 0
8.63 0
8.64 0
8.65 0
8.66 0
8.67 0
8.68 0
8.69 0
8.700000000000001 0
8.71 0
8.72 0
8.73 0
8.74 0
8.75 0
8.76 0
8.77 0
8.78 0
8.790000000000001 0
8.8 0
8.81 0
8.82 0
8.83 0
8.84 0
8.85 0
8.86 0
8.870000000000001 0
8.88 0
8.89 0
8.9 0
8.91 0
8.92 0
8.93 0
8.94 0
8.950000000000001 0
8.96 0
8.97 0
8.98 0
8.99 0
9.0 0
9.01 0
9.02 0
9.03 0
9.040000000000001 0
9.05 0
9.06 0
9.07 0
9.08 0
9.09 0
9.1 0
9.11 0
9.120000000000001 0
9.13 0
9.14 0
9.15 0
9.16 0
9.17 0
9.18 0
9.19 0
9.200000000000001 0
9.21 0
9.22 0
9.23 0
9.24 0
9.25 0
9.26 0
9.27 0
9.28 0
9.290000000000001 0
9.3 0
9.31 0
9.32 0
9.33 0
9.34 0
9.35 0
9.36 0
9.370000000000001 0
9.38 0
9.39 0
9.4 0
9.41 0
9.42 0
9.43 0
9.44 0
9.450000000000001 0
9.46 0
9.47 0
9.48 0
9.49 0
9.5 0
9.51 0
9.52 0
9.53 0
9.540000000000001 0
9.55 0
9.56 0
9.57 0
9.58 0
9.59 0
9.6 0
9.61 0
9.620000000000001 0
9.63 0
9.64 0
9.65 0
9.66 0
9.67 0
9.68 0
9.69 0
9.700000000000001 0
9.71 0
9.72 0
9.73 0
9.74 0
9.75 0
9.76 0
9.77 0
9.78 0
9.790000000000001 0
9.8 0
9.81 0
9.82 0
9.83 0
9.84 0
9.85 0
9.86 0
9.870000000000001 0
9.88 0
9.89 0
9.9 0
9.91 0
9.92 0
9.93 0
9.94 0
9.950000000000001 0
9.96 0
9.97 0
9.98 0
9.99 0
10.0 0
10.01 0
10.02 0
10.03 0
10.040000000000001 0
10.05 0
10.06 0
10.07 0
10.08 0
10.09 0
10.1 0
10.11 0
10.120000000000001 0
10.13 0
10.14 0
10.15 0
10.16 0
10.17 0
10.18 0
10.19 0
10.200000000000001 0
10.21 0
10.22 0
10.23 0
10.24 0
10.25 0
10.26 0
10.27 0
10.28 0
10.290000000000001 0
10.3 0
10.31 0
10.32 0
10.33 0
10.34 0
10.35 0
10.36 0
10.370000000000001 0
10.38 0
10.39 0
10.4 0
10.41 0
10.42 0
10.43 0
10.44 0
10.450000000000001 0
10.46 0
10.47 0
10.48 0
10.49 0
10.5 0
10.51 0
10.52 0
10.53 0
10.540000000000001 0
10.55 0
10.56 0
10.57 0
10.58 0
10.59 0
10.6 0
10.61 0
10.620000000000001 0
10.63 0
10.64 0
10.65 0
10.66 0
10.67 1
10.68 1
10.69 1
10.700000000000001 1
10.71 1
10.72 1
10.73 0
10.74 0
10.75 0
10.76 0
10.77 0
10.78 0
10.790000000000001 0
10.8 0
10.81 0
10.82 0
10.83 1
10.84 1
10.85 1
10.86 1
10.870000000000001 1
10.88 1
10.89 1
10.9 1
10.91 1
10.92 1
10.93 1
10.94 1
10.950000000000001 1
10.96 1
10.97 1
10.98 1
10.99 1
11.0 1
11.01 1
11.02 1
11.03 1
11.040000000000001 1
11.05 1
11.06 1
11.07 1
11.08 1
11.09 1
11.1 1
11.11 1
11.120000000000001 1
11.13 1
11.14 1
11.15 1
11.16 1
11.17 1
11.18 1
11.19 1
11.200000000000001 1
11.21 1
11.22 1
11.23 1
11.24 1
11.25 1
11.26 1
11.27 1
11.28 1
11.290000000000001 1
11.3 1
11.31 1
11.32 1
11.33 1
11.34 1
11.35 1
11.36 1
11.370000000000001 1
11.38 1
11.39 1
11.4 1
11.41 1
11.42 1
11.43 1
11.44 1
11.450000000000001 1
11.46 1
11.47 1
11.48 1
11.49 1
11.5 1
11.51 1
11.52 1
11.53 1
11.540000000000001 1
11.55 1
11.56 1
11.57 1
11.58 1
11.59 1
11.6 1
11.61 1
11.620000000000001 1
11.63 1
11.64 0
11.65 0
11.66 0
11.67 0
11.68 0
11.69 0
11.700000000000001 0
11.71 0
11.72 0
11.73 0
11.74 0
11.75 0
11.76 0
11.77 0
11.78 0
11.790000000000001 0
11.8 0
11.81 0
11.82 0
11.83 0
11.84 0
11.85 0
11.86 0
11.870000000000001 0
11.88 0
11.89 0
11.9 0
11.91 0
11.92 0
11.93 0
11.94 0
11.950000000000001 0
11.96 0
11.97 0
11.98 0
11.99 0
12.0 0
12.01 0
12.02 0
12.030000000000001 0
12.040000000000001 0
12.05 0
12.06 0
12.07 0
12.08 0
12.09 0
12.1 0
12.11 0
12.120000000000001 0
12.13 0
12.14 0
12.15 0
12.16 0
12.17 0
12.18 0
12.19 0
12.200000000000001 0
12.21 0
12.22 0
12.23 0
12.24 0
12.25 0
12.26 0
12.27 0
12.280000000000001 0
12.290000000000001 0
12.3 0
12.31 0
12.32 0
12.33 0
12.34 0
12.35 0
12.36 0
12.370000000000001 0
12.38 0
12.39 0
12.4 0
12.41 0
12.42 0
12.43 0
12.44 0
12.450000000000001 0
12.46 0
12.47 0
12.48 0
12.49 0
12.5 0
12.51 0
12.52 0
12.530000000000001 0
12.540000000000001 0
12.55 0
12.56 0
12.57 0
12.58 0
12.59 0
12.6 0
12.61 0
12.620000000000001 0
12.63 0
12.64 0
12.65 0
12.66 0
12.67 0
12.68 0
12.69 0
12.700000000000001 0
12.71 0
12.72 0
12.73 0
12.74 0
12.75 0
12.76 0
12.77 0
12.780000000000001 0
12.790000000000001 0
12.8 0
12.81 0
12.82 0
12.83 0
12.84 0
12.85 0
12.86 0
12.870000000000001 0
12.88 0
12.89 0
12.9 0
12.91 0
12.92 0
12.93 0
12.94 0
12.950000000000001 0
12.96 0
12.97 0
12.98 0
12.99 0
13.0 0
13.01 0
13.02 0
13.030000000000001 0
13.040000000000001 0
13.05 0
13.06 0
13.07 0
13.08 0
13.09 0
13.1 0
13.11 0
13.120000000000001 0
13.13 0
13.14 0
13.15 0
13.16 0
13.17 0
13.18 0
13.19 0
13.200000000000001 0
13.21 0
13.22 0
13.23 0
13.24 0
13.25 0
13.26 0
13.27 0
13.280000000000001 0
13.290000000000001 0
13.3 0
13.31 0
13.32 0
13.33 0
13.34 0
13.35 0
13.36 0
13.370000000000001 0
13.38 0
13.39 0
13.4 0
13.41 0
13.42 0
13.43 0
13.44 0
13.450000000000001 0
13.46 0
13.47 0
13.48 0
13.49 0
13.5 0
13.51 0
13.52 0
13.530000000000001 0
13.540000000000001 0
13.55 0
13.56 0
13.57 0
13.58 0
13.59 0
13.6 0
13.61 0
13.620000000000001 0
13.63 0
13.64 0
13.65 0
13.66 0
13.67 0
13.68 0
13.69 0
13.700000000000001 0
13.71 0
13.72 0
13.73 0
13.74 0
13.75 0
13.76 0
13.77 0
13.780000000000001 0
13.790000000000001 0
13.8 0
13.81 0
13.82 0
13.83 0
13.84 0
13.85 0
13.86 0
13.870000000000001 0
13.88 0
13.89 0
13.9 0
13.91 0
13.92 0
13.93 0
13.94 0
13.950000000000001 0
13.96 0
13.97 0
13.98 0
13.99 0
14.0 0
14.01 0
14.02 0
14.030000000000001 0
14.040000000000001 0
14.05 0
14.06 0
14.07 0
14.08 0
14.09 0
14.1 0
14.11 0
14.120000000000001 0
14.13 0
14.14 0
14.15 0
14.16 0
14.17 0
14.18 0
14.19 0
14.200000000000001 0
14.21 0
14.22 0
14.23 0
14.24 0
14.25 0
14.26 0
14.27 0
14.280000000000001 0
14.290000000000001 0
14.3 0
14.31 0
14.32 0
14.33 0
14.34 0
14.35 0
14.36 0
14.370000000000001 0
14.38 0
14.39 0
14.4 0
14.41 0
14.42 0
14.43 0
14.44 0
14.450000000000001 0
14.46 0
14.47 0
14.48 0
14.49 0
14.5 0
14.51 0
14.52 0
14.530000000000001 0
14.540000000000001 0
14.55 0
14.56 0
14.57 0
14.58 0
14.59 0
14.6 0
14.61 0
14.620000000000001 0
14.63 0
14.64 0
14.65 0
14.66 0
14.67 0
14.68 0
14.69 0
14.700000000000001 0
14.71 0
14.72 0
14.73 0
14.74 0
14.75 0
14.76 0
14.77 0
14.780000000000001 0
14.790000000000001 0
14.8 0
14.81 0
14.82 0
14.83 0
14.84 0
14.85 0
14.86 0
14.870000000000001 0
14.88 0
14.89 0
14.9 0
14.91 0
14.92 0
14.93 0
14.94 0
14.950000000000001 0
14.96 0
14.97 0
14.98 0
14.99 0
15.0 0
15.01 0
15.02 0
15.030000000000001 0
15.040000000000001 0
15.05 0
15.06 0
15.07 0
15.08 0
15.09 0
15.1 0
15.11 0
15.120000000000001 0
15.13 0
15.14 0
15.15 0
15.16 0
15.17 0
15.18 0
15.19 0
15.200000000000001 0
15.21 0
15.22 0
15.23 0
15.24 0
15.25 0
15.26 0
15.27 0
15.280000000000001 0
15.290000000000001 0
15.3 0
15.31 0
15.32 0
15.33 0
15.34 0
15.35 0
15.36 0
15.370000000000001 0
15.38 0
15.39 0
15.4 0
15.41 0
15.42 0
15.43 0
15.44 0
15.450000000000001 0
15.46 0
15.47 0
15.48 0
15.49 0
15.5 0
15.51 0
15.52 0
15.530000000000001 0
15.540000000000001 0
15.55 0
15.56 0
15.57 0
15.58 0
15.59 0
15.6 0
15.610000000000001 0
15.620000000000001 0
15.63 0
15.64 0
15.65 0
15.66 0
15.67 0
15.68 0
15.69 0
15.700000000000001 0
15.71 0
15.72 0
15.73 0
15.74 0
15.75 0
15.76 0
15.77 0
15.780000000000001 0
15.790000000000001 0
15.8 0
15.81 0
15.82 0
15.83 0
15.84 0
15.85 0
15.860000000000001 0
15.870000000000001 0
15.88 0
15.89 0
15.9 0
15.91 0
15.92 0
15.93 0
15.94 0
15.950000000000001 0
15.96 0
15.97 0
15.98 0
15.99 0
16.0 0
16.01 0
16.02 0
16.03 0
16.04 0
16.05 0
16.06 0
16.07 0
16.080000000000002 0
16.09 0
16.1 0
16.11 0
16.12 0
16.13 0
16.14 0
16.15 0
16.16 0
16.17 0
16.18 0
16.19 0
16.2 0
16.21 0
16.22 0
16.23 0
16.240000000000002 0
16.25 0
16.26 0
16.27 0
16.28 0
16.29 0
16.3 0
16.31 0
16.32 0
16.330000000000002 0
16.34 0
16.35 0
16.36 0
16.37 0
16.38 0
16.39 0
16.4 0
16.41 0
16.42 0
16.43 0
16.44 0
16.45 0
16.46 0
16.47 0
16.48 0
16.490000000000002 0
16.5 0
16.51 0
16.52 0
16.53 0
16.54 0
16.55 0
16.56 0
16.57 0
16.580000000000002 0
16.59 0
16.6 0
16.61 0
16.62 0
16.63 0
16.64 0
16.65 0
16.66 0
16.67 0
16.68 0
16.69 0
16.7 0
16.71 0
16.72 0
16.73 0
16.740000000000002 0
16.75 0
16.76 0
16.77 0
16.78 0
16.79 0
16.8 0
16.81 0
16.82 0
16.830000000000002 0
16.84 0
16.85 0
16.86 0
16.87 0
16.88 0
16.89 0
16.9 0
16.91 0
16.92 0
16.93 0
16.94 0
16.95 0
16.96 0
16.97 0
16.98 0
16.990000000000002 0
17.0 0
17.01 0
17.02 0
17.03 0
17.04 0
17.05 0
17.06 0
17.07 0
17.080000000000002 1
17.09 1
17.1 1
17.11 1
17.12 1
17.13 1
17.14 1
17.150000000000002 1
17.16 1
17.17 1
17.18 1
17.19 1
17.2 0
17.21 0
17.22 0
17.23 0
17.240000000000002 0
17.25 0
17.26 0
17.27 0
17.28 0
17.29 0
17.3 0
17.31 0
17.32 0
17.330000000000002 0
17.34 0
17.35 0
17.36 0
17.37 0
17.38 0
17.39 1
17.400000000000002 1
17.41 1
17.42 1
17.43 1
17.44 1
17.45 1
17.46 0
17.47 0
17.48 0
17.490000000000002 0
17.5 0
17.51 0
17.52 0
17.53 0
17.54 0
17.55 0
17.56 0
17.57 0
17.580000000000002 0
17.59 0
17.6 0
17.61 0
17.62 0
17.63 0
17.64 0
17.650000000000002 0
17.66 0
17.67 0
17.68 0
17.69 0
17.7 0
17.71 0
17.72 0
17.73 0
17.740000000000002 0
17.75 0
17.76 0
17.77 0
17.78 0
17.79 0
17.8 0
17.81 0
17.82 0
17.830000000000002 0
17.84 0
17.85 0
17.86 0
17.87 0
17.88 0
17.89 0
17.900000000000002 0
17.91 0
17.92 0
17.93 0
17.94 0
17.95 0
17.96 0
17.97 0
17.98 0
17.990000000000002 0
18.0 0
18.01 0
18.02 0
18.03 0
18.04 0
18.05 0
18.06 0
18.07 0
18.080000000000002 1
18.09 1
18.1 1
18.11 1
18.12 1
18.13 1
18.14 1
18.150000000000002 1
18.16 1
18.17 1
18.18 1
18.19 1
18.2 1
18.21 1
18.22 1
18.23 1
18.240000000000002 1
18.25 1
18.26 1
18.27 1
18.28 1
18.29 1
18.3 1
18.31 1
18.32 1
18.330000000000002 1
18.34 1
18.35 1
18.36 1
18.37 1
18.38 1
18.39 1
18.400000000000002 0
18.41 0
18.42 0
18.43 0
18.44 0
18.45 0
18.46 0
18.47 0
18.48 0
18.490000000000002 0
18.5 0
18.51 0
18.52 0
18.53 0
18.54 0
18.55 0
18.56 0
18.57 0
18.580000000000002 0
18.59 0
18.6 0
18.61 0
18.62 0
18.63 0
18.64 0
18.650000000000002 0
18.66 0
18.67 0
18.68 0
18.69 0
18.7 0
18.71 0
18.72 0
18.73 0
18.740000000000002 0
18.75 0
18.76 0
18.77 0
18.78 0
18.79 0
18.8 0
18.81 0
18.82 0
18.830000000000002 0
18.84 0
18.85 0
18.86 0
18.87 0
18.88 0
18.89 0
18.900000000000002 0
18.91 0
18.92 0
18.93 0
18.94 0
18.95 0
18.96 0
18.97 0
18.98 0
18.990000000000002 0
19.0 0
19.01 0
19.02 0
19.03 0
19.04 0
19.05 0
19.06 0
19.07 0
19.080000000000002 0
19.09 0
19.1 0
19.11 0
19.12 0
19.13 0
19.14 0
19.150000000000002 0
19.16 0
19.17 0
19.18 0
19.19 0
19.2 0
19.21 0
19.22 0
19.23 0
19.240000000000002 0
19.25 0
19.26 0
19.27 0
19.28 0
19.29 0
19.3 0
19.31 0
19.32 0
19.330000000000002 0
19.34 0
19.35 0
19.36 0
19.37 0
19.38 0
19.39 0
19.400000000000002 0
19.41 0
19.42 0
19.43 0
19.44 0
19.45 0
19.46 0
19.47 0
19.48 0
19.490000000000002 0
19.5 0
19.51 0
19.52 0
19.53 0
19.54 0
19.55 0
19.56 0
19.57 1
19.580000000000002 1
19.59 1
19.6 1
19.61 1
19.62 1
19.63 1
19.64 0
19.650000000000002 0
19.66 0
19.67 0
19.68 0
19.69 0
19.7 0
19.71 0
19.72 0
19.73 0
19.740000000000002 0
19.75 0
19.76 0
19.77 0
19.78 0
19.79 0
19.8 0
19.81 0
19.82 0
19.830000000000002 1
19.84 1
19.85 1
19.86 1
19.87 1
19.88 1
19.89 1
19.900000000000002 1
19.91 1
19.92 1
19.93 1
19.94 1
19.95 1
19.96 1
19.97 1
19.98 1
19.990000000000002 1
20.0 1
20.01 1
20.02 1
20.03 1
20.04 1
20.05 1
20.06 1
20.07 1
20.080000000000002 1
20.09 1
20.1 1
20.11 1
20.12 1
20.13 1
20.14 1
20.150000000000002 1
20.16 1
20.17 1
20.18 1
20.19 1
20.2 1
20.21 1
20.22 1
20.23 1
20.240000000000002 1
20.25 1
20.26 1
20.27 1
20.28 1
20.29 1
20.3 1
20.31 1
20.32 1
20.330000000000002 1
20.34 1
20.35 1
20.36 1
20.37 1
20.38 1
20.39 1
20.400000000000002 1
20.41 1
20.42 1
20.43 1
20.44 1
20.45 1
20.46 1
20.47 1
20.48 1
20.490000000000002 1
20.5 1
20.51 1
20.52 1
20.53 1
20.54 1
20.55 1
20.56 1
20.57 1
20.580000000000002 1
20.59 1
20.6 1
20.61 1
20.62 1
20.63 1
20.64 0
20.650000000000002 1
20.66 1
20.67 1
20.68 1
20.69 1
20.7 1
20.71 0
20.72 0
20.73 1
20.740000000000002 1
20.75 1
20.76 1
20.77 1
20.78 1
20.79 1
20.8 1
20.81 0
20.82 0
20.830000000000002 0
20.84 1
20.85 1
20.86 1
20.87 1
20.88 1
20.89 1
20.900000000000002 0
20.91 1
20.92 0
20.93 0
20.94 0
20.95 0
20.96 0
20.97 0
20.98 0
20.990000000000002 0
21.0 0
21.01 0
21.02 0
21.03 0
21.04 0
21.05 0
21.06 0
21.07 0
21.080000000000002 0
21.09 0
21.1 0
21.11 0
21.12 0
21.13 0
21.14 0
21.150000000000002 0
21.16 0
21.17 0
21.18 0
21.19 0
21.2 0
21.21 0
21.22 0
21.23 0
21.240000000000002 0
21.25 0
21.26 0
21.27 0
21.28 0
21.29 0
21.3 0
21.31 0
21.32 0
21.330000000000002 0
21.34 0
21.35 0
21.36 0
21.37 0
21.38 0
21.39 0
21.400000000000002 0
21.41 0
21.42 0
21.43 0
21.44 0
21.45 0
21.46 0
21.47 0
21.48 0
21.490000000000002 0
21.5 0
21.51 0
21.52 0
21.53 0
21.54 0
21.55 0
21.56 0
21.57 0
21.580000000000002 0
21.59 0
21.6 0
21.61 0
21.62 0
21.63 0
21.64 0
21.650000000000002 0
21.66 0
21.67 0
21.68 0
21.69 0
21.7 0
21.71 0
21.72 0
21.73 0
21.740000000000002 0
21.75 0
21.76 0
21.77 0
21.78 0
21.79 0
21.8 0
21.81 0
21.82 0
21.830000000000002 0
21.84 0
21.85 0
21.86 0
21.87 0
21.88 0
21.89 0
21.900000000000002 0
21.91 0
21.92 0
21.93 0
21.94 0
21.95 0
21.96 0
21.97 0
21.98 0
21.990000000000002 0
22.0 0
22.01 0
22.02 0
22.03 0
22.04 0
22.05 0
22.06 0
22.07 0
22.080000000000002 0
22.09 0
22.1 0
22.11 0
22.12 0
22.13 0
22.14 0
22.150000000000002 0
22.16 0
22.17 0
22.18 0
22.19 0
22.2 0
22.21 0
22.22 0
22.23 0
22.240000000000002 0
22.25 0
22.26 0
22.27 0
22.28 0
22.29 0
22.3 0
22.31 0
22.32 0
22.330000000000002 0
22.34 0
22.35 0
22.36 0
22.37 0
22.38 0
22.39 0
22.400000000000002 0
22.41 0
22.42 0
22.43 0
22.44 0
22.45 0
22.46 0
22.47 0
22.48 0
22.490000000000002 0
22.5 0
22.51 0
22.52 0
22.53 0
22.54 0
22.55 0
22.56 0
22.57 0
22.580000000000002 0
22.59 0
22.6 0
22.61 0
22.62 0
22.63 0
22.64 0
22.650000000000002 0
22.66 0
22.67 0
22.68 0
22.69 0
22.7 0
22.71 0
22.72 0
22.73 0
22.740000000000002 0
22.75 0
22.76 0
22.77 0
22.78 0
22.79 0
22.8 0
22.81 0
22.82 0
22.830000000000002 0
22.84 0
22.85 0
22.86 0
22.87 0
22.88 0
22.89 0
22.900000000000002 0
22.91 0
22.92 0
22.93 0
22.94 0
22.95 0
22.96 0
22.97 0
22.98 0
22.990000000000002 0
23.0 0
23.01 0
23.02 0
23.03 0
23.04 0
23.05 0
23.06 0
23.07 0
23.080000000000002 0
23.09 0
23.1 0
23.11 0
23.12 0
23.13 0
23.14 0
23.150000000000002 0
23.16 0
23.17 0
23.18 0
23.19 0
23.2 0
23.21 0
23.22 0
23.23 0
23.240000000000002 0
23.25 0
23.26 0
23.27 0
23.28 0
23.29 0
23.3 0
23.31 0
23.32 0
23.330000000000002 0
23.34 0
23.35 0
23.36 0
23.37 0
23.38 0
23.39 0
23.400000000000002 0
23.41 0
23.42 0
23.43 0
23.44 0
23.45 0
23.46 0
23.47 0
23.48 0
23.490000000000002 0
23.5 0
23.51 0
23.52 0
23.53 0
23.54 0
23.55 0
23.56 0
23.57 0
23.580000000000002 0
23.59 0
23.6 0
23.61 0
23.62 0
23.63 0
23.64 0
23.650000000000002 0
23.66 0
23.67 0
23.68 0
23.69 0
23.7 0
23.71 0
23.72 0
23.73 0
23.740000000000002 0
23.75 0
23.76 0
23.77 0
23.78 0
23.79 0
23.8 0
23.81 0
23.82 0
23.830000000000002 0
23.84 0
23.85 0
23.86 0
23.87 0
23.88 0
23.89 0
23.900000000000002 0
23.91 0
23.92 0
23.93 0
23.94 0
23.95 0
23.96 0
23.97 0
23.98 0
23.990000000000002 0
24.0 0
24.01 0
24.02 0
24.03 0
24.04 0
24.05 0
24.060000000000002 0
24.07 0
24.080000000000002 0
24.09 0
24.1 0
24.11 0
24.12 0
24.13 0
24.14 0
24.150000000000002 0
24.16 0
24.17 0
24.18 0
24.19 0
24.2 0
24.21 0
24.22 0
24.23 0
24.240000000000002 0
24.25 0
24.26 0
24.27 0
24.28 0
24.29 0
24.3 0
24.310000000000002 0
24.32 0
24.330000000000002 0
24.34 0
24.35 0
24.36 0
24.37 0
24.38 0
24.39 0
24.400000000000002 0
24.41 0
24.42 0
24.43 0
24.44 0
24.45 0
24.46 0
24.47 0
24.48 0
24.490000000000002 0
24.5 0
24.51 0
24.52 0
24.53 0
24.54 0
24.55 0
24.560000000000002 0
24.57 0
24.580000000000002 0
24.59 0
24.6 0
24.61 0
24.62 0
24.63 0
24.64 0
24.650000000000002 0
24.66 0
24.67 0
24.68 0
24.69 0
24.7 0
24.71 0
24.72 0
24.73 0
24.740000000000002 0
24.75 0
24.76 0
24.77 0
24.78 0
24.79 0
24.8 0
24.810000000000002 0
24.82 0
24.830000000000002 0
24.84 0
24.85 0
24.86 0
24.87 0
24.88 0
24.89 0
24.900000000000002 0
24.91 0
24.92 0
24.93 0
24.94 0
24.95 0
24.96 0
24.97 0
24.98 0
24.990000000000002 0
25.0 0
25.01 0
25.02 0
25.03 0
25.04 0
25.05 0
25.060000000000002 0
25.07 0
25.080000000000002 0
25.09 0
25.1 0
25.11 0
25.12 0
25.13 0
25.14 0
25.150000000000002 0
25.16 0
25.17 0
25.18 0
25.19 0
25.2 0
25.21 0
25.22 0
25.23 0
25.240000000000002 0
25.25 0
25.26 0
25.27 0
25.28 0
25.29 0
25.3 0
25.310000000000002 0
25.32 0
25.330000000000002 0
25.34 0
25.35 0
25.36 0
25.37 0
25.38 0
25.39 0
25.400000000000002 0
25.41 0
25.42 0
25.43 0
25.44 1
25.45 1
25.46 1
25.47 1
25.48 1
25.490000000000002 1
25.5 1
25.51 1
25.52 1
25.53 1
25.54 1
25.55 1
25.560000000000002 1
25.57 1
25.580000000000002 1
25.59 1
25.6 1
25.61 1
25.62 1
25.63 1
25.64 1
25.650000000000002 1
25.66 1
25.67 1
25.68 1
25.69 1
25.7 1
25.71 1
25.72 1
25.73 1
25.740000000000002 1
25.75 1
25.76 1
25.77 1
25.78 1
25.79 1
25.8 1
25.810000000000002 1
25.82 1
25.830000000000002 1
25.84 1
25.85 1
25.86 1
25.87 1
25.88 1
25.89 1
25.900000000000002 1
25.91 1
25.92 1
25.93 1
25.94 1
25.95 1
25.96 1
25.97 1
25.98 1
25.990000000000002 1
26.0 1
26.01 1
26.02 1
26.03 1
26.04 1
26.05 1
26.060000000000002 1
26.07 1
26.080000000000002 1
26.09 1
26.1 1
26.11 1
26.12 1
26.13 1
26.14 1
26.150000000000002 1
26.16 1
26.17 1
26.18 1
26.19 1
26.2 1
26.21 1
26.22 1
26.23 1
26.240000000000002 1
26.25 1
26.26 1
26.27 1
26.28 1
26.29 1
26.3 1
26.310000000000002 1
26.32 1
26.330000000000002 1
26.34 1
26.35 1
26.36 1
26.37 1
26.38 1
26.39 1
26.400000000000002 1
26.41 1
26.42 1
26.43 1
26.44 1
26.45 1
26.46 1
26.47 1
26.48 1
26.490000000000002 1
26.5 1
26.51 1
26.52 1
26.53 1
26.54 1
26.55 1
26.560000000000002 1
26.57 1
26.580000000000002 1
26.59 1
26.6 1
26.61 1
26.62 1
26.63 1
26.64 1
26.650000000000002 1
26.66 1
26.67 0
26.68 0
26.69 0
26.7 0
26.71 0
26.72 0
26.73 0
26.740000000000002 0
26.75 0
26.76 0
26.77 0
26.78 0
26.79 0
26.8 0
26.810000000000002 0
26.82 0
26.830000000000002 0
26.84 0
26.85 0
26.86 0
26.87 0
26.88 0
26.89 0
26.900000000000002 0
26.91 0
26.92 0
26.93 0
26.94 0
26.95 0
26.96 0
26.97 0
26.98 0
26.990000000000002 0
27.0 0
27.01 0
27.02 0
27.03 0
27.04 0
27.05 0
27.060000000000002 0
27.07 0
27.080000000000002 0
27.09 0
27.1 0
27.11 0
27.12 0
27.13 0
27.14 0
27.150000000000002 0
27.16 0
27.17 0
27.18 0
27.19 0
27.2 0
27.21 0
27.22 0
27.23 0
27.240000000000002 0
27.25 0
27.26 0
27.27 0
27.28 0
27.29 0
27.3 0
27.310000000000002 0
27.32 0
27.330000000000002 0
27.34 0
27.35 0
27.36 0
27.37 0
27.38 0
27.39 0
27.400000000000002 0
27.41 0
27.42 0
27.43 0
27.44 0
27.45 0
27.46 0
27.47 0
27.48 0
27.490000000000002 0
27.5 0
27.51 0
27.52 0
27.53 0
27.54 0
27.55 0
27.560000000000002 0
27.57 0
27.580000000000002 0
27.59 0
27.6 0
27.61 0
27.62 0
27.63 0
27.64 0
27.650000000000002 0
27.66 0
27.67 0
27.68 0
27.69 0
27.7 0
27.71 0
27.72 0
27.73 0
27.740000000000002 0
27.75 0
27.76 0
27.77 0
27.78 0
27.79 0
27.8 0
27.810000000000002 0
27.82 0
27.830000000000002 0
27.84 0
27.85 0
27.86 0
27.87 0
27.88 0
27.89 0
27.900000000000002 0
27.91 0
27.92 0
27.93 0
27.94 0
27.95 0
27.96 0
27.97 0
27.98 0
27.990000000000002 0
28.0 0
28.01 0
28.02 0
28.03 0
28.04 0
28.05 0
28.060000000000002 0
28.07 0
28.080000000000002 0
28.09 0
28.1 0
28.11 0
28.12 0
28.13 0
28.14 0
28.150000000000002 0
28.16 0
28.17 0
28.18 0
28.19 0
28.2 0
28.21 0
28.22 0
28.23 0
28.240000000000002 0
28.25 0
28.26 0
28.27 0
28.28 0
28.29 0
28.3 0
28.310000000000002 0
28.32 0
28.330000000000002 0
28.34 0
28.35 0
28.36 0
28.37 0
28.38 0
28.39 0
28.400000000000002 0
28.41 0
28.42 0
28.43 0
28.44 0
28.45 0
28.46 0
28.47 0
28.48 0
28.490000000000002 0
28.5 0
28.51 0
28.52 0
28.53 0
28.54 0
28.55 0
28.560000000000002 0
28.57 0
28.580000000000002 0
28.59 0
28.6 0
28.61 0
28.62 0
28.63 0
28.64 0
28.650000000000002 0
28.66 0
28.67 0
28.68 0
28.69 0
28.7 0
28.71 0
28.72 0
28.73 0
28.740000000000002 0
28.75 0
28.76 0
28.77 0
28.78 0
28.79 0
28.8 0
28.810000000000002 0
28.82 0
28.830000000000002 0
28.84 0
28.85 0
28.86 0
28.87 0
28.88 0
28.89 0
28.900000000000002 0
28.91 0
28.92 0
28.93 0
28.94 0
28.95 0
28.96 0
28.97 0
28.98 0
28.990000000000002 0
29.0 0
29.01 0
29.02 0
29.03 0
29.04 0
29.05 0
29.060000000000002 0
29.07 0
29.080000000000002 0
29.09 0
29.1 0
29.11 0
29.12 0
29.13 0
29.14 0
29.150000000000002 0
29.16 0
29.17 0
29.18 0
29.19 0
29.2 0
29.21 0
29.22 0
29.23 0
29.240000000000002 0
29.25 0
29.26 0
29.27 0
29.28 0
29.29 0
29.3 0
29.310000000000002 0
29.32 0
29.330000000000002 0
29.34 0
29.35 0
29.36 0
29.37 0
29.38 0
29.39 0
29.400000000000002 0
29.41 0
29.42 0
29.43 0
29.44 0
29.45 0
29.46 0
29.47 0
29.48 0
29.490000000000002 0
29.5 1
29.51 1
29.52 1
29.53 1
29.54 1
29.55 1
29.560000000000002 1
29.57 1
29.580000000000002 1
29.59 1
29.6 1
29.61 1
29.62 1
29.63 1
29.64 1
29.650000000000002 1
29.66 1
29.67 1
29.68 1
29.69 1
29.7 1
29.71 1
29.72 1
29.73 1
29.740000000000002 1
29.75 1
29.76 1
29.77 1
29.78 1
29.79 1
29.8 1
29.810000000000002 1
29.82 1
29.830000000000002 1
29.84 1
29.85 1
29.86 1
29.87 1
29.88 1
29.89 1
29.900000000000002 1
29.91 1
29.92 1
29.93 1
29.94 1
29.95 1
29.96 1
29.97 1
29.98 1
29.990000000000002 1
30.0 1
30.01 1
30.02 1
30.03 1
30.04 1
30.05 1
30.060000000000002 1
30.07 1
30.080000000000002 1
30.09 1
30.1 1
30.11 1
30.12 1
30.13 1
30.14 1
30.150000000000002 1
30.16 1
30.17 0
30.18 0
30.19 0
30.2 0
30.21 0
30.22 0
30.23 0
30.240000000000002 0
30.25 0
30.26 0
30.27 0
30.28 0
30.29 0
30.3 0
30.310000000000002 0
30.32 0
30.330000000000002 0
30.34 0
30.35 0
30.36 0
30.37 0
30.38 0
30.39 0
30.400000000000002 0
30.41 0
30.42 0
30.43 0
30.44 0
30.45 0
30.46 0
30.47 0
30.48 0
30.490000000000002 0
30.5 0
30.51 0
30.52 0
30.53 0
30.54 0
30.55 0
30.560000000000002 0
30.57 0
30.580000000000002 0
30.59 0
30.6 0
30.61 0
30.62 0
30.63 0
30.64 0
30.650000000000002 0
30.66 0
30.67 0
30.68 0
30.69 0
30.7 0
30.71 0
30.72 1
30.73 1
30.740000000000002 1
30.75 1
30.76 0
30.77 0
30.78 0
30.79 0
30.8 0
30.810000000000002 0
30.82 0
30.830000000000002 0
30.84 0
30.85 0
30.86 0
30.87 0
30.88 0
30.89 0
30.900000000000002 0
30.91 0
30.92 0
30.93 0
30.94 0
30.95 0
30.96 0
30.970000000000002 0
30.98 0
30.990000000000002 0
31.0 0
31.01 0
31.02 0
31.03 0
31.04 0
31.05 0
31.060000000000002 0
31.07 0
31.080000000000002 0
31.09 0
31.1 0
31.11 0
31.12 0
31.13 0
31.14 0
31.150000000000002 0
31.16 0
31.17 0
31.18 0
31.19 0
31.2 0
31.21 0
31.220000000000002 0
31.23 0
31.240000000000002 0
31.25 0
31.26 0
31.27 0
31.28 0
31.29 0
31.3 0
31.310000000000002 0
31.32 0
31.330000000000002 0
31.34 0
31.35 0
31.36 0
31.37 0
31.38 0
31.39 0
31.400000000000002 0
31.41 0
31.42 0
31.43 0
31.44 0
31.45 0
31.46 0
31.470000000000002 0
31.48 0
31.490000000000002 0
31.5 0
31.51 0
31.52 1
31.53 1
31.54 1
31.55 1
31.560000000000002 1
31.57 1
31.580000000000002 1
31.59 1
31.6 1
31.61 1
31.62 1
31.63 1
31.64 1
31.650000000000002 1
31.66 1
31.67 1
31.68 1
31.69 1
31.7 1
31.71 1
31.720000000000002 1
31.73 1
31.740000000000002 1
31.75 1
31.76 1
31.77 1
31.78 1
31.79 1
31.8 1
31.810000000000002 1
31.82 1
31.830000000000002 1
31.84 1
31.85 1
31.86 1
31.87 1
31.88 1
31.89 1
31.900000000000002 1
31.91 1
31.92 1
31.93 1
31.94 1
31.95 1
31.96 1
31.970000000000002 1
31.98 1
31.990000000000002 0
32.0 0
32.01 1
32.02 1
32.03 1
32.04 1
32.05 1
32.06 1
32.07 1
32.08 1
32.09 1
32.1 0
32.11 0
32.12 1
32.13 1
32.14 1
32.15 0
32.160000000000004 1
32.17 1
32.18 0
32.19 1
32.2 1
32.21 1
32.22 1
32.230000000000004 1
32.24 1
32.25 0
32.26 1
32.27 1
32.28 1
32.29 1
32.3 1
32.31 1
32.32 0
32.33 1
32.34 1
32.35 1
32.36 0
32.37 0
32.38 1
32.39 1
32.4 1
32.410000000000004 1
32.42 1
32.43 1
32.44 1
32.45 1
32.46 1
32.47 1
32.480000000000004 1
32.49 1
32.5 1
32.51 1
32.52 0
32.53 0
32.54 0
32.55 0
32.56 0
32.57 0
32.58 0
32.59 0
32.6 0
32.61 0
32.62 0
32.63 0
32.64 0
32.65 0
32.660000000000004 0
32.67 0
32.68 0
32.69 0
32.7 0
32.71 0
32.72 0
32.730000000000004 0
32.74 0
32.75 0
32.76 0
32.77 0
32.78 0
32.79 0
32.8 0
32.81 0
32.82 0
32.83 0
32.84 0
32.85 0
32.86 0
32.87 0
32.88 0
32.89 0
32.9 0
32.910000000000004 0
32.92 0
32.93 0
32.94 0
32.95 0
32.96 0
32.97 0
32.980000000000004 0
32.99 0
33.0 0
33.01 0
33.02 0
33.03 0
33.04 0
33.05 0
33.06 0
33.07 0
33.08 0
33.09 0
33.1 0
33.11 0
33.12 0
33.13 0
33.14 1
33.15 1
33.160000000000004 1
33.17 1
33.18 1
33.19 1
33.2 1
33.21 1
33.22 1
33.230000000000004 1
33.24 1
33.25 1
33.26 1
33.27 1
33.28 1
33.29 1
33.3 1
33.31 1
33.32 1
33.33 1
33.34 1
33.35 1
33.36 1
33.37 1
33.38 1
33.39 1
33.4 1
33.410000000000004 1
33.42 1
33.43 1
33.44 1
33.45 1
33.46 1
33.47 1
33.480000000000004 1
33.49 1
33.5 1
33.51 1
33.52 1
33.53 1
33.54 1
33.55 1
33.56 1
33.57 1
33.58 1
33.59 1
33.6 1
33.61 1
33.62 1
33.63 1
33.64 1
33.65 1
33.660000000000004 1
33.67 1
33.68 1
33.69 1
33.7 0
33.71 0
33.72 0
33.730000000000004 0
33.74 0
33.75 0
33.76 0
33.77 0
33.78 0
33.79 0
33.8 0
33.81 0
33.82 0
33.83 0
33.84 0
33.85 0
33.86 0
33.87 0
33.88 0
33.89 0
33.9 0
33.910000000000004 0
33.92 0
33.93 0
33.94 0
33.95 0
33.96 0
33.97 0
33.980000000000004 0
33.99 0
34.0 0
34.01 0
34.02 0
34.03 0
34.04 0
34.05 0
34.06 0
34.07 0
34.08 0
34.09 0
34.1 0
34.11 0
34.12 0
34.13 0
34.14 0
34.15 0
34.160000000000004 0
34.17 0
34.18 0
34.19 0
34.2 0
34.21 0
34.22 0
34.230000000000004 0
34.24 0
34.25 0
34.26 0
34.27 0
34.28 0
34.29 0
34.300000000000004 0
34.31 0
34.32 0
34.33 0
34.34 0
34.35 0
34.36 0
34.37 0
34.38 0
34.39 0
34.4 0
34.410000000000004 0
34.42 0
34.43 0
34.44 0
34.45 0
34.46 0
34.47 0
34.480000000000004 0
34.49 0
34.5 0
34.51 0
34.52 0
34.53 0
34.54 0
34.550000000000004 0
34.56 0
34.57 0
34.58 0
34.59 0
34.6 0
34.61 0
34.62 0
34.63 0
34.64 0
34.65 0
34.660000000000004 0
34.67 0
34.68 0
34.69 0
34.7 0
34.71 0
34.72 0
34.730000000000004 0
34.74 0
34.75 0
34.76 0
34.77 0
34.78 0
34.79 0
34.800000000000004 0
34.81 0
34.82 0
34.83 0
34.84 0
34.85 0
34.86 0
34.87 0
34.88 0
34.89 0
34.9 0
34.910000000000004 0
34.92 0
34.93 0
34.94 0
34.95 0
34.96 0
34.97 0
34.980000000000004 0
34.99 0
35.0 0
35.01 0
35.02 0
35.03 0
35.04 0
35.050000000000004 0
35.06 0
35.07 0
35.08 0
35.09 0
35.1 0
35.11 0
35.12 0
35.13 0
35.14 0
35.15 0
35.160000000000004 0
35.17 0
35.18 0
35.19 0
35.2 0
35.21 0
35.22 0
35.230000000000004 0
35.24 0
35.25 0
35.26 0
35.27 0
35.28 0
35.29 0
35.300000000000004 0
35.31 0
35.32 0
35.33 0
35.34 0
35.35 0
35.36 0
35.37 0
35.38 0
35.39 0
35.4 0
35.410000000000004 0
35.42 0
35.43 0
35.44 0
35.45 0
35.46 0
35.47 0
35.480000000000004 0
35.49 0
35.5 0
35.51 0
35.52 0
35.53 0
35.54 0
35.550000000000004 0
35.56 0
35.57 0
35.58 0
35.59 0
35.6 0
35.61 0
35.62 0
35.63 0
35.64 0
35.65 0
35.660000000000004 0
35.67 0
35.68 0
35.69 0
35.7 0
35.71 0
35.72 0
35.730000000000004 0
35.74 0
35.75 0
35.76 0
35.77 0
35.78 0
35.79 0
35.800000000000004 0
35.81 0
35.82 0
35.83 0
35.84 0
35.85 0
35.86 0
35.87 0
35.88 0
35.89 0
35.9 0
35.910000000000004 0
35.92 0
35.93 0
35.94 0
35.95 0
35.96 0
35.97 0
35.980000000000004 0
35.99 0
36.0 0
36.01 0
36.02 0
36.03 0
36.04 0
36.050000000000004 0
36.06 0
36.07 0
36.08 0
36.09 0
36.1 0
36.11 0
36.12 0
36.13 0
36.14 0
36.15 0
36.160000000000004 0
36.17 0
36.18 0
36.19 0
36.2 0
36.21 0
36.22 0
36.230000000000004 0
36.24 0
36.25 0
36.26 0
36.27 0
36.28 0
36.29 0
36.300000000000004 0
36.31 0
36.32 0
36.33 0
36.34 0
36.35 0
36.36 0
36.37 0
36.38 0
36.39 0
36.4 0
36.410000000000004 0
36.42 0
36.43 0
36.44 0
36.45 0
36.46 0
36.47 0
36.480000000000004 0
36.49 0
36.5 0
36.51 0
36.52 0
36.53 0
36.54 0
36.550000000000004 0
36.56 0
36.57 0
36.58 0
36.59 0
36.6 0
36.61 0
36.62 0
36.63 0
36.64 0
36.65 0
36.660000000000004 0
36.67 0
36.68 0
36.69 0
36.7 0
36.71 0
36.72 0
36.730000000000004 0
36.74 0
36.75 0
36.76 0
36.77 0
36.78 0
36.79 0
36.800000000000004 0
36.81 0
36.82 0
36.83 0
36.84 0
36.85 0
36.86 0
36.87 0
36.88 0
36.89 0
36.9 0
36.910000000000004 0
36.92 0
36.93 0
36.94 0
36.95 0
36.96 0
36.97 0
36.980000000000004 0
36.99 0
37.0 0
37.01 0
37.02 0
37.03 0
37.04 0
37.050000000000004 0
37.06 0
37.07 0
37.08 0
37.09 0
37.1 0
37.11 0
37.12 0
37.13 0
37.14 0
37.15 0
37.160000000000004 0
37.17 0
37.18 0
37.19 0
37.2 0
37.21 0
37.22 0
37.230000000000004 0
37.24 0
37.25 0
37.26 0
37.27 0
37.28 0
37.29 0
37.300000000000004 0
37.31 0
37.32 0
37.33 0
37.34 0
37.35 0
37.36 0
37.37 0
37.38 0
37.39 0
37.4 0
37.410000000000004 0
37.42 0
37.43 0
37.44 0
37.45 0
37.46 0
37.47 0
37.480000000000004 0
37.49 0
37.5 0
37.51 0
37.52 1
37.53 1
37.54 1
37.550000000000004 1
37.56 1
37.57 1
37.58 1
37.59 1
37.6 1
37.61 1
37.62 1
37.63 1
37.64 1
37.65 1
37.660000000000004 1
37.67 1
37.68 1
37.69 0
37.7 0
37.71 0
37.72 0
37.730000000000004 0
37.74 0
37.75 0
37.76 0
37.77 0
37.78 0
37.79 0
37.800000000000004 0
37.81 0
37.82 0
37.83 0
37.84 0
37.85 0
37.86 0
37.87 0
37.88 0
37.89 0
37.9 0
37.910000000000004 0
37.92 0
37.93 0
37.94 0
37.95 0
37.96 0
37.97 0
37.980000000000004 0
37.99 0
38.0 0
38.01 0
38.02 0
38.03 0
38.04 0
38.050000000000004 0
38.06 0
38.07 0
38.08 0
38.09 0
38.1 0
38.11 0
38.12 0
38.13 1
38.14 1
38.15 1
38.160000000000004 1
38.17 1
38.18 1
38.19 1
38.2 1
38.21 0
38.22 0
38.230000000000004 0
38.24 0
38.25 0
38.26 0
38.27 0
38.28 0
38.29 0
38.300000000000004 0
38.31 0
38.32 0
38.33 0
38.34 0
38.35 0
38.36 0
38.37 0
38.38 0
38.39 0
38.4 0
38.410000000000004 1
38.42 1
38.43 1
38.44 1
38.45 1
38.46 1
38.47 1
38.480000000000004 1
38.49 1
38.5 1
38.51 1
38.52 1
38.53 1
38.54 1
38.550000000000004 1
38.56 1
38.57 1
38.58 1
38.59 1
38.6 1
38.61 1
38.62 1
38.63 1
38.64 1
38.65 1
38.660000000000004 1
38.67 1
38.68 1
38.69 0
38.7 0
38.71 0
38.72 0
38.730000000000004 1
38.74 1
38.75 1
38.76 1
38.77 1
38.78 0
38.79 0
38.800000000000004 0
38.81 0
38.82 0
38.83 0
38.84 0
38.85 0
38.86 0
38.87 0
38.88 0
38.89 0
38.9 0
38.910000000000004 0
38.92 0
38.93 0
38.94 0
38.95 0
38.96 0
38.97 1
38.980000000000004 1
38.99 1
39.0 1
39.01 1
39.02 1
39.03 0
39.04 0
39.050000000000004 0
39.06 0
39.07 1
39.08 1
39.09 1
39.1 1
39.11 1
39.12 1
39.13 1
39.14 1
39.15 1
39.160000000000004 1
39.17 1
39.18 1
39.19 1
39.2 1
39.21 1
39.22 1
39.230000000000004 1
39.24 1
39.25 0
39.26 0
39.27 0
39.28 0
39.29 0
39.300000000000004 0
39.31 0
39.32 0
39.33 0
39.34 0
39.35 0
39.36 0
39.37 0
39.38 0
39.39 0
39.4 0
39.410000000000004 0
39.42 0
39.43 0
39.44 0
39.45 0
39.46 1
39.47 1
39.480000000000004 1
39.49 1
39.5 1
39.51 1
39.52 1
39.53 1
39.54 1
39.550000000000004 1
39.56 1
39.57 1
39.58 1
39.59 1
39.6 1
39.61 1
39.62 1
39.63 1
39.64 1
39.65 1
39.660000000000004 1
39.67 1
39.68 1
39.69 1
39.7 1
39.71 1
39.72 1
39.730000000000004 1
39.74 0
39.75 0
39.76 0
39.77 0
39.78 0
39.79 0
39.800000000000004 0
39.81 0
39.82 0
39.83 0
39.84 0
39.85 0
39.86 0
39.87 0
39.88 0
39.89 0
39.9 0
39.910000000000004 0
39.92 0
39.93 0
39.94 0
39.95 0
39.96 0
39.97 0
39.980000000000004 0
39.99 0
40.0 0
40.01 0
40.02 0
40.03 0
40.04 0
40.050000000000004 0
40.06 0
40.07 0
40.08 0
40.09 0
40.1 0
40.11 0
40.12 0
40.13 0
40.14 0
40.15 0
40.160000000000004 0
40.17 0
40.18 0
40.19 0
40.2 0
40.21 0
40.22 0
40.230000000000004 0
40.24 0
40.25 0
40.26 0
40.27 0
40.28 0
40.29 0
40.300000000000004 0
40.31 0
40.32 0
40.33 0
40.34 0
40.35 0
40.36 0
40.37 0
40.38 0
40.39 0
40.4 0
40.410000000000004 0
40.42 0
40.43 0
40.44 0
40.45 0
40.46 0
40.47 0
40.480000000000004 0
40.49 0
40.5 0
40.51 0
40.52 0
40.53 0
40.54 0
40.550000000000004 0
40.56 0
40.57 0
40.58 0
40.59 0
40.6 0
40.61 0
40.62 0
40.63 0
40.64 0
40.65 0
40.660000000000004 0
40.67 0
40.68 0
40.69 0
40.7 0
40.71 0
40.72 0
40.730000000000004 0
40.74 0
40.75 0
40.76 0
40.77 0
40.78 0
40.79 0
40.800000000000004 0
40.81 0
40.82 0
40.83 0
40.84 0
40.85 0
40.86 0
40.87 0
40.88 0
40.89 0
40.9 0
40.910000000000004 0
40.92 0
40.93 0
40.94 0
40.95 0
40.96 0
40.97 0
40.980000000000004 0
40.99 0
41.0 0
41.01 0
41.02 0
41.03 0
41.04 0
41.050000000000004 0
41.06 0
41.07 0
41.08 0
41.09 0
41.1 0
41.11 0
41.12 0
41.13 0
41.14 0
41.15 0
41.160000000000004 0
41.17 0
41.18 1
41.19 0
41.2 0
41.21 0
41.22 0
41.230000000000004 0
41.24 0
41.25 0
41.26 0
41.27 0
41.28 0
41.29 0
41.300000000000004 0
41.31 1
41.32 0
41.33 0
41.34 0
41.35 0
41.36 0
41.37 1
41.38 1
41.39 1
41.4 1
41.410000000000004 1
41.42 1
41.43 1
41.44 1
41.45 1
41.46 1
41.47 1
41.480000000000004 1
41.49 1
41.5 1
41.51 1
41.52 0
41.53 0
41.54 0
41.550000000000004 0
41.56 0
41.57 0
41.58 0
41.59 0
41.6 1
41.61 1
41.62 1
41.63 1
41.64 1
41.65 1
41.660000000000004 1
41.67 1
41.68 1
41.69 1
41.7 0
41.71 0
41.72 0
41.730000000000004 0
41.74 0
41.75 0
41.76 0
41.77 0
41.78 0
41.79 0
41.800000000000004 0
41.81 0
41.82 0
41.83 0
41.84 0
41.85 0
41.86 0
41.87 0
41.88 0
41.89 0
41.9 0
41.910000000000004 0
41.92 0
41.93 0
41.94 0
41.95 0
41.96 0
41.97 0
41.980000000000004 0
41.99 0
42.0 0
42.01 0
42.02 1
42.03 1
42.04 1
42.050000000000004 1
42.06 1
42.07 1
42.08 1
42.09 1
42.1 1
42.11 1
42.12 1
42.13 1
42.14 1
42.15 1
42.160000000000004 1
42.17 1
42.18 1
42.19 1
42.2 1
42.21 1
42.22 1
42.230000000000004 1
42.24 1
42.25 1
42.26 1
42.27 1
42.28 1
42.29 1
42.300000000000004 1
42.31 1
42.32 1
42.33 1
42.34 1
42.35 1
42.36 1
42.37 1
42.38 1
42.39 1
42.4 1
42.410000000000004 1
42.42 1
42.43 1
42.44 1
42.45 1
42.46 1
42.47 1
42.480000000000004 1
42.49 1
42.5 1
42.51 1
42.52 1
42.53 1
42.54 1
42.550000000000004 1
42.56 1
42.57 1
42.58 0
42.59 0
42.6 0
42.61 0
42.62 0
42.63 0
42.64 0
42.65 0
42.660000000000004 0
42.67 0
42.68 0
42.69 0
42.7 0
42.71 0
42.72 0
42.730000000000004 0
42.74 0
42.75 0
42.76 0
42.77 0
42.78 0
42.79 0
42.800000000000004 0
42.81 0
42.82 0
42.83 0
42.84 0
42.85 0
42.86 0
42.87 0
42.88 0
42.89 0
42.9 0
42.910000000000004 0
42.92 0
42.93 0
42.94 0
42.95 0
42.96 0
42.97 0
42.980000000000004 0
42.99 0
43.0 0
43.01 0
43.02 0
43.03 0
43.04 0
43.050000000000004 0
43.06 0
43.07 0
43.08 0
43.09 0
43.1 0
43.11 0
43.12 0
43.13 0
43.14 0
43.15 0
43.160000000000004 0
43.17 0
43.18 0
43.19 0
43.2 0
43.21 0
43.22 0
43.230000000000004 0
43.24 0
43.25 0
43.26 0
43.27 0
43.28 0
43.29 0
43.300000000000004 0
43.31 0
43.32 0
43.33 0
43.34 0
43.35 0
43.36 0
43.37 0
43.38 0
43.39 0
43.4 0
43.410000000000004 0
43.42 0
43.43 0
43.44 0
43.45 0
43.46 0
43.47 0
43.480000000000004 0
43.49 0
43.5 0
43.51 0
43.52 0
43.53 0
43.54 0
43.550000000000004 0
43.56 0
43.57 0
43.58 0
43.59 0
43.6 0
43.61 0
43.62 0
43.63 0
43.64 0
43.65 0
43.660000000000004 0
43.67 0
43.68 0
43.69 0
43.7 0
43.71 0
43.72 0
43.730000000000004 0
43.74 0
43.75 0
43.76 0
43.77 0
43.78 0
43.79 0
43.800000000000004 0
43.81 0
43.82 0
43.83 0
43.84 0
43.85 0
43.86 0
43.87 0
43.88 0
43.89 0
43.9 0
43.910000000000004 0
43.92 0
43.93 0
43.94 0
43.95 0
43.96 0
43.97 0
43.980000000000004 0
43.99 0
44.0 0
44.01 0
44.02 0
44.03 0
44.04 0
44.050000000000004 0
44.06 0
44.07 0
44.08 0
44.09 0
44.1 0
44.11 0
44.12 0
44.13 0
44.14 0
44.15 0
44.160000000000004 0
44.17 0
44.18 0
44.19 0
44.2 0
44.21 0
44.22 0
44.230000000000004 0
44.24 0
44.25 0
44.26 0
44.27 0
44.28 0
44.29 0
44.300000000000004 0
44.31 0
44.32 0
44.33 0
44.34 0
44.35 0
44.36 0
44.37 0
44.38 0
44.39 0
44.4 0
44.410000000000004 0
44.42 0
44.43 0
44.44 0
44.45 0
44.46 0
44.47 0
44.480000000000004 0
44.49 0
44.5 0
44.51 0
44.52 0
44.53 0
44.54 0
44.550000000000004 0
44.56 0
44.57 0
44.58 0
44.59 0
44.6 0
44.61 0
44.62 0
44.63 0
44.64 0
44.65 0
44.660000000000004 0
44.67 0
44.68 0
44.69 0
44.7 0
44.71 0
44.72 0
44.730000000000004 0
44.74 0
44.75 0
44.76 0
44.77 0
44.78 0
44.79 0
44.800000000000004 0
44.81 0
44.82 0
44.83 0
44.84 0
44.85 0
44.86 0
44.87 0
44.88 0
44.89 0
44.9 0
44.910000000000004 0
44.92 0
44.93 0
44.94 0
44.95 0
44.96 0
44.97 0
44.980000000000004 0
44.99 0
45.0 0
45.01 0
45.02 0
45.03 0
45.04 0
45.050000000000004 0
45.06 0
45.07 0
45.08 0
45.09 0
45.1 0
45.11 0
45.12 0
45.13 1
45.14 1
45.15 1
45.160000000000004 1
45.17 1
45.18 1
45.19 0
45.2 0
45.21 0
45.22 0
45.230000000000004 0
45.24 0
45.25 0
45.26 0
45.27 0
45.28 0
45.29 0
45.300000000000004 0
45.31 1
45.32 1
45.33 1
45.34 1
45.35 1
45.36 1
45.37 1
45.38 1
45.39 1
45.4 1
45.410000000000004 1
45.42 1
45.43 1
45.44 1
45.45 1
45.46 1
45.47 1
45.480000000000004 1
45.49 1
45.5 1
45.51 1
45.52 1
45.53 1
45.54 1
45.550000000000004 1
45.56 1
45.57 1
45.58 1
45.59 1
45.6 1
45.61 1
45.62 1
45.63 1
45.64 1
45.65 1
45.660000000000004 1
45.67 1
45.68 1
45.69 1
45.7 1
45.71 1
45.72 1
45.730000000000004 1
45.74 1
45.75 1
45.76 1
45.77 1
45.78 1
45.79 1
45.800000000000004 1
45.81 1
45.82 1
45.83 1
45.84 1
45.85 1
45.86 1
45.87 1
45.88 1
45.89 1
45.9 1
45.910000000000004 1
45.92 1
45.93 1
45.94 1
45.95 1
45.96 1
45.97 1
45.980000000000004 1
45.99 1
46.0 1
46.01 1
46.02 1
46.03 1
46.04 1
46.050000000000004 1
46.06 1
46.07 1
46.08 1
46.09 1
46.1 1
46.11 1
46.12 1
46.13 1
46.14 1
46.15 1
46.160000000000004 1
46.17 1
46.18 1
46.19 1
46.2 1
46.21 1
46.22 1
46.230000000000004 1
46.24 1
46.25 1
46.26 1
46.27 1
46.28 1
46.29 1
46.300000000000004 1
46.31 1
46.32 1
46.33 1
46.34 1
46.35 1
46.36 1
46.37 1
46.38 1
46.39 1
46.4 1
46.410000000000004 1
46.42 1
46.43 1
46.44 1
46.45 0
46.46 0
46.47 0
46.480000000000004 0
46.49 0
46.5 0
46.51 0
46.52 0
46.53 0
46.54 0
46.550000000000004 0
46.56 0
46.57 0
46.58 0
46.59 0
46.6 0
46.61 0
46.62 0
46.63 0
46.64 0
46.65 0
46.660000000000004 0
46.67 0
46.68 0
46.69 0
46.7 0
46.71 0
46.72 0
46.730000000000004 0
46.74 0
46.75 0
46.76 0
46.77 0
46.78 0
46.79 0
46.800000000000004 0
46.81 0
46.82 0
46.83 0
46.84 0
46.85 0
46.86 0
46.87 0
46.88 0
46.89 0
46.9 0
46.910000000000004 0
46.92 0
46.93 0
46.94 0
46.95 0
46.96 0
46.97 0
46.980000000000004 0
46.99 0
47.0 0
47.01 0
47.02 0
47.03 0
47.04 0
47.050000000000004 0
47.06 0
47.07 0
47.08 0
47.09 0
47.1 0
47.11 0
47.12 0
47.13 0
47.14 0
47.15 0
47.160000000000004 0
47.17 0
47.18 0
47.19 0
47.2 0
47.21 0
47.22 0
47.230000000000004 0
47.24 0
47.25 0
47.26 0
47.27 0
47.28 0
47.29 0
47.300000000000004 0
47.31 0
47.32 0
47.33 0
47.34 0
47.35 0
47.36 0
47.37 0
47.38 0
47.39 0
47.4 0
47.410000000000004 0
47.42 0
47.43 0
47.44 0
47.45 0
47.46 0
47.47 0
47.480000000000004 0
47.49 0
47.5 0
47.51 0
47.52 0
47.53 0
47.54 0
47.550000000000004 0
47.56 0
47.57 0
47.58 0
47.59 0
47.6 0
47.61 0
47.62 0
47.63 0
47.64 0
47.65 0
47.660000000000004 0
47.67 0
47.68 0
47.69 0
47.7 0
47.71 0
47.72 0
47.730000000000004 0
47.74 0
47.75 0
47.76 0
47.77 0
47.78 0
47.79 0
47.800000000000004 0
47.81 0
47.82 0
47.83 0
47.84 0
47.85 0
47.86 0
47.870000000000005 0
47.88 0
47.89 0
47.9 0
47.910000000000004 0
47.92 0
47.93 0
47.94 0
47.95 0
47.96 0
47.97 0
47.980000000000004 0
47.99 0
48.0 0
48.01 0
48.02 0
48.03 0
48.04 0
48.050000000000004 0
48.06 0
48.07 0
48.08 0
48.09 0
48.1 0
48.11 0
48.120000000000005 0
48.13 0
48.14 0
48.15 0
48.160000000000004 0
48.17 0
48.18 0
48.19 0
48.2 0
48.21 0
48.22 0
48.230000000000004 0
48.24 0
48.25 0
48.26 0
48.27 0
48.28 0
48.29 0
48.300000000000004 0
48.31 0
48.32 0
48.33 0
48.34 0
48.35 0
48.36 0
48.370000000000005 0
48.38 0
48.39 0
48.4 0
48.410000000000004 0
48.42 0
48.43 0
48.44 0
48.45 0
48.46 0
48.47 0
48.480000000000004 0
48.49 0
48.5 0
48.51 0
48.52 0
48.53 0
48.54 0
48.550000000000004 0
48.56 0
48.57 0
48.58 0
48.59 0
48.6 0
48.61 0
48.620000000000005 0
48.63 0
48.64 0
48.65 0
48.660000000000004 0
48.67 0
48.68 0
48.69 0
48.7 0
48.71 0
48.72 0
48.730000000000004 0
48.74 0
48.75 0
48.76 0
48.77 0
48.78 0
48.79 0
48.800000000000004 0
48.81 0
48.82 0
48.83 0
48.84 0
48.85 0
48.86 0
48.870000000000005 0
48.88 0
48.89 0
48.9 0
48.910000000000004 0
48.92 0
48.93 0
48.94 0
48.95 0
48.96 0
48.97 0
48.980000000000004 0
48.99 0
49.0 0
49.01 0
49.02 0
49.03 0
49.04 0
49.050000000000004 0
49.06 0
49.07 0
49.08 0
49.09 0
49.1 0
49.11 1
49.120000000000005 1
49.13 1
49.14 1
49.15 1
49.160000000000004 1
49.17 1
49.18 1
49.19 1
49.2 1
49.21 1
49.22 1
49.230000000000004 1
49.24 1
49.25 1
49.26 1
49.27 1
49.28 1
49.29 1
49.300000000000004 1
49.31 1
49.32 1
49.33 1
49.34 1
49.35 1
49.36 1
49.370000000000005 1
49.38 1
49.39 1
49.4 1
49.410000000000004 1
49.42 1
49.43 1
49.44 1
49.45 1
49.46 1
49.47 1
49.480000000000004 1
49.49 1
49.5 1
49.51 1
49.52 1
49.53 1
49.54 1
49.550000000000004 1
49.56 1
49.57 1
49.58 1
49.59 1
49.6 1
49.61 1
49.620000000000005 1
49.63 1
49.64 1
49.65 1
49.660000000000004 1
49.67 1
49.68 1
49.69 1
49.7 1
49.71 1
49.72 1
49.730000000000004 1
49.74 1
49.75 1
49.76 1
49.77 1
49.78 0
49.79 0
49.800000000000004 0
49.81 0
49.82 0
49.83 0
49.84 0
49.85 0
49.86 0
49.870000000000005 0
49.88 0
49.89 0
49.9 0
49.910000000000004 0
49.92 0
49.93 0
49.94 0
49.95 0
49.96 0
49.97 0
49.980000000000004 0
49.99 0
50.0 0
50.01 0
50.02 0
50.03 0
50.04 0
50.050000000000004 0
50.06 0
50.07 0
50.08 0
50.09 0
50.1 0
50.11 0
50.120000000000005 0
50.13 0
50.14 0
50.15 0
50.160000000000004 0
50.17 0
50.18 0
50.19 0
50.2 0
50.21 0
50.22 0
50.230000000000004 0
50.24 0
50.25 0
50.26 1
50.27 1
50.28 1
50.29 1
50.300000000000004 1
50.31 0
50.32 0
50.33 0
50.34 0
50.35 0
50.36 0
50.370000000000005 0
50.38 0
50.39 0
50.4 0
50.410000000000004 0
50.42 0
50.43 0
50.44 0
50.45 0
50.46 0
50.47 0
50.480000000000004 0
50.49 0
50.5 0
50.51 0
50.52 0
50.53 0
50.54 0
50.550000000000004 0
50.56 0
50.57 0
50.58 0
50.59 0
50.6 0
50.61 0
50.620000000000005 0
50.63 0
50.64 0
50.65 0
50.660000000000004 0
50.67 0
50.68 0
50.69 0
50.7 0
50.71 0
50.72 0
50.730000000000004 0
50.74 0
50.75 0
50.76 0
50.77 0
50.78 0
50.79 0
50.800000000000004 0
50.81 0
50.82 0
50.83 0
50.84 0
50.85 0
50.86 0
50.870000000000005 0
50.88 0
50.89 0
50.9 0
50.910000000000004 0
50.92 1
50.93 1
50.94 1
50.95 1
50.96 1
50.97 1
50.980000000000004 1
50.99 1
51.0 1
51.01 1
51.02 1
51.03 1
51.04 1
51.050000000000004 1
51.06 1
51.07 1
51.08 1
51.09 1
51.1 1
51.11 1
51.120000000000005 1
51.13 1
51.14 1
51.15 1
51.160000000000004 1
51.17 1
51.18 1
51.19 1
51.2 1
51.21 1
51.22 1
51.230000000000004 1
51.24 1
51.25 1
51.26 1
51.27 1
51.28 1
51.29 1
51.300000000000004 1
51.31 1
51.32 1
51.33 0
51.34 0
51.35 0
51.36 0
51.370000000000005 0
51.38 0
51.39 0
51.4 0
51.410000000000004 0
51.42 0
51.43 0
51.44 0
51.45 0
51.46 0
51.47 0
51.480000000000004 0
51.49 0
51.5 0
51.51 0
51.52 0
51.53 0
51.54 0
51.550000000000004 0
51.56 0
51.57 0
51.58 0
51.59 0
51.6 0
51.61 0
51.620000000000005 0
51.63 0
51.64 0
51.65 0
51.660000000000004 0
51.67 0
51.68 0
51.69 0
51.7 0
51.71 0
51.72 0
51.730000000000004 0
51.74 0
51.75 0
51.76 0
51.77 0
51.78 0
51.79 0
51.800000000000004 0
51.81 0
51.82 0
51.83 0
51.84 0
51.85 0
51.86 0
51.870000000000005 0
51.88 0
51.89 0
51.9 0
51.910000000000004 0
51.92 0
51.93 0
51.94 0
51.95 0
51.96 0
51.97 0
51.980000000000004 0
51.99 0
52.0 0
52.01 0
52.02 0
52.03 0
52.04 0
52.050000000000004 0
52.06 0
52.07 0
52.08 0
52.09 0
52.1 0
52.11 0
52.120000000000005 0
52.13 0
52.14 0
52.15 0
52.160000000000004 0
52.17 0
52.18 0
52.19 0
52.2 0
52.21 0
52.22 0
52.230000000000004 0
52.24 0
52.25 0
52.26 0
52.27 0
52.28 0
52.29 0
52.300000000000004 0
52.31 0
52.32 0
52.33 0
52.34 0
52.35 0
52.36 0
52.370000000000005 0
52.38 0
52.39 0
52.4 0
52.410000000000004 0
52.42 0
52.43 0
52.44 0
52.45 0
52.46 0
52.47 0
52.480000000000004 0
52.49 0
52.5 0
52.51 0
52.52 0
52.53 0
52.54 0
52.550000000000004 0
52.56 0
52.57 1
52.58 1
52.59 1
52.6 1
52.61 1
52.620000000000005 1
52.63 1
52.64 1
52.65 1
52.660000000000004 1
52.67 1
52.68 1
52.69 1
52.7 1
52.71 1
52.72 1
52.730000000000004 1
52.74 1
52.75 1
52.76 1
52.77 1
52.78 1
52.79 1
52.800000000000004 1
52.81 1
52.82 1
52.83 1
52.84 1
52.85 1
52.86 1
52.870000000000005 1
52.88 1
52.89 1
52.9 1
52.910000000000004 1
52.92 1
52.93 1
52.94 1
52.95 1
52.96 1
52.97 1
52.980000000000004 1
52.99 1
53.0 1
53.01 1
53.02 1
53.03 1
53.04 1
53.050000000000004 1
53.06 1
53.07 1
53.08 1
53.09 1
53.1 1
53.11 1
53.120000000000005 0
53.13 0
53.14 0
53.15 0
53.160000000000004 0
53.17 0
53.18 0
53.19 0
53.2 0
53.21 0
53.22 0
53.230000000000004 0
53.24 0
53.25 0
53.26 0
53.27 0
53.28 0
53.29 0
53.300000000000004 0
53.31 0
53.32 0
53.33 0
53.34 0
53.35 0
53.36 0
53.370000000000005 0
53.38 0
53.39 0
53.4 0
53.410000000000004 0
53.42 0
53.43 0
53.44 0
53.45 0
53.46 0
53.47 0
53.480000000000004 0
53.49 0
53.5 0
53.51 0
53.52 0
53.53 0
53.54 0
53.550000000000004 0
53.56 0
53.57 0
53.58 0
53.59 0
53.6 0
53.61 0
53.620000000000005 0
53.63 0
53.64 0
53.65 0
53.660000000000004 0
53.67 0
53.68 0
53.69 0
53.7 0
53.71 0
53.72 0
53.730000000000004 0
53.74 0
53.75 0
53.76 0
53.77 0
53.78 0
53.79 0
53.800000000000004 0
53.81 0
53.82 0
53.83 0
53.84 0
53.85 0
53.86 0
53.870000000000005 0
53.88 0
53.89 0
53.9 0
53.910000000000004 0
53.92 0
53.93 0
53.94 0
53.95 0
53.96 0
53.97 0
53.980000000000004 0
53.99 0
54.0 0
54.01 0
54.02 0
54.03 0
54.04 0
54.050000000000004 0
54.06 0
54.07 0
54.08 0
54.09 0
54.1 0
54.11 0
54.120000000000005 0
54.13 0
54.14 0
54.15 0
54.160000000000004 0
54.17 0
54.18 0
54.19 0
54.2 0
54.21 0
54.22 0
54.230000000000004 0
54.24 0
54.25 0
54.26 0
54.27 0
54.28 0
54.29 0
54.300000000000004 0
54.31 0
54.32 0
54.33 0
54.34 0
54.35 0
54.36 0
54.370000000000005 0
54.38 0
54.39 0
54.4 0
54.410000000000004 0
54.42 0
54.43 0
54.44 0
54.45 0
54.46 0
54.47 0
54.480000000000004 0
54.49 0
54.5 0
54.51 0
54.52 0
54.53 0
54.54 0
54.550000000000004 0
54.56 0
54.57 0
54.58 0
54.59 0
54.6 0
54.61 0
54.620000000000005 0
54.63 0
54.64 0
54.65 0
54.660000000000004 0
54.67 0
54.68 0
54.69 0
54.7 0
54.71 0
54.72 0
54.730000000000004 0
54.74 0
54.75 0
54.76 0
54.77 0
54.78 0
54.79 0
54.800000000000004 0
54.81 0
54.82 0
54.83 0
54.84 0
54.85 0
54.86 0
54.870000000000005 0
54.88 0
54.89 0
54.9 0
54.910000000000004 0
54.92 0
54.93 0
54.94 0
54.95 0
54.96 0
54.97 0
54.980000000000004 0
54.99 0
55.0 0
55.01 0
55.02 0
55.03 0
55.04 0
55.050000000000004 0
55.06 0
55.07 0
55.08 0
55.09 0
55.1 0
55.11 0
55.120000000000005 0
55.13 0
55.14 0
55.15 0
55.160000000000004 0
55.17 0
55.18 0
55.19 0
55.2 0
55.21 0
55.22 0
55.230000000000004 0
55.24 0
55.25 0
55.26 0
55.27 0
55.28 0
55.29 0
55.300000000000004 0
55.31 0
55.32 0
55.33 0
55.34 0
55.35 0
55.36 0
55.370000000000005 0
55.38 0
55.39 0
55.4 0
55.410000000000004 0
55.42 0
55.43 0
55.44 0
55.45 0
55.46 0
55.47 0
55.480000000000004 0
55.49 0
55.5 0
55.51 0
55.52 0
55.53 0
55.54 0
55.550000000000004 0
55.56 0
55.57 0
55.58 0
55.59 0
55.6 0
55.61 0
55.620000000000005 0
55.63 0
55.64 0
55.65 0
55.660000000000004 0
55.67 0
55.68 0
55.69 0
55.7 0
55.71 0
55.72 0
55.730000000000004 0
55.74 0
55.75 0
55.76 0
55.77 0
55.78 0
55.79 0
55.800000000000004 0
55.81 0
55.82 0
55.83 0
55.84 0
55.85 0
55.86 0
55.870000000000005 0
55.88 0
55.89 0
55.9 0
55.910000000000004 0
55.92 0
55.93 0
55.94 0
55.95 0
55.96 0
55.97 0
55.980000000000004 0
55.99 0
56.0 0
56.01 0
56.02 0
56.03 0
56.04 0
56.050000000000004 0
56.06 0
56.07 0
56.08 0
56.09 0
56.1 0
56.11 0
56.120000000000005 0
56.13 0
56.14 0
56.15 0
56.160000000000004 0
56.17 0
56.18 0
56.19 0
56.2 0
56.21 0
56.22 0
56.230000000000004 0
56.24 0
56.25 0
56.26 0
56.27 0
56.28 0
56.29 0
56.300000000000004 0
56.31 0
56.32 0
56.33 0
56.34 0
56.35 0
56.36 0
56.370000000000005 0
56.38 0
56.39 0
56.4 0
56.410000000000004 0
56.42 0
56.43 0
56.44 0
56.45 0
56.46 0
56.47 0
56.480000000000004 0
56.49 0
56.5 0
56.51 0
56.52 0
56.53 0
56.54 0
56.550000000000004 0
56.56 0
56.57 0
56.58 0
56.59 0
56.6 0
56.61 0
56.620000000000005 0
56.63 0
56.64 0
56.65 0
56.660000000000004 0
56.67 0
56.68 0
56.69 0
56.7 0
56.71 0
56.72 0
56.730000000000004 0
56.74 0
56.75 0
56.76 0
56.77 0
56.78 0
56.79 0
56.800000000000004 0
56.81 0
56.82 1
56.83 1
56.84 1
56.85 1
56.86 1
56.870000000000005 1
56.88 0
56.89 0
56.9 0
56.910000000000004 0
56.92 0
56.93 0
56.94 0
56.95 0
56.96 0
56.97 0
56.980000000000004 0
56.99 0
57.0 0
57.01 0
57.02 0
57.03 0
57.04 0
57.050000000000004 0
57.06 0
57.07 0
57.08 0
57.09 0
57.1 0
57.11 0
57.120000000000005 0
57.13 0
57.14 0
57.15 0
57.160000000000004 0
57.17 0
57.18 0
57.19 0
57.2 0
57.21 0
57.22 0
57.230000000000004 0
57.24 0
57.25 0
57.26 0
57.27 0
57.28 0
57.29 0
57.300000000000004 1
57.31 1
57.32 1
57.33 1
57.34 1
57.35 1
57.36 1
57.370000000000005 0
57.38 0
57.39 0
57.4 0
57.410000000000004 0
57.42 0
57.43 0
57.44 0
57.45 0
57.46 0
57.47 0
57.480000000000004 0
57.49 0
57.5 0
57.51 0
57.52 0
57.53 0
57.54 1
57.550000000000004 1
57.56 1
57.57 1
57.58 1
57.59 1
57.6 1
57.61 1
57.620000000000005 1
57.63 1
57.64 1
57.65 1
57.660000000000004 1
57.67 1
57.68 1
57.69 1
57.7 1
57.71 1
57.72 1
57.730000000000004 1
57.74 1
57.75 1
57.76 1
57.77 1
57.78 1
57.79 1
57.800000000000004 1
57.81 1
57.82 1
57.83 1
57.84 1
57.85 1
57.86 1
57.870000000000005 1
57.88 1
57.89 0
57.9 0
57.910000000000004 0
57.92 0
57.93 0
57.94 0
57.95 0
57.96 0
57.97 0
57.980000000000004 0
57.99 0
58.0 0
58.01 0
58.02 0
58.03 0
58.04 0
58.050000000000004 0
58.06 0
58.07 0
58.08 0
58.09 0
58.1 0
58.11 0
58.120000000000005 0
58.13 0
58.14 0
58.15 0
58.160000000000004 0
58.17 0
58.18 0
58.19 0
58.2 1
58.21 1
58.22 1
58.230000000000004 1
58.24 1
58.25 0
58.26 0
58.27 0
58.28 0
58.29 0
58.300000000000004 0
58.31 0
58.32 1
58.33 1
58.34 1
58.35 1
58.36 1
58.370000000000005 1
58.38 1
58.39 1
58.4 1
58.410000000000004 1
58.42 1
58.43 1
58.44 1
58.45 1
58.46 1
58.47 1
58.480000000000004 1
58.49 1
58.5 1
58.51 1
58.52 1
58.53 1
58.54 1
58.550000000000004 1
58.56 1
58.57 1
58.58 1
58.59 1
58.6 1
58.61 1
58.620000000000005 1
58.63 1
58.64 1
58.65 1
58.660000000000004 1
58.67 1
58.68 1
58.69 1
58.7 1
58.71 1
58.72 1
58.730000000000004 1
58.74 1
58.75 1
58.76 1
58.77 1
58.78 1
58.79 1
58.800000000000004 0
58.81 0
58.82 1
58.83 1
58.84 1
58.85 1
58.86 1
58.870000000000005 1
58.88 1
58.89 1
58.9 1
58.910000000000004 1
58.92 1
58.93 1
58.94 1
58.95 1
58.96 1
58.97 1
58.980000000000004 1
58.99 1
59.0 1
59.01 1
59.02 1
59.03 1
59.04 1
59.050000000000004 1
59.06 1
59.07 1
59.08 1
59.09 1
59.1 1
59.11 1
59.120000000000005 1
59.13 1
59.14 1
59.15 1
59.160000000000004 1
59.17 1
59.18 1
59.19 1
59.2 1
59.21 1
59.22 1
59.230000000000004 1
59.24 1
59.25 1
59.26 1
59.27 1
59.28 1
59.29 1
59.300000000000004 1
59.31 1
59.32 0
59.33 0
59.34 0
59.35 0
59.36 0
59.370000000000005 0
59.38 0
59.39 0
59.4 0
59.410000000000004 0
59.42 0
59.43 0
59.44 0
59.45 0
59.46 1
59.47 1
59.480000000000004 1
59.49 1
59.5 0
59.51 0
59.52 0
59.53 0
59.54 0
59.550000000000004 0
59.56 0
59.57 0
59.58 0
59.59 0
59.6 0
59.61 0
59.620000000000005 0
59.63 0
59.64 0
59.65 0
59.660000000000004 0
59.67 0
59.68 0
59.69 0
59.7 0
59.71 0
59.72 0
59.730000000000004 0
59.74 0
59.75 0
59.76 0
59.77 0
59.78 0
59.79 0
59.800000000000004 0
59.81 0
59.82 0
59.83 0
59.84 0
59.85 0
59.86 0
59.870000000000005 0
59.88 0
59.89 0
59.9 0
59.910000000000004 0
59.92 0
59.93 0
59.94 0
59.95 0
59.96 0
59.97 0
59.980000000000004 0
59.99 0
60.0 0
60.01 0
60.02 0
60.03 0
60.04 0
60.050000000000004 0
60.06 0
60.07 0
60.08 0
60.09 0
60.1 0
60.11 0
60.120000000000005 0
60.13 0
60.14 0
60.15 0
60.160000000000004 0
60.17 0
60.18 0
60.19 0
60.2 0
60.21 0
60.22 0
60.230000000000004 0
60.24 0
60.25 0
60.26 0
60.27 0
60.28 0
60.29 0
60.300000000000004 0
60.31 0
60.32 0
60.33 0
60.34 0
60.35 0
60.36 0
60.370000000000005 0
60.38 0
60.39 0
60.4 0
60.410000000000004 0
60.42 0
60.43 0
60.44 0
60.45 0
60.46 0
60.47 0
60.480000000000004 0
60.49 0
60.5 0
60.51 0
60.52 0
60.53 0
60.54 0
60.550000000000004 0
60.56 0
60.57 0
60.58 0
60.59 0
60.6 0
60.61 0
60.620000000000005 0
60.63 0
60.64 0
60.65 0
60.660000000000004 0
60.67 0
60.68 0
60.69 0
60.7 0
60.71 0
60.72 0
60.730000000000004 0
60.74 0
60.75 0
60.76 0
60.77 0
60.78 0
60.79 0
60.800000000000004 0
60.81 0
60.82 0
60.83 0
60.84 0
60.85 0
60.86 0
60.870000000000005 0
60.88 0
60.89 0
60.9 0
60.910000000000004 1
60.92 1
60.93 1
60.94 1
60.95 1
60.96 1
60.97 1
60.980000000000004 1
60.99 1
61.0 1
61.01 1
61.02 1
61.03 1
61.04 1
61.050000000000004 1
61.06 1
61.07 1
61.08 1
61.09 1
61.1 1
61.11 1
61.120000000000005 1
61.13 1
61.14 1
61.15 1
61.160000000000004 1
61.17 1
61.18 1
61.19 1
61.2 1
61.21 1
61.22 1
61.230000000000004 1
61.24 1
61.25 1
61.26 1
61.27 1
61.28 1
61.29 1
61.300000000000004 1
61.31 1
61.32 1
61.33 1
61.34 1
61.35 1
61.36 1
61.370000000000005 1
61.38 1
61.39 1
61.4 1
61.410000000000004 0
61.42 0
61.43 0
61.44 0
61.45 0
61.46 0
61.47 0
61.480000000000004 0
61.49 0
61.5 0
61.51 0
61.52 0
61.53 0
61.54 0
61.550000000000004 0
61.56 0
61.57 0
61.58 0
61.59 0
61.6 0
61.61 0
61.620000000000005 0
61.63 0
61.64 0
61.65 0
61.660000000000004 0
61.67 0
61.68 0
61.690000000000005 0
61.7 0
61.71 0
61.72 0
61.730000000000004 0
61.74 0
61.75 0
61.76 0
61.77 0
61.78 0
61.79 0
61.800000000000004 0
61.81 0
61.82 0
61.83 0
61.84 0
61.85 0
61.86 0
61.870000000000005 0
61.88 0
61.89 0
61.9 0
61.910000000000004 0
61.92 0
61.93 0
61.940000000000005 0
61.95 0
61.96 0
61.97 0
61.980000000000004 0
61.99 0
62.0 0
62.01 0
62.02 0
62.03 0
62.04 0
62.050000000000004 0
62.06 0
62.07 0
62.08 0
62.09 0
62.1 0
62.11 0
62.120000000000005 0
62.13 0
62.14 0
62.15 0
62.160000000000004 0
62.17 0
62.18 0
62.190000000000005 0
62.2 0
62.21 0
62.22 0
62.230000000000004 0
62.24 0
62.25 0
62.26 0
62.27 0
62.28 0
62.29 0
62.300000000000004 0
62.31 0
62.32 0
62.33 0
62.34 0
62.35 0
62.36 0
62.370000000000005 0
62.38 0
62.39 0
62.4 0
62.410000000000004 0
62.42 0
62.43 0
62.440000000000005 0
62.45 0
62.46 0
62.47 0
62.480000000000004 0
62.49 0
62.5 0
62.51 0
62.52 0
62.53 0
62.54 0
62.550000000000004 0
62.56 0
62.57 0
62.58 0
62.59 0
62.6 0
62.61 0
62.620000000000005 0
62.63 0
62.64 0
62.65 0
62.660000000000004 0
62.67 0
62.68 0
62.690000000000005 0
62.7 0
62.71 0
62.72 0
62.730000000000004 0
62.74 0
62.75 0
62.76 0
62.77 0
62.78 0
62.79 0
62.800000000000004 0
62.81 0
62.82 0
62.83 0
62.84 0
62.85 0
62.86 0
62.870000000000005 0
62.88 0
62.89 0
62.9 0
62.910000000000004 0
62.92 0
62.93 0
62.940000000000005 0
62.95 0
62.96 0
62.97 0
62.980000000000004 0
62.99 0
63.0 0
63.01 0
63.02 0
63.03 0
63.04 0
63.050000000000004 0
63.06 0
63.07 0
63.08 0
63.09 0
63.1 0
63.11 0
63.120000000000005 0
63.13 0
63.14 0
63.15 0
63.160000000000004 0
63.17 0
63.18 0
63.190000000000005 0
63.2 0
63.21 0
63.22 0
63.230000000000004 0
63.24 0
63.25 0
63.26 0
63.27 0
63.28 0
63.29 0
63.300000000000004 0
63.31 0
63.32 0
63.33 0
63.34 0
63.35 0
63.36 0
63.370000000000005 0
63.38 0
63.39 0
63.4 0
63.410000000000004 0
63.42 0
63.43 0
63.440000000000005 0
63.45 0
63.46 0
63.47 0
63.480000000000004 0
63.49 0
63.5 0
63.51 0
63.52 0
63.53 0
63.54 0
63.550000000000004 0
63.56 0
63.57 0
63.58 0
63.59 0
63.6 0
63.61 0
63.620000000000005 0
63.63 0
63.64 0
63.65 0
63.660000000000004 0
63.67 0
63.68 0
63.690000000000005 0
63.7 0
63.71 0
63.72 0
63.730000000000004 0
63.74 0
63.75 0
63.76 0
63.77 0
63.78 0
63.79 0
63.800000000000004 0
63.81 0
63.82 0
63.83 0
63.84 0
63.85 0
63.86 0
63.870000000000005 1
63.88 1
63.89 1
63.9 1
63.910000000000004 1
63.92 1
63.93 1
63.940000000000005 0
63.95 0
63.96 0
63.97 0
63.980000000000004 0
63.99 0
64.0 0
64.01 0
64.02 0
64.03 0
64.04 0
64.05 1
64.06 1
64.07000000000001 1
64.08 1
64.09 1
64.1 1
64.11 1
64.12 1
64.13 1
64.14 1
64.15 1
64.16 1
64.17 1
64.18 1
64.19 1
64.2 1
64.21000000000001 1
64.22 1
64.23 1
64.24 1
64.25 1
64.26 1
64.27 1
64.28 1
64.29 1
64.3 1
64.31 1
64.32000000000001 1
64.33 1
64.34 1
64.35 1
64.36 1
64.37 1
64.38 1
64.39 1
64.4 1
64.41 1
64.42 1
64.43 1
64.44 1
64.45 1
64.46000000000001 1
64.47 1
64.48 1
64.49 1
64.5 1
64.51 1
64.52 1
64.53 1
64.54 1
64.55 1
64.56 1
64.57000000000001 1
64.58 1
64.59 1
64.6 1
64.61 1
64.62 1
64.63 1
64.64 1
64.65 1
64.66 1
64.67 1
64.68 1
64.69 1
64.7 1
64.71000000000001 1
64.72 1
64.73 1
64.74 1
64.75 1
64.76 1
64.77 1
64.78 1
64.79 1
64.8 1
64.81 1
64.82000000000001 1
64.83 1
64.84 1
64.85 1
64.86 1
64.87 1
64.88 1
64.89 1
64.9 1
64.91 1
64.92 1
64.93 1
64.94 1
64.95 1
64.96000000000001 1
64.97 1
64.98 1
64.99 1
65.0 1
65.01 1
65.02 1
65.03 0
65.04 0
65.05 0
65.06 0
65.07000000000001 0
65.08 0
65.09 0
65.1 0
65.11 0
65.12 0
65.13 0
65.14 0
65.15 0
65.16 0
65.17 0
65.18 0
65.19 0
65.2 0
65.21000000000001 0
65.22 0
65.23 0
65.24 0
65.25 0
65.26 0
65.27 0
65.28 0
65.29 0
65.3 0
65.31 0
65.32000000000001 0
65.33 0
65.34 0
65.35 0
65.36 0
65.37 0
65.38 0
65.39 0
65.4 0
65.41 0
65.42 0
65.43 0
65.44 0
65.45 0
65.46000000000001 0
65.47 0
65.48 0
65.49 0
65.5 0
65.51 0
65.52 0
65.53 0
65.54 0
65.55 0
65.56 0
65.57000000000001 0
65.58 0
65.59 0
65.6 0
65.61 0
65.62 0
65.63 0
65.64 0
65.65 0
65.66 0
65.67 0
65.68 0
65.69 0
65.7 0
65.71000000000001 0
65.72 0
65.73 0
65.74 0
65.75 0
65.76 0
65.77 0
65.78 0
65.79 0
65.8 0
65.81 0
65.82000000000001 0
65.83 0
65.84 0
65.85 0
65.86 0
65.87 0
65.88 0
65.89 0
65.9 0
65.91 0
65.92 0
65.93 0
65.94 0
65.95 0
65.96000000000001 0
65.97 0
65.98 0
65.99 0
66.0 0
66.01 0
66.02 0
66.03 0
66.04 0
66.05 0
66.06 0
66.07000000000001 0
66.08 0
66.09 0
66.1 0
66.11 0
66.12 0
66.13 0
66.14 0
66.15 0
66.16 0
66.17 0
66.18 0
66.19 0
66.2 0
66.21000000000001 0
66.22 0
66.23 0
66.24 0
66.25 0
66.26 0
66.27 0
66.28 0
66.29 0
66.3 0
66.31 0
66.32000000000001 0
66.33 0
66.34 0
66.35 0
66.36 0
66.37 0
66.38 0
66.39 0
66.4 0
66.41 0
66.42 0
66.43 0
66.44 0
66.45 0
66.46000000000001 0
66.47 0
66.48 0
66.49 0
66.5 0
66.51 0
66.52 0
66.53 0
66.54 0
66.55 0
66.56 0
66.57000000000001 0
66.58 0
66.59 0
66.6 0
66.61 0
66.62 0
66.63 0
66.64 0
66.65 0
66.66 0
66.67 0
66.68 0
66.69 0
66.7 0
66.71000000000001 0
66.72 0
66.73 0
66.74 0
66.75 0
66.76 0
66.77 0
66.78 0
66.79 0
66.8 0
66.81 0
66.82000000000001 0
66.83 0
66.84 0
66.85 0
66.86 0
66.87 0
66.88 0
66.89 0
66.9 0
66.91 0
66.92 0
66.93 0
66.94 0
66.95 0
66.96000000000001 0
66.97 0
66.98 0
66.99 0
67.0 0
67.01 0
67.02 0
67.03 0
67.04 0
67.05 0
67.06 0
67.07000000000001 0
67.08 0
67.09 0
67.1 0
67.11 0
67.12 0
67.13 0
67.14 0
67.15 0
67.16 0
67.17 0
67.18 0
67.19 0
67.2 0
67.21000000000001 0
67.22 0
67.23 0
67.24 0
67.25 0
67.26 0
67.27 0
67.28 0
67.29 0
67.3 0
67.31 0
67.32000000000001 0
67.33 0
67.34 0
67.35 0
67.36 0
67.37 0
67.38 0
67.39 0
67.4 0
67.41 0
67.42 0
67.43 0
67.44 0
67.45 0
67.46000000000001 0
67.47 0
67.48 0
67.49 0
67.5 0
67.51 0
67.52 0
67.53 0
67.54 1
67.55 1
67.56 1
67.57000000000001 1
67.58 1
67.59 1
67.6 1
67.61 1
67.62 1
67.63 1
67.64 1
67.65 1
67.66 1
67.67 1
67.68 1
67.69 1
67.7 1
67.71000000000001 1
67.72 1
67.73 1
67.74 1
67.75 1
67.76 1
67.77 1
67.78 1
67.79 1
67.8 1
67.81 1
67.82000000000001 1
67.83 1
67.84 1
67.85 1
67.86 1
67.87 1
67.88 1
67.89 1
67.9 1
67.91 1
67.92 1
67.93 1
67.94 1
67.95 1
67.96000000000001 1
67.97 1
67.98 1
67.99 1
68.0 1
68.01 1
68.02 1
68.03 1
68.04 1
68.05 1
68.06 1
68.07000000000001 1
68.08 1
68.09 1
68.1 1
68.11 1
68.12 1
68.13 1
68.14 0
68.15 0
68.16 0
68.17 0
68.18 0
68.19 0
68.2 0
68.21000000000001 0
68.22 0
68.23 0
68.24 0
68.25 0
68.26 0
68.27 0
68.28 0
68.29 0
68.3 0
68.31 0
68.32000000000001 0
68.33 0
68.34 0
68.35000000000001 0
68.36 0
68.37 0
68.38 0
68.39 0
68.4 0
68.41 0
68.42 0
68.43 0
68.44 0
68.45 0
68.46000000000001 0
68.47 0
68.48 0
68.49 0
68.5 0
68.51 0
68.52 0
68.53 0
68.54 0
68.55 0
68.56 1
68.57000000000001 1
68.58 1
68.59 1
68.60000000000001 1
68.61 1
68.62 1
68.63 1
68.64 0
68.65 0
68.66 0
68.67 0
68.68 0
68.69 0
68.7 0
68.71000000000001 0
68.72 0
68.73 0
68.74 0
68.75 0
68.76 0
68.77 0
68.78 0
68.79 0
68.8 0
68.81 0
68.82000000000001 0
68.83 0
68.84 0
68.85000000000001 0
68.86 0
68.87 0
68.88 0
68.89 0
68.9 0
68.91 0
68.92 0
68.93 0
68.94 0
68.95 0
68.96000000000001 0
68.97 0
68.98 0
68.99 0
69.0 0
69.01 0
69.02 0
69.03 0
69.04 0
69.05 0
69.06 0
69.07000000000001 0
69.08 0
69.09 0
69.10000000000001 0
69.11 0
69.12 0
69.13 0
69.14 0
69.15 0
69.16 0
69.17 0
69.18 0
69.19 0
69.2 0
69.21000000000001 0
69.22 0
69.23 0
69.24 0
69.25 0
69.26 0
69.27 0
69.28 0
69.29 0
69.3 0
69.31 0
69.32000000000001 0
69.33 0
69.34 0
69.35000000000001 1
69.36 1
69.37 1
69.38 1
69.39 1
69.4 1
69.41 1
69.42 1
69.43 1
69.44 1
69.45 1
69.46000000000001 1
69.47 1
69.48 1
69.49 1
69.5 1
69.51 1
69.52 1
69.53 1
69.54 1
69.55 1
69.56 1
69.57000000000001 1
69.58 1
69.59 1
69.60000000000001 1
69.61 1
69.62 1
69.63 1
69.64 1
69.65 0
69.66 0
69.67 0
69.68 0
69.69 0
69.7 0
69.71000000000001 0
69.72 0
69.73 0
69.74 0
69.75 0
69.76 0
69.77 0
69.78 0
69.79 0
69.8 0
69.81 0
69.82000000000001 0
69.83 0
69.84 0
69.85000000000001 0
69.86 0
69.87 0
69.88 0
69.89 0
69.9 0
69.91 0
69.92 0
69.93 0
69.94 0
69.95 0
69.96000000000001 0
69.97 0
69.98 0
69.99 0
70.0 0
70.01 0
70.02 0
70.03 0
70.04 0
70.05 0
70.06 0
70.07000000000001 0
70.08 0
70.09 0
70.10000000000001 0
70.11 0
70.12 0
70.13 0
70.14 0
70.15 0
70.16 0
70.17 0
70.18 0
70.19 0
70.2 0
70.21000000000001 0
70.22 0
70.23 0
70.24 0
70.25 0
70.26 0
70.27 0
70.28 0
70.29 0
70.3 0
70.31 0
70.32000000000001 0
70.33 0
70.34 0
70.35000000000001 0
70.36 0
70.37 0
70.38 0
70.39 0
70.4 0
70.41 0
70.42 0
70.43 0
70.44 0
70.45 0
70.46000000000001 0
70.47 0
70.48 0
70.49 0
70.5 0
70.51 0
70.52 0
70.53 0
70.54 0
70.55 0
70.56 0
70.57000000000001 0
70.58 0
70.59 0
70.60000000000001 0
70.61 0
70.62 0
70.63 0
70.64 0
70.65 0
70.66 0
70.67 0
70.68 0
70.69 0
70.7 0
70.71000000000001 0
70.72 0
70.73 0
70.74 0
70.75 0
70.76 0
70.77 0
70.78 0
70.79 0
70.8 0
70.81 0
70.82000000000001 0
70.83 0
70.84 0
70.85000000000001 0
70.86 0
70.87 0
70.88 0
70.89 0
70.9 0
70.91 0
70.92 0
70.93 0
70.94 0
70.95 1
70.96000000000001 1
70.97 1
70.98 1
70.99 1
71.0 1
71.01 1
71.02 1
71.03 1
71.04 1
71.05 1
71.06 1
71.07000000000001 1
71.08 1
71.09 1
71.10000000000001 1
71.11 1
71.12 1
71.13 1
71.14 1
71.15 1
71.16 1
71.17 1
71.18 1
71.19 1
71.2 1
71.21000000000001 1
71.22 1
71.23 1
71.24 1
71.25 1
71.26 1
71.27 1
71.28 1
71.29 1
71.3 1
71.31 1
71.32000000000001 1
71.33 1
71.34 1
71.35000000000001 1
71.36 1
71.37 1
71.38 1
71.39 1
71.4 1
71.41 1
71.42 1
71.43 1
71.44 1
71.45 0
71.46000000000001 0
71.47 0
71.48 0
71.49 0
71.5 0
71.51 0
71.52 0
71.53 0
71.54 0
71.55 0
71.56 0
71.57000000000001 0
71.58 0
71.59 0
71.60000000000001 0
71.61 0
71.62 0
71.63 0
71.64 0
71.65 0
71.66 0
71.67 0
71.68 0
71.69 0
71.7 0
71.71000000000001 0
71.72 0
71.73 0
71.74 0
71.75 0
71.76 0
71.77 0
71.78 0
71.79 0
71.8 0
71.81 0
71.82000000000001 0
71.83 0
71.84 0
71.85000000000001 0
71.86 0
71.87 0
71.88 0
71.89 0
71.9 0
71.91 0
71.92 0
71.93 0
71.94 0
71.95 0
71.96000000000001 0
71.97 0
71.98 0
71.99 0
72.0 0
72.01 0
72.02 0
72.03 0
72.04 0
72.05 0
72.06 0
72.07000000000001 0
72.08 0
72.09 0
72.10000000000001 0
72.11 0
72.12 0
72.13 0
72.14 0
72.15 0
72.16 0
72.17 0
72.18 0
72.19 0
72.2 0
72.21000000000001 0
72.22 0
72.23 0
72.24 0
72.25 0
72.26 0
72.27 0
72.28 0
72.29 0
72.3 0
72.31 0
72.32000000000001 0
72.33 0
72.34 0
72.35000000000001 0
72.36 0
72.37 0
72.38 0
72.39 0
72.4 0
72.41 0
72.42 0
72.43 0
72.44 0
72.45 0
72.46000000000001 0
72.47 0
72.48 0
72.49 0
72.5 0
72.51 0
72.52 0
72.53 0
72.54 0
72.55 0
72.56 0
72.57000000000001 0
72.58 0
72.59 0
72.60000000000001 0
72.61 0
72.62 0
72.63 0
72.64 0
72.65 0
72.66 0
72.67 0
72.68 0
72.69 0
72.7 0
72.71000000000001 0
72.72 0
72.73 0
72.74 0
72.75 0
72.76 0
72.77 0
72.78 0
72.79 0
72.8 0
72.81 0
72.82000000000001 0
72.83 0
72.84 0
72.85000000000001 0
72.86 0
72.87 0
72.88 0
72.89 0
72.9 0
72.91 0
72.92 0
72.93 0
72.94 0
72.95 0
72.96000000000001 0
72.97 0
72.98 0
72.99 0
73.0 0
73.01 0
73.02 0
73.03 0
73.04 0
73.05 0
73.06 0
73.07000000000001 0
73.08 0
73.09 0
73.10000000000001 0
73.11 0
73.12 0
73.13 0
73.14 0
73.15 0
73.16 0
73.17 0
73.18 0
73.19 0
73.2 0
73.21000000000001 0
73.22 0
73.23 0
73.24 0
73.25 0
73.26 0
73.27 0
73.28 0
73.29 0
73.3 0
73.31 0
73.32000000000001 0
73.33 0
73.34 0
73.35000000000001 0
73.36 0
73.37 0
73.38 0
73.39 0
73.4 0
73.41 0
73.42 0
73.43 0
73.44 0
73.45 0
73.46000000000001 0
73.47 0
73.48 0
73.49 0
73.5 0
73.51 0
73.52 0
73.53 0
73.54 0
73.55 0
73.56 0
73.57000000000001 0
73.58 0
73.59 0
73.60000000000001 0
73.61 0
73.62 0
73.63 1
73.64 1
73.65 1
73.66 1
73.67 1
73.68 1
73.69 0
73.7 0
73.71000000000001 0
73.72 0
73.73 0
73.74 0
73.75 0
73.76 0
73.77 0
73.78 0
73.79 0
73.8 0
73.81 0
73.82000000000001 0
73.83 0
73.84 0
73.85000000000001 0
73.86 0
73.87 0
73.88 0
73.89 0
73.9 0
73.91 0
73.92 0
73.93 0
73.94 0
73.95 0
73.96000000000001 0
73.97 0
73.98 0
73.99 0
74.0 0
74.01 0
74.02 0
74.03 0
74.04 0
74.05 0
74.06 0
74.07000000000001 0
74.08 0
74.09 0
74.10000000000001 0
74.11 0
74.12 0
74.13 0
74.14 0
74.15 0
74.16 0
74.17 0
74.18 0
74.19 1
74.2 1
74.21000000000001 1
74.22 1
74.23 1
74.24 1
74.25 1
74.26 1
74.27 1
74.28 1
74.29 1
74.3 1
74.31 1
74.32000000000001 1
74.33 1
74.34 1
74.35000000000001 1
74.36 1
74.37 1
74.38 1
74.39 1
74.4 1
74.41 1
74.42 1
74.43 1
74.44 1
74.45 1
74.46000000000001 1
74.47 1
74.48 1
74.49 1
74.5 1
74.51 1
74.52 1
74.53 1
74.54 1
74.55 1
74.56 1
74.57000000000001 1
74.58 1
74.59 1
74.60000000000001 1
74.61 1
74.62 1
74.63 1
74.64 0
74.65 0
74.66 0
74.67 1
74.68 1
74.69 1
74.7 1
74.71000000000001 0
74.72 0
74.73 0
74.74 0
74.75 0
74.76 0
74.77 0
74.78 0
74.79 0
74.8 0
74.81 0
74.82000000000001 0
74.83 0
74.84 0
74.85000000000001 0
74.86 0
74.87 0
74.88 0
74.89 0
74.9 0
74.91 0
74.92 1
74.93 1
74.94 1
74.95 1
74.96000000000001 1
74.97 1
74.98 1
74.99 1
75.0 1
75.01 1
75.02 1
75.03 1
75.04 1
75.05 1
75.06 1
75.07000000000001 1
75.08 1
75.09 1
75.10000000000001 1
75.11 1
75.12 1
75.13 1
75.14 1
75.15 1
75.16 1
75.17 1
75.18 1
75.19 1
75.2 1
75.21000000000001 1
75.22 1
75.23 1
75.24 0
75.25 0
75.26 0
75.27 0
75.28 0
75.29 0
75.3 0
75.31 0
75.32000000000001 0
75.33 0
75.34 0
75.35000000000001 0
75.36 0
75.37 0
75.38 0
75.39 0
75.4 0
75.41 0
75.42 1
75.43 1
75.44 1
75.45 1
75.46000000000001 1
75.47 1
75.48 1
75.49 1
75.5 1
75.51 1
75.52 1
75.53 1
75.54 1
75.55 1
75.56 1
75.57000000000001 1
75.58 1
75.59 1
75.60000000000001 1
75.61 1
75.62 1
75.63 1
75.64 1
75.65 1
75.66 1
75.67 1
75.68 1
75.69 1
75.7 1
75.71000000000001 1
75.72 1
75.73 0
75.74 1
75.75 0
75.76 0
75.77 0
75.78 0
75.79 0
75.8 0
75.81 0
75.82000000000001 0
75.83 0
75.84 0
75.85000000000001 1
75.86 0
75.87 0
75.88 0
75.89 0
75.9 0
75.91 1
75.92 1
75.93 1
75.94 1
75.95 1
75.96000000000001 1
75.97 1
75.98 1
75.99 1
76.0 1
76.01 1
76.02 1
76.03 1
76.04 1
76.05 1
76.06 1
76.07000000000001 1
76.08 1
76.09 1
76.10000000000001 1
76.11 1
76.12 1
76.13 1
76.14 1
76.15 1
76.16 1
76.17 1
76.18 1
76.19 1
76.2 1
76.21000000000001 1
76.22 1
76.23 1
76.24 0
76.25 0
76.26 0
76.27 0
76.28 0
76.29 0
76.3 0
76.31 0
76.32000000000001 0
76.33 0
76.34 0
76.35000000000001 0
76.36 0
76.37 0
76.38 0
76.39 0
76.4 0
76.41 0
76.42 0
76.43 0
76.44 0
76.45 0
76.46000000000001 0
76.47 0
76.48 0
76.49 0
76.5 0
76.51 0
76.52 0
76.53 0
76.54 0
76.55 0
76.56 0
76.57000000000001 0
76.58 0
76.59 0
76.60000000000001 1
76.61 1
76.62 1
76.63 1
76.64 1
76.65 1
76.66 1
76.67 1
76.68 1
76.69 1
76.7 1
76.71000000000001 1
76.72 1
76.73 1
76.74 1
76.75 1
76.76 1
76.77 1
76.78 1
76.79 1
76.8 1
76.81 1
76.82000000000001 1
76.83 1
76.84 1
76.85000000000001 1
76.86 1
76.87 1
76.88 1
76.89 1
76.9 1
76.91 1
76.92 1
76.93 1
76.94 1
76.95 1
76.96000000000001 1
76.97 1
76.98 1
76.99 1
77.0 1
77.01 1
77.02 1
77.03 1
77.04 1
77.05 1
77.06 1
77.07000000000001 1
77.08 1
77.09 1
77.10000000000001 1
77.11 1
77.12 1
77.13 1
77.14 1
77.15 1
77.16 1
77.17 1
77.18 1
77.19 1
77.2 1
77.21000000000001 1
77.22 1
77.23 1
77.24 1
77.25 1
77.26 1
77.27 1
77.28 1
77.29 1
77.3 1
77.31 1
77.32000000000001 1
77.33 1
77.34 1
77.35000000000001 1
77.36 1
77.37 1
77.38 1
77.39 1
77.4 1
77.41 1
77.42 1
77.43 1
77.44 1
77.45 1
77.46000000000001 1
77.47 1
77.48 1
77.49 1
77.5 1
77.51 1
77.52 1
77.53 1
77.54 1
77.55 1
77.56 1
77.57000000000001 1
77.58 1
77.59 1
77.60000000000001 1
77.61 1
77.62 1
77.63 1
77.64 1
77.65 1
77.66 1
77.67 1
77.68 1
77.69 1
77.7 1
77.71000000000001 1
77.72 1
77.73 1
77.74 0
77.75 0
77.76 0
77.77 0
77.78 0
77.79 0
77.8 0
77.81 0
77.82000000000001 0
77.83 0
77.84 0
77.85000000000001 0
77.86 0
77.87 0
77.88 1
77.89 1
77.9 1
77.91 1
77.92 1
77.93 1
77.94 0
77.95 0
77.96000000000001 0
77.97 0
77.98 0
77.99 0
78.0 0
78.01 0
78.02 0
78.03 0
78.04 0
78.05 0
78.06 0
78.07000000000001 0
78.08 0
78.09 0
78.10000000000001 0
78.11 0
78.12 0
78.13 0
78.14 0
78.15 0
78.16 0
78.17 0
78.18 0
78.19 0
78.2 0
78.21000000000001 0
78.22 0
78.23 0
78.24 0
78.25 0
78.26 0
78.27 0
78.28 0
78.29 0
78.3 0
78.31 0
78.32000000000001 0
78.33 0
78.34 0
78.35000000000001 0
78.36 0
78.37 0
78.38 0
78.39 0
78.4 0
78.41 0
78.42 0
78.43 0
78.44 0
78.45 0
78.46000000000001 0
78.47 0
78.48 0
78.49 0
78.5 0
78.51 0
78.52 0
78.53 0
78.54 0
78.55 0
78.56 0
78.57000000000001 0
78.58 0
78.59 0
78.60000000000001 0
78.61 0
78.62 0
78.63 0
78.64 0
78.65 0
78.66 0
78.67 0
78.68 0
78.69 0
78.7 0
78.71000000000001 0
78.72 0
78.73 0
78.74 0
78.75 0
78.76 0
78.77 0
78.78 0
78.79 0
78.8 0
78.81 0
78.82000000000001 0
78.83 0
78.84 0
78.85000000000001 0
78.86 0
78.87 0
78.88 0
78.89 0
78.9 0
78.91 0
78.92 0
78.93 0
78.94 0
78.95 0
78.96000000000001 0
78.97 0
78.98 0
78.99 0
79.0 0
79.01 0
79.02 0
79.03 0
79.04 0
79.05 0
79.06 0
79.07000000000001 0
79.08 0
79.09 0
79.10000000000001 0
79.11 0
79.12 0
79.13 0
79.14 0
79.15 0
79.16 0
79.17 0
79.18 0
79.19 0
79.2 0
79.21000000000001 0
79.22 0
79.23 0
79.24 0
79.25 0
79.26 0
79.27 0
79.28 0
79.29 0
79.3 0
79.31 0
79.32000000000001 0
79.33 0
79.34 0
79.35000000000001 0
79.36 0
79.37 1
79.38 1
79.39 1
79.4 1
79.41 1
79.42 1
79.43 1
79.44 1
79.45 1
79.46000000000001 1
79.47 1
79.48 1
79.49 1
79.5 1
79.51 1
79.52 1
79.53 1
79.54 1
79.55 1
79.56 1
79.57000000000001 1
79.58 1
79.59 1
79.60000000000001 1
79.61 1
79.62 1
79.63 1
79.64 1
79.65 1
79.66 1
79.67 1
79.68 1
79.69 1
79.7 1
79.71000000000001 1
79.72 1
79.73 1
79.74 1
79.75 1
79.76 1
79.77 1
79.78 1
79.79 1
79.8 1
79.81 1
79.82000000000001 1
79.83 1
79.84 1
79.85000000000001 1
79.86 1
79.87 1
79.88 1
79.89 1
79.9 1
79.91 1
79.92 1
79.93 1
79.94 1
79.95 1
79.96000000000001 0
79.97 0
79.98 0
79.99 0
80.0 0
80.01 0
80.02 0
80.03 0
80.04 0
80.05 0
80.06 0
80.07000000000001 0
80.08 0
80.09 0
80.10000000000001 0
80.11 0
80.12 0
80.13 0
80.14 0
80.15 0
80.16 0
80.17 0
80.18 0
80.19 0
80.2 0
80.21000000000001 0
80.22 0
80.23 0
80.24 0
80.25 0
80.26 0
80.27 0
80.28 0
80.29 0
80.3 0
80.31 0
80.32000000000001 0
80.33 0
80.34 0
80.35000000000001 0
80.36 0
80.37 0
80.38 0
80.39 0
80.4 0
80.41 0
80.42 0
80.43 0
80.44 0
80.45 0
80.46000000000001 0
80.47 0
80.48 0
80.49 0
80.5 0
80.51 0
80.52 0
80.53 0
80.54 0
80.55 0
80.56 0
80.57000000000001 0
80.58 0
80.59 0
80.60000000000001 0
80.61 0
80.62 0
80.63 0
80.64 0
80.65 0
80.66 0
80.67 0
80.68 0
80.69 0
80.7 0
80.71000000000001 0
80.72 0
80.73 0
80.74 0
80.75 0
80.76 0
80.77 0
80.78 0
80.79 0
80.8 0
80.81 0
80.82000000000001 0
80.83 0
80.84 0
80.85000000000001 0
80.86 0
80.87 0
80.88 0
80.89 0
80.9 0
80.91 0
80.92 0
80.93 0
80.94 0
80.95 0
80.96000000000001 0
80.97 0
80.98 0
80.99 0
81.0 0
81.01 0
81.02 0
81.03 0
81.04 0
81.05 0
81.06 0
81.07000000000001 0
81.08 0
81.09 0
81.10000000000001 0
81.11 0
81.12 0
81.13 0
81.14 0
81.15 0
81.16 0
81.17 0
81.18 0
81.19 0
81.2 0
81.21000000000001 0
81.22 0
81.23 0
81.24 0
81.25 0
81.26 0
81.27 0
81.28 0
81.29 0
81.3 0
81.31 0
81.32000000000001 0
81.33 0
81.34 0
81.35000000000001 0
81.36 0
81.37 0
81.38 0
81.39 0
81.4 0
81.41 0
81.42 0
81.43 0
81.44 0
81.45 0
81.46000000000001 0
81.47 0
81.48 0
81.49 0
81.5 0
81.51 0
81.52 0
81.53 0
81.54 0
81.55 0
81.56 0
81.57000000000001 0
81.58 0
81.59 0
81.60000000000001 0
81.61 0
81.62 0
81.63 0
81.64 0
81.65 0
81.66 0
81.67 0
81.68 0
81.69 0
81.7 0
81.71000000000001 0
81.72 0
81.73 0
81.74 0
81.75 0
81.76 0
81.77 0
81.78 0
81.79 0
81.8 0
81.81 0
81.82000000000001 0
81.83 0
81.84 0
81.85000000000001 0
81.86 0
81.87 0
81.88 0
81.89 0
81.9 0
81.91 0
81.92 0
81.93 0
81.94 0
81.95 0
81.96000000000001 0
81.97 0
81.98 0
81.99 0
82.0 0
82.01 0
82.02 0
82.03 0
82.04 0
82.05 0
82.06 0
82.07000000000001 0
82.08 0
82.09 0
82.10000000000001 0
82.11 0
82.12 0
82.13 0
82.14 0
82.15 0
82.16 0
82.17 0
82.18 0
82.19 0
82.2 0
82.21000000000001 0
82.22 0
82.23 0
82.24 0
82.25 0
82.26 0
82.27 0
82.28 0
82.29 0
82.3 0
82.31 0
82.32000000000001 0
82.33 0
82.34 0
82.35000000000001 0
82.36 0
82.37 0
82.38 0
82.39 0
82.4 0
82.41 0
82.42 0
82.43 0
82.44 1
82.45 1
82.46000000000001 1
82.47 1
82.48 1
82.49 1
82.5 1
82.51 1
82.52 0
82.53 0
82.54 0
82.55 0
82.56 0
82.57000000000001 0
82.58 0
82.59 0
82.60000000000001 0
82.61 0
82.62 0
82.63 0
82.64 1
82.65 1
82.66 1
82.67 1
82.68 1
82.69 1
82.7 1
82.71000000000001 1
82.72 1
82.73 1
82.74 1
82.75 1
82.76 1
82.77 1
82.78 1
82.79 1
82.8 1
82.81 1
82.82000000000001 1
82.83 1
82.84 1
82.85000000000001 1
82.86 1
82.87 1
82.88 1
82.89 1
82.9 1
82.91 1
82.92 1
82.93 1
82.94 1
82.95 1
82.96000000000001 1
82.97 1
82.98 1
82.99 1
83.0 1
83.01 1
83.02 1
83.03 1
83.04 1
83.05 1
83.06 1
83.07000000000001 1
83.08 1
83.09 1
83.10000000000001 1
83.11 1
83.12 1
83.13 1
83.14 1
83.15 1
83.16 1
83.17 1
83.18 1
83.19 1
83.2 1
83.21000000000001 1
83.22 1
83.23 1
83.24 1
83.25 1
83.26 1
83.27 1
83.28 1
83.29 1
83.3 1
83.31 1
83.32000000000001 1
83.33 1
83.34 1
83.35000000000001 1
83.36 1
83.37 1
83.38 1
83.39 1
83.4 1
83.41 1
83.42 1
83.43 1
83.44 1
83.45 1
83.46000000000001 1
83.47 1
83.48 1
83.49 1
83.5 1
83.51 1
83.52 1
83.53 1
83.54 1
83.55 1
83.56 1
83.57000000000001 1
83.58 1
83.59 1
83.60000000000001 1
83.61 1
83.62 1
83.63 1
83.64 1
83.65 1
83.66 1
83.67 1
83.68 1
83.69 1
83.7 1
83.71000000000001 1
83.72 1
83.73 0
83.74 0
83.75 0
83.76 0
83.77 1
83.78 1
83.79 1
83.8 1
83.81 1
83.82000000000001 0
83.83 0
83.84 0
83.85000000000001 0
83.86 0
83.87 0
83.88 0
83.89 0
83.9 0
83.91 0
83.92 0
83.93 0
83.94 0
83.95 0
83.96000000000001 0
83.97 0
83.98 0
83.99 0
84.0 0
84.01 0
84.02 0
84.03 0
84.04 0
84.05 0
84.06 0
84.07000000000001 0
84.08 0
84.09 0
84.10000000000001 0
84.11 0
84.12 0
84.13 0
84.14 0
84.15 0
84.16 0
84.17 0
84.18 0
84.19 0
84.2 0
84.21000000000001 0
84.22 0
84.23 0
84.24 0
84.25 0
84.26 0
84.27 0
84.28 0
84.29 0
84.3 0
84.31 0
84.32000000000001 0
84.33 0
84.34 0
84.35000000000001 0
84.36 0
84.37 0
84.38 0
84.39 0
84.4 0
84.41 0
84.42 0
84.43 0
84.44 0
84.45 0
84.46000000000001 0
84.47 0
84.48 0
84.49 0
84.5 0
84.51 0
84.52 0
84.53 0
84.54 0
84.55 0
84.56 0
84.57000000000001 0
84.58 0
84.59 0
84.60000000000001 0
84.61 0
84.62 0
84.63 0
84.64 0
84.65 0
84.66 0
84.67 0
84.68 0
84.69 0
84.7 0
84.71000000000001 0
84.72 0
84.73 0
84.74 0
84.75 0
84.76 0
84.77 0
84.78 0
84.79 0
84.8 0
84.81 0
84.82000000000001 0
84.83 0
84.84 0
84.85000000000001 0
84.86 0
84.87 0
84.88 0
84.89 0
84.9 0
84.91 0
84.92 0
84.93 0
84.94 0
84.95 0
84.96000000000001 0
84.97 0
84.98 0
84.99 0
85.0 0
85.01 0
85.02 0
85.03 0
85.04 0
85.05 0
85.06 0
85.07000000000001 0
85.08 0
85.09 0
85.10000000000001 0
85.11 0
85.12 0
85.13 0
85.14 0
85.15 0
85.16 0
85.17 0
85.18 0