0.00 0.00
0.01 0.00
0.02 0.00
0.03 0.00
0.04 0.00
0.05 0.00
0.06 0.00
0.07 0.00
0.08 0.00
0.09 0.00
0.10 0.00
0.11 0.00
0.12 0.00
0.13 0.00
0.14 0.00
0.15 0.00
0.16 0.00
0.17 0.00
0.18 0.00
0.19 0.00
0.20 0.00
0.21 0.00
0.22 0.00
0.23 0.00
0.24 0.00
0.25 0.00
0.26 0.00
0.27 0.00
0.28 0.00
0.29 0.00
0.30 0.00
0.31 0.00
0.32 0.00
0.33 0.00
0.34 0.00
0.35 0.00
0.36 0.00
0.37 0.00
0.38 0.00
0.39 0.00
0.40 0.00
0.41 0.00
0.42 0.00
0.43 0.00
0.44 0.00
0.45 0.00
0.46 0.00
0.47 0.00
0.48 0.00
0.49 0.00
0.50 0.00
0.51 0.00
0.52 0.00
0.53 0.00
0.54 0.00
0.55 0.00
0.56 0.00
0.57 0.00
0.58 0.00
0.59 0.00
0.60 0.00
0.61 0.00
0.62 0.00
0.63 0.00
0.64 0.00
0.65 0.00
0.66 0.00
0.67 0.00
0.68 0.00
0.69 0.00
0.70 0.00
0.71 0.00
0.72 0.00
0.73 0.00
0.74 0.00
0.75 0.00
0.76 0.00
0.77 0.00
0.78 0.00
0.79 0.00
0.80 0.00
0.81 0.00
0.82 0.00
0.83 0.00
0.84 0.00
0.85 0.00
0.86 0.00
0.87 0.00
0.88 0.00
0.89 0.00
0.90 0.00
0.91 0.00
0.92 0.00
0.93 0.00
0.94 0.00
0.95 0.00
0.96 0.00
0.97 0.00
0.98 0.00
0.99 0.00
1.00 0.00
1.01 0.00
1.02 0.00
1.03 0.00
1.04 0.00
1.05 0.00
1.06 0.00
1.07 0.00
1.08 0.00
1.09 0.00
1.10 0.00
1.11 0.00
1.12 0.00
1.13 0.00
1.14 0.00
1.15 0.00
1.16 0.00
1.17 0.00
1.18 0.00
1.19 0.00
1.20 0.00
1.21 0.00
1.22 0.00
1.23 0.00
1.24 0.00
1.25 0.00
1.26 0.00
1.27 0.00
1.28 0.00
1.29 0.00
1.30 0.00
1.31 0.00
1.32 0.00
1.33 0.00
1.34 0.00
1.35 0.00
1.36 0.00
1.37 0.00
1.38 0.00
1.39 0.00
1.40 0.00
1.41 0.00
1.42 0.00
1.43 0.00
1.44 0.00
1.45 0.00
1.46 0.00
1.47 0.00
1.48 0.00
1.49 0.00
1.50 0.00
1.51 0.00
1.52 0.00
1.53 0.00
1.54 0.00
1.55 0.00
1.56 0.00
1.57 0.00
1.58 0.00
1.59 0.00
1.60 0.00
1.61 0.00
1.62 0.00
1.63 0.00
1.64 0.00
1.65 0.00
1.66 0.00
1.67 0.00
1.68 0.00
1.69 0.00
1.70 0.00
1.71 0.00
1.72 0.00
1.73 0.00
1.74 0.00
1.75 0.00
1.76 0.00
1.77 0.00
1.78 0.00
1.79 0.00
1.80 0.00
1.81 0.00
1.82 0.00
1.83 0.00
1.84 0.00
1.85 0.00
1.86 0.00
1.87 0.00
1.88 0.00
1.89 0.00
1.90 0.00
1.91 0.00
1.92 0.00
1.93 0.00
1.94 0.00
1.95 0.00
1.96 0.00
1.97 0.00
1.98 0.00
1.99 0.00
2.00 0.00
2.01 0.00
2.02 0.00
2.03 0.00
2.04 0.00
2.05 0.00
2.06 0.00
2.07 0.00
2.08 0.00
2.09 0.00
2.10 0.00
2.11 0.00
2.12 0.00
2.13 0.00
2.14 0.00
2.15 0.00
2.16 0.00
2.17 0.00
2.18 0.00
2.19 0.00
2.20 0.00
2.21 0.00
2.22 0.00
2.23 0.00
2.24 0.00
2.25 0.00
2.26 0.00
2.27 0.00
2.28 0.00
2.29 0.00
2.30 0.00
2.31 0.00
2.32 0.00
2.33 0.00
2.34 0.00
2.35 0.00
2.36 0.00
2.37 0.00
2.38 0.00
2.39 0.00
2.40 0.00
2.41 0.00
2.42 0.00
2.43 0.00
2.44 0.00
2.45 0.00
2.46 0.00
2.47 0.00
2.48 0.00
2.49 0.00
2.50 0.00
2.51 0.00
2.52 0.00
2.53 0.00
2.54 0.00
2.55 0.00
2.56 0.00
2.57 0.00
2.58 0.00
2.59 0.00
2.60 0.00
2.61 0.00
2.62 0.00
2.63 0.00
2.64 0.00
2.65 0.00
2.66 0.00
2.67 0.00
2.68 0.00
2.69 0.00
2.70 0.00
2.71 0.00
2.72 0.00
2.73 0.00
2.74 0.00
2.75 0.00
2.76 0.00
2.77 0.00
2.78 0.00
2.79 0.00
2.80 0.00
2.81 0.00
2.82 0.00
2.83 0.00
2.84 0.00
2.85 0.00
2.86 0.00
2.87 0.00
2.88 0.00
2.89 0.00
2.90 0.00
2.91 0.00
2.92 0.00
2.93 0.00
2.94 0.00
2.95 0.00
2.96 0.00
2.97 0.00
2.98 0.00
2.99 0.00
3.00 0.00
3.01 0.00
3.02 0.00
3.03 0.00
3.04 0.00
3.05 0.00
3.06 0.00
3.07 0.00
3.08 0.00
3.09 0.00
3.10 0.00
3.11 0.00
3.12 0.00
3.13 0.00
3.14 0.00
3.15 0.00
3.16 0.00
3.17 0.00
3.18 0.00
3.19 0.00
3.20 0.00
3.21 0.00
3.22 0.00
3.23 0.00
3.24 0.00
3.25 0.00
3.26 0.00
3.27 0.00
3.28 0.00
3.29 0.00
3.30 0.00
3.31 0.00
3.32 0.00
3.33 0.00
3.34 0.00
3.35 0.00
3.36 0.00
3.37 0.00
3.38 0.00
3.39 0.00
3.40 0.00
3.41 0.00
3.42 0.00
3.43 0.00
3.44 0.00
3.45 0.00
3.46 0.00
3.47 0.00
3.48 0.00
3.49 0.00
3.50 0.00
3.51 0.00
3.52 0.00
3.53 0.00
3.54 0.00
3.55 0.00
3.56 0.00
3.57 0.00
3.58 0.00
3.59 0.00
3.60 0.00
3.61 0.00
3.62 0.00
3.63 0.00
3.64 0.00
3.65 0.00
3.66 0.00
3.67 0.00
3.68 0.00
3.69 0.00
3.70 0.00
3.71 0.00
3.72 0.00
3.73 0.00
3.74 0.00
3.75 0.00
3.76 0.00
3.77 0.00
3.78 0.00
3.79 0.00
3.80 0.00
3.81 0.00
3.82 0.00
3.83 0.00
3.84 0.00
3.85 0.00
3.86 0.00
3.87 0.00
3.88 0.00
3.89 0.00
3.90 0.00
3.91 0.00
3.92 0.00
3.93 0.00
3.94 0.00
3.95 0.00
3.96 0.00
3.97 0.00
3.98 0.00
3.99 0.00
4.00 0.00
4.01 0.00
4.02 0.00
4.03 0.00
4.04 0.00
4.05 0.00
4.06 0.00
4.07 0.00
4.08 0.00
4.09 0.00
4.10 0.00
4.11 0.00
4.12 0.00
4.13 0.00
4.14 0.00
4.15 0.00
4.16 0.00
4.17 0.00
4.18 0.00
4.19 0.00
4.20 0.00
4.21 0.00
4.22 0.00
4.23 0.00
4.24 0.00
4.25 0.00
4.26 0.00
4.27 0.00
4.28 0.00
4.29 0.00
4.30 0.00
4.31 0.00
4.32 0.00
4.33 0.00
4.34 0.00
4.35 0.00
4.36 0.00
4.37 0.00
4.38 0.00
4.39 0.00
4.40 0.00
4.41 0.00
4.42 0.00
4.43 0.00
4.44 0.00
4.45 0.00
4.46 0.00
4.47 0.00
4.48 0.00
4.49 0.00
4.50 0.00
4.51 0.00
4.52 0.00
4.53 0.00
4.54 0.00
4.55 0.00
4.56 0.00
4.57 0.00
4.58 0.00
4.59 0.00
4.60 0.00
4.61 0.00
4.62 0.00
4.63 0.00
4.64 0.00
4.65 0.00
4.66 0.00
4.67 0.00
4.68 0.00
4.69 0.00
4.70 0.00
4.71 0.00
4.72 0.00
4.73 0.00
4.74 0.00
4.75 0.00
4.76 0.00
4.77 0.00
4.78 0.00
4.79 0.00
4.80 0.00
4.81 0.00
4.82 0.00
4.83 0.00
4.84 0.00
4.85 0.00
4.86 0.00
4.87 0.00
4.88 0.00
4.89 0.00
4.90 0.00
4.91 0.00
4.92 0.00
4.93 0.00
4.94 0.00
4.95 0.00
4.96 0.00
4.97 0.00
4.98 0.00
4.99 0.00
5.00 0.00
5.01 0.00
5.02 0.00
5.03 0.00
5.04 0.00
5.05 0.00
5.06 0.00
5.07 0.00
5.08 0.00
5.09 0.00
5.10 0.00
5.11 0.00
5.12 0.00
5.13 0.00
5.14 0.00
5.15 0.00
5.16 0.00
5.17 0.00
5.18 0.00
5.19 0.00
5.20 0.00
5.21 0.00
5.22 0.00
5.23 0.00
5.24 0.00
5.25 0.00
5.26 0.00
5.27 0.00
5.28 0.00
5.29 0.00
5.30 0.00
5.31 0.00
5.32 0.00
5.33 0.00
5.34 0.00
5.35 0.00
5.36 0.00
5.37 0.00
5.38 0.00
5.39 0.00
5.40 0.00
5.41 0.00
5.42 0.00
5.43 0.00
5.44 0.00
5.45 0.00
5.46 0.00
5.47 0.00
5.48 0.00
5.49 0.00
5.50 0.00
5.51 0.00
5.52 0.00
5.53 0.00
5.54 0.00
5.55 0.00
5.56 0.00
5.57 0.00
5.58 0.00
5.59 0.00
5.60 0.00
5.61 0.00
5.62 0.00
5.63 0.00
5.64 0.00
5.65 0.00
5.66 0.00
5.67 0.00
5.68 0.00
5.69 0.00
5.70 0.00
5.71 0.00
5.72 0.00
5.73 0.00
5.74 0.00
5.75 0.00
5.76 0.00
5.77 0.00
5.78 0.00
5.79 0.00
5.80 0.00
5.81 0.00
5.82 0.00
5.83 0.00
5.84 0.00
5.85 0.00
5.86 0.00
5.87 0.00
5.88 0.00
5.89 0.00
5.90 0.00
5.91 0.00
5.92 0.00
5.93 0.00
5.94 0.00
5.95 0.00
5.96 0.00
5.97 0.00
5.98 0.00
5.99 0.00
6.00 0.00
6.01 0.00
6.02 0.00
6.03 0.00
6.04 0.00
6.05 0.00
6.06 0.00
6.07 0.00
6.08 0.00
6.09 0.00
6.10 0.00
6.11 0.00
6.12 0.00
6.13 0.00
6.14 0.00
6.15 0.00
6.16 0.00
6.17 208.03
6.18 208.03
6.19 208.03
6.20 208.03
6.21 208.03
6.22 208.03
6.23 208.03
6.24 208.03
6.25 111.05
6.26 112.73
6.27 115.59
6.28 118.60
6.29 120.87
6.30 122.38
6.31 124.09
6.32 125.71
6.33 127.42
6.34 128.94
6.35 130.97
6.36 133.20
6.37 136.64
6.38 139.73
6.39 143.73
6.40 146.19
6.41 309.76
6.42 309.76
6.43 309.76
6.44 309.76
6.45 309.76
6.46 309.76
6.47 309.76
6.48 309.76
6.49 309.76
6.50 309.76
6.51 311.47
6.52 311.47
6.53 311.47
6.54 311.47
6.55 311.47
6.56 311.47
6.57 311.47
6.58 311.47
6.59 311.47
6.60 306.72
6.61 306.72
6.62 306.72
6.63 306.72
6.64 306.72
6.65 306.72
6.66 306.72
6.67 306.72
6.68 306.72
6.69 306.72
6.70 306.72
6.71 306.72
6.72 306.72
6.73 306.72
6.74 306.72
6.75 306.72
6.76 306.72
6.77 306.72
6.78 306.72
6.79 306.72
6.80 306.72
6.81 306.72
6.82 306.72
6.83 306.72
6.84 306.72
6.85 306.72
6.86 306.72
6.87 306.72
6.88 306.72
6.89 306.72
6.90 306.72
6.91 306.72
6.92 306.72
6.93 306.72
6.94 306.72
6.95 306.72
6.96 306.72
6.97 306.72
6.98 306.72
6.99 306.72
7.00 306.72
7.01 306.72
7.02 306.72
7.03 306.72
7.04 306.72
7.05 306.72
7.06 306.72
7.07 306.72
7.08 306.72
7.09 306.72
7.10 306.72
7.11 306.72
7.12 306.72
7.13 306.72
7.14 306.72
7.15 306.72
7.16 306.72
7.17 306.72
7.18 306.72
7.19 306.72
7.20 306.72
7.21 306.72
7.22 306.72
7.23 306.72
7.24 306.72
7.25 306.72
7.26 306.72
7.27 306.72
7.28 306.72
7.29 306.72
7.30 306.72
7.31 306.72
7.32 306.72
7.33 306.72
7.34 306.72
7.35 306.72
7.36 306.72
7.37 306.72
7.38 306.72
7.39 306.72
7.40 306.72
7.41 306.72
7.42 306.72
7.43 306.72
7.44 306.72
7.45 306.72
7.46 306.72
7.47 306.72
7.48 306.72
7.49 306.72
7.50 306.72
7.51 306.72
7.52 143.25
7.53 138.14
7.54 132.95
7.55 124.11
7.56 112.95
7.57 105.23
7.58 102.45
7.59 99.85
7.60 0.00
7.61 0.00
7.62 0.00
7.63 0.00
7.64 0.00
7.65 0.00
7.66 0.00
7.67 0.00
7.68 302.64
7.69 302.64
7.70 302.64
7.71 302.64
7.72 302.64
7.73 302.64
7.74 302.64
7.75 302.64
7.76 302.64
7.77 302.64
7.78 302.64
7.79 302.64
7.80 302.64
7.81 302.64
7.82 302.64
7.83 302.64
7.84 302.64
7.85 302.64
7.86 302.64
7.87 302.64
7.88 302.64
7.89 302.64
7.90 302.64
7.91 302.64
7.92 302.64
7.93 302.64
7.94 302.64
7.95 302.64
7.96 302.64
7.97 302.64
7.98 302.64
7.99 302.64
8.00 302.64
8.01 302.64
8.02 302.64
8.03 136.09
8.04 132.59
8.05 123.14
8.06 110.73
8.07 0.00
8.08 0.00
8.09 0.00
8.10 0.00
8.11 0.00
8.12 0.00
8.13 0.00
8.14 0.00
8.15 0.00
8.16 285.84
8.17 285.84
8.18 285.84
8.19 285.84
8.20 285.84
8.21 285.84
8.22 285.84
8.23 285.84
8.24 304.80
8.25 304.80
8.26 304.80
8.27 304.80
8.28 304.80
8.29 304.80
8.30 304.80
8.31 304.80
8.32 304.80
8.33 304.80
8.34 304.80
8.35 304.80
8.36 304.80
8.37 304.80
8.38 304.80
8.39 304.80
8.40 304.80
8.41 304.80
8.42 304.80
8.43 304.80
8.44 304.80
8.45 304.80
8.46 304.80
8.47 304.80
8.48 304.80
8.49 304.80
8.50 304.80
8.51 304.80
8.52 304.80
8.53 304.80
8.54 304.80
8.55 304.80
8.56 304.80
8.57 304.80
8.58 304.80
8.59 304.80
8.60 304.80
8.61 304.80
8.62 304.80
8.63 304.80
8.64 304.80
8.65 304.80
8.66 304.80
8.67 304.80
8.68 304.80
8.69 304.80
8.70 304.80
8.71 304.80
8.72 304.80
8.73 304.80
8.74 304.80
8.75 304.80
8.76 304.80
8.77 304.80
8.78 304.80
8.79 304.80
8.80 304.80
8.81 304.80
8.82 304.80
8.83 304.80
8.84 304.80
8.85 304.80
8.86 304.80
8.87 304.80
8.88 304.80
8.89 304.80
8.90 304.80
8.91 304.80
8.92 304.80
8.93 304.80
8.94 304.80
8.95 304.80
8.96 304.80
8.97 304.80
8.98 304.80
8.99 304.80
9.00 304.80
9.01 304.80
9.02 304.80
9.03 304.80
9.04 304.80
9.05 304.80
9.06 304.80
9.07 304.80
9.08 304.80
9.09 304.80
9.10 304.80
9.11 304.80
9.12 304.80
9.13 304.80
9.14 304.80
9.15 304.80
9.16 304.80
9.17 304.80
9.18 304.80
9.19 304.80
9.20 304.80
9.21 304.80
9.22 304.80
9.23 304.80
9.24 304.80
9.25 304.80
9.26 304.80
9.27 304.80
9.28 304.80
9.29 0.00
9.30 0.00
9.31 0.00
9.32 0.00
9.33 0.00
9.34 0.00
9.35 0.00
9.36 0.00
9.37 0.00
9.38 0.00
9.39 0.00
9.40 0.00
9.41 307.82
9.42 307.82
9.43 307.82
9.44 307.82
9.45 307.82
9.46 307.82
9.47 307.82
9.48 307.82
9.49 307.82
9.50 307.82
9.51 307.82
9.52 307.82
9.53 307.82
9.54 307.82
9.55 307.82
9.56 307.82
9.57 307.82
9.58 307.82
9.59 307.82
9.60 307.82
9.61 307.82
9.62 307.82
9.63 307.82
9.64 307.82
9.65 307.82
9.66 307.82
9.67 307.82
9.68 307.82
9.69 307.82
9.70 307.82
9.71 307.82
9.72 307.82
9.73 307.82
9.74 307.82
9.75 307.82
9.76 307.82
9.77 307.82
9.78 307.82
9.79 307.82
9.80 307.82
9.81 307.82
9.82 307.82
9.83 307.82
9.84 307.82
9.85 307.82
9.86 307.82
9.87 307.82
9.88 307.82
9.89 307.82
9.90 307.82
9.91 307.82
9.92 307.82
9.93 307.82
9.94 307.82
9.95 307.82
9.96 307.82
9.97 307.82
9.98 307.82
9.99 307.82
10.00 307.82
10.01 307.82
10.02 307.82
10.03 307.82
10.04 307.82
10.05 307.82
10.06 307.82
10.07 307.82
10.08 307.82
10.09 307.82
10.10 307.82
10.11 307.82
10.12 307.82
10.13 307.82
10.14 307.82
10.15 307.82
10.16 307.82
10.17 307.82
10.18 307.82
10.19 307.82
10.20 307.82
10.21 307.82
10.22 307.82
10.23 307.82
10.24 307.82
10.25 307.82
10.26 307.82
10.27 307.82
10.28 307.82
10.29 307.82
10.30 307.82
10.31 307.82
10.32 307.82
10.33 307.82
10.34 307.82
10.35 307.82
10.36 307.82
10.37 307.82
10.38 307.82
10.39 307.82
10.40 307.82
10.41 307.82
10.42 307.82
10.43 307.82
10.44 307.82
10.45 307.82
10.46 307.82
10.47 307.82
10.48 307.82
10.49 307.82
10.50 307.82
10.51 307.82
10.52 307.82
10.53 307.82
10.54 307.82
10.55 307.82
10.56 307.82
10.57 307.82
10.58 307.82
10.59 307.82
10.60 307.82
10.61 307.82
10.62 307.82
10.63 139.75
10.64 129.54
10.65 125.68
10.66 239.57
10.67 239.57
10.68 239.57
10.69 239.57
10.70 239.57
10.71 239.57
10.72 239.57
10.73 239.57
10.74 249.41
10.75 249.41
10.76 249.41
10.77 249.41
10.78 249.41
10.79 249.41
10.80 249.41
10.81 249.41
10.82 249.41
10.83 249.41
10.84 249.41
10.85 249.41
10.86 249.41
10.87 249.41
10.88 249.41
10.89 249.41
10.90 249.41
10.91 249.41
10.92 249.41
10.93 249.41
10.94 249.41
10.95 249.41
10.96 249.41
10.97 249.41
10.98 249.41
10.99 249.41
11.00 249.41
11.01 249.41
11.02 249.41
11.03 249.41
11.04 249.41
11.05 249.41
11.06 263.68
11.07 263.68
11.08 263.68
11.09 263.68
11.10 263.68
11.11 263.68
11.12 263.68
11.13 263.68
11.14 263.68
11.15 263.68
11.16 263.68
11.17 263.68
11.18 263.68
11.19 249.29
11.20 249.29
11.21 249.29
11.22 249.29
11.23 249.29
11.24 249.29
11.25 249.29
11.26 249.29
11.27 249.29
11.28 249.29
11.29 274.24
11.30 274.24
11.31 274.24
11.32 274.24
11.33 274.24
11.34 274.24
11.35 274.24
11.36 274.24
11.37 274.24
11.38 274.24
11.39 274.24
11.40 274.24
11.41 274.24
11.42 274.24
11.43 274.24
11.44 274.24
11.45 274.24
11.46 274.24
11.47 274.24
11.48 274.24
11.49 274.24
11.50 274.24
11.51 274.24
11.52 274.24
11.53 274.24
11.54 274.24
11.55 274.24
11.56 274.24
11.57 274.24
11.58 274.24
11.59 274.24
11.60 274.24
11.61 274.24
11.62 274.24
11.63 274.24
11.64 274.24
11.65 274.24
11.66 274.24
11.67 274.24
11.68 274.24
11.69 274.24
11.70 274.24
11.71 274.24
11.72 274.24
11.73 274.24
11.74 274.24
11.75 274.24
11.76 274.24
11.77 274.24
11.78 274.24
11.79 274.24
11.80 274.24
11.81 274.24
11.82 274.24
11.83 274.24
11.84 274.24
11.85 274.24
11.86 274.24
11.87 274.24
11.88 274.24
11.89 274.24
11.90 274.24
11.91 274.24
11.92 274.24
11.93 274.24
11.94 274.24
11.95 274.24
11.96 274.24
11.97 274.24
11.98 274.24
11.99 0.00
12.00 0.00
12.01 0.00
12.02 0.00
12.03 0.00
12.04 0.00
12.05 0.00
12.06 0.00
12.07 0.00
12.08 0.00
12.09 0.00
12.10 268.01
12.11 268.01
12.12 268.01
12.13 268.01
12.14 268.01
12.15 268.01
12.16 268.01
12.17 268.01
12.18 268.01
12.19 268.01
12.20 268.01
12.21 268.01
12.22 268.01
12.23 268.01
12.24 268.01
12.25 268.01
12.26 268.01
12.27 268.01
12.28 268.01
12.29 268.01
12.30 268.01
12.31 268.01
12.32 268.01
12.33 268.01
12.34 268.01
12.35 268.01
12.36 268.01
12.37 268.01
12.38 268.01
12.39 268.01
12.40 268.01
12.41 268.01
12.42 268.01
12.43 268.01
12.44 268.01
12.45 268.01
12.46 268.01
12.47 268.01
12.48 268.01
12.49 268.01
12.50 268.01
12.51 268.01
12.52 268.01
12.53 268.01
12.54 268.01
12.55 268.01
12.56 268.01
12.57 121.64
12.58 118.41
12.59 0.00
12.60 0.00
12.61 0.00
12.62 0.00
12.63 0.00
12.64 0.00
12.65 0.00
12.66 0.00
12.67 0.00
12.68 0.00
12.69 0.00
12.70 0.00
12.71 0.00
12.72 0.00
12.73 0.00
12.74 0.00
12.75 0.00
12.76 0.00
12.77 0.00
12.78 0.00
12.79 0.00
12.80 0.00
12.81 0.00
12.82 0.00
12.83 0.00
12.84 0.00
12.85 0.00
12.86 0.00
12.87 0.00
12.88 0.00
12.89 0.00
12.90 0.00
12.91 0.00
12.92 0.00
12.93 0.00
12.94 0.00
12.95 0.00
12.96 0.00
12.97 0.00
12.98 0.00
12.99 0.00
13.00 0.00
13.01 0.00
13.02 0.00
13.03 0.00
13.04 0.00
13.05 0.00
13.06 0.00
13.07 0.00
13.08 0.00
13.09 0.00
13.10 0.00
13.11 0.00
13.12 0.00
13.13 0.00
13.14 0.00
13.15 0.00
13.16 263.67
13.17 263.67
13.18 263.67
13.19 263.67
13.20 263.67
13.21 263.67
13.22 263.67
13.23 263.67
13.24 263.67
13.25 263.67
13.26 263.67
13.27 263.67
13.28 263.67
13.29 263.67
13.30 263.67
13.31 263.67
13.32 263.67
13.33 263.67
13.34 263.67
13.35 263.67
13.36 289.62
13.37 289.62
13.38 289.62
13.39 289.62
13.40 289.62
13.41 289.62
13.42 289.62
13.43 310.80
13.44 310.80
13.45 310.80
13.46 310.80
13.47 310.80
13.48 310.80
13.49 310.80
13.50 310.80
13.51 310.80
13.52 310.80
13.53 310.80
13.54 310.80
13.55 310.80
13.56 310.80
13.57 310.80
13.58 321.77
13.59 321.77
13.60 321.77
13.61 321.77
13.62 321.77
13.63 321.77
13.64 321.77
13.65 321.77
13.66 321.77
13.67 321.77
13.68 321.77
13.69 321.77
13.70 321.77
13.71 321.77
13.72 321.77
13.73 321.77
13.74 321.77
13.75 321.77
13.76 150.01
13.77 289.88
13.78 289.88
13.79 289.88
13.80 289.88
13.81 289.88
13.82 289.88
13.83 289.88
13.84 289.88
13.85 289.88
13.86 322.62
13.87 322.62
13.88 322.62
13.89 322.62
13.90 322.62
13.91 322.62
13.92 322.62
13.93 322.62
13.94 302.53
13.95 302.53
13.96 302.53
13.97 302.53
13.98 302.53
13.99 302.53
14.00 302.53
14.01 302.53
14.02 302.53
14.03 302.53
14.04 302.53
14.05 302.53
14.06 302.53
14.07 302.53
14.08 302.53
14.09 302.53
14.10 275.47
14.11 275.47
14.12 275.47
14.13 275.47
14.14 275.47
14.15 275.47
14.16 275.47
14.17 275.47
14.18 275.47
14.19 275.47
14.20 275.47
14.21 275.47
14.22 275.47
14.23 275.47
14.24 275.47
14.25 275.47
14.26 275.47
14.27 275.47
14.28 275.47
14.29 275.47
14.30 275.47
14.31 275.47
14.32 275.47
14.33 275.47
14.34 275.47
14.35 275.47
14.36 275.47
14.37 275.47
14.38 275.47
14.39 275.47
14.40 0.00
14.41 0.00
14.42 0.00
14.43 0.00
14.44 0.00
14.45 0.00
14.46 0.00
14.47 0.00
14.48 0.00
14.49 0.00
14.50 0.00
14.51 234.90
14.52 234.90
14.53 234.90
14.54 234.90
14.55 234.90
14.56 234.90
14.57 234.90
14.58 234.90
14.59 234.90
14.60 234.90
14.61 234.90
14.62 234.90
14.63 234.90
14.64 234.90
14.65 234.90
14.66 234.90
14.67 234.90
14.68 234.90
14.69 234.90
14.70 234.90
14.71 234.90
14.72 234.90
14.73 234.90
14.74 234.90
14.75 234.90
14.76 234.90
14.77 234.90
14.78 234.90
14.79 234.90
14.80 126.67
14.81 272.83
14.82 272.83
14.83 272.83
14.84 272.83
14.85 272.83
14.86 272.83
14.87 272.83
14.88 272.83
14.89 272.83
14.90 272.83
14.91 272.83
14.92 272.83
14.93 272.83
14.94 272.83
14.95 272.83
14.96 272.83
14.97 272.83
14.98 272.83
14.99 272.83
15.00 272.83
15.01 272.83
15.02 272.83
15.03 272.83
15.04 272.83
15.05 272.83
15.06 272.83
15.07 272.83
15.08 272.83
15.09 272.83
15.10 272.83
15.11 272.83
15.12 272.83
15.13 272.83
15.14 272.83
15.15 272.83
15.16 272.83
15.17 272.83
15.18 272.83
15.19 272.83
15.20 272.83
15.21 272.83
15.22 272.83
15.23 272.83
15.24 272.83
15.25 272.83
15.26 272.83
15.27 272.83
15.28 272.83
15.29 272.83
15.30 272.83
15.31 272.83
15.32 272.83
15.33 272.83
15.34 272.83
15.35 272.83
15.36 272.83
15.37 272.83
15.38 272.83
15.39 272.83
15.40 272.83
15.41 272.83
15.42 272.83
15.43 272.83
15.44 272.83
15.45 272.83
15.46 272.83
15.47 272.83
15.48 272.83
15.49 272.83
15.50 272.83
15.51 272.83
15.52 272.83
15.53 272.83
15.54 272.83
15.55 272.83
15.56 272.83
15.57 272.83
15.58 272.83
15.59 272.83
15.60 272.83
15.61 272.83
15.62 272.83
15.63 272.83
15.64 272.83
15.65 272.83
15.66 272.83
15.67 272.83
15.68 272.83
15.69 272.83
15.70 272.83
15.71 272.83
15.72 272.83
15.73 272.83
15.74 272.83
15.75 272.83
15.76 272.83
15.77 272.83
15.78 272.83
15.79 272.83
15.80 272.83
15.81 272.83
15.82 263.06
15.83 263.06
15.84 263.06
15.85 263.06
15.86 263.06
15.87 263.06
15.88 263.06
15.89 288.29
15.90 288.29
15.91 288.29
15.92 288.29
15.93 288.29
15.94 288.29
15.95 288.29
15.96 288.29
15.97 288.29
15.98 314.53
15.99 314.53
16.00 314.53
16.01 314.53
16.02 314.53
16.03 314.53
16.04 314.53
16.05 314.53
16.06 314.53
16.07 314.53
16.08 314.53
16.09 314.53
16.10 314.53
16.11 314.53
16.12 314.53
16.13 314.53
16.14 314.53
16.15 314.53
16.16 314.53
16.17 314.53
16.18 314.53
16.19 314.53
16.20 314.53
16.21 314.53
16.22 314.53
16.23 314.53
16.24 314.53
16.25 314.53
16.26 314.53
16.27 314.53
16.28 314.53
16.29 314.53
16.30 314.53
16.31 314.53
16.32 314.53
16.33 314.53
16.34 314.53
16.35 314.53
16.36 314.53
16.37 314.53
16.38 314.53
16.39 314.53
16.40 314.53
16.41 283.91
16.42 283.91
16.43 283.91
16.44 283.91
16.45 283.91
16.46 283.91
16.47 283.91
16.48 315.52
16.49 315.52
16.50 315.52
16.51 315.52
16.52 315.52
16.53 315.52
16.54 315.52
16.55 315.52
16.56 315.52
16.57 315.52
16.58 315.52
16.59 315.52
16.60 315.52
16.61 315.52
16.62 315.52
16.63 315.52
16.64 315.52
16.65 315.52
16.66 315.52
16.67 315.52
16.68 315.52
16.69 315.52
16.70 0.00
16.71 0.00
16.72 0.00
16.73 0.00
16.74 0.00
16.75 0.00
16.76 0.00
16.77 0.00
16.78 0.00
16.79 0.00
16.80 0.00
16.81 0.00
16.82 0.00
16.83 0.00
16.84 0.00
16.85 0.00
16.86 276.46
16.87 276.46
16.88 276.46
16.89 276.46
16.90 276.46
16.91 276.46
16.92 276.46
16.93 276.46
16.94 276.46
16.95 276.46
16.96 276.46
16.97 276.46
16.98 276.46
16.99 276.46
17.00 276.46
17.01 276.46
17.02 276.46
17.03 276.46
17.04 276.46
17.05 276.46
17.06 276.46
17.07 276.46
17.08 276.46
17.09 276.46
17.10 276.46
17.11 276.46
17.12 276.46
17.13 276.46
17.14 276.46
17.15 276.46
17.16 276.46
17.17 276.46
17.18 150.97
17.19 302.36
17.20 302.36
17.21 302.36
17.22 302.36
17.23 302.36
17.24 302.36
17.25 302.36
17.26 302.36
17.27 302.36
17.28 302.36
17.29 302.36
17.30 302.36
17.31 302.36
17.32 302.36
17.33 302.36
17.34 302.36
17.35 302.36
17.36 302.36
17.37 302.36
17.38 302.36
17.39 302.36
17.40 302.36
17.41 302.36
17.42 302.36
17.43 302.36
17.44 302.36
17.45 302.36
17.46 302.36
17.47 302.36
17.48 302.36
17.49 302.36
17.50 302.36
17.51 302.36
17.52 302.36
17.53 302.36
17.54 302.36
17.55 302.36
17.56 302.36
17.57 302.36
17.58 302.36
17.59 302.36
17.60 137.34
17.61 132.49
17.62 127.12
17.63 121.05
17.64 237.65
17.65 237.65
17.66 237.65
17.67 237.65
17.68 237.65
17.69 237.65
17.70 237.65
17.71 237.65
17.72 237.65
17.73 237.65
17.74 237.65
17.75 237.65
17.76 237.65
17.77 237.65
17.78 237.65
17.79 237.65
17.80 237.65
17.81 237.65
17.82 237.65
17.83 237.65
17.84 237.65
17.85 237.65
17.86 237.65
17.87 237.65
17.88 237.65
17.89 237.65
17.90 237.65
17.91 237.65
17.92 237.65
17.93 237.65
17.94 237.65
17.95 237.65
17.96 237.65
17.97 237.65
17.98 237.65
17.99 237.65
18.00 237.65
18.01 237.65
18.02 0.00
18.03 0.00
18.04 0.00
18.05 0.00
18.06 0.00
18.07 0.00
18.08 0.00
18.09 0.00
18.10 0.00
18.11 227.75
18.12 227.75
18.13 227.75
18.14 227.75
18.15 227.75
18.16 227.75
18.17 227.75
18.18 227.75
18.19 227.75
18.20 227.75
18.21 227.75
18.22 227.75
18.23 227.75
18.24 227.75
18.25 0.00
18.26 0.00
18.27 0.00
18.28 0.00
18.29 0.00
18.30 0.00
18.31 0.00
18.32 0.00
18.33 0.00
18.34 0.00
18.35 0.00
18.36 0.00
18.37 0.00
18.38 0.00
18.39 0.00
18.40 0.00
18.41 0.00
18.42 0.00
18.43 0.00
18.44 0.00
18.45 0.00
18.46 0.00
18.47 0.00
18.48 0.00
18.49 0.00
18.50 0.00
18.51 0.00
18.52 0.00
18.53 0.00
18.54 0.00
18.55 0.00
18.56 0.00
18.57 0.00
18.58 0.00
18.59 0.00
18.60 0.00
18.61 0.00
18.62 0.00
18.63 0.00
18.64 0.00
18.65 0.00
18.66 0.00
18.67 0.00
18.68 0.00
18.69 0.00
18.70 0.00
18.71 0.00
18.72 0.00
18.73 0.00
18.74 0.00
18.75 0.00
18.76 0.00
18.77 0.00
18.78 0.00
18.79 0.00
18.80 0.00
18.81 0.00
18.82 0.00
18.83 0.00
18.84 0.00
18.85 122.07
18.86 259.41
18.87 259.41
18.88 259.41
18.89 259.41
18.90 259.41
18.91 259.41
18.92 259.41
18.93 275.43
18.94 275.43
18.95 275.43
18.96 275.43
18.97 275.43
18.98 275.43
18.99 275.43
19.00 275.43
19.01 275.43
19.02 275.43
19.03 303.11
19.04 303.11
19.05 303.11
19.06 303.11
19.07 303.11
19.08 303.11
19.09 303.11
19.10 303.11
19.11 303.11
19.12 303.11
19.13 303.11
19.14 303.11
19.15 303.11
19.16 303.11
19.17 303.11
19.18 303.11
19.19 303.11
19.20 303.11
19.21 303.11
19.22 303.11
19.23 303.11
19.24 303.11
19.25 303.11
19.26 303.11
19.27 303.11
19.28 303.11
19.29 303.11
19.30 303.11
19.31 303.11
19.32 303.11
19.33 303.11
19.34 303.11
19.35 303.11
19.36 303.11
19.37 303.11
19.38 303.11
19.39 303.11
19.40 303.11
19.41 303.11
19.42 303.11
19.43 303.11
19.44 303.11
19.45 303.11
19.46 303.11
19.47 303.11
19.48 303.11
19.49 303.11
19.50 303.11
19.51 303.11
19.52 303.11
19.53 303.11
19.54 303.11
19.55 303.11
19.56 303.11
19.57 303.11
19.58 303.11
19.59 303.11
19.60 303.11
19.61 303.11
19.62 303.11
19.63 303.11
19.64 303.11
19.65 303.11
19.66 303.11
19.67 303.11
19.68 303.11
19.69 303.11
19.70 303.11
19.71 303.11
19.72 303.11
19.73 303.11
19.74 303.11
19.75 303.11
19.76 303.11
19.77 303.11
19.78 303.11
19.79 303.11
19.80 303.11
19.81 303.11
19.82 303.11
19.83 303.11
19.84 303.11
19.85 303.11
19.86 303.11
19.87 303.11
19.88 303.11
19.89 303.11
19.90 303.11
19.91 303.11
19.92 303.11
19.93 303.11
19.94 303.11
19.95 303.11
19.96 303.11
19.97 303.11
19.98 303.11
19.99 303.11
20.00 303.11
20.01 303.11
20.02 303.11
20.03 303.11
20.04 303.11
20.05 303.11
20.06 303.11
20.07 303.11
20.08 303.11
20.09 303.11
20.10 303.11
20.11 303.11
20.12 303.11
20.13 303.11
20.14 303.11
20.15 303.11
20.16 303.11
20.17 303.11
20.18 303.11
20.19 303.11
20.20 303.11
20.21 303.11
20.22 303.11
20.23 303.11
20.24 303.11
20.25 303.11
20.26 303.11
20.27 303.11
20.28 303.11
20.29 303.11
20.30 303.11
20.31 303.11
20.32 303.11
20.33 303.11
20.34 303.11
20.35 303.11
20.36 303.11
20.37 303.11
20.38 303.11
20.39 303.11
20.40 303.11
20.41 303.11
20.42 303.11
20.43 303.11
20.44 303.11
20.45 303.11
20.46 303.11
20.47 303.11
20.48 303.11
20.49 303.11
20.50 303.11
20.51 303.11
20.52 303.11
20.53 303.11
20.54 303.11
20.55 303.11
20.56 303.11
20.57 303.11
20.58 303.11
20.59 303.11
20.60 303.11
20.61 303.11
20.62 303.11
20.63 303.11
20.64 303.11
20.65 303.11
20.66 303.11
20.67 303.11
20.68 303.11
20.69 303.11
20.70 303.11
20.71 303.11
20.72 303.11
20.73 303.11
20.74 303.11
20.75 303.11
20.76 303.11
20.77 303.11
20.78 303.11
20.79 303.11
20.80 303.11
20.81 303.11
20.82 303.11
20.83 303.11
20.84 303.11
20.85 303.11
20.86 303.11
20.87 303.11
20.88 303.11
20.89 303.11
20.90 303.11
20.91 303.11
20.92 303.11
20.93 303.11
20.94 303.11
20.95 303.11
20.96 303.11
20.97 303.11
20.98 303.11
20.99 303.11
21.00 303.11
21.01 303.11
21.02 303.11
21.03 303.11
21.04 303.11
21.05 303.11
21.06 303.11
21.07 303.11
21.08 303.11
21.09 303.11
21.10 303.11
21.11 303.11
21.12 303.11
21.13 303.11
21.14 303.11
21.15 303.11
21.16 303.11
21.17 303.11
21.18 303.11
21.19 303.11
21.20 303.11
21.21 303.11
21.22 303.11
21.23 303.11
21.24 303.11
21.25 303.11
21.26 303.11
21.27 303.11
21.28 303.11
21.29 303.11
21.30 303.11
21.31 303.11
21.32 303.11
21.33 303.11
21.34 303.11
21.35 303.11
21.36 303.11
21.37 303.11
21.38 303.11
21.39 0.00
21.40 0.00
21.41 0.00
21.42 0.00
21.43 0.00
21.44 0.00
21.45 0.00
21.46 0.00
21.47 0.00
21.48 0.00
21.49 0.00
21.50 0.00
21.51 0.00
21.52 0.00
21.53 281.10
21.54 281.10
21.55 281.10
21.56 281.10
21.57 281.10
21.58 281.10
21.59 281.10
21.60 281.10
21.61 281.10
21.62 281.10
21.63 281.10
21.64 281.10
21.65 281.10
21.66 281.10
21.67 281.10
21.68 281.10
21.69 281.10
21.70 -1.00
21.71 -1.00
21.72 -1.00
21.73 -1.00
21.74 -1.00
21.75 -1.00
21.76 -1.00
21.77 -1.00
21.78 -1.00
21.79 272.29
21.80 272.29
21.81 272.29
21.82 272.29
21.83 272.29
21.84 272.29
21.85 272.29
21.86 272.29
21.87 272.29
21.88 272.29
21.89 272.29
21.90 272.29
21.91 272.29
21.92 272.29
21.93 272.29
21.94 272.29
21.95 272.29
21.96 272.29
21.97 272.29
21.98 272.29
21.99 272.29
22.00 272.29
22.01 272.29
22.02 272.29
22.03 323.11
22.04 323.11
22.05 323.11
22.06 323.11
22.07 323.11
22.08 323.11
22.09 323.11
22.10 323.11
22.11 323.11
22.12 323.11
22.13 323.11
22.14 323.11
22.15 323.11
22.16 323.11
22.17 323.11
22.18 323.11
22.19 323.11
22.20 323.11
22.21 323.11
22.22 323.11
22.23 323.11
22.24 323.11
22.25 323.11
22.26 323.11
22.27 323.11
22.28 323.11
22.29 323.11
22.30 323.11
22.31 323.11
22.32 323.11
22.33 323.11
22.34 323.11
22.35 323.11
22.36 323.11
22.37 323.11
22.38 323.11
22.39 323.11
22.40 323.11
22.41 323.11
22.42 323.11
22.43 323.11
22.44 323.11
22.45 323.11
22.46 323.11
22.47 323.11
22.48 323.11
22.49 323.11
22.50 323.11
22.51 323.11
22.52 323.11
22.53 323.11
22.54 323.11
22.55 323.11
22.56 323.11
22.57 323.11
22.58 323.11
22.59 323.11
22.60 323.11
22.61 323.11
22.62 323.11
22.63 304.60
22.64 304.60
22.65 304.60
22.66 304.60
22.67 304.60
22.68 304.60
22.69 304.60
22.70 304.60
22.71 304.60
22.72 304.60
22.73 304.60
22.74 304.60
22.75 304.60
22.76 304.60
22.77 304.60
22.78 304.60
22.79 304.60
22.80 304.60
22.81 304.60
22.82 304.60
22.83 304.60
22.84 304.60
22.85 304.60
22.86 304.60
22.87 304.60
22.88 304.60
22.89 304.60
22.90 304.60
22.91 304.60
22.92 304.60
22.93 304.60
22.94 304.60
22.95 135.39
22.96 125.49
22.97 0.00
22.98 0.00
22.99 0.00
23.00 0.00
23.01 0.00
23.02 0.00
23.03 0.00
23.04 0.00
23.05 0.00
23.06 0.00
23.07 0.00
23.08 0.00
23.09 0.00
23.10 0.00
23.11 0.00
23.12 0.00
23.13 0.00
23.14 0.00
23.15 0.00
23.16 0.00
23.17 0.00
23.18 0.00
23.19 0.00
23.20 0.00
23.21 0.00
23.22 0.00
23.23 0.00
23.24 0.00
23.25 0.00
23.26 0.00
23.27 0.00
23.28 0.00
23.29 0.00
23.30 0.00
23.31 0.00
23.32 0.00
23.33 0.00
23.34 0.00
23.35 0.00
23.36 0.00
23.37 0.00
23.38 0.00
23.39 0.00
23.40 0.00
23.41 0.00
23.42 0.00
23.43 0.00
23.44 0.00
23.45 91.76
23.46 92.94
23.47 95.08
23.48 203.91
23.49 203.91
23.50 203.91
23.51 203.91
23.52 203.91
23.53 203.91
23.54 203.91
23.55 217.54
23.56 217.54
23.57 217.54
23.58 217.54
23.59 217.54
23.60 217.54
23.61 217.54
23.62 217.54
23.63 217.54
23.64 217.54
23.65 217.54
23.66 217.54
23.67 217.54
23.68 217.54
23.69 217.54
23.70 217.54
23.71 217.54
23.72 217.54
23.73 217.54
23.74 217.54
23.75 217.54
23.76 217.54
23.77 217.54
23.78 217.54
23.79 217.54
23.80 217.54
23.81 217.54
23.82 217.54
23.83 217.54
23.84 217.54
23.85 217.54
23.86 217.54
23.87 217.54
23.88 217.54
23.89 217.54
23.90 217.54
23.91 217.54
23.92 217.54
23.93 217.54
23.94 217.54
23.95 217.54
23.96 217.54
23.97 217.54
23.98 217.54
23.99 217.54
24.00 217.54
24.01 217.54
24.02 217.54
24.03 217.54
24.04 217.54
24.05 217.54
24.06 119.12
24.07 124.20
24.08 262.54
24.09 262.54
24.10 262.54
24.11 262.54
24.12 262.54
24.13 262.54
24.14 262.54
24.15 262.54
24.16 242.56
24.17 242.56
24.18 242.56
24.19 242.56
24.20 242.56
24.21 242.56
24.22 242.56
24.23 242.56
24.24 242.56
24.25 242.56
24.26 242.56
24.27 242.56
24.28 242.56
24.29 242.56
24.30 242.56
24.31 242.56
24.32 242.56
24.33 242.56
24.34 242.56
24.35 242.56
24.36 242.56
24.37 242.56
24.38 242.56
24.39 242.56
24.40 242.56
24.41 242.56
24.42 242.56
24.43 242.56
24.44 242.56
24.45 242.56
24.46 242.56
24.47 242.56
24.48 242.56
24.49 242.56
24.50 242.56
24.51 242.56
24.52 242.56
24.53 242.56
24.54 242.56
24.55 242.56
24.56 242.56
24.57 242.56
24.58 242.56
24.59 242.56
24.60 242.56
24.61 242.56
24.62 242.56
24.63 242.56
24.64 242.56
24.65 242.56
24.66 242.56
24.67 242.56
24.68 242.56
24.69 242.56
24.70 242.56
24.71 242.56
24.72 242.56
24.73 242.56
24.74 242.56
24.75 242.56
24.76 242.56
24.77 242.56
24.78 242.56
24.79 242.56
24.80 242.56
24.81 242.56
24.82 242.56
24.83 242.56
24.84 242.56
24.85 242.56
24.86 242.56
24.87 242.56
24.88 242.56
24.89 242.56
24.90 242.56
24.91 242.56
24.92 242.56
24.93 242.56
24.94 242.56
24.95 242.56
24.96 242.56
24.97 242.56
24.98 270.37
24.99 270.37
25.00 270.37
25.01 270.37
25.02 270.37
25.03 270.37
25.04 270.37
25.05 270.37
25.06 270.37
25.07 270.37
25.08 270.37
25.09 270.37
25.10 270.37
25.11 270.37
25.12 270.37
25.13 270.37
25.14 270.37
25.15 270.37
25.16 270.37
25.17 270.37
25.18 270.37
25.19 270.37
25.20 270.37
25.21 270.37
25.22 270.37
25.23 270.37
25.24 270.37
25.25 270.37
25.26 270.37
25.27 270.37
25.28 270.37
25.29 270.37
25.30 270.37
25.31 270.37
25.32 270.37
25.33 270.37
25.34 270.37
25.35 270.37
25.36 270.37
25.37 270.37
25.38 270.37
25.39 270.37
25.40 270.37
25.41 270.37
25.42 270.37
25.43 270.37
25.44 270.37
25.45 270.37
25.46 270.37
25.47 270.37
25.48 270.37
25.49 270.37
25.50 270.37
25.51 270.37
25.52 270.37
25.53 270.37
25.54 270.37
25.55 270.37
25.56 270.37
25.57 270.37
25.58 270.37
25.59 270.37
25.60 270.37
25.61 270.37
25.62 270.37
25.63 270.37
25.64 270.37
25.65 270.37
25.66 270.37
25.67 270.37
25.68 270.37
25.69 270.37
25.70 270.37
25.71 270.37
25.72 270.37
25.73 270.37
25.74 270.37
25.75 270.37
25.76 270.37
25.77 270.37
25.78 270.37
25.79 270.37
25.80 270.37
25.81 270.37
25.82 270.37
25.83 270.37
25.84 270.37
25.85 270.37
25.86 270.37
25.87 270.37
25.88 270.37
25.89 270.37
25.90 270.37
25.91 270.37
25.92 270.37
25.93 270.37
25.94 270.37
25.95 270.37
25.96 270.37
25.97 270.37
25.98 270.37
25.99 270.37
26.00 270.37
26.01 270.37
26.02 270.37
26.03 270.37
26.04 270.37
26.05 270.37
26.06 270.37
26.07 270.37
26.08 270.37
26.09 270.37
26.10 270.37
26.11 270.37
26.12 270.37
26.13 270.37
26.14 270.37
26.15 270.37
26.16 270.37
26.17 270.37
26.18 270.37
26.19 270.37
26.20 270.37
26.21 270.37
26.22 270.37
26.23 270.37
26.24 270.37
26.25 270.37
26.26 270.37
26.27 270.37
26.28 270.37
26.29 270.37
26.30 270.37
26.31 270.37
26.32 270.37
26.33 270.37
26.34 270.37
26.35 270.37
26.36 270.37
26.37 270.37
26.38 270.37
26.39 270.37
26.40 270.37
26.41 270.37
26.42 270.37
26.43 270.37
26.44 270.37
26.45 270.37
26.46 270.37
26.47 270.37
26.48 270.37
26.49 270.37
26.50 270.37
26.51 270.37
26.52 270.37
26.53 270.37
26.54 270.37
26.55 270.37
26.56 270.37
26.57 270.37
26.58 270.37
26.59 270.37
26.60 270.37
26.61 270.37
26.62 270.37
26.63 270.37
26.64 270.37
26.65 270.37
26.66 270.37
26.67 270.37
26.68 270.37
26.69 270.37
26.70 270.37
26.71 270.37
26.72 270.37
26.73 270.37
26.74 270.37
26.75 270.37
26.76 270.37
26.77 270.37
26.78 270.37
26.79 270.37
26.80 270.37
26.81 270.37
26.82 270.37
26.83 270.37
26.84 270.37
26.85 270.37
26.86 270.37
26.87 270.37
26.88 0.00
26.89 0.00
26.90 0.00
26.91 0.00
26.92 0.00
26.93 0.00
26.94 0.00
26.95 0.00
26.96 0.00
26.97 0.00
26.98 0.00
26.99 0.00
27.00 0.00
27.01 0.00
27.02 0.00
27.03 0.00
27.04 0.00
27.05 0.00
27.06 0.00
27.07 0.00
27.08 0.00
27.09 0.00
27.10 0.00
27.11 0.00
27.12 0.00
27.13 0.00
27.14 0.00
27.15 0.00
27.16 0.00
27.17 0.00
27.18 0.00
27.19 0.00
27.20 0.00
27.21 0.00
27.22 0.00
27.23 0.00
27.24 0.00
27.25 0.00
27.26 0.00
27.27 0.00
27.28 0.00
27.29 0.00
27.30 0.00
27.31 0.00
27.32 0.00
27.33 0.00
27.34 0.00
27.35 0.00
27.36 0.00
27.37 0.00
27.38 0.00
27.39 0.00
27.40 0.00
27.41 0.00
27.42 0.00
27.43 0.00
27.44 0.00
27.45 0.00
27.46 0.00
27.47 0.00
27.48 0.00
27.49 0.00
27.50 0.00
27.51 0.00
27.52 0.00
27.53 0.00
27.54 0.00
27.55 0.00
27.56 0.00
27.57 0.00
27.58 0.00
27.59 0.00
27.60 0.00
27.61 0.00
27.62 0.00
27.63 0.00
27.64 0.00
27.65 0.00
27.66 0.00
27.67 246.34
27.68 246.34
27.69 246.34
27.70 246.34
27.71 246.34
27.72 246.34
27.73 246.34
27.74 246.34
27.75 246.34
27.76 246.34
27.77 246.34
27.78 246.34
27.79 246.34
27.80 272.54
27.81 272.54
27.82 272.54
27.83 272.54
27.84 272.54
27.85 272.54
27.86 272.54
27.87 272.54
27.88 287.86
27.89 287.86
27.90 287.86
27.91 287.86
27.92 287.86
27.93 287.86
27.94 287.86
27.95 287.86
27.96 287.86
27.97 287.86
27.98 302.23
27.99 302.23
28.00 302.23
28.01 302.23
28.02 302.23
28.03 302.23
28.04 302.23
28.05 302.23
28.06 302.23
28.07 302.23
28.08 302.23
28.09 302.23
28.10 302.23
28.11 302.23
28.12 302.23
28.13 302.23
28.14 302.23
28.15 302.23
28.16 302.23
28.17 302.23
28.18 302.23
28.19 302.23
28.20 302.23
28.21 302.23
28.22 302.23
28.23 302.23
28.24 302.23
28.25 302.23
28.26 302.23
28.27 302.23
28.28 302.23
28.29 302.23
28.30 302.23
28.31 302.23
28.32 302.23
28.33 302.23
28.34 302.23
28.35 302.23
28.36 302.23
28.37 302.23
28.38 302.23
28.39 302.23
28.40 302.23
28.41 302.23
28.42 302.23
28.43 302.23
28.44 302.23
28.45 302.23
28.46 302.23
28.47 302.23
28.48 302.23
28.49 302.23
28.50 302.23
28.51 302.23
28.52 302.23
28.53 302.23
28.54 302.23
28.55 302.23
28.56 302.23
28.57 302.23
28.58 302.23
28.59 302.23
28.60 302.23
28.61 302.23
28.62 302.23
28.63 302.23
28.64 302.23
28.65 302.23
28.66 302.23
28.67 302.23
28.68 302.23
28.69 302.23
28.70 302.23
28.71 302.23
28.72 302.23
28.73 302.23
28.74 302.23
28.75 302.23
28.76 302.23
28.77 302.23
28.78 302.23
28.79 302.23
28.80 302.23
28.81 302.23
28.82 302.23
28.83 302.23
28.84 302.23
28.85 302.23
28.86 302.23
28.87 302.23
28.88 302.23
28.89 302.23
28.90 302.23
28.91 141.11
28.92 137.07
28.93 133.77
28.94 127.51
28.95 122.28
28.96 121.06
28.97 0.00
28.98 0.00
28.99 0.00
29.00 0.00
29.01 0.00
29.02 0.00
29.03 0.00
29.04 0.00
29.05 0.00
29.06 0.00
29.07 0.00
29.08 0.00
29.09 0.00
29.10 308.23
29.11 308.23
29.12 308.23
29.13 308.23
29.14 308.23
29.15 308.23
29.16 308.23
29.17 308.23
29.18 308.23
29.19 308.23
29.20 308.23
29.21 308.23
29.22 302.38
29.23 302.38
29.24 302.38
29.25 302.38
29.26 302.38
29.27 302.38
29.28 302.38
29.29 302.38
29.30 302.38
29.31 302.38
29.32 302.38
29.33 302.38
29.34 302.38
29.35 302.38
29.36 302.38
29.37 302.38
29.38 302.38
29.39 302.38
29.40 302.38
29.41 302.38
29.42 302.38
29.43 302.38
29.44 302.38
29.45 302.38
29.46 302.38
29.47 302.38
29.48 302.38
29.49 302.38
29.50 302.38
29.51 302.38
29.52 302.38
29.53 302.38
29.54 302.38
29.55 302.38
29.56 302.38
29.57 302.38
29.58 302.38
29.59 302.38
29.60 302.38
29.61 302.38
29.62 302.38
29.63 302.38
29.64 302.38
29.65 302.38
29.66 302.38
29.67 302.38
29.68 302.38
29.69 302.38
29.70 302.38
29.71 135.76
29.72 127.15
29.73 119.85
29.74 118.76
29.75 111.03
29.76 0.00
29.77 0.00
29.78 0.00
29.79 0.00
29.80 0.00
29.81 0.00
29.82 0.00
29.83 0.00
29.84 0.00
29.85 0.00
29.86 0.00
29.87 0.00
29.88 0.00
29.89 316.39
29.90 316.39
29.91 316.39
29.92 316.39
29.93 316.39
29.94 316.39
29.95 316.39
29.96 309.29
29.97 309.29
29.98 309.29
29.99 309.29
30.00 309.29
30.01 309.29
30.02 309.29
30.03 309.29
30.04 309.29
30.05 309.29
30.06 309.29
30.07 309.29
30.08 309.29
30.09 309.29
30.10 309.29
30.11 309.29
30.12 309.29
30.13 309.29
30.14 309.29
30.15 309.29
30.16 309.29
30.17 309.29
30.18 309.29
30.19 309.29
30.20 0.00
30.21 0.00
30.22 0.00
30.23 0.00
30.24 0.00
30.25 0.00
30.26 0.00
30.27 0.00
30.28 0.00
30.29 0.00
30.30 0.00
30.31 272.45
30.32 272.45
30.33 272.45
30.34 272.45
30.35 272.45
30.36 272.45
30.37 272.45
30.38 272.45
30.39 272.45
30.40 272.45
30.41 272.45
30.42 272.45
30.43 272.45
30.44 272.45
30.45 272.45
30.46 272.45
30.47 272.45
30.48 272.45
30.49 272.45
30.50 272.45
30.51 272.45
30.52 272.45
30.53 272.45
30.54 272.45
30.55 272.45
30.56 272.45
30.57 272.45
30.58 272.45
30.59 272.45
30.60 272.45
30.61 272.45
30.62 272.45
30.63 272.45
30.64 272.45
30.65 272.45
30.66 272.45
30.67 0.00
30.68 0.00
30.69 0.00
30.70 0.00
30.71 0.00
30.72 0.00
30.73 0.00
30.74 0.00
30.75 0.00
30.76 0.00
30.77 0.00
30.78 272.78
30.79 272.78
30.80 272.78
30.81 272.78
30.82 272.78
30.83 272.78
30.84 272.78
30.85 272.78
30.86 272.78
30.87 272.78
30.88 272.78
30.89 272.78
30.90 272.78
30.91 272.78
30.92 272.78
30.93 272.78
30.94 272.78
30.95 272.78
30.96 272.78
30.97 272.78
30.98 272.78
30.99 272.78
31.00 272.78
31.01 272.78
31.02 272.78
31.03 272.78
31.04 272.78
31.05 272.78
31.06 272.78
31.07 272.78
31.08 272.78
31.09 272.78
31.10 272.78
31.11 272.78
31.12 272.78
31.13 272.78
31.14 272.78
31.15 272.78
31.16 272.78
31.17 272.78
31.18 272.78
31.19 272.78
31.20 272.78
31.21 272.78
31.22 272.78
31.23 272.78
31.24 272.78
31.25 272.78
31.26 272.78
31.27 272.78
31.28 272.78
31.29 272.78
31.30 272.78
31.31 272.78
31.32 272.78
31.33 272.78
31.34 272.78
31.35 272.78
31.36 272.78
31.37 272.78
31.38 272.78
31.39 272.78
31.40 272.78
31.41 272.78
31.42 272.78
31.43 272.78
31.44 272.78
31.45 272.78
31.46 272.78
31.47 272.78
31.48 272.78
31.49 272.78
31.50 272.78
31.51 272.78
31.52 0.00
31.53 0.00
31.54 0.00
31.55 0.00
31.56 0.00
31.57 0.00
31.58 0.00
31.59 0.00
31.60 0.00
31.61 0.00
31.62 0.00
31.63 0.00
31.64 0.00
31.65 0.00
31.66 0.00
31.67 0.00
31.68 0.00
31.69 0.00
31.70 0.00
31.71 0.00
31.72 0.00
31.73 0.00
31.74 0.00
31.75 0.00
31.76 0.00
31.77 0.00
31.78 0.00
31.79 0.00
31.80 0.00
31.81 0.00
31.82 0.00
31.83 0.00
31.84 0.00
31.85 0.00
31.86 0.00
31.87 0.00
31.88 0.00
31.89 0.00
31.90 0.00
31.91 0.00
31.92 0.00
31.93 0.00
31.94 0.00
31.95 0.00
31.96 0.00
31.97 0.00
31.98 0.00
31.99 0.00
32.00 0.00
32.01 0.00
32.02 0.00
32.03 0.00
32.04 0.00
32.05 0.00
32.06 0.00
32.07 0.00
32.08 0.00
32.09 0.00
32.10 0.00
32.11 0.00
32.12 0.00
32.13 0.00
32.14 0.00
32.15 0.00
32.16 0.00
32.17 0.00
32.18 113.11
32.19 114.75
32.20 117.47
32.21 120.75
32.22 124.11
32.23 127.78
32.24 130.76
32.25 134.62
32.26 291.39
32.27 291.39
32.28 291.39
32.29 291.39
32.30 291.39
32.31 291.39
32.32 291.39
32.33 291.39
32.34 291.39
32.35 291.39
32.36 291.39
32.37 291.39
32.38 291.39
32.39 291.39
32.40 291.39
32.41 291.39
32.42 291.39
32.43 291.39
32.44 291.39
32.45 291.39
32.46 291.39
32.47 291.39
32.48 291.39
32.49 291.39
32.50 291.39
32.51 291.39
32.52 291.39
32.53 0.00
32.54 0.00
32.55 0.00
32.56 0.00
32.57 0.00
32.58 301.70
32.59 301.70
32.60 301.70
32.61 301.70
32.62 301.70
32.63 301.70
32.64 301.70
32.65 301.70
32.66 301.70
32.67 301.70
32.68 301.70
32.69 301.70
32.70 301.70
32.71 301.70
32.72 301.70
32.73 301.70
32.74 301.70
32.75 301.70
32.76 301.70
32.77 301.70
32.78 301.70
32.79 301.70
32.80 301.70
32.81 301.70
32.82 301.70
32.83 301.70
32.84 301.70
32.85 301.70
32.86 301.70
32.87 301.70
32.88 301.70
32.89 301.70
32.90 301.70
32.91 301.70
32.92 301.70
32.93 301.70
32.94 301.70
32.95 301.70
32.96 301.70
32.97 301.70
32.98 301.70
32.99 301.70
33.00 301.70
33.01 301.70
33.02 301.70
33.03 301.70
33.04 301.70
33.05 301.70
33.06 301.70
33.07 301.70
33.08 301.70
33.09 301.70
33.10 301.70
33.11 301.70
33.12 301.70
33.13 301.70
33.14 301.70
33.15 301.70
33.16 301.70
33.17 301.70
33.18 137.35
33.19 133.49
33.20 132.43
33.21 0.00
33.22 0.00
33.23 0.00
33.24 0.00
33.25 0.00
33.26 0.00
33.27 0.00
33.28 0.00
33.29 0.00
33.30 136.92
33.31 139.85
33.32 305.36
33.33 305.36
33.34 305.36
33.35 305.36
33.36 305.36
33.37 305.36
33.38 305.36
33.39 305.36
33.40 305.36
33.41 305.36
33.42 305.36
33.43 305.36
33.44 305.36
33.45 305.36
33.46 305.36
33.47 305.36
33.48 305.36
33.49 305.36
33.50 305.36
33.51 305.36
33.52 305.36
33.53 305.36
33.54 305.36
33.55 305.36
33.56 305.36
33.57 305.36
33.58 305.36
33.59 305.36
33.60 137.87
33.61 123.85
33.62 110.14
33.63 97.22
33.64 0.00
33.65 0.00
33.66 0.00
33.67 0.00
33.68 0.00
33.69 0.00
33.70 0.00
33.71 0.00
33.72 0.00
33.73 0.00
33.74 0.00
33.75 290.32
33.76 290.32
33.77 290.32
33.78 290.32
33.79 290.32
33.80 290.32
33.81 290.32
33.82 290.32
33.83 290.32
33.84 290.32
33.85 290.32
33.86 290.32
33.87 290.32
33.88 290.32
33.89 290.32
33.90 290.32
33.91 290.32
33.92 290.32
33.93 290.32
33.94 290.32
33.95 290.32
33.96 290.32
33.97 290.32
33.98 290.32
33.99 290.32
34.00 290.32
34.01 290.32
34.02 290.32
34.03 290.32
34.04 0.00
34.05 0.00
34.06 0.00
34.07 0.00
34.08 302.04
34.09 302.04
34.10 302.04
34.11 302.04
34.12 302.04
34.13 302.04
34.14 302.04
34.15 302.04
34.16 302.04
34.17 302.04
34.18 302.04
34.19 302.04
34.20 302.04
34.21 302.04
34.22 302.04
34.23 302.04
34.24 302.04
34.25 302.04
34.26 302.04
34.27 302.04
34.28 302.04
34.29 302.04
34.30 302.04
34.31 302.04
34.32 302.04
34.33 302.04
34.34 302.04
34.35 302.04
34.36 302.04
34.37 302.04
34.38 302.04
34.39 302.04
34.40 302.04
34.41 302.04
34.42 302.04
34.43 302.04
34.44 302.04
34.45 302.04
34.46 302.04
34.47 302.04
34.48 302.04
34.49 302.04
34.50 302.04
34.51 302.04
34.52 302.04
34.53 302.04
34.54 302.04
34.55 302.04
34.56 302.04
34.57 302.04
34.58 302.04
34.59 302.04
34.60 302.04
34.61 302.04
34.62 302.04
34.63 302.04
34.64 302.04
34.65 302.04
34.66 302.04
34.67 302.04
34.68 0.00
34.69 0.00
34.70 0.00
34.71 0.00
34.72 0.00
34.73 0.00
34.74 0.00
34.75 0.00
34.76 0.00
34.77 0.00
34.78 0.00
34.79 0.00
34.80 0.00
34.81 0.00
34.82 0.00
34.83 0.00
34.84 0.00
34.85 0.00
34.86 300.76
34.87 300.76
34.88 300.76
34.89 300.76
34.90 300.76
34.91 300.76
34.92 300.76
34.93 300.76
34.94 300.76
34.95 300.76
34.96 300.76
34.97 300.76
34.98 300.76
34.99 300.76
35.00 300.76
35.01 300.76
35.02 300.76
35.03 300.76
35.04 300.76
35.05 300.76
35.06 300.76
35.07 300.76
35.08 300.76
35.09 300.76
35.10 300.76
35.11 300.76
35.12 300.76
35.13 300.76
35.14 300.76
35.15 300.76
35.16 300.76
35.17 300.76
35.18 300.76
35.19 300.76
35.20 300.76
35.21 300.76
35.22 300.76
35.23 300.76
35.24 300.76
35.25 300.76
35.26 300.76
35.27 300.76
35.28 300.76
35.29 300.76
35.30 300.76
35.31 300.76
35.32 300.76
35.33 300.76
35.34 300.76
35.35 300.76
35.36 300.76
35.37 300.76
35.38 300.76
35.39 300.76
35.40 300.76
35.41 300.76
35.42 300.76
35.43 300.76
35.44 300.76
35.45 300.76
35.46 300.76
35.47 300.76
35.48 300.76
35.49 300.76
35.50 300.76
35.51 300.76
35.52 300.76
35.53 300.76
35.54 300.76
35.55 300.76
35.56 300.76
35.57 300.76
35.58 300.76
35.59 300.76
35.60 300.76
35.61 300.76
35.62 300.76
35.63 300.76
35.64 300.76
35.65 300.76
35.66 300.76
35.67 300.76
35.68 300.76
35.69 300.76
35.70 300.76
35.71 300.76
35.72 300.76
35.73 300.76
35.74 300.76
35.75 300.76
35.76 300.76
35.77 300.76
35.78 300.76
35.79 300.76
35.80 300.76
35.81 300.76
35.82 300.76
35.83 300.76
35.84 300.76
35.85 300.76
35.86 300.76
35.87 300.76
35.88 300.76
35.89 300.76
35.90 300.76
35.91 300.76
35.92 300.76
35.93 300.76
35.94 300.76
35.95 138.91
35.96 133.14
35.97 128.05
35.98 120.78
35.99 241.93
36.00 241.93
36.01 241.93
36.02 241.93
36.03 241.93
36.04 241.93
36.05 241.93
36.06 241.93
36.07 241.93
36.08 241.93
36.09 241.93
36.10 241.93
36.11 241.93
36.12 241.93
36.13 241.93
36.14 241.93
36.15 241.93
36.16 241.93
36.17 241.93
36.18 241.93
36.19 241.93
36.20 241.93
36.21 241.93
36.22 241.93
36.23 241.93
36.24 241.93
36.25 241.93
36.26 241.93
36.27 241.93
36.28 241.93
36.29 241.93
36.30 241.93
36.31 241.93
36.32 241.93
36.33 241.93
36.34 241.93
36.35 241.93
36.36 241.93
36.37 0.00
36.38 0.00
36.39 0.00
36.40 0.00
36.41 0.00
36.42 0.00
36.43 0.00
36.44 0.00
36.45 0.00
36.46 0.00
36.47 0.00
36.48 267.27
36.49 267.27
36.50 267.27
36.51 267.27
36.52 267.27
36.53 267.27
36.54 267.27
36.55 267.27
36.56 267.27
36.57 267.27
36.58 267.27
36.59 267.27
36.60 267.27
36.61 267.27
36.62 267.27
36.63 267.27
36.64 267.27
36.65 267.27
36.66 267.27
36.67 267.27
36.68 267.27
36.69 267.27
36.70 267.27
36.71 267.27
36.72 267.27
36.73 267.27
36.74 267.27
36.75 267.27
36.76 267.27
36.77 267.27
36.78 267.27
36.79 267.27
36.80 267.27
36.81 267.27
36.82 267.27
36.83 267.27
36.84 267.27
36.85 267.27
36.86 267.27
36.87 267.27
36.88 267.27
36.89 267.27
36.90 267.27
36.91 267.27
36.92 267.27
36.93 267.27
36.94 267.27
36.95 267.27
36.96 267.27
36.97 267.27
36.98 267.27
36.99 267.27
37.00 267.27
37.01 267.27
37.02 267.27
37.03 267.27
37.04 267.27
37.05 267.27
37.06 267.27
37.07 267.27
37.08 267.27
37.09 267.27
37.10 267.27
37.11 267.27
37.12 267.27
37.13 267.27
37.14 267.27
37.15 267.27
37.16 267.27
37.17 267.27
37.18 267.27
37.19 267.27
37.20 267.27
37.21 119.30
37.22 0.00
37.23 0.00
37.24 0.00
37.25 0.00
37.26 0.00
37.27 0.00
37.28 0.00
37.29 0.00
37.30 0.00
37.31 0.00
37.32 264.60
37.33 264.60
37.34 264.60
37.35 264.60
37.36 264.60
37.37 264.60
37.38 264.60
37.39 264.60
37.40 264.60
37.41 264.60
37.42 264.60
37.43 264.60
37.44 264.60
37.45 264.60
37.46 264.60
37.47 264.60
37.48 264.60
37.49 264.60
37.50 264.60
37.51 264.60
37.52 264.60
37.53 264.60
37.54 264.60
37.55 264.60
37.56 264.60
37.57 264.60
37.58 264.60
37.59 264.60
37.60 264.60
37.61 0.00
37.62 0.00
37.63 0.00
37.64 0.00
37.65 0.00
37.66 0.00
37.67 0.00
37.68 0.00
37.69 0.00
37.70 0.00
37.71 0.00
37.72 0.00
37.73 0.00
37.74 0.00
37.75 0.00
37.76 0.00
37.77 0.00
37.78 0.00
37.79 0.00
37.80 0.00
37.81 0.00
37.82 0.00
37.83 0.00
37.84 0.00
37.85 0.00
37.86 0.00
37.87 0.00
37.88 0.00
37.89 0.00
37.90 0.00
37.91 0.00
37.92 0.00
37.93 0.00
37.94 0.00
37.95 0.00
37.96 0.00
37.97 0.00
37.98 0.00
37.99 0.00
38.00 0.00
38.01 0.00
38.02 0.00
38.03 0.00
38.04 0.00
38.05 0.00
38.06 0.00
38.07 0.00
38.08 0.00
38.09 0.00
38.10 0.00
38.11 0.00
38.12 0.00
38.13 0.00
38.14 0.00
38.15 0.00
38.16 0.00
38.17 0.00
38.18 0.00
38.19 0.00
38.20 0.00
38.21 0.00
38.22 0.00
38.23 0.00
38.24 0.00
38.25 0.00
38.26 0.00
38.27 0.00
38.28 0.00
38.29 250.25
38.30 250.25
38.31 250.25
38.32 250.25
38.33 250.25
38.34 250.25
38.35 250.25
38.36 250.25
38.37 250.25
38.38 250.25
38.39 250.25
38.40 133.83
38.41 136.45
38.42 138.60
38.43 295.28
38.44 295.28
38.45 295.28
38.46 295.28
38.47 295.28
38.48 295.28
38.49 295.28
38.50 295.28
38.51 295.28
38.52 295.28
38.53 311.71
38.54 311.71
38.55 311.71
38.56 311.71
38.57 311.71
38.58 311.71
38.59 311.71
38.60 311.71
38.61 311.71
38.62 311.71
38.63 311.71
38.64 311.71
38.65 311.71
38.66 311.71
38.67 311.71
38.68 311.71
38.69 311.71
38.70 311.71
38.71 311.71
38.72 311.71
38.73 311.71
38.74 311.71
38.75 311.71
38.76 311.71
38.77 311.71
38.78 311.71
38.79 311.71
38.80 311.71
38.81 311.71
38.82 311.71
38.83 311.71
38.84 311.71
38.85 311.71
38.86 311.71
38.87 311.71
38.88 311.71
38.89 311.71
38.90 311.71
38.91 311.71
38.92 311.71
38.93 311.71
38.94 311.71
38.95 311.71
38.96 311.71
38.97 311.71
38.98 311.71
38.99 311.71
39.00 311.71
39.01 305.60
39.02 305.60
39.03 305.60
39.04 305.60
39.05 305.60
39.06 305.60
39.07 305.60
39.08 305.60
39.09 305.60
39.10 305.60
39.11 305.60
39.12 305.60
39.13 305.60
39.14 305.60
39.15 305.60
39.16 305.60
39.17 305.60
39.18 305.60
39.19 305.60
39.20 305.60
39.21 305.60
39.22 305.60
39.23 274.68
39.24 274.68
39.25 274.68
39.26 274.68
39.27 274.68
39.28 274.68
39.29 274.68
39.30 274.68
39.31 274.68
39.32 274.68
39.33 274.68
39.34 274.68
39.35 274.68
39.36 274.68
39.37 274.68
39.38 274.68
39.39 274.68
39.40 274.68
39.41 274.68
39.42 274.68
39.43 274.68
39.44 274.68
39.45 274.68
39.46 274.68
39.47 127.28
39.48 121.15
39.49 110.17
39.50 0.00
39.51 0.00
39.52 0.00
39.53 0.00
39.54 0.00
39.55 0.00
39.56 0.00
39.57 0.00
39.58 0.00
39.59 0.00
39.60 235.89
39.61 235.89
39.62 235.89
39.63 235.89
39.64 235.89
39.65 235.89
39.66 235.89
39.67 235.89
39.68 235.89
39.69 235.89
39.70 235.89
39.71 235.89
39.72 235.89
39.73 235.89
39.74 235.89
39.75 235.89
39.76 235.89
39.77 235.89
39.78 235.89
39.79 235.89
39.80 235.89
39.81 235.89
39.82 235.89
39.83 235.89
39.84 235.89
39.85 0.00
39.86 0.00
39.87 0.00
39.88 0.00
39.89 0.00
39.90 274.65
39.91 274.65
39.92 274.65
39.93 274.65
39.94 274.65
39.95 274.65
39.96 274.65
39.97 274.65
39.98 274.65
39.99 274.65
40.00 274.65
40.01 274.65
40.02 274.65
40.03 274.65
40.04 274.65
40.05 274.65
40.06 274.65
40.07 274.65
40.08 274.65
40.09 274.65
40.10 274.65
40.11 274.65
40.12 274.65
40.13 274.65
40.14 274.65
40.15 274.65
40.16 274.65
40.17 274.65
40.18 274.65
40.19 274.65
40.20 274.65
40.21 274.65
40.22 274.65
40.23 274.65
40.24 274.65
40.25 274.65
40.26 274.65
40.27 274.65
40.28 274.65
40.29 274.65
40.30 126.50
40.31 123.59
40.32 120.13
40.33 116.90
40.34 111.60
40.35 107.13
40.36 104.76
40.37 0.00
40.38 0.00
40.39 0.00
40.40 0.00
40.41 0.00
40.42 0.00
40.43 0.00
40.44 0.00
40.45 0.00
40.46 0.00
40.47 0.00
40.48 0.00
40.49 0.00
40.50 0.00
40.51 0.00
40.52 0.00
40.53 0.00
40.54 0.00
40.55 0.00
40.56 0.00
40.57 0.00
40.58 0.00
40.59 0.00
40.60 0.00
40.61 0.00
40.62 0.00
40.63 0.00
40.64 0.00
40.65 0.00
40.66 0.00
40.67 0.00
40.68 0.00
40.69 0.00
40.70 0.00
40.71 0.00
40.72 0.00
40.73 0.00
40.74 0.00
40.75 0.00
40.76 0.00
40.77 0.00
40.78 0.00
40.79 0.00
40.80 0.00
40.81 0.00
40.82 0.00
40.83 0.00
40.84 0.00
40.85 0.00
40.86 265.18
40.87 265.18
40.88 265.18
40.89 265.18
40.90 265.18
40.91 265.18
40.92 265.18
40.93 265.18
40.94 265.18
40.95 265.18
40.96 265.18
40.97 265.18
40.98 265.18
40.99 141.99
41.00 144.10
41.01 145.56
41.02 147.24
41.03 316.57
41.04 316.57
41.05 316.57
41.06 316.57
41.07 316.57
41.08 316.57
41.09 316.57
41.10 316.57
41.11 316.57
41.12 316.57
41.13 316.57
41.14 316.57
41.15 316.57
41.16 316.57
41.17 316.57
41.18 316.57
41.19 316.57
41.20 316.57
41.21 316.57
41.22 316.57
41.23 316.57
41.24 316.57
41.25 316.57
41.26 316.57
41.27 316.57
41.28 316.57
41.29 316.57
41.30 316.57
41.31 316.57
41.32 316.57
41.33 316.57
41.34 316.57
41.35 316.57
41.36 316.57
41.37 316.57
41.38 316.57
41.39 316.57
41.40 316.57
41.41 316.57
41.42 316.57
41.43 316.57
41.44 316.57
41.45 316.57
41.46 316.57
41.47 316.57
41.48 316.57
41.49 316.57
41.50 316.57
41.51 316.57
41.52 316.57
41.53 316.57
41.54 316.57
41.55 316.57
41.56 316.57
41.57 316.57
41.58 316.57
41.59 316.57
41.60 316.57
41.61 316.57
41.62 316.57
41.63 316.57
41.64 0.00
41.65 0.00
41.66 0.00
41.67 0.00
41.68 0.00
41.69 0.00
41.70 0.00
41.71 0.00
41.72 0.00
41.73 0.00
41.74 0.00
41.75 0.00
41.76 0.00
41.77 0.00
41.78 0.00
41.79 275.96
41.80 275.96
41.81 275.96
41.82 275.96
41.83 275.96
41.84 275.96
41.85 275.96
41.86 275.96
41.87 275.96
41.88 275.96
41.89 275.96
41.90 275.96
41.91 275.96
41.92 275.96
41.93 275.96
41.94 275.96
41.95 275.96
41.96 275.96
41.97 275.96
41.98 275.96
41.99 275.96
42.00 275.96
42.01 275.96
42.02 275.96
42.03 275.96
42.04 275.96
42.05 275.96
42.06 275.96
42.07 275.96
42.08 275.96
42.09 149.63
42.10 303.27
42.11 303.27
42.12 303.27
42.13 303.27
42.14 303.27
42.15 303.27
42.16 303.27
42.17 303.27
42.18 303.27
42.19 303.27
42.20 303.27
42.21 303.27
42.22 303.27
42.23 303.27
42.24 303.27
42.25 303.27
42.26 303.27
42.27 303.27
42.28 303.27
42.29 303.27
42.30 303.27
42.31 303.27
42.32 303.27
42.33 303.27
42.34 303.27
42.35 303.27
42.36 303.27
42.37 303.27
42.38 303.27
42.39 303.27
42.40 303.27
42.41 303.27
42.42 303.27
42.43 303.27
42.44 303.27
42.45 303.27
42.46 303.27
42.47 303.27
42.48 303.27
42.49 303.27
42.50 303.27
42.51 303.27
42.52 303.27
42.53 303.27
42.54 303.27
42.55 303.27
42.56 140.17
42.57 136.53
42.58 133.43
42.59 128.76
42.60 121.86
42.61 236.63
42.62 236.63
42.63 236.63
42.64 236.63
42.65 236.63
42.66 236.63
42.67 236.63
42.68 236.63
42.69 236.63
42.70 236.63
42.71 236.63
42.72 236.63
42.73 236.63
42.74 236.63
42.75 236.63
42.76 236.63
42.77 236.63
42.78 236.63
42.79 236.63
42.80 236.63
42.81 236.63
42.82 236.63
42.83 236.63
42.84 236.63
42.85 236.63
42.86 236.63
42.87 236.63
42.88 236.63
42.89 236.63
42.90 236.63
42.91 236.63
42.92 236.63
42.93 236.63
42.94 236.63
42.95 0.00
42.96 0.00
42.97 0.00
42.98 0.00
42.99 0.00
43.00 0.00
43.01 0.00
43.02 0.00
43.03 0.00
43.04 0.00
43.05 0.00
43.06 224.96
43.07 224.96
43.08 224.96
43.09 224.96
43.10 224.96
43.11 224.96
43.12 224.96
43.13 224.96
43.14 224.96
43.15 224.96
43.16 224.96
43.17 224.96
43.18 224.96
43.19 224.96
43.20 224.96
43.21 224.96
43.22 224.96
43.23 224.96
43.24 224.96
43.25 224.96
43.26 224.96
43.27 224.96
43.28 224.96
43.29 224.96
43.30 224.96
43.31 224.96
43.32 224.96
43.33 224.96
43.34 224.96
43.35 224.96
43.36 224.96
43.37 0.00
43.38 0.00
43.39 0.00
43.40 0.00
43.41 0.00
43.42 0.00
43.43 0.00
43.44 0.00
43.45 0.00
43.46 0.00
43.47 0.00
43.48 0.00
43.49 0.00
43.50 0.00
43.51 0.00
43.52 0.00
43.53 0.00
43.54 0.00
43.55 0.00
43.56 0.00
43.57 0.00
43.58 0.00
43.59 0.00
43.60 0.00
43.61 105.83
43.62 110.75
43.63 114.78
43.64 117.32
43.65 118.08
43.66 119.09
43.67 121.21
43.68 123.91
43.69 127.12
43.70 129.02
43.71 271.92
43.72 271.92
43.73 271.92
43.74 271.92
43.75 271.92
43.76 271.92
43.77 271.92
43.78 301.34
43.79 301.34
43.80 301.34
43.81 301.34
43.82 301.34
43.83 301.34
43.84 301.34
43.85 301.34
43.86 301.34
43.87 301.34
43.88 301.34
43.89 301.34
43.90 301.34
43.91 301.34
43.92 301.34
43.93 301.34
43.94 301.34
43.95 301.34
43.96 301.34
43.97 301.34
43.98 301.34
43.99 301.34
44.00 301.34
44.01 301.34
44.02 301.34
44.03 301.34
44.04 301.34
44.05 301.34
44.06 301.34
44.07 301.34
44.08 301.34
44.09 301.34
44.10 301.34
44.11 301.34
44.12 301.34
44.13 301.34
44.14 301.34
44.15 301.34
44.16 301.34
44.17 301.34
44.18 301.34
44.19 301.34
44.20 301.34
44.21 301.34
44.22 301.34
44.23 301.34
44.24 301.34
44.25 301.34
44.26 301.34
44.27 301.34
44.28 301.34
44.29 301.34
44.30 301.34
44.31 301.34
44.32 301.34
44.33 301.34
44.34 301.34
44.35 301.34
44.36 301.34
44.37 301.34
44.38 301.34
44.39 301.34
44.40 301.34
44.41 301.34
44.42 301.34
44.43 301.34
44.44 301.34
44.45 301.34
44.46 301.34
44.47 301.34
44.48 301.34
44.49 301.34
44.50 301.34
44.51 301.34
44.52 301.34
44.53 301.34
44.54 301.34
44.55 301.34
44.56 301.34
44.57 301.34
44.58 301.34
44.59 301.34
44.60 301.34
44.61 301.34
44.62 301.34
44.63 301.34
44.64 301.34
44.65 301.34
44.66 301.34
44.67 301.34
44.68 301.34
44.69 301.34
44.70 301.34
44.71 301.34
44.72 301.34
44.73 301.34
44.74 301.34
44.75 301.34
44.76 301.34
44.77 301.34
44.78 301.34
44.79 301.34
44.80 301.34
44.81 301.34
44.82 301.34
44.83 301.34
44.84 301.34
44.85 301.34
44.86 301.34
44.87 301.34
44.88 301.34
44.89 301.34
44.90 301.34
44.91 301.34
44.92 301.34
44.93 301.34
44.94 301.34
44.95 301.34
44.96 301.34
44.97 301.34
44.98 301.34
44.99 301.34
45.00 301.34
45.01 301.34
45.02 301.34
45.03 301.34
45.04 301.34
45.05 301.34
45.06 301.34
45.07 301.34
45.08 301.34
45.09 301.34
45.10 301.34
45.11 301.34
45.12 301.34
45.13 301.34
45.14 301.34
45.15 301.34
45.16 301.34
45.17 301.34
45.18 301.34
45.19 301.34
45.20 301.34
45.21 301.34
45.22 301.34
45.23 301.34
45.24 301.34
45.25 301.34
45.26 301.34
45.27 301.34
45.28 301.34
45.29 301.34
45.30 301.34
45.31 301.34
45.32 301.34
45.33 301.34
45.34 301.34
45.35 301.34
45.36 301.34
45.37 301.34
45.38 301.34
45.39 301.34
45.40 301.34
45.41 301.34
45.42 301.34
45.43 301.34
45.44 301.34
45.45 301.34
45.46 301.34
45.47 301.34
45.48 301.34
45.49 301.34
45.50 301.34
45.51 301.34
45.52 301.34
45.53 301.34
45.54 301.34
45.55 301.34
45.56 301.34
45.57 301.34
45.58 301.34
45.59 301.34
45.60 301.34
45.61 301.34
45.62 301.34
45.63 301.34
45.64 301.34
45.65 301.34
45.66 301.34
45.67 301.34
45.68 301.34
45.69 301.34
45.70 301.34
45.71 301.34
45.72 301.34
45.73 301.34
45.74 301.34
45.75 301.34
45.76 301.34
45.77 301.34
45.78 301.34
45.79 301.34
45.80 301.34
45.81 301.34
45.82 301.34
45.83 301.34
45.84 301.34
45.85 301.34
45.86 301.34
45.87 301.34
45.88 301.34
45.89 301.34
45.90 301.34
45.91 301.34
45.92 301.34
45.93 301.34
45.94 301.34
45.95 301.34
45.96 301.34
45.97 301.34
45.98 301.34
45.99 301.34
46.00 301.34
46.01 301.34
46.02 301.34
46.03 301.34
46.04 301.34
46.05 301.34
46.06 301.34
46.07 301.34
46.08 301.34
46.09 301.34
46.10 301.34
46.11 301.34
46.12 301.34
46.13 301.34
46.14 301.34
46.15 301.34
46.16 301.34
46.17 301.34
46.18 301.34
46.19 301.34
46.20 301.34
46.21 301.34
46.22 301.34
46.23 301.34
46.24 301.34
46.25 301.34
46.26 301.34
46.27 301.34
46.28 301.34
46.29 301.34
46.30 301.34
46.31 301.34
46.32 301.34
46.33 301.34
46.34 301.34
46.35 301.34
46.36 301.34
46.37 301.34
46.38 301.34
46.39 301.34
46.40 301.34
46.41 123.38
46.42 0.00
46.43 0.00
46.44 0.00
46.45 0.00
46.46 0.00
46.47 0.00
46.48 0.00
46.49 0.00
46.50 0.00
46.51 0.00
46.52 0.00
46.53 0.00
46.54 0.00
46.55 0.00
46.56 0.00
46.57 0.00
46.58 0.00
46.59 0.00
46.60 0.00
46.61 0.00
46.62 0.00
46.63 0.00
46.64 0.00
46.65 0.00
46.66 0.00
46.67 0.00
46.68 0.00
46.69 0.00
46.70 0.00
46.71 0.00
46.72 0.00
46.73 0.00
46.74 0.00
46.75 0.00
46.76 0.00
46.77 0.00
46.78 0.00
46.79 0.00
46.80 0.00
46.81 0.00
46.82 0.00
46.83 0.00
46.84 0.00
46.85 0.00
46.86 0.00
46.87 0.00
46.88 0.00
46.89 0.00
46.90 0.00
46.91 0.00
46.92 0.00
46.93 0.00
46.94 0.00
46.95 0.00
46.96 0.00
46.97 0.00
46.98 0.00
46.99 0.00
47.00 0.00
47.01 0.00
47.02 0.00
47.03 0.00
47.04 0.00
47.05 0.00
47.06 261.38
47.07 261.38
47.08 261.38
47.09 261.38
47.10 261.38
47.11 261.38
47.12 261.38
47.13 261.38
47.14 261.38
47.15 261.38
47.16 261.38
47.17 261.38
47.18 261.38
47.19 294.86
47.20 294.86
47.21 294.86
47.22 294.86
47.23 294.86
47.24 294.86
47.25 294.86
47.26 311.29
47.27 311.29
47.28 311.29
47.29 311.29
47.30 311.29
47.31 311.29
47.32 311.29
47.33 311.29
47.34 311.29
47.35 311.29
47.36 311.29
47.37 311.29
47.38 311.29
47.39 311.29
47.40 311.29
47.41 311.29
47.42 311.29
47.43 311.29
47.44 311.29
47.45 311.29
47.46 311.29
47.47 311.29
47.48 311.29
47.49 311.29
47.50 311.29
47.51 311.29
47.52 311.29
47.53 311.29
47.54 311.29
47.55 311.29
47.56 311.29
47.57 311.29
47.58 311.29
47.59 311.29
47.60 311.29
47.61 311.29
47.62 311.29
47.63 311.29
47.64 311.29
47.65 311.29
47.66 311.29
47.67 311.29
47.68 311.29
47.69 311.29
47.70 311.29
47.71 311.29
47.72 311.29
47.73 311.29
47.74 311.29
47.75 311.29
47.76 311.29
47.77 311.29
47.78 311.29
47.79 311.29
47.80 311.29
47.81 311.29
47.82 311.29
47.83 311.29
47.84 311.29
47.85 311.29
47.86 311.29
47.87 311.29
47.88 311.29
47.89 311.29
47.90 311.29
47.91 311.29
47.92 311.29
47.93 311.29
47.94 311.29
47.95 311.29
47.96 311.29
47.97 311.29
47.98 311.29
47.99 311.29
48.00 311.29
48.01 311.29
48.02 311.29
48.03 311.29
48.04 311.29
48.05 311.29
48.06 311.29
48.07 311.29
48.08 311.29
48.09 311.29
48.10 311.29
48.11 311.29
48.12 311.29
48.13 311.29
48.14 311.29
48.15 311.29
48.16 311.29
48.17 311.29
48.18 311.29
48.19 311.29
48.20 311.29
48.21 311.29
48.22 311.29
48.23 311.29
48.24 311.29
48.25 311.29
48.26 311.29
48.27 311.29
48.28 311.29
48.29 311.29
48.30 311.29
48.31 311.29
48.32 311.29
48.33 311.29
48.34 311.29
48.35 311.29
48.36 311.29
48.37 311.29
48.38 311.29
48.39 311.29
48.40 311.29
48.41 311.29
48.42 311.29
48.43 311.29
48.44 311.29
48.45 311.29
48.46 311.29
48.47 139.15
48.48 137.75
48.49 0.00
48.50 0.00
48.51 0.00
48.52 0.00
48.53 0.00
48.54 0.00
48.55 0.00
48.56 0.00
48.57 0.00
48.58 0.00
48.59 0.00
48.60 191.63
48.61 191.63
48.62 191.63
48.63 191.63
48.64 191.63
48.65 191.63
48.66 191.63
48.67 211.54
48.68 211.54
48.69 211.54
48.70 211.54
48.71 211.54
48.72 211.54
48.73 211.54
48.74 211.54
48.75 211.54
48.76 211.54
48.77 211.54
48.78 211.54
48.79 211.54
48.80 211.54
48.81 211.54
48.82 211.54
48.83 211.54
48.84 220.82
48.85 220.82
48.86 220.82
48.87 220.82
48.88 220.82
48.89 220.82
48.90 220.82
48.91 220.82
48.92 220.82
48.93 220.82
48.94 220.82
48.95 220.82
48.96 220.82
48.97 220.82
48.98 220.82
48.99 220.82
49.00 220.82
49.01 220.82
49.02 220.82
49.03 220.82
49.04 220.82
49.05 220.82
49.06 220.82
49.07 220.82
49.08 220.82
49.09 220.82
49.10 220.82
49.11 220.82
49.12 220.82
49.13 220.82
49.14 220.82
49.15 220.82
49.16 220.82
49.17 220.82
49.18 220.82
49.19 220.82
49.20 220.82
49.21 220.82
49.22 220.82
49.23 220.82
49.24 220.82
49.25 220.82
49.26 220.82
49.27 220.82
49.28 220.82
49.29 241.38
49.30 241.38
49.31 241.38
49.32 241.38
49.33 241.38
49.34 241.38
49.35 241.38
49.36 241.38
49.37 241.38
49.38 241.38
49.39 232.90
49.40 232.90
49.41 232.90
49.42 232.90
49.43 232.90
49.44 232.90
49.45 232.90
49.46 232.90
49.47 232.90
49.48 232.90
49.49 232.90
49.50 232.90
49.51 232.90
49.52 232.90
49.53 232.90
49.54 232.90
49.55 232.90
49.56 232.90
49.57 232.90
49.58 232.90
49.59 232.90
49.60 232.90
49.61 232.90
49.62 232.90
49.63 232.90
49.64 232.90
49.65 232.90
49.66 239.90
49.67 239.90
49.68 239.90
49.69 239.90
49.70 239.90
49.71 239.90
49.72 239.90
49.73 239.90
49.74 239.90
49.75 239.90
49.76 239.90
49.77 239.90
49.78 239.90
49.79 239.90
49.80 239.90
49.81 239.90
49.82 239.90
49.83 239.90
49.84 239.90
49.85 239.90
49.86 239.90
49.87 239.90
49.88 239.90
49.89 239.90
49.90 239.90
49.91 239.90
49.92 239.90
49.93 239.90
49.94 239.90
49.95 239.90
49.96 239.90
49.97 239.90
49.98 239.90
49.99 239.90
50.00 239.90
50.01 239.90
50.02 239.90
50.03 239.90
50.04 239.90
50.05 239.90
50.06 239.90
50.07 239.90
50.08 239.90
50.09 239.90
50.10 239.90
50.11 239.90
50.12 239.90
50.13 239.90
50.14 239.90
50.15 239.90
50.16 239.90
50.17 239.90
50.18 239.90
50.19 239.90
50.20 239.90
50.21 239.90
50.22 239.90
50.23 239.90
50.24 239.90
50.25 239.90
50.26 266.11
50.27 266.11
50.28 266.11
50.29 266.11
50.30 266.11
50.31 266.11
50.32 266.11
50.33 266.11
50.34 266.11
50.35 266.11
50.36 266.11
50.37 266.11
50.38 266.11
50.39 266.11
50.40 266.11
50.41 266.11
50.42 266.11
50.43 266.11
50.44 266.11
50.45 266.11
50.46 266.11
50.47 266.11
50.48 266.11
50.49 266.11
50.50 266.11
50.51 266.11
50.52 266.11
50.53 266.11
50.54 266.11
50.55 266.11
50.56 266.11
50.57 266.11
50.58 266.11
50.59 266.11
50.60 266.11
50.61 266.11
50.62 266.11
50.63 266.11
50.64 266.11
50.65 266.11
50.66 266.11
50.67 266.11
50.68 266.11
50.69 266.11
50.70 266.11
50.71 266.11
50.72 266.11
50.73 266.11
50.74 266.11
50.75 266.11
50.76 266.11
50.77 266.11
50.78 266.11
50.79 266.11
50.80 266.11
50.81 266.11
50.82 266.11
50.83 266.11
50.84 266.11
50.85 266.11
50.86 266.11
50.87 266.11
50.88 266.11
50.89 266.11
50.90 266.11
50.91 266.11
50.92 266.11
50.93 266.11
50.94 266.11
50.95 266.11
50.96 266.11
50.97 266.11
50.98 266.11
50.99 266.11
51.00 266.11
51.01 266.11
51.02 266.11
51.03 266.11
51.04 266.11
51.05 266.11
51.06 266.11
51.07 266.11
51.08 266.11
51.09 266.11
51.10 266.11
51.11 266.11
51.12 266.11
51.13 266.11
51.14 266.11
51.15 266.11
51.16 266.11
51.17 266.11
51.18 266.11
51.19 266.11
51.20 266.11
51.21 266.11
51.22 266.11
51.23 266.11
51.24 266.11
51.25 266.11
51.26 266.11
51.27 266.11
51.28 266.11
51.29 266.11
51.30 266.11
51.31 266.11
51.32 266.11
51.33 266.11
51.34 266.11
51.35 266.11
51.36 266.11
51.37 266.11
51.38 266.11
51.39 266.11
51.40 266.11
51.41 266.11
51.42 266.11
51.43 266.11
51.44 266.11
51.45 266.11
51.46 266.11
51.47 266.11
51.48 266.11
51.49 266.11
51.50 266.11
51.51 266.11
51.52 266.11
51.53 266.11
51.54 266.11
51.55 266.11
51.56 266.11
51.57 266.11
51.58 266.11
51.59 266.11
51.60 266.11
51.61 266.11
51.62 266.11
51.63 266.11
51.64 266.11
51.65 266.11
51.66 266.11
51.67 266.11
51.68 266.11
51.69 266.11
51.70 266.11
51.71 266.11
51.72 266.11
51.73 266.11
51.74 266.11
51.75 266.11
51.76 266.11
51.77 266.11
51.78 266.11
51.79 266.11
51.80 266.11
51.81 266.11
51.82 266.11
51.83 266.11
51.84 266.11
51.85 266.11
51.86 266.11
51.87 266.11
51.88 266.11
51.89 266.11
51.90 266.11
51.91 266.11
51.92 266.11
51.93 266.11
51.94 266.11
51.95 266.11
51.96 266.11
51.97 266.11
51.98 266.11
51.99 266.11
52.00 266.11
52.01 266.11
52.02 266.11
52.03 266.11
52.04 266.11
52.05 266.11
52.06 266.11
52.07 266.11
52.08 266.11
52.09 266.11
52.10 266.11
52.11 266.11
52.12 266.11
52.13 266.11
52.14 266.11
52.15 266.11
52.16 266.11
52.17 266.11
52.18 266.11
52.19 266.11
52.20 266.11
52.21 266.11
52.22 266.11
52.23 266.11
52.24 266.11
52.25 0.00
52.26 0.00
52.27 0.00
52.28 0.00
52.29 0.00
52.30 0.00
52.31 0.00
52.32 0.00
52.33 0.00
52.34 0.00
52.35 0.00
52.36 0.00
52.37 0.00
52.38 0.00
52.39 0.00
52.40 0.00
52.41 0.00
52.42 0.00
52.43 0.00
52.44 0.00
52.45 0.00
52.46 0.00
52.47 0.00
52.48 0.00
52.49 0.00
52.50 0.00
52.51 0.00
52.52 0.00
52.53 0.00
52.54 0.00
52.55 0.00
52.56 0.00
52.57 0.00
52.58 0.00
52.59 0.00
52.60 0.00
52.61 0.00
52.62 0.00
52.63 0.00
52.64 0.00
52.65 0.00
52.66 0.00
52.67 0.00
52.68 0.00
52.69 0.00
52.70 0.00
52.71 0.00
52.72 0.00
52.73 0.00
52.74 0.00
52.75 0.00
52.76 0.00
52.77 0.00
52.78 0.00
52.79 0.00
52.80 0.00
52.81 0.00
52.82 0.00
52.83 0.00
52.84 0.00
52.85 0.00
52.86 0.00
52.87 0.00
52.88 0.00
52.89 0.00
52.90 0.00
52.91 0.00
52.92 0.00
52.93 0.00
52.94 0.00
52.95 0.00
52.96 0.00
52.97 0.00
52.98 0.00
52.99 0.00
53.00 0.00
53.01 0.00
53.02 0.00
53.03 0.00
53.04 0.00
53.05 0.00
53.06 0.00
53.07 252.44
53.08 252.44
53.09 252.44
53.10 252.44
53.11 252.44
53.12 252.44
53.13 252.44
53.14 252.44
53.15 252.44
53.16 252.44
53.17 252.44
53.18 252.44
53.19 281.76
53.20 281.76
53.21 281.76
53.22 281.76
53.23 281.76
53.24 281.76
53.25 281.76
53.26 281.76
53.27 281.76
53.28 301.24
53.29 301.24
53.30 301.24
53.31 301.24
53.32 301.24
53.33 301.24
53.34 301.24
53.35 301.24
53.36 301.24
53.37 301.24
53.38 301.24
53.39 301.24
53.40 301.24
53.41 301.24
53.42 301.24
53.43 301.24
53.44 301.24
53.45 301.24
53.46 301.24
53.47 301.24
53.48 301.24
53.49 301.24
53.50 301.24
53.51 301.24
53.52 301.24
53.53 301.24
53.54 301.24
53.55 301.24
53.56 301.24
53.57 301.24
53.58 301.24
53.59 301.24
53.60 301.24
53.61 301.24
53.62 301.24
53.63 301.24
53.64 301.24
53.65 301.24
53.66 301.24
53.67 301.24
53.68 301.24
53.69 301.24
53.70 301.24
53.71 301.24
53.72 301.24
53.73 301.24
53.74 301.24
53.75 301.24
53.76 301.24
53.77 301.24
53.78 301.24
53.79 301.24
53.80 301.24
53.81 301.24
53.82 301.24
53.83 301.24
53.84 301.24
53.85 301.24
53.86 301.24
53.87 301.24
53.88 301.24
53.89 301.24
53.90 301.24
53.91 301.24
53.92 301.24
53.93 301.24
53.94 301.24
53.95 301.24
53.96 301.24
53.97 301.24
53.98 301.24
53.99 301.24
54.00 301.24
54.01 301.24
54.02 301.24
54.03 301.24
54.04 301.24
54.05 301.24
54.06 301.24
54.07 301.24
54.08 301.24
54.09 301.24
54.10 301.24
54.11 301.24
54.12 301.24
54.13 301.24
54.14 301.24
54.15 301.24
54.16 301.24
54.17 301.24
54.18 301.24
54.19 301.24
54.20 301.24
54.21 301.24
54.22 301.24
54.23 301.24
54.24 301.24
54.25 301.24
54.26 301.24
54.27 301.24
54.28 301.24
54.29 140.10
54.30 134.25
54.31 129.62
54.32 123.90
54.33 120.13
54.34 110.06
54.35 100.07
54.36 93.81
54.37 0.00
54.38 0.00
54.39 0.00
54.40 0.00
54.41 0.00
54.42 0.00
54.43 0.00
54.44 0.00
54.45 0.00
54.46 0.00
54.47 119.65
54.48 119.67
54.49 122.87
54.50 139.83
54.51 301.09
54.52 301.09
54.53 301.09
54.54 301.09
54.55 301.09
54.56 301.09
54.57 301.09
54.58 301.09
54.59 301.09
54.60 301.09
54.61 301.09
54.62 301.09
54.63 301.09
54.64 301.09
54.65 301.09
54.66 301.09
54.67 301.09
54.68 301.09
54.69 301.09
54.70 301.09
54.71 301.09
54.72 301.09
54.73 301.09
54.74 301.09
54.75 301.09
54.76 301.09
54.77 301.09
54.78 301.09
54.79 301.09
54.80 301.09
54.81 301.09
54.82 301.09
54.83 301.09
54.84 301.09
54.85 301.09
54.86 301.09
54.87 301.09
54.88 301.09
54.89 301.09
54.90 301.09
54.91 301.09
54.92 301.09
54.93 301.09
54.94 301.09
54.95 301.09
54.96 301.09
54.97 301.09
54.98 301.09
54.99 301.09
55.00 301.09
55.01 301.09
55.02 301.09
55.03 301.09
55.04 301.09
55.05 301.09
55.06 301.09
55.07 301.09
55.08 301.09
55.09 138.36
55.10 135.71
55.11 132.63
55.12 129.83
55.13 126.99
55.14 124.61
55.15 121.40
55.16 118.25
55.17 0.00
55.18 0.00
55.19 0.00
55.20 0.00
55.21 0.00
55.22 0.00
55.23 0.00
55.24 305.33
55.25 305.33
55.26 305.33
55.27 305.33
55.28 305.33
55.29 305.33
55.30 305.33
55.31 305.33
55.32 305.33
55.33 305.33
55.34 305.33
55.35 305.33
55.36 305.33
55.37 305.33
55.38 305.33
55.39 305.33
55.40 305.33
55.41 305.33
55.42 305.33
55.43 305.33
55.44 305.33
55.45 305.33
55.46 305.33
55.47 305.33
55.48 305.33
55.49 305.33
55.50 305.33
55.51 305.33
55.52 305.33
55.53 305.33
55.54 0.00
55.55 0.00
55.56 0.00
55.57 0.00
55.58 0.00
55.59 0.00
55.60 0.00
55.61 266.68
55.62 266.68
55.63 266.68
55.64 266.68
55.65 266.68
55.66 266.68
55.67 266.68
55.68 266.68
55.69 266.68
55.70 266.68
55.71 266.68
55.72 266.68
55.73 266.68
55.74 266.68
55.75 266.68
55.76 266.68
55.77 266.68
55.78 266.68
55.79 266.68
55.80 266.68
55.81 266.68
55.82 266.68
55.83 266.68
55.84 266.68
55.85 266.68
55.86 266.68
55.87 266.68
55.88 266.68
55.89 266.68
55.90 266.68
55.91 266.68
55.92 266.68
55.93 266.68
55.94 266.68
55.95 266.68
55.96 266.68
55.97 266.68
55.98 0.00
55.99 0.00
56.00 0.00
56.01 0.00
56.02 0.00
56.03 0.00
56.04 0.00
56.05 0.00
56.06 0.00
56.07 0.00
56.08 262.47
56.09 262.47
56.10 262.47
56.11 262.47
56.12 262.47
56.13 262.47
56.14 262.47
56.15 262.47
56.16 262.47
56.17 262.47
56.18 262.47
56.19 262.47
56.20 262.47
56.21 262.47
56.22 262.47
56.23 262.47
56.24 262.47
56.25 262.47
56.26 262.47
56.27 262.47
56.28 262.47
56.29 262.47
56.30 262.47
56.31 262.47
56.32 262.47
56.33 262.47
56.34 262.47
56.35 262.47
56.36 262.47
56.37 262.47
56.38 262.47
56.39 262.47
56.40 262.47
56.41 262.47
56.42 262.47
56.43 262.47
56.44 262.47
56.45 262.47
56.46 262.47
56.47 262.47
56.48 262.47
56.49 262.47
56.50 262.47
56.51 262.47
56.52 262.47
56.53 262.47
56.54 262.47
56.55 262.47
56.56 262.47
56.57 262.47
56.58 262.47
56.59 262.47
56.60 262.47
56.61 262.47
56.62 262.47
56.63 262.47
56.64 262.47
56.65 262.47
56.66 262.47
56.67 262.47
56.68 262.47
56.69 262.47
56.70 262.47
56.71 262.47
56.72 113.13
56.73 0.00
56.74 0.00
56.75 0.00
56.76 0.00
56.77 0.00
56.78 0.00
56.79 0.00
56.80 0.00
56.81 0.00
56.82 0.00
56.83 0.00
56.84 0.00
56.85 0.00
56.86 0.00
56.87 0.00
56.88 0.00
56.89 0.00
56.90 0.00
56.91 0.00
56.92 0.00
56.93 0.00
56.94 0.00
56.95 0.00
56.96 0.00
56.97 0.00
56.98 0.00
56.99 0.00
57.00 0.00
57.01 0.00
57.02 0.00
57.03 0.00
57.04 0.00
57.05 0.00
57.06 0.00
57.07 0.00
57.08 0.00
57.09 0.00
57.10 0.00
57.11 0.00
57.12 0.00
57.13 0.00
57.14 0.00
57.15 0.00
57.16 0.00
57.17 0.00
57.18 0.00
57.19 0.00
57.20 0.00
57.21 0.00
57.22 0.00
57.23 0.00
57.24 0.00
57.25 0.00
57.26 0.00
57.27 0.00
57.28 0.00
57.29 0.00
57.30 0.00
57.31 0.00
57.32 0.00
57.33 0.00
57.34 0.00
57.35 0.00
57.36 0.00
57.37 0.00
57.38 0.00
57.39 0.00
57.40 0.00
57.41 0.00
57.42 0.00
57.43 0.00
57.44 0.00
57.45 0.00
57.46 116.21
57.47 116.83
57.48 118.45
57.49 120.74
57.50 122.96
57.51 126.24
57.52 129.27
57.53 131.69
57.54 134.07
57.55 294.46
57.56 294.46
57.57 294.46
57.58 294.46
57.59 294.46
57.60 294.46
57.61 294.46
57.62 294.46
57.63 294.46
57.64 294.46
57.65 294.46
57.66 294.46
57.67 294.46
57.68 294.46
57.69 294.46
57.70 294.46
57.71 294.46
57.72 294.46
57.73 294.46
57.74 294.46
57.75 294.46
57.76 294.46
57.77 294.46
57.78 294.46
57.79 294.46
57.80 294.46
57.81 294.46
57.82 294.46
57.83 294.46
57.84 294.46
57.85 294.46
57.86 294.46
57.87 294.46
57.88 294.46
57.89 294.46
57.90 294.46
57.91 294.46
57.92 294.46
57.93 294.46
57.94 294.46
57.95 294.46
57.96 294.46
57.97 294.46
57.98 294.46
57.99 294.46
58.00 294.46
58.01 294.46
58.02 294.46
58.03 294.46
58.04 294.46
58.05 294.46
58.06 294.46
58.07 294.46
58.08 294.46
58.09 294.46
58.10 294.46
58.11 294.46
58.12 294.46
58.13 294.46
58.14 294.46
58.15 294.46
58.16 294.46
58.17 294.46
58.18 294.46
58.19 294.46
58.20 294.46
58.21 294.46
58.22 294.46
58.23 294.46
58.24 294.46
58.25 294.46
58.26 294.46
58.27 294.46
58.28 294.46
58.29 294.46
58.30 294.46
58.31 294.46
58.32 294.46
58.33 294.46
58.34 294.46
58.35 294.46
58.36 294.46
58.37 294.46
58.38 294.46
58.39 294.46
58.40 294.46
58.41 294.46
58.42 294.46
58.43 294.46
58.44 294.46
58.45 294.46
58.46 137.90
58.47 133.55
58.48 132.00
58.49 0.00
58.50 0.00
58.51 0.00
58.52 0.00
58.53 0.00
58.54 0.00
58.55 0.00
58.56 0.00
58.57 0.00
58.58 0.00
58.59 139.46
58.60 299.33
58.61 299.33
58.62 299.33
58.63 299.33
58.64 299.33
58.65 299.33
58.66 299.33
58.67 299.33
58.68 299.33
58.69 299.33
58.70 299.33
58.71 299.33
58.72 299.33
58.73 299.33
58.74 299.33
58.75 299.33
58.76 299.33
58.77 299.33
58.78 299.33
58.79 299.33
58.80 299.33
58.81 299.33
58.82 299.33
58.83 299.33
58.84 299.33
58.85 299.33
58.86 0.00
58.87 0.00
58.88 0.00
58.89 0.00
58.90 0.00
58.91 0.00
58.92 0.00
58.93 0.00
58.94 0.00
58.95 0.00
58.96 0.00
58.97 0.00
58.98 0.00
58.99 0.00
59.00 0.00
59.01 287.62
59.02 287.62
59.03 287.62
59.04 287.62
59.05 287.62
59.06 287.62
59.07 287.62
59.08 287.62
59.09 287.62
59.10 287.62
59.11 287.62
59.12 287.62
59.13 287.62
59.14 287.62
59.15 287.62
59.16 287.62
59.17 287.62
59.18 287.62
59.19 287.62
59.20 298.61
59.21 298.61
59.22 298.61
59.23 298.61
59.24 298.61
59.25 298.61
59.26 298.61
59.27 298.61
59.28 298.61
59.29 298.61
59.30 298.61
59.31 298.61
59.32 298.61
59.33 298.61
59.34 298.61
59.35 298.61
59.36 298.61
59.37 298.61
59.38 298.61
59.39 298.61
59.40 298.61
59.41 298.61
59.42 298.61
59.43 298.61
59.44 298.61
59.45 298.61
59.46 298.61
59.47 298.61
59.48 298.61
59.49 298.61
59.50 298.61
59.51 298.61
59.52 298.61
59.53 298.61
59.54 298.61
59.55 298.61
59.56 298.61
59.57 298.61
59.58 298.61
59.59 298.61
59.60 298.61
59.61 298.61
59.62 298.61
59.63 298.61
59.64 298.61
59.65 298.61
59.66 298.61
59.67 298.61
59.68 298.61
59.69 298.61
59.70 298.61
59.71 298.61
59.72 298.61
59.73 298.61
59.74 298.61
59.75 298.61
59.76 298.61
59.77 298.61
59.78 298.61
59.79 298.61
59.80 298.61
59.81 298.61
59.82 298.61
59.83 298.61
59.84 298.61
59.85 298.61
59.86 298.61
59.87 298.61
59.88 298.61
59.89 298.61
59.90 298.61
59.91 0.00
59.92 0.00
59.93 0.00
59.94 0.00
59.95 0.00
59.96 0.00
59.97 0.00
59.98 0.00
59.99 0.00
60.00 0.00
60.01 0.00
60.02 0.00
60.03 0.00
60.04 0.00
60.05 0.00
60.06 0.00
60.07 0.00
60.08 0.00
60.09 0.00
60.10 0.00
60.11 299.83
60.12 299.83
60.13 299.83
60.14 299.83
60.15 299.83
60.16 299.83
60.17 299.83
60.18 299.83
60.19 299.83
60.20 299.83
60.21 299.83
60.22 299.83
60.23 299.83
60.24 299.83
60.25 299.83
60.26 299.83
60.27 299.83
60.28 299.83
60.29 299.83
60.30 299.83
60.31 299.83
60.32 299.83
60.33 299.83
60.34 299.83
60.35 299.83
60.36 299.83
60.37 299.83
60.38 299.83
60.39 299.83
60.40 299.83
60.41 299.83
60.42 299.83
60.43 299.83
60.44 299.83
60.45 299.83
60.46 299.83
60.47 299.83
60.48 299.83
60.49 299.83
60.50 299.83
60.51 299.83
60.52 299.83
60.53 299.83
60.54 299.83
60.55 299.83
60.56 299.83
60.57 299.83
60.58 299.83
60.59 299.83
60.60 299.83
60.61 299.83
60.62 299.83
60.63 299.83
60.64 299.83
60.65 299.83
60.66 299.83
60.67 299.83
60.68 299.83
60.69 299.83
60.70 299.83
60.71 299.83
60.72 299.83
60.73 299.83
60.74 299.83
60.75 299.83
60.76 299.83
60.77 299.83
60.78 299.83
60.79 299.83
60.80 299.83
60.81 299.83
60.82 299.83
60.83 299.83
60.84 299.83
60.85 299.83
60.86 299.83
60.87 299.83
60.88 299.83
60.89 299.83
60.90 299.83
60.91 299.83
60.92 299.83
60.93 299.83
60.94 299.83
60.95 299.83
60.96 299.83
60.97 299.83
60.98 299.83
60.99 299.83
61.00 299.83
61.01 299.83
61.02 299.83
61.03 299.83
61.04 299.83
61.05 299.83
61.06 299.83
61.07 299.83
61.08 299.83
61.09 299.83
61.10 299.83
61.11 299.83
61.12 299.83
61.13 299.83
61.14 299.83
61.15 299.83
61.16 299.83
61.17 299.83
61.18 299.83
61.19 299.83
61.20 299.83
61.21 299.83
61.22 140.03
61.23 136.87
61.24 129.53
61.25 238.21
61.26 238.21
61.27 238.21
61.28 238.21
61.29 238.21
61.30 238.21
61.31 238.21
61.32 238.21
61.33 238.21
61.34 238.21
61.35 238.21
61.36 238.21
61.37 238.21
61.38 238.21
61.39 238.21
61.40 238.21
61.41 238.21
61.42 238.21
61.43 238.21
61.44 238.21
61.45 238.21
61.46 238.21
61.47 238.21
61.48 238.21
61.49 238.21
61.50 238.21
61.51 238.21
61.52 238.21
61.53 238.21
61.54 238.21
61.55 238.21
61.56 238.21
61.57 238.21
61.58 238.21
61.59 238.21
61.60 238.21
61.61 238.21
61.62 238.21
61.63 238.21
61.64 0.00
61.65 0.00
61.66 0.00
61.67 0.00
61.68 0.00
61.69 0.00
61.70 0.00
61.71 267.51
61.72 267.51
61.73 267.51
61.74 267.51
61.75 267.51
61.76 267.51
61.77 267.51
61.78 267.51
61.79 267.51
61.80 267.51
61.81 267.51
61.82 267.51
61.83 267.51
61.84 267.51
61.85 267.51
61.86 267.51
61.87 267.51
61.88 267.51
61.89 267.51
61.90 267.51
61.91 267.51
61.92 267.51
61.93 267.51
61.94 267.51
61.95 267.51
61.96 267.51
61.97 267.51
61.98 267.51
61.99 267.51
62.00 267.51
62.01 267.51
62.02 267.51
62.03 267.51
62.04 267.51
62.05 267.51
62.06 267.51
62.07 267.51
62.08 267.51
62.09 267.51
62.10 267.51
62.11 267.51
62.12 267.51
62.13 267.51
62.14 267.51
62.15 267.51
62.16 267.51
62.17 267.51
62.18 267.51
62.19 267.51
62.20 267.51
62.21 267.51
62.22 267.51
62.23 267.51
62.24 267.51
62.25 267.51
62.26 267.51
62.27 267.51
62.28 267.51
62.29 267.51
62.30 267.51
62.31 267.51
62.32 267.51
62.33 267.51
62.34 267.51
62.35 267.51
62.36 267.51
62.37 267.51
62.38 267.51
62.39 267.51
62.40 267.51
62.41 267.51
62.42 0.00
62.43 0.00
62.44 0.00
62.45 0.00
62.46 0.00
62.47 0.00
62.48 0.00
62.49 0.00
62.50 253.15
62.51 253.15
62.52 253.15
62.53 253.15
62.54 253.15
62.55 253.15
62.56 253.15
62.57 267.27
62.58 267.27
62.59 267.27
62.60 267.27
62.61 267.27
62.62 267.27
62.63 267.27
62.64 267.27
62.65 267.27
62.66 267.27
62.67 267.27
62.68 267.27
62.69 267.27
62.70 267.27
62.71 267.27
62.72 267.27
62.73 267.27
62.74 267.27
62.75 267.27
62.76 267.27
62.77 267.27
62.78 267.27
62.79 267.27
62.80 0.00
62.81 0.00
62.82 0.00
62.83 0.00
62.84 0.00
62.85 0.00
62.86 0.00
62.87 0.00
62.88 0.00
62.89 0.00
62.90 0.00
62.91 0.00
62.92 0.00
62.93 0.00
62.94 0.00
62.95 0.00
62.96 0.00
62.97 0.00
62.98 0.00
62.99 0.00
63.00 0.00
63.01 0.00
63.02 0.00
63.03 0.00
63.04 0.00
63.05 0.00
63.06 0.00
63.07 0.00
63.08 0.00
63.09 0.00
63.10 0.00
63.11 0.00
63.12 0.00
63.13 0.00
63.14 0.00
63.15 0.00
63.16 0.00
63.17 0.00
63.18 0.00
63.19 0.00
63.20 0.00
63.21 0.00
63.22 0.00
63.23 0.00
63.24 0.00
63.25 0.00
63.26 0.00
63.27 0.00
63.28 0.00
63.29 0.00
63.30 0.00
63.31 0.00
63.32 0.00
63.33 0.00
63.34 0.00
63.35 0.00
63.36 0.00
63.37 0.00
63.38 0.00
63.39 0.00
63.40 0.00
63.41 0.00
63.42 0.00
63.43 0.00
63.44 0.00
63.45 0.00
63.46 0.00
63.47 0.00
63.48 0.00
63.49 0.00
63.50 0.00
63.51 0.00
63.52 0.00
63.53 0.00
63.54 0.00
63.55 0.00
63.56 0.00
63.57 0.00
63.58 258.34
63.59 258.34
63.60 258.34
63.61 258.34
63.62 258.34
63.63 258.34
63.64 258.34
63.65 258.34
63.66 258.34
63.67 258.34
63.68 258.34
63.69 258.34
63.70 258.34
63.71 258.34
63.72 258.34
63.73 139.41
63.74 296.73
63.75 296.73
63.76 296.73
63.77 296.73
63.78 296.73
63.79 296.73
63.80 296.73
63.81 296.73
63.82 296.73
63.83 296.73
63.84 306.51
63.85 306.51
63.86 306.51
63.87 306.51
63.88 306.51
63.89 306.51
63.90 306.51
63.91 306.51
63.92 306.51
63.93 306.51
63.94 306.51
63.95 306.51
63.96 306.51
63.97 306.51
63.98 306.51
63.99 306.51
64.00 306.51
64.01 306.51
64.02 306.51
64.03 306.51
64.04 306.51
64.05 306.51
64.06 306.51
64.07 306.51
64.08 306.51
64.09 306.51
64.10 306.51
64.11 306.51
64.12 306.51
64.13 306.51
64.14 306.51
64.15 306.51
64.16 306.51
64.17 306.51
64.18 306.51
64.19 306.51
64.20 306.51
64.21 306.51
64.22 306.51
64.23 306.51
64.24 306.51
64.25 306.51
64.26 306.51
64.27 306.51
64.28 306.51
64.29 306.51
64.30 306.51
64.31 306.51
64.32 306.51
64.33 306.51
64.34 306.51
64.35 306.51
64.36 306.51
64.37 306.51
64.38 306.51
64.39 306.51
64.40 306.51
64.41 306.51
64.42 306.51
64.43 274.08
64.44 274.08
64.45 274.08
64.46 274.08
64.47 274.08
64.48 274.08
64.49 274.08
64.50 274.08
64.51 274.08
64.52 274.08
64.53 274.08
64.54 274.08
64.55 274.08
64.56 274.08
64.57 274.08
64.58 274.08
64.59 274.08
64.60 274.08
64.61 274.08
64.62 274.08
64.63 274.08
64.64 274.08
64.65 126.15
64.66 122.26
64.67 114.34
64.68 0.00
64.69 0.00
64.70 0.00
64.71 0.00
64.72 0.00
64.73 0.00
64.74 0.00
64.75 0.00
64.76 0.00
64.77 0.00
64.78 0.00
64.79 0.00
64.80 239.46
64.81 239.46
64.82 239.46
64.83 239.46
64.84 239.46
64.85 239.46
64.86 239.46
64.87 239.46
64.88 239.46
64.89 239.46
64.90 239.46
64.91 239.46
64.92 239.46
64.93 239.46
64.94 239.46
64.95 239.46
64.96 239.46
64.97 239.46
64.98 239.46
64.99 239.46
65.00 112.33
65.01 112.09
65.02 0.00
65.03 0.00
65.04 0.00
65.05 0.00
65.06 0.00
65.07 0.00
65.08 0.00
65.09 0.00
65.10 274.61
65.11 274.61
65.12 274.61
65.13 274.61
65.14 274.61
65.15 274.61
65.16 274.61
65.17 274.61
65.18 274.61
65.19 274.61
65.20 274.61
65.21 274.61
65.22 274.61
65.23 274.61
65.24 274.61
65.25 274.61
65.26 274.61
65.27 274.61
65.28 274.61
65.29 274.61
65.30 274.61
65.31 274.61
65.32 274.61
65.33 274.61
65.34 274.61
65.35 274.61
65.36 274.61
65.37 274.61
65.38 274.61
65.39 274.61
65.40 274.61
65.41 274.61
65.42 274.61
65.43 274.61
65.44 274.61
65.45 274.61
65.46 274.61
65.47 274.61
65.48 274.61
65.49 274.61
65.50 125.84
65.51 123.64
65.52 121.92
65.53 0.00
65.54 0.00
65.55 0.00
65.56 0.00
65.57 0.00
65.58 0.00
65.59 0.00
65.60 0.00
65.61 0.00
65.62 0.00
65.63 0.00
65.64 0.00
65.65 0.00
65.66 0.00
65.67 0.00
65.68 0.00
65.69 0.00
65.70 0.00
65.71 0.00
65.72 0.00
65.73 0.00
65.74 0.00
65.75 0.00
65.76 0.00
65.77 0.00
65.78 0.00
65.79 0.00
65.80 0.00
65.81 0.00
65.82 0.00
65.83 0.00
65.84 0.00
65.85 0.00
65.86 0.00
65.87 0.00
65.88 0.00
65.89 0.00
65.90 0.00
65.91 0.00
65.92 0.00
65.93 0.00
65.94 0.00
65.95 0.00
65.96 0.00
65.97 0.00
65.98 281.82
65.99 281.82
66.00 281.82
66.01 281.82
66.02 281.82
66.03 281.82
66.04 281.82
66.05 281.82
66.06 281.82
66.07 281.82
66.08 281.82
66.09 281.82
66.10 281.82
66.11 281.82
66.12 281.82
66.13 281.82
66.14 306.07
66.15 306.07
66.16 306.07
66.17 306.07
66.18 306.07
66.19 306.07
66.20 306.07
66.21 306.07
66.22 306.07
66.23 306.07
66.24 306.07
66.25 306.07
66.26 306.07
66.27 306.07
66.28 306.07
66.29 306.07
66.30 306.07
66.31 310.85
66.32 310.85
66.33 310.85
66.34 310.85
66.35 310.85
66.36 310.85
66.37 310.85
66.38 310.85
66.39 310.85
66.40 310.85
66.41 310.85
66.42 310.85
66.43 310.85
66.44 310.85
66.45 310.85
66.46 310.85
66.47 310.85
66.48 310.85
66.49 310.85
66.50 310.85
66.51 310.85
66.52 310.85
66.53 310.85
66.54 310.85
66.55 310.85
66.56 310.85
66.57 310.85
66.58 310.85
66.59 310.85
66.60 310.85
66.61 310.85
66.62 310.85
66.63 310.85
66.64 310.85
66.65 310.85
66.66 310.85
66.67 310.85
66.68 310.85
66.69 310.85
66.70 310.85
66.71 310.85
66.72 310.85
66.73 310.85
66.74 310.85
66.75 310.85
66.76 310.85
66.77 310.85
66.78 310.85
66.79 310.85
66.80 310.85
66.81 0.00
66.82 0.00
66.83 0.00
66.84 0.00
66.85 0.00
66.86 0.00
66.87 0.00
66.88 0.00
66.89 0.00
66.90 0.00
66.91 0.00
66.92 0.00
66.93 0.00
66.94 0.00
66.95 266.57
66.96 266.57
66.97 266.57
66.98 266.57
66.99 266.57
67.00 266.57
67.01 266.57
67.02 266.57
67.03 266.57
67.04 266.57
67.05 266.57
67.06 266.57
67.07 266.57
67.08 266.57
67.09 266.57
67.10 266.57
67.11 266.57
67.12 266.57
67.13 266.57
67.14 266.57
67.15 266.57
67.16 266.57
67.17 266.57
67.18 266.57
67.19 266.57
67.20 266.57
67.21 266.57
67.22 266.57
67.23 266.57
67.24 266.57
67.25 266.57
67.26 266.57
67.27 266.57
67.28 298.38
67.29 298.38
67.30 298.38
67.31 298.38
67.32 298.38
67.33 298.38
67.34 298.38
67.35 298.38
67.36 298.38
67.37 298.38
67.38 298.38
67.39 298.38
67.40 298.38
67.41 298.38
67.42 298.38
67.43 298.38
67.44 298.38
67.45 298.38
67.46 298.38
67.47 298.38
67.48 298.38
67.49 298.38
67.50 298.38
67.51 298.38
67.52 298.38
67.53 298.38
67.54 298.38
67.55 298.38
67.56 298.38
67.57 298.38
67.58 298.38
67.59 298.38
67.60 298.38
67.61 298.38
67.62 298.38
67.63 298.38
67.64 298.38
67.65 298.38
67.66 298.38
67.67 298.38
67.68 298.38
67.69 298.38
67.70 298.38
67.71 298.38
67.72 137.79
67.73 135.40
67.74 131.67
67.75 127.59
67.76 239.11
67.77 239.11
67.78 239.11
67.79 239.11
67.80 239.11
67.81 239.11
67.82 239.11
67.83 239.11
67.84 239.11
67.85 239.11
67.86 239.11
67.87 239.11
67.88 239.11
67.89 239.11
67.90 239.11
67.91 239.11
67.92 239.11
67.93 239.11
67.94 239.11
67.95 239.11
67.96 239.11
67.97 239.11
67.98 239.11
67.99 239.11
68.00 239.11
68.01 239.11
68.02 239.11
68.03 239.11
68.04 239.11
68.05 239.11
68.06 239.11
68.07 239.11
68.08 239.11
68.09 239.11
68.10 239.11
68.11 239.11
68.12 239.11
68.13 239.11
68.14 0.00
68.15 0.00
68.16 0.00
68.17 0.00
68.18 0.00
68.19 0.00
68.20 0.00
68.21 0.00
68.22 0.00
68.23 233.78
68.24 233.78
68.25 233.78
68.26 233.78
68.27 233.78
68.28 233.78
68.29 233.78
68.30 233.78
68.31 233.78
68.32 233.78
68.33 233.78
68.34 105.43
68.35 105.12
68.36 0.00
68.37 0.00
68.38 0.00
68.39 0.00
68.40 0.00
68.41 0.00
68.42 0.00
68.43 0.00
68.44 0.00
68.45 0.00
68.46 0.00
68.47 0.00
68.48 0.00
68.49 0.00
68.50 0.00
68.51 0.00
68.52 0.00
68.53 0.00
68.54 0.00
68.55 0.00
68.56 0.00
68.57 0.00
68.58 0.00
68.59 0.00
68.60 0.00
68.61 0.00
68.62 0.00
68.63 0.00
68.64 0.00
68.65 0.00
68.66 0.00
68.67 0.00
68.68 0.00
68.69 0.00
68.70 0.00
68.71 0.00
68.72 0.00
68.73 0.00
68.74 0.00
68.75 0.00
68.76 0.00
68.77 0.00
68.78 0.00
68.79 0.00
68.80 0.00
68.81 0.00
68.82 0.00
68.83 0.00
68.84 0.00
68.85 0.00
68.86 0.00
68.87 0.00
68.88 0.00
68.89 0.00
68.90 0.00
68.91 0.00
68.92 0.00
68.93 0.00
68.94 0.00
68.95 0.00
68.96 0.00
68.97 0.00
68.98 0.00
68.99 296.43
69.00 296.43
69.01 296.43
69.02 296.43
69.03 296.43
69.04 296.43
69.05 296.43
69.06 296.43
69.07 296.43
69.08 296.43
69.09 296.43
69.10 296.43
69.11 296.43
69.12 296.43
69.13 296.43
69.14 296.43
69.15 296.43
69.16 296.43
69.17 296.43
69.18 296.43
69.19 296.43
69.20 296.43
69.21 296.43
69.22 296.43
69.23 296.43
69.24 296.43
69.25 296.43
69.26 296.43
69.27 296.43
69.28 296.43
69.29 296.43
69.30 296.43
69.31 296.43
69.32 296.43
69.33 296.43
69.34 296.43
69.35 296.43
69.36 296.43
69.37 296.43
69.38 296.43
69.39 296.43
69.40 296.43
69.41 296.43
69.42 296.43
69.43 296.43
69.44 296.43
69.45 296.43
69.46 296.43
69.47 296.43
69.48 296.43
69.49 296.43
69.50 296.43
69.51 296.43
69.52 296.43
69.53 296.43
69.54 296.43
69.55 296.43
69.56 296.43
69.57 296.43
69.58 296.43
69.59 296.43
69.60 296.43
69.61 296.43
69.62 296.43
69.63 296.43
69.64 296.43
69.65 296.43
69.66 296.43
69.67 296.43
69.68 296.43
69.69 296.43
69.70 296.43
69.71 296.43
69.72 296.43
69.73 296.43
69.74 296.43
69.75 296.43
69.76 296.43
69.77 296.43
69.78 296.43
69.79 296.43
69.80 296.43
69.81 296.43
69.82 296.43
69.83 296.43
69.84 296.43
69.85 296.43
69.86 296.43
69.87 296.43
69.88 296.43
69.89 296.43
69.90 296.43
69.91 296.43
69.92 296.43
69.93 296.43
69.94 296.43
69.95 296.43
69.96 296.43
69.97 296.43
69.98 296.43
69.99 296.43
70.00 296.43
70.01 296.43
70.02 296.43
70.03 296.43
70.04 296.43
70.05 296.43
70.06 296.43
70.07 296.43
70.08 296.43
70.09 296.43
70.10 296.43
70.11 296.43
70.12 296.43
70.13 296.43
70.14 296.43
70.15 296.43
70.16 296.43
70.17 296.43
70.18 296.43
70.19 296.43
70.20 296.43
70.21 296.43
70.22 296.43
70.23 296.43
70.24 296.43
70.25 296.43
70.26 296.43
70.27 296.43
70.28 296.43
70.29 296.43
70.30 296.43
70.31 296.43
70.32 296.43
70.33 296.43
70.34 296.43
70.35 296.43
70.36 296.43
70.37 296.43
70.38 296.43
70.39 296.43
70.40 296.43
70.41 296.43
70.42 296.43
70.43 296.43
70.44 296.43
70.45 296.43
70.46 296.43
70.47 296.43
70.48 296.43
70.49 296.43
70.50 296.43
70.51 296.43
70.52 296.43
70.53 296.43
70.54 296.43
70.55 296.43
70.56 296.43
70.57 296.43
70.58 296.43
70.59 296.43
70.60 296.43
70.61 296.43
70.62 296.43
70.63 296.43
70.64 296.43
70.65 296.43
70.66 296.43
70.67 296.43
70.68 296.43
70.69 296.43
70.70 296.43
70.71 296.43
70.72 296.43
70.73 296.43
70.74 296.43
70.75 296.43
70.76 296.43
70.77 296.43
70.78 296.43
70.79 296.43
70.80 296.43
70.81 296.43
70.82 296.43
70.83 296.43
70.84 296.43
70.85 296.43
70.86 296.43
70.87 296.43
70.88 296.43
70.89 296.43
70.90 296.43
70.91 296.43
70.92 296.43
70.93 296.43
70.94 296.43
70.95 296.43
70.96 296.43
70.97 296.43
70.98 296.43
70.99 296.43
71.00 296.43
71.01 296.43
71.02 296.43
71.03 296.43
71.04 296.43
71.05 296.43
71.06 296.43
71.07 296.43
71.08 296.43
71.09 296.43
71.10 296.43
71.11 296.43
71.12 296.43
71.13 296.43
71.14 296.43
71.15 296.43
71.16 296.43
71.17 296.43
71.18 296.43
71.19 296.43
71.20 296.43
71.21 296.43
71.22 296.43
71.23 296.43
71.24 296.43
71.25 296.43
71.26 296.43
71.27 296.43
71.28 296.43
71.29 296.43
71.30 296.43
71.31 296.43
71.32 296.43
71.33 296.43
71.34 296.43
71.35 296.43
71.36 296.43
71.37 296.43
71.38 296.43
71.39 296.43
71.40 296.43
71.41 296.43
71.42 296.43
71.43 296.43
71.44 296.43
71.45 296.43
71.46 296.43
71.47 296.43
71.48 296.43
71.49 296.43
71.50 296.43
71.51 296.43
71.52 296.43
71.53 296.43
71.54 296.43
71.55 296.43
71.56 296.43
71.57 296.43
71.58 296.43
71.59 296.43
71.60 296.43
71.61 296.43
71.62 296.43
71.63 296.43
71.64 296.43
71.65 296.43
71.66 296.43
71.67 296.43
71.68 296.43
71.69 296.43
71.70 296.43
71.71 296.43
71.72 296.43
71.73 296.43
71.74 296.43
71.75 296.43
71.76 296.43
71.77 296.43
71.78 296.43
71.79 296.43
71.80 296.43
71.81 296.43
71.82 296.43
71.83 296.43
71.84 296.43
71.85 296.43
71.86 296.43
71.87 135.31
71.88 121.67
71.89 0.00
71.90 0.00
71.91 0.00
71.92 0.00
71.93 0.00
71.94 0.00
71.95 0.00
71.96 0.00
71.97 0.00
71.98 0.00
71.99 0.00
72.00 0.00
72.01 0.00
72.02 0.00
72.03 0.00
72.04 0.00
72.05 0.00
72.06 0.00
72.07 0.00
72.08 0.00
72.09 0.00
72.10 0.00
72.11 0.00
72.12 0.00
72.13 0.00
72.14 0.00
72.15 0.00
72.16 0.00
72.17 0.00
72.18 0.00
72.19 0.00
72.20 0.00
72.21 0.00
72.22 0.00
72.23 0.00
72.24 0.00
72.25 0.00
72.26 0.00
72.27 0.00
72.28 0.00
72.29 0.00
72.30 0.00
72.31 0.00
72.32 0.00
72.33 0.00
72.34 0.00
72.35 0.00
72.36 0.00
72.37 0.00
72.38 0.00
72.39 0.00
72.40 0.00
72.41 0.00
72.42 0.00
72.43 0.00
72.44 0.00
72.45 0.00
72.46 0.00
72.47 0.00
72.48 0.00
72.49 0.00
72.50 0.00
72.51 0.00
72.52 0.00
72.53 0.00
72.54 0.00
72.55 0.00
72.56 284.67
72.57 284.67
72.58 284.67
72.59 284.67
72.60 284.67
72.61 284.67
72.62 284.67
72.63 284.67
72.64 284.67
72.65 284.67
72.66 284.67
72.67 284.67
72.68 284.67
72.69 284.67
72.70 284.67
72.71 284.67
72.72 284.67
72.73 316.11
72.74 316.11
72.75 316.11
72.76 316.11
72.77 316.11
72.78 316.11
72.79 316.11
72.80 316.11
72.81 316.11
72.82 316.11
72.83 316.11
72.84 316.11
72.85 316.11
72.86 316.11
72.87 316.11
72.88 316.11
72.89 316.11
72.90 316.11
72.91 316.11
72.92 316.11
72.93 316.11
72.94 329.38
72.95 329.38
72.96 329.38
72.97 329.38
72.98 329.38
72.99 329.38
73.00 329.38
73.01 329.38
73.02 304.74
73.03 304.74
73.04 304.74
73.05 304.74
73.06 304.74
73.07 304.74
73.08 304.74
73.09 304.74
73.10 304.74
73.11 304.74
73.12 304.74
73.13 304.74
73.14 304.74
73.15 304.74
73.16 304.74
73.17 304.74
73.18 304.74
73.19 304.74
73.20 304.74
73.21 304.74
73.22 304.74
73.23 304.74
73.24 304.74
73.25 304.74
73.26 304.74
73.27 304.74
73.28 304.74
73.29 304.74
73.30 304.74
73.31 304.74
73.32 304.74
73.33 304.74
73.34 304.74
73.35 304.74
73.36 304.74
73.37 304.74
73.38 304.74
73.39 304.74
73.40 304.74
73.41 304.74
73.42 304.74
73.43 304.74
73.44 304.74
73.45 304.74
73.46 304.74
73.47 304.74
73.48 304.74
73.49 304.74
73.50 304.74
73.51 304.74
73.52 304.74
73.53 304.74
73.54 304.74
73.55 304.74
73.56 304.74
73.57 304.74
73.58 304.74
73.59 304.74
73.60 304.74
73.61 304.74
73.62 304.74
73.63 304.74
73.64 304.74
73.65 304.74
73.66 304.74
73.67 304.74
73.68 304.74
73.69 304.74
73.70 304.74
73.71 304.74
73.72 304.74
73.73 304.74
73.74 304.74
73.75 304.74
73.76 304.74
73.77 304.74
73.78 304.74
73.79 304.74
73.80 304.74
73.81 304.74
73.82 304.74
73.83 304.74
73.84 304.74
73.85 304.74
73.86 304.74
73.87 304.74
73.88 304.74
73.89 304.74
73.90 304.74
73.91 304.74
73.92 304.74
73.93 304.74
73.94 304.74
73.95 304.74
73.96 304.74
73.97 304.74
73.98 304.74
73.99 304.74
74.00 304.74
74.01 304.74
74.02 304.74
74.03 304.74
74.04 304.74
74.05 304.74
74.06 304.74
74.07 304.74
74.08 304.74
74.09 137.62
74.10 135.19
74.11 132.59
74.12 130.25
74.13 126.51
74.14 0.00
74.15 0.00
74.16 0.00
74.17 0.00
74.18 0.00
74.19 0.00
74.20 0.00
74.21 0.00
74.22 0.00
74.23 189.23
74.24 189.23
74.25 189.23
74.26 189.23
74.27 189.23
74.28 189.23
74.29 189.23
74.30 214.99
74.31 214.99
74.32 214.99
74.33 214.99
74.34 214.99
74.35 214.99
74.36 214.99
74.37 214.99
74.38 214.99
74.39 214.99
74.40 214.99
74.41 214.99
74.42 214.99
74.43 214.99
74.44 214.99
74.45 214.99
74.46 214.99
74.47 214.99
74.48 214.99
74.49 214.99
74.50 214.99
74.51 214.99
74.52 214.99
74.53 214.99
74.54 214.99
74.55 214.99
74.56 214.99
74.57 214.99
74.58 214.99
74.59 214.99
74.60 214.99
74.61 214.99
74.62 214.99
74.63 214.99
74.64 214.99
74.65 214.99
74.66 214.99
74.67 214.99
74.68 214.99
74.69 214.99
74.70 214.99
74.71 214.99
74.72 214.99
74.73 214.99
74.74 214.99
74.75 214.99
74.76 214.99
74.77 214.99
74.78 214.99
74.79 214.99
74.80 214.99
74.81 214.99
74.82 214.99
74.83 214.99
74.84 214.99
74.85 214.99
74.86 214.99
74.87 214.99
74.88 214.99
74.89 214.99
74.90 214.99
74.91 214.99
74.92 214.99
74.93 214.99
74.94 214.99
74.95 214.99
74.96 214.99
74.97 214.99
74.98 214.99
74.99 214.99
75.00 214.99
75.01 214.99
75.02 214.99
75.03 118.99
75.04 254.48
75.05 254.48
75.06 254.48
75.07 254.48
75.08 254.48
75.09 254.48
75.10 254.48
75.11 254.48
75.12 254.48
75.13 234.63
75.14 234.63
75.15 234.63
75.16 234.63
75.17 234.63
75.18 234.63
75.19 234.63
75.20 234.63
75.21 234.63
75.22 234.63
75.23 234.63
75.24 234.63
75.25 234.63
75.26 234.63
75.27 234.63
75.28 234.63
75.29 234.63
75.30 234.63
75.31 234.63
75.32 234.63
75.33 234.63
75.34 234.63
75.35 234.63
75.36 234.63
75.37 234.63
75.38 234.63
75.39 234.63
75.40 234.63
75.41 234.63
75.42 234.63
75.43 234.63
75.44 234.63
75.45 234.63
75.46 234.63
75.47 234.63
75.48 234.63
75.49 234.63
75.50 234.63
75.51 234.63
75.52 234.63
75.53 234.63
75.54 234.63
75.55 234.63
75.56 234.63
75.57 234.63
75.58 234.63
75.59 234.63
75.60 234.63
75.61 234.63
75.62 234.63
75.63 234.63
75.64 234.63
75.65 234.63
75.66 234.63
75.67 234.63
75.68 234.63
75.69 234.63
75.70 234.63
75.71 234.63
75.72 234.63
75.73 234.63
75.74 234.63
75.75 234.63
75.76 234.63
75.77 234.63
75.78 234.63
75.79 234.63
75.80 234.63
75.81 234.63
75.82 234.63
75.83 234.63
75.84 234.63
75.85 234.63
75.86 234.63
75.87 234.63
75.88 234.63
75.89 234.63
75.90 234.63
75.91 234.63
75.92 234.63
75.93 234.63
75.94 234.63
75.95 234.63
75.96 234.63
75.97 234.63
75.98 234.63
75.99 234.63
76.00 234.63
76.01 234.63
76.02 234.63
76.03 234.63
76.04 234.63
76.05 234.63
76.06 234.63
76.07 234.63
76.08 234.63
76.09 264.13
76.10 264.13
76.11 264.13
76.12 264.13
76.13 264.13
76.14 264.13
76.15 264.13
76.16 264.13
76.17 264.13
76.18 264.13
76.19 264.13
76.20 264.13
76.21 264.13
76.22 264.13
76.23 264.13
76.24 264.13
76.25 264.13
76.26 264.13
76.27 264.13
76.28 264.13
76.29 264.13
76.30 264.13
76.31 264.13
76.32 264.13
76.33 264.13
76.34 264.13
76.35 264.13
76.36 264.13
76.37 264.13
76.38 264.13
76.39 264.13
76.40 264.13
76.41 264.13
76.42 264.13
76.43 264.13
76.44 264.13
76.45 264.13
76.46 264.13
76.47 264.13
76.48 264.13
76.49 264.13
76.50 264.13
76.51 264.13
76.52 264.13
76.53 264.13
76.54 264.13
76.55 264.13
76.56 264.13
76.57 264.13
76.58 264.13
76.59 264.13
76.60 264.13
76.61 264.13
76.62 264.13
76.63 264.13
76.64 264.13
76.65 264.13
76.66 264.13
76.67 264.13
76.68 264.13
76.69 264.13
76.70 264.13
76.71 264.13
76.72 264.13
76.73 264.13
76.74 264.13
76.75 264.13
76.76 264.13
76.77 264.13
76.78 264.13
76.79 264.13
76.80 264.13
76.81 264.13
76.82 264.13
76.83 264.13
76.84 264.13
76.85 264.13
76.86 264.13
76.87 264.13
76.88 264.13
76.89 264.13
76.90 264.13
76.91 264.13
76.92 264.13
76.93 264.13
76.94 264.13
76.95 264.13
76.96 264.13
76.97 264.13
76.98 264.13
76.99 264.13
77.00 264.13
77.01 264.13
77.02 264.13
77.03 264.13
77.04 264.13
77.05 264.13
77.06 264.13
77.07 264.13
77.08 264.13
77.09 264.13
77.10 264.13
77.11 264.13
77.12 264.13
77.13 264.13
77.14 264.13
77.15 264.13
77.16 264.13
77.17 264.13
77.18 264.13
77.19 264.13
77.20 264.13
77.21 264.13
77.22 264.13
77.23 264.13
77.24 264.13
77.25 264.13
77.26 264.13
77.27 264.13
77.28 264.13
77.29 264.13
77.30 264.13
77.31 264.13
77.32 264.13
77.33 264.13
77.34 264.13
77.35 264.13
77.36 264.13
77.37 264.13
77.38 264.13
77.39 264.13
77.40 264.13
77.41 264.13
77.42 264.13
77.43 264.13
77.44 264.13
77.45 264.13
77.46 264.13
77.47 264.13
77.48 264.13
77.49 264.13
77.50 264.13
77.51 264.13
77.52 264.13
77.53 264.13
77.54 264.13
77.55 264.13
77.56 264.13
77.57 264.13
77.58 264.13
77.59 264.13
77.60 264.13
77.61 264.13
77.62 264.13
77.63 264.13
77.64 264.13
77.65 264.13
77.66 264.13
77.67 264.13
77.68 264.13
77.69 264.13
77.70 264.13
77.71 264.13
77.72 264.13
77.73 264.13
77.74 264.13
77.75 264.13
77.76 264.13
77.77 264.13
77.78 264.13
77.79 264.13
77.80 264.13
77.81 264.13
77.82 264.13
77.83 264.13
77.84 264.13
77.85 264.13
77.86 264.13
77.87 264.13
77.88 264.13
77.89 264.13
77.90 264.13
77.91 264.13
77.92 264.13
77.93 264.13
77.94 264.13
77.95 264.13
77.96 264.13
77.97 264.13
77.98 264.13
77.99 264.13
78.00 264.13
78.01 264.13
78.02 264.13
78.03 264.13
78.04 264.13
78.05 264.13
78.06 264.13
78.07 264.13
78.08 264.13
78.09 264.13
78.10 264.13
78.11 264.13
78.12 264.13
78.13 264.13
78.14 264.13
78.15 264.13
78.16 264.13
78.17 264.13
78.18 264.13
78.19 264.13
78.20 264.13
78.21 264.13
78.22 264.13
78.23 264.13
78.24 264.13
78.25 264.13
78.26 264.13
78.27 264.13
78.28 264.13
78.29 264.13
78.30 264.13
78.31 264.13
78.32 264.13
78.33 264.13
78.34 264.13
78.35 264.13
78.36 264.13
78.37 264.13
78.38 264.13
78.39 264.13
78.40 264.13
78.41 264.13
78.42 264.13
78.43 264.13
78.44 264.13
78.45 264.13
78.46 264.13
78.47 264.13
78.48 264.13
78.49 264.13
78.50 264.13
78.51 264.13
78.52 264.13
78.53 264.13
78.54 0.00
78.55 0.00
78.56 0.00
78.57 0.00
78.58 0.00
78.59 0.00
78.60 0.00
78.61 0.00
78.62 0.00
78.63 0.00
78.64 0.00
78.65 0.00
78.66 0.00
78.67 0.00
78.68 0.00
78.69 0.00
78.70 0.00
78.71 0.00
78.72 0.00
78.73 0.00
78.74 0.00
78.75 0.00
78.76 0.00
78.77 0.00
78.78 0.00
78.79 0.00
78.80 0.00
78.81 0.00
78.82 0.00
78.83 0.00
78.84 0.00
78.85 0.00
78.86 0.00
78.87 0.00
78.88 0.00
78.89 0.00
78.90 0.00
78.91 0.00
78.92 0.00
78.93 0.00
78.94 0.00
78.95 0.00
78.96 0.00
78.97 0.00
78.98 0.00
78.99 0.00
79.00 0.00
79.01 0.00
79.02 0.00
79.03 0.00
79.04 0.00
79.05 0.00
79.06 0.00
79.07 0.00
79.08 0.00
79.09 0.00
79.10 0.00
79.11 0.00
79.12 0.00
79.13 0.00
79.14 0.00
79.15 0.00
79.16 0.00
79.17 0.00
79.18 0.00
79.19 0.00
79.20 0.00
79.21 0.00
79.22 0.00
79.23 0.00
79.24 0.00
79.25 0.00
79.26 0.00
79.27 0.00
79.28 0.00
79.29 0.00
79.30 0.00
79.31 0.00
79.32 0.00
