0.00 0.00
0.01 0.00
0.02 0.00
0.03 0.00
0.04 0.00
0.05 0.00
0.06 0.00
0.07 0.00
0.08 0.00
0.09 0.00
0.10 0.00
0.11 0.00
0.12 0.00
0.13 0.00
0.14 0.00
0.15 0.00
0.16 0.00
0.17 0.00
0.18 0.00
0.19 0.00
0.20 0.00
0.21 0.00
0.22 0.00
0.23 0.00
0.24 0.00
0.25 0.00
0.26 0.00
0.27 0.00
0.28 0.00
0.29 0.00
0.30 0.00
0.31 0.00
0.32 0.00
0.33 0.00
0.34 0.00
0.35 0.00
0.36 0.00
0.37 0.00
0.38 0.00
0.39 0.00
0.40 0.00
0.41 0.00
0.42 0.00
0.43 0.00
0.44 0.00
0.45 0.00
0.46 0.00
0.47 0.00
0.48 0.00
0.49 0.00
0.50 0.00
0.51 0.00
0.52 0.00
0.53 0.00
0.54 0.00
0.55 0.00
0.56 0.00
0.57 0.00
0.58 0.00
0.59 0.00
0.60 0.00
0.61 0.00
0.62 0.00
0.63 0.00
0.64 0.00
0.65 0.00
0.66 0.00
0.67 0.00
0.68 0.00
0.69 0.00
0.70 0.00
0.71 0.00
0.72 0.00
0.73 0.00
0.74 0.00
0.75 0.00
0.76 0.00
0.77 0.00
0.78 0.00
0.79 0.00
0.80 0.00
0.81 0.00
0.82 0.00
0.83 0.00
0.84 0.00
0.85 0.00
0.86 0.00
0.87 0.00
0.88 0.00
0.89 0.00
0.90 0.00
0.91 0.00
0.92 0.00
0.93 0.00
0.94 0.00
0.95 0.00
0.96 0.00
0.97 0.00
0.98 0.00
0.99 0.00
1.00 0.00
1.01 0.00
1.02 0.00
1.03 0.00
1.04 0.00
1.05 0.00
1.06 0.00
1.07 0.00
1.08 0.00
1.09 0.00
1.10 0.00
1.11 0.00
1.12 0.00
1.13 0.00
1.14 0.00
1.15 0.00
1.16 0.00
1.17 0.00
1.18 0.00
1.19 0.00
1.20 0.00
1.21 0.00
1.22 0.00
1.23 0.00
1.24 0.00
1.25 0.00
1.26 0.00
1.27 0.00
1.28 0.00
1.29 0.00
1.30 0.00
1.31 0.00
1.32 0.00
1.33 0.00
1.34 0.00
1.35 0.00
1.36 0.00
1.37 0.00
1.38 0.00
1.39 0.00
1.40 0.00
1.41 0.00
1.42 0.00
1.43 0.00
1.44 0.00
1.45 0.00
1.46 0.00
1.47 0.00
1.48 0.00
1.49 0.00
1.50 0.00
1.51 0.00
1.52 0.00
1.53 0.00
1.54 0.00
1.55 0.00
1.56 0.00
1.57 0.00
1.58 0.00
1.59 0.00
1.60 0.00
1.61 0.00
1.62 0.00
1.63 0.00
1.64 0.00
1.65 0.00
1.66 0.00
1.67 0.00
1.68 0.00
1.69 0.00
1.70 0.00
1.71 0.00
1.72 0.00
1.73 0.00
1.74 0.00
1.75 0.00
1.76 0.00
1.77 0.00
1.78 0.00
1.79 0.00
1.80 0.00
1.81 0.00
1.82 0.00
1.83 0.00
1.84 0.00
1.85 0.00
1.86 0.00
1.87 0.00
1.88 0.00
1.89 0.00
1.90 0.00
1.91 0.00
1.92 0.00
1.93 0.00
1.94 0.00
1.95 0.00
1.96 0.00
1.97 0.00
1.98 0.00
1.99 0.00
2.00 0.00
2.01 0.00
2.02 0.00
2.03 0.00
2.04 0.00
2.05 0.00
2.06 0.00
2.07 0.00
2.08 0.00
2.09 0.00
2.10 0.00
2.11 0.00
2.12 0.00
2.13 0.00
2.14 0.00
2.15 0.00
2.16 0.00
2.17 0.00
2.18 0.00
2.19 0.00
2.20 0.00
2.21 0.00
2.22 0.00
2.23 0.00
2.24 0.00
2.25 0.00
2.26 0.00
2.27 0.00
2.28 0.00
2.29 0.00
2.30 0.00
2.31 0.00
2.32 0.00
2.33 0.00
2.34 0.00
2.35 0.00
2.36 0.00
2.37 0.00
2.38 0.00
2.39 0.00
2.40 0.00
2.41 0.00
2.42 0.00
2.43 0.00
2.44 0.00
2.45 0.00
2.46 0.00
2.47 0.00
2.48 0.00
2.49 0.00
2.50 0.00
2.51 0.00
2.52 0.00
2.53 0.00
2.54 0.00
2.55 0.00
2.56 0.00
2.57 0.00
2.58 0.00
2.59 0.00
2.60 0.00
2.61 0.00
2.62 0.00
2.63 0.00
2.64 0.00
2.65 0.00
2.66 0.00
2.67 0.00
2.68 0.00
2.69 0.00
2.70 0.00
2.71 0.00
2.72 0.00
2.73 0.00
2.74 0.00
2.75 0.00
2.76 0.00
2.77 0.00
2.78 0.00
2.79 0.00
2.80 0.00
2.81 0.00
2.82 0.00
2.83 0.00
2.84 0.00
2.85 0.00
2.86 0.00
2.87 0.00
2.88 0.00
2.89 0.00
2.90 0.00
2.91 0.00
2.92 0.00
2.93 0.00
2.94 0.00
2.95 0.00
2.96 0.00
2.97 0.00
2.98 0.00
2.99 0.00
3.00 0.00
3.01 0.00
3.02 0.00
3.03 0.00
3.04 0.00
3.05 0.00
3.06 0.00
3.07 0.00
3.08 0.00
3.09 0.00
3.10 0.00
3.11 0.00
3.12 0.00
3.13 0.00
3.14 0.00
3.15 0.00
3.16 0.00
3.17 0.00
3.18 0.00
3.19 0.00
3.20 0.00
3.21 0.00
3.22 0.00
3.23 0.00
3.24 0.00
3.25 0.00
3.26 0.00
3.27 0.00
3.28 0.00
3.29 0.00
3.30 0.00
3.31 0.00
3.32 0.00
3.33 0.00
3.34 0.00
3.35 0.00
3.36 0.00
3.37 0.00
3.38 0.00
3.39 0.00
3.40 0.00
3.41 0.00
3.42 0.00
3.43 0.00
3.44 0.00
3.45 0.00
3.46 0.00
3.47 0.00
3.48 0.00
3.49 0.00
3.50 0.00
3.51 0.00
3.52 0.00
3.53 0.00
3.54 0.00
3.55 0.00
3.56 0.00
3.57 0.00
3.58 0.00
3.59 0.00
3.60 0.00
3.61 0.00
3.62 0.00
3.63 0.00
3.64 0.00
3.65 0.00
3.66 0.00
3.67 0.00
3.68 0.00
3.69 0.00
3.70 0.00
3.71 0.00
3.72 0.00
3.73 0.00
3.74 0.00
3.75 0.00
3.76 0.00
3.77 0.00
3.78 0.00
3.79 0.00
3.80 0.00
3.81 0.00
3.82 0.00
3.83 0.00
3.84 0.00
3.85 0.00
3.86 0.00
3.87 0.00
3.88 0.00
3.89 0.00
3.90 0.00
3.91 0.00
3.92 0.00
3.93 0.00
3.94 0.00
3.95 0.00
3.96 0.00
3.97 0.00
3.98 0.00
3.99 0.00
4.00 0.00
4.01 0.00
4.02 0.00
4.03 0.00
4.04 0.00
4.05 0.00
4.06 0.00
4.07 0.00
4.08 0.00
4.09 0.00
4.10 0.00
4.11 0.00
4.12 0.00
4.13 0.00
4.14 0.00
4.15 0.00
4.16 0.00
4.17 0.00
4.18 0.00
4.19 0.00
4.20 0.00
4.21 0.00
4.22 0.00
4.23 0.00
4.24 0.00
4.25 0.00
4.26 0.00
4.27 0.00
4.28 0.00
4.29 0.00
4.30 0.00
4.31 0.00
4.32 0.00
4.33 0.00
4.34 0.00
4.35 0.00
4.36 0.00
4.37 0.00
4.38 0.00
4.39 0.00
4.40 0.00
4.41 0.00
4.42 0.00
4.43 0.00
4.44 0.00
4.45 0.00
4.46 0.00
4.47 0.00
4.48 0.00
4.49 0.00
4.50 0.00
4.51 0.00
4.52 0.00
4.53 0.00
4.54 0.00
4.55 0.00
4.56 0.00
4.57 0.00
4.58 0.00
4.59 0.00
4.60 0.00
4.61 0.00
4.62 0.00
4.63 0.00
4.64 0.00
4.65 0.00
4.66 0.00
4.67 0.00
4.68 0.00
4.69 0.00
4.70 0.00
4.71 0.00
4.72 0.00
4.73 0.00
4.74 0.00
4.75 0.00
4.76 0.00
4.77 0.00
4.78 0.00
4.79 0.00
4.80 0.00
4.81 0.00
4.82 0.00
4.83 0.00
4.84 0.00
4.85 0.00
4.86 0.00
4.87 0.00
4.88 0.00
4.89 0.00
4.90 0.00
4.91 0.00
4.92 0.00
4.93 0.00
4.94 0.00
4.95 0.00
4.96 0.00
4.97 0.00
4.98 0.00
4.99 0.00
5.00 0.00
5.01 0.00
5.02 0.00
5.03 0.00
5.04 0.00
5.05 0.00
5.06 0.00
5.07 0.00
5.08 0.00
5.09 0.00
5.10 0.00
5.11 0.00
5.12 0.00
5.13 0.00
5.14 0.00
5.15 0.00
5.16 0.00
5.17 0.00
5.18 0.00
5.19 0.00
5.20 0.00
5.21 0.00
5.22 0.00
5.23 0.00
5.24 0.00
5.25 0.00
5.26 0.00
5.27 0.00
5.28 0.00
5.29 0.00
5.30 0.00
5.31 0.00
5.32 0.00
5.33 0.00
5.34 0.00
5.35 0.00
5.36 0.00
5.37 0.00
5.38 0.00
5.39 0.00
5.40 0.00
5.41 0.00
5.42 0.00
5.43 0.00
5.44 0.00
5.45 0.00
5.46 0.00
5.47 0.00
5.48 0.00
5.49 0.00
5.50 0.00
5.51 0.00
5.52 0.00
5.53 0.00
5.54 0.00
5.55 0.00
5.56 0.00
5.57 0.00
5.58 0.00
5.59 0.00
5.60 0.00
5.61 0.00
5.62 0.00
5.63 0.00
5.64 0.00
5.65 0.00
5.66 0.00
5.67 0.00
5.68 0.00
5.69 0.00
5.70 0.00
5.71 0.00
5.72 0.00
5.73 0.00
5.74 0.00
5.75 0.00
5.76 0.00
5.77 0.00
5.78 0.00
5.79 0.00
5.80 0.00
5.81 0.00
5.82 0.00
5.83 0.00
5.84 0.00
5.85 0.00
5.86 0.00
5.87 0.00
5.88 0.00
5.89 0.00
5.90 0.00
5.91 0.00
5.92 0.00
5.93 0.00
5.94 0.00
5.95 0.00
5.96 0.00
5.97 0.00
5.98 0.00
5.99 0.00
6.00 0.00
6.01 0.00
6.02 0.00
6.03 0.00
6.04 0.00
6.05 0.00
6.06 0.00
6.07 0.00
6.08 0.00
6.09 0.00
6.10 0.00
6.11 0.00
6.12 0.00
6.13 0.00
6.14 0.00
6.15 0.00
6.16 0.00
6.17 0.00
6.18 0.00
6.19 0.00
6.20 0.00
6.21 0.00
6.22 0.00
6.23 0.00
6.24 0.00
6.25 0.00
6.26 0.00
6.27 0.00
6.28 0.00
6.29 0.00
6.30 67.73
6.31 68.30
6.32 68.98
6.33 70.41
6.34 72.80
6.35 74.43
6.36 76.40
6.37 78.04
6.38 80.02
6.39 170.89
6.40 170.89
6.41 170.89
6.42 170.89
6.43 170.89
6.44 170.89
6.45 170.89
6.46 170.89
6.47 170.89
6.48 180.26
6.49 180.26
6.50 180.26
6.51 180.26
6.52 180.26
6.53 180.26
6.54 180.26
6.55 201.10
6.56 201.10
6.57 201.10
6.58 201.10
6.59 201.10
6.60 201.10
6.61 201.10
6.62 201.10
6.63 201.10
6.64 201.10
6.65 201.10
6.66 201.10
6.67 201.10
6.68 201.10
6.69 201.10
6.70 201.10
6.71 201.10
6.72 201.10
6.73 201.10
6.74 201.10
6.75 201.10
6.76 201.10
6.77 201.10
6.78 201.10
6.79 201.10
6.80 201.10
6.81 201.10
6.82 201.10
6.83 201.10
6.84 201.10
6.85 201.10
6.86 201.10
6.87 201.10
6.88 201.10
6.89 201.10
6.90 201.10
6.91 201.10
6.92 201.10
6.93 201.10
6.94 201.10
6.95 201.10
6.96 201.10
6.97 201.10
6.98 201.10
6.99 201.10
7.00 201.10
7.01 201.10
7.02 201.10
7.03 201.10
7.04 201.10
7.05 201.10
7.06 201.10
7.07 201.10
7.08 201.10
7.09 201.10
7.10 201.10
7.11 201.10
7.12 201.10
7.13 201.10
7.14 201.10
7.15 201.10
7.16 201.10
7.17 201.10
7.18 201.10
7.19 201.10
7.20 201.10
7.21 201.10
7.22 201.10
7.23 201.10
7.24 201.10
7.25 201.10
7.26 201.10
7.27 201.10
7.28 201.10
7.29 201.10
7.30 201.10
7.31 201.10
7.32 201.10
7.33 201.10
7.34 201.10
7.35 201.10
7.36 201.10
7.37 201.10
7.38 201.10
7.39 201.10
7.40 201.10
7.41 201.10
7.42 201.10
7.43 201.10
7.44 201.10
7.45 201.10
7.46 201.10
7.47 201.10
7.48 201.10
7.49 201.10
7.50 -1.00
7.51 -1.00
7.52 -1.00
7.53 -1.00
7.54 -1.00
7.55 -1.00
7.56 -1.00
7.57 192.67
7.58 192.67
7.59 192.67
7.60 192.67
7.61 192.67
7.62 192.67
7.63 192.67
7.64 192.67
7.65 192.67
7.66 192.67
7.67 192.67
7.68 199.26
7.69 199.26
7.70 199.26
7.71 199.26
7.72 199.26
7.73 199.26
7.74 199.26
7.75 199.26
7.76 199.26
7.77 199.26
7.78 199.26
7.79 199.26
7.80 199.26
7.81 199.26
7.82 199.26
7.83 199.26
7.84 199.26
7.85 199.26
7.86 199.26
7.87 199.26
7.88 199.26
7.89 199.26
7.90 199.26
7.91 199.26
7.92 199.26
7.93 199.26
7.94 199.26
7.95 199.26
7.96 199.26
7.97 199.26
7.98 199.26
7.99 199.26
8.00 -1.00
8.01 -1.00
8.02 -1.00
8.03 -1.00
8.04 -1.00
8.05 -1.00
8.06 -1.00
8.07 -1.00
8.08 -1.00
8.09 -1.00
8.10 192.69
8.11 192.69
8.12 192.69
8.13 192.69
8.14 192.69
8.15 192.69
8.16 192.69
8.17 192.69
8.18 192.69
8.19 192.69
8.20 192.69
8.21 192.69
8.22 193.47
8.23 193.47
8.24 193.47
8.25 193.47
8.26 193.47
8.27 193.47
8.28 193.47
8.29 193.47
8.30 193.47
8.31 193.47
8.32 193.47
8.33 193.47
8.34 193.47
8.35 193.47
8.36 193.47
8.37 193.47
8.38 193.47
8.39 193.47
8.40 193.47
8.41 193.47
8.42 193.47
8.43 190.27
8.44 190.27
8.45 190.27
8.46 190.27
8.47 190.27
8.48 190.27
8.49 190.27
8.50 190.27
8.51 196.56
8.52 196.56
8.53 196.56
8.54 196.56
8.55 196.56
8.56 196.56
8.57 196.56
8.58 196.56
8.59 196.56
8.60 196.56
8.61 196.56
8.62 196.56
8.63 196.56
8.64 196.56
8.65 196.56
8.66 196.56
8.67 196.56
8.68 196.56
8.69 196.56
8.70 196.56
8.71 196.56
8.72 196.56
8.73 196.56
8.74 196.56
8.75 196.56
8.76 196.56
8.77 196.56
8.78 196.56
8.79 196.56
8.80 196.56
8.81 196.56
8.82 196.56
8.83 196.56
8.84 196.56
8.85 196.56
8.86 196.56
8.87 196.56
8.88 196.56
8.89 196.56
8.90 196.56
8.91 196.56
8.92 196.56
8.93 196.56
8.94 196.56
8.95 196.56
8.96 196.56
8.97 196.56
8.98 196.56
8.99 196.56
9.00 196.56
9.01 196.56
9.02 196.56
9.03 196.56
9.04 196.56
9.05 196.56
9.06 196.56
9.07 196.56
9.08 196.56
9.09 196.56
9.10 196.56
9.11 196.56
9.12 0.00
9.13 0.00
9.14 0.00
9.15 0.00
9.16 0.00
9.17 0.00
9.18 0.00
9.19 0.00
9.20 0.00
9.21 0.00
9.22 0.00
9.23 0.00
9.24 0.00
9.25 0.00
9.26 0.00
9.27 0.00
9.28 0.00
9.29 0.00
9.30 0.00
9.31 0.00
9.32 0.00
9.33 0.00
9.34 158.71
9.35 158.71
9.36 158.71
9.37 158.71
9.38 158.71
9.39 158.71
9.40 158.71
9.41 158.71
9.42 158.71
9.43 158.71
9.44 158.71
9.45 158.71
9.46 158.71
9.47 158.71
9.48 158.71
9.49 158.71
9.50 158.71
9.51 158.71
9.52 158.71
9.53 158.71
9.54 158.71
9.55 158.71
9.56 158.71
9.57 158.71
9.58 158.71
9.59 158.71
9.60 158.71
9.61 158.71
9.62 158.71
9.63 158.71
9.64 158.71
9.65 158.71
9.66 158.71
9.67 158.71
9.68 158.71
9.69 158.71
9.70 158.71
9.71 158.71
9.72 158.71
9.73 158.71
9.74 158.71
9.75 158.71
9.76 158.71
9.77 158.71
9.78 158.71
9.79 158.71
9.80 158.71
9.81 158.71
9.82 158.71
9.83 158.71
9.84 158.71
9.85 158.71
9.86 158.71
9.87 158.71
9.88 158.71
9.89 158.71
9.90 158.71
9.91 158.71
9.92 158.71
9.93 158.71
9.94 158.71
9.95 158.71
9.96 158.71
9.97 158.71
9.98 158.71
9.99 158.71
10.00 158.71
10.01 158.71
10.02 158.71
10.03 158.71
10.04 158.71
10.05 158.71
10.06 158.71
10.07 158.71
10.08 158.71
10.09 158.71
10.10 158.71
10.11 158.71
10.12 158.71
10.13 158.71
10.14 158.71
10.15 158.71
10.16 158.71
10.17 158.71
10.18 158.71
10.19 158.71
10.20 158.71
10.21 158.71
10.22 158.71
10.23 158.71
10.24 158.71
10.25 158.71
10.26 158.71
10.27 158.71
10.28 158.71
10.29 158.71
10.30 158.71
10.31 158.71
10.32 158.71
10.33 158.71
10.34 158.71
10.35 158.71
10.36 158.71
10.37 158.71
10.38 158.71
10.39 158.71
10.40 158.71
10.41 158.71
10.42 158.71
10.43 158.71
10.44 158.71
10.45 158.71
10.46 158.71
10.47 158.71
10.48 158.71
10.49 158.71
10.50 158.71
10.51 158.71
10.52 158.71
10.53 158.71
10.54 158.71
10.55 158.71
10.56 158.71
10.57 158.71
10.58 158.71
10.59 158.71
10.60 158.71
10.61 158.71
10.62 158.71
10.63 158.71
10.64 158.71
10.65 158.71
10.66 158.71
10.67 158.71
10.68 158.71
10.69 158.71
10.70 158.71
10.71 158.71
10.72 158.71
10.73 158.71
10.74 158.71
10.75 158.71
10.76 158.71
10.77 158.71
10.78 158.71
10.79 158.71
10.80 158.71
10.81 158.71
10.82 158.71
10.83 158.71
10.84 158.71
10.85 158.71
10.86 158.71
10.87 158.71
10.88 158.71
10.89 158.71
10.90 158.71
10.91 158.71
10.92 158.71
10.93 158.71
10.94 158.71
10.95 158.71
10.96 158.71
10.97 158.71
10.98 158.71
10.99 0.00
11.00 0.00
11.01 0.00
11.02 0.00
11.03 0.00
11.04 0.00
11.05 0.00
11.06 0.00
11.07 0.00
11.08 0.00
11.09 0.00
11.10 0.00
11.11 0.00
11.12 0.00
11.13 0.00
11.14 0.00
11.15 0.00
11.16 140.63
11.17 140.63
11.18 140.63
11.19 140.63
11.20 140.63
11.21 140.63
11.22 140.63
11.23 140.63
11.24 140.63
11.25 140.63
11.26 140.63
11.27 140.63
11.28 140.63
11.29 140.63
11.30 76.60
11.31 78.25
11.32 166.96
11.33 166.96
11.34 166.96
11.35 166.96
11.36 166.96
11.37 166.96
11.38 166.96
11.39 166.96
11.40 174.98
11.41 174.98
11.42 174.98
11.43 174.98
11.44 174.98
11.45 174.98
11.46 174.98
11.47 174.98
11.48 174.98
11.49 174.98
11.50 174.98
11.51 174.98
11.52 174.98
11.53 174.98
11.54 174.98
11.55 174.98
11.56 174.98
11.57 174.98
11.58 174.98
11.59 174.98
11.60 174.98
11.61 174.98
11.62 174.98
11.63 174.98
11.64 174.98
11.65 174.98
11.66 174.98
11.67 174.98
11.68 174.98
11.69 174.98
11.70 174.98
11.71 174.98
11.72 174.98
11.73 174.98
11.74 174.98
11.75 174.98
11.76 174.98
11.77 174.98
11.78 174.98
11.79 174.98
11.80 174.98
11.81 174.98
11.82 174.98
11.83 174.98
11.84 174.98
11.85 174.98
11.86 174.98
11.87 174.98
11.88 174.98
11.89 174.98
11.90 174.98
11.91 174.98
11.92 174.98
11.93 174.98
11.94 174.98
11.95 174.98
11.96 174.98
11.97 174.98
11.98 174.98
11.99 174.98
12.00 174.98
12.01 174.98
12.02 174.98
12.03 174.98
12.04 174.98
12.05 174.98
12.06 174.98
12.07 174.98
12.08 174.55
12.09 174.55
12.10 174.55
12.11 174.55
12.12 174.55
12.13 174.55
12.14 174.55
12.15 174.55
12.16 174.55
12.17 174.55
12.18 174.55
12.19 174.55
12.20 174.55
12.21 174.55
12.22 174.55
12.23 174.55
12.24 174.55
12.25 174.55
12.26 174.55
12.27 174.55
12.28 174.55
12.29 174.55
12.30 174.55
12.31 174.55
12.32 174.55
12.33 174.55
12.34 174.55
12.35 174.55
12.36 174.55
12.37 174.55
12.38 174.55
12.39 174.55
12.40 174.55
12.41 174.55
12.42 174.55
12.43 174.55
12.44 174.55
12.45 174.55
12.46 174.55
12.47 174.55
12.48 174.55
12.49 174.55
12.50 174.55
12.51 174.55
12.52 174.55
12.53 174.55
12.54 174.55
12.55 174.55
12.56 174.55
12.57 174.55
12.58 174.55
12.59 174.55
12.60 174.55
12.61 0.00
12.62 0.00
12.63 0.00
12.64 0.00
12.65 0.00
12.66 0.00
12.67 0.00
12.68 0.00
12.69 0.00
12.70 0.00
12.71 0.00
12.72 0.00
12.73 0.00
12.74 0.00
12.75 0.00
12.76 0.00
12.77 0.00
12.78 0.00
12.79 0.00
12.80 0.00
12.81 0.00
12.82 0.00
12.83 0.00
12.84 0.00
12.85 0.00
12.86 0.00
12.87 0.00
12.88 0.00
12.89 0.00
12.90 0.00
12.91 0.00
12.92 0.00
12.93 0.00
12.94 0.00
12.95 0.00
12.96 0.00
12.97 0.00
12.98 0.00
12.99 0.00
13.00 0.00
13.01 0.00
13.02 148.10
13.03 148.10
13.04 148.10
13.05 148.10
13.06 148.10
13.07 148.10
13.08 148.10
13.09 148.10
13.10 148.10
13.11 148.10
13.12 148.10
13.13 159.82
13.14 159.82
13.15 159.82
13.16 159.82
13.17 159.82
13.18 159.82
13.19 159.82
13.20 159.82
13.21 159.82
13.22 173.73
13.23 173.73
13.24 173.73
13.25 173.73
13.26 173.73
13.27 173.73
13.28 173.73
13.29 173.73
13.30 173.73
13.31 173.73
13.32 173.73
13.33 173.73
13.34 173.73
13.35 173.73
13.36 173.73
13.37 173.73
13.38 173.73
13.39 173.73
13.40 173.73
13.41 173.73
13.42 173.73
13.43 173.73
13.44 173.73
13.45 173.73
13.46 173.73
13.47 173.73
13.48 173.73
13.49 173.73
13.50 173.73
13.51 173.73
13.52 173.73
13.53 173.73
13.54 173.73
13.55 173.73
13.56 173.73
13.57 173.73
13.58 173.73
13.59 173.73
13.60 173.73
13.61 173.73
13.62 173.73
13.63 173.73
13.64 173.73
13.65 173.73
13.66 173.73
13.67 173.73
13.68 173.73
13.69 173.73
13.70 173.73
13.71 173.73
13.72 173.73
13.73 173.73
13.74 173.73
13.75 173.73
13.76 173.73
13.77 173.73
13.78 173.73
13.79 173.73
13.80 173.73
13.81 173.73
13.82 173.73
13.83 173.73
13.84 173.73
13.85 173.73
13.86 173.73
13.87 173.73
13.88 173.73
13.89 173.73
13.90 173.73
13.91 173.73
13.92 173.73
13.93 173.73
13.94 173.73
13.95 173.73
13.96 173.73
13.97 173.73
13.98 173.73
13.99 173.73
14.00 173.73
14.01 173.73
14.02 173.73
14.03 173.73
14.04 173.73
14.05 173.73
14.06 173.73
14.07 173.73
14.08 173.73
14.09 173.73
14.10 173.73
14.11 173.73
14.12 173.73
14.13 173.73
14.14 173.73
14.15 173.73
14.16 173.73
14.17 173.73
14.18 173.73
14.19 173.73
14.20 173.73
14.21 173.73
14.22 173.73
14.23 173.73
14.24 173.73
14.25 173.73
14.26 173.73
14.27 173.73
14.28 0.00
14.29 0.00
14.30 0.00
14.31 0.00
14.32 0.00
14.33 0.00
14.34 0.00
14.35 0.00
14.36 0.00
14.37 0.00
14.38 0.00
14.39 0.00
14.40 0.00
14.41 0.00
14.42 0.00
14.43 0.00
14.44 0.00
14.45 0.00
14.46 173.01
14.47 173.01
14.48 173.01
14.49 173.01
14.50 173.01
14.51 173.01
14.52 173.01
14.53 173.01
14.54 173.01
14.55 173.01
14.56 173.01
14.57 173.01
14.58 173.01
14.59 173.01
14.60 173.01
14.61 173.01
14.62 173.01
14.63 173.01
14.64 173.01
14.65 173.01
14.66 173.01
14.67 173.01
14.68 82.20
14.69 0.00
14.70 0.00
14.71 0.00
14.72 0.00
14.73 0.00
14.74 0.00
14.75 0.00
14.76 0.00
14.77 0.00
14.78 0.00
14.79 0.00
14.80 175.03
14.81 175.03
14.82 175.03
14.83 175.03
14.84 175.03
14.85 175.03
14.86 175.03
14.87 175.03
14.88 175.03
14.89 175.03
14.90 175.03
14.91 175.03
14.92 175.03
14.93 175.03
14.94 175.03
14.95 175.03
14.96 175.03
14.97 175.03
14.98 175.03
14.99 175.03
15.00 175.03
15.01 175.03
15.02 175.03
15.03 175.03
15.04 175.03
15.05 175.03
15.06 175.03
15.07 175.03
15.08 175.03
15.09 175.03
15.10 175.03
15.11 175.03
15.12 175.03
15.13 175.03
15.14 175.03
15.15 175.03
15.16 175.03
15.17 175.03
15.18 175.03
15.19 175.03
15.20 175.03
15.21 0.00
15.22 0.00
15.23 0.00
15.24 0.00
15.25 0.00
15.26 0.00
15.27 0.00
15.28 0.00
15.29 0.00
15.30 0.00
15.31 0.00
15.32 0.00
15.33 0.00
15.34 0.00
15.35 0.00
15.36 0.00
15.37 0.00
15.38 0.00
15.39 0.00
15.40 0.00
15.41 0.00
15.42 0.00
15.43 0.00
15.44 0.00
15.45 0.00
15.46 0.00
15.47 0.00
15.48 0.00
15.49 0.00
15.50 0.00
15.51 0.00
15.52 0.00
15.53 0.00
15.54 0.00
15.55 0.00
15.56 0.00
15.57 0.00
15.58 0.00
15.59 0.00
15.60 0.00
15.61 0.00
15.62 0.00
15.63 0.00
15.64 0.00
15.65 0.00
15.66 0.00
15.67 0.00
15.68 0.00
15.69 0.00
15.70 0.00
15.71 0.00
15.72 0.00
15.73 0.00
15.74 137.82
15.75 137.82
15.76 137.82
15.77 137.82
15.78 137.82
15.79 137.82
15.80 137.82
15.81 150.21
15.82 150.21
15.83 150.21
15.84 150.21
15.85 150.21
15.86 150.21
15.87 150.21
15.88 150.21
15.89 150.21
15.90 161.71
15.91 161.71
15.92 161.71
15.93 161.71
15.94 161.71
15.95 161.71
15.96 161.71
15.97 161.71
15.98 161.71
15.99 174.20
16.00 174.20
16.01 174.20
16.02 174.20
16.03 174.20
16.04 174.20
16.05 174.20
16.06 174.20
16.07 174.20
16.08 174.20
16.09 174.20
16.10 174.20
16.11 174.20
16.12 174.20
16.13 174.20
16.14 174.20
16.15 174.20
16.16 174.20
16.17 174.20
16.18 174.20
16.19 174.20
16.20 174.20
16.21 174.20
16.22 174.20
16.23 174.20
16.24 174.20
16.25 174.20
16.26 174.20
16.27 174.20
16.28 174.20
16.29 174.20
16.30 174.20
16.31 174.20
16.32 174.20
16.33 174.20
16.34 174.20
16.35 174.20
16.36 174.20
16.37 174.20
16.38 174.20
16.39 174.20
16.40 174.20
16.41 174.20
16.42 174.20
16.43 174.20
16.44 174.20
16.45 174.20
16.46 174.20
16.47 174.20
16.48 174.20
16.49 174.20
16.50 174.20
16.51 174.20
16.52 174.20
16.53 174.20
16.54 174.20
16.55 174.20
16.56 174.20
16.57 174.20
16.58 174.20
16.59 174.20
16.60 174.20
16.61 174.20
16.62 174.20
16.63 174.20
16.64 174.20
16.65 174.20
16.66 174.20
16.67 0.00
16.68 0.00
16.69 0.00
16.70 0.00
16.71 0.00
16.72 0.00
16.73 0.00
16.74 0.00
16.75 0.00
16.76 0.00
16.77 0.00
16.78 0.00
16.79 0.00
16.80 170.51
16.81 170.51
16.82 170.51
16.83 170.51
16.84 170.51
16.85 170.51
16.86 170.51
16.87 179.25
16.88 179.25
16.89 179.25
16.90 179.25
16.91 179.25
16.92 179.25
16.93 179.25
16.94 179.25
16.95 179.25
16.96 179.25
16.97 179.25
16.98 179.25
16.99 179.25
17.00 179.25
17.01 179.25
17.02 179.25
17.03 179.25
17.04 179.25
17.05 179.25
17.06 179.25
17.07 179.25
17.08 179.25
17.09 179.25
17.10 179.25
17.11 179.25
17.12 179.25
17.13 179.25
17.14 179.25
17.15 179.25
17.16 179.25
17.17 179.25
17.18 179.25
17.19 179.25
17.20 179.25
17.21 179.25
17.22 179.25
17.23 179.25
17.24 179.25
17.25 179.25
17.26 179.25
17.27 179.25
17.28 179.25
17.29 179.25
17.30 179.25
17.31 179.25
17.32 179.25
17.33 179.25
17.34 179.25
17.35 179.25
17.36 179.25
17.37 179.25
17.38 179.25
17.39 179.25
17.40 179.25
17.41 179.25
17.42 179.25
17.43 179.25
17.44 179.25
17.45 179.25
17.46 179.25
17.47 179.25
17.48 179.25
17.49 179.25
17.50 179.25
17.51 179.25
17.52 179.25
17.53 179.25
17.54 179.25
17.55 179.25
17.56 179.25
17.57 179.25
17.58 179.25
17.59 179.25
17.60 179.25
17.61 179.25
17.62 179.25
17.63 179.25
17.64 179.25
17.65 179.25
17.66 179.25
17.67 179.25
17.68 179.25
17.69 179.25
17.70 179.25
17.71 179.25
17.72 179.25
17.73 179.25
17.74 179.25
17.75 179.25
17.76 179.25
17.77 179.25
17.78 179.25
17.79 179.25
17.80 179.25
17.81 179.25
17.82 179.25
17.83 179.25
17.84 179.25
17.85 179.25
17.86 179.25
17.87 179.25
17.88 179.25
17.89 179.25
17.90 179.25
17.91 0.00
17.92 0.00
17.93 0.00
17.94 0.00
17.95 0.00
17.96 0.00
17.97 0.00
17.98 0.00
17.99 0.00
18.00 0.00
18.01 0.00
18.02 0.00
18.03 0.00
18.04 0.00
18.05 0.00
18.06 0.00
18.07 0.00
18.08 0.00
18.09 0.00
18.10 0.00
18.11 0.00
18.12 0.00
18.13 0.00
18.14 0.00
18.15 0.00
18.16 0.00
18.17 0.00
18.18 0.00
18.19 0.00
18.20 0.00
18.21 0.00
18.22 0.00
18.23 0.00
18.24 0.00
18.25 0.00
18.26 0.00
18.27 0.00
18.28 0.00
18.29 0.00
18.30 0.00
18.31 0.00
18.32 0.00
18.33 0.00
18.34 0.00
18.35 0.00
18.36 0.00
18.37 0.00
18.38 0.00
18.39 0.00
18.40 0.00
18.41 0.00
18.42 0.00
18.43 0.00
18.44 0.00
18.45 0.00
18.46 0.00
18.47 0.00
18.48 0.00
18.49 0.00
18.50 0.00
18.51 0.00
18.52 0.00
18.53 0.00
18.54 0.00
18.55 0.00
18.56 0.00
18.57 0.00
18.58 0.00
18.59 0.00
18.60 0.00
18.61 0.00
18.62 0.00
18.63 0.00
18.64 65.89
18.65 67.52
18.66 69.45
18.67 71.84
18.68 73.60
18.69 75.29
18.70 77.32
18.71 78.99
18.72 80.92
18.73 82.41
18.74 83.65
18.75 85.16
18.76 179.24
18.77 179.24
18.78 179.24
18.79 179.24
18.80 179.24
18.81 179.24
18.82 179.24
18.83 200.50
18.84 200.50
18.85 200.50
18.86 200.50
18.87 200.50
18.88 200.50
18.89 200.50
18.90 200.50
18.91 200.50
18.92 200.50
18.93 200.50
18.94 200.50
18.95 200.50
18.96 200.50
18.97 200.50
18.98 200.50
18.99 200.50
19.00 200.50
19.01 200.50
19.02 200.50
19.03 200.50
19.04 200.50
19.05 200.50
19.06 200.50
19.07 200.50
19.08 200.50
19.09 200.50
19.10 200.50
19.11 200.50
19.12 200.50
19.13 200.50
19.14 200.50
19.15 200.50
19.16 200.50
19.17 200.50
19.18 200.50
19.19 200.50
19.20 200.50
19.21 200.50
19.22 200.50
19.23 200.50
19.24 200.50
19.25 200.50
19.26 200.50
19.27 200.50
19.28 200.50
19.29 200.50
19.30 200.50
19.31 200.50
19.32 200.50
19.33 200.50
19.34 200.50
19.35 200.50
19.36 200.50
19.37 200.50
19.38 200.50
19.39 200.50
19.40 200.50
19.41 200.50
19.42 200.50
19.43 200.50
19.44 200.50
19.45 200.50
19.46 200.50
19.47 200.50
19.48 200.50
19.49 200.50
19.50 200.50
19.51 200.50
19.52 200.50
19.53 200.50
19.54 200.50
19.55 200.50
19.56 200.50
19.57 200.50
19.58 200.50
19.59 200.50
19.60 200.50
19.61 200.50
19.62 200.50
19.63 200.50
19.64 200.50
19.65 200.50
19.66 200.50
19.67 200.50
19.68 200.50
19.69 200.50
19.70 200.50
19.71 200.50
19.72 200.50
19.73 200.50
19.74 200.50
19.75 200.50
19.76 200.50
19.77 200.50
19.78 200.50
19.79 200.50
19.80 200.50
19.81 200.50
19.82 200.50
19.83 200.50
19.84 200.50
19.85 200.50
19.86 200.50
19.87 200.50
19.88 200.50
19.89 200.50
19.90 200.50
19.91 200.50
19.92 200.50
19.93 200.50
19.94 200.50
19.95 200.50
19.96 200.50
19.97 200.50
19.98 200.50
19.99 200.50
20.00 200.50
20.01 200.50
20.02 200.50
20.03 200.50
20.04 200.50
20.05 200.50
20.06 200.50
20.07 200.50
20.08 200.50
20.09 200.50
20.10 200.50
20.11 200.50
20.12 200.50
20.13 200.50
20.14 200.50
20.15 200.50
20.16 200.50
20.17 200.50
20.18 200.50
20.19 200.50
20.20 200.50
20.21 200.50
20.22 200.50
20.23 200.50
20.24 200.50
20.25 200.50
20.26 200.50
20.27 200.50
20.28 200.50
20.29 200.50
20.30 200.50
20.31 200.50
20.32 200.50
20.33 200.50
20.34 200.50
20.35 200.50
20.36 200.50
20.37 200.50
20.38 200.50
20.39 200.50
20.40 200.50
20.41 200.50
20.42 200.50
20.43 200.50
20.44 200.50
20.45 200.50
20.46 200.50
20.47 200.50
20.48 200.50
20.49 200.50
20.50 200.50
20.51 200.50
20.52 200.50
20.53 200.50
20.54 200.50
20.55 200.50
20.56 200.50
20.57 200.50
20.58 200.50
20.59 200.50
20.60 200.50
20.61 200.50
20.62 200.50
20.63 200.50
20.64 200.50
20.65 200.50
20.66 200.50
20.67 200.50
20.68 200.50
20.69 200.50
20.70 200.50
20.71 200.50
20.72 200.50
20.73 200.50
20.74 200.50
20.75 200.50
20.76 200.50
20.77 200.50
20.78 200.50
20.79 200.50
20.80 200.50
20.81 200.50
20.82 200.50
20.83 200.50
20.84 200.50
20.85 200.50
20.86 200.50
20.87 200.50
20.88 200.50
20.89 200.50
20.90 200.50
20.91 200.50
20.92 200.50
20.93 200.50
20.94 200.50
20.95 200.50
20.96 200.50
20.97 200.50
20.98 200.50
20.99 200.50
21.00 200.50
21.01 200.50
21.02 200.50
21.03 200.50
21.04 200.50
21.05 200.50
21.06 200.50
21.07 200.50
21.08 200.50
21.09 200.50
21.10 200.50
21.11 200.50
21.12 200.50
21.13 200.50
21.14 200.50
21.15 200.50
21.16 200.50
21.17 200.50
21.18 200.50
21.19 200.50
21.20 200.50
21.21 200.50
21.22 200.50
21.23 200.50
21.24 200.50
21.25 200.50
21.26 200.50
21.27 200.50
21.28 200.50
21.29 200.50
21.30 200.50
21.31 200.50
21.32 200.50
21.33 200.50
21.34 200.50
21.35 200.50
21.36 200.50
21.37 200.50
21.38 200.50
21.39 200.50
21.40 200.50
21.41 200.50
21.42 200.50
21.43 200.50
21.44 200.50
21.45 184.33
21.46 184.33
21.47 184.33
21.48 184.33
21.49 184.33
21.50 184.33
21.51 184.33
21.52 184.33
21.53 184.33
21.54 184.33
21.55 184.33
21.56 184.33
21.57 184.33
21.58 184.33
21.59 184.33
21.60 184.33
21.61 184.33
21.62 184.33
21.63 184.33
21.64 184.33
21.65 184.33
21.66 184.33
21.67 184.33
21.68 0.00
21.69 0.00
21.70 0.00
21.71 0.00
21.72 0.00
21.73 0.00
21.74 0.00
21.75 0.00
21.76 0.00
21.77 0.00
21.78 0.00
21.79 0.00
21.80 0.00
21.81 0.00
21.82 162.75
21.83 162.75
21.84 162.75
21.85 162.75
21.86 162.75
21.87 162.75
21.88 162.75
21.89 162.75
21.90 162.75
21.91 162.75
21.92 162.75
21.93 162.75
21.94 162.75
21.95 162.75
21.96 162.75
21.97 162.75
21.98 162.75
21.99 162.75
22.00 162.75
22.01 162.75
22.02 162.75
22.03 162.75
22.04 162.75
22.05 162.75
22.06 162.75
22.07 162.75
22.08 162.75
22.09 162.75
22.10 162.75
22.11 162.75
22.12 162.75
22.13 162.75
22.14 162.75
22.15 162.75
22.16 162.75
22.17 162.75
22.18 162.75
22.19 162.75
22.20 162.75
22.21 162.75
22.22 162.75
22.23 162.75
22.24 162.75
22.25 162.75
22.26 162.75
22.27 162.75
22.28 162.75
22.29 162.75
22.30 162.75
22.31 162.75
22.32 162.75
22.33 162.75
22.34 162.75
22.35 162.75
22.36 162.75
22.37 162.75
22.38 162.75
22.39 162.75
22.40 162.75
22.41 162.75
22.42 162.75
22.43 162.75
22.44 162.75
22.45 162.75
22.46 162.75
22.47 162.75
22.48 162.75
22.49 162.75
22.50 162.75
22.51 162.75
22.52 162.75
22.53 162.75
22.54 162.75
22.55 162.75
22.56 162.75
22.57 162.75
22.58 162.75
22.59 162.75
22.60 162.75
22.61 162.75
22.62 162.75
22.63 162.75
22.64 162.75
22.65 162.75
22.66 162.75
22.67 162.75
22.68 162.75
22.69 162.75
22.70 162.75
22.71 162.75
22.72 162.75
22.73 162.75
22.74 162.75
22.75 162.75
22.76 162.75
22.77 162.75
22.78 162.75
22.79 162.75
22.80 162.75
22.81 162.75
22.82 162.75
22.83 162.75
22.84 162.75
22.85 162.75
22.86 162.75
22.87 162.75
22.88 162.75
22.89 162.75
22.90 162.75
22.91 162.75
22.92 162.75
22.93 162.75
22.94 162.75
22.95 162.75
22.96 162.75
22.97 162.75
22.98 162.75
22.99 162.75
23.00 162.75
23.01 162.75
23.02 162.75
23.03 162.75
23.04 162.75
23.05 162.75
23.06 162.75
23.07 162.75
23.08 162.75
23.09 162.75
23.10 162.75
23.11 162.75
23.12 162.75
23.13 162.75
23.14 162.75
23.15 162.75
23.16 162.75
23.17 162.75
23.18 162.75
23.19 162.75
23.20 162.75
23.21 162.75
23.22 162.75
23.23 162.75
23.24 162.75
23.25 162.75
23.26 162.75
23.27 162.75
23.28 162.75
23.29 162.75
23.30 0.00
23.31 0.00
23.32 0.00
23.33 0.00
23.34 0.00
23.35 0.00
23.36 0.00
23.37 159.86
23.38 159.86
23.39 159.86
23.40 159.86
23.41 159.86
23.42 159.86
23.43 159.86
23.44 159.86
23.45 159.86
23.46 159.86
23.47 159.86
23.48 159.86
23.49 159.86
23.50 159.86
23.51 159.86
23.52 159.86
23.53 159.86
23.54 159.86
23.55 159.86
23.56 159.86
23.57 159.86
23.58 159.86
23.59 159.86
23.60 159.86
23.61 159.86
23.62 159.86
23.63 159.86
23.64 159.86
23.65 159.86
23.66 159.86
23.67 159.86
23.68 159.86
23.69 159.86
23.70 159.86
23.71 159.86
23.72 159.86
23.73 159.86
23.74 159.86
23.75 159.86
23.76 159.86
23.77 159.86
23.78 159.86
23.79 159.86
23.80 159.86
23.81 159.86
23.82 159.86
23.83 159.86
23.84 159.86
23.85 159.86
23.86 159.86
23.87 159.86
23.88 159.86
23.89 159.86
23.90 159.86
23.91 159.86
23.92 159.86
23.93 159.86
23.94 159.86
23.95 159.86
23.96 159.86
23.97 159.86
23.98 159.86
23.99 0.00
24.00 0.00
24.01 0.00
24.02 0.00
24.03 0.00
24.04 0.00
24.05 0.00
24.06 169.63
24.07 169.63
24.08 169.63
24.09 169.63
24.10 169.63
24.11 169.63
24.12 169.63
24.13 163.94
24.14 163.94
24.15 163.94
24.16 163.94
24.17 163.94
24.18 163.94
24.19 163.94
24.20 163.94
24.21 163.94
24.22 163.94
24.23 163.94
24.24 163.94
24.25 163.94
24.26 163.94
24.27 163.94
24.28 163.94
24.29 163.94
24.30 163.94
24.31 163.94
24.32 163.94
24.33 163.94
24.34 163.94
24.35 163.94
24.36 163.94
24.37 163.94
24.38 163.94
24.39 163.94
24.40 163.94
24.41 163.94
24.42 163.94
24.43 163.94
24.44 163.94
24.45 163.94
24.46 163.94
24.47 163.94
24.48 163.94
24.49 163.94
24.50 163.94
24.51 163.94
24.52 163.94
24.53 163.94
24.54 163.94
24.55 163.94
24.56 163.94
24.57 163.94
24.58 163.94
24.59 163.94
24.60 163.94
24.61 163.94
24.62 163.94
24.63 163.94
24.64 163.94
24.65 163.94
24.66 163.94
24.67 163.94
24.68 163.94
24.69 163.94
24.70 163.94
24.71 163.94
24.72 163.94
24.73 163.94
24.74 163.94
24.75 163.94
24.76 163.94
24.77 163.94
24.78 163.94
24.79 163.94
24.80 163.94
24.81 163.94
24.82 163.94
24.83 163.94
24.84 163.94
24.85 163.94
24.86 163.94
24.87 163.94
24.88 163.94
24.89 163.94
24.90 180.53
24.91 180.53
24.92 180.53
24.93 180.53
24.94 180.53
24.95 180.53
24.96 180.53
24.97 180.53
24.98 180.53
24.99 180.53
25.00 180.53
25.01 180.53
25.02 180.53
25.03 180.53
25.04 180.53
25.05 180.53
25.06 180.53
25.07 180.53
25.08 180.53
25.09 180.53
25.10 180.53
25.11 180.53
25.12 180.53
25.13 180.53
25.14 180.53
25.15 180.53
25.16 180.53
25.17 180.53
25.18 180.53
25.19 180.53
25.20 180.53
25.21 180.53
25.22 180.53
25.23 180.53
25.24 180.53
25.25 180.53
25.26 180.53
25.27 180.53
25.28 180.53
25.29 180.53
25.30 180.53
25.31 180.53
25.32 180.53
25.33 180.53
25.34 180.53
25.35 180.53
25.36 180.53
25.37 180.53
25.38 180.53
25.39 180.53
25.40 180.53
25.41 180.53
25.42 180.53
25.43 180.53
25.44 180.53
25.45 180.53
25.46 180.53
25.47 180.53
25.48 180.53
25.49 180.53
25.50 180.53
25.51 180.53
25.52 180.53
25.53 180.53
25.54 180.53
25.55 180.53
25.56 180.53
25.57 180.53
25.58 180.53
25.59 180.53
25.60 180.53
25.61 180.53
25.62 180.53
25.63 180.53
25.64 180.53
25.65 180.53
25.66 180.53
25.67 180.53
25.68 180.53
25.69 180.53
25.70 180.53
25.71 180.53
25.72 180.53
25.73 180.53
25.74 180.53
25.75 180.53
25.76 180.53
25.77 180.53
25.78 180.53
25.79 180.53
25.80 180.53
25.81 180.53
25.82 180.53
25.83 180.53
25.84 180.53
25.85 180.53
25.86 180.53
25.87 180.53
25.88 180.53
25.89 180.53
25.90 180.53
25.91 180.53
25.92 180.53
25.93 180.53
25.94 180.53
25.95 180.53
25.96 180.53
25.97 180.53
25.98 180.53
25.99 180.53
26.00 180.53
26.01 180.53
26.02 180.53
26.03 180.53
26.04 180.53
26.05 180.53
26.06 180.53
26.07 180.53
26.08 180.53
26.09 180.53
26.10 180.53
26.11 180.53
26.12 180.53
26.13 180.53
26.14 180.53
26.15 180.53
26.16 180.53
26.17 180.53
26.18 180.53
26.19 180.53
26.20 180.53
26.21 180.53
26.22 180.53
26.23 180.53
26.24 180.53
26.25 180.53
26.26 180.53
26.27 180.53
26.28 180.53
26.29 180.53
26.30 180.53
26.31 180.53
26.32 180.53
26.33 180.53
26.34 180.53
26.35 180.53
26.36 180.53
26.37 180.53
26.38 180.53
26.39 180.53
26.40 180.53
26.41 180.53
26.42 180.53
26.43 180.53
26.44 180.53
26.45 180.53
26.46 180.53
26.47 180.53
26.48 180.53
26.49 180.53
26.50 180.53
26.51 180.53
26.52 180.53
26.53 180.53
26.54 180.53
26.55 180.53
26.56 180.53
26.57 180.53
26.58 180.53
26.59 180.53
26.60 180.53
26.61 180.53
26.62 180.53
26.63 180.53
26.64 180.53
26.65 180.53
26.66 180.53
26.67 180.53
26.68 180.53
26.69 180.53
26.70 180.53
26.71 180.53
26.72 180.53
26.73 180.53
26.74 180.53
26.75 180.53
26.76 180.53
26.77 180.53
26.78 180.53
26.79 180.53
26.80 180.53
26.81 180.53
26.82 180.53
26.83 180.53
26.84 180.53
26.85 180.53
26.86 180.53
26.87 180.53
26.88 180.53
26.89 180.53
26.90 180.53
26.91 180.53
26.92 180.53
26.93 180.53
26.94 180.53
26.95 180.53
26.96 180.53
26.97 180.53
26.98 82.64
26.99 79.87
27.00 0.00
27.01 0.00
27.02 0.00
27.03 0.00
27.04 0.00
27.05 0.00
27.06 0.00
27.07 0.00
27.08 0.00
27.09 0.00
27.10 0.00
27.11 0.00
27.12 0.00
27.13 0.00
27.14 0.00
27.15 0.00
27.16 0.00
27.17 0.00
27.18 0.00
27.19 0.00
27.20 0.00
27.21 0.00
27.22 0.00
27.23 0.00
27.24 0.00
27.25 0.00
27.26 0.00
27.27 0.00
27.28 0.00
27.29 0.00
27.30 0.00
27.31 0.00
27.32 0.00
27.33 0.00
27.34 0.00
27.35 0.00
27.36 0.00
27.37 0.00
27.38 0.00
27.39 0.00
27.40 0.00
27.41 0.00
27.42 0.00
27.43 0.00
27.44 0.00
27.45 0.00
27.46 0.00
27.47 0.00
27.48 0.00
27.49 0.00
27.50 0.00
27.51 0.00
27.52 0.00
27.53 0.00
27.54 0.00
27.55 148.52
27.56 148.52
27.57 148.52
27.58 148.52
27.59 148.52
27.60 148.52
27.61 148.52
27.62 148.52
27.63 148.52
27.64 148.52
27.65 148.52
27.66 148.52
27.67 148.52
27.68 148.52
27.69 148.52
27.70 148.52
27.71 148.52
27.72 148.52
27.73 148.52
27.74 162.50
27.75 162.50
27.76 162.50
27.77 162.50
27.78 162.50
27.79 162.50
27.80 162.50
27.81 162.50
27.82 162.50
27.83 162.50
27.84 178.40
27.85 178.40
27.86 178.40
27.87 178.40
27.88 178.40
27.89 178.40
27.90 178.40
27.91 178.40
27.92 178.40
27.93 178.40
27.94 178.40
27.95 178.40
27.96 178.40
27.97 178.40
27.98 178.40
27.99 178.40
28.00 178.40
28.01 178.40
28.02 178.40
28.03 178.40
28.04 178.40
28.05 178.40
28.06 178.40
28.07 178.40
28.08 178.40
28.09 178.40
28.10 178.40
28.11 178.40
28.12 178.40
28.13 178.40
28.14 178.40
28.15 178.40
28.16 178.40
28.17 178.40
28.18 178.40
28.19 178.40
28.20 178.40
28.21 178.40
28.22 178.40
28.23 178.40
28.24 178.40
28.25 178.40
28.26 178.40
28.27 178.40
28.28 178.40
28.29 178.40
28.30 178.40
28.31 178.40
28.32 178.40
28.33 178.40
28.34 178.40
28.35 178.40
28.36 178.40
28.37 178.40
28.38 178.40
28.39 178.40
28.40 178.40
28.41 178.40
28.42 178.40
28.43 178.40
28.44 178.40
28.45 178.40
28.46 178.40
28.47 178.40
28.48 178.40
28.49 178.40
28.50 178.40
28.51 178.40
28.52 178.40
28.53 178.40
28.54 178.40
28.55 178.40
28.56 178.40
28.57 178.40
28.58 178.40
28.59 178.40
28.60 178.40
28.61 178.40
28.62 178.40
28.63 178.40
28.64 178.40
28.65 178.40
28.66 178.40
28.67 178.40
28.68 178.40
28.69 178.40
28.70 178.40
28.71 178.40
28.72 178.40
28.73 178.40
28.74 178.40
28.75 178.40
28.76 178.40
28.77 178.40
28.78 178.40
28.79 178.40
28.80 178.40
28.81 178.40
28.82 178.40
28.83 178.40
28.84 178.40
28.85 178.40
28.86 178.40
28.87 178.40
28.88 178.40
28.89 82.07
28.90 80.65
28.91 78.33
28.92 75.34
28.93 70.17
28.94 69.85
28.95 0.00
28.96 0.00
28.97 0.00
28.98 0.00
28.99 0.00
29.00 0.00
29.01 0.00
29.02 0.00
29.03 0.00
29.04 0.00
29.05 0.00
29.06 0.00
29.07 0.00
29.08 0.00
29.09 0.00
29.10 0.00
29.11 0.00
29.12 175.19
29.13 175.19
29.14 175.19
29.15 175.19
29.16 175.19
29.17 175.19
29.18 175.19
29.19 175.19
29.20 175.19
29.21 175.19
29.22 175.19
29.23 175.19
29.24 175.19
29.25 175.19
29.26 175.19
29.27 175.19
29.28 175.19
29.29 175.19
29.30 175.19
29.31 175.19
29.32 175.19
29.33 175.19
29.34 175.19
29.35 175.19
29.36 175.19
29.37 175.19
29.38 175.19
29.39 175.19
29.40 175.19
29.41 175.19
29.42 175.19
29.43 175.19
29.44 175.19
29.45 175.19
29.46 175.19
29.47 175.19
29.48 175.19
29.49 175.19
29.50 175.19
29.51 175.19
29.52 175.19
29.53 175.19
29.54 175.19
29.55 175.19
29.56 175.19
29.57 175.19
29.58 175.19
29.59 175.19
29.60 175.19
29.61 175.19
29.62 175.19
29.63 175.19
29.64 175.19
29.65 175.19
29.66 175.19
29.67 175.19
29.68 0.00
29.69 0.00
29.70 0.00
29.71 0.00
29.72 0.00
29.73 0.00
29.74 0.00
29.75 0.00
29.76 0.00
29.77 0.00
29.78 0.00
29.79 0.00
29.80 0.00
29.81 0.00
29.82 0.00
29.83 0.00
29.84 0.00
29.85 0.00
29.86 80.69
29.87 175.43
29.88 175.43
29.89 175.43
29.90 175.43
29.91 175.43
29.92 175.43
29.93 175.43
29.94 175.43
29.95 175.43
29.96 175.43
29.97 175.43
29.98 175.43
29.99 175.43
30.00 175.43
30.01 175.43
30.02 175.43
30.03 175.43
30.04 175.43
30.05 175.43
30.06 175.43
30.07 175.43
30.08 175.43
30.09 175.43
30.10 175.43
30.11 0.00
30.12 0.00
30.13 0.00
30.14 0.00
30.15 0.00
30.16 0.00
30.17 0.00
30.18 173.46
30.19 173.46
30.20 173.46
30.21 173.46
30.22 173.46
30.23 173.46
30.24 173.46
30.25 173.46
30.26 173.46
30.27 173.46
30.28 173.46
30.29 173.46
30.30 173.46
30.31 173.46
30.32 173.46
30.33 173.46
30.34 173.46
30.35 173.46
30.36 173.46
30.37 173.46
30.38 173.46
30.39 173.46
30.40 173.46
30.41 173.46
30.42 173.46
30.43 173.46
30.44 173.46
30.45 173.46
30.46 173.46
30.47 173.46
30.48 173.46
30.49 173.46
30.50 173.46
30.51 173.46
30.52 173.46
30.53 173.46
30.54 173.46
30.55 173.46
30.56 173.46
30.57 173.46
30.58 173.46
30.59 173.46
30.60 0.00
30.61 0.00
30.62 0.00
30.63 0.00
30.64 0.00
30.65 0.00
30.66 0.00
30.67 0.00
30.68 0.00
30.69 0.00
30.70 0.00
30.71 0.00
30.72 0.00
30.73 176.79
30.74 176.79
30.75 176.79
30.76 176.79
30.77 176.79
30.78 176.79
30.79 176.79
30.80 176.79
30.81 176.79
30.82 176.79
30.83 176.79
30.84 176.79
30.85 176.79
30.86 176.79
30.87 176.79
30.88 176.79
30.89 176.79
30.90 176.79
30.91 176.79
30.92 176.79
30.93 176.79
30.94 176.79
30.95 176.79
30.96 176.79
30.97 176.79
30.98 176.79
30.99 176.79
31.00 176.79
31.01 176.79
31.02 176.79
31.03 176.79
31.04 176.79
31.05 176.79
31.06 176.79
31.07 176.79
31.08 176.79
31.09 176.79
31.10 176.79
31.11 176.79
31.12 176.79
31.13 176.79
31.14 176.79
31.15 176.79
31.16 176.79
31.17 176.79
31.18 176.79
31.19 176.79
31.20 176.79
31.21 176.79
31.22 176.79
31.23 176.79
31.24 176.79
31.25 176.79
31.26 176.79
31.27 176.79
31.28 176.79
31.29 176.79
31.30 176.79
31.31 176.79
31.32 176.79
31.33 176.79
31.34 0.00
31.35 0.00
31.36 0.00
31.37 0.00
31.38 0.00
31.39 0.00
31.40 0.00
31.41 0.00
31.42 0.00
31.43 0.00
31.44 0.00
31.45 0.00
31.46 0.00
31.47 0.00
31.48 0.00
31.49 0.00
31.50 0.00
31.51 0.00
31.52 0.00
31.53 0.00
31.54 0.00
31.55 0.00
31.56 0.00
31.57 0.00
31.58 0.00
31.59 0.00
31.60 0.00
31.61 0.00
31.62 0.00
31.63 0.00
31.64 0.00
31.65 0.00
31.66 0.00
31.67 0.00
31.68 0.00
31.69 0.00
31.70 0.00
31.71 0.00
31.72 0.00
31.73 0.00
31.74 0.00
31.75 0.00
31.76 0.00
31.77 0.00
31.78 0.00
31.79 0.00
31.80 0.00
31.81 0.00
31.82 0.00
31.83 0.00
31.84 0.00
31.85 0.00
31.86 0.00
31.87 0.00
31.88 0.00
31.89 0.00
31.90 0.00
31.91 0.00
31.92 0.00
31.93 0.00
31.94 0.00
31.95 0.00
31.96 0.00
31.97 0.00
31.98 0.00
31.99 0.00
32.00 0.00
32.01 0.00
32.02 0.00
32.03 0.00
32.04 0.00
32.05 0.00
32.06 0.00
32.07 0.00
32.08 0.00
32.09 0.00
32.10 0.00
32.11 0.00
32.12 0.00
32.13 79.63
32.14 81.00
32.15 83.52
32.16 85.70
32.17 88.27
32.18 90.54
32.19 190.39
32.20 190.39
32.21 190.39
32.22 190.39
32.23 190.39
32.24 190.39
32.25 190.39
32.26 190.39
32.27 190.39
32.28 190.39
32.29 190.39
32.30 190.39
32.31 190.39
32.32 190.39
32.33 190.39
32.34 190.39
32.35 190.39
32.36 190.39
32.37 190.39
32.38 203.35
32.39 203.35
32.40 203.35
32.41 203.35
32.42 203.35
32.43 203.35
32.44 203.35
32.45 203.35
32.46 203.35
32.47 -1.00
32.48 -1.00
32.49 -1.00
32.50 -1.00
32.51 201.30
32.52 201.30
32.53 201.30
32.54 201.30
32.55 201.30
32.56 201.30
32.57 201.30
32.58 201.30
32.59 201.30
32.60 201.30
32.61 201.30
32.62 201.30
32.63 201.30
32.64 201.30
32.65 201.30
32.66 201.30
32.67 201.30
32.68 201.30
32.69 201.30
32.70 201.30
32.71 201.30
32.72 201.30
32.73 201.30
32.74 201.30
32.75 201.30
32.76 201.30
32.77 201.30
32.78 201.30
32.79 201.30
32.80 201.30
32.81 201.30
32.82 201.30
32.83 201.30
32.84 201.30
32.85 201.30
32.86 201.30
32.87 201.30
32.88 201.30
32.89 201.30
32.90 201.30
32.91 201.30
32.92 201.30
32.93 201.30
32.94 201.30
32.95 201.30
32.96 201.30
32.97 201.30
32.98 201.30
32.99 201.30
33.00 201.30
33.01 201.30
33.02 201.30
33.03 201.30
33.04 201.30
33.05 201.30
33.06 201.30
33.07 201.30
33.08 201.30
33.09 201.30
33.10 201.30
33.11 201.30
33.12 201.30
33.13 201.30
33.14 201.30
33.15 201.30
33.16 0.00
33.17 0.00
33.18 0.00
33.19 0.00
33.20 0.00
33.21 0.00
33.22 0.00
33.23 0.00
33.24 0.00
33.25 0.00
33.26 196.09
33.27 196.09
33.28 196.09
33.29 196.09
33.30 196.09
33.31 196.09
33.32 196.09
33.33 196.09
33.34 196.09
33.35 196.09
33.36 196.09
33.37 196.09
33.38 196.09
33.39 196.09
33.40 196.09
33.41 196.09
33.42 196.09
33.43 196.09
33.44 196.09
33.45 196.09
33.46 196.09
33.47 196.09
33.48 196.09
33.49 196.09
33.50 196.09
33.51 196.09
33.52 196.09
33.53 196.09
33.54 196.09
33.55 196.09
33.56 196.09
33.57 196.09
33.58 196.09
33.59 196.09
33.60 196.09
33.61 196.09
33.62 0.00
33.63 0.00
33.64 0.00
33.65 0.00
33.66 0.00
33.67 198.48
33.68 198.48
33.69 198.48
33.70 198.48
33.71 198.48
33.72 198.48
33.73 198.48
33.74 198.48
33.75 198.48
33.76 198.48
33.77 198.48
33.78 198.48
33.79 198.48
33.80 198.48
33.81 198.48
33.82 198.48
33.83 187.35
33.84 187.35
33.85 187.35
33.86 187.35
33.87 187.35
33.88 187.35
33.89 187.35
33.90 187.35
33.91 187.35
33.92 187.35
33.93 187.35
33.94 187.35
33.95 187.35
33.96 187.35
33.97 187.35
33.98 187.35
33.99 187.35
34.00 187.35
34.01 187.35
34.02 187.35
34.03 187.35
34.04 187.35
34.05 187.35
34.06 187.35
34.07 187.35
34.08 197.85
34.09 197.85
34.10 197.85
34.11 197.85
34.12 197.85
34.13 197.85
34.14 197.85
34.15 197.85
34.16 197.85
34.17 197.85
34.18 197.85
34.19 197.85
34.20 197.85
34.21 197.85
34.22 197.85
34.23 197.85
34.24 197.85
34.25 197.85
34.26 197.85
34.27 197.85
34.28 197.85
34.29 197.85
34.30 197.85
34.31 197.85
34.32 197.85
34.33 197.85
34.34 197.85
34.35 197.85
34.36 197.85
34.37 197.85
34.38 197.85
34.39 197.85
34.40 197.85
34.41 197.85
34.42 197.85
34.43 197.85
34.44 197.85
34.45 197.85
34.46 197.85
34.47 197.85
34.48 197.85
34.49 197.85
34.50 197.85
34.51 197.85
34.52 197.85
34.53 0.00
34.54 0.00
34.55 0.00
34.56 0.00
34.57 0.00
34.58 0.00
34.59 0.00
34.60 0.00
34.61 0.00
34.62 0.00
34.63 0.00
34.64 0.00
34.65 0.00
34.66 0.00
34.67 0.00
34.68 0.00
34.69 0.00
34.70 0.00
34.71 0.00
34.72 0.00
34.73 0.00
34.74 0.00
34.75 0.00
34.76 0.00
34.77 0.00
34.78 0.00
34.79 158.50
34.80 158.50
34.81 158.50
34.82 158.50
34.83 158.50
34.84 158.50
34.85 158.50
34.86 158.50
34.87 158.50
34.88 158.50
34.89 158.50
34.90 158.50
34.91 158.50
34.92 158.50
34.93 158.50
34.94 158.50
34.95 158.50
34.96 158.50
34.97 158.50
34.98 158.50
34.99 158.50
35.00 158.50
35.01 158.50
35.02 158.50
35.03 158.50
35.04 158.50
35.05 158.50
35.06 158.50
35.07 158.50
35.08 158.50
35.09 158.50
35.10 158.50
35.11 158.50
35.12 158.50
35.13 158.50
35.14 158.50
35.15 158.50
35.16 158.50
35.17 158.50
35.18 158.50
35.19 158.50
35.20 158.50
35.21 158.50
35.22 158.50
35.23 158.50
35.24 158.50
35.25 158.50
35.26 158.50
35.27 158.50
35.28 158.50
35.29 158.50
35.30 158.50
35.31 158.50
35.32 158.50
35.33 158.50
35.34 158.50
35.35 158.50
35.36 158.50
35.37 158.50
35.38 158.50
35.39 158.50
35.40 158.50
35.41 158.50
35.42 158.50
35.43 158.50
35.44 158.50
35.45 158.50
35.46 158.50
35.47 158.50
35.48 158.50
35.49 158.50
35.50 158.50
35.51 158.50
35.52 158.50
35.53 158.50
35.54 158.50
35.55 158.50
35.56 158.50
35.57 158.50
35.58 158.50
35.59 158.50
35.60 158.50
35.61 158.50
35.62 158.50
35.63 158.50
35.64 158.50
35.65 158.50
35.66 158.50
35.67 158.50
35.68 158.50
35.69 158.50
35.70 158.50
35.71 158.50
35.72 158.50
35.73 158.50
35.74 158.50
35.75 158.50
35.76 158.50
35.77 158.50
35.78 158.50
35.79 158.50
35.80 158.50
35.81 158.50
35.82 0.00
35.83 0.00
35.84 0.00
35.85 0.00
35.86 0.00
35.87 0.00
35.88 0.00
35.89 0.00
35.90 0.00
35.91 0.00
35.92 0.00
35.93 0.00
35.94 0.00
35.95 0.00
35.96 0.00
35.97 0.00
35.98 0.00
35.99 0.00
36.00 0.00
36.01 0.00
36.02 0.00
36.03 0.00
36.04 0.00
36.05 0.00
36.06 0.00
36.07 0.00
36.08 0.00
36.09 0.00
36.10 0.00
36.11 0.00
36.12 0.00
36.13 0.00
36.14 0.00
36.15 0.00
36.16 0.00
36.17 0.00
36.18 0.00
36.19 0.00
36.20 0.00
36.21 0.00
36.22 0.00
36.23 0.00
36.24 0.00
36.25 0.00
36.26 0.00
36.27 0.00
36.28 0.00
36.29 0.00
36.30 0.00
36.31 0.00
36.32 0.00
36.33 0.00
36.34 0.00
36.35 0.00
36.36 0.00
36.37 0.00
36.38 0.00
36.39 0.00
36.40 0.00
36.41 0.00
36.42 0.00
36.43 0.00
36.44 139.44
36.45 139.44
36.46 139.44
36.47 139.44
36.48 139.44
36.49 139.44
36.50 139.44
36.51 139.44
36.52 139.44
36.53 74.13
36.54 75.67
36.55 77.00
36.56 77.99
36.57 78.89
36.58 80.25
36.59 175.46
36.60 175.46
36.61 175.46
36.62 175.46
36.63 175.46
36.64 175.46
36.65 175.46
36.66 175.46
36.67 175.46
36.68 175.46
36.69 175.46
36.70 175.46
36.71 175.46
36.72 175.46
36.73 175.46
36.74 175.46
36.75 175.46
36.76 175.46
36.77 175.46
36.78 175.46
36.79 175.46
36.80 175.46
36.81 175.46
36.82 175.46
36.83 175.46
36.84 175.46
36.85 175.46
36.86 175.46
36.87 175.46
36.88 175.46
36.89 175.46
36.90 175.46
36.91 175.46
36.92 175.46
36.93 175.46
36.94 175.46
36.95 175.46
36.96 175.46
36.97 175.46
36.98 175.46
36.99 175.46
37.00 175.46
37.01 175.46
37.02 175.46
37.03 175.46
37.04 175.46
37.05 175.46
37.06 -1.00
37.07 -1.00
37.08 -1.00
37.09 -1.00
37.10 -1.00
37.11 175.93
37.12 175.93
37.13 175.93
37.14 175.93
37.15 175.93
37.16 175.93
37.17 175.93
37.18 175.93
37.19 175.93
37.20 175.93
37.21 175.93
37.22 175.93
37.23 175.93
37.24 175.93
37.25 175.93
37.26 175.93
37.27 175.93
37.28 175.93
37.29 175.93
37.30 175.93
37.31 175.93
37.32 175.93
37.33 175.93
37.34 175.93
37.35 175.93
37.36 175.93
37.37 175.93
37.38 175.93
37.39 175.93
37.40 175.93
37.41 175.93
37.42 175.93
37.43 175.93
37.44 175.93
37.45 175.93
37.46 175.93
37.47 175.93
37.48 175.93
37.49 175.93
37.50 175.93
37.51 175.93
37.52 175.93
37.53 175.93
37.54 175.93
37.55 175.93
37.56 175.93
37.57 175.93
37.58 175.93
37.59 175.93
37.60 175.93
37.61 175.93
37.62 175.93
37.63 175.93
37.64 175.93
37.65 175.93
37.66 175.93
37.67 175.93
37.68 175.93
37.69 175.93
37.70 175.93
37.71 175.93
37.72 175.93
37.73 175.93
37.74 175.93
37.75 175.93
37.76 175.93
37.77 175.93
37.78 175.93
37.79 175.93
37.80 175.93
37.81 175.93
37.82 175.93
37.83 175.93
37.84 175.93
37.85 175.93
37.86 175.93
37.87 175.93
37.88 175.93
37.89 175.93
37.90 175.93
37.91 175.93
37.92 175.93
37.93 175.93
37.94 175.93
37.95 175.93
37.96 175.93
37.97 175.93
37.98 175.93
37.99 175.93
38.00 175.93
38.01 175.93
38.02 175.93
38.03 175.93
38.04 175.93
38.05 175.93
38.06 175.93
38.07 175.93
38.08 175.93
38.09 175.93
38.10 175.93
38.11 175.93
38.12 175.93
38.13 175.93
38.14 175.93
38.15 175.93
38.16 175.93
38.17 175.93
38.18 175.93
38.19 175.93
38.20 175.93
38.21 175.93
38.22 175.93
38.23 175.93
38.24 175.93
38.25 175.93
38.26 175.93
38.27 175.93
38.28 175.93
38.29 175.93
38.30 175.93
38.31 175.93
38.32 175.93
38.33 175.93
38.34 175.93
38.35 175.93
38.36 175.93
38.37 175.93
38.38 175.93
38.39 175.93
38.40 175.93
38.41 175.93
38.42 175.93
38.43 175.93
38.44 175.93
38.45 175.93
38.46 175.93
38.47 175.93
38.48 175.93
38.49 175.93
38.50 175.93
38.51 175.93
38.52 175.93
38.53 175.93
38.54 175.93
38.55 175.93
38.56 175.93
38.57 175.93
38.58 175.93
38.59 175.93
38.60 175.93
38.61 175.93
38.62 175.93
38.63 175.93
38.64 175.93
38.65 175.93
38.66 175.93
38.67 175.93
38.68 175.93
38.69 175.93
38.70 175.93
38.71 175.93
38.72 175.93
38.73 175.93
38.74 175.93
38.75 175.93
38.76 175.93
38.77 175.93
38.78 175.93
38.79 175.93
38.80 175.93
38.81 175.93
38.82 175.93
38.83 175.93
38.84 175.93
38.85 175.93
38.86 175.93
38.87 175.93
38.88 175.93
38.89 175.93
38.90 175.93
38.91 175.93
38.92 175.93
38.93 175.93
38.94 175.93
38.95 175.93
38.96 175.93
38.97 175.93
38.98 175.93
38.99 175.93
39.00 175.93
39.01 175.93
39.02 175.93
39.03 175.93
39.04 175.93
39.05 175.93
39.06 175.93
39.07 175.93
39.08 175.93
39.09 175.93
39.10 175.93
39.11 175.93
39.12 175.93
39.13 175.93
39.14 175.93
39.15 175.93
39.16 175.93
39.17 175.93
39.18 175.93
39.19 175.93
39.20 175.93
39.21 175.93
39.22 175.93
39.23 175.93
39.24 175.93
39.25 175.93
39.26 175.93
39.27 175.93
39.28 175.93
39.29 175.93
39.30 175.93
39.31 175.93
39.32 175.93
39.33 175.93
39.34 175.93
39.35 175.93
39.36 0.00
39.37 0.00
39.38 0.00
39.39 0.00
39.40 0.00
39.41 0.00
39.42 0.00
39.43 0.00
39.44 0.00
39.45 0.00
39.46 0.00
39.47 0.00
39.48 0.00
39.49 0.00
39.50 0.00
39.51 0.00
39.52 0.00
39.53 0.00
39.54 0.00
39.55 0.00
39.56 176.45
39.57 176.45
39.58 176.45
39.59 176.45
39.60 176.45
39.61 176.45
39.62 176.45
39.63 176.45
39.64 176.45
39.65 176.45
39.66 176.45
39.67 176.45
39.68 176.45
39.69 176.45
39.70 176.45
39.71 176.45
39.72 176.45
39.73 176.45
39.74 176.45
39.75 176.45
39.76 0.00
39.77 0.00
39.78 0.00
39.79 0.00
39.80 0.00
39.81 0.00
39.82 0.00
39.83 0.00
39.84 0.00
39.85 0.00
39.86 0.00
39.87 173.90
39.88 173.90
39.89 173.90
39.90 173.90
39.91 173.90
39.92 173.90
39.93 173.90
39.94 173.90
39.95 173.90
39.96 173.90
39.97 173.90
39.98 173.90
39.99 173.90
40.00 173.90
40.01 173.90
40.02 173.90
40.03 173.90
40.04 173.90
40.05 173.90
40.06 173.90
40.07 173.90
40.08 173.90
40.09 173.90
40.10 173.90
40.11 173.90
40.12 173.90
40.13 173.90
40.14 173.90
40.15 173.90
40.16 173.90
40.17 173.90
40.18 173.90
40.19 173.90
40.20 173.90
40.21 0.00
40.22 0.00
40.23 0.00
40.24 0.00
40.25 0.00
40.26 0.00
40.27 0.00
40.28 0.00
40.29 0.00
40.30 0.00
40.31 0.00
40.32 0.00
40.33 0.00
40.34 0.00
40.35 0.00
40.36 0.00
40.37 0.00
40.38 0.00
40.39 0.00
40.40 0.00
40.41 0.00
40.42 0.00
40.43 0.00
40.44 0.00
40.45 0.00
40.46 0.00
40.47 0.00
40.48 0.00
40.49 0.00
40.50 0.00
40.51 0.00
40.52 0.00
40.53 0.00
40.54 0.00
40.55 0.00
40.56 0.00
40.57 0.00
40.58 0.00
40.59 0.00
40.60 0.00
40.61 0.00
40.62 0.00
40.63 0.00
40.64 0.00
40.65 0.00
40.66 0.00
40.67 0.00
40.68 0.00
40.69 0.00
40.70 0.00
40.71 0.00
40.72 0.00
40.73 148.52
40.74 148.52
40.75 148.52
40.76 148.52
40.77 148.52
40.78 148.52
40.79 148.52
40.80 148.52
40.81 148.52
40.82 158.68
40.83 158.68
40.84 158.68
40.85 158.68
40.86 158.68
40.87 158.68
40.88 158.68
40.89 158.68
40.90 158.68
40.91 158.68
40.92 158.68
40.93 158.68
40.94 158.68
40.95 158.68
40.96 158.68
40.97 158.68
40.98 174.65
40.99 174.65
41.00 174.65
41.01 174.65
41.02 174.65
41.03 174.65
41.04 174.65
41.05 174.65
41.06 174.65
41.07 174.65
41.08 174.65
41.09 174.65
41.10 174.65
41.11 174.65
41.12 174.65
41.13 174.65
41.14 174.65
41.15 174.65
41.16 174.65
41.17 174.65
41.18 174.65
41.19 174.65
41.20 174.65
41.21 174.65
41.22 174.65
41.23 174.65
41.24 174.65
41.25 174.65
41.26 174.65
41.27 174.65
41.28 174.65
41.29 174.65
41.30 174.65
41.31 174.65
41.32 174.65
41.33 174.65
41.34 174.65
41.35 174.65
41.36 174.65
41.37 174.65
41.38 174.65
41.39 174.65
41.40 174.65
41.41 174.65
41.42 174.65
41.43 174.65
41.44 174.65
41.45 174.65
41.46 174.65
41.47 174.65
41.48 174.65
41.49 174.65
41.50 174.65
41.51 -1.00
41.52 -1.00
41.53 -1.00
41.54 174.98
41.55 174.98
41.56 174.98
41.57 174.98
41.58 174.98
41.59 174.98
41.60 174.98
41.61 174.98
41.62 174.98
41.63 174.98
41.64 174.98
41.65 174.98
41.66 174.98
41.67 0.00
41.68 0.00
41.69 0.00
41.70 0.00
41.71 0.00
41.72 0.00
41.73 0.00
41.74 0.00
41.75 0.00
41.76 0.00
41.77 0.00
41.78 0.00
41.79 0.00
41.80 0.00
41.81 0.00
41.82 176.95
41.83 176.95
41.84 176.95
41.85 176.95
41.86 176.95
41.87 176.95
41.88 176.95
41.89 176.95
41.90 176.95
41.91 176.95
41.92 176.95
41.93 176.95
41.94 176.95
41.95 176.95
41.96 176.95
41.97 176.95
41.98 176.95
41.99 176.95
42.00 176.95
42.01 176.95
42.02 176.95
42.03 176.95
42.04 176.95
42.05 176.95
42.06 176.95
42.07 176.95
42.08 176.95
42.09 176.95
42.10 176.95
42.11 176.95
42.12 176.95
42.13 176.95
42.14 176.95
42.15 176.95
42.16 176.95
42.17 176.95
42.18 176.95
42.19 176.95
42.20 176.95
42.21 176.95
42.22 176.95
42.23 176.95
42.24 176.95
42.25 176.95
42.26 176.95
42.27 176.95
42.28 176.95
42.29 176.95
42.30 176.95
42.31 176.95
42.32 176.95
42.33 176.95
42.34 176.95
42.35 176.95
42.36 176.95
42.37 176.95
42.38 176.95
42.39 176.95
42.40 176.95
42.41 176.95
42.42 176.95
42.43 176.95
42.44 176.95
42.45 176.95
42.46 176.95
42.47 176.95
42.48 176.95
42.49 176.95
42.50 176.95
42.51 176.95
42.52 176.95
42.53 176.95
42.54 176.95
42.55 176.95
42.56 176.95
42.57 176.95
42.58 176.95
42.59 176.95
42.60 176.95
42.61 176.95
42.62 176.95
42.63 176.95
42.64 176.95
42.65 176.95
42.66 176.95
42.67 176.95
42.68 176.95
42.69 176.95
42.70 176.95
42.71 176.95
42.72 176.95
42.73 176.95
42.74 176.95
42.75 176.95
42.76 176.95
42.77 176.95
42.78 176.95
42.79 176.95
42.80 176.95
42.81 176.95
42.82 176.95
42.83 176.95
42.84 176.95
42.85 176.95
42.86 176.95
42.87 176.95
42.88 176.95
42.89 0.00
42.90 0.00
42.91 0.00
42.92 0.00
42.93 0.00
42.94 0.00
42.95 0.00
42.96 0.00
42.97 0.00
42.98 0.00
42.99 0.00
43.00 0.00
43.01 0.00
43.02 172.07
43.03 172.07
43.04 172.07
43.05 172.07
43.06 172.07
43.07 172.07
43.08 172.07
43.09 172.07
43.10 172.07
43.11 172.07
43.12 172.07
43.13 172.07
43.14 172.07
43.15 0.00
43.16 0.00
43.17 0.00
43.18 0.00
43.19 0.00
43.20 0.00
43.21 0.00
43.22 0.00
43.23 0.00
43.24 0.00
43.25 0.00
43.26 0.00
43.27 0.00
43.28 0.00
43.29 0.00
43.30 0.00
43.31 0.00
43.32 0.00
43.33 0.00
43.34 0.00
43.35 0.00
43.36 0.00
43.37 0.00
43.38 0.00
43.39 0.00
43.40 0.00
43.41 0.00
43.42 0.00
43.43 0.00
43.44 0.00
43.45 0.00
43.46 0.00
43.47 0.00
43.48 0.00
43.49 0.00
43.50 0.00
43.51 0.00
43.52 0.00
43.53 0.00
43.54 0.00
43.55 0.00
43.56 0.00
43.57 0.00
43.58 0.00
43.59 0.00
43.60 0.00
43.61 0.00
43.62 0.00
43.63 0.00
43.64 0.00
43.65 0.00
43.66 0.00
43.67 0.00
43.68 0.00
43.69 0.00
43.70 74.60
43.71 75.25
43.72 75.95
43.73 76.88
43.74 77.89
43.75 78.88
43.76 80.20
43.77 81.09
43.78 82.10
43.79 83.03
43.80 84.46
43.81 177.78
43.82 177.78
43.83 177.78
43.84 177.78
43.85 177.78
43.86 177.78
43.87 177.78
43.88 199.11
43.89 199.11
43.90 199.11
43.91 199.11
43.92 199.11
43.93 199.11
43.94 199.11
43.95 199.11
43.96 199.11
43.97 199.11
43.98 199.11
43.99 199.11
44.00 199.11
44.01 199.11
44.02 199.11
44.03 199.11
44.04 199.11
44.05 199.11
44.06 199.11
44.07 199.11
44.08 199.11
44.09 199.11
44.10 199.11
44.11 199.11
44.12 199.11
44.13 199.11
44.14 199.11
44.15 199.11
44.16 199.11
44.17 199.11
44.18 199.11
44.19 199.11
44.20 199.11
44.21 199.11
44.22 199.11
44.23 199.11
44.24 199.11
44.25 199.11
44.26 199.11
44.27 199.11
44.28 199.11
44.29 199.11
44.30 199.11
44.31 199.11
44.32 199.11
44.33 199.11
44.34 199.11
44.35 199.11
44.36 199.11
44.37 199.11
44.38 199.11
44.39 199.11
44.40 199.11
44.41 199.11
44.42 199.11
44.43 199.11
44.44 199.11
44.45 199.11
44.46 199.11
44.47 199.11
44.48 199.11
44.49 199.11
44.50 199.11
44.51 199.11
44.52 199.11
44.53 199.11
44.54 199.11
44.55 199.11
44.56 199.11
44.57 199.11
44.58 199.11
44.59 199.11
44.60 199.11
44.61 199.11
44.62 199.11
44.63 199.11
44.64 199.11
44.65 199.11
44.66 199.11
44.67 199.11
44.68 199.11
44.69 199.11
44.70 199.11
44.71 199.11
44.72 199.11
44.73 199.11
44.74 199.11
44.75 199.11
44.76 199.11
44.77 199.11
44.78 199.11
44.79 199.11
44.80 199.11
44.81 199.11
44.82 199.11
44.83 199.11
44.84 199.11
44.85 199.11
44.86 199.11
44.87 199.11
44.88 199.11
44.89 199.11
44.90 199.11
44.91 199.11
44.92 199.11
44.93 199.11
44.94 199.11
44.95 199.11
44.96 199.11
44.97 199.11
44.98 199.11
44.99 199.11
45.00 199.11
45.01 199.11
45.02 199.11
45.03 199.11
45.04 199.11
45.05 199.11
45.06 199.11
45.07 199.11
45.08 199.11
45.09 199.11
45.10 199.11
45.11 199.11
45.12 199.11
45.13 199.11
45.14 199.11
45.15 199.11
45.16 199.11
45.17 199.11
45.18 199.11
45.19 199.11
45.20 199.11
45.21 199.11
45.22 199.11
45.23 199.11
45.24 199.11
45.25 199.11
45.26 199.11
45.27 199.11
45.28 199.11
45.29 199.11
45.30 199.11
45.31 199.11
45.32 199.11
45.33 199.11
45.34 199.11
45.35 199.11
45.36 199.11
45.37 199.11
45.38 199.11
45.39 199.11
45.40 199.11
45.41 199.11
45.42 199.11
45.43 199.11
45.44 199.11
45.45 199.11
45.46 199.11
45.47 199.11
45.48 199.11
45.49 199.11
45.50 199.11
45.51 199.11
45.52 199.11
45.53 199.11
45.54 199.11
45.55 199.11
45.56 199.11
45.57 199.11
45.58 199.11
45.59 199.11
45.60 199.11
45.61 199.11
45.62 199.11
45.63 199.11
45.64 199.11
45.65 199.11
45.66 199.11
45.67 199.11
45.68 199.11
45.69 199.11
45.70 199.11
45.71 199.11
45.72 199.11
45.73 199.11
45.74 199.11
45.75 199.11
45.76 199.11
45.77 199.11
45.78 199.11
45.79 199.11
45.80 199.11
45.81 199.11
45.82 199.11
45.83 199.11
45.84 199.11
45.85 199.11
45.86 199.11
45.87 199.11
45.88 199.11
45.89 199.11
45.90 199.11
45.91 199.11
45.92 199.11
45.93 199.11
45.94 199.11
45.95 199.11
45.96 199.11
45.97 199.11
45.98 199.11
45.99 199.11
46.00 199.11
46.01 199.11
46.02 199.11
46.03 199.11
46.04 199.11
46.05 199.11
46.06 199.11
46.07 199.11
46.08 199.11
46.09 199.11
46.10 199.11
46.11 199.11
46.12 199.11
46.13 199.11
46.14 199.11
46.15 199.11
46.16 199.11
46.17 199.11
46.18 199.11
46.19 199.11
46.20 199.11
46.21 199.11
46.22 199.11
46.23 199.11
46.24 199.11
46.25 199.11
46.26 199.11
46.27 199.11
46.28 199.11
46.29 199.11
46.30 199.11
46.31 199.11
46.32 199.11
46.33 199.11
46.34 199.11
46.35 199.11
46.36 199.11
46.37 199.11
46.38 199.11
46.39 199.11
46.40 199.11
46.41 199.11
46.42 199.11
46.43 199.11
46.44 199.11
46.45 199.11
46.46 -1.00
46.47 -1.00
46.48 -1.00
46.49 -1.00
46.50 -1.00
46.51 186.00
46.52 186.00
46.53 186.00
46.54 186.00
46.55 186.00
46.56 186.00
46.57 186.00
46.58 186.00
46.59 186.00
46.60 186.00
46.61 0.00
46.62 0.00
46.63 0.00
46.64 0.00
46.65 0.00
46.66 0.00
46.67 0.00
46.68 0.00
46.69 0.00
46.70 0.00
46.71 0.00
46.72 0.00
46.73 0.00
46.74 0.00
46.75 0.00
46.76 0.00
46.77 0.00
46.78 0.00
46.79 0.00
46.80 0.00
46.81 0.00
46.82 0.00
46.83 0.00
46.84 0.00
46.85 0.00
46.86 0.00
46.87 0.00
46.88 0.00
46.89 0.00
46.90 0.00
46.91 0.00
46.92 0.00
46.93 0.00
46.94 0.00
46.95 143.37
46.96 143.37
46.97 143.37
46.98 143.37
46.99 143.37
47.00 143.37
47.01 143.37
47.02 143.37
47.03 143.37
47.04 143.37
47.05 143.37
47.06 143.37
47.07 143.37
47.08 143.37
47.09 143.37
47.10 143.37
47.11 143.37
47.12 143.37
47.13 143.37
47.14 143.37
47.15 143.37
47.16 143.37
47.17 159.43
47.18 159.43
47.19 159.43
47.20 159.43
47.21 159.43
47.22 159.43
47.23 159.43
47.24 159.43
47.25 159.43
47.26 159.43
47.27 159.43
47.28 159.43
47.29 159.43
47.30 159.43
47.31 159.43
47.32 159.43
47.33 159.43
47.34 159.43
47.35 159.43
47.36 159.43
47.37 159.43
47.38 159.43
47.39 159.43
47.40 159.43
47.41 159.43
47.42 159.43
47.43 159.43
47.44 159.43
47.45 159.43
47.46 159.43
47.47 159.43
47.48 159.43
47.49 159.43
47.50 159.43
47.51 159.43
47.52 159.43
47.53 159.43
47.54 159.43
47.55 159.43
47.56 159.43
47.57 159.43
47.58 159.43
47.59 159.43
47.60 159.43
47.61 159.43
47.62 159.43
47.63 159.43
47.64 159.43
47.65 159.43
47.66 159.43
47.67 159.43
47.68 159.43
47.69 159.43
47.70 159.43
47.71 159.43
47.72 159.43
47.73 159.43
47.74 159.43
47.75 159.43
47.76 159.43
47.77 159.43
47.78 159.43
47.79 159.43
47.80 159.43
47.81 159.43
47.82 159.43
47.83 159.43
47.84 159.43
47.85 159.43
47.86 159.43
47.87 159.43
47.88 159.43
47.89 159.43
47.90 159.43
47.91 159.43
47.92 159.43
47.93 159.43
47.94 159.43
47.95 159.43
47.96 159.43
47.97 159.43
47.98 159.43
47.99 159.43
48.00 159.43
48.01 159.43
48.02 159.43
48.03 159.43
48.04 159.43
48.05 159.43
48.06 159.43
48.07 159.43
48.08 159.43
48.09 159.43
48.10 159.43
48.11 159.43
48.12 159.43
48.13 159.43
48.14 159.43
48.15 159.43
48.16 159.43
48.17 159.43
48.18 159.43
48.19 159.43
48.20 159.43
48.21 159.43
48.22 159.43
48.23 159.43
48.24 159.43
48.25 159.43
48.26 159.43
48.27 159.43
48.28 159.43
48.29 159.43
48.30 159.43
48.31 159.43
48.32 159.43
48.33 159.43
48.34 159.43
48.35 159.43
48.36 159.43
48.37 159.43
48.38 159.43
48.39 159.43
48.40 159.43
48.41 159.43
48.42 159.43
48.43 159.43
48.44 159.43
48.45 159.43
48.46 159.43
48.47 159.43
48.48 159.43
48.49 0.00
48.50 0.00
48.51 0.00
48.52 0.00
48.53 0.00
48.54 0.00
48.55 0.00
48.56 0.00
48.57 0.00
48.58 145.42
48.59 145.42
48.60 145.42
48.61 145.42
48.62 145.42
48.63 145.42
48.64 145.42
48.65 145.42
48.66 145.42
48.67 145.42
48.68 145.42
48.69 145.42
48.70 145.42
48.71 145.42
48.72 145.42
48.73 145.42
48.74 145.42
48.75 145.42
48.76 145.42
48.77 145.42
48.78 145.42
48.79 145.42
48.80 145.42
48.81 145.42
48.82 145.42
48.83 145.42
48.84 145.42
48.85 145.42
48.86 145.42
48.87 145.42
48.88 145.42
48.89 145.42
48.90 145.42
48.91 145.42
48.92 145.42
48.93 145.42
48.94 145.42
48.95 145.42
48.96 145.42
48.97 145.42
48.98 145.42
48.99 145.42
49.00 145.42
49.01 145.42
49.02 145.42
49.03 145.42
49.04 145.42
49.05 145.42
49.06 145.42
49.07 145.42
49.08 145.42
49.09 145.42
49.10 145.42
49.11 145.42
49.12 145.42
49.13 145.42
49.14 145.42
49.15 145.42
49.16 145.42
49.17 145.42
49.18 145.42
49.19 145.42
49.20 145.42
49.21 145.42
49.22 145.42
49.23 145.42
49.24 145.42
49.25 145.42
49.26 145.42
49.27 145.42
49.28 145.42
49.29 145.42
49.30 145.42
49.31 145.42
49.32 145.42
49.33 145.42
49.34 145.42
49.35 159.48
49.36 159.48
49.37 159.48
49.38 159.48
49.39 159.48
49.40 159.48
49.41 159.48
49.42 159.48
49.43 159.48
49.44 159.48
49.45 159.48
49.46 159.48
49.47 159.48
49.48 159.48
49.49 159.48
49.50 159.48
49.51 159.48
49.52 159.48
49.53 159.48
49.54 159.48
49.55 159.48
49.56 159.48
49.57 159.48
49.58 159.48
49.59 159.48
49.60 159.48
49.61 159.48
49.62 159.48
49.63 159.48
49.64 159.48
49.65 159.48
49.66 159.48
49.67 159.48
49.68 159.48
49.69 159.48
49.70 159.48
49.71 159.48
49.72 159.48
49.73 159.48
49.74 159.48
49.75 159.48
49.76 159.48
49.77 159.48
49.78 159.48
49.79 159.48
49.80 159.48
49.81 159.48
49.82 159.48
49.83 159.48
49.84 159.48
49.85 159.48
49.86 159.48
49.87 159.48
49.88 159.48
49.89 159.48
49.90 159.48
49.91 159.48
49.92 159.48
49.93 159.48
49.94 159.48
49.95 159.48
49.96 159.48
49.97 159.48
49.98 159.48
49.99 159.48
50.00 159.48
50.01 159.48
50.02 159.48
50.03 159.48
50.04 159.48
50.05 159.48
50.06 159.48
50.07 159.48
50.08 159.48
50.09 159.48
50.10 159.48
50.11 159.48
50.12 159.48
50.13 159.48
50.14 159.48
50.15 159.48
50.16 159.48
50.17 159.48
50.18 159.48
50.19 179.89
50.20 179.89
50.21 179.89
50.22 179.89
50.23 179.89
50.24 179.89
50.25 179.89
50.26 179.89
50.27 179.89
50.28 179.89
50.29 179.89
50.30 179.89
50.31 179.89
50.32 179.89
50.33 179.89
50.34 179.89
50.35 179.89
50.36 179.89
50.37 179.89
50.38 179.89
50.39 179.89
50.40 179.89
50.41 179.89
50.42 179.89
50.43 179.89
50.44 179.89
50.45 179.89
50.46 179.89
50.47 179.89
50.48 179.89
50.49 179.89
50.50 179.89
50.51 179.89
50.52 179.89
50.53 179.89
50.54 179.89
50.55 179.89
50.56 179.89
50.57 179.89
50.58 179.89
50.59 179.89
50.60 179.89
50.61 179.89
50.62 179.89
50.63 179.89
50.64 179.89
50.65 179.89
50.66 179.89
50.67 179.89
50.68 179.89
50.69 179.89
50.70 179.89
50.71 179.89
50.72 179.89
50.73 179.89
50.74 179.89
50.75 179.89
50.76 179.89
50.77 179.89
50.78 179.89
50.79 179.89
50.80 179.89
50.81 179.89
50.82 179.89
50.83 179.89
50.84 179.89
50.85 179.89
50.86 179.89
50.87 179.89
50.88 179.89
50.89 179.89
50.90 179.89
50.91 179.89
50.92 179.89
50.93 179.89
50.94 179.89
50.95 179.89
50.96 179.89
50.97 179.89
50.98 179.89
50.99 179.89
51.00 179.89
51.01 179.89
51.02 179.89
51.03 179.89
51.04 179.89
51.05 179.89
51.06 179.89
51.07 179.89
51.08 179.89
51.09 179.89
51.10 179.89
51.11 179.89
51.12 179.89
51.13 179.89
51.14 179.89
51.15 179.89
51.16 179.89
51.17 179.89
51.18 179.89
51.19 179.89
51.20 179.89
51.21 179.89
51.22 179.89
51.23 179.89
51.24 179.89
51.25 179.89
51.26 179.89
51.27 179.89
51.28 179.89
51.29 179.89
51.30 179.89
51.31 179.89
51.32 179.89
51.33 179.89
51.34 179.89
51.35 179.89
51.36 179.89
51.37 179.89
51.38 179.89
51.39 179.89
51.40 179.89
51.41 179.89
51.42 179.89
51.43 179.89
51.44 179.89
51.45 179.89
51.46 179.89
51.47 179.89
51.48 179.89
51.49 179.89
51.50 179.89
51.51 179.89
51.52 179.89
51.53 179.89
51.54 179.89
51.55 179.89
51.56 179.89
51.57 179.89
51.58 179.89
51.59 179.89
51.60 179.89
51.61 179.89
51.62 179.89
51.63 179.89
51.64 179.89
51.65 179.89
51.66 179.89
51.67 179.89
51.68 179.89
51.69 179.89
51.70 179.89
51.71 179.89
51.72 179.89
51.73 179.89
51.74 179.89
51.75 179.89
51.76 179.89
51.77 179.89
51.78 179.89
51.79 179.89
51.80 179.89
51.81 179.89
51.82 179.89
51.83 179.89
51.84 179.89
51.85 179.89
51.86 179.89
51.87 179.89
51.88 179.89
51.89 179.89
51.90 179.89
51.91 179.89
51.92 179.89
51.93 179.89
51.94 179.89
51.95 179.89
51.96 179.89
51.97 179.89
51.98 179.89
51.99 179.89
52.00 179.89
52.01 179.89
52.02 179.89
52.03 179.89
52.04 179.89
52.05 179.89
52.06 179.89
52.07 179.89
52.08 179.89
52.09 179.89
52.10 179.89
52.11 179.89
52.12 179.89
52.13 179.89
52.14 179.89
52.15 179.89
52.16 179.89
52.17 179.89
52.18 179.89
52.19 179.89
52.20 179.89
52.21 179.89
52.22 179.89
52.23 179.89
52.24 179.89
52.25 179.89
52.26 179.89
52.27 0.00
52.28 0.00
52.29 0.00
52.30 0.00
52.31 0.00
52.32 0.00
52.33 0.00
52.34 0.00
52.35 0.00
52.36 0.00
52.37 0.00
52.38 0.00
52.39 0.00
52.40 0.00
52.41 0.00
52.42 0.00
52.43 0.00
52.44 0.00
52.45 0.00
52.46 0.00
52.47 0.00
52.48 0.00
52.49 0.00
52.50 0.00
52.51 0.00
52.52 0.00
52.53 0.00
52.54 0.00
52.55 0.00
52.56 0.00
52.57 0.00
52.58 0.00
52.59 0.00
52.60 0.00
52.61 0.00
52.62 0.00
52.63 0.00
52.64 0.00
52.65 0.00
52.66 0.00
52.67 0.00
52.68 0.00
52.69 0.00
52.70 0.00
52.71 0.00
52.72 0.00
52.73 0.00
52.74 0.00
52.75 0.00
52.76 0.00
52.77 0.00
52.78 0.00
52.79 0.00
52.80 0.00
52.81 0.00
52.82 0.00
52.83 0.00
52.84 0.00
52.85 0.00
52.86 0.00
52.87 0.00
52.88 0.00
52.89 0.00
52.90 174.03
52.91 174.03
52.92 174.03
52.93 174.03
52.94 174.03
52.95 174.03
52.96 174.03
52.97 174.03
52.98 174.03
52.99 174.03
53.00 174.03
53.01 174.03
53.02 174.03
53.03 174.03
53.04 174.03
53.05 174.03
53.06 174.03
53.07 174.03
53.08 174.03
53.09 174.03
53.10 174.03
53.11 174.03
53.12 174.03
53.13 174.03
53.14 174.03
53.15 174.03
53.16 174.03
53.17 174.03
53.18 174.03
53.19 174.03
53.20 174.03
53.21 174.03
53.22 174.03
53.23 174.03
53.24 174.03
53.25 174.03
53.26 174.03
53.27 174.03
53.28 174.03
53.29 174.03
53.30 174.03
53.31 174.03
53.32 174.03
53.33 174.03
53.34 174.03
53.35 174.03
53.36 174.03
53.37 174.03
53.38 174.03
53.39 174.03
53.40 174.03
53.41 174.03
53.42 174.03
53.43 174.03
53.44 174.03
53.45 174.03
53.46 174.03
53.47 174.03
53.48 174.03
53.49 174.03
53.50 174.03
53.51 174.03
53.52 174.03
53.53 174.03
53.54 174.03
53.55 174.03
53.56 174.03
53.57 174.03
53.58 174.03
53.59 174.03
53.60 174.03
53.61 174.03
53.62 174.03
53.63 174.03
53.64 174.03
53.65 174.03
53.66 174.03
53.67 174.03
53.68 174.03
53.69 174.03
53.70 174.03
53.71 174.03
53.72 174.03
53.73 174.03
53.74 174.03
53.75 174.03
53.76 174.03
53.77 174.03
53.78 174.03
53.79 174.03
53.80 174.03
53.81 174.03
53.82 174.03
53.83 174.03
53.84 174.03
53.85 174.03
53.86 174.03
53.87 174.03
53.88 174.03
53.89 174.03
53.90 174.03
53.91 174.03
53.92 174.03
53.93 174.03
53.94 174.03
53.95 174.03
53.96 174.03
53.97 174.03
53.98 174.03
53.99 174.03
54.00 174.03
54.01 174.03
54.02 174.03
54.03 174.03
54.04 174.03
54.05 174.03
54.06 174.03
54.07 174.03
54.08 174.03
54.09 174.03
54.10 174.03
54.11 174.03
54.12 174.03
54.13 174.03
54.14 174.03
54.15 174.03
54.16 174.03
54.17 174.03
54.18 -1.00
54.19 -1.00
54.20 -1.00
54.21 -1.00
54.22 -1.00
54.23 -1.00
54.24 -1.00
54.25 -1.00
54.26 -1.00
54.27 -1.00
54.28 147.49
54.29 147.49
54.30 147.49
54.31 147.49
54.32 147.49
54.33 147.49
54.34 147.49
54.35 147.49
54.36 147.49
54.37 147.49
54.38 75.51
54.39 76.52
54.40 78.27
54.41 169.97
54.42 169.97
54.43 169.97
54.44 169.97
54.45 169.97
54.46 169.97
54.47 169.97
54.48 169.97
54.49 169.97
54.50 169.97
54.51 169.97
54.52 169.97
54.53 174.21
54.54 174.21
54.55 174.21
54.56 174.21
54.57 174.21
54.58 174.21
54.59 174.21
54.60 174.21
54.61 174.21
54.62 174.21
54.63 174.21
54.64 174.21
54.65 174.21
54.66 174.21
54.67 174.21
54.68 174.21
54.69 174.21
54.70 174.21
54.71 174.21
54.72 174.21
54.73 174.21
54.74 174.21
54.75 174.21
54.76 174.21
54.77 174.21
54.78 174.21
54.79 174.21
54.80 174.21
54.81 174.21
54.82 174.21
54.83 174.21
54.84 174.21
54.85 174.21
54.86 174.21
54.87 174.21
54.88 174.21
54.89 174.21
54.90 174.21
54.91 174.21
54.92 174.21
54.93 174.21
54.94 174.21
54.95 174.21
54.96 174.21
54.97 174.21
54.98 0.00
54.99 0.00
55.00 0.00
55.01 0.00
55.02 0.00
55.03 0.00
55.04 0.00
55.05 0.00
55.06 0.00
55.07 0.00
55.08 0.00
55.09 0.00
55.10 0.00
55.11 0.00
55.12 74.89
55.13 78.76
55.14 177.12
55.15 177.12
55.16 177.12
55.17 177.12
55.18 177.12
55.19 177.12
55.20 177.12
55.21 177.12
55.22 177.12
55.23 177.12
55.24 177.12
55.25 177.12
55.26 177.12
55.27 177.12
55.28 177.12
55.29 177.12
55.30 177.12
55.31 177.12
55.32 177.12
55.33 177.12
55.34 177.12
55.35 177.12
55.36 177.12
55.37 177.12
55.38 177.12
55.39 177.12
55.40 177.12
55.41 177.12
55.42 177.12
55.43 177.12
55.44 177.12
55.45 0.00
55.46 0.00
55.47 0.00
55.48 0.00
55.49 0.00
55.50 0.00
55.51 177.21
55.52 177.21
55.53 177.21
55.54 177.21
55.55 177.21
55.56 177.21
55.57 177.21
55.58 177.21
55.59 177.21
55.60 177.21
55.61 177.21
55.62 177.21
55.63 177.21
55.64 177.21
55.65 177.21
55.66 177.21
55.67 177.21
55.68 177.21
55.69 177.21
55.70 177.21
55.71 177.21
55.72 177.21
55.73 177.21
55.74 177.21
55.75 177.21
55.76 177.21
55.77 177.21
55.78 177.21
55.79 177.21
55.80 177.21
55.81 177.21
55.82 177.21
55.83 177.21
55.84 0.00
55.85 0.00
55.86 0.00
55.87 0.00
55.88 0.00
55.89 0.00
55.90 0.00
55.91 0.00
55.92 0.00
55.93 0.00
55.94 0.00
55.95 0.00
55.96 0.00
55.97 0.00
55.98 0.00
55.99 0.00
56.00 76.55
56.01 77.92
56.02 79.81
56.03 175.20
56.04 175.20
56.05 175.20
56.06 175.20
56.07 175.20
56.08 175.20
56.09 175.20
56.10 175.20
56.11 175.20
56.12 175.20
56.13 175.20
56.14 175.20
56.15 175.20
56.16 175.20
56.17 175.20
56.18 175.20
56.19 175.20
56.20 175.20
56.21 175.20
56.22 175.20
56.23 175.20
56.24 175.20
56.25 175.20
56.26 175.20
56.27 175.20
56.28 175.20
56.29 175.20
56.30 175.20
56.31 175.20
56.32 175.20
56.33 175.20
56.34 175.20
56.35 175.20
56.36 175.20
56.37 175.20
56.38 175.20
56.39 175.20
56.40 175.20
56.41 175.20
56.42 175.20
56.43 175.20
56.44 175.20
56.45 175.20
56.46 175.20
56.47 175.20
56.48 175.20
56.49 175.20
56.50 175.20
56.51 175.20
56.52 175.20
56.53 175.20
56.54 175.20
56.55 175.20
56.56 175.20
56.57 175.20
56.58 175.20
56.59 175.20
56.60 175.20
56.61 175.20
56.62 175.20
56.63 175.20
56.64 175.20
56.65 175.20
56.66 175.20
56.67 175.20
56.68 175.20
56.69 175.20
56.70 175.20
56.71 175.20
56.72 175.20
56.73 175.20
56.74 175.20
56.75 175.20
56.76 0.00
56.77 0.00
56.78 0.00
56.79 0.00
56.80 0.00
56.81 0.00
56.82 0.00
56.83 0.00
56.84 0.00
56.85 0.00
56.86 0.00
56.87 0.00
56.88 0.00
56.89 0.00
56.90 0.00
56.91 0.00
56.92 0.00
56.93 0.00
56.94 0.00
56.95 0.00
56.96 0.00
56.97 0.00
56.98 0.00
56.99 0.00
57.00 0.00
57.01 0.00
57.02 0.00
57.03 0.00
57.04 0.00
57.05 0.00
57.06 0.00
57.07 0.00
57.08 0.00
57.09 0.00
57.10 0.00
57.11 0.00
57.12 0.00
57.13 0.00
57.14 0.00
57.15 0.00
57.16 0.00
57.17 0.00
57.18 0.00
57.19 0.00
57.20 0.00
57.21 0.00
57.22 0.00
57.23 0.00
57.24 0.00
57.25 0.00
57.26 0.00
57.27 0.00
57.28 0.00
57.29 0.00
57.30 0.00
57.31 0.00
57.32 0.00
57.33 0.00
57.34 0.00
57.35 0.00
57.36 0.00
57.37 0.00
57.38 0.00
57.39 0.00
57.40 0.00
57.41 0.00
57.42 0.00
57.43 0.00
57.44 81.06
57.45 82.51
57.46 83.99
57.47 85.76
57.48 88.39
57.49 188.21
57.50 188.21
57.51 188.21
57.52 188.21
57.53 188.21
57.54 188.21
57.55 188.21
57.56 188.21
57.57 188.21
57.58 198.02
57.59 198.02
57.60 198.02
57.61 198.02
57.62 198.02
57.63 198.02
57.64 198.02
57.65 198.02
57.66 198.02
57.67 198.02
57.68 198.02
57.69 198.02
57.70 198.02
57.71 198.02
57.72 198.02
57.73 198.02
57.74 198.02
57.75 198.02
57.76 198.02
57.77 198.02
57.78 198.02
57.79 198.02
57.80 198.02
57.81 198.02
57.82 198.02
57.83 198.02
57.84 198.02
57.85 198.02
57.86 198.02
57.87 198.02
57.88 198.02
57.89 198.02
57.90 198.02
57.91 198.02
57.92 198.02
57.93 198.02
57.94 198.02
57.95 198.02
57.96 198.02
57.97 198.02
57.98 198.02
57.99 198.02
58.00 198.02
58.01 198.02
58.02 198.02
58.03 198.02
58.04 198.02
58.05 198.02
58.06 198.02
58.07 198.02
58.08 198.02
58.09 198.02
58.10 198.02
58.11 198.02
58.12 198.02
58.13 198.02
58.14 198.02
58.15 198.02
58.16 198.02
58.17 198.02
58.18 198.02
58.19 198.02
58.20 198.02
58.21 198.02
58.22 198.02
58.23 198.02
58.24 198.02
58.25 198.02
58.26 198.02
58.27 198.02
58.28 198.02
58.29 198.02
58.30 198.02
58.31 198.02
58.32 198.02
58.33 198.02
58.34 198.02
58.35 198.02
58.36 198.02
58.37 198.02
58.38 198.02
58.39 198.02
58.40 198.02
58.41 198.02
58.42 198.02
58.43 198.02
58.44 198.02
58.45 -1.00
58.46 -1.00
58.47 -1.00
58.48 -1.00
58.49 -1.00
58.50 -1.00
58.51 195.26
58.52 195.26
58.53 195.26
58.54 195.26
58.55 195.26
58.56 195.26
58.57 195.26
58.58 195.26
58.59 195.26
58.60 195.26
58.61 195.26
58.62 195.26
58.63 195.26
58.64 195.26
58.65 195.26
58.66 195.26
58.67 195.26
58.68 195.26
58.69 195.26
58.70 195.26
58.71 195.26
58.72 195.26
58.73 195.26
58.74 195.26
58.75 195.26
58.76 195.26
58.77 195.26
58.78 195.26
58.79 185.75
58.80 185.75
58.81 185.75
58.82 185.75
58.83 185.75
58.84 185.75
58.85 185.75
58.86 195.34
58.87 195.34
58.88 195.34
58.89 195.34
58.90 195.34
58.91 195.34
58.92 195.34
58.93 195.34
58.94 195.34
58.95 195.34
58.96 195.34
58.97 195.34
58.98 195.34
58.99 195.34
59.00 195.34
59.01 195.34
59.02 195.34
59.03 195.34
59.04 195.34
59.05 195.34
59.06 195.34
59.07 195.34
59.08 -1.00
59.09 -1.00
59.10 195.02
59.11 195.02
59.12 195.02
59.13 195.02
59.14 195.02
59.15 195.02
59.16 195.02
59.17 195.02
59.18 195.02
59.19 195.02
59.20 195.02
59.21 195.02
59.22 195.02
59.23 195.02
59.24 195.02
59.25 195.02
59.26 195.02
59.27 195.02
59.28 195.02
59.29 195.02
59.30 195.02
59.31 195.02
59.32 195.02
59.33 195.02
59.34 195.02
59.35 195.02
59.36 195.02
59.37 195.02
59.38 195.02
59.39 195.02
59.40 195.02
59.41 195.02
59.42 195.02
59.43 195.02
59.44 195.02
59.45 195.02
59.46 195.02
59.47 195.02
59.48 195.02
59.49 195.02
59.50 195.02
59.51 195.02
59.52 195.02
59.53 195.02
59.54 195.02
59.55 195.02
59.56 195.02
59.57 195.02
59.58 195.02
59.59 195.02
59.60 195.02
59.61 195.02
59.62 195.02
59.63 195.02
59.64 195.02
59.65 195.02
59.66 195.02
59.67 195.02
59.68 195.02
59.69 195.02
59.70 195.02
59.71 195.02
59.72 195.02
59.73 195.02
59.74 195.02
59.75 195.02
59.76 195.02
59.77 195.02
59.78 195.02
59.79 195.02
59.80 195.02
59.81 195.02
59.82 0.00
59.83 0.00
59.84 0.00
59.85 0.00
59.86 0.00
59.87 0.00
59.88 0.00
59.89 0.00
59.90 0.00
59.91 0.00
59.92 0.00
59.93 0.00
59.94 0.00
59.95 0.00
59.96 0.00
59.97 0.00
59.98 0.00
59.99 0.00
60.00 0.00
60.01 0.00
60.02 154.87
60.03 154.87
60.04 154.87
60.05 154.87
60.06 154.87
60.07 154.87
60.08 154.87
60.09 154.87
60.10 154.87
60.11 154.87
60.12 154.87
60.13 154.87
60.14 154.87
60.15 154.87
60.16 154.87
60.17 154.87
60.18 154.87
60.19 154.87
60.20 154.87
60.21 154.87
60.22 154.87
60.23 154.87
60.24 154.87
60.25 154.87
60.26 154.87
60.27 154.87
60.28 154.87
60.29 154.87
60.30 154.87
60.31 154.87
60.32 154.87
60.33 154.87
60.34 154.87
60.35 154.87
60.36 154.87
60.37 154.87
60.38 154.87
60.39 154.87
60.40 154.87
60.41 154.87
60.42 154.87
60.43 154.87
60.44 154.87
60.45 154.87
60.46 154.87
60.47 154.87
60.48 154.87
60.49 154.87
60.50 154.87
60.51 154.87
60.52 154.87
60.53 154.87
60.54 154.87
60.55 154.87
60.56 154.87
60.57 154.87
60.58 154.87
60.59 154.87
60.60 154.87
60.61 154.87
60.62 154.87
60.63 154.87
60.64 154.87
60.65 154.87
60.66 154.87
60.67 154.87
60.68 154.87
60.69 154.87
60.70 154.87
60.71 154.87
60.72 154.87
60.73 154.87
60.74 154.87
60.75 154.87
60.76 154.87
60.77 154.87
60.78 154.87
60.79 154.87
60.80 154.87
60.81 154.87
60.82 154.87
60.83 154.87
60.84 154.87
60.85 154.87
60.86 154.87
60.87 154.87
60.88 154.87
60.89 154.87
60.90 154.87
60.91 154.87
60.92 154.87
60.93 154.87
60.94 154.87
60.95 154.87
60.96 154.87
60.97 154.87
60.98 154.87
60.99 154.87
61.00 154.87
61.01 154.87
61.02 154.87
61.03 154.87
61.04 154.87
61.05 154.87
61.06 154.87
61.07 154.87
61.08 154.87
61.09 154.87
61.10 154.87
61.11 154.87
61.12 154.87
61.13 154.87
61.14 154.87
61.15 154.87
61.16 154.87
61.17 0.00
61.18 0.00
61.19 0.00
61.20 0.00
61.21 0.00
61.22 0.00
61.23 0.00
61.24 0.00
61.25 0.00
61.26 0.00
61.27 0.00
61.28 0.00
61.29 0.00
61.30 0.00
61.31 0.00
61.32 0.00
61.33 0.00
61.34 0.00
61.35 0.00
61.36 0.00
61.37 0.00
61.38 0.00
61.39 0.00
61.40 0.00
61.41 0.00
61.42 0.00
61.43 0.00
61.44 0.00
61.45 0.00
61.46 0.00
61.47 0.00
61.48 0.00
61.49 0.00
61.50 0.00
61.51 0.00
61.52 0.00
61.53 0.00
61.54 0.00
61.55 0.00
61.56 0.00
61.57 0.00
61.58 0.00
61.59 0.00
61.60 0.00
61.61 0.00
61.62 0.00
61.63 0.00
61.64 0.00
61.65 0.00
61.66 0.00
61.67 0.00
61.68 0.00
61.69 0.00
61.70 0.00
61.71 0.00
61.72 0.00
61.73 0.00
61.74 146.14
61.75 146.14
61.76 146.14
61.77 146.14
61.78 146.14
61.79 146.14
61.80 146.14
61.81 76.88
61.82 78.30
61.83 166.01
61.84 166.01
61.85 166.01
61.86 166.01
61.87 166.01
61.88 166.01
61.89 166.01
61.90 174.23
61.91 174.23
61.92 174.23
61.93 174.23
61.94 174.23
61.95 174.23
61.96 174.23
61.97 174.23
61.98 174.23
61.99 174.23
62.00 174.23
62.01 174.23
62.02 174.23
62.03 174.23
62.04 174.23
62.05 174.23
62.06 174.23
62.07 174.23
62.08 174.23
62.09 174.23
62.10 174.23
62.11 174.23
62.12 174.23
62.13 174.23
62.14 174.23
62.15 174.23
62.16 174.23
62.17 174.23
62.18 174.23
62.19 174.23
62.20 174.23
62.21 174.23
62.22 174.23
62.23 174.23
62.24 174.23
62.25 174.23
62.26 174.23
62.27 174.23
62.28 174.23
62.29 174.23
62.30 174.23
62.31 174.23
62.32 174.23
62.33 174.23
62.34 174.23
62.35 -1.00
62.36 -1.00
62.37 -1.00
62.38 -1.00
62.39 -1.00
62.40 -1.00
62.41 175.71
62.42 175.71
62.43 175.71
62.44 175.71
62.45 175.71
62.46 175.71
62.47 175.71
62.48 175.71
62.49 175.71
62.50 175.71
62.51 175.71
62.52 175.71
62.53 175.71
62.54 175.71
62.55 175.71
62.56 175.71
62.57 175.71
62.58 175.71
62.59 175.71
62.60 175.71
62.61 175.71
62.62 175.71
62.63 175.71
62.64 175.71
62.65 175.71
62.66 175.71
62.67 175.71
62.68 175.71
62.69 175.71
62.70 175.71
62.71 175.71
62.72 175.71
62.73 175.71
62.74 175.71
62.75 175.71
62.76 175.71
62.77 175.71
62.78 175.71
62.79 175.71
62.80 175.71
62.81 175.71
62.82 175.71
62.83 175.71
62.84 175.71
62.85 175.71
62.86 175.71
62.87 175.71
62.88 175.71
62.89 175.71
62.90 175.71
62.91 175.71
62.92 175.71
62.93 175.71
62.94 175.71
62.95 175.71
62.96 175.71
62.97 175.71
62.98 175.71
62.99 175.71
63.00 175.71
63.01 175.71
63.02 175.71
63.03 175.71
63.04 175.71
63.05 175.71
63.06 175.71
63.07 175.71
63.08 175.71
63.09 175.71
63.10 175.71
63.11 175.71
63.12 175.71
63.13 175.71
63.14 175.71
63.15 175.71
63.16 175.71
63.17 175.71
63.18 175.71
63.19 175.71
63.20 175.71
63.21 175.71
63.22 175.71
63.23 175.71
63.24 175.71
63.25 175.71
63.26 175.71
63.27 175.71
63.28 175.71
63.29 175.71
63.30 175.71
63.31 175.71
63.32 175.71
63.33 175.71
63.34 175.71
63.35 175.71
63.36 175.71
63.37 175.71
63.38 175.71
63.39 175.71
63.40 175.71
63.41 175.71
63.42 175.71
63.43 175.71
63.44 175.71
63.45 175.71
63.46 175.71
63.47 175.71
63.48 175.71
63.49 175.71
63.50 175.71
63.51 175.71
63.52 175.71
63.53 175.71
63.54 175.71
63.55 175.71
63.56 175.71
63.57 175.71
63.58 175.71
63.59 175.71
63.60 175.71
63.61 175.71
63.62 175.71
63.63 175.71
63.64 175.71
63.65 175.71
63.66 175.71
63.67 175.71
63.68 175.71
63.69 175.71
63.70 175.71
63.71 175.71
63.72 175.71
63.73 175.71
63.74 175.71
63.75 175.71
63.76 175.71
63.77 175.71
63.78 175.71
63.79 175.71
63.80 175.71
63.81 175.71
63.82 175.71
63.83 175.71
63.84 175.71
63.85 175.71
63.86 175.71
63.87 175.71
63.88 175.71
63.89 175.71
63.90 175.71
63.91 175.71
63.92 175.71
63.93 175.71
63.94 175.71
63.95 175.71
63.96 175.71
63.97 175.71
63.98 175.71
63.99 175.71
64.00 175.71
64.01 175.71
64.02 175.71
64.03 175.71
64.04 175.71
64.05 175.71
64.06 175.71
64.07 175.71
64.08 175.71
64.09 175.71
64.10 175.71
64.11 175.71
64.12 175.71
64.13 175.71
64.14 175.71
64.15 175.71
64.16 175.71
64.17 175.71
64.18 175.71
64.19 175.71
64.20 175.71
64.21 175.71
64.22 175.71
64.23 175.71
64.24 175.71
64.25 175.71
64.26 175.71
64.27 175.71
64.28 175.71
64.29 175.71
64.30 175.71
64.31 175.71
64.32 175.71
64.33 175.71
64.34 175.71
64.35 175.71
64.36 175.71
64.37 175.71
64.38 175.71
64.39 175.71
64.40 175.71
64.41 175.71
64.42 175.71
64.43 175.71
64.44 175.71
64.45 175.71
64.46 175.71
64.47 175.71
64.48 175.71
64.49 175.71
64.50 175.71
64.51 175.71
64.52 175.71
64.53 175.71
64.54 175.71
64.55 175.71
64.56 175.71
64.57 175.71
64.58 175.71
64.59 175.71
64.60 0.00
64.61 0.00
64.62 0.00
64.63 0.00
64.64 0.00
64.65 0.00
64.66 0.00
64.67 0.00
64.68 0.00
64.69 0.00
64.70 0.00
64.71 0.00
64.72 0.00
64.73 0.00
64.74 0.00
64.75 0.00
64.76 0.00
64.77 0.00
64.78 177.82
64.79 177.82
64.80 177.82
64.81 177.82
64.82 177.82
64.83 177.82
64.84 177.82
64.85 177.82
64.86 177.82
64.87 177.82
64.88 177.82
64.89 177.82
64.90 177.82
64.91 177.82
64.92 177.82
64.93 177.82
64.94 177.82
64.95 177.82
64.96 0.00
64.97 0.00
64.98 0.00
64.99 0.00
65.00 0.00
65.01 0.00
65.02 0.00
65.03 0.00
65.04 0.00
65.05 0.00
65.06 0.00
65.07 175.94
65.08 175.94
65.09 175.94
65.10 175.94
65.11 175.94
65.12 175.94
65.13 175.94
65.14 175.94
65.15 175.94
65.16 175.94
65.17 175.94
65.18 175.94
65.19 175.94
65.20 175.94
65.21 175.94
65.22 175.94
65.23 175.94
65.24 175.94
65.25 175.94
65.26 175.94
65.27 175.94
65.28 175.94
65.29 175.94
65.30 175.94
65.31 175.94
65.32 175.94
65.33 175.94
65.34 175.94
65.35 175.94
65.36 175.94
65.37 175.94
65.38 175.94
65.39 175.94
65.40 175.94
65.41 175.94
65.42 175.94
65.43 175.94
65.44 175.94
65.45 175.94
65.46 0.00
65.47 0.00
65.48 0.00
65.49 0.00
65.50 0.00
65.51 0.00
65.52 0.00
65.53 0.00
65.54 0.00
65.55 0.00
65.56 0.00
65.57 0.00
65.58 0.00
65.59 0.00
65.60 0.00
65.61 0.00
65.62 0.00
65.63 0.00
65.64 0.00
65.65 0.00
65.66 0.00
65.67 0.00
65.68 0.00
65.69 0.00
65.70 0.00
65.71 0.00
65.72 0.00
65.73 0.00
65.74 0.00
65.75 0.00
65.76 0.00
65.77 0.00
65.78 0.00
65.79 0.00
65.80 0.00
65.81 0.00
65.82 0.00
65.83 0.00
65.84 0.00
65.85 0.00
65.86 0.00
65.87 0.00
65.88 0.00
65.89 0.00
65.90 0.00
65.91 0.00
65.92 0.00
65.93 148.01
65.94 148.01
65.95 148.01
65.96 148.01
65.97 148.01
65.98 148.01
65.99 148.01
66.00 148.01
66.01 148.01
66.02 148.01
66.03 148.01
66.04 148.01
66.05 148.01
66.06 148.01
66.07 148.01
66.08 161.61
66.09 161.61
66.10 161.61
66.11 161.61
66.12 161.61
66.13 161.61
66.14 161.61
66.15 161.61
66.16 161.61
66.17 161.61
66.18 161.61
66.19 173.40
66.20 173.40
66.21 173.40
66.22 173.40
66.23 173.40
66.24 173.40
66.25 173.40
66.26 173.40
66.27 173.40
66.28 173.40
66.29 173.40
66.30 173.40
66.31 173.40
66.32 173.40
66.33 173.40
66.34 173.40
66.35 173.40
66.36 173.40
66.37 173.40
66.38 173.40
66.39 173.40
66.40 173.40
66.41 173.40
66.42 173.40
66.43 173.40
66.44 173.40
66.45 173.40
66.46 173.40
66.47 173.40
66.48 173.40
66.49 173.40
66.50 173.40
66.51 173.40
66.52 173.40
66.53 173.40
66.54 173.40
66.55 173.40
66.56 173.40
66.57 173.40
66.58 173.40
66.59 173.40
66.60 173.40
66.61 173.40
66.62 173.40
66.63 173.40
66.64 -1.00
66.65 -1.00
66.66 170.92
66.67 170.92
66.68 170.92
66.69 170.92
66.70 170.92
66.71 170.92
66.72 170.92
66.73 170.92
66.74 170.92
66.75 170.92
66.76 170.92
66.77 0.00
66.78 0.00
66.79 0.00
66.80 0.00
66.81 0.00
66.82 0.00
66.83 0.00
66.84 0.00
66.85 0.00
66.86 0.00
66.87 0.00
66.88 0.00
66.89 0.00
66.90 0.00
66.91 0.00
66.92 0.00
66.93 0.00
66.94 0.00
66.95 0.00
66.96 0.00
66.97 174.91
66.98 174.91
66.99 174.91
67.00 174.91
67.01 174.91
67.02 174.91
67.03 174.91
67.04 174.91
67.05 174.91
67.06 174.91
67.07 174.91
67.08 174.91
67.09 174.91
67.10 174.91
67.11 174.91
67.12 174.91
67.13 174.91
67.14 174.91
67.15 174.91
67.16 174.91
67.17 174.91
67.18 174.91
67.19 174.91
67.20 174.91
67.21 174.91
67.22 174.91
67.23 174.91
67.24 174.91
67.25 174.91
67.26 174.91
67.27 174.91
67.28 174.91
67.29 174.91
67.30 174.91
67.31 174.91
67.32 174.91
67.33 174.91
67.34 174.91
67.35 174.91
67.36 174.91
67.37 174.91
67.38 174.91
67.39 174.91
67.40 174.91
67.41 174.91
67.42 174.91
67.43 174.91
67.44 174.91
67.45 174.91
67.46 174.91
67.47 174.91
67.48 174.91
67.49 174.91
67.50 174.91
67.51 174.91
67.52 174.91
67.53 174.91
67.54 174.91
67.55 174.91
67.56 174.91
67.57 174.91
67.58 174.91
67.59 174.91
67.60 174.91
67.61 174.91
67.62 174.91
67.63 174.91
67.64 174.91
67.65 174.91
67.66 174.91
67.67 174.91
67.68 174.91
67.69 174.91
67.70 174.91
67.71 174.91
67.72 174.91
67.73 174.91
67.74 174.91
67.75 174.91
67.76 174.91
67.77 174.91
67.78 174.91
67.79 174.91
67.80 174.91
67.81 174.91
67.82 174.91
67.83 174.91
67.84 174.91
67.85 174.91
67.86 174.91
67.87 174.91
67.88 174.91
67.89 174.91
67.90 174.91
67.91 174.91
67.92 174.91
67.93 174.91
67.94 174.91
67.95 174.91
67.96 174.91
67.97 174.91
67.98 174.91
67.99 174.91
68.00 174.91
68.01 174.91
68.02 174.91
68.03 174.91
68.04 174.91
68.05 174.91
68.06 0.00
68.07 0.00
68.08 0.00
68.09 0.00
68.10 0.00
68.11 0.00
68.12 0.00
68.13 0.00
68.14 0.00
68.15 0.00
68.16 0.00
68.17 0.00
68.18 0.00
68.19 0.00
68.20 0.00
68.21 173.19
68.22 173.19
68.23 173.19
68.24 173.19
68.25 173.19
68.26 173.19
68.27 173.19
68.28 173.19
68.29 173.19
68.30 173.19
68.31 173.19
68.32 173.19
68.33 173.19
68.34 0.00
68.35 0.00
68.36 0.00
68.37 0.00
68.38 0.00
68.39 0.00
68.40 0.00
68.41 0.00
68.42 0.00
68.43 0.00
68.44 0.00
68.45 0.00
68.46 0.00
68.47 0.00
68.48 0.00
68.49 0.00
68.50 0.00
68.51 0.00
68.52 0.00
68.53 0.00
68.54 0.00
68.55 0.00
68.56 0.00
68.57 0.00
68.58 0.00
68.59 0.00
68.60 0.00
68.61 0.00
68.62 0.00
68.63 0.00
68.64 0.00
68.65 0.00
68.66 0.00
68.67 0.00
68.68 0.00
68.69 0.00
68.70 0.00
68.71 0.00
68.72 0.00
68.73 0.00
68.74 0.00
68.75 0.00
68.76 0.00
68.77 0.00
68.78 0.00
68.79 0.00
68.80 0.00
68.81 0.00
68.82 0.00
68.83 0.00
68.84 0.00
68.85 0.00
68.86 0.00
68.87 0.00
68.88 0.00
68.89 0.00
68.90 0.00
68.91 0.00
68.92 0.00
68.93 71.11
68.94 72.75
68.95 74.45
68.96 76.36
68.97 77.92
68.98 79.52
68.99 82.08
69.00 82.96
69.01 84.39
69.02 85.94
69.03 87.43
69.04 89.30
69.05 187.81
69.06 187.81
69.07 187.81
69.08 187.81
69.09 187.81
69.10 187.81
69.11 187.81
69.12 199.58
69.13 199.58
69.14 199.58
69.15 199.58
69.16 199.58
69.17 199.58
69.18 199.58
69.19 199.58
69.20 199.58
69.21 199.58
69.22 199.58
69.23 199.58
69.24 199.58
69.25 199.58
69.26 199.58
69.27 199.58
69.28 199.58
69.29 199.58
69.30 199.58
69.31 199.58
69.32 199.58
69.33 199.58
69.34 199.58
69.35 199.58
69.36 199.58
69.37 199.58
69.38 199.58
69.39 199.58
69.40 199.58
69.41 199.58
69.42 199.58
69.43 199.58
69.44 199.58
69.45 199.58
69.46 199.58
69.47 199.58
69.48 199.58
69.49 199.58
69.50 199.58
69.51 199.58
69.52 199.58
69.53 199.58
69.54 199.58
69.55 199.58
69.56 199.58
69.57 199.58
69.58 199.58
69.59 199.58
69.60 199.58
69.61 199.58
69.62 199.58
69.63 199.58
69.64 199.58
69.65 199.58
69.66 199.58
69.67 199.58
69.68 199.58
69.69 199.58
69.70 199.58
69.71 199.58
69.72 199.58
69.73 199.58
69.74 199.58
69.75 199.58
69.76 199.58
69.77 199.58
69.78 199.58
69.79 199.58
69.80 199.58
69.81 199.58
69.82 199.58
69.83 199.58
69.84 199.58
69.85 199.58
69.86 199.58
69.87 199.58
69.88 199.58
69.89 199.58
69.90 199.58
69.91 199.58
69.92 199.58
69.93 199.58
69.94 199.58
69.95 199.58
69.96 199.58
69.97 199.58
69.98 199.58
69.99 199.58
70.00 199.58
70.01 199.58
70.02 199.58
70.03 199.58
70.04 199.58
70.05 199.58
70.06 199.58
70.07 199.58
70.08 199.58
70.09 199.58
70.10 199.58
70.11 199.58
70.12 199.58
70.13 199.58
70.14 199.58
70.15 199.58
70.16 199.58
70.17 199.58
70.18 199.58
70.19 199.58
70.20 199.58
70.21 199.58
70.22 199.58
70.23 199.58
70.24 199.58
70.25 199.58
70.26 199.58
70.27 199.58
70.28 199.58
70.29 199.58
70.30 199.58
70.31 199.58
70.32 199.58
70.33 199.58
70.34 199.58
70.35 199.58
70.36 199.58
70.37 199.58
70.38 199.58
70.39 199.58
70.40 199.58
70.41 199.58
70.42 199.58
70.43 199.58
70.44 199.58
70.45 199.58
70.46 199.58
70.47 199.58
70.48 199.58
70.49 199.58
70.50 199.58
70.51 199.58
70.52 199.58
70.53 199.58
70.54 199.58
70.55 199.58
70.56 199.58
70.57 199.58
70.58 199.58
70.59 199.58
70.60 199.58
70.61 199.58
70.62 199.58
70.63 199.58
70.64 199.58
70.65 199.58
70.66 199.58
70.67 199.58
70.68 199.58
70.69 199.58
70.70 199.58
70.71 199.58
70.72 199.58
70.73 199.58
70.74 199.58
70.75 199.58
70.76 199.58
70.77 199.58
70.78 199.58
70.79 199.58
70.80 199.58
70.81 199.58
70.82 199.58
70.83 199.58
70.84 199.58
70.85 199.58
70.86 199.58
70.87 199.58
70.88 199.58
70.89 199.58
70.90 199.58
70.91 199.58
70.92 199.58
70.93 199.58
70.94 199.58
70.95 199.58
70.96 199.58
70.97 199.58
70.98 199.58
70.99 199.58
71.00 199.58
71.01 199.58
71.02 199.58
71.03 199.58
71.04 199.58
71.05 199.58
71.06 199.58
71.07 199.58
71.08 199.58
71.09 199.58
71.10 199.58
71.11 199.58
71.12 199.58
71.13 199.58
71.14 199.58
71.15 199.58
71.16 199.58
71.17 199.58
71.18 199.58
71.19 199.58
71.20 199.58
71.21 199.58
71.22 199.58
71.23 199.58
71.24 199.58
71.25 199.58
71.26 199.58
71.27 199.58
71.28 199.58
71.29 199.58
71.30 199.58
71.31 199.58
71.32 199.58
71.33 199.58
71.34 199.58
71.35 199.58
71.36 199.58
71.37 199.58
71.38 199.58
71.39 199.58
71.40 199.58
71.41 199.58
71.42 199.58
71.43 199.58
71.44 199.58
71.45 199.58
71.46 199.58
71.47 199.58
71.48 199.58
71.49 199.58
71.50 199.58
71.51 199.58
71.52 199.58
71.53 199.58
71.54 199.58
71.55 199.58
71.56 199.58
71.57 199.58
71.58 199.58
71.59 199.58
71.60 199.58
71.61 199.58
71.62 199.58
71.63 199.58
71.64 199.58
71.65 199.58
71.66 199.58
71.67 199.58
71.68 199.58
71.69 199.58
71.70 199.58
71.71 199.58
71.72 199.58
71.73 199.58
71.74 199.58
71.75 199.58
71.76 199.58
71.77 199.58
71.78 199.58
71.79 199.58
71.80 199.58
71.81 199.58
71.82 199.58
71.83 199.58
71.84 199.58
71.85 199.58
71.86 186.24
71.87 186.24
71.88 186.24
71.89 186.24
71.90 186.24
71.91 186.24
71.92 186.24
71.93 186.24
71.94 186.24
71.95 186.24
71.96 186.24
71.97 186.24
71.98 186.24
71.99 186.24
72.00 186.24
72.01 0.00
72.02 0.00
72.03 0.00
72.04 0.00
72.05 0.00
72.06 0.00
72.07 0.00
72.08 0.00
72.09 0.00
72.10 0.00
72.11 0.00
72.12 0.00
72.13 0.00
72.14 0.00
72.15 0.00
72.16 0.00
72.17 0.00
72.18 0.00
72.19 0.00
72.20 0.00
72.21 0.00
72.22 0.00
72.23 0.00
72.24 0.00
72.25 0.00
72.26 0.00
72.27 0.00
72.28 0.00
72.29 0.00
72.30 0.00
72.31 0.00
72.32 0.00
72.33 0.00
72.34 0.00
72.35 0.00
72.36 0.00
72.37 0.00
72.38 0.00
72.39 0.00
72.40 158.01
72.41 158.01
72.42 158.01
72.43 158.01
72.44 158.01
72.45 158.01
72.46 158.01
72.47 158.01
72.48 158.01
72.49 158.01
72.50 158.01
72.51 158.01
72.52 158.01
72.53 158.01
72.54 158.01
72.55 158.01
72.56 158.01
72.57 158.01
72.58 158.01
72.59 158.01
72.60 158.01
72.61 158.01
72.62 158.01
72.63 158.01
72.64 158.01
72.65 158.01
72.66 158.01
72.67 158.01
72.68 158.01
72.69 158.01
72.70 158.01
72.71 158.01
72.72 158.01
72.73 158.01
72.74 158.01
72.75 158.01
72.76 158.01
72.77 158.01
72.78 158.01
72.79 158.01
72.80 158.01
72.81 158.01
72.82 158.01
72.83 158.01
72.84 158.01
72.85 158.01
72.86 158.01
72.87 158.01
72.88 158.01
72.89 158.01
72.90 158.01
72.91 158.01
72.92 158.01
72.93 158.01
72.94 158.01
72.95 158.01
72.96 158.01
72.97 158.01
72.98 158.01
72.99 158.01
73.00 158.01
73.01 158.01
73.02 158.01
73.03 158.01
73.04 158.01
73.05 158.01
73.06 158.01
73.07 158.01
73.08 158.01
73.09 158.01
73.10 158.01
73.11 158.01
73.12 158.01
73.13 158.01
73.14 158.01
73.15 158.01
73.16 158.01
73.17 158.01
73.18 158.01
73.19 158.01
73.20 158.01
73.21 158.01
73.22 158.01
73.23 158.01
73.24 158.01
73.25 158.01
73.26 158.01
73.27 158.01
73.28 158.01
73.29 158.01
73.30 158.01
73.31 158.01
73.32 158.01
73.33 158.01
73.34 158.01
73.35 158.01
73.36 158.01
73.37 158.01
73.38 158.01
73.39 158.01
73.40 158.01
73.41 158.01
73.42 158.01
73.43 158.01
73.44 158.01
73.45 158.01
73.46 158.01
73.47 158.01
73.48 158.01
73.49 158.01
73.50 158.01
73.51 158.01
73.52 158.01
73.53 158.01
73.54 158.01
73.55 158.01
73.56 158.01
73.57 158.01
73.58 158.01
73.59 158.01
73.60 158.01
73.61 158.01
73.62 158.01
73.63 158.01
73.64 158.01
73.65 158.01
73.66 158.01
73.67 158.01
73.68 158.01
73.69 158.01
73.70 158.01
73.71 158.01
73.72 158.01
73.73 158.01
73.74 158.01
73.75 158.01
73.76 158.01
73.77 158.01
73.78 158.01
73.79 158.01
73.80 158.01
73.81 158.01
73.82 158.01
73.83 158.01
73.84 158.01
73.85 158.01
73.86 158.01
73.87 158.01
73.88 158.01
73.89 158.01
73.90 158.01
73.91 158.01
73.92 158.01
73.93 158.01
73.94 158.01
73.95 158.01
73.96 158.01
73.97 158.01
73.98 158.01
73.99 158.01
74.00 158.01
74.01 158.01
74.02 158.01
74.03 158.01
74.04 158.01
74.05 158.01
74.06 158.01
74.07 158.01
74.08 158.01
74.09 158.01
74.10 158.01
74.11 158.01
74.12 0.00
74.13 0.00
74.14 0.00
74.15 0.00
74.16 0.00
74.17 0.00
74.18 0.00
74.19 0.00
74.20 0.00
74.21 0.00
74.22 151.43
74.23 151.43
74.24 151.43
74.25 151.43
74.26 151.43
74.27 151.43
74.28 151.43
74.29 151.43
74.30 151.43
74.31 151.43
74.32 151.43
74.33 151.43
74.34 151.43
74.35 151.43
74.36 151.43
74.37 151.43
74.38 151.43
74.39 151.43
74.40 151.43
74.41 151.43
74.42 151.43
74.43 151.43
74.44 151.43
74.45 151.43
74.46 151.43
74.47 151.43
74.48 151.43
74.49 151.43
74.50 151.43
74.51 151.43
74.52 151.43
74.53 151.43
74.54 151.43
74.55 151.43
74.56 151.43
74.57 151.43
74.58 151.43
74.59 151.43
74.60 151.43
74.61 151.43
74.62 151.43
74.63 151.43
74.64 151.43
74.65 151.43
74.66 151.43
74.67 151.43
74.68 151.43
74.69 151.43
74.70 151.43
74.71 151.43
74.72 151.43
74.73 151.43
74.74 151.43
74.75 151.43
74.76 151.43
74.77 151.43
74.78 151.43
74.79 151.43
74.80 151.43
74.81 151.43
74.82 151.43
74.83 151.43
74.84 151.43
74.85 151.43
74.86 151.43
74.87 151.43
74.88 151.43
74.89 151.43
74.90 151.43
74.91 151.43
74.92 151.43
74.93 151.43
74.94 151.43
74.95 151.43
74.96 151.43
74.97 151.43
74.98 151.43
74.99 151.43
75.00 151.43
75.01 151.43
75.02 151.43
75.03 151.43
75.04 151.43
75.05 151.43
75.06 151.43
75.07 151.43
75.08 151.43
75.09 151.43
75.10 151.43
75.11 151.43
75.12 151.43
75.13 151.43
75.14 151.43
75.15 151.43
75.16 151.43
75.17 151.43
75.18 151.43
75.19 151.43
75.20 151.43
75.21 151.43
75.22 151.43
75.23 151.43
75.24 151.43
75.25 151.43
75.26 151.43
75.27 151.43
75.28 151.43
75.29 151.43
75.30 151.43
75.31 151.43
75.32 151.43
75.33 151.43
75.34 151.43
75.35 151.43
75.36 151.43
75.37 151.43
75.38 151.43
75.39 151.43
75.40 151.43
75.41 151.43
75.42 151.43
75.43 151.43
75.44 151.43
75.45 151.43
75.46 151.43
75.47 151.43
75.48 151.43
75.49 151.43
75.50 151.43
75.51 151.43
75.52 151.43
75.53 151.43
75.54 151.43
75.55 151.43
75.56 151.43
75.57 151.43
75.58 151.43
75.59 151.43
75.60 151.43
75.61 151.43
75.62 151.43
75.63 151.43
75.64 151.43
75.65 151.43
75.66 151.43
75.67 151.43
75.68 151.43
75.69 151.43
75.70 151.43
75.71 151.43
75.72 151.43
75.73 151.43
75.74 151.43
75.75 151.43
75.76 151.43
75.77 151.43
75.78 151.43
75.79 151.43
75.80 151.43
75.81 151.43
75.82 151.43
75.83 151.43
75.84 151.43
75.85 151.43
75.86 151.43
75.87 151.43
75.88 151.43
75.89 151.43
75.90 151.43
75.91 151.43
75.92 151.43
75.93 151.43
75.94 151.43
75.95 151.43
75.96 151.43
75.97 151.43
75.98 151.43
75.99 151.43
76.00 151.43
76.01 151.43
76.02 151.43
76.03 151.43
76.04 177.18
76.05 177.18
76.06 177.18
76.07 177.18
76.08 177.18
76.09 177.18
76.10 177.18
76.11 177.18
76.12 177.18
76.13 177.18
76.14 177.18
76.15 177.18
76.16 177.18
76.17 177.18
76.18 177.18
76.19 177.18
76.20 177.18
76.21 177.18
76.22 177.18
76.23 177.18
76.24 177.18
76.25 177.18
76.26 177.18
76.27 177.18
76.28 177.18
76.29 177.18
76.30 177.18
76.31 177.18
76.32 177.18
76.33 177.18
76.34 177.18
76.35 177.18
76.36 177.18
76.37 177.18
76.38 177.18
76.39 177.18
76.40 177.18
76.41 177.18
76.42 177.18
76.43 177.18
76.44 177.18
76.45 177.18
76.46 177.18
76.47 177.18
76.48 177.18
76.49 177.18
76.50 177.18
76.51 177.18
76.52 177.18
76.53 177.18
76.54 177.18
76.55 177.18
76.56 177.18
76.57 177.18
76.58 177.18
76.59 177.18
76.60 177.18
76.61 177.18
76.62 177.18
76.63 177.18
76.64 177.18
76.65 177.18
76.66 177.18
76.67 177.18
76.68 177.18
76.69 177.18
76.70 177.18
76.71 177.18
76.72 177.18
76.73 177.18
76.74 177.18
76.75 177.18
76.76 177.18
76.77 177.18
76.78 177.18
76.79 177.18
76.80 177.18
76.81 177.18
76.82 177.18
76.83 177.18
76.84 177.18
76.85 177.18
76.86 177.18
76.87 177.18
76.88 177.18
76.89 177.18
76.90 177.18
76.91 177.18
76.92 177.18
76.93 177.18
76.94 177.18
76.95 177.18
76.96 177.18
76.97 177.18
76.98 177.18
76.99 177.18
77.00 177.18
77.01 177.18
77.02 177.18
77.03 177.18
77.04 177.18
77.05 177.18
77.06 177.18
77.07 177.18
77.08 177.18
77.09 177.18
77.10 177.18
77.11 177.18
77.12 177.18
77.13 177.18
77.14 177.18
77.15 177.18
77.16 177.18
77.17 177.18
77.18 177.18
77.19 177.18
77.20 177.18
77.21 177.18
77.22 177.18
77.23 177.18
77.24 177.18
77.25 177.18
77.26 177.18
77.27 177.18
77.28 177.18
77.29 177.18
77.30 177.18
77.31 177.18
77.32 177.18
77.33 177.18
77.34 177.18
77.35 177.18
77.36 177.18
77.37 177.18
77.38 177.18
77.39 177.18
77.40 177.18
77.41 177.18
77.42 177.18
77.43 177.18
77.44 177.18
77.45 177.18
77.46 177.18
77.47 177.18
77.48 177.18
77.49 177.18
77.50 177.18
77.51 177.18
77.52 177.18
77.53 177.18
77.54 177.18
77.55 177.18
77.56 177.18
77.57 177.18
77.58 177.18
77.59 177.18
77.60 177.18
77.61 177.18
77.62 177.18
77.63 177.18
77.64 177.18
77.65 177.18
77.66 177.18
77.67 177.18
77.68 177.18
77.69 177.18
77.70 177.18
77.71 177.18
77.72 177.18
77.73 177.18
77.74 177.18
77.75 177.18
77.76 177.18
77.77 177.18
77.78 177.18
77.79 177.18
77.80 177.18
77.81 177.18
77.82 177.18
77.83 177.18
77.84 177.18
77.85 177.18
77.86 177.18
77.87 177.18
77.88 177.18
77.89 177.18
77.90 177.18
77.91 177.18
77.92 177.18
77.93 177.18
77.94 177.18
77.95 177.18
77.96 177.18
77.97 177.18
77.98 177.18
77.99 177.18
78.00 177.18
78.01 177.18
78.02 177.18
78.03 177.18
78.04 177.18
78.05 177.18
78.06 177.18
78.07 177.18
78.08 177.18
78.09 177.18
78.10 177.18
78.11 177.18
78.12 177.18
78.13 177.18
78.14 177.18
78.15 177.18
78.16 177.18
78.17 177.18
78.18 177.18
78.19 177.18
78.20 177.18
78.21 177.18
78.22 177.18
78.23 177.18
78.24 177.18
78.25 177.18
78.26 177.18
78.27 177.18
78.28 177.18
78.29 177.18
78.30 177.18
78.31 177.18
78.32 177.18
78.33 177.18
78.34 177.18
78.35 177.18
78.36 177.18
78.37 177.18
78.38 177.18
78.39 177.18
78.40 177.18
78.41 177.18
78.42 177.18
78.43 177.18
78.44 177.18
78.45 177.18
78.46 177.18
78.47 177.18
78.48 177.18
78.49 177.18
78.50 177.18
78.51 177.18
78.52 177.18
78.53 177.18
78.54 177.18
78.55 177.18
78.56 177.18
78.57 177.18
78.58 177.18
78.59 177.18
78.60 177.18
78.61 177.18
78.62 83.44
78.63 79.76
78.64 76.77
78.65 72.64
78.66 70.72
78.67 69.87
78.68 69.74
78.69 0.00
78.70 0.00
78.71 0.00
78.72 0.00
78.73 0.00
78.74 0.00
78.75 0.00
78.76 0.00
78.77 0.00
78.78 0.00
78.79 0.00
78.80 0.00
78.81 0.00
78.82 0.00
78.83 0.00
78.84 0.00
78.85 0.00
78.86 0.00
78.87 0.00
78.88 0.00
78.89 0.00
78.90 0.00
78.91 0.00
78.92 0.00
78.93 0.00
78.94 0.00
78.95 0.00
78.96 0.00
78.97 0.00
78.98 0.00
78.99 0.00
79.00 0.00
79.01 0.00
79.02 0.00
79.03 0.00
79.04 0.00
79.05 0.00
79.06 0.00
79.07 0.00
79.08 0.00
79.09 0.00
79.10 0.00
79.11 0.00
79.12 0.00
79.13 0.00
79.14 0.00
79.15 0.00
79.16 0.00
79.17 0.00
79.18 0.00
79.19 0.00
79.20 0.00
79.21 0.00
79.22 0.00
79.23 0.00
79.24 0.00
79.25 0.00
79.26 0.00
79.27 0.00
79.28 0.00
79.29 0.00
79.30 0.00
79.31 0.00
79.32 0.00
