0.00 0.00
0.01 0.00
0.02 0.00
0.03 0.00
0.04 0.00
0.05 0.00
0.06 0.00
0.07 0.00
0.08 0.00
0.09 0.00
0.10 0.00
0.11 0.00
0.12 0.00
0.13 0.00
0.14 0.00
0.15 0.00
0.16 0.00
0.17 0.00
0.18 0.00
0.19 0.00
0.20 0.00
0.21 0.00
0.22 0.00
0.23 0.00
0.24 0.00
0.25 0.00
0.26 0.00
0.27 0.00
0.28 0.00
0.29 0.00
0.30 0.00
0.31 0.00
0.32 0.00
0.33 0.00
0.34 0.00
0.35 0.00
0.36 0.00
0.37 0.00
0.38 0.00
0.39 0.00
0.40 0.00
0.41 0.00
0.42 0.00
0.43 0.00
0.44 0.00
0.45 0.00
0.46 0.00
0.47 0.00
0.48 0.00
0.49 0.00
0.50 0.00
0.51 0.00
0.52 0.00
0.53 0.00
0.54 0.00
0.55 0.00
0.56 0.00
0.57 0.00
0.58 0.00
0.59 0.00
0.60 0.00
0.61 0.00
0.62 0.00
0.63 0.00
0.64 0.00
0.65 0.00
0.66 0.00
0.67 0.00
0.68 0.00
0.69 0.00
0.70 0.00
0.71 0.00
0.72 0.00
0.73 0.00
0.74 0.00
0.75 0.00
0.76 0.00
0.77 0.00
0.78 0.00
0.79 0.00
0.80 0.00
0.81 0.00
0.82 0.00
0.83 0.00
0.84 0.00
0.85 0.00
0.86 0.00
0.87 0.00
0.88 0.00
0.89 0.00
0.90 0.00
0.91 0.00
0.92 0.00
0.93 0.00
0.94 0.00
0.95 0.00
0.96 0.00
0.97 0.00
0.98 0.00
0.99 0.00
1.00 0.00
1.01 0.00
1.02 0.00
1.03 0.00
1.04 0.00
1.05 0.00
1.06 0.00
1.07 0.00
1.08 0.00
1.09 0.00
1.10 0.00
1.11 0.00
1.12 0.00
1.13 0.00
1.14 0.00
1.15 0.00
1.16 0.00
1.17 0.00
1.18 237.24
1.19 237.24
1.20 237.24
1.21 237.24
1.22 237.24
1.23 237.24
1.24 237.24
1.25 237.24
1.26 249.28
1.27 249.28
1.28 249.28
1.29 249.28
1.30 249.28
1.31 249.28
1.32 249.28
1.33 249.28
1.34 249.28
1.35 249.28
1.36 249.28
1.37 249.28
1.38 249.28
1.39 249.28
1.40 249.28
1.41 249.28
1.42 249.28
1.43 249.28
1.44 249.28
1.45 249.28
1.46 249.28
1.47 249.28
1.48 249.28
1.49 249.28
1.50 249.28
1.51 249.28
1.52 249.28
1.53 249.28
1.54 249.28
1.55 249.28
1.56 249.28
1.57 249.28
1.58 249.28
1.59 249.28
1.60 249.28
1.61 249.28
1.62 249.28
1.63 249.28
1.64 249.28
1.65 249.28
1.66 249.28
1.67 249.28
1.68 249.28
1.69 249.28
1.70 249.28
1.71 249.28
1.72 249.28
1.73 249.28
1.74 249.28
1.75 249.28
1.76 249.28
1.77 249.28
1.78 249.28
1.79 249.28
1.80 249.28
1.81 249.28
1.82 249.28
1.83 249.28
1.84 249.28
1.85 249.28
1.86 249.28
1.87 249.28
1.88 249.28
1.89 249.28
1.90 249.28
1.91 249.28
1.92 249.28
1.93 249.28
1.94 249.28
1.95 249.28
1.96 249.28
1.97 249.28
1.98 249.28
1.99 249.28
2.00 249.28
2.01 249.28
2.02 249.28
2.03 249.28
2.04 249.28
2.05 249.28
2.06 249.28
2.07 249.28
2.08 249.28
2.09 249.28
2.10 249.28
2.11 249.28
2.12 249.28
2.13 249.28
2.14 249.28
2.15 249.28
2.16 249.28
2.17 249.28
2.18 249.28
2.19 249.28
2.20 249.28
2.21 249.28
2.22 249.28
2.23 249.28
2.24 249.28
2.25 249.28
2.26 249.28
2.27 249.28
2.28 249.28
2.29 249.28
2.30 249.28
2.31 249.28
2.32 249.28
2.33 249.28
2.34 249.28
2.35 0.00
2.36 0.00
2.37 0.00
2.38 0.00
2.39 0.00
2.40 0.00
2.41 0.00
2.42 0.00
2.43 0.00
2.44 0.00
2.45 0.00
2.46 0.00
2.47 0.00
2.48 248.05
2.49 248.05
2.50 248.05
2.51 248.05
2.52 248.05
2.53 248.05
2.54 248.05
2.55 248.05
2.56 248.05
2.57 248.05
2.58 248.05
2.59 248.05
2.60 248.05
2.61 248.05
2.62 248.05
2.63 248.05
2.64 248.05
2.65 248.05
2.66 248.05
2.67 248.05
2.68 248.05
2.69 248.05
2.70 248.05
2.71 248.05
2.72 248.05
2.73 248.05
2.74 248.05
2.75 248.05
2.76 248.05
2.77 248.05
2.78 248.05
2.79 248.05
2.80 248.05
2.81 248.05
2.82 248.05
2.83 248.05
2.84 248.05
2.85 248.05
2.86 248.05
2.87 248.05
2.88 248.05
2.89 248.05
2.90 248.05
2.91 248.05
2.92 248.05
2.93 248.05
2.94 248.05
2.95 248.05
2.96 248.05
2.97 248.05
2.98 248.05
2.99 248.05
3.00 248.05
3.01 248.05
3.02 248.05
3.03 248.05
3.04 248.05
3.05 248.05
3.06 248.05
3.07 248.05
3.08 248.05
3.09 248.05
3.10 248.05
3.11 248.05
3.12 248.05
3.13 248.05
3.14 248.05
3.15 248.05
3.16 248.05
3.17 248.05
3.18 248.05
3.19 248.05
3.20 248.05
3.21 248.05
3.22 248.05
3.23 -1.00
3.24 -1.00
3.25 251.30
3.26 251.30
3.27 251.30
3.28 251.30
3.29 251.30
3.30 251.30
3.31 251.30
3.32 251.30
3.33 251.30
3.34 251.30
3.35 251.30
3.36 251.30
3.37 251.30
3.38 251.30
3.39 251.30
3.40 251.30
3.41 251.30
3.42 251.30
3.43 251.30
3.44 251.30
3.45 251.30
3.46 251.30
3.47 251.30
3.48 251.30
3.49 251.30
3.50 251.30
3.51 251.30
3.52 251.30
3.53 251.30
3.54 251.30
3.55 251.30
3.56 251.30
3.57 109.88
3.58 0.00
3.59 0.00
3.60 0.00
3.61 0.00
3.62 0.00
3.63 0.00
3.64 0.00
3.65 282.07
3.66 282.07
3.67 282.07
3.68 282.07
3.69 282.07
3.70 282.07
3.71 282.07
3.72 282.07
3.73 282.07
3.74 282.07
3.75 282.07
3.76 282.07
3.77 282.07
3.78 282.07
3.79 282.07
3.80 282.07
3.81 282.07
3.82 282.07
3.83 282.07
3.84 282.07
3.85 282.07
3.86 282.07
3.87 282.07
3.88 282.07
3.89 282.07
3.90 282.07
3.91 282.07
3.92 282.07
3.93 282.07
3.94 282.07
3.95 282.07
3.96 282.07
3.97 282.07
3.98 282.07
3.99 282.07
4.00 282.07
4.01 282.07
4.02 282.07
4.03 282.07
4.04 282.07
4.05 0.00
4.06 0.00
4.07 0.00
4.08 0.00
4.09 0.00
4.10 0.00
4.11 0.00
4.12 0.00
4.13 0.00
4.14 233.15
4.15 233.15
4.16 233.15
4.17 233.15
4.18 233.15
4.19 233.15
4.20 233.15
4.21 233.15
4.22 233.15
4.23 233.15
4.24 233.15
4.25 233.15
4.26 233.15
4.27 233.15
4.28 233.15
4.29 233.15
4.30 233.15
4.31 233.15
4.32 233.15
4.33 233.15
4.34 233.15
4.35 233.15
4.36 233.15
4.37 233.15
4.38 233.15
4.39 233.15
4.40 233.15
4.41 233.15
4.42 233.15
4.43 233.15
4.44 233.15
4.45 233.15
4.46 233.15
4.47 233.15
4.48 233.15
4.49 233.15
4.50 233.15
4.51 233.15
4.52 233.15
4.53 233.15
4.54 233.15
4.55 233.15
4.56 233.15
4.57 233.15
4.58 233.15
4.59 233.15
4.60 233.15
4.61 233.15
4.62 233.15
4.63 233.15
4.64 233.15
4.65 233.15
4.66 233.15
4.67 233.15
4.68 233.15
4.69 233.15
4.70 233.15
4.71 233.15
4.72 233.15
4.73 233.15
4.74 233.15
4.75 233.15
4.76 233.15
4.77 233.15
4.78 233.15
4.79 233.15
4.80 233.15
4.81 233.15
4.82 233.15
4.83 233.15
4.84 233.15
4.85 233.15
4.86 233.15
4.87 233.15
4.88 233.15
4.89 233.15
4.90 233.15
4.91 233.15
4.92 233.15
4.93 233.15
4.94 233.15
4.95 233.15
4.96 233.15
4.97 233.15
4.98 233.15
4.99 233.15
5.00 233.15
5.01 233.15
5.02 233.15
5.03 233.15
5.04 233.15
5.05 233.15
5.06 233.15
5.07 233.15
5.08 233.15
5.09 233.15
5.10 233.15
5.11 233.15
5.12 233.15
5.13 233.15
5.14 233.15
5.15 233.15
5.16 233.15
5.17 233.15
5.18 233.15
5.19 233.15
5.20 233.15
5.21 233.15
5.22 233.15
5.23 233.15
5.24 233.15
5.25 233.15
5.26 233.15
5.27 233.15
5.28 233.15
5.29 233.15
5.30 233.15
5.31 233.15
5.32 233.15
5.33 233.15
5.34 233.15
5.35 233.15
5.36 233.15
5.37 233.15
5.38 233.15
5.39 233.15
5.40 233.15
5.41 233.15
5.42 233.15
5.43 233.15
5.44 233.15
5.45 233.15
5.46 233.15
5.47 233.15
5.48 233.15
5.49 233.15
5.50 233.15
5.51 233.15
5.52 233.15
5.53 233.15
5.54 233.15
5.55 233.15
5.56 233.15
5.57 233.15
5.58 233.15
5.59 233.15
5.60 233.15
5.61 233.15
5.62 233.15
5.63 233.15
5.64 233.15
5.65 0.00
5.66 0.00
5.67 0.00
5.68 0.00
5.69 0.00
5.70 0.00
5.71 0.00
5.72 0.00
5.73 0.00
5.74 0.00
5.75 0.00
5.76 0.00
5.77 0.00
5.78 0.00
5.79 0.00
5.80 0.00
5.81 0.00
5.82 0.00
5.83 0.00
5.84 0.00
5.85 0.00
5.86 0.00
5.87 0.00
5.88 0.00
5.89 0.00
5.90 0.00
5.91 0.00
5.92 0.00
5.93 0.00
5.94 0.00
5.95 0.00
5.96 0.00
5.97 0.00
5.98 0.00
5.99 0.00
6.00 0.00
6.01 0.00
6.02 0.00
6.03 0.00
6.04 0.00
6.05 0.00
6.06 0.00
6.07 0.00
6.08 0.00
6.09 0.00
6.10 0.00
6.11 0.00
6.12 0.00
6.13 0.00
6.14 0.00
6.15 0.00
6.16 0.00
6.17 0.00
6.18 0.00
6.19 0.00
6.20 0.00
6.21 0.00
6.22 0.00
6.23 0.00
6.24 188.39
6.25 188.39
6.26 188.39
6.27 188.39
6.28 188.39
6.29 188.39
6.30 188.39
6.31 188.39
6.32 188.39
6.33 188.39
6.34 188.39
6.35 188.39
6.36 203.48
6.37 203.48
6.38 203.48
6.39 203.48
6.40 203.48
6.41 203.48
6.42 203.48
6.43 203.48
6.44 203.48
6.45 203.48
6.46 203.48
6.47 203.48
6.48 203.48
6.49 203.48
6.50 203.48
6.51 203.48
6.52 203.48
6.53 203.48
6.54 203.48
6.55 -1.00
6.56 -1.00
6.57 -1.00
6.58 204.25
6.59 204.25
6.60 204.25
6.61 204.25
6.62 204.25
6.63 204.25
6.64 204.25
6.65 204.25
6.66 204.25
6.67 204.25
6.68 204.25
6.69 204.25
6.70 204.25
6.71 204.25
6.72 204.25
6.73 -1.00
6.74 204.63
6.75 204.63
6.76 204.63
6.77 204.63
6.78 204.63
6.79 204.63
6.80 204.63
6.81 204.63
6.82 204.63
6.83 204.63
6.84 204.63
6.85 204.63
6.86 204.63
6.87 204.63
6.88 204.63
6.89 204.63
6.90 204.63
6.91 204.63
6.92 204.63
6.93 204.63
6.94 204.63
6.95 204.63
6.96 204.63
6.97 204.63
6.98 204.63
6.99 204.63
7.00 204.63
7.01 204.63
7.02 204.63
7.03 204.63
7.04 204.63
7.05 204.63
7.06 204.63
7.07 204.63
7.08 204.63
7.09 204.63
7.10 204.63
7.11 204.63
7.12 204.63
7.13 204.63
7.14 204.63
7.15 204.63
7.16 204.63
7.17 204.63
7.18 204.63
7.19 204.63
7.20 204.63
7.21 204.63
7.22 204.63
7.23 204.63
7.24 204.63
7.25 204.63
7.26 204.63
7.27 204.63
7.28 204.63
7.29 204.63
7.30 204.63
7.31 204.63
7.32 204.63
7.33 204.63
7.34 204.63
7.35 204.63
7.36 204.63
7.37 204.63
7.38 204.63
7.39 204.63
7.40 204.63
7.41 204.63
7.42 204.63
7.43 204.63
7.44 204.63
7.45 204.63
7.46 204.63
7.47 204.63
7.48 204.63
7.49 204.63
7.50 204.63
7.51 204.63
7.52 204.63
7.53 204.63
7.54 204.63
7.55 204.63
7.56 204.63
7.57 204.63
7.58 204.63
7.59 204.63
7.60 204.63
7.61 204.63
7.62 204.63
7.63 204.63
7.64 204.63
7.65 204.63
7.66 204.63
7.67 204.63
7.68 204.63
7.69 204.63
7.70 204.63
7.71 204.63
7.72 204.63
7.73 204.63
7.74 204.63
7.75 204.63
7.76 204.63
7.77 204.63
7.78 204.63
7.79 204.63
7.80 204.63
7.81 204.63
7.82 204.63
7.83 204.63
7.84 204.63
7.85 204.63
7.86 204.63
7.87 204.63
7.88 204.63
7.89 204.63
7.90 204.63
7.91 204.63
7.92 204.63
7.93 204.63
7.94 204.63
7.95 204.63
7.96 204.63
7.97 204.63
7.98 0.00
7.99 0.00
8.00 0.00
8.01 0.00
8.02 0.00
8.03 0.00
8.04 0.00
8.05 0.00
8.06 0.00
8.07 0.00
8.08 0.00
8.09 0.00
8.10 226.73
8.11 226.73
8.12 226.73
8.13 226.73
8.14 226.73
8.15 226.73
8.16 226.73
8.17 119.77
8.18 122.21
8.19 257.30
8.20 257.30
8.21 257.30
8.22 257.30
8.23 257.30
8.24 257.30
8.25 257.30
8.26 257.30
8.27 257.30
8.28 257.30
8.29 257.30
8.30 257.30
8.31 257.30
8.32 257.30
8.33 257.30
8.34 257.30
8.35 257.30
8.36 257.30
8.37 268.16
8.38 268.16
8.39 268.16
8.40 268.16
8.41 268.16
8.42 268.16
8.43 268.16
8.44 268.16
8.45 268.16
8.46 268.16
8.47 268.16
8.48 268.16
8.49 268.16
8.50 268.16
8.51 268.16
8.52 268.16
8.53 268.16
8.54 268.16
8.55 268.16
8.56 268.16
8.57 268.16
8.58 268.16
8.59 268.16
8.60 268.16
8.61 268.16
8.62 268.16
8.63 268.16
8.64 268.16
8.65 268.16
8.66 268.16
8.67 268.16
8.68 268.16
8.69 268.16
8.70 268.16
8.71 268.16
8.72 268.16
8.73 268.16
8.74 268.16
8.75 268.16
8.76 268.16
8.77 268.16
8.78 268.16
8.79 268.16
8.80 268.16
8.81 268.16
8.82 268.16
8.83 268.16
8.84 268.16
8.85 268.16
8.86 268.16
8.87 268.16
8.88 268.16
8.89 268.16
8.90 268.16
8.91 268.16
8.92 268.16
8.93 268.16
8.94 268.16
8.95 268.16
8.96 268.16
8.97 268.16
8.98 268.16
8.99 268.16
9.00 268.16
9.01 268.16
9.02 268.16
9.03 268.16
9.04 268.16
9.05 268.16
9.06 268.16
9.07 268.16
9.08 268.16
9.09 268.16
9.10 268.16
9.11 268.16
9.12 268.16
9.13 268.16
9.14 268.16
9.15 268.16
9.16 268.16
9.17 268.16
9.18 268.16
9.19 268.16
9.20 268.16
9.21 0.00
9.22 0.00
9.23 0.00
9.24 0.00
9.25 0.00
9.26 0.00
9.27 0.00
9.28 0.00
9.29 0.00
9.30 0.00
9.31 0.00
9.32 0.00
9.33 0.00
9.34 0.00
9.35 0.00
9.36 0.00
9.37 0.00
9.38 241.60
9.39 241.60
9.40 241.60
9.41 241.60
9.42 241.60
9.43 241.60
9.44 241.60
9.45 241.60
9.46 241.60
9.47 241.60
9.48 241.60
9.49 241.60
9.50 241.60
9.51 241.60
9.52 241.60
9.53 241.60
9.54 241.60
9.55 241.60
9.56 241.60
9.57 241.60
9.58 241.60
9.59 241.60
9.60 241.60
9.61 241.60
9.62 241.60
9.63 241.60
9.64 241.60
9.65 241.60
9.66 241.60
9.67 241.60
9.68 241.60
9.69 241.60
9.70 241.60
9.71 241.60
9.72 241.60
9.73 241.60
9.74 241.60
9.75 241.60
9.76 241.60
9.77 241.60
9.78 241.60
9.79 241.60
9.80 241.60
9.81 241.60
9.82 241.60
9.83 241.60
9.84 241.60
9.85 241.60
9.86 241.60
9.87 241.60
9.88 241.60
9.89 241.60
9.90 241.60
9.91 241.60
9.92 241.60
9.93 241.60
9.94 241.60
9.95 241.60
9.96 241.60
9.97 241.60
9.98 241.60
9.99 241.60
10.00 241.60
10.01 241.60
10.02 241.60
10.03 241.60
10.04 241.60
10.05 241.60
10.06 241.60
10.07 241.60
10.08 241.60
10.09 241.60
10.10 241.60
10.11 241.60
10.12 241.60
10.13 241.60
10.14 241.60
10.15 241.60
10.16 241.60
10.17 241.60
10.18 241.60
10.19 241.60
10.20 241.60
10.21 241.60
10.22 241.60
10.23 241.60
10.24 241.60
10.25 241.60
10.26 241.60
10.27 241.60
10.28 241.60
10.29 241.60
10.30 241.60
10.31 241.60
10.32 241.60
10.33 241.60
10.34 241.60
10.35 241.60
10.36 241.60
10.37 241.60
10.38 241.60
10.39 241.60
10.40 241.60
10.41 241.60
10.42 241.60
10.43 241.60
10.44 241.60
10.45 241.60
10.46 241.60
10.47 241.60
10.48 241.60
10.49 241.60
10.50 241.60
10.51 241.60
10.52 241.60
10.53 241.60
10.54 241.60
10.55 241.60
10.56 241.60
10.57 241.60
10.58 241.60
10.59 241.60
10.60 241.60
10.61 241.60
10.62 241.60
10.63 241.60
10.64 241.60
10.65 241.60
10.66 241.60
10.67 241.60
10.68 241.60
10.69 241.60
10.70 241.60
10.71 241.60
10.72 241.60
10.73 241.60
10.74 241.60
10.75 241.60
10.76 241.60
10.77 241.60
10.78 241.60
10.79 241.60
10.80 241.60
10.81 241.60
10.82 241.60
10.83 241.60
10.84 241.60
10.85 241.60
10.86 241.60
10.87 241.60
10.88 241.60
10.89 241.60
10.90 241.60
10.91 241.60
10.92 241.60
10.93 241.60
10.94 241.60
10.95 241.60
10.96 241.60
10.97 241.60
10.98 241.60
10.99 241.60
11.00 241.60
11.01 241.60
11.02 241.60
11.03 241.60
11.04 241.60
11.05 241.60
11.06 241.60
11.07 241.60
11.08 241.60
11.09 241.60
11.10 241.60
11.11 241.60
11.12 241.60
11.13 241.60
11.14 241.60
11.15 241.60
11.16 0.00
11.17 0.00
11.18 0.00
11.19 0.00
11.20 0.00
11.21 0.00
11.22 0.00
11.23 0.00
11.24 237.81
11.25 237.81
11.26 237.81
11.27 237.81
11.28 237.81
11.29 237.81
11.30 237.81
11.31 237.81
11.32 237.81
11.33 237.81
11.34 237.81
11.35 237.81
11.36 237.81
11.37 237.81
11.38 237.81
11.39 237.81
11.40 237.81
11.41 237.81
11.42 237.81
11.43 237.81
11.44 237.81
11.45 237.81
11.46 237.81
11.47 237.81
11.48 237.81
11.49 237.81
11.50 237.81
11.51 237.81
11.52 237.81
11.53 237.81
11.54 237.81
11.55 237.81
11.56 237.81
11.57 237.81
11.58 237.81
11.59 237.81
11.60 237.81
11.61 237.81
11.62 237.81
11.63 237.81
11.64 237.81
11.65 237.81
11.66 237.81
11.67 237.81
11.68 237.81
11.69 237.81
11.70 237.81
11.71 237.81
11.72 237.81
11.73 237.81
11.74 237.81
11.75 237.81
11.76 237.81
11.77 237.81
11.78 237.81
11.79 237.81
11.80 237.81
11.81 237.81
11.82 237.81
11.83 237.81
11.84 237.81
11.85 237.81
11.86 237.81
11.87 237.81
11.88 237.81
11.89 237.81
11.90 237.81
11.91 237.81
11.92 237.81
11.93 237.81
11.94 237.81
11.95 237.81
11.96 237.81
11.97 237.81
11.98 237.81
11.99 237.81
12.00 237.81
12.01 237.81
12.02 237.81
12.03 237.81
12.04 237.81
12.05 237.81
12.06 0.00
12.07 0.00
12.08 0.00
12.09 0.00
12.10 0.00
12.11 0.00
12.12 0.00
12.13 0.00
12.14 0.00
12.15 0.00
12.16 0.00
12.17 0.00
12.18 0.00
12.19 0.00
12.20 0.00
12.21 0.00
12.22 0.00
12.23 241.18
12.24 241.18
12.25 241.18
12.26 241.18
12.27 241.18
12.28 241.18
12.29 241.18
12.30 241.18
12.31 241.18
12.32 241.18
12.33 241.18
12.34 241.18
12.35 241.18
12.36 241.18
12.37 241.18
12.38 241.18
12.39 241.18
12.40 241.18
12.41 241.18
12.42 241.18
12.43 241.18
12.44 241.18
12.45 241.18
12.46 241.18
12.47 241.18
12.48 241.18
12.49 241.18
12.50 241.18
12.51 241.18
12.52 241.18
12.53 241.18
12.54 241.18
12.55 241.18
12.56 241.18
12.57 241.18
12.58 241.18
12.59 241.18
12.60 241.18
12.61 0.00
12.62 0.00
12.63 0.00
12.64 0.00
12.65 0.00
12.66 0.00
12.67 0.00
12.68 0.00
12.69 0.00
12.70 0.00
12.71 0.00
12.72 0.00
12.73 0.00
12.74 0.00
12.75 0.00
12.76 0.00
12.77 0.00
12.78 0.00
12.79 0.00
12.80 0.00
12.81 0.00
12.82 0.00
12.83 0.00
12.84 0.00
12.85 0.00
12.86 0.00
12.87 0.00
12.88 0.00
12.89 0.00
12.90 0.00
12.91 0.00
12.92 0.00
12.93 0.00
12.94 0.00
12.95 0.00
12.96 0.00
12.97 0.00
12.98 174.34
12.99 174.34
13.00 174.34
13.01 174.34
13.02 174.34
13.03 174.34
13.04 174.34
13.05 174.34
13.06 192.08
13.07 192.08
13.08 192.08
13.09 192.08
13.10 192.08
13.11 192.08
13.12 192.08
13.13 99.33
13.14 100.34
13.15 101.64
13.16 103.14
13.17 104.52
13.18 222.05
13.19 222.05
13.20 222.05
13.21 222.05
13.22 222.05
13.23 222.05
13.24 222.05
13.25 222.05
13.26 222.05
13.27 239.44
13.28 239.44
13.29 239.44
13.30 239.44
13.31 239.44
13.32 239.44
13.33 239.44
13.34 239.44
13.35 239.44
13.36 239.44
13.37 239.44
13.38 239.44
13.39 239.44
13.40 239.44
13.41 239.44
13.42 239.44
13.43 239.44
13.44 239.44
13.45 239.44
13.46 239.44
13.47 239.44
13.48 239.44
13.49 239.44
13.50 239.44
13.51 239.44
13.52 239.44
13.53 239.44
13.54 239.44
13.55 239.44
13.56 239.44
13.57 239.44
13.58 239.44
13.59 239.44
13.60 239.44
13.61 239.44
13.62 239.44
13.63 239.44
13.64 239.44
13.65 239.44
13.66 239.44
13.67 239.44
13.68 239.44
13.69 239.44
13.70 239.44
13.71 239.44
13.72 239.44
13.73 239.44
13.74 239.44
13.75 239.44
13.76 239.44
13.77 239.44
13.78 239.44
13.79 239.44
13.80 239.44
13.81 239.44
13.82 239.44
13.83 239.44
13.84 239.44
13.85 239.44
13.86 239.44
13.87 239.44
13.88 239.44
13.89 239.44
13.90 239.44
13.91 239.44
13.92 239.44
13.93 239.44
13.94 239.44
13.95 239.44
13.96 239.44
13.97 239.44
13.98 239.44
13.99 239.44
14.00 239.44
14.01 239.44
14.02 239.44
14.03 239.44
14.04 239.44
14.05 239.44
14.06 239.44
14.07 239.44
14.08 239.44
14.09 239.44
14.10 239.44
14.11 239.44
14.12 239.44
14.13 239.44
14.14 239.44
14.15 239.44
14.16 239.44
14.17 239.44
14.18 239.44
14.19 239.44
14.20 239.44
14.21 239.44
14.22 239.44
14.23 239.44
14.24 239.44
14.25 239.44
14.26 239.44
14.27 239.44
14.28 239.44
14.29 239.44
14.30 0.00
14.31 0.00
14.32 0.00
14.33 0.00
14.34 0.00
14.35 0.00
14.36 0.00
14.37 0.00
14.38 0.00
14.39 0.00
14.40 0.00
14.41 0.00
14.42 0.00
14.43 249.44
14.44 249.44
14.45 249.44
14.46 249.44
14.47 249.44
14.48 249.44
14.49 249.44
14.50 249.44
14.51 249.44
14.52 249.44
14.53 240.14
14.54 240.14
14.55 240.14
14.56 240.14
14.57 240.14
14.58 240.14
14.59 240.14
14.60 240.14
14.61 240.14
14.62 240.14
14.63 240.14
14.64 240.14
14.65 240.14
14.66 240.14
14.67 240.14
14.68 240.14
14.69 240.14
14.70 240.14
14.71 240.14
14.72 240.14
14.73 240.14
14.74 240.14
14.75 -1.00
14.76 -1.00
14.77 -1.00
14.78 -1.00
14.79 -1.00
14.80 -1.00
14.81 -1.00
14.82 -1.00
14.83 252.01
14.84 252.01
14.85 252.01
14.86 252.01
14.87 252.01
14.88 252.01
14.89 252.01
14.90 242.46
14.91 242.46
14.92 242.46
14.93 242.46
14.94 242.46
14.95 242.46
14.96 242.46
14.97 242.46
14.98 242.46
14.99 242.46
15.00 242.46
15.01 242.46
15.02 242.46
15.03 242.46
15.04 242.46
15.05 242.46
15.06 242.46
15.07 242.46
15.08 242.46
15.09 242.46
15.10 242.46
15.11 242.46
15.12 242.46
15.13 242.46
15.14 242.46
15.15 242.46
15.16 242.46
15.17 242.46
15.18 242.46
15.19 242.46
15.20 242.46
15.21 242.46
15.22 242.46
15.23 242.46
15.24 242.46
15.25 242.46
15.26 242.46
15.27 242.46
15.28 242.46
15.29 242.46
15.30 242.46
15.31 242.46
15.32 242.46
15.33 242.46
15.34 242.46
15.35 0.00
15.36 0.00
15.37 0.00
15.38 0.00
15.39 0.00
15.40 0.00
15.41 0.00
15.42 0.00
15.43 0.00
15.44 0.00
15.45 0.00
15.46 0.00
15.47 0.00
15.48 0.00
15.49 0.00
15.50 0.00
15.51 0.00
15.52 0.00
15.53 0.00
15.54 0.00
15.55 0.00
15.56 0.00
15.57 0.00
15.58 0.00
15.59 0.00
15.60 0.00
15.61 0.00
15.62 0.00
15.63 0.00
15.64 0.00
15.65 0.00
15.66 0.00
15.67 0.00
15.68 193.66
15.69 193.66
15.70 193.66
15.71 193.66
15.72 193.66
15.73 193.66
15.74 193.66
15.75 193.66
15.76 193.66
15.77 193.66
15.78 193.66
15.79 193.66
15.80 214.52
15.81 214.52
15.82 214.52
15.83 214.52
15.84 214.52
15.85 214.52
15.86 214.52
15.87 214.52
15.88 214.52
15.89 214.52
15.90 214.52
15.91 240.74
15.92 240.74
15.93 240.74
15.94 240.74
15.95 240.74
15.96 240.74
15.97 240.74
15.98 240.74
15.99 240.74
16.00 240.74
16.01 240.74
16.02 240.74
16.03 240.74
16.04 240.74
16.05 240.74
16.06 240.74
16.07 240.74
16.08 240.74
16.09 240.74
16.10 240.74
16.11 240.74
16.12 240.74
16.13 240.74
16.14 240.74
16.15 240.74
16.16 240.74
16.17 240.74
16.18 240.74
16.19 240.74
16.20 240.74
16.21 240.74
16.22 240.74
16.23 240.74
16.24 240.74
16.25 240.74
16.26 240.74
16.27 240.74
16.28 240.74
16.29 240.74
16.30 240.74
16.31 240.74
16.32 240.74
16.33 240.74
16.34 240.74
16.35 240.74
16.36 240.74
16.37 240.74
16.38 240.74
16.39 240.74
16.40 240.74
16.41 240.74
16.42 0.00
16.43 0.00
16.44 0.00
16.45 0.00
16.46 0.00
16.47 0.00
16.48 0.00
16.49 243.50
16.50 243.50
16.51 243.50
16.52 243.50
16.53 243.50
16.54 243.50
16.55 243.50
16.56 243.50
16.57 243.50
16.58 243.50
16.59 243.50
16.60 243.50
16.61 243.50
16.62 243.50
16.63 243.50
16.64 243.50
16.65 243.50
16.66 0.00
16.67 0.00
16.68 0.00
16.69 0.00
16.70 0.00
16.71 0.00
16.72 0.00
16.73 0.00
16.74 0.00
16.75 0.00
16.76 0.00
16.77 0.00
16.78 244.57
16.79 244.57
16.80 244.57
16.81 244.57
16.82 244.57
16.83 244.57
16.84 244.57
16.85 244.57
16.86 244.57
16.87 244.57
16.88 244.57
16.89 244.57
16.90 244.57
16.91 244.57
16.92 244.57
16.93 244.57
16.94 244.57
16.95 244.57
16.96 244.57
16.97 244.57
16.98 244.57
16.99 244.57
17.00 244.57
17.01 244.57
17.02 244.57
17.03 244.57
17.04 244.57
17.05 244.57
17.06 244.57
17.07 244.57
17.08 244.57
17.09 244.57
17.10 244.57
17.11 244.57
17.12 244.57
17.13 244.57
17.14 244.57
17.15 244.57
17.16 244.57
17.17 244.57
17.18 269.24
17.19 269.24
17.20 269.24
17.21 269.24
17.22 269.24
17.23 269.24
17.24 269.24
17.25 269.24
17.26 269.24
17.27 269.24
17.28 269.24
17.29 269.24
17.30 269.24
17.31 269.24
17.32 269.24
17.33 269.24
17.34 269.24
17.35 269.24
17.36 269.24
17.37 269.24
17.38 269.24
17.39 269.24
17.40 269.24
17.41 269.24
17.42 269.24
17.43 269.24
17.44 269.24
17.45 269.24
17.46 269.24
17.47 269.24
17.48 269.24
17.49 269.24
17.50 269.24
17.51 269.24
17.52 269.24
17.53 269.24
17.54 269.24
17.55 269.24
17.56 269.24
17.57 269.24
17.58 269.24
17.59 269.24
17.60 269.24
17.61 269.24
17.62 269.24
17.63 269.24
17.64 241.98
17.65 241.98
17.66 241.98
17.67 241.98
17.68 241.98
17.69 241.98
17.70 241.98
17.71 241.98
17.72 241.98
17.73 241.98
17.74 241.98
17.75 241.98
17.76 241.98
17.77 241.98
17.78 241.98
17.79 241.98
17.80 241.98
17.81 241.98
17.82 241.98
17.83 241.98
17.84 241.98
17.85 241.98
17.86 241.98
17.87 241.98
17.88 241.98
17.89 241.98
17.90 241.98
17.91 241.98
17.92 241.98
17.93 241.98
17.94 241.98
17.95 241.98
17.96 241.98
17.97 241.98
17.98 241.98
17.99 241.98
18.00 241.98
18.01 241.98
18.02 241.98
18.03 0.00
18.04 0.00
18.05 0.00
18.06 0.00
18.07 0.00
18.08 0.00
18.09 0.00
18.10 233.88
18.11 233.88
18.12 233.88
18.13 233.88
18.14 233.88
18.15 233.88
18.16 233.88
18.17 233.88
18.18 233.88
18.19 233.88
18.20 233.88
18.21 233.88
18.22 233.88
18.23 233.88
18.24 233.88
18.25 233.88
18.26 109.47
18.27 109.26
18.28 109.20
18.29 108.80
18.30 107.19
18.31 103.72
18.32 102.31
18.33 100.34
18.34 98.35
18.35 98.16
18.36 0.00
18.37 0.00
18.38 0.00
18.39 0.00
18.40 0.00
18.41 0.00
18.42 0.00
18.43 0.00
18.44 0.00
18.45 0.00
18.46 0.00
18.47 0.00
18.48 0.00
18.49 0.00
18.50 0.00
18.51 0.00
18.52 0.00
18.53 0.00
18.54 0.00
18.55 0.00
18.56 0.00
18.57 0.00
18.58 0.00
18.59 0.00
18.60 0.00
18.61 0.00
18.62 0.00
18.63 0.00
18.64 0.00
18.65 0.00
18.66 0.00
18.67 0.00
18.68 0.00
18.69 0.00
18.70 0.00
18.71 0.00
18.72 0.00
18.73 0.00
18.74 0.00
18.75 0.00
18.76 0.00
18.77 234.42
18.78 234.42
18.79 234.42
18.80 234.42
18.81 234.42
18.82 234.42
18.83 234.42
18.84 234.42
18.85 234.42
18.86 268.49
18.87 268.49
18.88 268.49
18.89 268.49
18.90 268.49
18.91 268.49
18.92 268.49
18.93 268.49
18.94 268.49
18.95 268.49
18.96 268.49
18.97 268.49
18.98 268.49
18.99 268.49
19.00 268.49
19.01 268.49
19.02 268.49
19.03 268.49
19.04 268.49
19.05 268.49
19.06 268.49
19.07 268.49
19.08 268.49
19.09 268.49
19.10 268.49
19.11 268.49
19.12 268.49
19.13 268.49
19.14 268.49
19.15 268.49
19.16 268.49
19.17 268.49
19.18 268.49
19.19 268.49
19.20 268.49
19.21 268.49
19.22 268.49
19.23 268.49
19.24 268.49
19.25 268.49
19.26 268.49
19.27 268.49
19.28 268.49
19.29 268.49
19.30 268.49
19.31 268.49
19.32 268.49
19.33 268.49
19.34 268.49
19.35 268.49
19.36 268.49
19.37 268.49
19.38 268.49
19.39 268.49
19.40 268.49
19.41 268.49
19.42 268.49
19.43 268.49
19.44 268.49
19.45 268.49
19.46 268.49
19.47 268.49
19.48 268.49
19.49 268.49
19.50 268.49
19.51 268.49
19.52 268.49
19.53 268.49
19.54 268.49
19.55 268.49
19.56 268.49
19.57 268.49
19.58 268.49
19.59 268.49
19.60 268.49
19.61 268.49
19.62 268.49
19.63 268.49
19.64 268.49
19.65 268.49
19.66 268.49
19.67 268.49
19.68 268.49
19.69 268.49
19.70 268.49
19.71 268.49
19.72 268.49
19.73 268.49
19.74 268.49
19.75 268.49
19.76 268.49
19.77 268.49
19.78 268.49
19.79 268.49
19.80 268.49
19.81 268.49
19.82 268.49
19.83 268.49
19.84 268.49
19.85 268.49
19.86 268.49
19.87 268.49
19.88 268.49
19.89 268.49
19.90 268.49
19.91 268.49
19.92 268.49
19.93 268.49
19.94 268.49
19.95 268.49
19.96 268.49
19.97 250.85
19.98 250.85
19.99 250.85
20.00 250.85
20.01 250.85
20.02 250.85
20.03 250.85
20.04 250.85
20.05 250.85
20.06 250.85
20.07 250.85
20.08 250.85
20.09 250.85
20.10 250.85
20.11 250.85
20.12 250.85
20.13 250.85
20.14 250.85
20.15 250.85
20.16 250.85
20.17 250.85
20.18 250.85
20.19 250.85
20.20 250.85
20.21 250.85
20.22 250.85
20.23 250.85
20.24 -1.00
20.25 -1.00
20.26 -1.00
20.27 -1.00
20.28 -1.00
20.29 -1.00
20.30 246.65
20.31 246.65
20.32 246.65
20.33 246.65
20.34 246.65
20.35 246.65
20.36 246.65
20.37 246.65
20.38 246.65
20.39 246.65
20.40 246.65
20.41 246.65
20.42 246.65
20.43 246.65
20.44 246.65
20.45 246.65
20.46 246.65
20.47 246.65
20.48 246.65
20.49 246.65
20.50 246.65
20.51 246.65
20.52 246.65
20.53 246.65
20.54 246.65
20.55 246.65
20.56 246.65
20.57 246.65
20.58 246.65
20.59 246.65
20.60 246.65
20.61 246.65
20.62 246.65
20.63 246.65
20.64 246.65
20.65 246.65
20.66 246.65
20.67 246.65
20.68 246.65
20.69 246.65
20.70 246.65
20.71 246.65
20.72 246.65
20.73 246.65
20.74 246.65
20.75 246.65
20.76 246.65
20.77 246.65
20.78 246.65
20.79 246.65
20.80 246.65
20.81 246.65
20.82 246.65
20.83 246.65
20.84 246.65
20.85 246.65
20.86 246.65
20.87 246.65
20.88 246.65
20.89 246.65
20.90 246.65
20.91 246.65
20.92 246.65
20.93 246.65
20.94 246.65
20.95 246.65
20.96 246.65
20.97 246.65
20.98 246.65
20.99 246.65
21.00 246.65
21.01 246.65
21.02 246.65
21.03 246.65
21.04 246.65
21.05 246.65
21.06 246.65
21.07 246.65
21.08 246.65
21.09 246.65
21.10 246.65
21.11 246.65
21.12 246.65
21.13 246.65
21.14 246.65
21.15 246.65
21.16 246.65
21.17 246.65
21.18 246.65
21.19 246.65
21.20 246.65
21.21 246.65
21.22 246.65
21.23 246.65
21.24 246.65
21.25 246.65
21.26 246.65
21.27 246.65
21.28 246.65
21.29 246.65
21.30 246.65
21.31 246.65
21.32 246.65
21.33 246.65
21.34 277.52
21.35 277.52
21.36 277.52
21.37 277.52
21.38 277.52
21.39 277.52
21.40 277.52
21.41 277.52
21.42 277.52
21.43 277.52
21.44 277.52
21.45 277.52
21.46 277.52
21.47 277.52
21.48 277.52
21.49 277.52
21.50 277.52
21.51 277.52
21.52 277.52
21.53 277.52
21.54 277.52
21.55 277.52
21.56 277.52
21.57 277.52
21.58 277.52
21.59 277.52
21.60 277.52
21.61 277.52
21.62 277.52
21.63 277.52
21.64 0.00
21.65 0.00
21.66 0.00
21.67 0.00
21.68 0.00
21.69 0.00
21.70 0.00
21.71 0.00
21.72 0.00
21.73 0.00
21.74 340.90
21.75 340.90
21.76 340.90
21.77 340.90
21.78 340.90
21.79 340.90
21.80 340.90
21.81 340.90
21.82 340.90
21.83 143.57
21.84 142.30
21.85 139.69
21.86 137.10
21.87 133.01
21.88 245.40
21.89 245.40
21.90 245.40
21.91 245.40
21.92 245.40
21.93 245.40
21.94 245.40
21.95 245.40
21.96 245.40
21.97 245.40
21.98 245.40
21.99 245.40
22.00 245.40
22.01 245.40
22.02 245.40
22.03 245.40
22.04 245.40
22.05 245.40
22.06 245.40
22.07 245.40
22.08 245.40
22.09 245.40
22.10 245.40
22.11 245.40
22.12 245.40
22.13 245.40
22.14 245.40
22.15 245.40
22.16 245.40
22.17 245.40
22.18 245.40
22.19 245.40
22.20 245.40
22.21 245.40
22.22 245.40
22.23 245.40
22.24 245.40
22.25 245.40
22.26 245.40
22.27 245.40
22.28 245.40
22.29 245.40
22.30 245.40
22.31 245.40
22.32 245.40
22.33 245.40
22.34 245.40
22.35 245.40
22.36 245.40
22.37 245.40
22.38 245.40
22.39 245.40
22.40 245.40
22.41 245.40
22.42 245.40
22.43 245.40
22.44 245.40
22.45 245.40
22.46 245.40
22.47 245.40
22.48 245.40
22.49 245.40
22.50 245.40
22.51 245.40
22.52 245.40
22.53 245.40
22.54 245.40
22.55 245.40
22.56 245.40
22.57 245.40
22.58 245.40
22.59 245.40
22.60 245.40
22.61 245.40
22.62 245.40
22.63 245.40
22.64 245.40
22.65 245.40
22.66 245.40
22.67 245.40
22.68 245.40
22.69 245.40
22.70 245.40
22.71 245.40
22.72 245.40
22.73 245.40
22.74 245.40
22.75 245.40
22.76 245.40
22.77 245.40
22.78 245.40
22.79 245.40
22.80 245.40
22.81 245.40
22.82 245.40
22.83 245.40
22.84 245.40
22.85 245.40
22.86 245.40
22.87 245.40
22.88 245.40
22.89 245.40
22.90 245.40
22.91 245.40
22.92 245.40
22.93 245.40
22.94 245.40
22.95 245.40
22.96 245.40
22.97 245.40
22.98 245.40
22.99 245.40
23.00 245.40
23.01 245.40
23.02 245.40
23.03 245.40
23.04 245.40
23.05 245.40
23.06 245.40
23.07 245.40
23.08 245.40
23.09 245.40
23.10 245.40
23.11 245.40
23.12 245.40
23.13 245.40
23.14 245.40
23.15 245.40
23.16 245.40
23.17 245.40
23.18 245.40
23.19 245.40
23.20 245.40
23.21 245.40
23.22 245.40
23.23 245.40
23.24 0.00
23.25 0.00
23.26 0.00
23.27 0.00
23.28 0.00
23.29 0.00
23.30 0.00
23.31 0.00
23.32 0.00
23.33 234.66
23.34 234.66
23.35 234.66
23.36 234.66
23.37 234.66
23.38 234.66
23.39 234.66
23.40 234.66
23.41 234.66
23.42 224.21
23.43 224.21
23.44 224.21
23.45 224.21
23.46 224.21
23.47 224.21
23.48 224.21
23.49 224.21
23.50 224.21
23.51 224.21
23.52 224.21
23.53 224.21
23.54 224.21
23.55 224.21
23.56 224.21
23.57 224.21
23.58 224.21
23.59 224.21
23.60 224.21
23.61 224.21
23.62 224.21
23.63 224.21
23.64 224.21
23.65 224.21
23.66 224.21
23.67 224.21
23.68 224.21
23.69 224.21
23.70 224.21
23.71 224.21
23.72 224.21
23.73 224.21
23.74 224.21
23.75 224.21
23.76 224.21
23.77 224.21
23.78 224.21
23.79 224.21
23.80 224.21
23.81 224.21
23.82 224.21
23.83 224.21
23.84 224.21
23.85 224.21
23.86 224.21
23.87 224.21
23.88 224.21
23.89 224.21
23.90 224.21
23.91 224.21
23.92 224.21
23.93 224.21
23.94 224.21
23.95 224.21
23.96 224.21
23.97 224.21
23.98 224.21
23.99 224.21
24.00 224.21
24.01 224.21
24.02 0.00
24.03 0.00
24.04 0.00
24.05 0.00
24.06 0.00
24.07 0.00
24.08 0.00
24.09 0.00
24.10 0.00
24.11 0.00
24.12 0.00
24.13 0.00
24.14 197.60
24.15 197.60
24.16 197.60
24.17 197.60
24.18 197.60
24.19 197.60
24.20 197.60
24.21 197.60
24.22 197.60
24.23 197.60
24.24 197.60
24.25 197.60
24.26 197.60
24.27 197.60
24.28 197.60
24.29 197.60
24.30 197.60
24.31 197.60
24.32 197.60
24.33 197.60
24.34 197.60
24.35 197.60
24.36 197.60
24.37 197.60
24.38 197.60
24.39 197.60
24.40 197.60
24.41 197.60
24.42 197.60
24.43 197.60
24.44 197.60
24.45 197.60
24.46 197.60
24.47 197.60
24.48 197.60
24.49 197.60
24.50 197.60
24.51 197.60
24.52 197.60
24.53 197.60
24.54 197.60
24.55 197.60
24.56 197.60
24.57 197.60
24.58 197.60
24.59 197.60
24.60 197.60
24.61 197.60
24.62 197.60
24.63 197.60
24.64 197.60
24.65 197.60
24.66 197.60
24.67 197.60
24.68 197.60
24.69 197.60
24.70 197.60
24.71 197.60
24.72 197.60
24.73 197.60
24.74 197.60
24.75 197.60
24.76 197.60
24.77 197.60
24.78 197.60
24.79 197.60
24.80 197.60
24.81 197.60
24.82 197.60
24.83 197.60
24.84 197.60
24.85 197.60
24.86 197.60
24.87 197.60
24.88 197.60
24.89 197.60
24.90 197.60
24.91 197.60
24.92 197.60
24.93 197.60
24.94 197.60
24.95 197.60
24.96 197.60
24.97 179.32
24.98 179.32
24.99 179.32
25.00 179.32
25.01 179.32
25.02 179.32
25.03 179.32
25.04 179.32
25.05 179.32
25.06 179.32
25.07 179.32
25.08 179.32
25.09 179.32
25.10 179.32
25.11 179.32
25.12 179.32
25.13 179.32
25.14 179.32
25.15 179.32
25.16 179.32
25.17 179.32
25.18 179.32
25.19 179.32
25.20 179.32
25.21 179.32
25.22 179.32
25.23 179.32
25.24 179.32
25.25 179.32
25.26 179.32
25.27 179.32
25.28 179.32
25.29 179.32
25.30 179.32
25.31 179.32
25.32 179.32
25.33 179.32
25.34 179.32
25.35 179.32
25.36 179.32
25.37 179.32
25.38 179.32
25.39 179.32
25.40 179.32
25.41 179.32
25.42 179.32
25.43 179.32
25.44 179.32
25.45 179.32
25.46 179.32
25.47 179.32
25.48 179.32
25.49 179.32
25.50 179.32
25.51 179.32
25.52 179.32
25.53 179.32
25.54 179.32
25.55 179.32
25.56 179.32
25.57 179.32
25.58 179.32
25.59 179.32
25.60 179.32
25.61 179.32
25.62 179.32
25.63 179.32
25.64 179.32
25.65 179.32
25.66 179.32
25.67 179.32
25.68 179.32
25.69 179.32
25.70 179.32
25.71 179.32
25.72 179.32
25.73 179.32
25.74 179.32
25.75 179.32
25.76 179.32
25.77 179.32
25.78 179.32
25.79 179.32
25.80 179.32
25.81 179.32
25.82 179.32
25.83 179.32
25.84 179.32
25.85 179.32
25.86 179.32
25.87 179.32
25.88 179.32
25.89 179.32
25.90 179.32
25.91 179.32
25.92 179.32
25.93 179.32
25.94 179.32
25.95 179.32
25.96 179.32
25.97 179.32
25.98 179.32
25.99 179.32
26.00 179.32
26.01 179.32
26.02 179.32
26.03 179.32
26.04 179.32
26.05 179.32
26.06 179.32
26.07 179.32
26.08 179.32
26.09 179.32
26.10 179.32
26.11 179.32
26.12 179.32
26.13 179.32
26.14 179.32
26.15 179.32
26.16 179.32
26.17 179.32
26.18 179.32
26.19 179.32
26.20 179.32
26.21 179.32
26.22 179.32
26.23 179.32
26.24 179.32
26.25 179.32
26.26 179.32
26.27 179.32
26.28 179.32
26.29 179.32
26.30 179.32
26.31 179.32
26.32 179.32
26.33 179.32
26.34 179.32
26.35 179.32
26.36 179.32
26.37 179.32
26.38 179.32
26.39 179.32
26.40 179.32
26.41 179.32
26.42 179.32
26.43 179.32
26.44 179.32
26.45 179.32
26.46 179.32
26.47 179.32
26.48 179.32
26.49 179.32
26.50 179.32
26.51 179.32
26.52 179.32
26.53 179.32
26.54 179.32
26.55 179.32
26.56 179.32
26.57 179.32
26.58 179.32
26.59 179.32
26.60 179.32
26.61 179.32
26.62 179.32
26.63 179.32
26.64 179.32
26.65 179.32
26.66 179.32
26.67 179.32
26.68 179.32
26.69 179.32
26.70 179.32
26.71 179.32
26.72 179.32
26.73 179.32
26.74 179.32
26.75 179.32
26.76 179.32
26.77 179.32
26.78 179.32
26.79 179.32
26.80 179.32
26.81 179.32
26.82 179.32
26.83 179.32
26.84 179.32
26.85 179.32
26.86 179.32
26.87 179.32
26.88 81.69
26.89 78.06
26.90 73.91
26.91 0.00
26.92 0.00
26.93 0.00
26.94 0.00
26.95 0.00
26.96 0.00
26.97 0.00
26.98 0.00
26.99 0.00
27.00 0.00
27.01 0.00
27.02 0.00
27.03 0.00
27.04 0.00
27.05 0.00
27.06 0.00
27.07 0.00
27.08 0.00
27.09 0.00
27.10 0.00
27.11 0.00
27.12 0.00
27.13 0.00
27.14 0.00
27.15 0.00
27.16 0.00
27.17 0.00
27.18 0.00
27.19 0.00
27.20 0.00
27.21 0.00
27.22 0.00
27.23 0.00
27.24 0.00
27.25 0.00
27.26 0.00
27.27 0.00
27.28 0.00
27.29 0.00
27.30 0.00
27.31 0.00
27.32 0.00
27.33 0.00
27.34 0.00
27.35 0.00
27.36 0.00
27.37 0.00
27.38 0.00
27.39 0.00
27.40 0.00
27.41 0.00
27.42 0.00
27.43 0.00
27.44 0.00
27.45 174.03
27.46 174.03
27.47 174.03
27.48 174.03
27.49 174.03
27.50 174.03
27.51 174.03
27.52 174.03
27.53 174.03
27.54 174.03
27.55 174.03
27.56 174.03
27.57 186.95
27.58 186.95
27.59 186.95
27.60 186.95
27.61 186.95
27.62 186.95
27.63 186.95
27.64 186.95
27.65 186.95
27.66 186.95
27.67 186.95
27.68 97.42
27.69 98.57
27.70 100.16
27.71 101.67
27.72 218.93
27.73 218.93
27.74 218.93
27.75 218.93
27.76 218.93
27.77 218.93
27.78 218.93
27.79 218.93
27.80 218.93
27.81 218.93
27.82 218.93
27.83 218.93
27.84 218.93
27.85 218.93
27.86 218.93
27.87 218.93
27.88 241.57
27.89 241.57
27.90 241.57
27.91 241.57
27.92 241.57
27.93 241.57
27.94 241.57
27.95 241.57
27.96 241.57
27.97 241.57
27.98 241.57
27.99 241.57
28.00 241.57
28.01 241.57
28.02 241.57
28.03 241.57
28.04 241.57
28.05 241.57
28.06 241.57
28.07 241.57
28.08 241.57
28.09 241.57
28.10 241.57
28.11 241.57
28.12 241.57
28.13 241.57
28.14 241.57
28.15 241.57
28.16 241.57
28.17 241.57
28.18 241.57
28.19 241.57
28.20 241.57
28.21 241.57
28.22 241.57
28.23 241.57
28.24 241.57
28.25 241.57
28.26 241.57
28.27 241.57
28.28 241.57
28.29 241.57
28.30 241.57
28.31 241.57
28.32 241.57
28.33 241.57
28.34 241.57
28.35 241.57
28.36 241.57
28.37 241.57
28.38 241.57
28.39 241.57
28.40 241.57
28.41 241.57
28.42 241.57
28.43 241.57
28.44 241.57
28.45 241.57
28.46 241.57
28.47 241.57
28.48 241.57
28.49 241.57
28.50 241.57
28.51 241.57
28.52 241.57
28.53 241.57
28.54 241.57
28.55 241.57
28.56 241.57
28.57 241.57
28.58 241.57
28.59 241.57
28.60 241.57
28.61 241.57
28.62 241.57
28.63 241.57
28.64 241.57
28.65 241.57
28.66 241.57
28.67 241.57
28.68 241.57
28.69 241.57
28.70 241.57
28.71 241.57
28.72 241.57
28.73 241.57
28.74 241.57
28.75 241.57
28.76 241.57
28.77 241.57
28.78 241.57
28.79 241.57
28.80 241.57
28.81 241.57
28.82 241.57
28.83 241.57
28.84 241.57
28.85 241.57
28.86 241.57
28.87 0.00
28.88 0.00
28.89 0.00
28.90 0.00
28.91 0.00
28.92 0.00
28.93 0.00
28.94 0.00
28.95 0.00
28.96 0.00
28.97 0.00
28.98 0.00
28.99 0.00
29.00 0.00
29.01 0.00
29.02 0.00
29.03 0.00
29.04 0.00
29.05 0.00
29.06 0.00
29.07 0.00
29.08 243.80
29.09 243.80
29.10 243.80
29.11 243.80
29.12 243.80
29.13 243.80
29.14 243.80
29.15 243.80
29.16 243.80
29.17 243.80
29.18 243.80
29.19 243.80
29.20 243.80
29.21 243.80
29.22 243.80
29.23 243.80
29.24 243.80
29.25 243.80
29.26 243.80
29.27 243.80
29.28 243.80
29.29 243.80
29.30 243.80
29.31 243.80
29.32 243.80
29.33 243.80
29.34 243.80
29.35 243.80
29.36 243.80
29.37 243.80
29.38 243.80
29.39 243.80
29.40 243.80
29.41 243.80
29.42 243.80
29.43 243.80
29.44 243.80
29.45 243.80
29.46 243.80
29.47 243.80
29.48 243.80
29.49 243.80
29.50 243.80
29.51 243.80
29.52 243.80
29.53 243.80
29.54 243.80
29.55 243.80
29.56 243.80
29.57 243.80
29.58 243.80
29.59 243.80
29.60 243.80
29.61 243.80
29.62 243.80
29.63 243.80
29.64 243.80
29.65 243.80
29.66 243.80
29.67 243.80
29.68 243.80
29.69 243.80
29.70 243.80
29.71 243.80
29.72 243.80
29.73 243.80
29.74 243.80
29.75 112.43
29.76 111.31
29.77 104.87
29.78 93.79
29.79 88.45
29.80 0.00
29.81 0.00
29.82 0.00
29.83 0.00
29.84 0.00
29.85 0.00
29.86 0.00
29.87 0.00
29.88 0.00
29.89 0.00
29.90 246.40
29.91 246.40
29.92 246.40
29.93 246.40
29.94 246.40
29.95 246.40
29.96 246.40
29.97 246.40
29.98 246.40
29.99 246.40
30.00 246.40
30.01 246.40
30.02 246.40
30.03 246.40
30.04 246.40
30.05 246.40
30.06 246.40
30.07 246.40
30.08 246.40
30.09 246.40
30.10 246.40
30.11 246.40
30.12 246.40
30.13 246.40
30.14 246.40
30.15 246.40
30.16 246.40
30.17 0.00
30.18 0.00
30.19 0.00
30.20 0.00
30.21 0.00
30.22 328.21
30.23 328.21
30.24 328.21
30.25 328.21
30.26 328.21
30.27 328.21
30.28 328.21
30.29 273.95
30.30 273.95
30.31 273.95
30.32 273.95
30.33 273.95
30.34 273.95
30.35 273.95
30.36 273.95
30.37 273.95
30.38 273.95
30.39 273.95
30.40 273.95
30.41 273.95
30.42 273.95
30.43 273.95
30.44 273.95
30.45 273.95
30.46 273.95
30.47 273.95
30.48 273.95
30.49 273.95
30.50 273.95
30.51 273.95
30.52 273.95
30.53 273.95
30.54 273.95
30.55 273.95
30.56 273.95
30.57 273.95
30.58 273.95
30.59 273.95
30.60 273.95
30.61 273.95
30.62 273.95
30.63 273.95
30.64 0.00
30.65 0.00
30.66 0.00
30.67 0.00
30.68 0.00
30.69 0.00
30.70 0.00
30.71 0.00
30.72 0.00
30.73 223.18
30.74 223.18
30.75 223.18
30.76 223.18
30.77 223.18
30.78 223.18
30.79 223.18
30.80 223.18
30.81 223.18
30.82 223.18
30.83 223.18
30.84 223.18
30.85 223.18
30.86 223.18
30.87 223.18
30.88 223.18
30.89 223.18
30.90 223.18
30.91 223.18
30.92 223.18
30.93 223.18
30.94 223.18
30.95 223.18
30.96 223.18
30.97 223.18
30.98 223.18
30.99 223.18
31.00 223.18
31.01 223.18
31.02 223.18
31.03 223.18
31.04 223.18
31.05 223.18
31.06 223.18
31.07 223.18
31.08 223.18
31.09 223.18
31.10 223.18
31.11 223.18
31.12 223.18
31.13 223.18
31.14 223.18
31.15 223.18
31.16 223.18
31.17 223.18
31.18 223.18
31.19 223.18
31.20 223.18
31.21 223.18
31.22 223.18
31.23 223.18
31.24 223.18
31.25 223.18
31.26 223.18
31.27 223.18
31.28 223.18
31.29 223.18
31.30 223.18
31.31 223.18
31.32 223.18
31.33 223.18
31.34 223.18
31.35 223.18
31.36 223.18
31.37 223.18
31.38 223.18
31.39 223.18
31.40 223.18
31.41 223.18
31.42 223.18
31.43 223.18
31.44 223.18
31.45 223.18
31.46 223.18
31.47 223.18
31.48 223.18
31.49 223.18
31.50 223.18
31.51 223.18
31.52 0.00
31.53 0.00
31.54 0.00
31.55 0.00
31.56 0.00
31.57 0.00
31.58 0.00
31.59 0.00
31.60 0.00
31.61 0.00
31.62 0.00
31.63 0.00
31.64 0.00
31.65 0.00
31.66 0.00
31.67 0.00
31.68 0.00
31.69 0.00
31.70 0.00
31.71 0.00
31.72 0.00
31.73 0.00
31.74 0.00
31.75 0.00
31.76 0.00
31.77 0.00
31.78 0.00
31.79 0.00
31.80 0.00
31.81 0.00
31.82 0.00
31.83 0.00
31.84 0.00
31.85 0.00
31.86 0.00
31.87 0.00
31.88 0.00
31.89 0.00
31.90 0.00
31.91 0.00
31.92 0.00
31.93 0.00
31.94 0.00
31.95 0.00
31.96 0.00
31.97 0.00
31.98 0.00
31.99 0.00
32.00 0.00
32.01 0.00
32.02 0.00
32.03 0.00
32.04 0.00
32.05 0.00
32.06 0.00
32.07 0.00
32.08 178.40
32.09 178.40
32.10 178.40
32.11 178.40
32.12 178.40
32.13 178.40
32.14 178.40
32.15 178.40
32.16 196.98
32.17 196.98
32.18 196.98
32.19 196.98
32.20 196.98
32.21 196.98
32.22 196.98
32.23 196.98
32.24 196.98
32.25 196.98
32.26 196.98
32.27 196.98
32.28 196.98
32.29 196.98
32.30 196.98
32.31 196.98
32.32 196.98
32.33 196.98
32.34 196.98
32.35 -1.00
32.36 -1.00
32.37 200.57
32.38 200.57
32.39 200.57
32.40 200.57
32.41 200.57
32.42 200.57
32.43 200.57
32.44 200.57
32.45 200.57
32.46 200.57
32.47 200.57
32.48 200.57
32.49 200.57
32.50 200.57
32.51 200.57
32.52 200.57
32.53 200.57
32.54 200.57
32.55 200.57
32.56 200.57
32.57 200.57
32.58 200.57
32.59 200.57
32.60 200.57
32.61 200.57
32.62 200.57
32.63 200.57
32.64 200.57
32.65 200.57
32.66 200.57
32.67 200.57
32.68 200.57
32.69 200.57
32.70 200.57
32.71 200.57
32.72 200.57
32.73 200.57
32.74 200.57
32.75 200.57
32.76 200.57
32.77 200.57
32.78 200.57
32.79 200.57
32.80 200.57
32.81 200.57
32.82 200.57
32.83 200.57
32.84 200.57
32.85 200.57
32.86 200.57
32.87 200.57
32.88 200.57
32.89 200.57
32.90 200.57
32.91 200.57
32.92 200.57
32.93 200.57
32.94 200.57
32.95 200.57
32.96 200.57
32.97 200.57
32.98 200.57
32.99 200.57
33.00 200.57
33.01 200.57
33.02 200.57
33.03 200.57
33.04 200.57
33.05 200.57
33.06 200.57
33.07 200.57
33.08 200.57
33.09 200.57
33.10 200.57
33.11 200.57
33.12 200.57
33.13 200.57
33.14 200.57
33.15 200.57
33.16 200.57
33.17 200.57
33.18 200.57
33.19 0.00
33.20 0.00
33.21 0.00
33.22 0.00
33.23 0.00
33.24 0.00
33.25 0.00
33.26 0.00
33.27 0.00
33.28 0.00
33.29 200.04
33.30 200.04
33.31 200.04
33.32 200.04
33.33 200.04
33.34 200.04
33.35 200.04
33.36 200.04
33.37 200.04
33.38 200.04
33.39 200.04
33.40 200.04
33.41 200.04
33.42 200.04
33.43 200.04
33.44 200.04
33.45 200.04
33.46 200.04
33.47 200.04
33.48 200.04
33.49 200.04
33.50 200.04
33.51 200.04
33.52 200.04
33.53 200.04
33.54 200.04
33.55 200.04
33.56 200.04
33.57 200.04
33.58 200.04
33.59 200.04
33.60 200.04
33.61 0.00
33.62 0.00
33.63 0.00
33.64 0.00
33.65 0.00
33.66 0.00
33.67 0.00
33.68 118.22
33.69 119.73
33.70 121.13
33.71 122.81
33.72 124.55
33.73 127.16
33.74 269.38
33.75 269.38
33.76 269.38
33.77 269.38
33.78 269.38
33.79 269.38
33.80 269.38
33.81 269.38
33.82 269.38
33.83 269.38
33.84 269.38
33.85 269.38
33.86 0.00
33.87 0.00
33.88 0.00
33.89 0.00
33.90 0.00
33.91 266.67
33.92 266.67
33.93 266.67
33.94 266.67
33.95 266.67
33.96 266.67
33.97 266.67
33.98 266.67
33.99 266.67
34.00 266.67
34.01 266.67
34.02 266.67
34.03 266.67
34.04 266.67
34.05 266.67
34.06 0.00
34.07 0.00
34.08 0.00
34.09 267.62
34.10 267.62
34.11 267.62
34.12 267.62
34.13 267.62
34.14 267.62
34.15 267.62
34.16 267.62
34.17 267.62
34.18 267.62
34.19 267.62
34.20 267.62
34.21 267.62
34.22 267.62
34.23 267.62
34.24 267.62
34.25 267.62
34.26 267.62
34.27 267.62
34.28 267.62
34.29 267.62
34.30 267.62
34.31 267.62
34.32 267.62
34.33 267.62
34.34 267.62
34.35 267.62
34.36 267.62
34.37 267.62
34.38 267.62
34.39 267.62
34.40 267.62
34.41 267.62
34.42 267.62
34.43 267.62
34.44 267.62
34.45 267.62
34.46 267.62
34.47 267.62
34.48 267.62
34.49 267.62
34.50 267.62
34.51 267.62
34.52 267.62
34.53 267.62
34.54 267.62
34.55 267.62
34.56 267.62
34.57 267.62
34.58 267.62
34.59 267.62
34.60 267.62
34.61 267.62
34.62 267.62
34.63 267.62
34.64 267.62
34.65 267.62
34.66 267.62
34.67 0.00
34.68 0.00
34.69 0.00
34.70 0.00
34.71 0.00
34.72 0.00
34.73 0.00
34.74 0.00
34.75 0.00
34.76 0.00
34.77 0.00
34.78 0.00
34.79 0.00
34.80 0.00
34.81 0.00
34.82 0.00
34.83 0.00
34.84 0.00
34.85 0.00
34.86 237.56
34.87 237.56
34.88 237.56
34.89 237.56
34.90 237.56
34.91 237.56
34.92 237.56
34.93 237.56
34.94 237.56
34.95 237.56
34.96 237.56
34.97 237.56
34.98 237.56
34.99 237.56
35.00 237.56
35.01 237.56
35.02 237.56
35.03 237.56
35.04 237.56
35.05 237.56
35.06 237.56
35.07 237.56
35.08 237.56
35.09 237.56
35.10 237.56
35.11 237.56
35.12 237.56
35.13 237.56
35.14 237.56
35.15 237.56
35.16 237.56
35.17 237.56
35.18 237.56
35.19 237.56
35.20 237.56
35.21 237.56
35.22 237.56
35.23 237.56
35.24 237.56
35.25 237.56
35.26 237.56
35.27 237.56
35.28 237.56
35.29 237.56
35.30 237.56
35.31 237.56
35.32 237.56
35.33 237.56
35.34 237.56
35.35 237.56
35.36 237.56
35.37 237.56
35.38 237.56
35.39 237.56
35.40 237.56
35.41 237.56
35.42 237.56
35.43 237.56
35.44 237.56
35.45 237.56
35.46 237.56
35.47 237.56
35.48 237.56
35.49 237.56
35.50 237.56
35.51 237.56
35.52 237.56
35.53 237.56
35.54 237.56
35.55 237.56
35.56 237.56
35.57 237.56
35.58 237.56
35.59 237.56
35.60 237.56
35.61 237.56
35.62 237.56
35.63 237.56
35.64 237.56
35.65 237.56
35.66 237.56
35.67 237.56
35.68 237.56
35.69 237.56
35.70 237.56
35.71 237.56
35.72 237.56
35.73 237.56
35.74 237.56
35.75 237.56
35.76 237.56
35.77 237.56
35.78 237.56
35.79 237.56
35.80 237.56
35.81 237.56
35.82 237.56
35.83 237.56
35.84 237.56
35.85 237.56
35.86 237.56
35.87 237.56
35.88 237.56
35.89 237.56
35.90 237.56
35.91 237.56
35.92 237.56
35.93 237.56
35.94 237.56
35.95 237.56
35.96 237.56
35.97 237.56
35.98 237.56
35.99 0.00
36.00 0.00
36.01 0.00
36.02 0.00
36.03 0.00
36.04 0.00
36.05 0.00
36.06 0.00
36.07 0.00
36.08 0.00
36.09 0.00
36.10 0.00
36.11 0.00
36.12 0.00
36.13 0.00
36.14 0.00
36.15 0.00
36.16 0.00
36.17 0.00
36.18 0.00
36.19 0.00
36.20 0.00
36.21 0.00
36.22 0.00
36.23 0.00
36.24 0.00
36.25 0.00
36.26 0.00
36.27 0.00
36.28 0.00
36.29 0.00
36.30 0.00
36.31 0.00
36.32 0.00
36.33 0.00
36.34 0.00
36.35 0.00
36.36 0.00
36.37 0.00
36.38 0.00
36.39 0.00
36.40 0.00
36.41 0.00
36.42 0.00
36.43 183.53
36.44 183.53
36.45 183.53
36.46 183.53
36.47 183.53
36.48 183.53
36.49 183.53
36.50 183.53
36.51 183.53
36.52 95.42
36.53 97.04
36.54 99.16
36.55 212.95
36.56 212.95
36.57 212.95
36.58 212.95
36.59 212.95
36.60 212.95
36.61 212.95
36.62 234.71
36.63 234.71
36.64 234.71
36.65 234.71
36.66 234.71
36.67 234.71
36.68 234.71
36.69 234.71
36.70 234.71
36.71 234.71
36.72 234.71
36.73 234.71
36.74 234.71
36.75 234.71
36.76 234.71
36.77 234.71
36.78 234.71
36.79 234.71
36.80 234.71
36.81 234.71
36.82 234.71
36.83 234.71
36.84 234.71
36.85 234.71
36.86 234.71
36.87 234.71
36.88 234.71
36.89 234.71
36.90 234.71
36.91 234.71
36.92 234.71
36.93 234.71
36.94 234.71
36.95 234.71
36.96 234.71
36.97 234.71
36.98 234.71
36.99 234.71
37.00 234.71
37.01 234.71
37.02 234.71
37.03 234.71
37.04 234.71
37.05 234.71
37.06 234.71
37.07 234.71
37.08 234.71
37.09 234.71
37.10 234.71
37.11 234.71
37.12 234.71
37.13 234.71
37.14 234.71
37.15 234.71
37.16 234.71
37.17 234.71
37.18 234.71
37.19 234.71
37.20 234.71
37.21 234.71
37.22 234.71
37.23 234.71
37.24 234.71
37.25 234.71
37.26 234.71
37.27 234.71
37.28 234.71
37.29 0.00
37.30 0.00
37.31 0.00
37.32 0.00
37.33 0.00
37.34 0.00
37.35 0.00
37.36 0.00
37.37 0.00
37.38 0.00
37.39 0.00
37.40 0.00
37.41 0.00
37.42 0.00
37.43 0.00
37.44 238.22
37.45 238.22
37.46 238.22
37.47 238.22
37.48 238.22
37.49 238.22
37.50 238.22
37.51 238.22
37.52 238.22
37.53 238.22
37.54 238.22
37.55 238.22
37.56 238.22
37.57 238.22
37.58 238.22
37.59 238.22
37.60 238.22
37.61 238.22
37.62 238.22
37.63 238.22
37.64 238.22
37.65 238.22
37.66 238.22
37.67 238.22
37.68 238.22
37.69 238.22
37.70 238.22
37.71 238.22
37.72 238.22
37.73 238.22
37.74 238.22
37.75 238.22
37.76 238.22
37.77 238.22
37.78 238.22
37.79 238.22
37.80 238.22
37.81 238.22
37.82 238.22
37.83 238.22
37.84 238.22
37.85 238.22
37.86 238.22
37.87 238.22
37.88 238.22
37.89 238.22
37.90 238.22
37.91 238.22
37.92 238.22
37.93 238.22
37.94 238.22
37.95 238.22
37.96 238.22
37.97 238.22
37.98 238.22
37.99 238.22
38.00 238.22
38.01 238.22
38.02 238.22
38.03 238.22
38.04 238.22
38.05 238.22
38.06 238.22
38.07 238.22
38.08 238.22
38.09 238.22
38.10 238.22
38.11 238.22
38.12 238.22
38.13 238.22
38.14 238.22
38.15 238.22
38.16 238.22
38.17 238.22
38.18 238.22
38.19 238.22
38.20 238.22
38.21 238.22
38.22 238.22
38.23 238.22
38.24 238.22
38.25 238.22
38.26 238.22
38.27 238.22
38.28 238.22
38.29 238.22
38.30 110.40
38.31 107.05
38.32 102.92
38.33 196.01
38.34 196.01
38.35 196.01
38.36 196.01
38.37 196.01
38.38 196.01
38.39 196.01
38.40 106.60
38.41 109.99
38.42 236.19
38.43 236.19
38.44 236.19
38.45 236.19
38.46 236.19
38.47 236.19
38.48 236.19
38.49 236.19
38.50 236.19
38.51 236.19
38.52 236.19
38.53 236.19
38.54 236.19
38.55 236.19
38.56 236.19
38.57 236.19
38.58 236.19
38.59 236.19
38.60 236.19
38.61 236.19
38.62 236.19
38.63 236.19
38.64 236.19
38.65 236.19
38.66 236.19
38.67 236.19
38.68 236.19
38.69 236.19
38.70 236.19
38.71 236.19
38.72 236.19
38.73 236.19
38.74 236.19
38.75 236.19
38.76 236.19
38.77 236.19
38.78 236.19
38.79 236.19
38.80 236.19
38.81 236.19
38.82 236.19
38.83 236.19
38.84 236.19
38.85 236.19
38.86 236.19
38.87 236.19
38.88 236.19
38.89 236.19
38.90 236.19
38.91 236.19
38.92 236.19
38.93 236.19
38.94 236.19
38.95 236.19
38.96 236.19
38.97 236.19
38.98 236.19
38.99 236.19
39.00 236.19
39.01 236.19
39.02 236.19
39.03 236.19
39.04 236.19
39.05 236.19
39.06 236.19
39.07 236.19
39.08 236.19
39.09 236.19
39.10 236.19
39.11 0.00
39.12 0.00
39.13 0.00
39.14 0.00
39.15 236.67
39.16 236.67
39.17 236.67
39.18 236.67
39.19 236.67
39.20 236.67
39.21 236.67
39.22 236.67
39.23 236.67
39.24 236.67
39.25 236.67
39.26 236.67
39.27 236.67
39.28 236.67
39.29 236.67
39.30 236.67
39.31 236.67
39.32 236.67
39.33 236.67
39.34 236.67
39.35 236.67
39.36 236.67
39.37 236.67
39.38 236.67
39.39 236.67
39.40 236.67
39.41 236.67
39.42 236.67
39.43 236.67
39.44 236.67
39.45 236.67
39.46 236.67
39.47 0.00
39.48 0.00
39.49 0.00
39.50 0.00
39.51 0.00
39.52 0.00
39.53 0.00
39.54 0.00
39.55 239.54
39.56 239.54
39.57 239.54
39.58 239.54
39.59 239.54
39.60 239.54
39.61 239.54
39.62 239.54
39.63 239.54
39.64 239.54
39.65 239.54
39.66 239.54
39.67 239.54
39.68 239.54
39.69 239.54
39.70 239.54
39.71 239.54
39.72 239.54
39.73 239.54
39.74 239.54
39.75 239.54
39.76 239.54
39.77 239.54
39.78 239.54
39.79 239.54
39.80 -1.00
39.81 -1.00
39.82 -1.00
39.83 -1.00
39.84 -1.00
39.85 -1.00
39.86 -1.00
39.87 251.04
39.88 251.04
39.89 251.04
39.90 251.04
39.91 251.04
39.92 251.04
39.93 251.04
39.94 251.04
39.95 237.20
39.96 237.20
39.97 237.20
39.98 237.20
39.99 237.20
40.00 237.20
40.01 237.20
40.02 237.20
40.03 237.20
40.04 237.20
40.05 237.20
40.06 237.20
40.07 237.20
40.08 237.20
40.09 237.20
40.10 237.20
40.11 237.20
40.12 237.20
40.13 237.20
40.14 237.20
40.15 237.20
40.16 237.20
40.17 237.20
40.18 237.20
40.19 237.20
40.20 237.20
40.21 237.20
40.22 237.20
40.23 237.20
40.24 237.20
40.25 237.20
40.26 237.20
40.27 237.20
40.28 237.20
40.29 237.20
40.30 237.20
40.31 237.20
40.32 0.00
40.33 0.00
40.34 0.00
40.35 0.00
40.36 0.00
40.37 0.00
40.38 0.00
40.39 0.00
40.40 0.00
40.41 0.00
40.42 0.00
40.43 0.00
40.44 0.00
40.45 0.00
40.46 0.00
40.47 0.00
40.48 0.00
40.49 0.00
40.50 0.00
40.51 0.00
40.52 0.00
40.53 0.00
40.54 0.00
40.55 0.00
40.56 0.00
40.57 0.00
40.58 0.00
40.59 0.00
40.60 0.00
40.61 0.00
40.62 0.00
40.63 0.00
40.64 0.00
40.65 0.00
40.66 0.00
40.67 0.00
40.68 0.00
40.69 0.00
40.70 0.00
40.71 0.00
40.72 67.60
40.73 68.93
40.74 69.79
40.75 75.14
40.76 77.05
40.77 80.87
40.78 83.57
40.79 86.57
40.80 89.52
40.81 190.97
40.82 190.97
40.83 190.97
40.84 190.97
40.85 190.97
40.86 190.97
40.87 190.97
40.88 190.97
40.89 99.78
40.90 101.42
40.91 102.90
40.92 104.34
40.93 106.26
40.94 225.95
40.95 225.95
40.96 225.95
40.97 225.95
40.98 225.95
40.99 225.95
41.00 225.95
41.01 225.95
41.02 225.95
41.03 237.47
41.04 237.47
41.05 237.47
41.06 237.47
41.07 237.47
41.08 237.47
41.09 237.47
41.10 237.47
41.11 237.47
41.12 237.47
41.13 237.47
41.14 237.47
41.15 237.47
41.16 237.47
41.17 237.47
41.18 237.47
41.19 237.47
41.20 237.47
41.21 237.47
41.22 237.47
41.23 237.47
41.24 237.47
41.25 237.47
41.26 237.47
41.27 237.47
41.28 237.47
41.29 237.47
41.30 237.47
41.31 237.47
41.32 237.47
41.33 237.47
41.34 237.47
41.35 237.47
41.36 237.47
41.37 237.47
41.38 237.47
41.39 237.47
41.40 237.47
41.41 237.47
41.42 237.47
41.43 237.47
41.44 237.47
41.45 237.47
41.46 237.47
41.47 -1.00
41.48 -1.00
41.49 -1.00
41.50 -1.00
41.51 238.56
41.52 238.56
41.53 238.56
41.54 238.56
41.55 238.56
41.56 238.56
41.57 238.56
41.58 238.56
41.59 238.56
41.60 238.56
41.61 238.56
41.62 238.56
41.63 238.56
41.64 238.56
41.65 0.00
41.66 0.00
41.67 0.00
41.68 0.00
41.69 0.00
41.70 0.00
41.71 0.00
41.72 0.00
41.73 0.00
41.74 0.00
41.75 0.00
41.76 0.00
41.77 240.73
41.78 240.73
41.79 240.73
41.80 240.73
41.81 240.73
41.82 240.73
41.83 240.73
41.84 240.73
41.85 240.73
41.86 240.73
41.87 240.73
41.88 240.73
41.89 240.73
41.90 240.73
41.91 240.73
41.92 240.73
41.93 240.73
41.94 240.73
41.95 240.73
41.96 240.73
41.97 240.73
41.98 240.73
41.99 240.73
42.00 240.73
42.01 240.73
42.02 240.73
42.03 240.73
42.04 240.73
42.05 240.73
42.06 240.73
42.07 240.73
42.08 240.73
42.09 240.73
42.10 240.73
42.11 240.73
42.12 240.73
42.13 240.73
42.14 240.73
42.15 240.73
42.16 240.73
42.17 263.45
42.18 263.45
42.19 263.45
42.20 263.45
42.21 263.45
42.22 263.45
42.23 263.45
42.24 263.45
42.25 263.45
42.26 263.45
42.27 263.45
42.28 263.45
42.29 263.45
42.30 263.45
42.31 263.45
42.32 263.45
42.33 263.45
42.34 263.45
42.35 263.45
42.36 263.45
42.37 263.45
42.38 263.45
42.39 263.45
42.40 263.45
42.41 263.45
42.42 263.45
42.43 263.45
42.44 263.45
42.45 263.45
42.46 263.45
42.47 263.45
42.48 263.45
42.49 263.45
42.50 263.45
42.51 263.45
42.52 263.45
42.53 263.45
42.54 263.45
42.55 263.45
42.56 263.45
42.57 263.45
42.58 263.45
42.59 263.45
42.60 263.45
42.61 237.35
42.62 237.35
42.63 237.35
42.64 237.35
42.65 237.35
42.66 237.35
42.67 237.35
42.68 237.35
42.69 237.35
42.70 237.35
42.71 237.35
42.72 237.35
42.73 237.35
42.74 237.35
42.75 237.35
42.76 237.35
42.77 237.35
42.78 237.35
42.79 237.35
42.80 237.35
42.81 237.35
42.82 237.35
42.83 237.35
42.84 237.35
42.85 237.35
42.86 237.35
42.87 237.35
42.88 237.35
42.89 237.35
42.90 237.35
42.91 237.35
42.92 237.35
42.93 237.35
42.94 237.35
42.95 237.35
42.96 237.35
42.97 0.00
42.98 0.00
42.99 0.00
43.00 0.00
43.01 0.00
43.02 0.00
43.03 0.00
43.04 0.00
43.05 216.43
43.06 216.43
43.07 216.43
43.08 216.43
43.09 216.43
43.10 216.43
43.11 216.43
43.12 216.43
43.13 216.43
43.14 216.43
43.15 216.43
43.16 216.43
43.17 216.43
43.18 216.43
43.19 216.43
43.20 0.00
43.21 0.00
43.22 0.00
43.23 0.00
43.24 0.00
43.25 0.00
43.26 0.00
43.27 0.00
43.28 0.00
43.29 0.00
43.30 0.00
43.31 0.00
43.32 0.00
43.33 0.00
43.34 0.00
43.35 0.00
43.36 0.00
43.37 0.00
43.38 0.00
43.39 0.00
43.40 0.00
43.41 0.00
43.42 0.00
43.43 0.00
43.44 0.00
43.45 0.00
43.46 0.00
43.47 0.00
43.48 0.00
43.49 0.00
43.50 0.00
43.51 0.00
43.52 0.00
43.53 0.00
43.54 0.00
43.55 0.00
43.56 0.00
43.57 0.00
43.58 0.00
43.59 0.00
43.60 0.00
43.61 0.00
43.62 0.00
43.63 223.13
43.64 223.13
43.65 223.13
43.66 223.13
43.67 223.13
43.68 223.13
43.69 223.13
43.70 223.13
43.71 223.13
43.72 223.13
43.73 223.13
43.74 244.80
43.75 244.80
43.76 244.80
43.77 244.80
43.78 244.80
43.79 244.80
43.80 244.80
43.81 244.80
43.82 244.80
43.83 244.80
43.84 244.80
43.85 262.70
43.86 262.70
43.87 262.70
43.88 262.70
43.89 262.70
43.90 262.70
43.91 262.70
43.92 262.70
43.93 262.70
43.94 262.70
43.95 262.70
43.96 262.70
43.97 262.70
43.98 262.70
43.99 262.70
44.00 262.70
44.01 262.70
44.02 262.70
44.03 262.70
44.04 262.70
44.05 262.70
44.06 262.70
44.07 262.70
44.08 262.70
44.09 262.70
44.10 262.70
44.11 262.70
44.12 262.70
44.13 262.70
44.14 262.70
44.15 262.70
44.16 262.70
44.17 262.70
44.18 262.70
44.19 262.70
44.20 262.70
44.21 262.70
44.22 262.70
44.23 262.70
44.24 262.70
44.25 262.70
44.26 262.70
44.27 262.70
44.28 262.70
44.29 262.70
44.30 262.70
44.31 262.70
44.32 262.70
44.33 262.70
44.34 262.70
44.35 262.70
44.36 262.70
44.37 262.70
44.38 262.70
44.39 262.70
44.40 262.70
44.41 262.70
44.42 262.70
44.43 262.70
44.44 262.70
44.45 262.70
44.46 262.70
44.47 262.70
44.48 262.70
44.49 262.70
44.50 262.70
44.51 262.70
44.52 262.70
44.53 262.70
44.54 262.70
44.55 262.70
44.56 262.70
44.57 262.70
44.58 262.70
44.59 262.70
44.60 262.70
44.61 262.70
44.62 262.70
44.63 262.70
44.64 262.70
44.65 262.70
44.66 262.70
44.67 262.70
44.68 262.70
44.69 262.70
44.70 262.70
44.71 262.70
44.72 262.70
44.73 262.70
44.74 262.70
44.75 262.70
44.76 262.70
44.77 262.70
44.78 262.70
44.79 262.70
44.80 262.70
44.81 262.70
44.82 262.70
44.83 262.70
44.84 262.70
44.85 262.70
44.86 262.70
44.87 262.70
44.88 262.70
44.89 262.70
44.90 262.70
44.91 262.70
44.92 262.70
44.93 262.70
44.94 262.70
44.95 262.70
44.96 262.70
44.97 262.70
44.98 262.70
44.99 262.70
45.00 245.48
45.01 245.48
45.02 245.48
45.03 245.48
45.04 245.48
45.05 245.48
45.06 245.48
45.07 245.48
45.08 245.48
45.09 245.48
45.10 245.48
45.11 245.48
45.12 245.48
45.13 245.48
45.14 245.48
45.15 245.48
45.16 245.48
45.17 245.48
45.18 245.48
45.19 245.48
45.20 245.48
45.21 245.48
45.22 245.48
45.23 245.48
45.24 245.48
45.25 245.48
45.26 245.48
45.27 245.48
45.28 245.48
45.29 245.48
45.30 245.48
45.31 245.48
45.32 257.98
45.33 257.98
45.34 257.98
45.35 257.98
45.36 257.98
45.37 257.98
45.38 257.98
45.39 257.98
45.40 241.74
45.41 241.74
45.42 241.74
45.43 241.74
45.44 241.74
45.45 241.74
45.46 241.74
45.47 241.74
45.48 241.74
45.49 241.74
45.50 241.74
45.51 241.74
45.52 241.74
45.53 241.74
45.54 241.74
45.55 241.74
45.56 241.74
45.57 241.74
45.58 241.74
45.59 241.74
45.60 241.74
45.61 241.74
45.62 241.74
45.63 241.74
45.64 241.74
45.65 241.74
45.66 241.74
45.67 241.74
45.68 241.74
45.69 241.74
45.70 241.74
45.71 241.74
45.72 241.74
45.73 241.74
45.74 241.74
45.75 241.74
45.76 241.74
45.77 241.74
45.78 241.74
45.79 241.74
45.80 241.74
45.81 241.74
45.82 241.74
45.83 241.74
45.84 241.74
45.85 241.74
45.86 241.74
45.87 241.74
45.88 241.74
45.89 241.74
45.90 241.74
45.91 241.74
45.92 241.74
45.93 241.74
45.94 241.74
45.95 241.74
45.96 241.74
45.97 241.74
45.98 241.74
45.99 241.74
46.00 241.74
46.01 241.74
46.02 241.74
46.03 241.74
46.04 241.74
46.05 241.74
46.06 241.74
46.07 241.74
46.08 241.74
46.09 241.74
46.10 241.74
46.11 241.74
46.12 241.74
46.13 241.74
46.14 241.74
46.15 241.74
46.16 241.74
46.17 241.74
46.18 241.74
46.19 241.74
46.20 241.74
46.21 241.74
46.22 241.74
46.23 241.74
46.24 241.74
46.25 241.74
46.26 241.74
46.27 241.74
46.28 241.74
46.29 241.74
46.30 241.74
46.31 241.74
46.32 241.74
46.33 241.74
46.34 241.74
46.35 241.74
46.36 241.74
46.37 241.74
46.38 241.74
46.39 241.74
46.40 241.74
46.41 241.74
46.42 241.74
46.43 241.74
46.44 241.74
46.45 241.74
46.46 0.00
46.47 0.00
46.48 0.00
46.49 0.00
46.50 0.00
46.51 0.00
46.52 0.00
46.53 0.00
46.54 263.99
46.55 263.99
46.56 263.99
46.57 263.99
46.58 263.99
46.59 263.99
46.60 263.99
46.61 263.99
46.62 263.99
46.63 263.99
46.64 263.99
46.65 263.99
46.66 263.99
46.67 263.99
46.68 263.99
46.69 263.99
46.70 263.99
46.71 263.99
46.72 263.99
46.73 0.00
46.74 0.00
46.75 0.00
46.76 0.00
46.77 0.00
46.78 0.00
46.79 0.00
46.80 0.00
46.81 0.00
46.82 0.00
46.83 0.00
46.84 0.00
46.85 0.00
46.86 0.00
46.87 0.00
46.88 0.00
46.89 0.00
46.90 0.00
46.91 0.00
46.92 0.00
46.93 0.00
46.94 0.00
46.95 0.00
46.96 0.00
46.97 238.82
46.98 238.82
46.99 238.82
47.00 238.82
47.01 238.82
47.02 238.82
47.03 238.82
47.04 238.82
47.05 238.82
47.06 238.82
47.07 238.82
47.08 238.82
47.09 238.82
47.10 238.82
47.11 238.82
47.12 238.82
47.13 238.82
47.14 238.82
47.15 238.82
47.16 238.82
47.17 238.82
47.18 238.82
47.19 238.82
47.20 238.82
47.21 238.82
47.22 238.82
47.23 238.82
47.24 238.82
47.25 238.82
47.26 238.82
47.27 238.82
47.28 238.82
47.29 238.82
47.30 238.82
47.31 238.82
47.32 238.82
47.33 238.82
47.34 238.82
47.35 238.82
47.36 238.82
47.37 238.82
47.38 238.82
47.39 238.82
47.40 238.82
47.41 238.82
47.42 238.82
47.43 238.82
47.44 238.82
47.45 238.82
47.46 238.82
47.47 238.82
47.48 238.82
47.49 238.82
47.50 238.82
47.51 238.82
47.52 238.82
47.53 238.82
47.54 238.82
47.55 238.82
47.56 238.82
47.57 238.82
47.58 238.82
47.59 238.82
47.60 238.82
47.61 238.82
47.62 238.82
47.63 238.82
47.64 238.82
47.65 238.82
47.66 238.82
47.67 238.82
47.68 238.82
47.69 238.82
47.70 238.82
47.71 238.82
47.72 238.82
47.73 238.82
47.74 238.82
47.75 238.82
47.76 238.82
47.77 238.82
47.78 238.82
47.79 238.82
47.80 238.82
47.81 238.82
47.82 238.82
47.83 238.82
47.84 238.82
47.85 238.82
47.86 238.82
47.87 238.82
47.88 238.82
47.89 238.82
47.90 238.82
47.91 238.82
47.92 238.82
47.93 238.82
47.94 238.82
47.95 238.82
47.96 238.82
47.97 238.82
47.98 238.82
47.99 238.82
48.00 238.82
48.01 238.82
48.02 238.82
48.03 238.82
48.04 238.82
48.05 238.82
48.06 238.82
48.07 238.82
48.08 238.82
48.09 238.82
48.10 238.82
48.11 238.82
48.12 238.82
48.13 238.82
48.14 238.82
48.15 238.82
48.16 238.82
48.17 238.82
48.18 238.82
48.19 238.82
48.20 238.82
48.21 238.82
48.22 238.82
48.23 238.82
48.24 238.82
48.25 238.82
48.26 238.82
48.27 238.82
48.28 238.82
48.29 238.82
48.30 238.82
48.31 238.82
48.32 238.82
48.33 238.82
48.34 238.82
48.35 238.82
48.36 238.82
48.37 238.82
48.38 238.82
48.39 238.82
48.40 238.82
48.41 238.82
48.42 238.82
48.43 238.82
48.44 238.82
48.45 238.82
48.46 238.82
48.47 0.00
48.48 0.00
48.49 0.00
48.50 0.00
48.51 0.00
48.52 0.00
48.53 0.00
48.54 0.00
48.55 0.00
48.56 0.00
48.57 219.74
48.58 219.74
48.59 219.74
48.60 219.74
48.61 219.74
48.62 219.74
48.63 219.74
48.64 219.74
48.65 219.74
48.66 219.74
48.67 219.74
48.68 219.74
48.69 219.74
48.70 219.74
48.71 219.74
48.72 219.74
48.73 219.74
48.74 219.74
48.75 219.74
48.76 219.74
48.77 219.74
48.78 219.74
48.79 219.74
48.80 219.74
48.81 219.74
48.82 219.74
48.83 219.74
48.84 219.74
48.85 219.74
48.86 219.74
48.87 219.74
48.88 219.74
48.89 219.74
48.90 219.74
48.91 219.74
48.92 219.74
48.93 219.74
48.94 219.74
48.95 219.74
48.96 219.74
48.97 219.74
48.98 219.74
48.99 219.74
49.00 219.74
49.01 219.74
49.02 219.74
49.03 219.74
49.04 219.74
49.05 219.74
49.06 219.74
49.07 219.74
49.08 219.74
49.09 219.74
49.10 219.74
49.11 219.74
49.12 219.74
49.13 219.74
49.14 219.74
49.15 219.74
49.16 219.74
49.17 219.74
49.18 219.74
49.19 219.74
49.20 219.74
49.21 219.74
49.22 219.74
49.23 219.74
49.24 219.74
49.25 219.74
49.26 219.74
49.27 219.74
49.28 -1.00
49.29 -1.00
49.30 -1.00
49.31 -1.00
49.32 -1.00
49.33 -1.00
49.34 -1.00
49.35 -1.00
49.36 -1.00
49.37 -1.00
49.38 193.38
49.39 193.38
49.40 193.38
49.41 193.38
49.42 193.38
49.43 193.38
49.44 193.38
49.45 193.38
49.46 193.38
49.47 193.38
49.48 193.38
49.49 193.38
49.50 193.38
49.51 193.38
49.52 193.38
49.53 193.38
49.54 193.38
49.55 193.38
49.56 193.38
49.57 193.38
49.58 193.38
49.59 193.38
49.60 193.38
49.61 193.38
49.62 193.38
49.63 193.38
49.64 193.38
49.65 193.38
49.66 193.38
49.67 193.38
49.68 193.38
49.69 193.38
49.70 193.38
49.71 193.38
49.72 193.38
49.73 193.38
49.74 193.38
49.75 193.38
49.76 193.38
49.77 193.38
49.78 193.38
49.79 193.38
49.80 193.38
49.81 193.38
49.82 193.38
49.83 193.38
49.84 193.38
49.85 193.38
49.86 193.38
49.87 193.38
49.88 193.38
49.89 193.38
49.90 193.38
49.91 193.38
49.92 193.38
49.93 193.38
49.94 193.38
49.95 193.38
49.96 193.38
49.97 193.38
49.98 193.38
49.99 193.38
50.00 193.38
50.01 193.38
50.02 193.38
50.03 193.38
50.04 193.38
50.05 193.38
50.06 193.38
50.07 193.38
50.08 193.38
50.09 193.38
50.10 193.38
50.11 193.38
50.12 193.38
50.13 193.38
50.14 193.38
50.15 193.38
50.16 193.38
50.17 193.38
50.18 193.38
50.19 193.38
50.20 178.29
50.21 178.29
50.22 178.29
50.23 178.29
50.24 178.29
50.25 178.29
50.26 178.29
50.27 178.29
50.28 178.29
50.29 178.29
50.30 178.29
50.31 178.29
50.32 178.29
50.33 178.29
50.34 178.29
50.35 178.29
50.36 178.29
50.37 178.29
50.38 178.29
50.39 178.29
50.40 178.29
50.41 178.29
50.42 178.29
50.43 178.29
50.44 178.29
50.45 178.29
50.46 178.29
50.47 178.29
50.48 178.29
50.49 178.29
50.50 178.29
50.51 178.29
50.52 178.29
50.53 178.29
50.54 178.29
50.55 178.29
50.56 178.29
50.57 178.29
50.58 178.29
50.59 178.29
50.60 178.29
50.61 178.29
50.62 178.29
50.63 178.29
50.64 178.29
50.65 178.29
50.66 178.29
50.67 178.29
50.68 178.29
50.69 178.29
50.70 178.29
50.71 178.29
50.72 178.29
50.73 178.29
50.74 178.29
50.75 178.29
50.76 178.29
50.77 178.29
50.78 178.29
50.79 178.29
50.80 178.29
50.81 178.29
50.82 178.29
50.83 178.29
50.84 178.29
50.85 178.29
50.86 178.29
50.87 178.29
50.88 178.29
50.89 178.29
50.90 178.29
50.91 178.29
50.92 178.29
50.93 178.29
50.94 178.29
50.95 178.29
50.96 178.29
50.97 178.29
50.98 178.29
50.99 178.29
51.00 178.29
51.01 178.29
51.02 178.29
51.03 178.29
51.04 178.29
51.05 178.29
51.06 178.29
51.07 178.29
51.08 178.29
51.09 178.29
51.10 178.29
51.11 178.29
51.12 178.29
51.13 178.29
51.14 178.29
51.15 178.29
51.16 178.29
51.17 178.29
51.18 178.29
51.19 178.29
51.20 178.29
51.21 178.29
51.22 178.29
51.23 178.29
51.24 178.29
51.25 178.29
51.26 178.29
51.27 178.29
51.28 178.29
51.29 178.29
51.30 178.29
51.31 178.29
51.32 178.29
51.33 178.29
51.34 178.29
51.35 178.29
51.36 178.29
51.37 178.29
51.38 178.29
51.39 178.29
51.40 178.29
51.41 178.29
51.42 178.29
51.43 178.29
51.44 178.29
51.45 178.29
51.46 178.29
51.47 178.29
51.48 178.29
51.49 178.29
51.50 178.29
51.51 178.29
51.52 178.29
51.53 178.29
51.54 178.29
51.55 178.29
51.56 178.29
51.57 178.29
51.58 178.29
51.59 178.29
51.60 178.29
51.61 178.29
51.62 178.29
51.63 178.29
51.64 178.29
51.65 178.29
51.66 178.29
51.67 178.29
51.68 178.29
51.69 178.29
51.70 178.29
51.71 178.29
51.72 178.29
51.73 178.29
51.74 178.29
51.75 178.29
51.76 178.29
51.77 178.29
51.78 178.29
51.79 178.29
51.80 178.29
51.81 178.29
51.82 178.29
51.83 178.29
51.84 178.29
51.85 178.29
51.86 178.29
51.87 178.29
51.88 178.29
51.89 178.29
51.90 178.29
51.91 178.29
51.92 178.29
51.93 178.29
51.94 178.29
51.95 178.29
51.96 178.29
51.97 178.29
51.98 178.29
51.99 178.29
52.00 178.29
52.01 178.29
52.02 178.29
52.03 178.29
52.04 178.29
52.05 178.29
52.06 178.29
52.07 178.29
52.08 178.29
52.09 178.29
52.10 178.29
52.11 178.29
52.12 178.29
52.13 178.29
52.14 178.29
52.15 178.29
52.16 178.29
52.17 0.00
52.18 0.00
52.19 0.00
52.20 0.00
52.21 0.00
52.22 0.00
52.23 0.00
52.24 0.00
52.25 0.00
52.26 0.00
52.27 0.00
52.28 0.00
52.29 0.00
52.30 0.00
52.31 0.00
52.32 0.00
52.33 0.00
52.34 0.00
52.35 0.00
52.36 0.00
52.37 0.00
52.38 0.00
52.39 0.00
52.40 0.00
52.41 0.00
52.42 0.00
52.43 0.00
52.44 0.00
52.45 0.00
52.46 0.00
52.47 0.00
52.48 0.00
52.49 0.00
52.50 0.00
52.51 0.00
52.52 0.00
52.53 0.00
52.54 0.00
52.55 0.00
52.56 0.00
52.57 0.00
52.58 0.00
52.59 0.00
52.60 0.00
52.61 0.00
52.62 0.00
52.63 0.00
52.64 0.00
52.65 0.00
52.66 0.00
52.67 0.00
52.68 0.00
52.69 0.00
52.70 0.00
52.71 0.00
52.72 0.00
52.73 0.00
52.74 0.00
52.75 160.72
52.76 160.72
52.77 160.72
52.78 160.72
52.79 160.72
52.80 160.72
52.81 160.72
52.82 160.72
52.83 160.72
52.84 160.72
52.85 160.72
52.86 160.72
52.87 160.72
52.88 176.63
52.89 176.63
52.90 176.63
52.91 176.63
52.92 176.63
52.93 176.63
52.94 176.63
52.95 188.32
52.96 188.32
52.97 188.32
52.98 188.32
52.99 188.32
53.00 188.32
53.01 188.32
53.02 188.32
53.03 99.06
53.04 208.48
53.05 208.48
53.06 208.48
53.07 208.48
53.08 208.48
53.09 208.48
53.10 208.48
53.11 224.88
53.12 224.88
53.13 224.88
53.14 224.88
53.15 224.88
53.16 224.88
53.17 224.88
53.18 224.88
53.19 224.88
53.20 224.88
53.21 224.88
53.22 224.88
53.23 240.04
53.24 240.04
53.25 240.04
53.26 240.04
53.27 240.04
53.28 240.04
53.29 240.04
53.30 240.04
53.31 240.04
53.32 240.04
53.33 240.04
53.34 240.04
53.35 240.04
53.36 240.04
53.37 240.04
53.38 240.04
53.39 240.04
53.40 240.04
53.41 240.04
53.42 240.04
53.43 240.04
53.44 240.04
53.45 240.04
53.46 240.04
53.47 240.04
53.48 240.04
53.49 240.04
53.50 240.04
53.51 240.04
53.52 240.04
53.53 240.04
53.54 240.04
53.55 240.04
53.56 240.04
53.57 240.04
53.58 240.04
53.59 240.04
53.60 240.04
53.61 240.04
53.62 240.04
53.63 240.04
53.64 240.04
53.65 240.04
53.66 240.04
53.67 240.04
53.68 240.04
53.69 240.04
53.70 240.04
53.71 240.04
53.72 240.04
53.73 240.04
53.74 240.04
53.75 240.04
53.76 240.04
53.77 240.04
53.78 240.04
53.79 240.04
53.80 240.04
53.81 240.04
53.82 240.04
53.83 240.04
53.84 240.04
53.85 240.04
53.86 240.04
53.87 240.04
53.88 240.04
53.89 240.04
53.90 240.04
53.91 240.04
53.92 240.04
53.93 240.04
53.94 240.04
53.95 240.04
53.96 240.04
53.97 240.04
53.98 240.04
53.99 240.04
54.00 240.04
54.01 240.04
54.02 240.04
54.03 240.04
54.04 240.04
54.05 240.04
54.06 240.04
54.07 240.04
54.08 240.04
54.09 240.04
54.10 240.04
54.11 240.04
54.12 240.04
54.13 240.04
54.14 240.04
54.15 240.04
54.16 240.04
54.17 240.04
54.18 240.04
54.19 0.00
54.20 0.00
54.21 0.00
54.22 0.00
54.23 0.00
54.24 0.00
54.25 0.00
54.26 0.00
54.27 0.00
54.28 0.00
54.29 0.00
54.30 0.00
54.31 0.00
54.32 0.00
54.33 0.00
54.34 0.00
54.35 0.00
54.36 0.00
54.37 0.00
54.38 0.00
54.39 0.00
54.40 0.00
54.41 240.21
54.42 240.21
54.43 240.21
54.44 240.21
54.45 240.21
54.46 240.21
54.47 240.21
54.48 240.21
54.49 240.21
54.50 240.21
54.51 240.21
54.52 240.21
54.53 240.21
54.54 240.21
54.55 240.21
54.56 240.21
54.57 240.21
54.58 240.21
54.59 240.21
54.60 240.21
54.61 240.21
54.62 240.21
54.63 240.21
54.64 240.21
54.65 240.21
54.66 240.21
54.67 240.21
54.68 240.21
54.69 240.21
54.70 240.21
54.71 240.21
54.72 240.21
54.73 240.21
54.74 240.21
54.75 240.21
54.76 240.21
54.77 240.21
54.78 240.21
54.79 240.21
54.80 240.21
54.81 240.21
54.82 240.21
54.83 240.21
54.84 240.21
54.85 240.21
54.86 240.21
54.87 240.21
54.88 240.21
54.89 240.21
54.90 240.21
54.91 240.21
54.92 240.21
54.93 240.21
54.94 240.21
54.95 240.21
54.96 240.21
54.97 240.21
54.98 240.21
54.99 240.21
55.00 240.21
55.01 240.21
55.02 0.00
55.03 0.00
55.04 0.00
55.05 0.00
55.06 0.00
55.07 0.00
55.08 0.00
55.09 0.00
55.10 0.00
55.11 0.00
55.12 0.00
55.13 0.00
55.14 0.00
55.15 0.00
55.16 0.00
55.17 0.00
55.18 0.00
55.19 0.00
55.20 0.00
55.21 0.00
55.22 0.00
55.23 241.50
55.24 241.50
55.25 241.50
55.26 241.50
55.27 241.50
55.28 241.50
55.29 241.50
55.30 241.50
55.31 241.50
55.32 241.50
55.33 241.50
55.34 241.50
55.35 241.50
55.36 241.50
55.37 241.50
55.38 241.50
55.39 241.50
55.40 241.50
55.41 241.50
55.42 241.50
55.43 241.50
55.44 241.50
55.45 241.50
55.46 241.50
55.47 241.50
55.48 0.00
55.49 0.00
55.50 0.00
55.51 0.00
55.52 0.00
55.53 0.00
55.54 0.00
55.55 0.00
55.56 0.00
55.57 0.00
55.58 0.00
55.59 264.94
55.60 264.94
55.61 264.94
55.62 264.94
55.63 264.94
55.64 264.94
55.65 264.94
55.66 264.94
55.67 264.94
55.68 264.94
55.69 264.94
55.70 264.94
55.71 264.94
55.72 264.94
55.73 264.94
55.74 264.94
55.75 264.94
55.76 264.94
55.77 264.94
55.78 264.94
55.79 264.94
55.80 264.94
55.81 264.94
55.82 264.94
55.83 264.94
55.84 264.94
55.85 264.94
55.86 264.94
55.87 264.94
55.88 264.94
55.89 0.00
55.90 0.00
55.91 0.00
55.92 0.00
55.93 0.00
55.94 0.00
55.95 0.00
55.96 0.00
55.97 0.00
55.98 0.00
55.99 0.00
56.00 0.00
56.01 0.00
56.02 222.87
56.03 222.87
56.04 222.87
56.05 222.87
56.06 222.87
56.07 222.87
56.08 222.87
56.09 222.87
56.10 222.87
56.11 222.87
56.12 222.87
56.13 222.87
56.14 222.87
56.15 222.87
56.16 222.87
56.17 222.87
56.18 222.87
56.19 222.87
56.20 222.87
56.21 222.87
56.22 222.87
56.23 222.87
56.24 222.87
56.25 222.87
56.26 222.87
56.27 222.87
56.28 222.87
56.29 222.87
56.30 222.87
56.31 222.87
56.32 222.87
56.33 222.87
56.34 222.87
56.35 222.87
56.36 222.87
56.37 222.87
56.38 222.87
56.39 222.87
56.40 222.87
56.41 222.87
56.42 222.87
56.43 222.87
56.44 222.87
56.45 222.87
56.46 222.87
56.47 222.87
56.48 222.87
56.49 222.87
56.50 222.87
56.51 222.87
56.52 222.87
56.53 222.87
56.54 222.87
56.55 222.87
56.56 222.87
56.57 222.87
56.58 222.87
56.59 222.87
56.60 222.87
56.61 222.87
56.62 222.87
56.63 222.87
56.64 222.87
56.65 222.87
56.66 222.87
56.67 222.87
56.68 222.87
56.69 222.87
56.70 222.87
56.71 222.87
56.72 222.87
56.73 222.87
56.74 222.87
56.75 222.87
56.76 222.87
56.77 222.87
56.78 222.87
56.79 222.87
56.80 222.87
56.81 222.87
56.82 222.87
56.83 222.87
56.84 222.87
56.85 222.87
56.86 222.87
56.87 0.00
56.88 0.00
56.89 0.00
56.90 0.00
56.91 0.00
56.92 0.00
56.93 0.00
56.94 0.00
56.95 0.00
56.96 0.00
56.97 0.00
56.98 0.00
56.99 0.00
57.00 0.00
57.01 0.00
57.02 0.00
57.03 0.00
57.04 0.00
57.05 0.00
57.06 0.00
57.07 0.00
57.08 0.00
57.09 0.00
57.10 0.00
57.11 0.00
57.12 0.00
57.13 0.00
57.14 0.00
57.15 0.00
57.16 0.00
57.17 0.00
57.18 0.00
57.19 0.00
57.20 0.00
57.21 0.00
57.22 0.00
57.23 0.00
57.24 0.00
57.25 0.00
57.26 0.00
57.27 0.00
57.28 0.00
57.29 0.00
57.30 0.00
57.31 0.00
57.32 0.00
57.33 0.00
57.34 0.00
57.35 0.00
57.36 0.00
57.37 0.00
57.38 0.00
57.39 0.00
57.40 0.00
57.41 0.00
57.42 0.00
57.43 0.00
57.44 0.00
57.45 188.65
57.46 188.65
57.47 188.65
57.48 188.65
57.49 188.65
57.50 188.65
57.51 188.65
57.52 188.65
57.53 188.65
57.54 199.07
57.55 199.07
57.56 199.07
57.57 199.07
57.58 199.07
57.59 199.07
57.60 199.07
57.61 199.07
57.62 199.07
57.63 199.07
57.64 199.07
57.65 199.07
57.66 199.07
57.67 199.07
57.68 199.07
57.69 0.00
57.70 0.00
57.71 0.00
57.72 198.43
57.73 198.43
57.74 198.43
57.75 198.43
57.76 198.43
57.77 198.43
57.78 198.43
57.79 198.43
57.80 198.43
57.81 198.43
57.82 198.43
57.83 198.43
57.84 198.43
57.85 198.43
57.86 198.43
57.87 198.43
57.88 198.43
57.89 198.43
57.90 198.43
57.91 198.43
57.92 198.43
57.93 198.43
57.94 198.43
57.95 198.43
57.96 198.43
57.97 198.43
57.98 198.43
57.99 198.43
58.00 198.43
58.01 198.43
58.02 198.43
58.03 198.43
58.04 198.43
58.05 198.43
58.06 198.43
58.07 198.43
58.08 198.43
58.09 198.43
58.10 198.43
58.11 198.43
58.12 198.43
58.13 198.43
58.14 198.43
58.15 198.43
58.16 198.43
58.17 198.43
58.18 198.43
58.19 198.43
58.20 198.43
58.21 198.43
58.22 198.43
58.23 198.43
58.24 198.43
58.25 198.43
58.26 198.43
58.27 198.43
58.28 198.43
58.29 198.43
58.30 198.43
58.31 198.43
58.32 198.43
58.33 198.43
58.34 198.43
58.35 198.43
58.36 198.43
58.37 198.43
58.38 198.43
58.39 198.43
58.40 198.43
58.41 198.43
58.42 198.43
58.43 198.43
58.44 198.43
58.45 198.43
58.46 198.43
58.47 0.00
58.48 0.00
58.49 0.00
58.50 0.00
58.51 0.00
58.52 0.00
58.53 0.00
58.54 0.00
58.55 0.00
58.56 0.00
58.57 195.58
58.58 195.58
58.59 195.58
58.60 195.58
58.61 195.58
58.62 195.58
58.63 195.58
58.64 195.58
58.65 195.58
58.66 195.58
58.67 195.58
58.68 195.58
58.69 195.58
58.70 195.58
58.71 195.58
58.72 195.58
58.73 195.58
58.74 195.58
58.75 195.58
58.76 195.58
58.77 195.58
58.78 195.58
58.79 195.58
58.80 195.58
58.81 195.58
58.82 195.58
58.83 0.00
58.84 0.00
58.85 0.00
58.86 0.00
58.87 0.00
58.88 0.00
58.89 0.00
58.90 0.00
58.91 0.00
58.92 0.00
58.93 0.00
58.94 0.00
58.95 0.00
58.96 0.00
58.97 259.97
58.98 259.97
58.99 259.97
59.00 259.97
59.01 259.97
59.02 259.97
59.03 259.97
59.04 259.97
59.05 259.97
59.06 259.97
59.07 259.97
59.08 259.97
59.09 259.97
59.10 259.97
59.11 259.97
59.12 0.00
59.13 0.00
59.14 0.00
59.15 0.00
59.16 0.00
59.17 0.00
59.18 266.55
59.19 266.55
59.20 266.55
59.21 266.55
59.22 266.55
59.23 266.55
59.24 266.55
59.25 266.55
59.26 266.55
59.27 266.55
59.28 266.55
59.29 -1.00
59.30 267.80
59.31 267.80
59.32 267.80
59.33 267.80
59.34 267.80
59.35 267.80
59.36 267.80
59.37 267.80
59.38 267.80
59.39 267.80
59.40 267.80
59.41 267.80
59.42 267.80
59.43 267.80
59.44 267.80
59.45 267.80
59.46 267.80
59.47 267.80
59.48 267.80
59.49 267.80
59.50 267.80
59.51 267.80
59.52 267.80
59.53 267.80
59.54 267.80
59.55 267.80
59.56 267.80
59.57 267.80
59.58 267.80
59.59 267.80
59.60 267.80
59.61 267.80
59.62 267.80
59.63 267.80
59.64 267.80
59.65 267.80
59.66 267.80
59.67 267.80
59.68 267.80
59.69 267.80
59.70 267.80
59.71 267.80
59.72 267.80
59.73 267.80
59.74 267.80
59.75 267.80
59.76 267.80
59.77 267.80
59.78 267.80
59.79 267.80
59.80 267.80
59.81 267.80
59.82 267.80
59.83 267.80
59.84 267.80
59.85 267.80
59.86 267.80
59.87 267.80
59.88 267.80
59.89 267.80
59.90 267.80
59.91 267.80
59.92 267.80
59.93 267.80
59.94 0.00
59.95 0.00
59.96 0.00
59.97 0.00
59.98 0.00
59.99 0.00
60.00 0.00
60.01 0.00
60.02 0.00
60.03 0.00
60.04 0.00
60.05 0.00
60.06 0.00
60.07 0.00
60.08 0.00
60.09 0.00
60.10 0.00
60.11 0.00
60.12 234.78
60.13 234.78
60.14 234.78
60.15 234.78
60.16 234.78
60.17 234.78
60.18 234.78
60.19 234.78
60.20 234.78
60.21 234.78
60.22 234.78
60.23 234.78
60.24 234.78
60.25 234.78
60.26 234.78
60.27 234.78
60.28 234.78
60.29 234.78
60.30 234.78
60.31 234.78
60.32 234.78
60.33 234.78
60.34 234.78
60.35 234.78
60.36 234.78
60.37 234.78
60.38 234.78
60.39 234.78
60.40 234.78
60.41 234.78
60.42 234.78
60.43 234.78
60.44 234.78
60.45 234.78
60.46 234.78
60.47 234.78
60.48 234.78
60.49 234.78
60.50 234.78
60.51 234.78
60.52 234.78
60.53 234.78
60.54 234.78
60.55 234.78
60.56 234.78
60.57 234.78
60.58 234.78
60.59 234.78
60.60 234.78
60.61 234.78
60.62 234.78
60.63 234.78
60.64 234.78
60.65 234.78
60.66 234.78
60.67 234.78
60.68 234.78
60.69 234.78
60.70 234.78
60.71 234.78
60.72 234.78
60.73 234.78
60.74 234.78
60.75 234.78
60.76 234.78
60.77 234.78
60.78 234.78
60.79 234.78
60.80 234.78
60.81 234.78
60.82 234.78
60.83 234.78
60.84 234.78
60.85 234.78
60.86 234.78
60.87 234.78
60.88 234.78
60.89 234.78
60.90 234.78
60.91 234.78
60.92 234.78
60.93 234.78
60.94 234.78
60.95 234.78
60.96 234.78
60.97 234.78
60.98 234.78
60.99 234.78
61.00 234.78
61.01 234.78
61.02 234.78
61.03 234.78
61.04 234.78
61.05 234.78
61.06 234.78
61.07 234.78
61.08 234.78
61.09 234.78
61.10 234.78
61.11 234.78
61.12 234.78
61.13 234.78
61.14 234.78
61.15 234.78
61.16 234.78
61.17 234.78
61.18 234.78
61.19 234.78
61.20 234.78
61.21 234.78
61.22 234.78
61.23 234.78
61.24 234.78
61.25 234.78
61.26 234.78
61.27 234.78
61.28 234.78
61.29 234.78
61.30 234.78
61.31 0.00
61.32 0.00
61.33 0.00
61.34 0.00
61.35 0.00
61.36 0.00
61.37 0.00
61.38 0.00
61.39 0.00
61.40 0.00
61.41 0.00
61.42 0.00
61.43 0.00
61.44 0.00
61.45 0.00
61.46 0.00
61.47 0.00
61.48 0.00
61.49 0.00
61.50 0.00
61.51 0.00
61.52 0.00
61.53 0.00
61.54 0.00
61.55 0.00
61.56 0.00
61.57 0.00
61.58 0.00
61.59 0.00
61.60 0.00
61.61 0.00
61.62 0.00
61.63 0.00
61.64 0.00
61.65 0.00
61.66 0.00
61.67 0.00
61.68 0.00
61.69 0.00
61.70 0.00
61.71 0.00
61.72 192.31
61.73 192.31
61.74 192.31
61.75 192.31
61.76 192.31
61.77 192.31
61.78 192.31
61.79 192.31
61.80 192.31
61.81 192.31
61.82 213.77
61.83 213.77
61.84 213.77
61.85 213.77
61.86 213.77
61.87 213.77
61.88 213.77
61.89 233.87
61.90 233.87
61.91 233.87
61.92 233.87
61.93 233.87
61.94 233.87
61.95 233.87
61.96 233.87
61.97 233.87
61.98 233.87
61.99 233.87
62.00 233.87
62.01 233.87
62.02 233.87
62.03 233.87
62.04 233.87
62.05 233.87
62.06 233.87
62.07 233.87
62.08 233.87
62.09 233.87
62.10 233.87
62.11 233.87
62.12 233.87
62.13 233.87
62.14 233.87
62.15 233.87
62.16 233.87
62.17 233.87
62.18 233.87
62.19 233.87
62.20 233.87
62.21 233.87
62.22 233.87
62.23 233.87
62.24 233.87
62.25 233.87
62.26 233.87
62.27 233.87
62.28 233.87
62.29 233.87
62.30 233.87
62.31 233.87
62.32 233.87
62.33 233.87
62.34 233.87
62.35 233.87
62.36 233.87
62.37 233.87
62.38 233.87
62.39 233.87
62.40 233.87
62.41 233.87
62.42 233.87
62.43 233.87
62.44 233.87
62.45 233.87
62.46 233.87
62.47 233.87
62.48 233.87
62.49 233.87
62.50 233.87
62.51 233.87
62.52 233.87
62.53 233.87
62.54 0.00
62.55 0.00
62.56 0.00
62.57 0.00
62.58 0.00
62.59 0.00
62.60 0.00
62.61 0.00
62.62 0.00
62.63 0.00
62.64 0.00
62.65 0.00
62.66 0.00
62.67 0.00
62.68 0.00
62.69 234.03
62.70 234.03
62.71 234.03
62.72 234.03
62.73 234.03
62.74 234.03
62.75 234.03
62.76 234.03
62.77 234.03
62.78 234.03
62.79 234.03
62.80 234.03
62.81 234.03
62.82 234.03
62.83 234.03
62.84 234.03
62.85 234.03
62.86 234.03
62.87 234.03
62.88 234.03
62.89 234.03
62.90 234.03
62.91 234.03
62.92 234.03
62.93 234.03
62.94 234.03
62.95 234.03
62.96 234.03
62.97 234.03
62.98 234.03
62.99 234.03
63.00 234.03
63.01 234.03
63.02 234.03
63.03 234.03
63.04 234.03
63.05 234.03
63.06 234.03
63.07 234.03
63.08 234.03
63.09 234.03
63.10 234.03
63.11 234.03
63.12 234.03
63.13 234.03
63.14 234.03
63.15 234.03
63.16 234.03
63.17 234.03
63.18 234.03
63.19 234.03
63.20 234.03
63.21 234.03
63.22 234.03
63.23 234.03
63.24 234.03
63.25 234.03
63.26 234.03
63.27 234.03
63.28 234.03
63.29 234.03
63.30 234.03
63.31 234.03
63.32 234.03
63.33 234.03
63.34 234.03
63.35 234.03
63.36 234.03
63.37 234.03
63.38 234.03
63.39 234.03
63.40 234.03
63.41 234.03
63.42 234.03
63.43 234.03
63.44 234.03
63.45 234.03
63.46 234.03
63.47 234.03
63.48 109.27
63.49 106.47
63.50 102.65
63.51 195.54
63.52 195.54
63.53 195.54
63.54 195.54
63.55 195.54
63.56 195.54
63.57 195.54
63.58 195.54
63.59 195.54
63.60 106.67
63.61 233.95
63.62 233.95
63.63 233.95
63.64 233.95
63.65 233.95
63.66 233.95
63.67 233.95
63.68 233.95
63.69 233.95
63.70 233.95
63.71 233.95
63.72 233.95
63.73 233.95
63.74 233.95
63.75 233.95
63.76 233.95
63.77 233.95
63.78 233.95
63.79 233.95
63.80 233.95
63.81 233.95
63.82 233.95
63.83 233.95
63.84 233.95
63.85 233.95
63.86 233.95
63.87 233.95
63.88 233.95
63.89 233.95
63.90 233.95
63.91 233.95
63.92 233.95
63.93 233.95
63.94 233.95
63.95 233.95
63.96 233.95
63.97 233.95
63.98 233.95
63.99 233.95
64.00 233.95
64.01 233.95
64.02 233.95
64.03 233.95
64.04 233.95
64.05 233.95
64.06 233.95
64.07 233.95
64.08 233.95
64.09 233.95
64.10 233.95
64.11 233.95
64.12 233.95
64.13 233.95
64.14 233.95
64.15 233.95
64.16 233.95
64.17 233.95
64.18 233.95
64.19 233.95
64.20 233.95
64.21 233.95
64.22 233.95
64.23 233.95
64.24 233.95
64.25 233.95
64.26 233.95
64.27 233.95
64.28 233.95
64.29 233.95
64.30 233.95
64.31 233.95
64.32 233.95
64.33 233.95
64.34 233.95
64.35 233.95
64.36 0.00
64.37 0.00
64.38 0.00
64.39 0.00
64.40 0.00
64.41 0.00
64.42 232.86
64.43 232.86
64.44 232.86
64.45 232.86
64.46 232.86
64.47 232.86
64.48 232.86
64.49 232.86
64.50 232.86
64.51 232.86
64.52 232.86
64.53 232.86
64.54 232.86
64.55 232.86
64.56 232.86
64.57 232.86
64.58 232.86
64.59 232.86
64.60 232.86
64.61 232.86
64.62 232.86
64.63 232.86
64.64 232.86
64.65 0.00
64.66 0.00
64.67 0.00
64.68 0.00
64.69 0.00
64.70 0.00
64.71 0.00
64.72 0.00
64.73 0.00
64.74 0.00
64.75 0.00
64.76 0.00
64.77 0.00
64.78 235.38
64.79 235.38
64.80 235.38
64.81 235.38
64.82 235.38
64.83 235.38
64.84 235.38
64.85 235.38
64.86 235.38
64.87 235.38
64.88 235.38
64.89 235.38
64.90 235.38
64.91 235.38
64.92 235.38
64.93 235.38
64.94 235.38
64.95 235.38
64.96 235.38
64.97 235.38
64.98 235.38
64.99 -1.00
65.00 -1.00
65.01 -1.00
65.02 -1.00
65.03 236.61
65.04 236.61
65.05 236.61
65.06 236.61
65.07 236.61
65.08 236.61
65.09 236.61
65.10 236.61
65.11 236.61
65.12 236.61
65.13 236.61
65.14 236.61
65.15 236.61
65.16 236.61
65.17 236.61
65.18 236.61
65.19 236.61
65.20 236.61
65.21 236.61
65.22 236.61
65.23 236.61
65.24 236.61
65.25 236.61
65.26 236.61
65.27 236.61
65.28 236.61
65.29 236.61
65.30 236.61
65.31 236.61
65.32 236.61
65.33 236.61
65.34 236.61
65.35 236.61
65.36 236.61
65.37 236.61
65.38 236.61
65.39 236.61
65.40 236.61
65.41 236.61
65.42 236.61
65.43 236.61
65.44 236.61
65.45 236.61
65.46 236.61
65.47 101.90
65.48 90.25
65.49 86.56
65.50 85.93
65.51 84.90
65.52 0.00
65.53 0.00
65.54 0.00
65.55 0.00
65.56 0.00
65.57 0.00
65.58 0.00
65.59 0.00
65.60 0.00
65.61 0.00
65.62 0.00
65.63 0.00
65.64 0.00
65.65 0.00
65.66 0.00
65.67 0.00
65.68 0.00
65.69 0.00
65.70 0.00
65.71 0.00
65.72 0.00
65.73 0.00
65.74 0.00
65.75 0.00
65.76 0.00
65.77 0.00
65.78 0.00
65.79 0.00
65.80 0.00
65.81 0.00
65.82 0.00
65.83 0.00
65.84 0.00
65.85 0.00
65.86 0.00
65.87 0.00
65.88 0.00
65.89 0.00
65.90 0.00
65.91 70.25
65.92 71.79
65.93 73.34
65.94 75.16
65.95 77.24
65.96 83.70
65.97 86.67
65.98 184.65
65.99 184.65
66.00 184.65
66.01 184.65
66.02 184.65
66.03 184.65
66.04 184.65
66.05 96.03
66.06 97.30
66.07 98.13
66.08 99.27
66.09 100.79
66.10 102.43
66.11 103.75
66.12 217.48
66.13 217.48
66.14 217.48
66.15 217.48
66.16 217.48
66.17 217.48
66.18 217.48
66.19 234.34
66.20 234.34
66.21 234.34
66.22 234.34
66.23 234.34
66.24 234.34
66.25 234.34
66.26 234.34
66.27 234.34
66.28 234.34
66.29 234.34
66.30 234.34
66.31 234.34
66.32 234.34
66.33 234.34
66.34 234.34
66.35 234.34
66.36 234.34
66.37 234.34
66.38 234.34
66.39 234.34
66.40 234.34
66.41 234.34
66.42 234.34
66.43 234.34
66.44 234.34
66.45 234.34
66.46 234.34
66.47 234.34
66.48 234.34
66.49 234.34
66.50 234.34
66.51 234.34
66.52 234.34
66.53 234.34
66.54 234.34
66.55 234.34
66.56 234.34
66.57 234.34
66.58 234.34
66.59 234.34
66.60 234.34
66.61 234.34
66.62 -1.00
66.63 -1.00
66.64 -1.00
66.65 -1.00
66.66 237.95
66.67 237.95
66.68 237.95
66.69 237.95
66.70 237.95
66.71 237.95
66.72 237.95
66.73 237.95
66.74 237.95
66.75 237.95
66.76 237.95
66.77 237.95
66.78 237.95
66.79 237.95
66.80 0.00
66.81 0.00
66.82 0.00
66.83 0.00
66.84 0.00
66.85 0.00
66.86 0.00
66.87 0.00
66.88 0.00
66.89 0.00
66.90 0.00
66.91 0.00
66.92 0.00
66.93 240.40
66.94 240.40
66.95 240.40
66.96 240.40
66.97 240.40
66.98 240.40
66.99 240.40
67.00 240.40
67.01 240.40
67.02 240.40
67.03 240.40
67.04 240.40
67.05 240.40
67.06 240.40
67.07 240.40
67.08 240.40
67.09 240.40
67.10 240.40
67.11 240.40
67.12 240.40
67.13 240.40
67.14 240.40
67.15 240.40
67.16 240.40
67.17 240.40
67.18 240.40
67.19 240.40
67.20 240.40
67.21 240.40
67.22 240.40
67.23 240.40
67.24 240.40
67.25 240.40
67.26 240.40
67.27 240.40
67.28 240.40
67.29 240.40
67.30 261.55
67.31 261.55
67.32 261.55
67.33 261.55
67.34 261.55
67.35 261.55
67.36 261.55
67.37 261.55
67.38 261.55
67.39 261.55
67.40 261.55
67.41 261.55
67.42 261.55
67.43 261.55
67.44 261.55
67.45 261.55
67.46 261.55
67.47 261.55
67.48 261.55
67.49 261.55
67.50 261.55
67.51 261.55
67.52 261.55
67.53 261.55
67.54 261.55
67.55 261.55
67.56 261.55
67.57 261.55
67.58 261.55
67.59 261.55
67.60 261.55
67.61 261.55
67.62 261.55
67.63 261.55
67.64 261.55
67.65 261.55
67.66 261.55
67.67 261.55
67.68 261.55
67.69 261.55
67.70 261.55
67.71 261.55
67.72 261.55
67.73 261.55
67.74 261.55
67.75 261.55
67.76 261.55
67.77 119.89
67.78 232.45
67.79 232.45
67.80 232.45
67.81 232.45
67.82 232.45
67.83 232.45
67.84 232.45
67.85 232.45
67.86 232.45
67.87 232.45
67.88 232.45
67.89 232.45
67.90 232.45
67.91 232.45
67.92 232.45
67.93 232.45
67.94 232.45
67.95 232.45
67.96 232.45
67.97 232.45
67.98 232.45
67.99 232.45
68.00 232.45
68.01 232.45
68.02 232.45
68.03 232.45
68.04 232.45
68.05 232.45
68.06 232.45
68.07 232.45
68.08 232.45
68.09 232.45
68.10 232.45
68.11 232.45
68.12 232.45
68.13 232.45
68.14 232.45
68.15 232.45
68.16 0.00
68.17 0.00
68.18 0.00
68.19 0.00
68.20 0.00
68.21 0.00
68.22 214.54
68.23 214.54
68.24 214.54
68.25 214.54
68.26 214.54
68.27 214.54
68.28 214.54
68.29 214.54
68.30 214.54
68.31 214.54
68.32 214.54
68.33 214.54
68.34 214.54
68.35 214.54
68.36 214.54
68.37 214.54
68.38 0.00
68.39 0.00
68.40 0.00
68.41 0.00
68.42 0.00
68.43 0.00
68.44 0.00
68.45 0.00
68.46 0.00
68.47 0.00
68.48 0.00
68.49 0.00
68.50 0.00
68.51 0.00
68.52 0.00
68.53 0.00
68.54 0.00
68.55 0.00
68.56 0.00
68.57 0.00
68.58 0.00
68.59 0.00
68.60 0.00
68.61 0.00
68.62 0.00
68.63 0.00
68.64 0.00
68.65 0.00
68.66 0.00
68.67 0.00
68.68 0.00
68.69 0.00
68.70 0.00
68.71 0.00
68.72 0.00
68.73 0.00
68.74 0.00
68.75 0.00
68.76 0.00
68.77 0.00
68.78 0.00
68.79 0.00
68.80 0.00
68.81 0.00
68.82 0.00
68.83 0.00
68.84 0.00
68.85 0.00
68.86 0.00
68.87 0.00
68.88 0.00
68.89 215.55
68.90 215.55
68.91 215.55
68.92 215.55
68.93 215.55
68.94 215.55
68.95 215.55
68.96 215.55
68.97 215.55
68.98 215.55
68.99 215.55
69.00 237.47
69.01 237.47
69.02 237.47
69.03 237.47
69.04 237.47
69.05 237.47
69.06 237.47
69.07 237.47
69.08 237.47
69.09 237.47
69.10 237.47
69.11 237.47
69.12 261.41
69.13 261.41
69.14 261.41
69.15 261.41
69.16 261.41
69.17 261.41
69.18 261.41
69.19 261.41
69.20 261.41
69.21 261.41
69.22 261.41
69.23 261.41
69.24 261.41
69.25 261.41
69.26 261.41
69.27 261.41
69.28 261.41
69.29 261.41
69.30 261.41
69.31 261.41
69.32 261.41
69.33 261.41
69.34 261.41
69.35 261.41
69.36 261.41
69.37 261.41
69.38 261.41
69.39 261.41
69.40 261.41
69.41 261.41
69.42 261.41
69.43 261.41
69.44 261.41
69.45 261.41
69.46 261.41
69.47 261.41
69.48 261.41
69.49 261.41
69.50 261.41
69.51 261.41
69.52 261.41
69.53 261.41
69.54 261.41
69.55 261.41
69.56 261.41
69.57 261.41
69.58 261.41
69.59 261.41
69.60 261.41
69.61 261.41
69.62 261.41
69.63 261.41
69.64 261.41
69.65 261.41
69.66 261.41
69.67 261.41
69.68 261.41
69.69 261.41
69.70 261.41
69.71 261.41
69.72 261.41
69.73 261.41
69.74 261.41
69.75 261.41
69.76 261.41
69.77 261.41
69.78 261.41
69.79 261.41
69.80 261.41
69.81 261.41
69.82 261.41
69.83 261.41
69.84 261.41
69.85 261.41
69.86 261.41
69.87 261.41
69.88 261.41
69.89 261.41
69.90 261.41
69.91 261.41
69.92 261.41
69.93 261.41
69.94 261.41
69.95 261.41
69.96 261.41
69.97 261.41
69.98 261.41
69.99 261.41
70.00 261.41
70.01 261.41
70.02 261.41
70.03 261.41
70.04 261.41
70.05 261.41
70.06 261.41
70.07 261.41
70.08 261.41
70.09 261.41
70.10 261.41
70.11 261.41
70.12 261.41
70.13 261.41
70.14 261.41
70.15 261.41
70.16 261.41
70.17 261.41
70.18 261.41
70.19 261.41
70.20 261.41
70.21 261.41
70.22 261.41
70.23 261.41
70.24 261.41
70.25 261.41
70.26 261.41
70.27 261.41
70.28 261.41
70.29 261.41
70.30 261.41
70.31 261.41
70.32 261.41
70.33 261.41
70.34 261.41
70.35 261.41
70.36 261.41
70.37 261.41
70.38 261.41
70.39 261.41
70.40 261.41
70.41 242.24
70.42 242.24
70.43 242.24
70.44 242.24
70.45 242.24
70.46 242.24
70.47 242.24
70.48 242.24
70.49 242.24
70.50 242.24
70.51 242.24
70.52 242.24
70.53 242.24
70.54 242.24
70.55 242.24
70.56 242.24
70.57 242.24
70.58 242.24
70.59 242.24
70.60 242.24
70.61 242.24
70.62 242.24
70.63 242.24
70.64 242.24
70.65 242.24
70.66 242.24
70.67 242.24
70.68 242.24
70.69 242.24
70.70 242.24
70.71 242.24
70.72 242.24
70.73 242.24
70.74 242.24
70.75 242.24
70.76 242.24
70.77 242.24
70.78 242.24
70.79 242.24
70.80 242.24
70.81 242.24
70.82 242.24
70.83 242.24
70.84 242.24
70.85 242.24
70.86 242.24
70.87 242.24
70.88 242.24
70.89 242.24
70.90 242.24
70.91 242.24
70.92 242.24
70.93 242.24
70.94 242.24
70.95 242.24
70.96 242.24
70.97 242.24
70.98 242.24
70.99 242.24
71.00 242.24
71.01 242.24
71.02 242.24
71.03 242.24
71.04 242.24
71.05 242.24
71.06 242.24
71.07 242.24
71.08 242.24
71.09 242.24
71.10 242.24
71.11 242.24
71.12 242.24
71.13 242.24
71.14 242.24
71.15 242.24
71.16 242.24
71.17 242.24
71.18 242.24
71.19 242.24
71.20 242.24
71.21 242.24
71.22 242.24
71.23 242.24
71.24 242.24
71.25 242.24
71.26 242.24
71.27 242.24
71.28 242.24
71.29 242.24
71.30 242.24
71.31 242.24
71.32 242.24
71.33 242.24
71.34 242.24
71.35 242.24
71.36 242.24
71.37 242.24
71.38 242.24
71.39 242.24
71.40 242.24
71.41 242.24
71.42 242.24
71.43 242.24
71.44 242.24
71.45 242.24
71.46 242.24
71.47 242.24
71.48 242.24
71.49 242.24
71.50 242.24
71.51 242.24
71.52 242.24
71.53 242.24
71.54 242.24
71.55 242.24
71.56 242.24
71.57 242.24
71.58 242.24
71.59 242.24
71.60 242.24
71.61 242.24
71.62 242.24
71.63 242.24
71.64 242.24
71.65 242.24
71.66 242.24
71.67 242.24
71.68 242.24
71.69 242.24
71.70 242.24
71.71 242.24
71.72 242.24
71.73 242.24
71.74 242.24
71.75 242.24
71.76 242.24
71.77 242.24
71.78 242.24
71.79 242.24
71.80 242.24
71.81 242.24
71.82 242.24
71.83 242.24
71.84 242.24
71.85 242.24
71.86 242.24
71.87 242.24
71.88 242.24
71.89 242.24
71.90 242.24
71.91 242.24
71.92 242.24
71.93 0.00
71.94 0.00
71.95 0.00
71.96 0.00
71.97 0.00
71.98 0.00
71.99 0.00
72.00 0.00
72.01 269.79
72.02 269.79
72.03 269.79
72.04 269.79
72.05 269.79
72.06 269.79
72.07 269.79
72.08 269.79
72.09 269.79
72.10 269.79
72.11 269.79
72.12 269.79
72.13 269.79
72.14 269.79
72.15 269.79
72.16 269.79
72.17 269.79
72.18 269.79
72.19 0.00
72.20 0.00
72.21 0.00
72.22 0.00
72.23 0.00
72.24 0.00
72.25 0.00
72.26 0.00
72.27 0.00
72.28 0.00
72.29 0.00
72.30 0.00
72.31 0.00
72.32 0.00
72.33 0.00
72.34 0.00
72.35 0.00
72.36 0.00
72.37 0.00
72.38 0.00
72.39 0.00
72.40 0.00
72.41 0.00
72.42 0.00
72.43 0.00
72.44 0.00
72.45 0.00
72.46 0.00
72.47 0.00
72.48 0.00
72.49 236.47
72.50 236.47
72.51 236.47
72.52 236.47
72.53 236.47
72.54 236.47
72.55 236.47
72.56 236.47
72.57 236.47
72.58 236.47
72.59 236.47
72.60 236.47
72.61 236.47
72.62 236.47
72.63 236.47
72.64 236.47
72.65 236.47
72.66 236.47
72.67 236.47
72.68 236.47
72.69 236.47
72.70 236.47
72.71 236.47
72.72 236.47
72.73 236.47
72.74 236.47
72.75 236.47
72.76 236.47
72.77 236.47
72.78 236.47
72.79 236.47
72.80 236.47
72.81 236.47
72.82 236.47
72.83 236.47
72.84 236.47
72.85 236.47
72.86 236.47
72.87 236.47
72.88 236.47
72.89 236.47
72.90 236.47
72.91 236.47
72.92 236.47
72.93 236.47
72.94 236.47
72.95 236.47
72.96 236.47
72.97 236.47
72.98 236.47
72.99 236.47
73.00 236.47
73.01 236.47
73.02 236.47
73.03 236.47
73.04 236.47
73.05 236.47
73.06 236.47
73.07 236.47
73.08 236.47
73.09 236.47
73.10 236.47
73.11 236.47
73.12 236.47
73.13 236.47
73.14 236.47
73.15 236.47
73.16 236.47
73.17 236.47
73.18 236.47
73.19 236.47
73.20 236.47
73.21 236.47
73.22 236.47
73.23 236.47
73.24 236.47
73.25 236.47
73.26 236.47
73.27 236.47
73.28 236.47
73.29 236.47
73.30 236.47
73.31 236.47
73.32 252.14
73.33 252.14
73.34 252.14
73.35 252.14
73.36 252.14
73.37 252.14
73.38 252.14
73.39 252.14
73.40 252.14
73.41 252.14
73.42 252.14
73.43 240.63
73.44 240.63
73.45 240.63
73.46 240.63
73.47 240.63
73.48 240.63
73.49 240.63
73.50 240.63
73.51 240.63
73.52 240.63
73.53 240.63
73.54 240.63
73.55 240.63
73.56 240.63
73.57 240.63
73.58 240.63
73.59 240.63
73.60 240.63
73.61 240.63
73.62 240.63
73.63 240.63
73.64 240.63
73.65 240.63
73.66 240.63
73.67 240.63
73.68 240.63
73.69 240.63
73.70 240.63
73.71 240.63
73.72 240.63
73.73 240.63
73.74 240.63
73.75 240.63
73.76 240.63
73.77 240.63
73.78 240.63
73.79 240.63
73.80 240.63
73.81 240.63
73.82 240.63
73.83 240.63
73.84 240.63
73.85 240.63
73.86 240.63
73.87 240.63
73.88 240.63
73.89 240.63
73.90 240.63
73.91 240.63
73.92 240.63
73.93 240.63
73.94 240.63
73.95 240.63
73.96 240.63
73.97 240.63
73.98 240.63
73.99 240.63
74.00 240.63
74.01 240.63
74.02 240.63
74.03 240.63
74.04 240.63
74.05 240.63
74.06 240.63
74.07 240.63
74.08 110.14
74.09 0.00
74.10 0.00
74.11 0.00
74.12 0.00
74.13 0.00
74.14 0.00
74.15 0.00
74.16 0.00
74.17 0.00
74.18 0.00
74.19 0.00
74.20 0.00
74.21 0.00
74.22 0.00
74.23 0.00
74.24 0.00
74.25 216.22
74.26 216.22
74.27 216.22
74.28 216.22
74.29 216.22
74.30 216.22
74.31 216.22
74.32 216.22
74.33 216.22
74.34 216.22
74.35 216.22
74.36 216.22
74.37 216.22
74.38 216.22
74.39 216.22
74.40 216.22
74.41 216.22
74.42 216.22
74.43 216.22
74.44 216.22
74.45 216.22
74.46 216.22
74.47 216.22
74.48 216.22
74.49 216.22
74.50 216.22
74.51 216.22
74.52 216.22
74.53 216.22
74.54 216.22
74.55 216.22
74.56 216.22
74.57 216.22
74.58 216.22
74.59 216.22
74.60 216.22
74.61 216.22
74.62 216.22
74.63 216.22
74.64 216.22
74.65 216.22
74.66 216.22
74.67 216.22
74.68 216.22
74.69 216.22
74.70 216.22
74.71 216.22
74.72 216.22
74.73 216.22
74.74 216.22
74.75 216.22
74.76 216.22
74.77 216.22
74.78 216.22
74.79 216.22
74.80 216.22
74.81 216.22
74.82 216.22
74.83 216.22
74.84 216.22
74.85 216.22
74.86 216.22
74.87 216.22
74.88 216.22
74.89 216.22
74.90 216.22
74.91 216.22
74.92 216.22
74.93 216.22
74.94 216.22
74.95 216.22
74.96 216.22
74.97 216.22
74.98 0.00
74.99 0.00
75.00 0.00
75.01 0.00
75.02 0.00
75.03 0.00
75.04 0.00
75.05 0.00
75.06 0.00
75.07 0.00
75.08 0.00
75.09 0.00
75.10 0.00
75.11 188.71
75.12 188.71
75.13 188.71
75.14 188.71
75.15 188.71
75.16 188.71
75.17 188.71
75.18 188.71
75.19 188.71
75.20 188.71
75.21 188.71
75.22 188.71
75.23 188.71
75.24 188.71
75.25 188.71
75.26 188.71
75.27 188.71
75.28 188.71
75.29 188.71
75.30 188.71
75.31 188.71
75.32 188.71
75.33 188.71
75.34 188.71
75.35 188.71
75.36 188.71
75.37 188.71
75.38 188.71
75.39 188.71
75.40 188.71
75.41 188.71
75.42 188.71
75.43 188.71
75.44 188.71
75.45 188.71
75.46 188.71
75.47 188.71
75.48 188.71
75.49 188.71
75.50 188.71
75.51 188.71
75.52 188.71
75.53 188.71
75.54 188.71
75.55 188.71
75.56 188.71
75.57 188.71
75.58 188.71
75.59 188.71
75.60 188.71
75.61 188.71
75.62 188.71
75.63 188.71
75.64 188.71
75.65 188.71
75.66 188.71
75.67 188.71
75.68 188.71
75.69 188.71
75.70 188.71
75.71 188.71
75.72 188.71
75.73 188.71
75.74 188.71
75.75 188.71
75.76 188.71
75.77 188.71
75.78 188.71
75.79 188.71
75.80 188.71
75.81 188.71
75.82 188.71
75.83 188.71
75.84 188.71
75.85 188.71
75.86 188.71
75.87 188.71
75.88 188.71
75.89 188.71
75.90 188.71
75.91 188.71
75.92 188.71
75.93 188.71
75.94 188.71
75.95 188.71
75.96 188.71
75.97 188.71
75.98 188.71
75.99 188.71
76.00 188.71
76.01 188.71
76.02 188.71
76.03 188.71
76.04 188.71
76.05 188.71
76.06 188.71
76.07 188.71
76.08 188.71
76.09 188.71
76.10 188.71
76.11 188.71
76.12 188.71
76.13 174.51
76.14 174.51
76.15 174.51
76.16 174.51
76.17 174.51
76.18 174.51
76.19 174.51
76.20 174.51
76.21 174.51
76.22 174.51
76.23 174.51
76.24 174.51
76.25 174.51
76.26 174.51
76.27 174.51
76.28 174.51
76.29 174.51
76.30 174.51
76.31 174.51
76.32 174.51
76.33 174.51
76.34 174.51
76.35 174.51
76.36 174.51
76.37 174.51
76.38 174.51
76.39 174.51
76.40 174.51
76.41 174.51
76.42 174.51
76.43 174.51
76.44 174.51
76.45 174.51
76.46 174.51
76.47 174.51
76.48 174.51
76.49 174.51
76.50 174.51
76.51 174.51
76.52 174.51
76.53 174.51
76.54 174.51
76.55 174.51
76.56 174.51
76.57 174.51
76.58 174.51
76.59 174.51
76.60 174.51
76.61 174.51
76.62 174.51
76.63 174.51
76.64 174.51
76.65 174.51
76.66 174.51
76.67 174.51
76.68 174.51
76.69 174.51
76.70 174.51
76.71 174.51
76.72 174.51
76.73 174.51
76.74 174.51
76.75 174.51
76.76 174.51
76.77 174.51
76.78 174.51
76.79 174.51
76.80 174.51
76.81 174.51
76.82 174.51
76.83 174.51
76.84 174.51
76.85 174.51
76.86 174.51
76.87 174.51
76.88 174.51
76.89 174.51
76.90 174.51
76.91 174.51
76.92 174.51
76.93 174.51
76.94 174.51
76.95 174.51
76.96 174.51
76.97 174.51
76.98 174.51
76.99 174.51
77.00 174.51
77.01 174.51
77.02 174.51
77.03 174.51
77.04 174.51
77.05 174.51
77.06 174.51
77.07 174.51
77.08 174.51
77.09 174.51
77.10 174.51
77.11 174.51
77.12 174.51
77.13 174.51
77.14 174.51
77.15 174.51
77.16 174.51
77.17 174.51
77.18 174.51
77.19 174.51
77.20 174.51
77.21 174.51
77.22 174.51
77.23 174.51
77.24 174.51
77.25 174.51
77.26 174.51
77.27 174.51
77.28 174.51
77.29 174.51
77.30 174.51
77.31 174.51
77.32 174.51
77.33 174.51
77.34 174.51
77.35 174.51
77.36 174.51
77.37 174.51
77.38 174.51
77.39 174.51
77.40 174.51
77.41 174.51
77.42 174.51
77.43 174.51
77.44 174.51
77.45 174.51
77.46 174.51
77.47 174.51
77.48 174.51
77.49 174.51
77.50 174.51
77.51 174.51
77.52 174.51
77.53 174.51
77.54 174.51
77.55 174.51
77.56 174.51
77.57 174.51
77.58 174.51
77.59 174.51
77.60 174.51
77.61 174.51
77.62 174.51
77.63 174.51
77.64 174.51
77.65 174.51
77.66 174.51
77.67 174.51
77.68 174.51
77.69 174.51
77.70 174.51
77.71 174.51
77.72 174.51
77.73 174.51
77.74 174.51
77.75 174.51
77.76 174.51
77.77 174.51
77.78 174.51
77.79 174.51
77.80 174.51
77.81 174.51
77.82 174.51
77.83 174.51
77.84 174.51
77.85 174.51
77.86 174.51
77.87 174.51
77.88 174.51
77.89 174.51
77.90 174.51
77.91 174.51
77.92 174.51
77.93 174.51
77.94 174.51
77.95 174.51
77.96 174.51
77.97 174.51
77.98 174.51
77.99 174.51
78.00 174.51
78.01 174.51
78.02 174.51
78.03 174.51
78.04 174.51
78.05 174.51
78.06 174.51
78.07 174.51
78.08 174.51
78.09 174.51
78.10 174.51
78.11 174.51
78.12 174.51
78.13 174.51
78.14 174.51
78.15 174.51
78.16 174.51
78.17 174.51
78.18 174.51
78.19 174.51
78.20 174.51
78.21 174.51
78.22 174.51
78.23 174.51
78.24 174.51
78.25 174.51
78.26 174.51
78.27 174.51
78.28 174.51
78.29 174.51
78.30 174.51
78.31 174.51
78.32 174.51
78.33 174.51
78.34 174.51
78.35 174.51
78.36 174.51
78.37 174.51
78.38 174.51
78.39 174.51
78.40 174.51
78.41 174.51
78.42 174.51
78.43 174.51
78.44 174.51
78.45 174.51
78.46 174.51
78.47 174.51
78.48 174.51
78.49 174.51
78.50 174.51
78.51 174.51
78.52 174.51
78.53 174.51
78.54 174.51
78.55 174.51
78.56 174.51
78.57 174.51
78.58 174.51
78.59 174.51
78.60 174.51
78.61 174.51
78.62 174.51
78.63 174.51
78.64 174.51
78.65 174.51
78.66 174.51
78.67 174.51
78.68 174.51
78.69 0.00
78.70 0.00
78.71 0.00
78.72 0.00
78.73 0.00
78.74 0.00
78.75 0.00
78.76 0.00
78.77 0.00
78.78 0.00
78.79 0.00
78.80 0.00
78.81 0.00
78.82 0.00
78.83 0.00
78.84 0.00
78.85 0.00
78.86 0.00
78.87 0.00
78.88 0.00
78.89 0.00
78.90 0.00
78.91 0.00
78.92 0.00
78.93 0.00
78.94 0.00
78.95 0.00
78.96 0.00
78.97 0.00
78.98 0.00
78.99 0.00
79.00 0.00
79.01 0.00
79.02 0.00
79.03 0.00
79.04 0.00
79.05 0.00
79.06 0.00
79.07 0.00
79.08 0.00
79.09 0.00
79.10 0.00
79.11 0.00
79.12 0.00
79.13 0.00
79.14 0.00
79.15 0.00
79.16 0.00
79.17 0.00
79.18 0.00
79.19 0.00
79.20 0.00
79.21 0.00
79.22 0.00
79.23 0.00
79.24 0.00
79.25 0.00
79.26 0.00
79.27 0.00
79.28 0.00
79.29 0.00
79.30 0.00
79.31 0.00
79.32 0.00
