0.0 0.0
0.01 0.0
0.02 0.0
0.03 0.0
0.04 0.0
0.05 0.0
0.06 0.0
0.07 0.0
0.08 0.0
0.09 0.0
0.1 0.0
0.11 0.0
0.12 0.0
0.13 0.0
0.14 0.0
0.15 0.0
0.16 0.0
0.17 0.0
0.18 0.0
0.19 0.0
0.2 0.0
0.21 0.0
0.22 0.0
0.23 0.0
0.24 0.0
0.25 0.0
0.26 0.0
0.27 0.0
0.28 0.0
0.29 0.0
0.3 0.0
0.31 0.0
0.32 0.0
0.33 0.0
0.34 0.0
0.35 0.0
0.36 0.0
0.37 0.0
0.38 0.0
0.39 0.0
0.4 0.0
0.41 0.0
0.42 0.0
0.43 126.83
0.44 122.85
0.45 124.51
0.46 132.12
0.47 142.93
0.48 154.59
0.49 172.9
0.5 182.47
0.51 193.42
0.52 204.28
0.53 211.37
0.54 216.66
0.55 223.9
0.56 228.93
0.57 234.77
0.58 237.98
0.59 240.54
0.6 244.1
0.61 247.53
0.62 249.91
0.63 252.02
0.64 253.4
0.65 255.41
0.66 257.15
0.67 258.17
0.68 258.68
0.69 259.16
0.7 260.04
0.71 260.97
0.72 261.31
0.73 261.79
0.74 262.71
0.75 263.07
0.76 263.38
0.77 263.99
0.78 264.61
0.79 265.39
0.8 265.79
0.81 265.51
0.82 265.18
0.83 265.04
0.84 264.24
0.85 263.12
0.86 262.76
0.87 262.41
0.88 262.78
0.89 263.21
0.9 263.91
0.91 265.7
0.92 266.64
0.93 267.7
0.94 269.05
0.95 269.2
0.96 268.6
0.97 267.61
0.98 266.86
0.99 266.26
1.0 265.11
1.01 263.84
1.02 262.78
1.03 262.71
1.04 263.3
1.05 264.53
1.06 265.28
1.07 266.24
1.08 267.35
1.09 268.12
1.1 268.15
1.11 267.9
1.12 268.61
1.13 269.11
1.14 268.94
1.15 268.17
1.16 267.55
1.17 267.07
1.18 266.28
1.19 265.6
1.2 265.57
1.21 266.0
1.22 266.1
1.23 266.38
1.24 267.18
1.25 267.95
1.26 268.79
1.27 269.07
1.28 268.94
1.29 269.07
1.3 268.4
1.31 267.62
1.32 267.23
1.33 267.01
1.34 267.07
1.35 266.66
1.36 266.89
1.37 267.37
1.38 267.66
1.39 267.66
1.4 267.86
1.41 267.93
1.42 267.64
1.43 267.32
1.44 266.53
1.45 266.17
1.46 266.66
1.47 267.25
1.48 267.41
1.49 267.18
1.5 267.45
1.51 268.02
1.52 268.1
1.53 268.38
1.54 268.86
1.55 269.18
1.56 269.52
1.57 269.37
1.58 268.38
1.59 266.74
1.6 264.41
1.61 261.72
1.62 257.1
1.63 253.87
1.64 249.07
1.65 244.71
1.66 244.28
1.67 244.13
1.68 244.24
1.69 247.0
1.7 254.02
1.71 259.18
1.72 271.6
1.73 270.86
1.74 269.13
1.75 269.83
1.76 268.85
1.77 261.55
1.78 253.71
1.79 243.32
1.8 239.89
1.81 238.21
1.82 235.99
1.83 237.1
1.84 238.78
1.85 240.54
1.86 243.06
1.87 244.92
1.88 245.46
1.89 244.61
1.9 243.16
1.91 241.83
1.92 240.4
1.93 238.58
1.94 237.51
1.95 237.23
1.96 237.8
1.97 238.31
1.98 238.64
1.99 239.26
2.0 240.06
2.01 241.25
2.02 242.52
2.03 243.69
2.04 243.87
2.05 243.07
2.06 241.85
2.07 240.74
2.08 240.39
2.09 238.23
2.1 235.64
2.11 233.8
2.12 231.18
2.13 228.45
2.14 227.14
2.15 225.85
2.16 224.82
2.17 224.31
2.18 224.11
2.19 224.26
2.2 224.65
2.21 225.12
2.22 225.57
2.23 225.58
2.24 225.04
2.25 224.35
2.26 224.0
2.27 223.4
2.28 222.66
2.29 222.25
2.3 221.49
2.31 221.18
2.32 221.12
2.33 220.37
2.34 215.64
2.35 211.54
2.36 215.27
2.37 219.54
2.38 220.52
2.39 218.86
2.4 218.02
2.41 218.66
2.42 219.51
2.43 219.57
2.44 219.2
2.45 219.36
2.46 219.66
2.47 219.56
2.48 219.1
2.49 218.49
2.5 217.69
2.51 214.58
2.52 208.5
2.53 203.86
2.54 200.08
2.55 195.01
2.56 191.89
2.57 192.34
2.58 190.84
2.59 202.5
2.6 209.89
2.61 206.27
2.62 202.54
2.63 201.48
2.64 199.14
2.65 197.08
2.66 196.28
2.67 196.19
2.68 196.6
2.69 197.18
2.7 197.94
2.71 198.21
2.72 198.17
2.73 198.18
2.74 198.13
2.75 197.98
2.76 197.91
2.77 198.35
2.78 199.05
2.79 199.49
2.8 199.97
2.81 200.24
2.82 200.25
2.83 200.11
2.84 199.85
2.85 199.27
2.86 198.79
2.87 198.62
2.88 198.09
2.89 197.48
2.9 196.68
2.91 195.91
2.92 195.71
2.93 195.98
2.94 196.78
2.95 198.02
2.96 199.04
2.97 199.83
2.98 200.39
2.99 200.66
3.0 200.63
3.01 200.43
3.02 200.24
3.03 199.68
3.04 198.32
3.05 196.91
3.06 195.43
3.07 193.61
3.08 192.78
3.09 193.41
3.1 195.82
3.11 198.93
3.12 199.89
3.13 200.59
3.14 202.22
3.15 202.19
3.16 201.47
3.17 201.1
3.18 200.8
3.19 200.61
3.2 200.55
3.21 201.67
3.22 203.37
3.23 205.86
3.24 208.78
3.25 212.18
3.26 223.2
3.27 230.38
3.28 234.79
3.29 233.56
3.3 233.1
3.31 235.6
3.32 235.71
3.33 235.2
3.34 236.1
3.35 235.4
3.36 235.37
3.37 236.64
3.38 237.87
3.39 238.78
3.4 239.68
3.41 242.0
3.42 243.64
3.43 244.17
3.44 245.32
3.45 244.31
3.46 243.53
3.47 243.74
3.48 243.6
3.49 243.32
3.5 243.12
3.51 242.73
3.52 241.7
3.53 240.93
3.54 240.49
3.55 240.04
3.56 240.15
3.57 240.38
3.58 241.1
3.59 242.39
3.6 243.42
3.61 244.1
3.62 244.3
3.63 244.23
3.64 243.98
3.65 243.99
3.66 243.72
3.67 243.62
3.68 243.49
3.69 242.92
3.7 242.37
3.71 241.85
3.72 241.84
3.73 242.12
3.74 241.8
3.75 241.92
3.76 241.92
3.77 240.85
3.78 240.49
3.79 240.92
3.8 240.84
3.81 241.15
3.82 241.67
3.83 241.48
3.84 242.32
3.85 243.37
3.86 243.82
3.87 244.46
3.88 244.32
3.89 243.77
3.9 243.04
3.91 241.99
3.92 241.67
3.93 241.56
3.94 241.53
3.95 241.5
3.96 241.61
3.97 241.84
3.98 241.17
3.99 240.74
4.0 240.44
4.01 239.84
4.02 239.98
4.03 240.42
4.04 240.93
4.05 241.61
4.06 241.74
4.07 241.17
4.08 240.91
4.09 241.14
4.1 241.05
4.11 240.99
4.12 240.84
4.13 240.21
4.14 239.43
4.15 239.41
4.16 240.14
4.17 240.92
4.18 241.19
4.19 241.79
4.2 242.87
4.21 243.81
4.22 244.51
4.23 244.76
4.24 244.74
4.25 244.56
4.26 244.7
4.27 244.1
4.28 243.55
4.29 243.57
4.3 243.42
4.31 242.88
4.32 242.41
4.33 242.0
4.34 241.36
4.35 241.21
4.36 241.24
4.37 241.54
4.38 242.12
4.39 242.56
4.4 243.21
4.41 243.89
4.42 244.18
4.43 243.77
4.44 243.39
4.45 243.0
4.46 242.62
4.47 242.46
4.48 242.18
4.49 242.32
4.5 242.24
4.51 241.75
4.52 241.68
4.53 242.17
4.54 242.38
4.55 242.61
4.56 242.84
4.57 243.33
4.58 243.37
4.59 243.11
4.6 243.36
4.61 243.09
4.62 242.74
4.63 242.38
4.64 242.12
4.65 241.98
4.66 241.64
4.67 238.41
4.68 234.91
4.69 233.61
4.7 230.72
4.71 228.23
4.72 223.41
4.73 204.69
4.74 198.85
4.75 204.76
4.76 223.65
4.77 221.04
4.78 206.46
4.79 202.05
4.8 209.8
4.81 212.33
4.82 212.57
4.83 0.0
4.84 202.04
4.85 210.13
4.86 228.41
4.87 216.01
4.88 218.56
4.89 233.14
4.9 0.0
4.91 0.0
4.92 0.0
4.93 0.0
4.94 0.0
4.95 0.0
4.96 0.0
4.97 0.0
4.98 0.0
4.99 243.93
5.0 241.81
5.01 239.72
5.02 236.89
5.03 236.69
5.04 237.22
5.05 236.56
5.06 235.69
5.07 235.87
5.08 237.09
5.09 238.16
5.1 237.96
5.11 237.71
5.12 238.51
5.13 239.57
5.14 239.92
5.15 241.07
5.16 241.53
5.17 240.88
5.18 240.19
5.19 239.03
5.2 238.27
5.21 237.67
5.22 236.85
5.23 236.38
5.24 236.32
5.25 236.2
5.26 235.73
5.27 235.56
5.28 234.98
5.29 234.19
5.3 118.58
5.31 119.23
5.32 118.09
5.33 117.52
5.34 116.87
5.35 115.11
5.36 111.73
5.37 109.37
5.38 104.76
5.39 103.95
5.4 105.69
5.41 111.59
5.42 114.43
5.43 114.54
5.44 114.44
5.45 113.88
5.46 113.73
5.47 114.52
5.48 115.29
5.49 115.25
5.5 115.97
5.51 119.34
5.52 120.4
5.53 122.88
5.54 126.96
5.55 130.01
5.56 131.97
5.57 133.98
5.58 137.3
5.59 139.37
5.6 142.24
5.61 146.98
5.62 150.09
5.63 152.86
5.64 155.88
5.65 157.89
5.66 159.53
5.67 160.42
5.68 162.15
5.69 164.31
5.7 165.14
5.71 165.32
5.72 166.08
5.73 166.56
5.74 166.89
5.75 167.84
5.76 168.91
5.77 169.26
5.78 169.22
5.79 169.03
5.8 169.29
5.81 169.74
5.82 169.72
5.83 170.33
5.84 171.15
5.85 171.65
5.86 173.44
5.87 174.42
5.88 175.28
5.89 175.94
5.9 176.46
5.91 177.51
5.92 177.64
5.93 177.36
5.94 176.97
5.95 176.18
5.96 175.96
5.97 175.33
5.98 175.11
5.99 174.81
6.0 173.45
6.01 173.79
6.02 174.27
6.03 174.53
6.04 175.37
6.05 175.69
6.06 176.02
6.07 176.11
6.08 175.74
6.09 176.4
6.1 176.52
6.11 177.16
6.12 178.21
6.13 178.36
6.14 177.98
6.15 177.57
6.16 177.27
6.17 177.08
6.18 176.6
6.19 176.09
6.2 175.9
6.21 175.49
6.22 176.2
6.23 176.37
6.24 176.68
6.25 176.88
6.26 176.88
6.27 176.86
6.28 177.07
6.29 177.68
6.3 178.1
6.31 178.68
6.32 178.67
6.33 179.01
6.34 178.82
6.35 178.5
6.36 178.47
6.37 178.33
6.38 178.25
6.39 178.47
6.4 178.42
6.41 178.25
6.42 178.91
6.43 179.31
6.44 179.38
6.45 179.26
6.46 178.71
6.47 178.65
6.48 178.66
6.49 178.19
6.5 178.15
6.51 177.67
6.52 177.13
6.53 176.83
6.54 176.09
6.55 176.23
6.56 176.12
6.57 176.59
6.58 176.57
6.59 176.62
6.6 176.85
6.61 176.85
6.62 177.7
6.63 178.6
6.64 179.18
6.65 179.24
6.66 179.75
6.67 179.54
6.68 179.04
6.69 178.68
6.7 177.87
6.71 177.46
6.72 177.23
6.73 177.1
6.74 176.73
6.75 176.3
6.76 176.01
6.77 175.78
6.78 175.85
6.79 175.94
6.8 175.76
6.81 176.01
6.82 176.04
6.83 176.05
6.84 176.89
6.85 177.73
6.86 178.36
6.87 178.09
6.88 177.8
6.89 177.77
6.9 177.7
6.91 177.64
6.92 177.88
6.93 178.44
6.94 178.84
6.95 179.56
6.96 180.31
6.97 180.44
6.98 180.48
6.99 180.8
7.0 180.63
7.01 179.76
7.02 179.55
7.03 179.39
7.04 178.78
7.05 178.09
7.06 176.82
7.07 175.75
7.08 175.81
7.09 176.27
7.1 176.72
7.11 176.9
7.12 177.09
7.13 177.18
7.14 177.18
7.15 177.57
7.16 178.14
7.17 178.92
7.18 179.33
7.19 179.18
7.2 179.29
7.21 179.44
7.22 179.17
7.23 178.57
7.24 178.33
7.25 177.89
7.26 177.43
7.27 177.26
7.28 177.24
7.29 176.8
7.3 176.13
7.31 175.98
7.32 175.94
7.33 176.01
7.34 176.28
7.35 176.63
7.36 177.28
7.37 178.23
7.38 178.62
7.39 178.6
7.4 178.25
7.41 177.42
7.42 174.53
7.43 169.93
7.44 167.34
7.45 163.41
7.46 159.78
7.47 159.66
7.48 161.18
7.49 161.57
7.5 163.2
7.51 166.78
7.52 168.07
7.53 169.88
7.54 173.46
7.55 174.8
7.56 175.46
7.57 175.82
7.58 177.87
7.59 179.1
7.6 179.29
7.61 180.37
7.62 180.87
7.63 180.57
7.64 179.89
7.65 180.09
7.66 180.23
7.67 179.71
7.68 178.81
7.69 178.47
7.7 178.67
7.71 178.56
7.72 178.76
7.73 178.17
7.74 177.93
7.75 178.36
7.76 178.59
7.77 178.54
7.78 178.26
7.79 178.87
7.8 179.58
7.81 180.39
7.82 180.26
7.83 180.31
7.84 181.01
7.85 181.3
7.86 180.44
7.87 179.43
7.88 179.5
7.89 178.99
7.9 178.62
7.91 178.64
7.92 179.16
7.93 180.19
7.94 180.57
7.95 180.45
7.96 179.98
7.97 180.04
7.98 181.06
7.99 182.29
8.0 182.66
8.01 183.36
8.02 184.12
8.03 184.1
8.04 184.06
8.05 184.19
8.06 183.88
8.07 183.67
8.08 183.11
8.09 182.66
8.1 182.93
8.11 181.6
8.12 180.71
8.13 180.63
8.14 180.08
8.15 179.51
8.16 178.75
8.17 177.1
8.18 174.44
8.19 171.28
8.2 168.91
8.21 164.86
8.22 160.53
8.23 153.5
8.24 149.23
8.25 142.96
8.26 136.81
8.27 131.47
8.28 125.06
8.29 119.06
8.3 116.42
8.31 93.32
8.32 89.35
8.33 88.25
8.34 88.25
8.35 267.26
8.36 267.0
8.37 262.96
8.38 266.09
8.39 267.57
8.4 265.64
8.41 265.07
8.42 265.23
8.43 266.11
8.44 264.67
8.45 259.76
8.46 259.57
8.47 267.63
8.48 254.03
8.49 246.77
8.5 236.96
8.51 236.81
8.52 234.92
8.53 238.1
8.54 235.38
8.55 230.59
8.56 237.57
8.57 236.01
8.58 232.09
8.59 237.16
8.6 236.49
8.61 232.62
8.62 236.51
8.63 234.38
8.64 231.09
8.65 234.63
8.66 231.56
8.67 232.87
8.68 236.69
8.69 232.88
8.7 236.52
8.71 239.44
8.72 232.08
8.73 226.14
8.74 74.32
8.75 69.41
8.76 66.83
8.77 65.19
8.78 64.9
8.79 65.27
8.8 64.62
8.81 64.17
8.82 64.83
8.83 130.87
8.84 132.53
8.85 134.48
8.86 136.7
8.87 138.36
8.88 139.91
8.89 142.76
8.9 72.82
8.91 147.97
8.92 150.48
8.93 153.42
8.94 155.25
8.95 156.65
8.96 158.45
8.97 160.3
8.98 161.73
8.99 162.44
9.0 163.08
9.01 163.5
9.02 163.72
9.03 164.01
9.04 165.4
9.05 167.06
9.06 167.43
9.07 167.52
9.08 168.19
9.09 168.81
9.1 169.39
9.11 169.1
9.12 169.31
9.13 170.27
9.14 171.17
9.15 171.78
9.16 171.97
9.17 172.1
9.18 172.18
9.19 172.56
9.2 172.4
9.21 172.32
9.22 172.72
9.23 172.68
9.24 172.96
9.25 172.97
9.26 173.56
9.27 174.56
9.28 175.74
9.29 176.2
9.3 176.75
9.31 177.16
9.32 178.01
9.33 178.87
9.34 178.28
9.35 177.98
9.36 178.58
9.37 178.98
9.38 178.47
9.39 178.01
9.4 177.71
9.41 177.68
9.42 177.31
9.43 177.02
9.44 176.62
9.45 176.29
9.46 175.92
9.47 176.11
9.48 176.31
9.49 176.44
9.5 176.54
9.51 176.13
9.52 175.74
9.53 175.94
9.54 176.92
9.55 177.35
9.56 177.93
9.57 178.33
9.58 178.62
9.59 178.47
9.6 177.85
9.61 177.61
9.62 178.37
9.63 178.91
9.64 178.55
9.65 178.38
9.66 178.31
9.67 178.43
9.68 178.49
9.69 179.06
9.7 179.64
9.71 180.36
9.72 180.75
9.73 180.86
9.74 180.62
9.75 179.89
9.76 178.96
9.77 178.17
9.78 178.26
9.79 178.58
9.8 178.4
9.81 178.09
9.82 178.13
9.83 178.09
9.84 178.35
9.85 178.19
9.86 178.32
9.87 178.76
9.88 179.86
9.89 180.49
9.9 180.81
9.91 181.36
9.92 181.33
9.93 182.48
9.94 184.06
9.95 185.5
9.96 185.35
9.97 184.73
9.98 184.59
9.99 183.48
10.0 183.25
10.01 183.0
10.02 182.48
10.03 182.71
10.04 183.64
10.05 183.9
10.06 183.47
10.07 183.79
10.08 183.96
10.09 184.0
10.1 185.1
10.11 185.56
10.12 186.75
10.13 187.23
10.14 187.76
10.15 187.62
10.16 186.88
10.17 186.35
10.18 186.08
10.19 185.16
10.2 185.13
10.21 184.33
10.22 182.94
10.23 182.96
10.24 182.5
10.25 182.58
10.26 182.03
10.27 181.51
10.28 180.95
10.29 179.94
10.3 179.55
10.31 179.46
10.32 179.35
10.33 177.83
10.34 175.45
10.35 173.63
10.36 173.94
10.37 174.81
10.38 176.12
10.39 176.94
10.4 176.71
10.41 177.16
10.42 178.17
10.43 177.9
10.44 177.71
10.45 178.56
10.46 178.54
10.47 178.45
10.48 179.23
10.49 179.62
10.5 179.31
10.51 178.63
10.52 178.22
10.53 178.65
10.54 178.26
10.55 177.7
10.56 178.27
10.57 179.36
10.58 179.11
10.59 178.81
10.6 179.23
10.61 179.7
10.62 179.95
10.63 180.46
10.64 181.17
10.65 181.23
10.66 181.88
10.67 182.42
10.68 182.56
10.69 183.71
10.7 184.79
10.71 184.82
10.72 185.09
10.73 93.1
10.74 92.97
10.75 185.32
10.76 185.09
10.77 183.83
10.78 181.0
10.79 177.8
10.8 175.59
10.81 170.52
10.82 167.32
10.83 167.07
10.84 166.49
10.85 169.38
10.86 172.28
10.87 172.06
10.88 173.68
10.89 176.99
10.9 181.53
10.91 182.8
10.92 180.5
10.93 177.7
10.94 171.66
10.95 165.28
10.96 157.35
10.97 152.77
10.98 151.53
10.99 151.32
11.0 75.64
11.01 152.03
11.02 153.66
11.03 154.3
11.04 155.43
11.05 155.24
11.06 155.59
11.07 155.66
11.08 155.65
11.09 155.97
11.1 155.44
11.11 154.85
11.12 154.55
11.13 154.58
11.14 154.6
11.15 154.37
11.16 153.39
11.17 151.44
11.18 149.02
11.19 148.52
11.2 146.34
11.21 143.39
11.22 69.47
11.23 136.85
11.24 67.27
11.25 132.49
11.26 131.84
11.27 130.8
11.28 130.51
11.29 130.44
11.3 130.13
11.31 130.43
11.32 131.07
11.33 131.16
11.34 132.33
11.35 132.82
11.36 132.29
11.37 132.74
11.38 132.16
11.39 131.71
11.4 131.72
11.41 131.5
11.42 131.9
11.43 131.12
11.44 130.49
11.45 131.15
11.46 131.24
11.47 131.4
11.48 131.3
11.49 131.13
11.5 131.39
11.51 130.77
11.52 130.46
11.53 131.13
11.54 130.72
11.55 130.51
11.56 130.43
11.57 129.37
11.58 129.16
11.59 128.86
11.6 128.79
11.61 128.29
11.62 128.59
11.63 128.44
11.64 127.98
11.65 130.33
11.66 132.09
11.67 134.32
11.68 136.72
11.69 136.95
11.7 69.47
11.71 140.37
11.72 69.01
11.73 67.93
11.74 67.29
11.75 67.19
11.76 133.99
11.77 132.87
11.78 132.21
11.79 132.37
11.8 132.98
11.81 133.3
11.82 134.21
11.83 134.75
11.84 136.13
11.85 137.57
11.86 137.52
11.87 137.68
11.88 137.87
11.89 138.08
11.9 138.34
11.91 68.88
11.92 137.81
11.93 137.79
11.94 138.71
11.95 139.71
11.96 140.32
11.97 141.09
11.98 140.26
11.99 139.89
12.0 140.16
12.01 140.47
12.02 70.07
12.03 139.99
12.04 139.73
12.05 139.55
12.06 139.89
12.07 140.35
12.08 141.35
12.09 142.49
12.1 141.94
12.11 141.27
12.12 141.61
12.13 142.86
12.14 142.55
12.15 142.1
12.16 142.47
12.17 143.51
12.18 143.17
12.19 142.35
12.2 142.58
12.21 143.9
12.22 143.43
12.23 142.24
12.24 142.35
12.25 142.91
12.26 142.4
12.27 141.53
12.28 140.89
12.29 141.18
12.3 142.45
12.31 142.43
12.32 141.88
12.33 142.04
12.34 143.64
12.35 143.84
12.36 143.25
12.37 143.96
12.38 144.69
12.39 144.57
12.4 145.18
12.41 145.4
12.42 145.56
12.43 146.17
12.44 145.32
12.45 145.84
12.46 145.09
12.47 144.1
12.48 145.35
12.49 144.28
12.5 143.25
12.51 143.53
12.52 144.0
12.53 143.3
12.54 142.83
12.55 143.72
12.56 145.03
12.57 144.27
12.58 144.96
12.59 145.15
12.6 145.45
12.61 145.88
12.62 145.66
12.63 145.04
12.64 144.93
12.65 145.44
12.66 143.84
12.67 144.72
12.68 144.97
12.69 144.27
12.7 147.31
12.71 147.11
12.72 74.23
12.73 148.35
12.74 148.14
12.75 147.22
12.76 146.32
12.77 146.62
12.78 145.07
12.79 144.41
12.8 144.92
12.81 144.38
12.82 143.95
12.83 144.35
12.84 144.26
12.85 144.4
12.86 143.7
12.87 142.71
12.88 142.57
12.89 143.24
12.9 143.87
12.91 142.39
12.92 142.31
12.93 143.01
12.94 144.1
12.95 143.56
12.96 142.44
12.97 143.01
12.98 144.36
12.99 143.47
13.0 143.25
13.01 141.87
13.02 143.47
13.03 145.65
13.04 143.77
13.05 144.36
13.06 141.56
13.07 136.83
13.08 133.63
13.09 130.67
13.1 129.2
13.11 128.16
13.12 125.56
13.13 126.76
13.14 128.43
13.15 128.46
13.16 130.58
13.17 132.7
13.18 134.23
13.19 136.26
13.2 139.05
13.21 142.04
13.22 143.65
13.23 146.69
13.24 149.08
13.25 150.58
13.26 151.86
13.27 154.84
13.28 156.65
13.29 158.47
13.3 159.27
13.31 157.82
13.32 158.79
13.33 159.29
13.34 158.5
13.35 79.03
13.36 159.97
13.37 159.44
13.38 159.47
13.39 159.55
13.4 160.43
13.41 162.15
13.42 80.25
13.43 80.15
13.44 80.09
13.45 79.94
13.46 79.93
13.47 159.81
13.48 160.24
13.49 161.7
13.5 162.7
13.51 163.26
13.52 163.28
13.53 163.08
13.54 162.52
13.55 161.98
13.56 162.65
13.57 163.49
13.58 164.34
13.59 164.8
13.6 164.96
13.61 164.95
13.62 164.8
13.63 163.8
13.64 163.16
13.65 163.51
13.66 163.77
13.67 163.82
13.68 163.38
13.69 163.02
13.7 162.8
13.71 162.87
13.72 162.5
13.73 161.93
13.74 161.69
13.75 160.96
13.76 160.48
13.77 161.43
13.78 161.89
13.79 161.34
13.8 161.48
13.81 161.73
13.82 162.09
13.83 162.93
13.84 80.99
13.85 79.99
13.86 79.16
13.87 158.22
13.88 156.56
13.89 156.43
13.9 156.62
13.91 156.48
13.92 157.38
13.93 159.51
13.94 159.12
13.95 158.63
13.96 160.53
13.97 162.94
13.98 161.14
13.99 160.95
14.0 161.5
14.01 160.6
14.02 160.43
14.03 161.3
14.04 159.93
14.05 159.02
14.06 160.45
14.07 158.51
14.08 158.37
14.09 159.6
14.1 157.58
14.11 157.37
14.12 159.09
14.13 159.97
14.14 158.8
14.15 159.3
14.16 160.24
14.17 159.44
14.18 159.68
14.19 160.66
14.2 160.15
14.21 160.39
14.22 161.69
14.23 159.81
14.24 159.13
14.25 159.68
14.26 159.79
14.27 158.67
14.28 157.38
14.29 156.97
14.3 156.78
14.31 157.5
14.32 157.74
14.33 156.51
14.34 156.48
14.35 157.27
14.36 158.13
14.37 158.06
14.38 157.61
14.39 157.14
14.4 157.63
14.41 159.23
14.42 160.37
14.43 159.2
14.44 160.29
14.45 161.65
14.46 159.27
14.47 159.34
14.48 161.06
14.49 158.84
14.5 157.12
14.51 158.07
14.52 156.48
14.53 154.53
14.54 154.8
14.55 77.42
14.56 154.1
14.57 152.95
14.58 76.0
14.59 151.32
14.6 149.82
14.61 148.45
14.62 73.07
14.63 72.11
14.64 71.37
14.65 70.39
14.66 139.53
14.67 139.32
14.68 139.93
14.69 138.8
14.7 139.93
14.71 141.22
14.72 144.84
14.73 152.73
14.74 80.29
14.75 165.63
14.76 169.61
14.77 172.25
14.78 176.19
14.79 177.45
14.8 176.69
14.81 175.81
14.82 175.79
14.83 174.75
14.84 173.91
14.85 176.61
14.86 177.29
14.87 177.93
14.88 180.56
14.89 182.05
14.9 182.3
14.91 182.49
14.92 182.97
14.93 183.6
14.94 184.11
14.95 184.3
14.96 184.55
14.97 184.22
14.98 183.19
14.99 182.26
15.0 180.79
15.01 179.48
15.02 178.86
15.03 178.27
15.04 178.02
15.05 178.59
15.06 179.38
15.07 179.83
15.08 180.11
15.09 180.61
15.1 180.94
15.11 181.31
15.12 181.9
15.13 181.95
15.14 181.76
15.15 181.66
15.16 181.15
15.17 180.32
15.18 179.76
15.19 179.73
15.2 179.62
15.21 178.95
15.22 178.36
15.23 178.65
15.24 179.88
15.25 180.74
15.26 181.25
15.27 181.68
15.28 181.94
15.29 182.18
15.3 182.82
15.31 183.42
15.32 183.48
15.33 183.47
15.34 183.72
15.35 183.94
15.36 183.98
15.37 184.01
15.38 183.84
15.39 183.15
15.4 182.12
15.41 180.69
15.42 179.61
15.43 178.76
15.44 178.24
15.45 178.26
15.46 178.59
15.47 178.86
15.48 179.29
15.49 179.8
15.5 180.49
15.51 180.72
15.52 180.98
15.53 181.9
15.54 182.52
15.55 182.41
15.56 181.91
15.57 181.26
15.58 180.63
15.59 180.33
15.6 180.61
15.61 180.84
15.62 180.76
15.63 180.31
15.64 179.74
15.65 179.3
15.66 178.76
15.67 178.24
15.68 178.39
15.69 178.79
15.7 178.83
15.71 178.83
15.72 179.17
15.73 179.95
15.74 181.14
15.75 181.96
15.76 182.57
15.77 183.24
15.78 182.87
15.79 181.62
15.8 180.03
15.81 178.58
15.82 176.66
15.83 174.89
15.84 171.57
15.85 167.47
15.86 161.74
15.87 153.46
15.88 149.33
15.89 139.13
15.9 136.48
15.91 125.3
15.92 123.04
15.93 120.16
15.94 111.82
15.95 111.45
15.96 110.04
15.97 108.5
15.98 105.72
15.99 90.77
16.0 87.65
16.01 88.75
16.02 179.6
16.03 175.61
16.04 170.13
16.05 172.17
16.06 176.0
16.07 174.16
16.08 177.13
16.09 179.79
16.1 84.73
16.11 171.34
16.12 0.0
16.13 0.0
16.14 0.0
16.15 81.15
16.16 169.61
16.17 0.0
16.18 0.0
16.19 90.56
16.2 61.98
16.21 0.0
16.22 0.0
16.23 0.0
16.24 0.0
16.25 0.0
16.26 78.16
16.27 109.39
16.28 0.0
16.29 0.0
16.3 0.0
16.31 0.0
16.32 0.0
16.33 0.0
16.34 0.0
16.35 0.0
16.36 0.0
16.37 0.0
16.38 0.0
16.39 0.0
16.4 0.0
16.41 1277.42
16.42 1455.97
16.43 0.0
16.44 0.0
16.45 0.0
16.46 0.0
16.47 185.34
16.48 179.37
16.49 175.58
16.5 173.74
16.51 171.63
16.52 171.72
16.53 172.57
16.54 173.85
16.55 175.9
16.56 177.69
16.57 178.84
16.58 180.42
16.59 181.85
16.6 183.92
16.61 185.66
16.62 186.4
16.63 190.09
16.64 191.37
16.65 190.29
16.66 66.84
16.67 66.58
16.68 66.82
16.69 67.22
16.7 68.1
16.71 68.51
16.72 69.65
16.73 70.3
16.74 140.8
16.75 72.53
16.76 73.55
16.77 74.49
16.78 75.35
16.79 75.61
16.8 76.01
16.81 76.32
16.82 76.79
16.83 77.62
16.84 78.13
16.85 78.88
16.86 79.67
16.87 80.2
16.88 80.26
16.89 80.44
16.9 80.55
16.91 80.38
16.92 80.55
16.93 80.81
16.94 80.84
16.95 81.12
16.96 171.3
16.97 172.47
16.98 171.91
16.99 171.81
17.0 172.36
17.01 172.02
17.02 172.34
17.03 174.02
17.04 174.33
17.05 174.83
17.06 176.08
17.07 176.32
17.08 176.29
17.09 175.98
17.1 176.09
17.11 177.66
17.12 178.29
17.13 178.53
17.14 178.55
17.15 177.92
17.16 177.33
17.17 176.91
17.18 177.01
17.19 177.28
17.2 177.47
17.21 177.82
17.22 177.98
17.23 178.43
17.24 178.95
17.25 179.3
17.26 179.48
17.27 179.71
17.28 180.07
17.29 180.2
17.3 180.29
17.31 180.26
17.32 180.13
17.33 180.42
17.34 181.03
17.35 181.12
17.36 180.77
17.37 180.99
17.38 180.73
17.39 179.8
17.4 178.86
17.41 177.92
17.42 177.38
17.43 177.95
17.44 178.49
17.45 179.52
17.46 179.96
17.47 179.76
17.48 180.11
17.49 180.41
17.5 180.48
17.51 180.7
17.52 181.42
17.53 182.07
17.54 182.22
17.55 182.01
17.56 182.14
17.57 182.57
17.58 182.33
17.59 182.23
17.6 182.06
17.61 181.68
17.62 181.08
17.63 180.7
17.64 180.03
17.65 179.2
17.66 179.65
17.67 180.48
17.68 180.98
17.69 181.03
17.7 181.2
17.71 180.93
17.72 180.48
17.73 180.54
17.74 180.93
17.75 181.36
17.76 181.45
17.77 181.61
17.78 181.62
17.79 181.81
17.8 181.94
17.81 182.17
17.82 182.28
17.83 181.43
17.84 180.79
17.85 180.57
17.86 180.77
17.87 180.76
17.88 180.79
17.89 180.87
17.9 180.63
17.91 180.9
17.92 181.23
17.93 180.46
17.94 179.74
17.95 179.68
17.96 179.77
17.97 179.79
17.98 179.81
17.99 179.65
18.0 179.79
18.01 180.03
18.02 179.67
18.03 179.75
18.04 179.94
18.05 180.32
18.06 180.74
18.07 181.28
18.08 182.64
18.09 183.2
18.1 182.93
18.11 182.27
18.12 181.48
18.13 181.98
18.14 181.86
18.15 181.63
18.16 181.3
18.17 181.04
18.18 181.56
18.19 181.54
18.2 181.32
18.21 181.75
18.22 182.13
18.23 182.9
18.24 183.33
18.25 183.26
18.26 183.47
18.27 183.96
18.28 183.89
18.29 91.32
18.3 183.02
18.31 182.54
18.32 181.91
18.33 182.07
18.34 182.24
18.35 182.91
18.36 183.12
18.37 182.51
18.38 90.41
18.39 179.73
18.4 180.38
18.41 90.45
18.42 181.56
18.43 181.67
18.44 90.13
18.45 90.19
18.46 181.71
18.47 90.38
18.48 90.69
18.49 180.28
18.5 181.22
18.51 90.67
18.52 181.99
18.53 182.02
18.54 90.34
18.55 181.44
18.56 182.07
18.57 90.96
18.58 182.78
18.59 181.21
18.6 90.62
18.61 182.7
18.62 181.87
18.63 90.57
18.64 90.6
18.65 182.2
18.66 182.87
18.67 90.98
18.68 181.04
18.69 181.01
18.7 90.38
18.71 181.36
18.72 181.81
18.73 90.64
18.74 90.89
18.75 182.65
18.76 90.75
18.77 90.54
18.78 180.79
18.79 180.73
18.8 182.04
18.81 181.66
18.82 181.3
18.83 90.42
18.84 182.53
18.85 182.77
18.86 182.08
18.87 182.5
18.88 183.03
18.89 181.86
18.9 182.92
18.91 182.73
18.92 181.58
18.93 182.94
18.94 183.64
18.95 181.59
18.96 181.2
18.97 180.84
18.98 181.17
18.99 182.2
19.0 182.15
19.01 182.66
19.02 182.76
19.03 182.68
19.04 182.8
19.05 182.89
19.06 183.6
19.07 184.33
19.08 184.26
19.09 183.46
19.1 182.9
19.11 182.5
19.12 181.69
19.13 181.27
19.14 180.93
19.15 180.72
19.16 180.92
19.17 181.21
19.18 180.98
19.19 180.75
19.2 180.95
19.21 180.68
19.22 180.32
19.23 180.38
19.24 180.57
19.25 180.55
19.26 180.15
19.27 180.04
19.28 179.68
19.29 178.95
19.3 179.13
19.31 179.67
19.32 178.97
19.33 179.22
19.34 178.83
19.35 178.78
19.36 89.36
19.37 179.29
19.38 59.92
19.39 59.98
19.4 59.94
19.41 180.86
19.42 180.56
19.43 180.79
19.44 181.18
19.45 181.32
19.46 179.36
19.47 178.42
19.48 179.16
19.49 179.55
19.5 179.08
19.51 178.81
19.52 178.91
19.53 178.08
19.54 176.91
19.55 178.49
19.56 180.99
19.57 180.38
19.58 179.25
19.59 85.58
19.6 84.69
19.61 85.04
19.62 85.72
19.63 85.36
19.64 159.51
19.65 160.74
19.66 161.62
19.67 163.07
19.68 163.81
19.69 163.76
19.7 165.13
19.71 167.89
19.72 169.89
19.73 169.3
19.74 172.75
19.75 173.86
19.76 172.57
19.77 172.8
19.78 172.6
19.79 171.07
19.8 171.9
19.81 172.57
19.82 172.9
19.83 173.43
19.84 173.85
19.85 174.68
19.86 175.75
19.87 176.0
19.88 175.41
19.89 174.59
19.9 174.59
19.91 174.76
19.92 175.06
19.93 175.01
19.94 175.3
19.95 175.29
19.96 174.99
19.97 175.31
19.98 175.49
19.99 176.28
20.0 176.48
20.01 176.5
20.02 176.63
20.03 175.53
20.04 175.71
20.05 176.74
20.06 177.05
20.07 177.52
20.08 178.13
20.09 178.37
20.1 178.27
20.11 178.01
20.12 177.63
20.13 177.28
20.14 177.19
20.15 177.52
20.16 177.22
20.17 176.34
20.18 175.71
20.19 175.2
20.2 174.76
20.21 175.34
20.22 175.94
20.23 176.36
20.24 176.52
20.25 176.65
20.26 176.96
20.27 176.63
20.28 176.27
20.29 177.3
20.3 177.25
20.31 176.9
20.32 176.76
20.33 176.26
20.34 175.64
20.35 175.21
20.36 174.96
20.37 175.42
20.38 175.77
20.39 176.2
20.4 176.35
20.41 176.07
20.42 174.94
20.43 174.95
20.44 175.85
20.45 176.02
20.46 175.73
20.47 174.76
20.48 174.95
20.49 175.13
20.5 175.65
20.51 176.47
20.52 176.39
20.53 175.74
20.54 174.99
20.55 173.99
20.56 174.17
20.57 175.0
20.58 175.55
20.59 175.42
20.6 175.58
20.61 175.86
20.62 175.44
20.63 173.78
20.64 174.91
20.65 176.45
20.66 176.97
20.67 177.75
20.68 178.85
20.69 179.73
20.7 179.94
20.71 179.24
20.72 179.34
20.73 179.3
20.74 179.75
20.75 180.34
20.76 179.66
20.77 179.68
20.78 178.73
20.79 177.95
20.8 177.68
20.81 177.14
20.82 177.24
20.83 177.64
20.84 176.69
20.85 176.06
20.86 177.06
20.87 179.11
20.88 179.51
20.89 179.76
20.9 180.57
20.91 181.76
20.92 183.48
20.93 182.65
20.94 182.61
20.95 183.27
20.96 182.08
20.97 182.14
20.98 182.15
20.99 59.95
21.0 179.86
21.01 179.67
21.02 88.74
21.03 177.9
21.04 177.69
21.05 175.84
21.06 87.97
21.07 177.88
21.08 176.67
21.09 177.3
21.1 179.44
21.11 180.5
21.12 180.93
21.13 179.43
21.14 179.12
21.15 178.06
21.16 177.59
21.17 176.44
21.18 175.75
21.19 177.36
21.2 177.84
21.21 178.98
21.22 179.56
21.23 179.64
21.24 179.52
21.25 179.86
21.26 179.54
21.27 179.72
21.28 180.48
21.29 180.33
21.3 180.63
21.31 179.7
21.32 179.2
21.33 179.69
21.34 60.49
21.35 60.65
21.36 181.03
21.37 182.73
21.38 183.63
21.39 183.24
21.4 183.65
21.41 184.04
21.42 183.59
21.43 183.35
21.44 183.82
21.45 184.04
21.46 183.02
21.47 181.78
21.48 181.5
21.49 180.9
21.5 179.24
21.51 178.46
21.52 177.84
21.53 178.13
21.54 177.74
21.55 176.81
21.56 176.83
21.57 177.34
21.58 178.39
21.59 89.89
21.6 90.35
21.61 90.77
21.62 184.63
21.63 185.1
21.64 184.32
21.65 184.08
21.66 183.9
21.67 180.92
21.68 176.44
21.69 85.19
21.7 164.96
21.71 163.75
21.72 161.94
21.73 162.24
21.74 160.66
21.75 161.6
21.76 164.32
21.77 162.76
21.78 162.81
21.79 164.44
21.8 163.25
21.81 162.88
21.82 162.33
21.83 161.47
21.84 160.89
21.85 160.0
21.86 158.96
21.87 158.28
21.88 158.68
21.89 157.75
21.9 156.98
21.91 158.11
21.92 157.89
21.93 156.91
21.94 158.49
21.95 156.94
21.96 156.72
21.97 159.06
21.98 157.3
21.99 158.34
22.0 158.25
22.01 155.79
22.02 156.59
22.03 157.47
22.04 155.84
22.05 155.32
22.06 157.32
22.07 157.7
22.08 156.07
22.09 156.93
22.1 157.75
22.11 156.35
22.12 155.77
22.13 156.97
22.14 157.45
22.15 155.37
22.16 155.12
22.17 155.89
22.18 157.94
22.19 155.62
22.2 155.57
22.21 156.29
22.22 157.78
22.23 156.52
22.24 155.54
22.25 156.79
22.26 156.34
22.27 155.84
22.28 156.8
22.29 156.96
22.3 156.25
22.31 155.81
22.32 155.17
22.33 155.0
22.34 154.84
22.35 154.51
22.36 154.77
22.37 155.16
22.38 157.33
22.39 156.17
22.4 153.76
22.41 153.71
22.42 153.37
22.43 150.83
22.44 152.71
22.45 154.78
22.46 159.11
22.47 162.51
22.48 159.01
22.49 155.89
22.5 153.63
22.51 149.22
22.52 147.84
22.53 147.09
22.54 147.05
22.55 145.16
22.56 145.67
22.57 147.45
22.58 146.02
22.59 146.25
22.6 146.18
22.61 147.1
22.62 145.39
22.63 143.67
22.64 144.73
22.65 146.26
22.66 147.04
22.67 148.5
22.68 148.48
22.69 149.81
22.7 149.24
22.71 149.33
22.72 150.35
22.73 150.28
22.74 150.97
22.75 149.65
22.76 148.89
22.77 148.17
22.78 147.31
22.79 147.78
22.8 147.4
22.81 147.76
22.82 148.09
22.83 148.73
22.84 149.12
22.85 148.69
22.86 149.3
22.87 147.71
22.88 147.75
22.89 148.03
22.9 147.77
22.91 149.01
22.92 149.54
22.93 150.29
22.94 151.33
22.95 152.0
22.96 152.82
22.97 150.27
22.98 149.05
22.99 149.63
23.0 148.08
23.01 147.96
23.02 147.33
23.03 146.72
23.04 145.8
23.05 145.51
23.06 144.74
23.07 144.59
23.08 144.43
23.09 144.9
23.1 144.89
23.11 144.23
23.12 144.16
23.13 143.8
23.14 143.65
23.15 143.32
23.16 143.71
23.17 143.64
23.18 145.02
23.19 146.1
23.2 146.6
23.21 146.95
23.22 147.38
23.23 147.83
23.24 147.47
23.25 147.02
23.26 146.83
23.27 145.8
23.28 145.93
23.29 145.33
23.3 145.13
23.31 144.59
23.32 144.26
23.33 144.56
23.34 144.66
23.35 145.31
23.36 145.89
23.37 146.48
23.38 147.69
23.39 148.09
23.4 148.13
23.41 148.25
23.42 148.3
23.43 147.86
23.44 147.53
23.45 147.59
23.46 147.08
23.47 148.01
23.48 148.68
23.49 147.54
23.5 147.74
23.51 147.75
23.52 147.53
23.53 147.49
23.54 147.69
23.55 147.5
23.56 147.19
23.57 147.22
23.58 146.69
23.59 147.1
23.6 146.45
23.61 145.85
23.62 145.89
23.63 145.68
23.64 145.19
23.65 145.06
23.66 145.07
23.67 73.31
23.68 146.18
23.69 146.54
23.7 146.58
23.71 145.99
23.72 145.56
23.73 145.12
23.74 144.75
23.75 144.78
23.76 144.61
23.77 145.25
23.78 145.04
23.79 144.74
23.8 144.59
23.81 143.82
23.82 143.69
23.83 143.48
23.84 143.39
23.85 143.39
23.86 143.56
23.87 143.77
23.88 144.2
23.89 144.55
23.9 143.83
23.91 143.26
23.92 143.59
23.93 143.88
23.94 144.1
23.95 143.88
23.96 143.99
23.97 144.19
23.98 143.5
23.99 142.83
24.0 142.27
24.01 142.0
24.02 141.69
24.03 141.3
24.04 141.69
24.05 141.97
24.06 141.87
24.07 142.98
24.08 143.51
24.09 144.04
24.1 144.77
24.11 144.39
24.12 143.75
24.13 143.67
24.14 143.23
24.15 142.67
24.16 142.85
24.17 143.03
24.18 142.8
24.19 142.46
24.2 141.68
24.21 141.15
24.22 141.1
24.23 141.22
24.24 141.45
24.25 141.83
24.26 142.18
24.27 141.79
24.28 142.22
24.29 143.2
24.3 142.6
24.31 142.03
24.32 142.3
24.33 142.45
24.34 71.74
24.35 142.97
24.36 142.1
24.37 142.91
24.38 143.59
24.39 143.29
24.4 143.08
24.41 143.19
24.42 142.29
24.43 140.8
24.44 141.21
24.45 141.73
24.46 140.66
24.47 139.88
24.48 139.22
24.49 72.16
24.5 144.36
24.51 143.62
24.52 142.39
24.53 143.01
24.54 141.7
24.55 141.21
24.56 141.31
24.57 140.42
24.58 69.32
24.59 69.43
24.6 69.55
24.61 69.46
24.62 69.29
24.63 69.2
24.64 69.46
24.65 139.39
24.66 139.32
24.67 138.72
24.68 139.01
24.69 69.62
24.7 69.61
24.71 69.55
24.72 138.86
24.73 68.83
24.74 69.05
24.75 137.79
24.76 68.6
24.77 69.4
24.78 69.39
24.79 69.27
24.8 69.11
24.81 66.81
24.82 132.24
24.83 119.55
24.84 99.49
24.85 99.16
24.86 198.52
24.87 198.69
24.88 198.59
24.89 199.7
24.9 200.19
24.91 200.73
24.92 202.78
24.93 203.19
24.94 204.49
24.95 206.91
24.96 208.6
24.97 210.61
24.98 209.36
24.99 209.73
25.0 209.75
25.01 210.04
25.02 209.42
25.03 209.54
25.04 209.98
25.05 209.8
25.06 210.82
25.07 208.71
25.08 210.07
25.09 209.44
25.1 209.91
25.11 209.86
25.12 208.9
25.13 211.07
25.14 210.15
25.15 209.0
25.16 209.19
25.17 209.78
25.18 211.32
25.19 210.59
25.2 208.89
25.21 208.75
25.22 209.92
25.23 211.98
25.24 635.93
25.25 630.18
25.26 209.14
25.27 209.92
25.28 209.75
25.29 209.2
25.3 158.91
25.31 64.42
25.32 123.59
25.33 123.75
25.34 120.53
25.35 120.89
25.36 121.31
25.37 118.68
25.38 119.95
25.39 120.42
25.4 118.54
25.41 61.46
25.42 61.79
25.43 61.91
25.44 62.11
25.45 126.87
25.46 128.53
25.47 129.49
25.48 65.2
25.49 65.38
25.5 131.42
25.51 132.56
25.52 132.75
25.53 132.73
25.54 132.7
25.55 132.97
25.56 133.39
25.57 133.99
25.58 134.51
25.59 135.13
25.6 135.66
25.61 136.2
25.62 137.2
25.63 137.79
25.64 138.58
25.65 139.72
25.66 141.27
25.67 141.64
25.68 141.23
25.69 141.93
25.7 141.86
25.71 140.8
25.72 140.74
25.73 140.49
25.74 139.41
25.75 138.53
25.76 138.6
25.77 140.3
25.78 141.03
25.79 140.5
25.8 141.01
25.81 142.18
25.82 143.13
25.83 142.51
25.84 142.83
25.85 144.0
25.86 143.36
25.87 143.13
25.88 143.61
25.89 144.14
25.9 143.57
25.91 142.62
25.92 143.35
25.93 143.88
25.94 142.33
25.95 142.58
25.96 143.76
25.97 142.34
25.98 141.8
25.99 142.75
26.0 143.82
26.01 142.68
26.02 141.86
26.03 142.09
26.04 142.69
26.05 142.45
26.06 141.96
26.07 142.41
26.08 143.95
26.09 143.53
26.1 142.9
26.11 143.55
26.12 144.14
26.13 143.8
26.14 143.72
26.15 144.5
26.16 144.33
26.17 143.58
26.18 144.06
26.19 143.71
26.2 142.65
26.21 142.74
26.22 143.61
26.23 143.46
26.24 143.3
26.25 143.48
26.26 144.24
26.27 144.08
26.28 143.51
26.29 143.99
26.3 143.69
26.31 143.24
26.32 143.89
26.33 144.13
26.34 144.04
26.35 144.55
26.36 144.52
26.37 144.19
26.38 143.91
26.39 143.84
26.4 144.1
26.41 143.81
26.42 143.69
26.43 143.75
26.44 143.62
26.45 143.47
26.46 142.99
26.47 142.68
26.48 142.72
26.49 142.95
26.5 142.53
26.51 142.18
26.52 142.41
26.53 142.16
26.54 142.07
26.55 142.56
26.56 143.14
26.57 143.16
26.58 143.21
26.59 143.45
26.6 143.1
26.61 142.96
26.62 143.04
26.63 143.01
26.64 143.51
26.65 144.38
26.66 144.6
26.67 145.26
26.68 146.4
26.69 146.48
26.7 144.16
26.71 141.55
26.72 134.57
26.73 125.87
26.74 120.01
26.75 108.82
26.76 107.16
26.77 107.09
26.78 72.36
26.79 71.34
26.8 70.61
26.81 69.72
26.82 69.08
26.83 68.89
26.84 69.39
26.85 69.89
26.86 261.35
26.87 138.9
26.88 133.35
26.89 134.41
26.9 134.48
26.91 134.81
26.92 135.51
26.93 138.46
26.94 139.86
26.95 142.86
26.96 144.94
26.97 147.02
26.98 149.56
26.99 150.86
27.0 152.43
27.01 154.64
27.02 155.95
27.03 157.24
27.04 159.02
27.05 160.02
27.06 159.94
27.07 160.25
27.08 160.65
27.09 160.21
27.1 161.43
27.11 160.7
27.12 160.53
27.13 162.0
27.14 162.25
27.15 161.94
27.16 161.3
27.17 161.37
27.18 160.84
27.19 160.2
27.2 160.37
27.21 160.19
27.22 160.45
27.23 160.94
27.24 161.61
27.25 161.23
27.26 161.94
27.27 163.24
27.28 163.72
27.29 165.2
27.3 165.73
27.31 165.74
27.32 166.12
27.33 166.24
27.34 165.99
27.35 165.68
27.36 164.75
27.37 163.7
27.38 163.55
27.39 162.43
27.4 161.97
27.41 162.92
27.42 162.46
27.43 163.1
27.44 163.54
27.45 163.99
27.46 164.94
27.47 164.83
27.48 165.75
27.49 166.73
27.5 166.96
27.51 167.54
27.52 167.65
27.53 165.46
27.54 162.71
27.55 159.67
27.56 159.09
27.57 159.3
27.58 157.65
27.59 158.29
27.6 158.84
27.61 159.29
27.62 160.22
27.63 160.17
27.64 161.01
27.65 160.6
27.66 161.43
27.67 161.14
27.68 161.28
27.69 161.81
27.7 161.65
27.71 81.51
27.72 81.38
27.73 80.99
27.74 161.39
27.75 161.08
27.76 160.14
27.77 160.07
27.78 158.7
27.79 157.55
27.8 157.68
27.81 155.94
27.82 156.51
27.83 156.92
27.84 155.39
27.85 157.06
27.86 157.89
27.87 158.5
27.88 159.48
27.89 158.08
27.9 159.81
27.91 159.87
27.92 158.42
27.93 159.2
27.94 157.14
27.95 157.25
27.96 158.92
27.97 157.75
27.98 158.36
27.99 158.09
28.0 158.72
28.01 157.68
28.02 156.39
28.03 156.18
28.04 155.64
28.05 155.91
28.06 157.06
28.07 155.71
28.08 155.2
28.09 155.19
28.1 79.97
28.11 79.9
28.12 79.7
28.13 79.42
28.14 157.6
28.15 78.82
28.16 78.7
28.17 156.93
28.18 78.77
28.19 78.67
28.2 156.58
28.21 154.52
28.22 77.53
28.23 77.15
28.24 76.62
28.25 152.3
28.26 151.76
28.27 75.02
28.28 149.51
28.29 149.46
28.3 151.63
28.31 156.13
28.32 162.06
28.33 172.82
28.34 178.44
28.35 183.88
28.36 187.21
28.37 188.09
28.38 188.16
28.39 187.98
28.4 187.22
28.41 184.84
28.42 182.97
28.43 182.11
28.44 181.57
28.45 181.11
28.46 180.73
28.47 180.13
28.48 179.22
28.49 178.47
28.5 179.02
28.51 180.28
28.52 181.62
28.53 182.73
28.54 182.75
28.55 182.37
28.56 182.02
28.57 181.33
28.58 180.13
28.59 180.05
28.6 181.38
28.61 183.05
28.62 183.94
28.63 183.48
28.64 182.32
28.65 181.67
28.66 181.55
28.67 181.03
28.68 180.13
28.69 179.13
28.7 178.37
28.71 177.98
28.72 178.34
28.73 179.21
28.74 179.54
28.75 179.31
28.76 178.51
28.77 178.45
28.78 179.3
28.79 179.77
28.8 180.35
28.81 180.94
28.82 181.42
28.83 182.05
28.84 182.59
28.85 182.41
28.86 181.74
28.87 181.75
28.88 182.61
28.89 184.4
28.9 186.0
28.91 187.43
28.92 187.05
28.93 185.1
28.94 183.56
28.95 182.44
28.96 181.71
28.97 181.5
28.98 181.8
28.99 182.23
29.0 182.63
29.01 183.21
29.02 183.42
29.03 182.95
29.04 182.02
29.05 180.85
29.06 180.0
29.07 179.56
29.08 179.85
29.09 180.3
29.1 180.75
29.11 181.2
29.12 181.37
29.13 181.78
29.14 181.99
29.15 181.03
29.16 181.16
29.17 183.41
29.18 184.65
29.19 185.49
29.2 185.75
29.21 184.45
29.22 183.63
29.23 183.44
29.24 183.51
29.25 183.63
29.26 182.55
29.27 180.96
29.28 179.8
29.29 179.62
29.3 179.66
29.31 179.91
29.32 179.92
29.33 179.92
29.34 180.31
29.35 180.86
29.36 181.44
29.37 182.12
29.38 182.6
29.39 182.67
29.4 182.7
29.41 182.86
29.42 183.25
29.43 183.52
29.44 183.05
29.45 181.42
29.46 180.03
29.47 178.97
29.48 177.96
29.49 176.25
29.5 174.68
29.51 174.23
29.52 173.71
29.53 171.2
29.54 169.53
29.55 168.69
29.56 164.58
29.57 159.95
29.58 154.93
29.59 150.4
29.6 141.5
29.61 137.49
29.62 132.25
29.63 127.85
29.64 60.6
29.65 118.71
29.66 117.98
29.67 116.27
29.68 109.08
29.69 106.47
29.7 108.98
29.71 95.73
29.72 176.37
29.73 164.54
29.74 167.04
29.75 174.84
29.76 175.8
29.77 0.0
29.78 0.0
29.79 0.0
29.8 0.0
29.81 0.0
29.82 0.0
29.83 0.0
29.84 0.0
29.85 0.0
29.86 0.0
29.87 0.0
29.88 0.0
29.89 0.0
29.9 0.0
29.91 0.0
29.92 0.0
29.93 0.0
29.94 0.0
29.95 0.0
29.96 0.0
29.97 0.0
29.98 0.0
29.99 63.68
30.0 196.44
30.01 0.0
30.02 0.0
30.03 0.0
30.04 0.0
30.05 268.81
30.06 261.42
30.07 318.72
30.08 254.71
30.09 193.15
30.1 184.71
30.11 183.72
30.12 182.54
30.13 180.48
30.14 177.99
30.15 176.89
30.16 175.93
30.17 172.99
30.18 176.66
30.19 179.8
30.2 180.26
30.21 179.63
30.22 180.41
30.23 181.33
30.24 180.93
30.25 179.66
30.26 179.32
30.27 180.17
30.28 181.17
30.29 183.09
30.3 181.29
30.31 147.0
30.32 142.47
30.33 141.2
30.34 67.46
30.35 67.69
30.36 67.72
30.37 68.31
30.38 68.88
30.39 69.71
30.4 70.44
30.41 71.3
30.42 71.89
30.43 148.94
30.44 150.59
30.45 151.32
30.46 151.43
30.47 153.08
30.48 156.93
30.49 159.65
30.5 162.42
30.51 165.76
30.52 167.64
30.53 169.75
30.54 167.24
30.55 168.95
30.56 170.37
30.57 169.89
30.58 169.23
30.59 84.37
30.6 169.18
30.61 169.48
30.62 170.36
30.63 170.67
30.64 170.53
30.65 170.99
30.66 171.66
30.67 171.87
30.68 172.02
30.69 172.01
30.7 173.46
30.71 174.78
30.72 175.19
30.73 175.48
30.74 175.86
30.75 175.95
30.76 176.26
30.77 176.62
30.78 176.56
30.79 176.07
30.8 175.64
30.81 175.02
30.82 173.61
30.83 173.27
30.84 173.83
30.85 174.48
30.86 174.9
30.87 175.26
30.88 175.96
30.89 175.9
30.9 175.67
30.91 175.77
30.92 176.02
30.93 176.6
30.94 177.08
30.95 177.15
30.96 177.47
30.97 177.65
30.98 177.59
30.99 177.29
31.0 176.76
31.01 176.69
31.02 176.62
31.03 176.45
31.04 176.66
31.05 177.13
31.06 177.28
31.07 177.21
31.08 177.02
31.09 176.84
31.1 176.86
31.11 176.9
31.12 176.97
31.13 177.23
31.14 177.53
31.15 177.85
31.16 178.01
31.17 178.15
31.18 178.14
31.19 177.81
31.2 178.12
31.21 178.81
31.22 179.56
31.23 179.5
31.24 178.88
31.25 178.25
31.26 177.71
31.27 177.72
31.28 177.96
31.29 177.98
31.3 178.2
31.31 178.19
31.32 178.08
31.33 178.39
31.34 178.52
31.35 178.67
31.36 179.12
31.37 179.31
31.38 179.52
31.39 179.52
31.4 179.01
31.41 178.73
31.42 178.53
31.43 178.36
31.44 178.6
31.45 178.59
31.46 178.91
31.47 179.33
31.48 179.14
31.49 179.14
31.5 179.17
31.51 179.06
31.52 178.76
31.53 178.68
31.54 179.06
31.55 179.82
31.56 179.8
31.57 179.18
31.58 178.95
31.59 178.77
31.6 178.72
31.61 178.72
31.62 178.51
31.63 178.2
31.64 177.66
31.65 177.42
31.66 177.1
31.67 176.94
31.68 176.99
31.69 176.83
31.7 176.74
31.71 176.77
31.72 177.41
31.73 178.54
31.74 179.44
31.75 180.24
31.76 179.68
31.77 179.24
31.78 179.15
31.79 178.75
31.8 178.38
31.81 178.27
31.82 178.09
31.83 178.03
31.84 178.06
31.85 178.03
31.86 178.45
31.87 179.0
31.88 180.14
31.89 180.87
31.9 179.98
31.91 177.54
31.92 173.9
31.93 143.46
31.94 140.82
31.95 117.37
31.96 118.1
31.97 119.8
31.98 240.1
31.99 236.0
32.0 223.24
32.01 63.81
32.02 182.17
32.03 221.5
32.04 78.29
32.05 234.59
32.06 226.55
32.07 0.0
32.08 62.71
32.09 0.0
32.1 0.0
32.11 0.0
32.12 0.0
32.13 295.79
32.14 285.45
32.15 177.72
32.16 168.72
32.17 168.05
32.18 170.25
32.19 173.48
32.2 173.92
32.21 174.64
32.22 175.53
32.23 176.11
32.24 177.84
32.25 178.78
32.26 178.91
32.27 180.0
32.28 180.3
32.29 180.91
32.3 181.79
32.31 181.7
32.32 181.71
32.33 180.66
32.34 180.63
32.35 181.3
32.36 180.68
32.37 180.48
32.38 179.63
32.39 179.2
32.4 178.9
32.41 176.75
32.42 177.6
32.43 178.55
32.44 178.13
32.45 177.41
32.46 176.8
32.47 177.65
32.48 180.1
32.49 182.86
32.5 184.0
32.51 184.28
32.52 185.95
32.53 185.47
32.54 182.26
32.55 180.39
32.56 87.61
32.57 172.68
32.58 83.94
32.59 82.63
32.6 81.41
32.61 80.81
32.62 162.2
32.63 79.96
32.64 160.25
32.65 158.58
32.66 157.44
32.67 157.29
32.68 156.07
32.69 156.79
32.7 155.55
32.71 151.92
32.72 75.42
32.73 74.4
32.74 147.6
32.75 72.62
32.76 72.07
32.77 71.92
32.78 71.76
32.79 143.53
32.8 144.32
32.81 144.32
32.82 144.97
32.83 145.95
32.84 145.98
32.85 146.91
32.86 73.53
32.87 148.33
32.88 149.28
32.89 149.06
32.9 73.77
32.91 73.52
32.92 147.85
32.93 147.83
32.94 148.04
32.95 147.53
32.96 148.0
32.97 148.69
32.98 149.21
32.99 149.36
33.0 149.36
33.01 149.49
33.02 148.51
33.03 147.97
33.04 147.15
33.05 146.22
33.06 72.83
33.07 72.85
33.08 72.44
33.09 72.41
33.1 72.48
33.11 72.61
33.12 72.98
33.13 73.03
33.14 146.56
33.15 146.16
33.16 146.18
33.17 146.43
33.18 146.61
33.19 145.8
33.2 146.07
33.21 146.55
33.22 146.83
33.23 146.65
33.24 146.63
33.25 146.27
33.26 145.93
33.27 146.25
33.28 146.37
33.29 72.72
33.3 72.42
33.31 72.11
33.32 71.97
33.33 71.86
33.34 71.74
33.35 71.66
33.36 71.66
33.37 71.78
33.38 71.95
33.39 72.14
33.4 72.46
33.41 72.57
33.42 72.53
33.43 72.41
33.44 72.17
33.45 71.8
33.46 71.58
33.47 71.27
33.48 71.08
33.49 71.06
33.5 71.16
33.51 71.17
33.52 142.35
33.53 141.8
33.54 142.01
33.55 142.91
33.56 143.35
33.57 143.55
33.58 143.19
33.59 143.14
33.6 143.48
33.61 144.13
33.62 144.51
33.63 144.86
33.64 145.19
33.65 144.93
33.66 144.96
33.67 72.2
33.68 72.1
33.69 72.07
33.7 72.13
33.71 72.22
33.72 144.61
33.73 145.44
33.74 145.02
33.75 144.78
33.76 144.96
33.77 144.97
33.78 145.34
33.79 146.1
33.8 146.55
33.81 147.99
33.82 149.51
33.83 150.77
33.84 73.65
33.85 151.06
33.86 158.24
33.87 161.37
33.88 162.56
33.89 160.45
33.9 157.76
33.91 157.12
33.92 151.44
33.93 151.7
33.94 152.27
33.95 153.02
33.96 156.09
33.97 155.88
33.98 155.59
33.99 156.93
34.0 156.35
34.01 158.42
34.02 157.91
34.03 156.96
34.04 159.18
34.05 159.37
34.06 80.65
34.07 80.47
34.08 80.16
34.09 80.55
34.1 159.64
34.11 78.92
34.12 154.66
34.13 152.3
34.14 149.58
34.15 145.83
34.16 141.15
34.17 65.28
34.18 125.18
34.19 119.31
34.2 116.91
34.21 97.85
34.22 97.0
34.23 192.0
34.24 190.78
34.25 191.47
34.26 190.9
34.27 189.7
34.28 189.28
34.29 189.96
34.3 190.96
34.31 60.09
34.32 202.33
34.33 194.16
34.34 188.32
34.35 187.85
34.36 190.66
34.37 187.6
34.38 81.73
34.39 195.89
34.4 217.59
34.41 231.15
34.42 221.83
34.43 193.0
34.44 192.61
34.45 0.0
34.46 0.0
34.47 0.0
34.48 0.0
34.49 0.0
34.5 114.61
34.51 178.89
34.52 0.0
34.53 0.0
34.54 1336.11
34.55 102.23
34.56 64.19
34.57 0.0
34.58 0.0
34.59 0.0
34.6 0.0
34.61 0.0
34.62 0.0
34.63 0.0
34.64 0.0
34.65 0.0
34.66 0.0
34.67 0.0
34.68 0.0
34.69 0.0
34.7 0.0
34.71 0.0
34.72 0.0
34.73 0.0
34.74 0.0
34.75 0.0
34.76 0.0
34.77 0.0
34.78 0.0
34.79 0.0
34.8 183.35
34.81 80.29
34.82 0.0
34.83 182.17
34.84 168.68
34.85 159.44
34.86 155.73
34.87 151.64
34.88 149.21
34.89 146.39
34.9 145.28
34.91 139.32
34.92 137.57
34.93 140.34
34.94 139.28
34.95 138.96
34.96 138.17
34.97 138.48
34.98 138.78
34.99 139.36
35.0 139.81
35.01 140.25
35.02 142.35
35.03 142.96
35.04 143.9
35.05 146.13
35.06 147.09
35.07 149.3
35.08 151.84
35.09 153.49
35.1 155.41
35.11 157.78
35.12 159.16
35.13 160.01
35.14 160.97
35.15 162.04
35.16 162.65
35.17 162.68
35.18 163.32
35.19 164.0
35.2 164.26
35.21 165.51
35.22 166.84
35.23 166.92
35.24 167.07
35.25 168.35
35.26 170.37
35.27 172.81
35.28 174.03
35.29 175.45
35.3 176.24
35.31 176.52
35.32 177.1
35.33 178.03
35.34 177.64
35.35 177.01
35.36 177.08
35.37 176.57
35.38 175.91
35.39 175.29
35.4 174.69
35.41 174.61
35.42 175.2
35.43 175.93
35.44 176.26
35.45 176.29
35.46 176.75
35.47 177.66
35.48 178.24
35.49 179.04
35.5 179.38
35.51 179.43
35.52 179.39
35.53 179.21
35.54 178.51
35.55 177.67
35.56 176.85
35.57 175.78
35.58 176.21
35.59 176.48
35.6 176.7
35.61 177.12
35.62 177.1
35.63 177.25
35.64 177.63
35.65 178.07
35.66 178.37
35.67 178.68
35.68 178.77
35.69 178.3
35.7 178.03
35.71 177.7
35.72 177.66
35.73 177.78
35.74 177.31
35.75 177.14
35.76 176.98
35.77 176.85
35.78 177.12
35.79 177.23
35.8 177.01
35.81 176.9
35.82 176.51
35.83 176.86
35.84 176.82
35.85 176.7
35.86 176.83
35.87 177.0
35.88 177.29
35.89 177.57
35.9 177.94
35.91 178.36
35.92 178.11
35.93 177.41
35.94 177.27
35.95 176.23
35.96 175.44
35.97 175.66
35.98 176.0
35.99 176.13
36.0 176.04
36.01 175.96
36.02 175.96
36.03 176.23
36.04 176.62
36.05 177.13
36.06 177.35
36.07 177.18
36.08 177.08
36.09 177.39
36.1 177.17
36.11 176.99
36.12 176.85
36.13 175.96
36.14 174.83
36.15 175.11
36.16 176.3
36.17 176.87
36.18 177.28
36.19 177.52
36.2 177.39
36.21 176.93
36.22 176.45
36.23 176.84
36.24 177.11
36.25 176.93
36.26 176.77
36.27 176.66
36.28 176.58
36.29 176.25
36.3 175.9
36.31 175.81
36.32 175.97
36.33 176.82
36.34 177.61
36.35 177.74
36.36 177.13
36.37 176.32
36.38 176.72
36.39 178.24
36.4 179.18
36.41 174.03
36.42 163.46
36.43 151.05
36.44 135.37
36.45 126.03
36.46 90.95
36.47 268.88
36.48 274.54
36.49 266.28
36.5 263.12
36.51 263.66
36.52 246.05
36.53 240.69
36.54 249.27
36.55 259.36
36.56 85.45
36.57 272.45
36.58 271.09
36.59 273.8
36.6 267.75
36.61 255.05
36.62 178.04
36.63 171.63
36.64 171.12
36.65 171.88
36.66 173.04
36.67 174.86
36.68 175.27
36.69 175.11
36.7 175.83
36.71 176.44
36.72 176.19
36.73 176.42
36.74 175.62
36.75 174.09
36.76 174.53
36.77 174.75
36.78 175.06
36.79 176.1
36.8 176.22
36.81 176.51
36.82 177.35
36.83 177.59
36.84 177.0
36.85 177.7
36.86 177.64
36.87 176.79
36.88 177.17
36.89 176.72
36.9 176.28
36.91 176.3
36.92 176.18
36.93 175.81
36.94 174.62
36.95 171.54
36.96 168.44
36.97 83.47
36.98 166.74
36.99 165.53
37.0 164.29
37.01 161.9
37.02 160.47
37.03 160.0
37.04 156.77
37.05 155.88
37.06 154.83
37.07 151.38
37.08 152.41
37.09 151.6
37.1 149.01
37.11 75.38
37.12 150.26
37.13 150.51
37.14 74.11
37.15 73.64
37.16 72.5
37.17 143.61
37.18 142.62
37.19 142.67
37.2 142.5
37.21 142.36
37.22 142.9
37.23 143.25
37.24 143.42
37.25 144.56
37.26 145.06
37.27 144.5
37.28 144.89
37.29 72.64
37.3 72.52
37.31 144.78
37.32 144.28
37.33 143.48
37.34 143.54
37.35 143.71
37.36 71.63
37.37 71.7
37.38 71.7
37.39 71.6
37.4 71.51
37.41 142.46
37.42 142.93
37.43 143.66
37.44 144.14
37.45 144.04
37.46 144.14
37.47 144.69
37.48 144.69
37.49 144.57
37.5 145.19
37.51 145.87
37.52 146.07
37.53 145.62
37.54 145.07
37.55 145.12
37.56 145.27
37.57 144.9
37.58 144.67
37.59 144.83
37.6 144.55
37.61 144.26
37.62 144.12
37.63 144.51
37.64 145.15
37.65 144.83
37.66 145.29
37.67 146.21
37.68 146.28
37.69 146.02
37.7 146.54
37.71 146.74
37.72 146.28
37.73 147.03
37.74 146.85
37.75 145.54
37.76 145.5
37.77 145.67
37.78 145.65
37.79 145.36
37.8 145.06
37.81 145.14
37.82 145.02
37.83 144.48
37.84 144.27
37.85 72.5
37.86 72.6
37.87 72.63
37.88 72.6
37.89 72.54
37.9 72.46
37.91 72.55
37.92 72.8
37.93 73.09
37.94 73.34
37.95 73.54
37.96 73.71
37.97 73.66
37.98 73.52
37.99 73.49
38.0 147.29
38.01 147.4
38.02 147.68
38.03 73.18
38.04 72.98
38.05 72.85
38.06 72.8
38.07 72.92
38.08 146.07
38.09 146.62
38.1 147.0
38.11 148.24
38.12 149.72
38.13 151.28
38.14 154.01
38.15 155.1
38.16 155.86
38.17 156.49
38.18 77.65
38.19 77.78
38.2 157.36
38.21 155.79
38.22 78.03
38.23 155.5
38.24 156.55
38.25 158.43
38.26 156.95
38.27 153.97
38.28 76.44
38.29 152.44
38.3 152.31
38.31 75.43
38.32 151.64
38.33 152.25
38.34 153.9
38.35 154.44
38.36 153.56
38.37 154.05
38.38 155.06
38.39 155.34
38.4 154.57
38.41 155.74
38.42 157.58
38.43 157.32
38.44 156.58
38.45 156.93
38.46 156.31
38.47 153.32
38.48 152.31
38.49 150.21
38.5 147.52
38.51 144.82
38.52 137.88
38.53 65.45
38.54 124.79
38.55 121.69
38.56 118.58
38.57 100.35
38.58 98.38
38.59 97.19
38.6 65.33
38.61 196.17
38.62 197.77
38.63 196.93
38.64 194.89
38.65 195.58
38.66 194.09
38.67 100.34
38.68 203.81
38.69 202.3
38.7 207.1
38.71 217.24
38.72 209.33
38.73 212.38
38.74 65.56
38.75 66.63
38.76 200.29
38.77 200.98
38.78 204.63
38.79 0.0
38.8 0.0
38.81 0.0
38.82 0.0
38.83 92.68
38.84 93.3
38.85 0.0
38.86 0.0
38.87 0.0
38.88 0.0
38.89 0.0
38.9 0.0
38.91 0.0
38.92 0.0
38.93 0.0
38.94 0.0
38.95 0.0
38.96 0.0
38.97 0.0
38.98 0.0
38.99 0.0
39.0 0.0
39.01 0.0
39.02 0.0
39.03 0.0
39.04 0.0
39.05 0.0
39.06 0.0
39.07 0.0
39.08 0.0
39.09 0.0
39.1 0.0
39.11 246.05
39.12 223.56
39.13 161.63
39.14 699.13
39.15 144.18
39.16 62.58
39.17 126.35
39.18 128.53
39.19 128.33
39.2 128.02
39.21 127.56
39.22 62.8
39.23 62.92
39.24 123.31
39.25 64.09
39.26 64.73
39.27 66.4
39.28 67.2
39.29 135.14
39.3 136.44
39.31 70.61
39.32 71.19
39.33 144.13
39.34 147.63
39.35 149.64
39.36 75.75
39.37 152.93
39.38 156.15
39.39 158.35
39.4 159.56
39.41 160.98
39.42 163.9
39.43 166.08
39.44 167.2
39.45 168.26
39.46 168.73
39.47 169.19
39.48 169.39
39.49 170.0
39.5 170.42
39.51 170.72
39.52 171.38
39.53 171.58
39.54 172.56
39.55 174.38
39.56 175.01
39.57 175.49
39.58 175.97
39.59 176.39
39.6 176.52
39.61 176.63
39.62 176.38
39.63 175.75
39.64 175.95
39.65 176.13
39.66 176.04
39.67 175.88
39.68 175.26
39.69 174.5
39.7 174.29
39.71 173.94
39.72 174.12
39.73 174.81
39.74 175.56
39.75 175.74
39.76 175.41
39.77 175.37
39.78 175.71
39.79 176.17
39.8 176.54
39.81 88.26
39.82 88.02
39.83 175.16
39.84 175.94
39.85 176.61
39.86 89.29
39.87 179.09
39.88 177.45
39.89 177.43
39.9 175.8
39.91 173.67
39.92 173.39
39.93 174.19
39.94 174.47
39.95 173.98
39.96 174.07
39.97 174.98
39.98 176.35
39.99 177.67
40.0 178.09
40.01 178.23
40.02 178.55
40.03 178.62
40.04 179.28
40.05 179.92
40.06 180.06
40.07 180.88
40.08 180.77
40.09 179.96
40.1 180.38
40.11 180.81
40.12 181.12
40.13 180.55
40.14 179.78
40.15 180.48
40.16 180.08
40.17 178.88
40.18 178.88
40.19 178.68
40.2 178.11
40.21 177.66
40.22 177.5
40.23 178.42
40.24 179.09
40.25 178.86
40.26 180.3
40.27 180.08
40.28 179.34
40.29 179.58
40.3 179.58
40.31 179.09
40.32 178.59
40.33 178.26
40.34 175.89
40.35 172.97
40.36 172.4
40.37 172.6
40.38 172.11
40.39 171.66
40.4 172.98
40.41 174.29
40.42 174.7
40.43 175.31
40.44 175.68
40.45 175.92
40.46 175.87
40.47 176.75
40.48 175.82
40.49 175.69
40.5 174.59
40.51 174.94
40.52 175.54
40.53 175.83
40.54 176.34
40.55 176.68
40.56 176.74
40.57 176.48
40.58 176.38
40.59 176.01
40.6 175.68
40.61 175.69
40.62 174.76
40.63 174.9
40.64 175.3
40.65 175.21
40.66 176.37
40.67 176.58
40.68 176.37
40.69 176.39
40.7 176.25
40.71 176.19
40.72 175.57
40.73 174.96
40.74 174.28
40.75 172.68
40.76 174.33
40.77 175.07
40.78 177.75
40.79 178.71
40.8 176.23
40.81 174.95
40.82 176.07
40.83 88.59
40.84 178.85
40.85 179.11
40.86 177.35
40.87 176.24
40.88 176.77
40.89 177.47
40.9 177.37
40.91 176.68
40.92 176.82
40.93 177.53
40.94 178.75
40.95 180.47
40.96 181.4
40.97 181.59
40.98 180.56
40.99 179.64
41.0 181.08
41.01 181.94
41.02 181.74
41.03 181.4
41.04 180.28
41.05 181.02
41.06 181.55
41.07 181.42
41.08 181.3
41.09 180.14
41.1 180.07
41.11 89.91
41.12 180.01
41.13 180.24
41.14 179.75
41.15 89.18
41.16 177.39
41.17 176.58
41.18 88.5
41.19 177.95
41.2 177.75
41.21 177.12
41.22 176.88
41.23 175.56
41.24 174.74
41.25 174.79
41.26 172.47
41.27 170.94
41.28 173.64
41.29 173.17
41.3 176.26
41.31 181.82
41.32 182.45
41.33 179.77
41.34 182.88
41.35 186.27
41.36 186.22
41.37 178.69
41.38 90.07
41.39 89.46
41.4 176.92
41.41 173.61
41.42 172.01
41.43 172.62
41.44 173.07
41.45 173.04
41.46 173.95
41.47 175.48
41.48 176.13
41.49 177.08
41.5 178.11
41.51 179.05
41.52 179.02
41.53 178.16
41.54 177.57
41.55 176.66
41.56 174.87
41.57 174.7
41.58 175.1
41.59 175.82
41.6 175.81
41.61 174.64
41.62 174.16
41.63 175.82
41.64 177.37
41.65 178.08
41.66 178.46
41.67 178.88
41.68 178.5
41.69 177.76
41.7 177.16
41.71 176.73
41.72 176.63
41.73 176.16
41.74 175.21
41.75 174.17
41.76 175.51
41.77 176.37
41.78 177.14
41.79 177.52
41.8 177.96
41.81 178.33
41.82 178.08
41.83 178.2
41.84 177.58
41.85 176.72
41.86 177.89
41.87 178.12
41.88 178.26
41.89 178.15
41.9 177.51
41.91 177.3
41.92 177.04
41.93 176.51
41.94 177.31
41.95 178.02
41.96 178.93
41.97 179.3
41.98 178.84
41.99 178.49
42.0 178.16
42.01 177.9
42.02 180.07
42.03 182.52
42.04 181.91
42.05 182.08
42.06 181.86
42.07 181.6
42.08 181.99
42.09 182.0
42.1 182.03
42.11 181.52
42.12 180.32
42.13 180.28
42.14 180.9
42.15 181.42
42.16 182.55
42.17 182.38
42.18 182.06
42.19 182.92
42.2 183.23
42.21 183.41
42.22 182.83
42.23 182.83
42.24 184.72
42.25 184.7
42.26 184.49
42.27 184.74
42.28 185.42
42.29 185.5
42.3 185.32
42.31 186.08
42.32 185.38
42.33 185.36
42.34 184.51
42.35 184.06
42.36 183.2
42.37 181.17
42.38 89.97
42.39 179.74
42.4 177.07
42.41 174.97
42.42 87.78
42.43 176.22
42.44 176.1
42.45 176.61
42.46 178.0
42.47 178.83
42.48 179.51
42.49 179.48
42.5 179.58
42.51 179.99
42.52 180.1
42.53 179.55
42.54 179.71
42.55 90.64
42.56 91.08
42.57 181.14
42.58 183.32
42.59 184.73
42.6 184.3
42.61 184.18
42.62 184.11
42.63 92.53
42.64 93.01
42.65 93.22
42.66 93.19
42.67 92.93
42.68 92.23
42.69 183.89
42.7 182.54
42.71 180.29
42.72 90.75
42.73 59.9
42.74 177.54
42.75 59.91
42.76 60.08
42.77 60.31
42.78 91.62
42.79 92.39
42.8 93.82
42.81 64.75
42.82 199.23
42.83 96.46
42.84 64.75
42.85 197.23
42.86 190.57
42.87 186.35
42.88 181.72
42.89 175.65
42.9 166.8
42.91 159.13
42.92 156.59
42.93 155.95
42.94 154.12
42.95 153.55
42.96 154.13
42.97 155.72
42.98 153.64
42.99 152.9
43.0 152.89
43.01 153.48
43.02 153.65
43.03 151.8
43.04 75.06
43.05 149.29
43.06 147.19
43.07 71.05
43.08 141.41
43.09 67.63
43.1 66.51
43.11 65.79
43.12 65.14
43.13 64.56
43.14 126.51
43.15 64.38
43.16 126.48
43.17 64.73
43.18 65.34
43.19 66.0
43.2 66.32
43.21 66.74
43.22 67.13
43.23 67.07
43.24 67.02
43.25 66.99
43.26 66.88
43.27 66.69
43.28 66.41
43.29 66.43
43.3 66.5
43.31 66.4
43.32 66.11
43.33 128.3
43.34 128.12
43.35 127.42
43.36 127.29
43.37 65.65
43.38 65.83
43.39 66.1
43.4 66.72
43.41 68.47
43.42 68.8
43.43 137.91
43.44 72.11
43.45 72.01
43.46 72.44
43.47 73.01
43.48 71.91
43.49 70.81
43.5 70.04
43.51 69.48
43.52 69.32
43.53 69.39
43.54 68.88
43.55 68.55
43.56 68.73
43.57 137.44
43.58 138.7
43.59 69.87
43.6 70.37
43.61 140.85
43.62 141.51
43.63 70.5
43.64 70.47
43.65 70.51
43.66 141.15
43.67 140.78
43.68 140.99
43.69 140.96
43.7 141.03
43.71 140.98
43.72 140.83
43.73 141.87
43.74 143.95
43.75 144.04
43.76 144.51
43.77 144.94
43.78 144.63
43.79 144.92
43.8 144.54
43.81 144.97
43.82 144.62
43.83 143.92
43.84 144.92
43.85 144.54
43.86 143.69
43.87 144.29
43.88 144.22
43.89 143.8
43.9 144.59
43.91 144.75
43.92 144.69
43.93 145.87
43.94 146.01
43.95 146.17
43.96 147.17
43.97 145.92
43.98 145.76
43.99 147.04
44.0 146.19
44.01 146.07
44.02 146.53
44.03 145.73
44.04 145.75
44.05 145.74
44.06 144.92
44.07 145.23
44.08 145.18
44.09 144.35
44.1 144.29
44.11 145.04
44.12 144.9
44.13 143.96
44.14 144.06
44.15 144.9
44.16 144.92
44.17 144.31
44.18 144.81
44.19 145.28
44.2 145.04
44.21 145.74
44.22 146.09
44.23 145.43
44.24 145.59
44.25 146.14
44.26 145.47
44.27 145.02
44.28 145.26
44.29 145.53
44.3 144.39
44.31 143.8
44.32 144.77
44.33 145.28
44.34 145.2
44.35 146.17
44.36 146.34
44.37 145.34
44.38 145.38
44.39 146.17
44.4 145.48
44.41 143.74
44.42 143.31
44.43 144.17
44.44 144.61
44.45 145.5
44.46 147.51
44.47 148.03
44.48 147.11
44.49 147.34
44.5 147.29
44.51 146.19
44.52 73.53
44.53 72.85
44.54 72.54
44.55 71.58
44.56 141.7
44.57 145.11
44.58 143.07
44.59 141.95
44.6 142.54
44.61 141.9
44.62 140.47
44.63 141.04
44.64 141.4
44.65 142.74
44.66 144.05
44.67 145.42
44.68 147.93
44.69 149.87
44.7 151.52
44.71 153.87
44.72 155.34
44.73 157.01
44.74 159.9
44.75 161.71
44.76 161.62
44.77 161.4
44.78 161.08
44.79 162.12
44.8 161.8
44.81 161.9
44.82 162.23
44.83 161.4
44.84 161.69
44.85 162.51
44.86 162.37
44.87 162.77
44.88 163.43
44.89 163.21
44.9 163.22
44.91 163.2
44.92 163.52
44.93 163.4
44.94 163.11
44.95 163.57
44.96 163.76
44.97 163.53
44.98 163.08
44.99 163.46
45.0 163.53
45.01 163.04
45.02 163.68
45.03 164.52
45.04 165.5
45.05 164.99
45.06 164.82
45.07 165.51
45.08 165.43
45.09 165.38
45.1 165.9
45.11 166.65
45.12 166.89
45.13 168.34
45.14 169.79
45.15 169.16
45.16 168.06
45.17 167.86
45.18 166.81
45.19 80.57
45.2 160.73
45.21 160.83
45.22 159.91
45.23 158.79
45.24 159.03
45.25 160.07
45.26 161.54
45.27 160.93
45.28 161.0
45.29 162.42
45.3 161.57
45.31 162.27
45.32 163.18
45.33 161.93
45.34 162.06
45.35 162.83
45.36 163.01
45.37 163.16
45.38 164.15
45.39 164.03
45.4 164.22
45.41 164.33
45.42 163.61
45.43 162.82
45.44 162.8
45.45 162.14
45.46 161.5
45.47 162.72
45.48 162.1
45.49 162.07
45.5 162.57
45.51 162.56
45.52 163.13
45.53 162.05
45.54 162.48
45.55 162.02
45.56 161.03
45.57 161.68
45.58 161.09
45.59 160.15
45.6 160.84
45.61 162.18
45.62 161.64
45.63 162.51
45.64 162.47
45.65 163.18
45.66 162.81
45.67 161.88
45.68 161.13
45.69 161.2
45.7 160.72
45.71 158.86
45.72 158.77
45.73 158.52
45.74 158.71
45.75 80.61
45.76 163.1
45.77 167.93
45.78 173.71
45.79 181.45
45.8 188.53
45.81 192.15
45.82 194.0
45.83 195.42
45.84 194.36
45.85 191.59
45.86 187.15
45.87 181.15
45.88 177.59
45.89 175.21
45.9 173.76
45.91 173.58
45.92 174.53
45.93 174.81
45.94 174.66
45.95 175.88
45.96 176.46
45.97 176.46
45.98 176.46
45.99 177.37
46.0 178.8
46.01 180.02
46.02 180.75
46.03 181.19
46.04 181.01
46.05 180.06
46.06 179.47
46.07 180.3
46.08 181.21
46.09 181.93
46.1 182.22
46.11 181.63
46.12 180.57
46.13 179.87
46.14 179.91
46.15 180.5
46.16 181.18
46.17 181.78
46.18 182.28
46.19 182.39
46.2 182.83
46.21 183.96
46.22 185.09
46.23 185.72
46.24 185.74
46.25 184.94
46.26 184.44
46.27 184.93
46.28 185.89
46.29 186.21
46.3 185.47
46.31 184.49
46.32 184.15
46.33 183.98
46.34 183.6
46.35 182.1
46.36 180.79
46.37 180.84
46.38 181.04
46.39 181.62
46.4 181.74
46.41 181.59
46.42 181.61
46.43 181.42
46.44 181.46
46.45 181.37
46.46 180.96
46.47 181.18
46.48 182.66
46.49 184.11
46.5 185.07
46.51 185.08
46.52 184.13
46.53 183.25
46.54 182.25
46.55 181.45
46.56 181.06
46.57 180.62
46.58 180.31
46.59 180.1
46.6 179.59
46.61 178.52
46.62 178.11
46.63 178.58
46.64 179.23
46.65 179.86
46.66 180.36
46.67 180.85
46.68 181.16
46.69 181.5
46.7 182.2
46.71 183.29
46.72 184.19
46.73 184.4
46.74 184.22
46.75 183.46
46.76 182.33
46.77 181.35
46.78 180.37
46.79 179.15
46.8 178.02
46.81 176.96
46.82 175.89
46.83 174.32
46.84 170.63
46.85 166.84
46.86 159.32
46.87 150.2
46.88 143.27
46.89 137.97
46.9 133.84
46.91 60.88
46.92 60.32
46.93 60.21
46.94 120.46
46.95 120.1
46.96 118.61
46.97 108.24
46.98 99.73
46.99 88.27
47.0 176.3
47.01 179.86
47.02 182.93
47.03 183.0
47.04 175.62
47.05 163.19
47.06 62.6
47.07 178.14
47.08 178.91
47.09 176.69
47.1 177.83
47.11 178.7
47.12 181.07
47.13 184.09
47.14 0.0
47.15 0.0
47.16 332.26
47.17 183.11
47.18 167.84
47.19 339.85
47.2 348.8
47.21 0.0
47.22 0.0
47.23 0.0
47.24 0.0
47.25 0.0
47.26 0.0
47.27 0.0
47.28 63.75
47.29 65.37
47.3 0.0
47.31 126.4
47.32 185.39
47.33 0.0
47.34 0.0
47.35 0.0
47.36 180.63
47.37 179.73
47.38 0.0
47.39 0.0
47.4 161.99
47.41 160.74
47.42 0.0
47.43 0.0
47.44 88.34
47.45 84.1
47.46 0.0
47.47 0.0
47.48 0.0
47.49 0.0
47.5 0.0
47.51 0.0
47.52 0.0
47.53 0.0
47.54 0.0
47.55 0.0
47.56 0.0
47.57 0.0
47.58 188.33
47.59 174.76
47.6 171.77
47.61 172.01
47.62 171.18
47.63 170.19
47.64 169.69
47.65 171.01
47.66 172.95
47.67 175.35
47.68 178.21
47.69 182.01
47.7 182.22
47.71 139.97
47.72 139.39
47.73 139.93
47.74 140.12
47.75 140.91
47.76 142.31
47.77 144.21
47.78 146.92
47.79 150.28
47.8 153.4
47.81 155.44
47.82 159.6
47.83 164.4
47.84 164.7
47.85 164.28
47.86 167.72
47.87 170.63
47.88 172.38
47.89 173.62
47.9 174.18
47.91 174.8
47.92 176.05
47.93 88.0
47.94 87.86
47.95 176.13
47.96 176.29
47.97 176.53
47.98 177.3
47.99 177.72
48.0 178.17
48.01 178.93
48.02 179.13
48.03 179.16
48.04 179.12
48.05 178.99
48.06 179.06
48.07 179.52
48.08 179.89
48.09 180.09
48.1 89.87
48.11 89.88
48.12 179.57
48.13 179.53
48.14 179.98
48.15 180.39
48.16 180.63
48.17 181.02
48.18 181.15
48.19 181.11
48.2 181.01
48.21 181.23
48.22 181.4
48.23 181.92
48.24 181.98
48.25 181.66
48.26 181.92
48.27 181.45
48.28 180.98
48.29 180.58
48.3 179.84
48.31 179.72
48.32 179.76
48.33 179.67
48.34 179.83
48.35 180.26
48.36 181.2
48.37 182.02
48.38 182.42
48.39 182.35
48.4 182.66
48.41 182.99
48.42 182.78
48.43 182.86
48.44 182.58
48.45 182.22
48.46 182.32
48.47 182.76
48.48 182.12
48.49 181.36
48.5 180.67
48.51 180.35
48.52 180.56
48.53 180.62
48.54 180.69
48.55 180.99
48.56 180.7
48.57 181.38
48.58 181.75
48.59 181.13
48.6 181.67
48.61 181.26
48.62 180.64
48.63 180.12
48.64 180.15
48.65 180.75
48.66 181.57
48.67 182.67
48.68 182.8
48.69 182.0
48.7 181.57
48.71 180.8
48.72 181.17
48.73 181.65
48.74 180.76
48.75 180.89
48.76 180.48
48.77 180.23
48.78 180.18
48.79 179.95
48.8 180.26
48.81 180.63
48.82 180.72
48.83 180.59
48.84 179.6
48.85 179.45
48.86 89.78
48.87 179.74
48.88 180.34
48.89 180.13
48.9 181.0
48.91 180.95
48.92 180.97
48.93 180.9
48.94 180.36
48.95 179.93
48.96 178.89
48.97 178.54
48.98 178.82
48.99 178.87
49.0 179.47
49.01 179.46
49.02 180.14
49.03 180.63
49.04 180.22
49.05 180.38
49.06 180.34
49.07 180.27
49.08 179.65
49.09 178.75
49.1 179.33
49.11 179.13
49.12 178.56
49.13 178.67
49.14 89.21
49.15 89.38
49.16 179.06
49.17 179.4
49.18 179.87
49.19 89.93
49.2 89.85
49.21 179.78
49.22 179.42
49.23 179.99
49.24 89.97
49.25 89.72
49.26 89.71
49.27 180.03
49.28 179.63
49.29 89.76
49.3 179.91
49.31 179.85
49.32 89.74
49.33 179.33
49.34 178.95
49.35 178.03
49.36 88.51
49.37 88.11
49.38 175.26
49.39 175.14
49.4 88.17
49.41 88.84
49.42 178.72
49.43 89.7
49.44 89.53
49.45 90.18
49.46 182.57
49.47 90.44
49.48 90.4
49.49 179.73
49.5 181.27
49.51 90.65
49.52 90.58
49.53 181.08
49.54 180.43
49.55 90.44
49.56 183.42
49.57 181.88
49.58 90.25
49.59 90.15
49.6 180.88
49.61 181.29
49.62 90.24
49.63 181.48
49.64 180.84
49.65 182.16
49.66 91.07
49.67 181.71
49.68 181.84
49.69 91.05
49.7 91.09
49.71 183.87
49.72 182.77
49.73 91.4
49.74 184.09
49.75 184.14
49.76 91.54
49.77 182.23
49.78 182.35
49.79 182.75
49.8 91.14
49.81 183.15
49.82 182.56
49.83 183.31
49.84 91.46
49.85 91.49
49.86 182.3
49.87 184.02
49.88 92.16
49.89 92.58
49.9 185.49
49.91 185.62
49.92 91.94
49.93 184.68
49.94 182.55
49.95 91.19
49.96 91.73
49.97 183.9
49.98 183.85
49.99 61.67
50.0 186.63
50.01 186.74
50.02 185.75
50.03 182.71
50.04 181.89
50.05 182.15
50.06 182.26
50.07 181.88
50.08 181.69
50.09 181.11
50.1 180.73
50.11 179.89
50.12 178.1
50.13 175.32
50.14 167.24
50.15 157.96
50.16 149.74
50.17 138.16
50.18 131.11
50.19 119.68
50.2 89.1
50.21 89.85
50.22 270.13
50.23 271.48
50.24 270.13
50.25 269.36
50.26 270.25
50.27 269.9
50.28 269.74
50.29 268.82
50.3 269.46
50.31 269.11
50.32 269.59
50.33 272.51
50.34 275.12
50.35 270.17
50.36 260.63
50.37 262.43
50.38 255.51
50.39 250.84
50.4 249.81
50.41 245.83
50.42 246.08
50.43 243.1
50.44 243.71
50.45 247.7
50.46 245.41
50.47 247.87
50.48 248.35
50.49 243.34
50.5 245.8
50.51 247.42
50.52 225.91
50.53 161.38
50.54 141.73
50.55 142.97
50.56 141.89
50.57 142.27
50.58 144.0
50.59 145.13
50.6 145.64
50.61 145.88
50.62 144.75
50.63 144.82
50.64 147.14
50.65 146.88
50.66 148.19
50.67 147.36
50.68 145.69
50.69 146.25
50.7 74.04
50.71 149.04
50.72 146.44
50.73 147.76
50.74 151.78
50.75 152.36
50.76 152.57
50.77 153.96
50.78 157.54
50.79 160.5
50.8 164.01
50.81 166.11
50.82 167.75
50.83 170.54
50.84 172.65
50.85 174.11
50.86 175.17
50.87 174.96
50.88 175.11
50.89 175.81
50.9 176.37
50.91 176.67
50.92 176.95
50.93 177.08
50.94 178.19
50.95 179.15
50.96 179.6
50.97 179.98
50.98 179.86
50.99 179.73
51.0 179.33
51.01 179.06
51.02 179.51
51.03 179.96
51.04 180.29
51.05 179.97
51.06 179.61
51.07 179.51
51.08 179.6
51.09 179.86
51.1 180.33
51.11 181.02
51.12 181.03
51.13 181.13
51.14 181.52
51.15 181.28
51.16 180.92
51.17 180.07
51.18 179.43
51.19 179.34
51.2 179.42
51.21 179.14
51.22 179.01
51.23 179.13
51.24 178.81
51.25 178.55
51.26 178.38
51.27 178.28
51.28 178.15
51.29 178.0
51.3 178.2
51.31 178.21
51.32 177.9
51.33 177.49
51.34 177.17
51.35 177.47
51.36 178.06
51.37 178.91
51.38 179.75
51.39 180.1
51.4 180.34
51.41 180.21
51.42 179.91
51.43 179.71
51.44 178.99
51.45 178.85
51.46 178.9
51.47 178.48
51.48 178.53
51.49 177.86
51.5 177.98
51.51 179.27
51.52 179.65
51.53 179.6
51.54 179.47
51.55 179.12
51.56 179.08
51.57 179.29
51.58 179.6
51.59 179.75
51.6 179.62
51.61 179.33
51.62 179.2
51.63 179.02
51.64 178.8
51.65 178.71
51.66 178.33
51.67 177.88
51.68 178.11
51.69 178.35
51.7 178.69
51.71 179.19
51.72 178.54
51.73 178.38
51.74 178.3
51.75 178.37
51.76 178.59
51.77 178.21
51.78 177.78
51.79 176.72
51.8 176.81
51.81 177.88
51.82 178.37
51.83 178.27
51.84 178.17
51.85 178.56
51.86 179.15
51.87 179.76
51.88 180.21
51.89 180.41
51.9 180.46
51.91 180.25
51.92 179.85
51.93 179.27
51.94 179.38
51.95 180.28
51.96 180.97
51.97 182.09
51.98 180.62
51.99 60.66
52.0 60.53
52.01 60.37
52.02 60.32
52.03 179.83
52.04 181.18
52.05 180.98
52.06 181.52
52.07 182.37
52.08 182.75
52.09 182.52
52.1 182.02
52.11 182.18
52.12 182.39
52.13 182.27
52.14 60.35
52.15 60.19
52.16 180.56
52.17 180.5
52.18 181.24
52.19 182.0
52.2 182.0
52.21 182.24
52.22 61.41
52.23 92.72
52.24 183.78
52.25 183.7
52.26 184.29
52.27 184.05
52.28 182.06
52.29 180.9
52.3 180.9
52.31 180.64
52.32 180.38
52.33 179.91
52.34 180.77
52.35 182.01
52.36 181.88
52.37 181.92
52.38 182.8
52.39 183.07
52.4 182.26
52.41 181.72
52.42 181.32
52.43 180.05
52.44 180.26
52.45 180.39
52.46 180.11
52.47 181.28
52.48 181.71
52.49 182.08
52.5 183.47
52.51 183.86
52.52 182.18
52.53 181.69
52.54 91.18
52.55 91.37
52.56 91.36
52.57 91.31
52.58 91.7
52.59 91.73
52.6 91.82
52.61 92.53
52.62 92.86
52.63 92.73
52.64 184.84
52.65 184.96
52.66 183.23
52.67 182.06
52.68 182.86
52.69 181.85
52.7 180.47
52.71 180.34
52.72 179.1
52.73 179.17
52.74 179.23
52.75 179.32
52.76 179.29
52.77 178.81
52.78 179.71
52.79 180.29
52.8 180.55
52.81 90.16
52.82 90.17
52.83 89.94
52.84 180.22
52.85 179.53
52.86 177.42
52.87 176.03
52.88 85.99
52.89 170.87
52.9 84.64
52.91 84.58
52.92 84.8
52.93 84.75
52.94 84.69
52.95 84.83
52.96 84.76
52.97 84.31
52.98 83.93
52.99 83.81
53.0 83.19
53.01 82.3
53.02 163.07
53.03 161.86
53.04 160.68
53.05 161.13
53.06 159.99
53.07 160.36
53.08 160.82
53.09 160.43
53.1 161.19
53.11 158.28
53.12 153.61
53.13 149.35
53.14 146.49
53.15 121.7
53.16 101.25
53.17 100.99
53.18 201.34
53.19 200.2
53.2 199.2
53.21 198.39
53.22 196.74
53.23 193.23
53.24 187.3
53.25 187.94
53.26 68.05
53.27 66.76
53.28 193.43
53.29 186.05
53.3 190.79
53.31 188.64
53.32 193.28
53.33 193.86
53.34 194.31
53.35 100.16
53.36 99.82
53.37 99.72
53.38 0.0
53.39 0.0
53.4 59.97
53.41 150.06
53.42 0.0
53.43 0.0
53.44 0.0
53.45 0.0
53.46 0.0
53.47 0.0
53.48 0.0
53.49 0.0
53.5 0.0
53.51 0.0
53.52 0.0
53.53 0.0
53.54 0.0
53.55 0.0
53.56 0.0
53.57 0.0
53.58 200.86
53.59 373.36
53.6 335.64
53.61 320.52
53.62 155.5
53.63 145.21
53.64 136.42
53.65 134.04
53.66 134.1
53.67 133.37
53.68 131.66
53.69 131.9
53.7 133.26
53.71 134.18
53.72 133.53
53.73 133.08
53.74 133.76
53.75 133.89
53.76 133.2
53.77 134.6
53.78 135.56
53.79 133.76
53.8 135.15
53.81 138.02
53.82 137.11
53.83 138.1
53.84 140.4
53.85 140.49
53.86 141.06
53.87 141.38
53.88 140.57
53.89 141.13
53.9 140.21
53.91 140.63
53.92 141.28
53.93 140.74
53.94 141.44
53.95 140.61
53.96 140.58
53.97 140.8
53.98 140.26
53.99 141.2
54.0 141.27
54.01 141.74
54.02 142.44
54.03 142.7
54.04 144.1
54.05 144.45
54.06 144.76
54.07 145.05
54.08 145.09
54.09 146.05
54.1 145.95
54.11 146.26
54.12 145.95
54.13 144.98
54.14 145.23
54.15 144.71
54.16 144.09
54.17 144.32
54.18 144.25
54.19 144.03
54.2 144.53
54.21 144.99
54.22 145.65
54.23 146.23
54.24 146.67
54.25 148.01
54.26 148.24
54.27 148.41
54.28 147.75
54.29 146.95
54.3 146.9
54.31 146.3
54.32 146.63
54.33 146.63
54.34 146.79
54.35 147.0
54.36 147.36
54.37 146.85
54.38 147.09
54.39 147.51
54.4 147.48
54.41 147.95
54.42 147.49
54.43 147.15
54.44 146.27
54.45 145.98
54.46 145.07
54.47 144.48
54.48 144.62
54.49 144.57
54.5 144.93
54.51 144.39
54.52 144.39
54.53 145.08
54.54 145.4
54.55 146.36
54.56 146.75
54.57 147.79
54.58 147.98
54.59 148.39
54.6 148.9
54.61 148.05
54.62 147.14
54.63 146.44
54.64 145.91
54.65 146.07
54.66 146.29
54.67 146.27
54.68 146.26
54.69 145.64
54.7 146.13
54.71 145.7
54.72 145.62
54.73 145.78
54.74 145.5
54.75 145.57
54.76 145.09
54.77 145.25
54.78 145.02
54.79 146.15
54.8 146.89
54.81 147.25
54.82 148.1
54.83 147.78
54.84 147.81
54.85 148.51
54.86 149.44
54.87 150.9
54.88 150.63
54.89 151.81
54.9 152.8
54.91 151.49
54.92 152.06
54.93 151.14
54.94 151.14
54.95 151.2
54.96 149.75
54.97 149.56
54.98 148.57
54.99 148.41
55.0 148.04
55.01 148.01
55.02 148.76
55.03 148.38
55.04 149.27
55.05 147.76
55.06 147.27
55.07 146.61
55.08 145.87
55.09 145.81
55.1 145.77
55.11 145.42
55.12 144.62
55.13 144.79
55.14 144.83
55.15 144.75
55.16 144.71
55.17 144.96
55.18 144.94
55.19 145.14
55.2 145.07
55.21 144.99
55.22 145.24
55.23 72.78
55.24 145.4
55.25 145.91
55.26 145.87
55.27 71.98
55.28 71.73
55.29 71.55
55.3 71.66
55.31 71.84
55.32 71.96
55.33 144.69
55.34 144.71
55.35 145.51
55.36 145.11
55.37 144.54
55.38 145.18
55.39 144.98
55.4 144.61
55.41 144.87
55.42 144.55
55.43 144.51
55.44 144.47
55.45 144.39
55.46 144.39
55.47 144.66
55.48 144.73
55.49 144.71
55.5 145.14
55.51 145.48
55.52 145.78
55.53 145.21
55.54 144.69
55.55 144.88
55.56 143.99
55.57 144.2
55.58 145.25
55.59 144.5
55.6 144.61
55.61 144.54
55.62 143.75
55.63 143.76
55.64 143.78
55.65 144.35
55.66 143.56
55.67 71.86
55.68 71.98
55.69 72.03
55.7 71.99
55.71 71.96
55.72 71.93
55.73 71.82
55.74 71.76
55.75 143.09
55.76 143.7
55.77 143.99
55.78 143.16
55.79 71.51
55.8 71.27
55.81 71.19
55.82 71.07
55.83 71.32
55.84 71.62
55.85 71.34
55.86 71.57
55.87 71.51
55.88 142.51
55.89 71.31
55.9 71.2
55.91 70.97
55.92 70.55
55.93 140.37
55.94 140.08
55.95 139.83
55.96 139.74
55.97 140.35
55.98 69.96
55.99 69.97
56.0 70.74
56.01 70.77
56.02 140.86
56.03 141.43
56.04 142.38
56.05 142.79
56.06 71.27
56.07 142.16
56.08 141.19
56.09 71.21
56.1 142.56
56.11 140.87
56.12 142.33
56.13 142.79
56.14 70.13
56.15 70.51
56.16 141.7
56.17 69.82
56.18 70.22
56.19 69.88
56.2 69.97
56.21 142.08
56.22 141.68
56.23 141.3
56.24 144.07
56.25 144.9
56.26 143.75
56.27 144.25
56.28 144.86
56.29 143.93
56.3 142.39
56.31 144.5
56.32 144.1
56.33 71.0
56.34 71.08
56.35 71.16
56.36 71.53
56.37 71.69
56.38 71.69
56.39 71.69
56.4 142.9
56.41 143.48
56.42 71.17
56.43 70.89
56.44 70.72
56.45 70.7
56.46 70.6
56.47 70.54
56.48 70.7
56.49 70.97
56.5 70.96
56.51 70.84
56.52 70.86
56.53 70.74
56.54 70.55
56.55 70.49
56.56 70.5
56.57 70.52
56.58 70.66
56.59 70.9
56.6 70.97
56.61 70.98
56.62 70.88
56.63 70.93
56.64 70.98
56.65 70.87
56.66 70.63
56.67 70.42
56.68 70.15
56.69 70.04
56.7 70.09
56.71 70.23
56.72 70.17
56.73 70.0
56.74 70.01
56.75 70.1
56.76 70.15
56.77 70.01
56.78 69.53
56.79 68.53
56.8 68.27
56.81 68.28
56.82 68.92
56.83 69.6
56.84 70.43
56.85 70.92
56.86 143.32
56.87 142.0
56.88 70.4
56.89 70.46
56.9 140.81
56.91 140.91
56.92 141.56
56.93 142.51
56.94 143.04
56.95 143.28
56.96 144.17
56.97 144.89
56.98 144.81
56.99 144.79
57.0 143.23
57.01 142.59
57.02 142.33
57.03 141.36
57.04 141.61
57.05 143.14
57.06 142.95
57.07 143.75
57.08 145.19
57.09 144.81
57.1 145.43
57.11 145.32
57.12 144.77
57.13 145.38
57.14 144.63
57.15 145.21
57.16 145.37
57.17 145.32
57.18 146.18
57.19 145.09
57.2 145.49
57.21 145.73
57.22 144.16
57.23 145.05
57.24 145.59
57.25 145.06
57.26 146.07
57.27 145.9
57.28 146.14
57.29 146.3
57.3 146.34
57.31 146.43
57.32 146.83
57.33 146.46
57.34 146.22
57.35 146.83
57.36 146.16
57.37 146.02
57.38 145.12
57.39 145.23
57.4 144.66
57.41 144.03
57.42 144.99
57.43 144.82
57.44 144.94
57.45 145.82
57.46 145.49
57.47 145.63
57.48 145.8
57.49 145.32
57.5 145.81
57.51 145.68
57.52 145.51
57.53 146.0
57.54 145.14
57.55 145.07
57.56 144.83
57.57 144.52
57.58 145.07
57.59 144.23
57.6 144.33
57.61 145.21
57.62 144.51
57.63 144.8
57.64 146.14
57.65 145.84
57.66 145.78
57.67 145.41
57.68 145.04
57.69 145.89
57.7 145.19
57.71 144.88
57.72 146.07
57.73 145.12
57.74 144.64
57.75 145.8
57.76 144.84
57.77 143.59
57.78 143.98
57.79 144.55
57.8 142.56
57.81 140.44
57.82 137.24
57.83 134.05
57.84 133.59
57.85 91.35
57.86 91.06
57.87 182.49
57.88 183.13
57.89 183.6
57.9 183.86
57.91 184.0
57.92 183.64
57.93 183.34
57.94 183.41
57.95 183.46
57.96 183.0
57.97 181.4
57.98 178.56
57.99 175.26
58.0 167.7
58.01 143.79
58.02 139.39
58.03 173.6
58.04 177.74
58.05 178.91
58.06 179.62
58.07 177.19
58.08 180.4
58.09 265.98
58.1 179.09
58.11 172.62
58.12 88.16
58.13 177.78
58.14 0.0
58.15 0.0
58.16 0.0
58.17 0.0
58.18 0.0
58.19 0.0
58.2 0.0
58.21 0.0
58.22 0.0
58.23 0.0
58.24 0.0
58.25 0.0
58.26 61.71
58.27 70.21
58.28 76.51
58.29 1176.02
58.3 234.11
58.31 233.72
58.32 229.44
58.33 219.24
58.34 209.94
58.35 206.25
58.36 201.84
58.37 67.8
58.38 67.1
58.39 66.95
58.4 67.69
58.41 139.74
58.42 137.37
58.43 126.93
58.44 123.25
58.45 126.26
58.46 127.97
58.47 130.33
58.48 134.26
58.49 69.51
58.5 70.33
58.51 71.79
58.52 73.2
58.53 148.13
58.54 75.23
58.55 76.22
58.56 153.07
58.57 77.63
58.58 78.14
58.59 158.41
58.6 158.1
58.61 80.03
58.62 161.85
58.63 162.33
58.64 81.54
58.65 163.44
58.66 163.28
58.67 164.65
58.68 165.5
58.69 164.57
58.7 164.21
58.71 165.28
58.72 165.76
58.73 164.6
58.74 164.24
58.75 165.48
58.76 165.5
58.77 165.23
58.78 165.19
58.79 165.07
58.8 164.74
58.81 164.5
58.82 164.63
58.83 163.67
58.84 163.82
58.85 163.97
58.86 163.47
58.87 163.38
58.88 162.68
58.89 162.88
58.9 162.15
58.91 162.44
58.92 162.79
58.93 162.52
58.94 162.77
58.95 162.41
58.96 162.89
58.97 162.98
58.98 163.39
58.99 162.95
59.0 163.55
59.01 163.79
59.02 163.84
59.03 164.31
59.04 163.61
59.05 164.72
59.06 163.92
59.07 163.84
59.08 162.24
59.09 159.97
59.1 158.16
59.11 156.85
59.12 156.21
59.13 156.56
59.14 156.59
59.15 157.38
59.16 158.49
59.17 158.72
59.18 158.35
59.19 157.67
59.2 157.92
59.21 158.65
59.22 159.69
59.23 160.34
59.24 79.59
59.25 159.02
59.26 158.76
59.27 159.22
59.28 160.89
59.29 160.12
59.3 158.97
59.31 159.32
59.32 160.56
59.33 160.1
59.34 79.84
59.35 160.33
59.36 160.61
59.37 158.96
59.38 159.17
59.39 160.6
59.4 159.16
59.41 158.95
59.42 160.57
59.43 159.2
59.44 159.35
59.45 161.08
59.46 160.37
59.47 162.15
59.48 162.95
59.49 162.3
59.5 162.8
59.51 160.76
59.52 161.46
59.53 161.08
59.54 159.53
59.55 160.66
59.56 159.14
59.57 159.34
59.58 161.12
59.59 159.64
59.6 160.3
59.61 160.89
59.62 159.48
59.63 160.2
59.64 160.89
59.65 159.25
59.66 159.61
59.67 160.82
59.68 159.1
59.69 159.11
59.7 160.94
59.71 159.78
59.72 158.85
59.73 159.72
59.74 161.62
59.75 159.98
59.76 159.83
59.77 160.94
59.78 159.39
59.79 159.65
59.8 159.09
59.81 157.64
59.82 158.51
59.83 157.59
59.84 156.99
59.85 159.21
59.86 158.25
59.87 158.19
59.88 159.34
59.89 157.35
59.9 157.43
59.91 156.66
59.92 156.58
59.93 155.63
59.94 155.23
59.95 155.21
59.96 152.5
59.97 150.51
59.98 69.94
59.99 138.62
60.0 133.59
60.01 61.35
60.02 121.34
60.03 119.45
60.04 119.75
60.05 122.74
60.06 125.51
60.07 66.37
60.08 68.08
60.09 142.79
60.1 146.53
60.11 151.25
60.12 157.92
60.13 164.42
60.14 169.57
60.15 172.54
60.16 175.95
60.17 178.12
60.18 179.54
60.19 180.49
60.2 180.48
60.21 179.56
60.22 178.28
60.23 177.79
60.24 178.26
60.25 178.96
60.26 179.35
60.27 179.14
60.28 178.62
60.29 178.15
60.3 177.73
60.31 177.74
60.32 178.24
60.33 178.68
60.34 178.46
60.35 178.51
60.36 179.96
60.37 181.03
60.38 181.98
60.39 182.65
60.4 182.88
60.41 182.69
60.42 182.48
60.43 182.65
60.44 182.92
60.45 183.45
60.46 182.6
60.47 181.22
60.48 180.43
60.49 179.82
60.5 179.21
60.51 178.71
60.52 179.85
60.53 181.11
60.54 181.95
60.55 182.54
60.56 183.29
60.57 184.69
60.58 186.31
60.59 185.98
60.6 184.0
60.61 182.54
60.62 182.12
60.63 182.02
60.64 181.89
60.65 181.78
60.66 181.82
60.67 182.02
60.68 182.19
60.69 182.33
60.7 181.75
60.71 181.25
60.72 181.61
60.73 181.89
60.74 182.47
60.75 183.08
60.76 183.47
60.77 183.62
60.78 183.5
60.79 184.12
60.8 184.97
60.81 185.07
60.82 184.85
60.83 184.44
60.84 183.93
60.85 183.49
60.86 182.98
60.87 182.36
60.88 181.76
60.89 181.71
60.9 182.49
60.91 183.43
60.92 184.21
60.93 184.99
60.94 185.8
60.95 185.94
60.96 185.51
60.97 185.3
60.98 184.84
60.99 184.34
61.0 184.3
61.01 184.3
61.02 184.54
61.03 184.91
61.04 184.75
61.05 184.34
61.06 184.07
61.07 184.0
61.08 183.96
61.09 184.24
61.1 184.58
61.11 184.32
61.12 183.85
61.13 183.8
61.14 184.33
61.15 184.7
61.16 184.5
61.17 184.29
61.18 184.28
61.19 184.31
61.2 183.91
61.21 183.48
61.22 183.33
61.23 182.93
61.24 182.69
61.25 183.02
61.26 183.23
61.27 183.03
61.28 182.8
61.29 183.03
61.3 183.35
61.31 183.72
61.32 183.64
61.33 182.99
61.34 182.78
61.35 182.75
61.36 182.88
61.37 182.97
61.38 183.0
61.39 182.86
61.4 182.94
61.41 182.61
61.42 182.21
61.43 181.65
61.44 180.94
61.45 180.77
61.46 181.01
61.47 181.35
61.48 181.44
61.49 181.21
61.5 181.45
61.51 181.73
61.52 181.67
61.53 182.22
61.54 182.86
61.55 183.55
61.56 184.09
61.57 182.87
61.58 182.49
61.59 182.88
61.6 182.67
61.61 181.31
61.62 180.81
61.63 180.61
61.64 180.78
61.65 180.46
61.66 178.59
61.67 176.79
61.68 175.29
61.69 172.98
61.7 166.98
61.71 160.36
61.72 154.8
61.73 149.74
61.74 140.88
61.75 135.19
61.76 128.85
61.77 122.95
61.78 118.16
61.79 113.65
61.8 109.98
61.81 108.17
61.82 106.68
61.83 104.29
61.84 100.68
61.85 101.3
61.86 65.13
61.87 78.87
61.88 116.35
61.89 70.73
61.9 70.56
61.91 85.98
61.92 171.32
61.93 0.0
61.94 0.0
61.95 0.0
61.96 0.0
61.97 0.0
61.98 0.0
61.99 0.0
62.0 0.0
62.01 0.0
62.02 0.0
62.03 0.0
62.04 0.0
62.05 0.0
62.06 0.0
62.07 0.0
62.08 0.0
62.09 0.0
62.1 0.0
62.11 0.0
62.12 0.0
62.13 0.0
62.14 0.0
62.15 0.0
62.16 0.0
62.17 0.0
62.18 0.0
62.19 0.0
62.2 0.0
62.21 0.0
62.22 0.0
62.23 0.0
62.24 0.0
62.25 0.0
62.26 0.0
62.27 0.0
62.28 0.0
62.29 0.0
62.3 0.0
62.31 0.0
62.32 0.0
62.33 0.0
62.34 0.0
62.35 0.0
62.36 0.0
62.37 0.0
62.38 0.0
62.39 0.0
62.4 0.0
62.41 62.41
62.42 62.42
62.43 62.43
62.44 62.44
62.45 62.45
