0.0 0.0
0.01 0.0
0.02 0.0
0.03 105.72
0.04 0.0
0.05 0.0
0.06 0.0
0.07 0.0
0.08 0.0
0.09 0.0
0.1 0.0
0.11 0.0
0.12 0.0
0.13 0.0
0.14 0.0
0.15 0.0
0.16 0.0
0.17 0.0
0.18 0.0
0.19 0.0
0.2 0.0
0.21 0.0
0.22 0.0
0.23 0.0
0.24 0.0
0.25 0.0
0.26 0.0
0.27 0.0
0.28 0.0
0.29 0.0
0.3 0.0
0.31 0.0
0.32 0.0
0.33 0.0
0.34 0.0
0.35 0.0
0.36 0.0
0.37 0.0
0.38 0.0
0.39 0.0
0.4 0.0
0.41 0.0
0.42 0.0
0.43 0.0
0.44 0.0
0.45 0.0
0.46 0.0
0.47 0.0
0.48 0.0
0.49 0.0
0.5 0.0
0.51 0.0
0.52 0.0
0.53 632.88
0.54 641.33
0.55 1036.7
0.56 1316.1
0.57 1491.55
0.58 1611.97
0.59 60.66
0.6 61.49
0.61 61.91
0.62 62.26
0.63 59.87
0.64 63.43
0.65 63.72
0.66 63.99
0.67 61.34
0.68 64.5
0.69 64.61
0.7 61.34
0.71 64.96
0.72 65.41
0.73 65.48
0.74 65.37
0.75 65.6
0.76 132.15
0.77 557.75
0.78 65.67
0.79 66.01
0.8 66.31
0.81 66.18
0.82 541.21
0.83 65.98
0.84 65.78
0.85 65.74
0.86 131.33
0.87 131.1
0.88 65.53
0.89 65.69
0.9 65.93
0.91 66.15
0.92 66.24
0.93 66.65
0.94 549.78
0.95 552.66
0.96 66.92
0.97 66.56
0.98 65.8
0.99 65.8
1.0 66.2
1.01 132.8
1.02 130.99
1.03 65.58
1.04 65.7
1.05 65.96
1.06 66.07
1.07 66.16
1.08 66.48
1.09 66.69
1.1 1213.57
1.11 66.32
1.12 66.8
1.13 66.94
1.14 1421.77
1.15 1299.29
1.16 66.28
1.17 66.48
1.18 1402.87
1.19 132.52
1.2 66.09
1.21 66.34
1.22 66.24
1.23 66.28
1.24 66.59
1.25 576.58
1.26 1326.66
1.27 133.88
1.28 59.82
1.29 67.05
1.3 66.54
1.31 905.83
1.32 66.24
1.33 1374.36
1.34 1059.16
1.35 66.17
1.36 66.33
1.37 66.58
1.38 66.45
1.39 66.32
1.4 66.47
1.41 66.85
1.42 66.76
1.43 133.37
1.44 66.15
1.45 66.44
1.46 66.43
1.47 66.11
1.48 66.33
1.49 66.71
1.5 1364.39
1.51 133.44
1.52 1075.97
1.53 1219.97
1.54 1227.87
1.55 66.78
1.56 66.94
1.57 67.15
1.58 1592.6
1.59 132.61
1.6 65.54
1.61 64.79
1.62 63.47
1.63 1369.59
1.64 1131.81
1.65 923.92
1.66 0.0
1.67 0.0
1.68 0.0
1.69 0.0
1.7 0.0
1.71 0.0
1.72 0.0
1.73 70.55
1.74 0.0
1.75 0.0
1.76 0.0
1.77 0.0
1.78 59.98
1.79 0.0
1.8 89.34
1.81 0.0
1.82 0.0
1.83 0.0
1.84 1678.85
1.85 60.57
1.86 60.9
1.87 61.19
1.88 61.09
1.89 1208.34
1.9 60.56
1.91 1241.12
1.92 62.67
1.93 65.5
1.94 65.2
1.95 62.57
1.96 62.6
1.97 65.56
1.98 65.8
1.99 59.85
2.0 60.09
2.01 60.43
2.02 60.69
2.03 60.75
2.04 60.7
2.05 60.63
2.06 1275.01
2.07 1771.61
2.08 0.0
2.09 0.0
2.1 1465.73
2.11 1234.3
2.12 1335.79
2.13 66.4
2.14 1542.35
2.15 1584.88
2.16 110.98
2.17 60.42
2.18 60.17
2.19 66.38
2.2 66.54
2.21 61.46
2.22 1424.78
2.23 110.38
2.24 98.93
2.25 143.19
2.26 66.79
2.27 66.11
2.28 66.12
2.29 74.33
2.3 928.16
2.31 973.37
2.32 563.25
2.33 149.44
2.34 355.79
2.35 0.0
2.36 0.0
2.37 65.73
2.38 64.5
2.39 0.0
2.4 0.0
2.41 300.42
2.42 814.53
2.43 698.4
2.44 527.35
2.45 693.93
2.46 1060.81
2.47 65.88
2.48 65.78
2.49 72.53
2.5 801.99
2.51 329.16
2.52 0.0
2.53 0.0
2.54 0.0
2.55 0.0
2.56 0.0
2.57 0.0
2.58 0.0
2.59 0.0
2.6 0.0
2.61 61.44
2.62 60.3
2.63 0.0
2.64 117.57
2.65 64.35
2.66 114.65
2.67 200.71
2.68 63.83
2.69 65.92
2.7 118.7
2.71 99.87
2.72 64.93
2.73 65.19
2.74 65.53
2.75 65.51
2.76 65.45
2.77 65.65
2.78 66.25
2.79 641.85
2.8 99.84
2.81 66.22
2.82 66.16
2.83 59.83
2.84 66.01
2.85 66.03
2.86 65.96
2.87 619.64
2.88 628.3
2.89 65.53
2.9 65.28
2.91 611.54
2.92 65.02
2.93 65.14
2.94 65.6
2.95 608.0
2.96 605.92
2.97 59.91
2.98 60.14
2.99 60.13
3.0 60.02
3.01 60.02
3.02 59.93
3.03 616.79
3.04 607.39
3.05 117.72
3.06 628.85
3.07 64.13
3.08 63.65
3.09 63.67
3.1 64.74
3.11 0.0
3.12 0.0
3.13 118.23
3.14 0.0
3.15 51.29
3.16 0.0
3.17 0.0
3.18 0.0
3.19 0.0
3.2 0.0
3.21 0.0
3.22 0.0
3.23 0.0
3.24 0.0
3.25 0.0
3.26 0.0
3.27 0.0
3.28 0.0
3.29 0.0
3.3 0.0
3.31 0.0
3.32 0.0
3.33 0.0
3.34 0.0
3.35 0.0
3.36 0.0
3.37 115.34
3.38 0.0
3.39 0.0
3.4 0.0
3.41 0.0
3.42 0.0
3.43 0.0
3.44 0.0
3.45 0.0
3.46 0.0
3.47 0.0
3.48 0.0
3.49 0.0
3.5 0.0
3.51 0.0
3.52 0.0
3.53 0.0
3.54 0.0
3.55 70.4
3.56 0.0
3.57 0.0
3.58 49.71
3.59 0.0
3.6 0.0
3.61 110.11
3.62 0.0
3.63 60.97
3.64 0.0
3.65 0.0
3.66 0.0
3.67 66.96
3.68 0.0
3.69 0.0
3.7 103.7
3.71 0.0
3.72 17.12
3.73 644.38
3.74 394.95
3.75 0.0
3.76 1084.91
3.77 63.72
3.78 1629.18
3.79 757.49
3.8 845.35
3.81 0.0
3.82 0.0
3.83 67.01
3.84 81.7
3.85 0.0
3.86 0.0
3.87 0.0
3.88 0.0
3.89 492.69
3.9 500.4
3.91 191.81
3.92 0.0
3.93 0.0
3.94 0.0
3.95 0.0
3.96 606.9
3.97 563.42
3.98 149.1
3.99 0.0
4.0 0.0
4.01 110.7
4.02 110.02
4.03 0.0
4.04 0.0
4.05 0.0
4.06 0.0
4.07 0.0
4.08 346.96
4.09 0.0
4.1 0.0
4.11 63.93
4.12 85.97
4.13 0.0
4.14 0.0
4.15 0.0
4.16 0.0
4.17 0.0
4.18 0.0
4.19 60.33
4.2 0.0
4.21 0.0
4.22 0.0
4.23 0.0
4.24 0.0
4.25 0.0
4.26 61.03
4.27 0.0
4.28 0.0
4.29 0.0
4.3 0.0
4.31 0.0
4.32 0.0
4.33 0.0
4.34 0.0
4.35 0.0
4.36 40.03
4.37 0.0
4.38 0.0
4.39 0.0
4.4 0.0
4.41 0.0
4.42 0.0
4.43 0.0
4.44 0.0
4.45 0.0
4.46 102.42
4.47 0.0
4.48 0.0
4.49 0.0
4.5 0.0
4.51 0.0
4.52 85.84
4.53 85.68
4.54 0.0
4.55 0.0
4.56 0.0
4.57 107.12
4.58 108.49
4.59 134.08
4.6 60.56
4.61 55.73
4.62 0.0
4.63 79.81
4.64 0.0
4.65 0.0
4.66 0.0
4.67 0.0
4.68 0.0
4.69 0.0
4.7 0.0
4.71 0.0
4.72 0.0
4.73 100.67
4.74 0.0
4.75 0.0
4.76 0.0
4.77 0.0
4.78 0.0
4.79 0.0
4.8 0.0
4.81 0.0
4.82 0.0
4.83 0.0
4.84 0.0
4.85 0.0
4.86 0.0
4.87 0.0
4.88 0.0
4.89 0.0
4.9 0.0
4.91 0.0
4.92 0.0
4.93 0.0
4.94 0.0
4.95 113.76
4.96 68.07
4.97 0.0
4.98 0.0
4.99 0.0
5.0 79.53
5.01 0.0
5.02 0.0
5.03 0.0
5.04 0.0
5.05 0.0
5.06 0.0
5.07 0.0
5.08 0.0
5.09 0.0
5.1 0.0
5.11 0.0
5.12 0.0
5.13 0.0
5.14 0.0
5.15 0.0
5.16 0.0
5.17 586.23
5.18 0.0
5.19 0.0
5.2 443.96
5.21 0.0
5.22 0.0
5.23 116.39
5.24 388.42
5.25 48.55
5.26 0.0
5.27 0.0
5.28 0.0
5.29 721.03
5.3 687.44
5.31 666.23
5.32 661.07
5.33 653.08
5.34 630.06
5.35 224.08
5.36 216.49
5.37 206.69
5.38 104.77
5.39 214.49
5.4 69.47
5.41 102.95
5.42 204.31
5.43 200.48
5.44 200.41
5.45 199.78
5.46 200.13
5.47 198.78
5.48 196.83
5.49 198.71
5.5 200.39
5.51 201.24
5.52 202.1
5.53 205.41
5.54 210.12
5.55 214.45
5.56 218.96
5.57 223.09
5.58 225.69
5.59 228.27
5.6 232.12
5.61 234.24
5.62 235.29
5.63 236.67
5.64 237.99
5.65 240.0
5.66 241.29
5.67 241.9
5.68 242.32
5.69 244.48
5.7 247.84
5.71 251.95
5.72 254.82
5.73 256.21
5.74 256.82
5.75 256.39
5.76 255.12
5.77 256.64
5.78 257.96
5.79 260.53
5.8 265.16
5.81 267.07
5.82 266.59
5.83 264.62
5.84 262.09
5.85 259.44
5.86 259.25
5.87 261.34
5.88 263.99
5.89 265.97
5.9 267.12
5.91 267.8
5.92 266.81
5.93 264.57
5.94 263.94
5.95 264.43
5.96 267.0
5.97 268.79
5.98 269.3
5.99 268.29
6.0 265.92
6.01 264.04
6.02 262.73
6.03 261.95
6.04 261.7
6.05 262.63
6.06 264.12
6.07 265.67
6.08 265.82
6.09 265.11
6.1 264.74
6.11 265.06
6.12 265.62
6.13 266.33
6.14 266.16
6.15 265.38
6.16 264.5
6.17 264.07
6.18 264.69
6.19 266.34
6.2 267.62
6.21 268.53
6.22 268.28
6.23 267.26
6.24 266.37
6.25 266.63
6.26 267.63
6.27 268.76
6.28 270.05
6.29 270.23
6.3 268.78
6.31 267.23
6.32 267.33
6.33 268.15
6.34 269.66
6.35 270.47
6.36 270.47
6.37 270.09
6.38 269.32
6.39 268.07
6.4 266.71
6.41 266.15
6.42 265.86
6.43 265.82
6.44 266.24
6.45 266.41
6.46 266.33
6.47 266.3
6.48 266.06
6.49 265.5
6.5 265.99
6.51 267.42
6.52 268.46
6.53 268.2
6.54 267.44
6.55 266.22
6.56 265.07
6.57 263.99
6.58 262.97
6.59 262.66
6.6 263.12
6.61 264.44
6.62 265.83
6.63 266.55
6.64 266.31
6.65 265.82
6.66 265.09
6.67 264.22
6.68 263.82
6.69 264.84
6.7 266.82
6.71 269.19
6.72 271.0
6.73 271.28
6.74 270.3
6.75 268.21
6.76 266.17
6.77 265.03
6.78 264.89
6.79 265.03
6.8 264.89
6.81 264.56
6.82 264.57
6.83 264.65
6.84 265.25
6.85 265.95
6.86 266.56
6.87 266.68
6.88 266.37
6.89 265.71
6.9 264.96
6.91 265.05
6.92 266.72
6.93 269.28
6.94 271.47
6.95 272.1
6.96 270.79
6.97 268.52
6.98 266.04
6.99 264.13
7.0 264.53
7.01 265.98
7.02 266.78
7.03 267.19
7.04 267.09
7.05 266.66
7.06 266.16
7.07 265.12
7.08 264.53
7.09 264.84
7.1 265.7
7.11 266.75
7.12 267.94
7.13 268.53
7.14 267.67
7.15 266.06
7.16 263.91
7.17 263.14
7.18 263.66
7.19 264.25
7.2 264.72
7.21 265.32
7.22 265.44
7.23 265.49
7.24 265.11
7.25 264.39
7.26 264.02
7.27 264.07
7.28 263.89
7.29 263.1
7.3 262.88
7.31 263.29
7.32 261.82
7.33 259.83
7.34 258.03
7.35 256.9
7.36 256.42
7.37 255.96
7.38 255.86
7.39 258.25
7.4 262.47
7.41 265.68
7.42 265.79
7.43 265.57
7.44 265.97
7.45 266.48
7.46 266.6
7.47 266.52
7.48 265.85
7.49 265.16
7.5 265.12
7.51 265.04
7.52 264.86
7.53 265.78
7.54 267.41
7.55 269.06
7.56 269.82
7.57 269.46
7.58 268.22
7.59 266.63
7.6 265.48
7.61 264.97
7.62 264.92
7.63 264.48
7.64 263.82
7.65 263.04
7.66 262.24
7.67 262.16
7.68 263.08
7.69 264.47
7.7 265.71
7.71 266.09
7.72 265.95
7.73 265.62
7.74 265.6
7.75 266.21
7.76 266.78
7.77 266.65
7.78 266.26
7.79 265.94
7.8 265.06
7.81 263.78
7.82 262.87
7.83 262.45
7.84 262.84
7.85 263.47
7.86 264.17
7.87 264.78
7.88 265.41
7.89 266.19
7.9 266.51
7.91 266.7
7.92 266.92
7.93 267.04
7.94 266.58
7.95 265.32
7.96 264.8
7.97 264.89
7.98 265.06
7.99 264.76
8.0 264.24
8.01 264.08
8.02 264.4
8.03 265.03
8.04 266.28
8.05 267.67
8.06 268.23
8.07 267.01
8.08 265.07
8.09 262.88
8.1 261.84
8.11 262.11
8.12 262.71
8.13 262.84
8.14 262.45
8.15 261.67
8.16 261.78
8.17 262.46
8.18 263.17
8.19 263.87
8.2 264.67
8.21 265.69
8.22 266.39
8.23 266.78
8.24 267.37
8.25 267.99
8.26 268.58
8.27 269.19
8.28 269.58
8.29 269.57
8.3 268.58
8.31 267.05
8.32 265.51
8.33 264.79
8.34 264.45
8.35 264.04
8.36 264.07
8.37 264.45
8.38 265.02
8.39 265.43
8.4 265.66
8.41 266.07
8.42 266.49
8.43 266.61
8.44 266.74
8.45 267.08
8.46 267.17
8.47 266.59
8.48 265.93
8.49 265.23
8.5 264.64
8.51 264.36
8.52 264.28
8.53 264.3
8.54 264.78
8.55 265.56
8.56 265.9
8.57 266.15
8.58 266.65
8.59 266.77
8.6 266.25
8.61 264.89
8.62 263.76
8.63 263.61
8.64 264.34
8.65 265.45
8.66 266.19
8.67 266.75
8.68 267.45
8.69 267.57
8.7 267.34
8.71 267.01
8.72 266.35
8.73 265.94
8.74 266.12
8.75 266.45
8.76 266.58
8.77 266.83
8.78 267.2
8.79 267.52
8.8 267.37
8.81 267.01
8.82 267.37
8.83 268.84
8.84 270.02
8.85 268.84
8.86 265.65
8.87 263.25
8.88 262.1
8.89 260.95
8.9 259.67
8.91 258.82
8.92 258.31
8.93 258.51
8.94 258.73
8.95 259.14
8.96 260.08
8.97 261.58
8.98 263.53
8.99 264.52
9.0 265.66
9.01 267.0
9.02 267.8
9.03 268.31
9.04 268.39
9.05 267.7
9.06 266.63
9.07 266.0
9.08 265.61
9.09 264.89
9.1 263.93
9.11 262.86
9.12 261.99
9.13 262.39
9.14 263.71
9.15 265.41
9.16 266.34
9.17 267.61
9.18 269.23
9.19 269.94
9.2 270.34
9.21 270.03
9.22 268.76
9.23 267.5
9.24 266.72
9.25 266.38
9.26 265.9
9.27 265.65
9.28 266.16
9.29 266.65
9.3 266.88
9.31 266.89
9.32 266.45
9.33 265.93
9.34 265.46
9.35 265.1
9.36 264.92
9.37 264.45
9.38 263.64
9.39 263.16
9.4 263.2
9.41 263.39
9.42 263.59
9.43 264.03
9.44 264.86
9.45 265.35
9.46 265.31
9.47 264.74
9.48 264.14
9.49 264.19
9.5 264.93
9.51 265.36
9.52 265.33
9.53 265.4
9.54 265.08
9.55 264.39
9.56 264.07
9.57 264.22
9.58 265.28
9.59 266.27
9.6 267.14
9.61 268.38
9.62 269.31
9.63 269.24
9.64 268.1
9.65 266.84
9.66 265.9
9.67 265.95
9.68 266.6
9.69 267.2
9.7 267.97
9.71 268.84
9.72 268.9
9.73 267.82
9.74 266.74
9.75 265.78
9.76 265.92
9.77 266.6
9.78 266.83
9.79 266.97
9.8 267.21
9.81 267.17
9.82 267.07
9.83 267.22
9.84 267.6
9.85 267.97
9.86 268.15
9.87 267.71
9.88 266.56
9.89 266.12
9.9 265.91
9.91 265.43
9.92 265.05
9.93 264.48
9.94 263.56
9.95 262.43
9.96 261.1
9.97 260.15
9.98 259.22
9.99 259.6
10.0 262.13
10.01 265.87
10.02 268.49
10.03 270.33
10.04 272.36
10.05 273.5
10.06 273.71
10.07 273.12
10.08 272.51
10.09 272.4
10.1 271.96
10.11 271.17
10.12 270.16
10.13 269.19
10.14 268.94
10.15 268.98
10.16 269.03
10.17 269.05
10.18 268.96
10.19 269.05
10.2 269.36
10.21 269.85
10.22 270.4
10.23 270.64
10.24 270.2
10.25 270.35
10.26 272.18
10.27 274.89
10.28 277.82
10.29 279.95
10.3 280.72
10.31 280.28
10.32 278.38
10.33 274.8
10.34 271.89
10.35 271.16
10.36 270.18
10.37 269.01
10.38 267.86
10.39 267.09
10.4 267.01
10.41 266.91
10.42 266.11
10.43 265.67
10.44 266.21
10.45 267.45
10.46 268.35
10.47 268.87
10.48 269.14
10.49 269.15
10.5 268.46
10.51 266.94
10.52 265.66
10.53 264.59
10.54 263.48
10.55 261.99
10.56 259.78
10.57 257.77
10.58 257.75
10.59 259.22
10.6 261.56
10.61 264.54
10.62 266.42
10.63 265.85
10.64 262.13
10.65 257.08
10.66 252.47
10.67 249.61
10.68 250.59
10.69 255.73
10.7 262.19
10.71 271.73
10.72 279.7
10.73 286.05
10.74 288.26
10.75 286.88
10.76 282.35
10.77 276.46
10.78 270.45
10.79 266.05
10.8 264.14
10.81 264.26
10.82 265.1
10.83 266.0
10.84 265.6
10.85 264.05
10.86 260.91
10.87 258.13
10.88 256.27
10.89 256.45
10.9 257.85
10.91 259.38
10.92 259.79
10.93 258.86
10.94 257.22
10.95 253.9
10.96 250.03
10.97 244.68
10.98 240.52
10.99 238.57
11.0 239.44
11.01 242.13
11.02 246.11
11.03 250.5
11.04 256.93
11.05 261.3
11.06 264.81
11.07 266.18
11.08 265.8
11.09 264.13
11.1 261.95
11.11 259.52
11.12 256.18
11.13 253.19
11.14 249.99
11.15 249.43
11.16 251.27
11.17 253.59
11.18 256.06
11.19 257.04
11.2 257.49
11.21 256.77
11.22 254.76
11.23 251.51
11.24 249.44
11.25 248.13
11.26 247.16
11.27 246.43
11.28 246.71
11.29 247.72
11.3 248.33
11.31 248.3
11.32 248.01
11.33 247.57
11.34 246.93
11.35 245.82
11.36 243.13
11.37 239.17
11.38 234.1
11.39 229.43
11.4 228.26
11.41 229.75
11.42 232.36
11.43 235.57
11.44 238.89
11.45 243.74
11.46 250.37
11.47 256.72
11.48 259.79
11.49 266.54
11.5 281.17
11.51 113.22
11.52 0.0
11.53 60.1
11.54 66.45
11.55 1638.88
11.56 910.86
11.57 898.79
11.58 861.19
11.59 186.95
11.6 104.42
11.61 0.0
11.62 0.0
11.63 0.0
11.64 0.0
11.65 0.0
11.66 0.0
11.67 0.0
11.68 0.0
11.69 0.0
11.7 0.0
11.71 0.0
11.72 0.0
11.73 0.0
11.74 353.73
11.75 220.99
11.76 110.38
11.77 108.33
11.78 208.08
11.79 202.04
11.8 195.88
11.81 192.01
11.82 189.99
11.83 190.41
11.84 191.56
11.85 192.66
11.86 195.21
11.87 199.32
11.88 203.3
11.89 207.01
11.9 209.5
11.91 210.56
11.92 210.64
11.93 210.91
11.94 210.68
11.95 210.16
11.96 209.84
11.97 209.42
11.98 209.06
11.99 208.43
12.0 207.52
12.01 207.08
12.02 207.93
12.03 209.57
12.04 211.41
12.05 213.92
12.06 216.65
12.07 219.69
12.08 221.38
12.09 221.87
12.1 222.07
12.11 222.25
12.12 222.35
12.13 222.4
12.14 222.26
12.15 221.73
12.16 221.06
12.17 220.36
12.18 219.44
12.19 218.07
12.2 217.8
12.21 218.27
12.22 218.63
12.23 219.26
12.24 220.26
12.25 221.16
12.26 221.49
12.27 221.51
12.28 221.83
12.29 222.79
12.3 223.64
12.31 223.36
12.32 222.09
12.33 220.92
12.34 219.68
12.35 217.86
12.36 216.21
12.37 215.91
12.38 216.66
12.39 217.54
12.4 219.42
12.41 221.79
12.42 223.86
12.43 225.76
12.44 226.48
12.45 226.02
12.46 225.0
12.47 223.93
12.48 223.23
12.49 223.1
12.5 223.26
12.51 223.09
12.52 222.65
12.53 222.05
12.54 221.63
12.55 220.71
12.56 219.42
12.57 218.41
12.58 217.9
12.59 217.8
12.6 217.64
12.61 218.33
12.62 220.47
12.63 223.29
12.64 225.7
12.65 226.82
12.66 226.75
12.67 225.86
12.68 224.83
12.69 223.83
12.7 222.76
12.71 222.01
12.72 221.61
12.73 220.99
12.74 219.82
12.75 218.85
12.76 218.65
12.77 219.38
12.78 220.06
12.79 220.48
12.8 220.86
12.81 221.36
12.82 221.52
12.83 221.35
12.84 221.95
12.85 223.18
12.86 224.29
12.87 224.66
12.88 224.02
12.89 223.08
12.9 222.66
12.91 223.09
12.92 223.66
12.93 223.55
12.94 223.07
12.95 221.78
12.96 220.31
12.97 219.36
12.98 219.16
12.99 219.17
13.0 219.22
13.01 219.43
13.02 220.33
13.03 222.1
13.04 223.26
13.05 224.03
13.06 224.24
13.07 224.74
13.08 224.93
13.09 224.86
13.1 224.57
13.11 223.95
13.12 223.57
13.13 223.32
13.14 222.81
13.15 222.22
13.16 221.91
13.17 221.43
13.18 219.94
13.19 216.89
13.2 213.59
13.21 210.49
13.22 208.53
13.23 207.04
13.24 205.67
13.25 204.47
13.26 203.33
13.27 202.32
13.28 202.26
13.29 203.27
13.3 204.71
13.31 206.43
13.32 208.94
13.33 211.89
13.34 215.51
13.35 219.13
13.36 222.83
13.37 225.25
13.38 226.89
13.39 227.88
13.4 229.17
13.41 230.34
13.42 231.7
13.43 233.16
13.44 234.02
13.45 234.51
13.46 235.45
13.47 236.48
13.48 236.92
13.49 237.2
13.5 237.8
13.51 238.83
13.52 239.89
13.53 239.98
13.54 239.32
13.55 238.43
13.56 237.9
13.57 238.72
13.58 239.9
13.59 241.29
13.6 243.06
13.61 243.97
13.62 243.68
13.63 243.0
13.64 242.03
13.65 240.87
13.66 239.78
13.67 239.38
13.68 239.44
13.69 240.04
13.7 240.74
13.71 241.86
13.72 243.39
13.73 244.48
13.74 245.15
13.75 244.62
13.76 243.56
13.77 242.87
13.78 242.93
13.79 243.25
13.8 243.45
13.81 243.7
13.82 243.37
13.83 242.71
13.84 242.46
13.85 242.78
13.86 243.53
13.87 244.48
13.88 246.19
13.89 247.47
13.9 248.02
13.91 247.36
13.92 246.49
13.93 246.83
13.94 247.06
13.95 246.1
13.96 245.11
13.97 244.72
13.98 244.44
13.99 244.19
14.0 243.97
14.01 245.08
14.02 246.8
14.03 248.17
14.04 248.7
14.05 248.43
14.06 246.84
14.07 244.33
14.08 242.32
14.09 240.57
14.1 240.77
14.11 241.44
14.12 242.03
14.13 243.35
14.14 245.58
14.15 247.19
14.16 248.21
14.17 248.39
14.18 248.18
14.19 248.25
14.2 248.17
14.21 247.45
14.22 247.11
14.23 247.09
14.24 246.64
14.25 245.68
14.26 245.17
14.27 245.08
14.28 245.28
14.29 245.1
14.3 245.09
14.31 245.98
14.32 247.97
14.33 249.62
14.34 251.23
14.35 251.95
14.36 252.04
14.37 251.31
14.38 249.36
14.39 248.1
14.4 247.94
14.41 248.9
14.42 250.07
14.43 249.73
14.44 248.7
14.45 248.37
14.46 247.61
14.47 246.87
14.48 246.59
14.49 246.98
14.5 247.27
14.51 247.06
14.52 246.9
14.53 246.08
14.54 245.4
14.55 244.62
14.56 243.07
14.57 240.87
14.58 238.57
14.59 234.79
14.6 230.75
14.61 226.73
14.62 221.76
14.63 216.67
14.64 211.34
14.65 206.68
14.66 201.32
14.67 196.63
14.68 192.45
14.69 189.15
14.7 187.21
14.71 185.33
14.72 185.13
14.73 185.12
14.74 184.3
14.75 183.18
14.76 182.55
14.77 182.46
14.78 182.71
14.79 182.95
14.8 183.6
14.81 184.37
14.82 183.81
14.83 182.27
14.84 181.28
14.85 181.15
14.86 181.79
14.87 181.85
14.88 181.63
14.89 182.0
14.9 182.38
14.91 182.53
14.92 182.14
14.93 181.45
14.94 181.28
14.95 181.22
14.96 181.06
14.97 180.79
14.98 180.49
14.99 180.25
15.0 180.66
15.01 181.48
15.02 181.69
15.03 181.07
15.04 180.03
15.05 180.19
15.06 181.53
15.07 183.15
15.08 184.16
15.09 184.48
15.1 184.51
15.11 184.65
15.12 184.23
15.13 183.47
15.14 183.41
15.15 184.23
15.16 185.08
15.17 184.86
15.18 184.21
15.19 184.3
15.2 184.44
15.21 183.73
15.22 183.02
15.23 182.95
15.24 183.37
15.25 183.92
15.26 183.88
15.27 183.59
15.28 183.7
15.29 184.24
15.3 184.51
15.31 184.25
15.32 184.21
15.33 184.22
15.34 183.37
15.35 182.58
15.36 182.29
15.37 182.53
15.38 183.75
15.39 184.98
15.4 185.14
15.41 184.65
15.42 184.25
15.43 184.12
15.44 184.29
15.45 184.79
15.46 185.72
15.47 186.06
15.48 185.48
15.49 184.93
15.5 185.04
15.51 185.05
15.52 184.85
15.53 184.73
15.54 184.45
15.55 183.95
15.56 183.54
15.57 183.58
15.58 183.82
15.59 183.66
15.6 182.82
15.61 182.19
15.62 182.73
15.63 183.28
15.64 183.28
15.65 183.26
15.66 183.67
15.67 184.67
15.68 185.77
15.69 186.59
15.7 187.37
15.71 187.55
15.72 186.8
15.73 185.28
15.74 184.27
15.75 183.66
15.76 183.28
15.77 183.82
15.78 184.57
15.79 185.47
15.8 186.67
15.81 187.35
15.82 186.85
15.83 185.63
15.84 184.33
15.85 183.99
15.86 184.23
15.87 184.2
15.88 183.34
15.89 182.13
15.9 180.78
15.91 179.14
15.92 176.71
15.93 173.53
15.94 170.71
15.95 169.35
15.96 166.59
15.97 160.27
15.98 163.31
15.99 744.41
16.0 871.73
16.01 142.57
16.02 286.75
16.03 273.18
16.04 7.24
16.05 61.59
16.06 61.76
16.07 65.37
16.08 798.08
16.09 122.93
16.1 75.64
16.11 0.0
16.12 117.8
16.13 109.02
16.14 69.62
16.15 15.96
16.16 60.96
16.17 94.49
16.18 589.83
16.19 265.64
16.2 0.0
16.21 0.0
16.22 432.76
16.23 67.01
16.24 0.0
16.25 73.55
16.26 71.43
16.27 64.39
16.28 0.0
16.29 0.0
16.3 209.16
16.31 36.52
16.32 0.0
16.33 64.86
16.34 575.63
16.35 127.1
16.36 0.0
16.37 0.0
16.38 0.0
16.39 0.0
16.4 0.0
16.41 0.0
16.42 0.0
16.43 61.17
16.44 51.66
16.45 99.41
16.46 0.0
16.47 0.0
16.48 62.76
16.49 88.92
16.5 279.44
16.51 221.03
16.52 85.3
16.53 62.9
16.54 63.22
16.55 694.1
16.56 64.62
16.57 65.2
16.58 59.96
16.59 60.9
16.6 61.3
16.61 61.94
16.62 62.89
16.63 63.38
16.64 63.94
16.65 65.05
16.66 65.73
16.67 635.17
16.68 100.92
16.69 102.28
16.7 69.24
16.71 63.29
16.72 64.45
16.73 1354.13
16.74 279.67
16.75 240.8
16.76 231.64
16.77 224.15
16.78 221.07
16.79 215.78
16.8 213.0
16.81 215.29
16.82 217.52
16.83 219.92
16.84 223.83
16.85 229.76
16.86 237.01
16.87 244.07
16.88 252.5
16.89 257.08
16.9 258.68
16.91 258.44
16.92 257.71
16.93 257.43
16.94 257.31
16.95 258.1
16.96 260.13
16.97 262.57
16.98 264.92
16.99 266.76
17.0 269.28
17.01 271.22
17.02 271.57
17.03 270.92
17.04 269.08
17.05 266.84
17.06 265.29
17.07 265.03
17.08 265.12
17.09 264.85
17.1 264.09
17.11 263.73
17.12 264.01
17.13 264.43
17.14 265.08
17.15 266.24
17.16 267.92
17.17 270.0
17.18 272.03
17.19 273.23
17.2 273.11
17.21 272.16
17.22 271.05
17.23 270.39
17.24 269.9
17.25 269.57
17.26 269.65
17.27 269.81
17.28 269.76
17.29 270.04
17.3 270.73
17.31 271.53
17.32 272.54
17.33 273.3
17.34 273.91
17.35 274.11
17.36 274.18
17.37 273.85
17.38 273.49
17.39 273.59
17.4 273.29
17.41 272.54
17.42 271.52
17.43 271.09
17.44 271.6
17.45 272.2
17.46 272.65
17.47 273.06
17.48 273.38
17.49 273.85
17.5 275.01
17.51 275.72
17.52 275.24
17.53 274.28
17.54 273.73
17.55 273.31
17.56 272.52
17.57 271.15
17.58 270.07
17.59 270.55
17.6 272.18
17.61 274.41
17.62 275.94
17.63 276.6
17.64 276.67
17.65 276.16
17.66 274.86
17.67 273.52
17.68 272.3
17.69 271.0
17.7 270.74
17.71 271.36
17.72 272.83
17.73 274.14
17.74 275.32
17.75 275.59
17.76 274.58
17.77 273.15
17.78 272.15
17.79 271.97
17.8 272.04
17.81 272.68
17.82 273.4
17.83 273.77
17.84 274.07
17.85 273.91
17.86 273.35
17.87 273.33
17.88 273.89
17.89 273.98
17.9 273.98
17.91 274.58
17.92 274.9
17.93 274.49
17.94 273.95
17.95 273.92
17.96 274.24
17.97 274.53
17.98 274.45
17.99 274.4
18.0 274.34
18.01 274.71
18.02 275.11
18.03 275.2
18.04 275.34
18.05 275.06
18.06 274.42
18.07 274.14
18.08 275.52
18.09 278.17
18.1 279.87
18.11 279.71
18.12 278.4
18.13 277.06
18.14 275.51
18.15 274.63
18.16 275.23
18.17 276.58
18.18 277.27
18.19 276.86
18.2 276.05
18.21 275.71
18.22 275.85
18.23 276.11
18.24 276.45
18.25 276.27
18.26 275.86
18.27 275.67
18.28 275.21
18.29 274.03
18.3 272.58
18.31 273.53
18.32 276.98
18.33 279.71
18.34 278.55
18.35 277.08
18.36 275.71
18.37 274.66
18.38 273.92
18.39 273.15
18.4 272.16
18.41 271.15
18.42 271.03
18.43 271.24
18.44 270.85
18.45 270.61
18.46 271.3
18.47 272.44
18.48 273.34
18.49 274.0
18.5 274.52
18.51 274.44
18.52 273.86
18.53 273.31
18.54 273.56
18.55 274.06
18.56 273.46
18.57 272.99
18.58 273.08
18.59 272.74
18.6 271.81
18.61 271.46
18.62 272.12
18.63 272.83
18.64 273.31
18.65 273.48
18.66 273.11
18.67 272.66
18.68 272.87
18.69 273.32
18.7 272.95
18.71 272.15
18.72 271.38
18.73 270.83
18.74 271.4
18.75 272.75
18.76 273.74
18.77 274.01
18.78 274.48
18.79 275.39
18.8 275.95
18.81 275.65
18.82 274.8
18.83 274.25
18.84 274.48
18.85 274.35
18.86 273.57
18.87 272.76
18.88 271.99
18.89 270.91
18.9 270.08
18.91 269.18
18.92 267.58
18.93 266.71
18.94 266.79
18.95 268.23
18.96 269.99
18.97 271.12
18.98 271.73
18.99 272.08
19.0 271.19
19.01 269.28
19.02 267.97
19.03 267.9
19.04 267.83
19.05 267.53
19.06 267.0
19.07 266.4
19.08 266.19
19.09 266.56
19.1 268.02
19.11 270.11
19.12 271.87
19.13 273.7
19.14 274.9
19.15 274.95
19.16 274.21
19.17 272.93
19.18 271.14
19.19 269.37
19.2 267.66
19.21 266.1
19.22 265.06
19.23 265.11
19.24 266.79
19.25 268.8
19.26 270.55
19.27 271.62
19.28 271.89
19.29 272.11
19.3 272.5
19.31 272.86
19.32 272.23
19.33 271.21
19.34 270.49
19.35 269.84
19.36 269.24
19.37 268.92
19.38 269.75
19.39 271.02
19.4 272.38
19.41 273.72
19.42 274.4
19.43 274.2
19.44 273.07
19.45 271.93
19.46 271.37
19.47 270.78
19.48 270.75
19.49 271.02
19.5 271.0
19.51 271.33
19.52 272.55
19.53 273.15
19.54 272.77
19.55 271.2
19.56 269.49
19.57 268.19
19.58 267.29
19.59 267.58
19.6 267.76
19.61 267.97
19.62 268.13
19.63 267.73
19.64 266.92
19.65 265.14
19.66 262.87
19.67 260.28
19.68 259.37
19.69 260.43
19.7 263.25
19.71 265.9
19.72 268.09
19.73 269.33
19.74 269.96
19.75 269.96
19.76 269.29
19.77 268.2
19.78 266.93
19.79 266.13
19.8 267.01
19.81 269.28
19.82 272.47
19.83 275.29
19.84 278.6
19.85 280.42
19.86 280.43
19.87 279.54
19.88 278.38
19.89 277.3
19.9 275.81
19.91 274.95
19.92 274.34
19.93 273.66
19.94 273.43
19.95 273.79
19.96 274.42
19.97 274.75
19.98 274.97
19.99 274.98
20.0 275.21
20.01 275.13
20.02 274.42
20.03 274.23
20.04 274.82
20.05 275.59
20.06 275.67
20.07 275.16
20.08 274.79
20.09 274.12
20.1 273.0
20.11 272.25
20.12 271.8
20.13 272.68
20.14 274.58
20.15 275.82
20.16 275.79
20.17 275.05
20.18 274.59
20.19 274.08
20.2 273.49
20.21 273.4
20.22 273.69
20.23 273.97
20.24 273.64
20.25 273.17
20.26 273.15
20.27 273.51
20.28 273.95
20.29 274.18
20.3 274.45
20.31 274.52
20.32 274.77
20.33 275.77
20.34 276.64
20.35 276.95
20.36 276.93
20.37 276.86
20.38 276.39
20.39 275.06
20.4 273.46
20.41 273.07
20.42 273.39
20.43 273.99
20.44 275.25
20.45 277.11
20.46 279.25
20.47 280.01
20.48 278.86
20.49 277.45
20.5 276.27
20.51 275.72
20.52 275.76
20.53 275.46
20.54 275.14
20.55 275.23
20.56 275.91
20.57 276.73
20.58 277.02
20.59 276.83
20.6 276.8
20.61 276.66
20.62 276.27
20.63 276.13
20.64 276.34
20.65 276.65
20.66 276.67
20.67 276.37
20.68 276.37
20.69 276.47
20.7 276.32
20.71 276.67
20.72 277.77
20.73 279.0
20.74 279.88
20.75 280.78
20.76 280.94
20.77 280.33
20.78 279.67
20.79 279.38
20.8 279.11
20.81 279.15
20.82 279.64
20.83 279.87
20.84 279.97
20.85 279.69
20.86 279.36
20.87 279.49
20.88 279.83
20.89 279.95
20.9 279.14
20.91 277.53
20.92 276.28
20.93 276.4
20.94 276.32
20.95 274.76
20.96 271.47
20.97 267.47
20.98 264.0
20.99 262.11
21.0 262.02
21.01 263.07
21.02 264.95
21.03 267.53
21.04 272.01
21.05 277.11
21.06 283.0
21.07 288.45
21.08 291.98
21.09 293.84
21.1 294.19
21.11 291.99
21.12 288.25
21.13 284.06
21.14 279.64
21.15 276.9
21.16 275.81
21.17 274.97
21.18 274.02
21.19 274.05
21.2 275.1
21.21 275.95
21.22 276.2
21.23 276.24
21.24 275.94
21.25 276.07
21.26 276.39
21.27 276.5
21.28 276.4
21.29 276.0
21.3 275.87
21.31 275.48
21.32 274.41
21.33 273.88
21.34 274.62
21.35 275.98
21.36 277.0
21.37 277.1
21.38 276.58
21.39 275.65
21.4 274.26
21.41 272.71
21.42 271.66
21.43 270.99
21.44 271.2
21.45 272.15
21.46 272.64
21.47 272.47
21.48 271.36
21.49 270.18
21.5 269.6
21.51 269.58
21.52 269.55
21.53 269.28
21.54 269.55
21.55 269.75
21.56 268.66
21.57 267.35
21.58 266.15
21.59 265.45
21.6 265.04
21.61 264.51
21.62 263.9
21.63 262.58
21.64 260.58
21.65 259.32
21.66 258.73
21.67 259.09
21.68 259.85
21.69 259.85
21.7 259.58
21.71 259.82
21.72 260.47
21.73 261.33
21.74 261.6
21.75 261.74
21.76 261.97
21.77 261.23
21.78 259.49
21.79 257.87
21.8 257.41
21.81 256.91
21.82 256.78
21.83 257.84
21.84 258.71
21.85 258.59
21.86 256.61
21.87 249.5
21.88 226.99
21.89 198.58
21.9 59.92
21.91 60.01
21.92 85.67
21.93 99.6
21.94 119.74
21.95 66.17
21.96 66.11
21.97 66.17
21.98 66.34
21.99 60.11
22.0 60.17
22.01 60.24
22.02 60.05
22.03 66.59
22.04 66.82
22.05 60.1
22.06 66.64
22.07 200.38
22.08 200.85
22.09 609.71
22.1 607.14
22.11 60.46
22.12 60.45
22.13 60.44
22.14 60.42
22.15 60.37
22.16 60.3
22.17 60.21
22.18 60.35
22.19 60.68
22.2 60.69
22.21 60.57
22.22 60.46
22.23 60.27
22.24 1698.97
22.25 64.79
22.26 57.7
22.27 63.03
22.28 60.13
22.29 588.57
22.3 110.41
22.31 0.0
22.32 0.0
22.33 0.0
22.34 0.0
22.35 0.0
22.36 0.0
22.37 0.0
22.38 0.0
22.39 0.0
22.4 60.92
22.41 0.0
22.42 0.0
22.43 0.0
22.44 315.56
22.45 297.77
22.46 290.6
22.47 286.23
22.48 280.33
22.49 270.56
22.5 256.61
22.51 246.48
22.52 246.48
22.53 248.61
22.54 252.46
22.55 255.88
22.56 260.17
22.57 264.53
22.58 268.37
22.59 270.1
22.6 271.12
22.61 272.88
22.62 274.9
22.63 277.19
22.64 280.23
22.65 282.99
22.66 283.97
22.67 282.75
22.68 282.1
22.69 282.55
22.7 282.83
22.71 283.75
22.72 284.82
22.73 285.69
22.74 285.98
22.75 285.94
22.76 285.98
22.77 286.01
22.78 285.77
22.79 286.58
22.8 288.63
22.81 290.49
22.82 291.62
22.83 291.82
22.84 291.35
22.85 290.0
22.86 287.95
22.87 286.67
22.88 286.8
22.89 288.68
22.9 291.4
22.91 293.06
22.92 292.29
22.93 290.0
22.94 288.41
22.95 288.23
22.96 288.51
22.97 288.35
22.98 288.05
22.99 288.71
23.0 289.35
23.01 288.77
23.02 289.38
23.03 291.43
23.04 292.91
23.05 293.64
23.06 293.6
23.07 292.53
23.08 291.92
23.09 291.64
23.1 290.47
23.11 289.19
23.12 288.87
23.13 289.79
23.14 291.09
23.15 291.26
23.16 291.54
23.17 293.16
23.18 294.26
23.19 293.94
23.2 293.54
23.21 293.56
23.22 293.15
23.23 292.32
23.24 292.32
23.25 293.19
23.26 293.69
23.27 294.12
23.28 294.76
23.29 294.97
23.3 294.3
23.31 293.43
23.32 292.96
23.33 292.82
23.34 293.13
23.35 293.71
23.36 293.77
23.37 292.74
23.38 291.63
23.39 291.07
23.4 290.66
23.41 290.56
23.42 290.97
23.43 292.08
23.44 293.28
23.45 293.43
23.46 293.05
23.47 292.02
23.48 290.66
23.49 289.99
23.5 290.19
23.51 290.21
23.52 289.59
23.53 289.21
23.54 289.06
23.55 288.77
23.56 288.73
23.57 289.24
23.58 290.26
23.59 291.82
23.6 293.24
23.61 294.32
23.62 295.27
23.63 295.51
23.64 294.97
23.65 295.0
23.66 295.06
23.67 293.84
23.68 292.09
23.69 290.7
23.7 290.52
23.71 291.65
23.72 293.44
23.73 294.89
23.74 295.56
23.75 295.9
23.76 295.92
23.77 295.19
23.78 293.83
23.79 292.91
23.8 292.25
23.81 291.28
23.82 290.46
23.83 289.57
23.84 288.04
23.85 286.21
23.86 285.04
23.87 284.23
23.88 281.54
23.89 274.8
23.9 271.84
23.91 271.09
23.92 271.84
23.93 273.42
23.94 274.64
23.95 274.79
23.96 274.61
23.97 274.91
23.98 274.92
23.99 274.4
24.0 273.58
24.01 272.36
24.02 270.71
24.03 269.03
24.04 267.83
24.05 267.02
24.06 266.98
24.07 267.69
24.08 268.87
24.09 270.18
24.1 272.12
24.11 273.69
24.12 274.31
24.13 273.86
24.14 273.06
24.15 272.77
24.16 272.87
24.17 272.84
24.18 272.82
24.19 272.77
24.2 272.4
24.21 271.57
24.22 270.69
24.23 270.2
24.24 270.04
24.25 270.31
24.26 271.05
24.27 272.08
24.28 273.09
24.29 274.26
24.3 274.97
24.31 274.81
24.32 274.17
24.33 273.18
24.34 271.87
24.35 270.68
24.36 270.41
24.37 270.32
24.38 269.2
24.39 268.12
24.4 267.14
24.41 265.33
24.42 262.72
24.43 258.79
24.44 252.81
24.45 248.2
24.46 245.43
24.47 245.94
24.48 248.2
24.49 251.53
24.5 255.58
24.51 262.22
24.52 268.32
24.53 272.47
24.54 273.71
24.55 272.46
24.56 270.16
24.57 268.06
24.58 266.18
24.59 263.45
24.6 259.83
24.61 255.53
24.62 253.02
24.63 251.72
24.64 252.04
24.65 253.12
24.66 254.17
24.67 255.69
24.68 256.48
24.69 256.59
24.7 255.65
24.71 254.04
24.72 251.46
24.73 249.74
24.74 248.59
24.75 248.11
24.76 246.73
24.77 243.81
24.78 238.27
24.79 231.26
24.8 222.44
24.81 212.06
24.82 202.78
24.83 193.78
24.84 187.99
24.85 186.51
24.86 185.53
24.87 183.97
24.88 183.71
24.89 184.83
24.9 186.35
24.91 188.4
24.92 189.76
24.93 190.24
24.94 189.93
24.95 189.46
24.96 189.52
24.97 190.03
24.98 190.68
24.99 191.14
25.0 192.31
25.01 194.79
25.02 196.71
25.03 197.34
25.04 198.22
25.05 199.21
25.06 198.91
25.07 197.84
25.08 197.17
25.09 196.53
25.1 196.31
25.11 197.68
25.12 200.35
25.13 202.72
25.14 203.78
25.15 204.5
25.16 205.28
25.17 204.8
25.18 203.55
25.19 202.71
25.2 203.06
25.21 203.84
25.22 204.3
25.23 204.27
25.24 203.64
25.25 202.99
25.26 202.76
25.27 202.64
25.28 202.57
25.29 203.2
25.3 204.97
25.31 208.06
25.32 212.92
25.33 219.74
25.34 227.97
25.35 232.84
25.36 236.82
25.37 239.63
25.38 240.73
25.39 240.16
25.4 237.94
25.41 234.52
25.42 229.55
25.43 222.91
25.44 216.09
25.45 210.46
25.46 206.55
25.47 205.14
25.48 205.37
25.49 205.92
25.5 206.98
25.51 209.61
25.52 212.75
25.53 213.96
25.54 214.12
25.55 214.32
25.56 213.77
25.57 211.92
25.58 209.69
25.59 208.03
25.6 207.17
25.61 207.25
25.62 208.93
25.63 211.15
25.64 213.56
25.65 216.81
25.66 219.65
25.67 220.56
25.68 220.04
25.69 218.87
25.7 217.96
25.71 216.95
25.72 215.87
25.73 215.06
25.74 214.42
25.75 213.68
25.76 212.22
25.77 210.97
25.78 210.94
25.79 211.47
25.8 212.28
25.81 213.53
25.82 214.66
25.83 214.61
25.84 213.38
25.85 212.29
25.86 211.64
25.87 210.46
25.88 209.51
25.89 209.93
25.9 211.42
25.91 212.66
25.92 213.49
25.93 213.76
25.94 214.23
25.95 215.31
25.96 216.02
25.97 216.02
25.98 215.27
25.99 214.67
26.0 214.94
26.01 216.22
26.02 217.79
26.03 219.02
26.04 219.82
26.05 219.03
26.06 217.67
26.07 216.9
26.08 217.4
26.09 218.66
26.1 219.23
26.11 219.18
26.12 219.22
26.13 219.23
26.14 219.05
26.15 218.47
26.16 218.15
26.17 217.21
26.18 216.7
26.19 216.31
26.2 215.91
26.21 216.72
26.22 218.16
26.23 219.6
26.24 221.32
26.25 221.86
26.26 221.34
26.27 220.43
26.28 219.56
26.29 219.92
26.3 221.45
26.31 223.18
26.32 224.3
26.33 224.29
26.34 223.58
26.35 222.28
26.36 220.43
26.37 218.23
26.38 216.82
26.39 216.7
26.4 216.83
26.41 216.63
26.42 215.96
26.43 215.81
26.44 216.32
26.45 216.87
26.46 217.31
26.47 217.1
26.48 216.8
26.49 216.75
26.5 216.51
26.51 216.52
26.52 217.43
26.53 218.66
26.54 219.2
26.55 219.06
26.56 218.22
26.57 217.33
26.58 216.84
26.59 216.95
26.6 217.32
26.61 217.46
26.62 218.15
26.63 218.7
26.64 218.46
26.65 218.09
26.66 218.2
26.67 218.66
26.68 219.07
26.69 219.22
26.7 219.37
26.71 219.16
26.72 218.18
26.73 217.06
26.74 216.28
26.75 215.69
26.76 215.03
26.77 214.55
26.78 214.6
26.79 214.68
26.8 214.29
26.81 214.19
26.82 214.84
26.83 215.02
26.84 214.65
26.85 214.89
26.86 215.05
26.87 214.01
26.88 212.46
26.89 212.34
26.9 213.28
26.91 215.74
26.92 219.15
26.93 222.58
26.94 227.21
26.95 233.31
26.96 241.32
26.97 247.75
26.98 253.84
26.99 257.58
27.0 260.12
27.01 261.5
27.02 262.38
27.03 262.86
27.04 263.11
27.05 262.53
27.06 261.48
27.07 260.1
27.08 259.4
27.09 258.88
27.1 258.89
27.11 260.04
27.12 262.27
27.13 263.77
27.14 264.28
27.15 264.69
27.16 265.48
27.17 265.92
27.18 265.81
27.19 266.09
27.2 266.67
27.21 267.52
27.22 268.16
27.23 267.82
27.24 266.57
27.25 265.43
27.26 264.31
27.27 263.18
27.28 262.1
27.29 261.18
27.3 261.16
27.31 261.92
27.32 263.64
27.33 264.98
27.34 266.01
27.35 266.3
27.36 265.98
27.37 265.82
27.38 266.17
27.39 266.35
27.4 265.88
27.41 265.02
27.42 264.41
27.43 264.28
27.44 264.48
27.45 265.07
27.46 265.47
27.47 265.82
27.48 266.63
27.49 267.02
27.5 265.79
27.51 263.7
27.52 261.46
27.53 259.34
27.54 256.13
27.55 250.54
27.56 247.37
27.57 243.47
27.58 240.68
27.59 237.76
27.6 234.88
27.61 231.93
27.62 230.16
27.63 230.25
27.64 231.52
27.65 233.7
27.66 237.03
27.67 241.08
27.68 245.28
27.69 247.77
27.7 248.27
27.71 247.59
27.72 247.36
27.73 247.38
27.74 246.4
27.75 244.29
27.76 242.94
27.77 242.17
27.78 241.13
27.79 239.27
27.8 238.37
27.81 238.28
27.82 238.51
27.83 238.9
27.84 239.35
27.85 240.74
27.86 242.36
27.87 243.2
27.88 242.94
27.89 242.21
27.9 241.52
27.91 240.0
27.92 238.13
27.93 237.31
27.94 237.25
27.95 237.4
27.96 237.57
27.97 238.42
27.98 239.59
27.99 240.35
28.0 240.41
28.01 239.55
28.02 238.16
28.03 237.61
28.04 238.28
28.05 239.75
28.06 241.19
28.07 241.84
28.08 241.05
28.09 240.03
28.1 239.62
28.11 239.49
28.12 239.07
28.13 238.88
28.14 239.3
28.15 240.4
28.16 241.65
28.17 241.96
28.18 241.15
28.19 239.79
28.2 238.82
28.21 238.87
28.22 238.48
28.23 237.55
28.24 236.39
28.25 234.34
28.26 232.5
28.27 230.86
28.28 228.47
28.29 224.91
28.3 219.78
28.31 214.31
28.32 208.45
28.33 203.04
28.34 198.7
28.35 195.64
28.36 193.22
28.37 191.38
28.38 189.74
28.39 188.42
28.4 187.93
28.41 187.95
28.42 188.17
28.43 187.94
28.44 187.24
28.45 186.09
28.46 184.32
28.47 182.53
28.48 181.12
28.49 179.36
28.5 178.44
28.51 178.96
28.52 179.85
28.53 180.46
28.54 180.68
28.55 181.0
28.56 181.12
28.57 181.22
28.58 181.42
28.59 181.08
28.6 180.61
28.61 180.64
28.62 180.53
28.63 179.83
28.64 178.68
28.65 178.08
28.66 178.53
28.67 179.23
28.68 180.19
28.69 181.15
28.7 181.86
28.71 182.32
28.72 182.47
28.73 182.46
28.74 182.05
28.75 181.36
28.76 180.57
28.77 179.34
28.78 178.61
28.79 178.86
28.8 179.85
28.81 180.75
28.82 180.76
28.83 180.51
28.84 180.6
28.85 180.82
28.86 180.7
28.87 180.97
28.88 181.69
28.89 182.3
28.9 182.23
28.91 181.83
28.92 181.56
28.93 181.6
28.94 181.49
28.95 181.31
28.96 181.13
28.97 181.09
28.98 181.35
28.99 181.37
29.0 180.72
29.01 179.84
29.02 179.44
29.03 179.42
29.04 179.52
29.05 179.73
29.06 180.0
29.07 180.51
29.08 181.23
29.09 181.75
29.1 181.8
29.11 181.84
29.12 181.85
29.13 181.5
29.14 181.25
29.15 180.99
29.16 180.71
29.17 180.56
29.18 180.64
29.19 180.71
29.2 180.5
29.21 179.93
29.22 179.61
29.23 180.36
29.24 180.76
29.25 180.27
29.26 180.19
29.27 180.73
29.28 180.62
29.29 180.2
29.3 180.6
29.31 181.6
29.32 182.82
29.33 183.61
29.34 184.01
29.35 184.41
29.36 185.15
29.37 185.01
29.38 183.86
29.39 183.1
29.4 182.84
29.41 183.0
29.42 182.61
29.43 181.89
29.44 181.16
29.45 180.9
29.46 181.51
29.47 182.43
29.48 183.77
29.49 185.2
29.5 186.09
29.51 186.38
29.52 186.05
29.53 184.94
29.54 183.96
29.55 183.11
29.56 181.75
29.57 180.45
29.58 179.73
29.59 179.39
29.6 179.66
29.61 179.61
29.62 178.67
29.63 177.73
29.64 176.65
29.65 174.49
29.66 171.82
29.67 169.4
29.68 168.54
29.69 167.83
29.7 164.27
29.71 159.45
29.72 153.88
29.73 148.45
29.74 79.32
29.75 1637.64
29.76 0.0
29.77 0.0
29.78 0.0
29.79 74.25
29.8 184.39
29.81 61.42
29.82 64.35
29.83 0.0
29.84 62.62
29.85 104.05
29.86 101.54
29.87 0.0
29.88 0.0
29.89 68.9
29.9 70.57
29.91 70.03
29.92 96.8
29.93 100.36
29.94 0.0
29.95 0.0
29.96 61.95
29.97 316.02
29.98 4.05
29.99 0.0
30.0 0.0
30.01 0.0
30.02 61.84
30.03 80.46
30.04 66.0
30.05 392.07
30.06 109.95
30.07 70.74
30.08 61.36
30.09 264.53
30.1 105.12
30.11 67.63
30.12 66.99
30.13 109.09
30.14 64.83
30.15 74.72
30.16 94.72
30.17 291.03
30.18 64.28
30.19 74.04
30.2 60.26
30.21 59.91
30.22 66.55
30.23 60.13
30.24 60.1
30.25 179.69
30.26 104.04
30.27 72.82
30.28 60.22
30.29 60.78
30.3 61.87
30.31 63.04
30.32 63.74
30.33 115.32
30.34 117.31
30.35 1261.53
30.36 241.74
30.37 229.68
30.38 221.42
30.39 215.55
30.4 206.0
30.41 201.04
30.42 200.57
30.43 201.3
30.44 203.88
30.45 207.83
30.46 212.69
30.47 216.83
30.48 219.09
30.49 221.14
30.5 223.24
30.51 225.85
30.52 228.77
30.53 232.15
30.54 235.4
30.55 238.18
30.56 240.59
30.57 244.33
30.58 247.83
30.59 249.33
30.6 252.28
30.61 254.8
30.62 257.83
30.63 259.77
30.64 261.85
30.65 262.96
30.66 263.68
30.67 263.41
30.68 261.77
30.69 260.15
30.7 259.18
30.71 259.3
30.72 260.36
30.73 261.71
30.74 262.98
30.75 263.52
30.76 264.09
30.77 265.22
30.78 265.75
30.79 266.28
30.8 266.71
30.81 267.37
30.82 268.37
30.83 269.11
30.84 270.3
30.85 271.24
30.86 271.09
30.87 270.47
30.88 269.73
30.89 269.14
30.9 268.82
30.91 269.01
30.92 269.58
30.93 270.08
30.94 270.51
30.95 270.65
30.96 270.01
30.97 269.09
30.98 268.82
30.99 269.43
31.0 269.8
31.01 270.25
31.02 271.42
31.03 272.9
31.04 273.71
31.05 273.4
31.06 272.0
31.07 270.9
31.08 270.33
31.09 270.05
31.1 270.09
31.11 269.83
31.12 269.56
31.13 269.64
31.14 269.89
31.15 270.07
31.16 270.28
31.17 270.79
31.18 270.71
31.19 270.41
31.2 270.9
31.21 271.9
31.22 272.53
31.23 271.96
31.24 270.73
31.25 269.71
31.26 269.61
31.27 270.78
31.28 272.72
31.29 274.05
31.3 274.81
31.31 274.35
31.32 272.94
31.33 272.01
31.34 271.64
31.35 271.68
31.36 271.57
31.37 271.51
31.38 271.92
31.39 272.47
31.4 272.81
31.41 272.39
31.42 272.22
31.43 272.18
31.44 271.57
31.45 271.17
31.46 271.35
31.47 271.97
31.48 272.58
31.49 273.05
31.5 273.55
31.51 273.62
31.52 273.48
31.53 273.14
31.54 272.69
31.55 272.23
31.56 271.95
31.57 272.1
31.58 272.21
31.59 272.42
31.6 272.55
31.61 272.5
31.62 272.35
31.63 271.83
31.64 270.76
31.65 270.25
31.66 271.74
31.67 273.87
31.68 274.71
31.69 273.83
31.7 272.66
31.71 272.33
31.72 273.65
31.73 276.46
31.74 279.43
31.75 281.11
31.76 280.93
31.77 278.74
31.78 275.6
31.79 273.03
31.8 271.44
31.81 271.42
31.82 271.72
31.83 271.39
31.84 270.51
31.85 268.68
31.86 265.9
31.87 261.41
31.88 253.28
31.89 230.79
31.9 202.65
31.91 179.83
31.92 161.72
31.93 144.11
31.94 170.1
31.95 118.17
31.96 67.87
31.97 149.17
31.98 81.25
31.99 82.26
32.0 67.85
32.01 68.3
32.02 61.71
32.03 132.51
32.04 302.97
32.05 298.56
32.06 63.91
32.07 68.44
32.08 65.18
32.09 290.26
32.1 289.7
32.11 294.98
32.12 286.0
32.13 283.28
32.14 281.3
32.15 279.48
32.16 276.77
32.17 273.76
32.18 272.6
32.19 272.0
32.2 271.14
32.21 269.83
32.22 268.41
32.23 267.6
32.24 267.96
32.25 269.02
32.26 270.28
32.27 272.33
32.28 274.48
32.29 276.32
32.3 277.02
32.31 276.87
32.32 276.54
32.33 276.35
32.34 276.89
32.35 277.53
32.36 277.24
32.37 276.49
32.38 276.1
32.39 275.47
32.4 274.52
32.41 274.96
32.42 276.65
32.43 278.07
32.44 278.11
32.45 277.52
32.46 277.28
32.47 277.33
32.48 276.95
32.49 276.19
32.5 275.85
32.51 276.3
32.52 277.27
32.53 278.09
32.54 278.75
32.55 279.23
32.56 279.24
32.57 279.02
32.58 278.43
32.59 277.41
32.6 276.46
32.61 275.66
32.62 274.42
32.63 273.5
32.64 273.48
32.65 274.42
32.66 276.05
32.67 277.37
32.68 277.84
32.69 277.82
32.7 277.75
32.71 277.29
32.72 275.89
32.73 273.7
32.74 270.78
32.75 267.26
32.76 264.3
32.77 262.64
32.78 263.53
32.79 265.41
32.8 266.66
32.81 268.56
32.82 270.6
32.83 271.62
32.84 272.42
32.85 272.62
32.86 271.71
32.87 269.8
32.88 268.19
32.89 267.34
32.9 267.54
32.91 269.71
32.92 272.78
32.93 274.45
32.94 273.92
32.95 272.15
32.96 270.68
32.97 270.1
32.98 270.18
32.99 270.07
33.0 269.33
33.01 270.32
33.02 272.85
33.03 274.98
33.04 276.41
33.05 276.65
33.06 275.46
33.07 273.84
33.08 273.48
33.09 273.69
33.1 273.49
33.11 273.37
33.12 272.73
33.13 270.52
33.14 267.45
33.15 264.33
33.16 260.66
33.17 255.31
33.18 250.05
33.19 242.36
33.2 235.24
33.21 226.51
33.22 219.56
33.23 211.32
33.24 208.79
33.25 208.92
33.26 209.8
33.27 210.8
33.28 211.74
33.29 212.21
33.3 212.07
33.31 211.56
33.32 211.29
33.33 211.88
33.34 212.85
33.35 213.36
33.36 213.29
33.37 213.62
33.38 214.83
33.39 217.0
33.4 219.04
33.41 219.71
33.42 219.34
33.43 218.57
33.44 217.1
33.45 215.18
33.46 213.62
33.47 212.66
33.48 212.41
33.49 212.42
33.5 212.25
33.51 212.47
33.52 213.63
33.53 215.15
33.54 216.05
33.55 216.46
33.56 216.93
33.57 217.09
33.58 216.6
33.59 215.72
33.6 214.95
33.61 214.09
33.62 213.25
33.63 213.12
33.64 213.96
33.65 214.79
33.66 214.82
33.67 214.45
33.68 213.94
33.69 214.0
33.7 214.99
33.71 216.13
33.72 216.9
33.73 217.13
33.74 217.04
33.75 216.59
33.76 216.66
33.77 217.92
33.78 218.63
33.79 219.89
33.8 223.31
33.81 227.7
33.82 232.43
33.83 238.23
33.84 245.43
33.85 255.19
33.86 264.32
33.87 261.3
33.88 255.39
33.89 253.23
33.9 249.3
33.91 237.29
33.92 234.02
33.93 231.69
33.94 231.76
33.95 232.18
33.96 233.03
33.97 234.21
33.98 234.84
33.99 235.71
34.0 236.63
34.01 237.77
34.02 238.86
34.03 239.51
34.04 240.63
34.05 242.14
34.06 242.9
34.07 244.21
34.08 245.28
34.09 245.58
34.1 244.67
34.11 243.69
34.12 243.19
34.13 242.23
34.14 240.89
34.15 240.23
34.16 240.14
34.17 241.13
34.18 242.4
34.19 243.41
34.2 243.96
34.21 243.76
34.22 243.1
34.23 242.04
34.24 240.11
34.25 238.55
34.26 236.74
34.27 235.5
34.28 235.77
34.29 237.27
34.3 238.42
34.31 238.06
34.32 235.88
34.33 232.99
34.34 228.86
34.35 223.1
34.36 210.05
34.37 193.43
34.38 159.39
34.39 132.34
34.4 1083.85
34.41 0.0
34.42 0.0
34.43 0.0
34.44 88.23
34.45 0.0
34.46 0.0
34.47 0.0
34.48 0.0
34.49 71.98
34.5 73.81
34.51 92.83
34.52 0.0
34.53 97.28
34.54 110.13
34.55 0.0
34.56 60.19
34.57 94.49
34.58 61.42
34.59 60.84
34.6 69.91
34.61 70.09
34.62 111.82
34.63 134.54
34.64 112.92
34.65 207.71
34.66 0.0
34.67 0.0
34.68 71.1
34.69 142.2
34.7 0.0
34.71 0.0
34.72 0.0
34.73 477.88
34.74 0.0
34.75 0.0
34.76 0.0
34.77 0.0
34.78 0.0
34.79 554.86
34.8 84.35
34.81 0.0
34.82 110.75
34.83 0.0
34.84 0.0
34.85 0.0
34.86 0.0
34.87 0.0
34.88 0.0
34.89 0.0
34.9 0.0
34.91 0.0
34.92 276.28
34.93 277.99
34.94 264.65
34.95 252.34
34.96 246.08
34.97 233.07
34.98 220.59
34.99 216.08
35.0 215.22
35.01 216.35
35.02 218.87
35.03 222.23
35.04 226.02
35.05 230.15
35.06 232.96
35.07 235.65
35.08 240.15
35.09 243.17
35.1 246.17
35.11 250.72
35.12 253.58
35.13 255.13
35.14 256.28
35.15 258.84
35.16 260.73
35.17 260.77
35.18 259.92
35.19 260.3
35.2 261.64
35.21 262.66
35.22 263.31
35.23 263.41
35.24 264.75
35.25 266.95
35.26 268.58
35.27 269.6
35.28 270.28
35.29 270.82
35.3 270.21
35.31 269.15
35.32 268.7
35.33 268.14
35.34 267.88
35.35 268.23
35.36 268.67
35.37 269.09
35.38 269.62
35.39 270.36
35.4 270.25
35.41 269.54
35.42 269.3
35.43 269.97
35.44 271.36
35.45 272.53
35.46 272.52
35.47 271.72
35.48 270.43
35.49 269.31
35.5 268.86
35.51 269.33
35.52 270.81
35.53 271.7
35.54 271.96
35.55 271.8
35.56 271.39
35.57 270.89
35.58 270.79
35.59 270.8
35.6 270.64
35.61 269.95
35.62 269.23
35.63 269.64
35.64 269.85
35.65 269.75
35.66 269.59
35.67 269.21
35.68 268.89
35.69 269.15
35.7 269.58
35.71 269.85
35.72 269.57
35.73 268.81
35.74 268.16
35.75 267.84
35.76 267.86
35.77 268.04
35.78 268.69
35.79 269.63
35.8 270.37
35.81 270.31
35.82 270.09
35.83 269.98
35.84 270.33
35.85 270.94
35.86 271.42
35.87 271.68
35.88 271.37
35.89 270.76
35.9 270.33
35.91 269.87
35.92 269.35
35.93 269.17
35.94 268.71
35.95 268.85
35.96 269.82
35.97 270.5
35.98 270.48
35.99 270.89
36.0 272.15
36.01 273.23
36.02 273.1
36.03 272.37
36.04 271.46
36.05 270.72
36.06 269.76
36.07 268.63
36.08 267.33
36.09 267.42
36.1 268.8
36.11 269.76
36.12 269.57
36.13 269.24
36.14 269.13
36.15 269.18
36.16 269.95
36.17 271.14
36.18 271.47
36.19 271.31
36.2 270.86
36.21 270.04
36.22 269.17
36.23 268.49
36.24 268.19
36.25 269.0
36.26 269.97
36.27 270.51
36.28 270.78
36.29 270.63
36.3 269.55
36.31 268.34
36.32 268.49
36.33 269.97
36.34 271.81
36.35 273.5
36.36 274.22
36.37 273.34
36.38 271.43
36.39 270.09
36.4 269.97
36.41 270.17
36.42 269.92
36.43 269.82
36.44 270.01
36.45 269.91
36.46 269.56
36.47 268.3
36.48 266.49
36.49 264.29
36.5 260.81
36.51 253.06
36.52 237.13
36.53 215.67
36.54 200.92
36.55 186.55
36.56 171.77
36.57 157.98
36.58 160.96
36.59 291.01
36.6 294.54
36.61 214.78
36.62 73.67
36.63 69.61
36.64 123.23
36.65 249.96
36.66 273.72
36.67 285.35
36.68 284.35
36.69 280.01
36.7 275.09
36.71 271.26
36.72 268.39
36.73 267.73
36.74 268.7
36.75 269.23
36.76 268.86
36.77 267.68
36.78 265.56
36.79 262.96
36.8 261.37
36.81 261.65
36.82 263.04
36.83 263.94
36.84 264.27
36.85 264.76
36.86 265.62
36.87 266.46
36.88 267.02
36.89 266.78
36.9 266.27
36.91 266.26
36.92 266.46
36.93 266.59
36.94 267.56
36.95 269.42
36.96 271.68
36.97 274.28
36.98 276.23
36.99 276.48
37.0 275.19
37.01 273.22
37.02 271.62
37.03 271.41
37.04 271.47
37.05 270.79
37.06 269.89
37.07 269.04
37.08 268.44
37.09 266.52
37.1 263.13
37.11 258.17
37.12 252.99
37.13 245.39
37.14 235.42
37.15 226.16
37.16 219.08
37.17 213.24
37.18 207.97
37.19 203.23
37.2 200.03
37.21 199.37
37.22 199.91
37.23 200.66
37.24 202.19
37.25 204.2
37.26 205.51
37.27 205.96
37.28 205.61
37.29 204.13
37.3 202.77
37.31 202.57
37.32 203.2
37.33 204.34
37.34 205.83
37.35 207.94
37.36 210.1
37.37 211.13
37.38 211.1
37.39 210.7
37.4 210.45
37.41 210.42
37.42 211.02
37.43 212.06
37.44 213.8
37.45 215.87
37.46 217.22
37.47 218.06
37.48 218.16
37.49 217.6
37.5 217.07
37.51 216.92
37.52 217.38
37.53 218.23
37.54 219.9
37.55 221.32
37.56 221.97
37.57 222.0
37.58 221.63
37.59 220.58
37.6 219.89
37.61 219.97
37.62 220.21
37.63 219.55
37.64 218.42
37.65 217.15
37.66 215.41
37.67 214.37
37.68 214.11
37.69 214.72
37.7 215.85
37.71 216.5
37.72 216.44
37.73 216.34
37.74 217.0
37.75 218.16
37.76 219.34
37.77 220.38
37.78 221.34
37.79 222.11
37.8 222.35
37.81 221.91
37.82 221.39
37.83 221.08
37.84 221.07
37.85 221.23
37.86 221.19
37.87 221.13
37.88 221.19
37.89 220.62
37.9 219.52
37.91 218.84
37.92 219.44
37.93 221.14
37.94 222.58
37.95 223.27
37.96 223.64
37.97 223.63
37.98 223.35
37.99 222.97
38.0 222.44
38.01 222.23
38.02 222.0
38.03 221.24
38.04 220.46
38.05 219.5
38.06 218.96
38.07 219.25
38.08 219.85
38.09 220.11
38.1 220.25
38.11 220.51
38.12 220.75
38.13 220.72
38.14 220.7
38.15 219.76
38.16 218.5
38.17 221.21
38.18 226.84
38.19 230.05
38.2 232.31
38.21 235.47
38.22 238.09
38.23 239.55
38.24 239.54
38.25 238.93
38.26 238.42
38.27 236.46
38.28 234.32
38.29 234.43
38.3 235.01
38.31 235.47
38.32 236.03
38.33 237.21
38.34 238.29
38.35 238.71
38.36 239.02
38.37 239.73
38.38 240.9
38.39 241.74
38.4 242.41
38.41 243.19
38.42 243.77
38.43 243.3
38.44 242.55
38.45 242.52
38.46 242.37
38.47 242.14
38.48 242.13
38.49 242.48
38.5 242.94
38.51 242.48
38.52 240.88
38.53 239.02
38.54 236.41
38.55 233.35
38.56 229.68
38.57 226.06
38.58 220.83
38.59 215.19
38.6 209.41
38.61 204.39
38.62 195.1
38.63 177.83
38.64 144.84
38.65 1223.57
38.66 0.0
38.67 0.0
38.68 169.4
38.69 531.17
38.7 862.52
38.71 72.76
38.72 64.6
38.73 64.12
38.74 380.87
38.75 129.43
38.76 71.61
38.77 0.0
38.78 0.0
38.79 0.0
38.8 0.0
38.81 293.61
38.82 285.96
38.83 0.0
38.84 0.0
38.85 0.0
38.86 0.0
38.87 79.53
38.88 90.25
38.89 60.69
38.9 60.75
38.91 0.0
38.92 197.17
38.93 60.5
38.94 264.13
38.95 200.08
38.96 0.0
38.97 224.39
38.98 274.96
38.99 237.44
39.0 0.0
39.01 80.55
39.02 0.0
39.03 0.0
39.04 0.0
39.05 0.0
39.06 0.0
39.07 338.85
39.08 0.0
39.09 0.0
39.1 0.0
39.11 0.0
39.12 0.0
39.13 549.29
39.14 61.89
39.15 0.0
39.16 200.73
39.17 635.42
39.18 60.8
39.19 62.25
39.2 125.91
39.21 279.89
39.22 248.35
39.23 245.88
39.24 238.28
39.25 229.95
39.26 220.43
39.27 207.98
39.28 203.44
39.29 204.45
39.3 208.33
39.31 213.38
39.32 218.85
39.33 224.02
39.34 228.63
39.35 232.71
39.36 236.28
39.37 239.57
39.38 241.87
39.39 244.14
39.4 246.17
39.41 249.08
39.42 251.82
39.43 255.17
39.44 257.2
39.45 259.92
39.46 262.78
39.47 264.71
39.48 265.3
39.49 264.89
39.5 263.52
39.51 260.88
39.52 257.74
39.53 255.79
39.54 256.39
39.55 258.63
39.56 261.29
39.57 263.23
39.58 264.62
39.59 265.52
39.6 266.17
39.61 265.88
39.62 266.01
39.63 267.18
39.64 268.39
39.65 268.45
39.66 267.27
39.67 266.52
39.68 266.4
39.69 266.64
39.7 267.02
39.71 267.4
39.72 268.32
39.73 269.77
39.74 271.05
39.75 271.64
39.76 271.0
39.77 270.3
39.78 270.07
39.79 267.55
39.8 264.77
39.81 265.25
39.82 266.44
39.83 266.07
39.84 266.45
39.85 267.5
39.86 267.93
39.87 267.45
39.88 267.0
39.89 267.61
39.9 268.72
39.91 269.56
39.92 270.68
39.93 271.89
39.94 272.72
39.95 273.28
39.96 273.47
39.97 273.15
39.98 272.25
39.99 270.91
40.0 269.65
40.01 268.95
40.02 268.92
40.03 269.62
40.04 270.07
40.05 270.2
40.06 270.21
40.07 270.58
40.08 271.1
40.09 271.16
40.1 270.66
40.11 270.03
40.12 269.31
40.13 268.5
40.14 267.78
40.15 267.39
40.16 267.71
40.17 267.92
40.18 267.9
40.19 267.93
40.2 267.57
40.21 266.72
40.22 264.59
40.23 256.78
40.24 248.88
40.25 252.17
40.26 256.31
40.27 258.29
40.28 258.98
40.29 258.07
40.3 257.72
40.31 257.86
40.32 257.54
40.33 258.07
40.34 260.85
40.35 264.83
40.36 266.72
40.37 267.27
40.38 267.68
40.39 267.57
40.4 266.62
40.41 265.99
40.42 265.72
40.43 265.92
40.44 266.0
40.45 265.98
40.46 266.23
40.47 266.34
40.48 266.28
40.49 266.67
40.5 266.87
40.51 266.78
40.52 267.34
40.53 268.32
40.54 269.06
40.55 269.69
40.56 270.53
40.57 271.48
40.58 272.29
40.59 272.59
40.6 272.74
40.61 272.67
40.62 272.27
40.63 271.14
40.64 269.59
40.65 268.01
40.66 267.48
40.67 267.98
40.68 268.93
40.69 269.51
40.7 270.16
40.71 270.55
40.72 270.12
40.73 269.59
40.74 269.25
40.75 270.18
40.76 271.45
40.77 272.34
40.78 271.99
40.79 268.81
40.8 265.88
40.81 268.47
40.82 272.23
40.83 273.02
40.84 273.18
40.85 273.77
40.86 274.36
40.87 274.29
40.88 274.1
40.89 273.89
40.9 273.32
40.91 272.75
40.92 273.1
40.93 273.82
40.94 273.92
40.95 273.53
40.96 273.41
40.97 273.52
40.98 273.28
40.99 272.48
41.0 271.9
41.01 272.18
41.02 272.75
41.03 272.56
41.04 271.95
41.05 271.71
41.06 271.02
41.07 269.74
41.08 269.33
41.09 269.99
41.1 270.63
41.11 271.23
41.12 272.0
41.13 272.09
41.14 271.56
41.15 270.93
41.16 270.61
41.17 270.2
41.18 269.47
41.19 269.0
41.2 269.08
41.21 269.51
41.22 270.0
41.23 269.77
41.24 269.39
41.25 269.83
41.26 270.14
41.27 269.39
41.28 268.46
41.29 267.58
41.3 266.31
41.31 265.39
41.32 265.56
41.33 266.27
41.34 267.64
41.35 269.56
41.36 271.35
41.37 272.73
41.38 273.39
41.39 273.4
41.4 273.53
41.41 273.83
41.42 272.5
41.43 268.36
41.44 264.35
41.45 264.24
41.46 265.35
41.47 266.4
41.48 267.31
41.49 267.72
41.5 267.81
41.51 267.02
41.52 266.69
41.53 267.36
41.54 268.32
41.55 269.15
41.56 269.93
41.57 270.81
41.58 271.2
41.59 270.45
41.6 269.4
41.61 269.47
41.62 270.38
41.63 271.52
41.64 272.16
41.65 271.77
41.66 271.63
41.67 271.09
41.68 270.56
41.69 271.3
41.7 272.44
41.71 273.11
41.72 272.66
41.73 271.8
41.74 270.45
41.75 269.56
41.76 269.36
41.77 269.49
41.78 269.67
41.79 269.76
41.8 269.46
41.81 268.55
41.82 268.15
41.83 268.37
41.84 268.57
41.85 268.09
41.86 267.87
41.87 267.72
41.88 267.72
41.89 268.12
41.9 268.52
41.91 269.34
41.92 269.52
41.93 268.91
41.94 269.76
41.95 271.08
41.96 271.44
41.97 270.02
41.98 268.39
41.99 267.41
42.0 266.95
42.01 267.46
42.02 268.78
42.03 270.28
42.04 271.03
42.05 271.21
42.06 270.64
42.07 269.4
42.08 267.95
42.09 267.5
42.1 267.53
42.11 267.28
42.12 266.57
42.13 265.17
42.14 264.02
42.15 263.67
42.16 262.84
42.17 262.08
42.18 263.72
42.19 267.23
42.2 271.06
42.21 272.07
42.22 272.14
42.23 272.7
42.24 273.65
42.25 274.26
42.26 274.45
42.27 274.55
42.28 273.66
42.29 271.87
42.3 270.11
42.31 269.07
42.32 268.08
42.33 267.75
42.34 268.38
42.35 269.01
42.36 269.76
42.37 270.74
42.38 271.22
42.39 270.8
42.4 270.76
42.41 271.89
42.42 272.83
42.43 272.89
42.44 270.9
42.45 266.55
42.46 264.79
42.47 264.08
42.48 263.88
42.49 263.31
42.5 262.81
42.51 262.76
42.52 263.13
42.53 264.01
42.54 265.09
42.55 266.38
42.56 266.59
42.57 265.61
42.58 264.45
42.59 263.92
42.6 263.86
42.61 264.04
42.62 263.76
42.63 263.4
42.64 263.33
42.65 263.35
42.66 263.57
42.67 264.86
42.68 265.91
42.69 265.44
42.7 264.55
42.71 264.61
42.72 264.57
42.73 263.76
42.74 263.33
42.75 263.44
42.76 263.14
42.77 262.51
42.78 261.28
42.79 259.21
42.8 254.89
42.81 250.01
42.82 243.35
42.83 236.44
42.84 229.83
42.85 225.72
42.86 224.94
42.87 227.3
42.88 231.13
42.89 236.04
42.9 240.54
42.91 247.24
42.92 252.03
42.93 255.68
42.94 257.6
42.95 258.66
42.96 258.0
42.97 256.26
42.98 253.6
42.99 251.03
43.0 246.91
43.01 243.03
43.02 239.18
43.03 236.13
43.04 234.05
43.05 233.33
43.06 234.42
43.07 236.9
43.08 240.48
43.09 243.63
43.1 245.57
43.11 246.49
43.12 245.73
43.13 244.06
43.14 242.39
43.15 240.34
43.16 238.89
43.17 237.87
43.18 237.47
43.19 237.83
43.2 238.6
43.21 239.97
43.22 241.3
43.23 241.6
43.24 241.35
43.25 240.79
43.26 239.96
43.27 239.34
43.28 238.55
43.29 237.9
43.3 237.61
43.31 237.56
43.32 237.8
43.33 238.57
43.34 240.02
43.35 241.33
43.36 243.89
43.37 248.91
43.38 253.63
43.39 255.8
43.4 255.34
43.41 253.6
43.42 251.27
43.43 247.97
43.44 244.46
43.45 240.97
43.46 237.76
43.47 233.13
43.48 224.57
43.49 215.3
43.5 209.9
43.51 205.36
43.52 203.76
43.53 203.2
43.54 203.55
43.55 204.39
43.56 205.57
43.57 206.71
43.58 207.76
43.59 209.15
43.6 210.2
43.61 210.63
43.62 210.9
43.63 211.6
43.64 212.68
43.65 213.49
43.66 214.24
43.67 215.27
43.68 216.69
43.69 218.6
43.7 219.38
43.71 218.97
43.72 218.19
43.73 217.93
43.74 217.98
43.75 217.91
43.76 217.45
43.77 217.04
43.78 217.39
43.79 217.93
43.8 217.56
43.81 217.49
43.82 218.54
43.83 219.84
43.84 220.48
43.85 220.53
43.86 220.69
43.87 220.74
43.88 220.4
43.89 220.05
43.9 219.61
43.91 219.45
43.92 219.33
43.93 219.68
43.94 220.62
43.95 221.3
43.96 221.13
43.97 220.08
43.98 219.49
43.99 219.92
44.0 220.19
44.01 220.31
44.02 220.62
44.03 221.93
44.04 223.8
44.05 224.34
44.06 223.51
44.07 222.18
44.08 220.47
44.09 219.0
44.1 217.7
44.11 217.13
44.12 217.35
44.13 217.6
44.14 217.02
44.15 216.44
44.16 215.73
44.17 214.75
44.18 214.86
44.19 215.93
44.2 217.78
44.21 220.11
44.22 222.08
44.23 222.97
44.24 222.77
44.25 221.65
44.26 220.28
44.27 219.38
44.28 219.37
44.29 219.8
44.3 220.69
44.31 221.1
44.32 220.94
44.33 219.96
44.34 218.74
44.35 217.56
44.36 216.69
44.37 216.51
44.38 217.13
44.39 217.77
44.4 218.41
44.41 219.1
44.42 219.57
44.43 220.2
44.44 220.36
44.45 219.87
44.46 219.23
44.47 218.74
44.48 218.21
44.49 218.37
44.5 219.47
44.51 220.91
44.52 221.56
44.53 221.77
44.54 221.24
44.55 220.29
44.56 219.93
44.57 219.96
44.58 220.25
44.59 221.51
44.6 223.09
44.61 224.38
44.62 224.4
44.63 224.09
44.64 223.42
44.65 222.33
44.66 221.23
44.67 220.23
44.68 219.15
44.69 216.89
44.7 213.65
44.71 211.74
44.72 211.81
44.73 213.04
44.74 212.71
44.75 212.16
44.76 212.93
44.77 213.93
44.78 214.4
44.79 214.59
44.8 215.6
44.81 217.84
44.82 221.51
44.83 225.04
44.84 228.14
44.85 230.65
44.86 233.27
44.87 235.6
44.88 237.52
44.89 238.35
44.9 238.6
44.91 238.84
44.92 238.82
44.93 238.32
44.94 238.0
44.95 238.01
44.96 238.43
44.97 239.27
44.98 240.08
44.99 240.04
45.0 239.17
45.01 238.35
45.02 238.51
45.03 239.48
45.04 240.47
45.05 240.13
45.06 238.68
45.07 236.82
45.08 235.1
45.09 234.11
45.1 234.52
45.11 235.54
45.12 236.83
45.13 238.85
45.14 241.78
45.15 245.02
45.16 247.41
45.17 249.54
45.18 250.47
45.19 250.55
45.2 250.05
45.21 249.01
45.22 247.34
45.23 244.55
45.24 242.63
45.25 241.04
45.26 238.96
45.27 237.13
45.28 236.72
45.29 236.93
45.3 237.03
45.31 237.13
45.32 237.51
45.33 238.4
45.34 239.48
45.35 240.4
45.36 240.65
45.37 240.42
45.38 239.79
45.39 239.31
45.4 239.55
45.41 240.12
45.42 240.11
45.43 239.94
45.44 239.95
45.45 240.14
45.46 240.53
45.47 241.13
45.48 242.02
45.49 242.2
45.5 241.66
45.51 240.92
45.52 240.41
45.53 240.72
45.54 241.42
45.55 241.73
45.56 241.75
45.57 242.23
45.58 243.13
45.59 244.16
45.6 245.34
45.61 245.83
45.62 244.89
45.63 243.47
45.64 242.18
45.65 241.53
45.66 241.13
45.67 241.15
45.68 241.44
45.69 241.28
45.7 240.5
45.71 239.9
45.72 240.0
45.73 240.25
45.74 239.73
45.75 237.86
45.76 235.73
45.77 233.31
45.78 230.21
45.79 225.94
45.8 220.57
45.81 215.69
45.82 210.05
45.83 204.0
45.84 197.99
45.85 193.85
45.86 190.73
45.87 187.82
45.88 185.65
45.89 181.8
45.9 178.49
45.91 176.68
45.92 175.82
45.93 174.97
45.94 173.65
45.95 171.99
45.96 170.86
45.97 170.58
45.98 171.14
45.99 171.85
46.0 172.16
46.01 172.51
46.02 173.68
46.03 175.26
46.04 178.0
46.05 180.52
46.06 182.83
46.07 184.5
46.08 185.35
46.09 185.48
46.1 185.12
46.11 184.55
46.12 183.61
46.13 182.73
46.14 181.69
46.15 180.2
46.16 179.29
46.17 179.03
46.18 178.91
46.19 179.21
46.2 179.48
46.21 180.0
46.22 181.19
46.23 182.14
46.24 182.2
46.25 181.9
46.26 182.06
46.27 182.09
46.28 181.82
46.29 181.98
46.3 182.44
46.31 182.71
46.32 182.71
46.33 182.4
46.34 182.33
46.35 183.05
46.36 183.8
46.37 183.96
46.38 184.07
46.39 184.19
46.4 183.36
46.41 182.03
46.42 181.52
46.43 181.95
46.44 182.53
46.45 182.69
46.46 182.52
46.47 182.34
46.48 181.91
46.49 181.28
46.5 180.77
46.51 180.37
46.52 180.21
46.53 180.82
46.54 181.76
46.55 182.54
46.56 182.55
46.57 182.07
46.58 181.68
46.59 181.62
46.6 181.73
46.61 181.74
46.62 181.66
46.63 181.65
46.64 182.13
46.65 182.79
46.66 183.04
46.67 182.89
46.68 182.57
46.69 182.94
46.7 183.81
46.71 184.36
46.72 184.29
46.73 183.62
46.74 182.99
46.75 181.83
46.76 181.32
46.77 181.09
46.78 180.88
46.79 181.68
46.8 182.65
46.81 183.68
46.82 184.23
46.83 184.85
46.84 185.24
46.85 184.75
46.86 183.82
46.87 182.73
46.88 181.54
46.89 180.53
46.9 180.3
46.91 179.96
46.92 180.23
46.93 181.04
46.94 182.01
46.95 182.74
46.96 182.66
46.97 180.96
46.98 175.77
46.99 167.03
47.0 138.89
47.01 407.44
47.02 0.0
47.03 0.0
47.04 0.0
47.05 303.67
47.06 96.25
47.07 96.3
47.08 63.8
47.09 62.67
47.1 82.46
47.11 62.54
47.12 62.72
47.13 394.87
47.14 0.0
47.15 0.0
47.16 0.0
47.17 0.0
47.18 0.0
47.19 0.0
47.2 59.84
47.21 60.07
47.22 59.85
47.23 287.73
47.24 0.0
47.25 0.0
47.26 67.19
47.27 0.0
47.28 0.0
47.29 64.48
47.3 67.98
47.31 558.13
47.32 489.07
47.33 0.0
47.34 61.98
47.35 61.71
47.36 283.57
47.37 63.46
47.38 62.98
47.39 121.05
47.4 0.0
47.41 0.0
47.42 64.7
47.43 0.0
47.44 100.78
47.45 217.68
47.46 68.66
47.47 62.69
47.48 120.39
47.49 0.0
47.5 61.38
47.51 0.0
47.52 0.0
47.53 0.0
47.54 69.79
47.55 95.38
47.56 90.14
47.57 0.0
47.58 0.0
47.59 0.0
47.6 0.0
47.61 0.0
47.62 0.0
47.63 230.4
47.64 686.33
47.65 1555.55
47.66 62.52
47.67 1318.27
47.68 1662.11
47.69 61.05
47.7 62.03
47.71 62.28
47.72 62.61
47.73 62.95
47.74 1166.84
47.75 287.39
47.76 236.6
47.77 226.63
47.78 216.71
47.79 204.57
47.8 198.84
47.81 196.5
47.82 197.27
47.83 200.32
47.84 204.79
47.85 210.38
47.86 215.55
47.87 219.82
47.88 223.5
47.89 226.96
47.9 230.27
47.91 233.87
47.92 235.74
47.93 237.02
47.94 239.07
47.95 240.72
47.96 242.04
47.97 243.78
47.98 247.31
47.99 250.16
48.0 252.25
48.01 253.74
48.02 255.04
48.03 255.73
48.04 255.73
48.05 254.96
48.06 254.24
48.07 253.8
48.08 253.81
48.09 254.27
48.1 254.85
48.11 255.86
48.12 257.16
48.13 258.84
48.14 260.05
48.15 261.06
48.16 261.74
48.17 262.78
48.18 263.79
48.19 263.96
48.2 264.35
48.21 265.45
48.22 266.62
48.23 267.48
48.24 267.55
48.25 267.0
48.26 265.83
48.27 264.44
48.28 262.85
48.29 260.87
48.3 260.24
48.31 260.61
48.32 261.29
48.33 261.52
48.34 261.43
48.35 261.94
48.36 262.98
48.37 264.4
48.38 265.77
48.39 266.86
48.4 267.28
48.41 267.77
48.42 269.17
48.43 270.28
48.44 270.58
48.45 270.61
48.46 270.16
48.47 269.44
48.48 268.86
48.49 269.1
48.5 269.3
48.51 269.12
48.52 269.16
48.53 268.64
48.54 267.63
48.55 267.05
48.56 266.89
48.57 267.13
48.58 268.14
48.59 269.74
48.6 271.37
48.61 272.02
48.62 271.98
48.63 272.08
48.64 271.93
48.65 270.97
48.66 269.6
48.67 268.51
48.68 267.84
48.69 267.5
48.7 267.6
48.71 267.9
48.72 267.83
48.73 267.64
48.74 267.36
48.75 266.87
48.76 266.32
48.77 266.4
48.78 266.95
48.79 267.66
48.8 268.41
48.81 269.01
48.82 269.63
48.83 269.92
48.84 269.82
48.85 269.41
48.86 268.94
48.87 268.72
48.88 268.66
48.89 268.37
48.9 268.18
48.91 268.31
48.92 268.5
48.93 269.18
48.94 269.9
48.95 270.52
48.96 270.99
48.97 271.56
48.98 272.44
48.99 273.11
49.0 273.09
49.01 272.36
49.02 271.12
49.03 270.26
49.04 269.98
49.05 269.47
49.06 269.29
49.07 269.76
49.08 269.71
49.09 269.22
49.1 268.98
49.11 269.08
49.12 268.65
49.13 267.53
49.14 267.29
49.15 267.38
49.16 267.32
49.17 267.37
49.18 267.73
49.19 268.19
49.2 268.49
49.21 269.36
49.22 269.88
49.23 269.63
49.24 269.19
49.25 267.51
49.26 265.41
49.27 263.95
49.28 265.74
49.29 268.24
49.3 268.37
49.31 268.01
49.32 268.15
49.33 268.09
49.34 267.63
49.35 267.16
49.36 266.63
49.37 266.32
49.38 266.39
49.39 266.11
49.4 265.77
49.41 266.14
49.42 266.61
49.43 267.38
49.44 268.52
49.45 270.02
49.46 271.5
49.47 272.36
49.48 272.52
49.49 271.89
49.5 271.03
49.51 269.9
49.52 269.39
49.53 269.89
49.54 270.39
49.55 270.55
49.56 270.68
49.57 270.8
49.58 270.18
49.59 269.26
49.6 268.6
49.61 267.81
49.62 267.08
49.63 267.12
49.64 268.22
49.65 269.94
49.66 271.92
49.67 273.41
49.68 274.03
49.69 274.06
49.7 273.77
49.71 272.96
49.72 271.66
49.73 270.27
49.74 269.53
49.75 268.71
49.76 267.41
49.77 266.48
49.78 266.4
49.79 267.31
49.8 268.11
49.81 267.9
49.82 267.33
49.83 267.22
49.84 267.64
49.85 268.58
49.86 269.28
49.87 269.17
49.88 268.59
49.89 267.91
49.9 267.56
49.91 268.19
49.92 269.7
49.93 271.53
49.94 272.55
49.95 272.68
49.96 271.35
49.97 269.66
49.98 268.29
49.99 267.24
50.0 266.6
50.01 266.53
50.02 266.98
50.03 267.44
50.04 267.43
50.05 267.22
50.06 266.48
50.07 265.94
50.08 266.23
50.09 267.15
50.1 268.39
50.11 269.53
50.12 269.78
50.13 268.77
50.14 267.84
50.15 267.63
50.16 268.22
50.17 269.41
50.18 270.85
50.19 270.95
50.2 270.02
50.21 269.6
50.22 269.78
50.23 269.59
50.24 269.42
50.25 269.35
50.26 269.38
50.27 269.98
50.28 270.28
50.29 269.81
50.3 269.33
50.31 268.88
50.32 268.96
50.33 269.74
50.34 270.91
50.35 271.63
50.36 271.6
50.37 270.92
50.38 270.28
50.39 270.01
50.4 270.0
50.41 269.53
50.42 268.89
50.43 269.11
50.44 270.09
50.45 270.98
50.46 271.83
50.47 272.17
50.48 271.16
50.49 269.46
50.5 268.45
50.51 268.13
50.52 268.91
50.53 270.42
50.54 271.99
50.55 273.25
50.56 274.48
50.57 275.88
50.58 277.57
50.59 278.42
50.6 278.22
50.61 277.87
50.62 277.45
50.63 277.07
50.64 276.96
50.65 276.49
50.66 275.22
50.67 272.39
50.68 268.81
50.69 268.65
50.7 268.5
50.71 268.19
50.72 268.15
50.73 268.39
50.74 269.96
50.75 271.88
50.76 272.82
50.77 272.94
50.78 272.56
50.79 271.62
50.8 270.82
50.81 270.86
50.82 271.83
50.83 273.19
50.84 274.2
50.85 274.49
50.86 274.28
50.87 273.75
50.88 272.67
50.89 270.46
50.9 266.65
50.91 262.39
50.92 260.1
50.93 258.73
50.94 258.52
50.95 259.74
50.96 264.69
50.97 282.37
50.98 317.05
50.99 631.43
51.0 64.77
51.01 64.26
51.02 63.93
51.03 699.15
51.04 116.43
51.05 116.82
51.06 691.29
51.07 65.37
51.08 65.7
51.09 59.92
51.1 666.91
51.11 676.09
51.12 119.81
51.13 119.78
51.14 65.48
51.15 691.0
51.16 695.57
51.17 64.98
51.18 65.15
51.19 670.52
51.2 118.96
51.21 65.41
51.22 656.92
51.23 653.82
51.24 659.29
51.25 65.5
51.26 669.07
51.27 674.63
51.28 324.1
51.29 81.46
51.3 246.92
51.31 245.69
51.32 244.65
51.33 249.26
51.34 255.21
51.35 256.21
51.36 256.07
51.37 256.56
51.38 258.51
51.39 262.17
51.4 266.38
51.41 270.31
51.42 272.09
51.43 272.79
51.44 273.04
51.45 273.4
51.46 273.3
51.47 271.96
51.48 269.61
51.49 268.1
51.5 267.72
51.51 267.41
51.52 266.8
51.53 266.65
51.54 266.68
51.55 266.06
51.56 265.79
51.57 267.46
51.58 270.79
51.59 274.4
51.6 277.56
51.61 279.89
51.62 281.09
51.63 280.91
51.64 279.85
51.65 278.19
51.66 276.51
51.67 274.75
51.68 272.68
51.69 270.08
51.7 267.9
51.71 267.04
51.72 267.52
51.73 267.7
51.74 267.79
51.75 269.18
51.76 271.33
51.77 272.84
51.78 273.31
51.79 274.25
51.8 275.98
51.81 277.28
51.82 277.16
51.83 276.4
51.84 276.02
51.85 275.64
51.86 275.82
51.87 276.64
51.88 276.81
51.89 276.79
51.9 276.77
51.91 276.22
51.92 275.2
51.93 274.3
51.94 274.22
51.95 274.54
51.96 274.41
51.97 274.13
51.98 274.2
51.99 274.66
52.0 274.9
52.01 275.36
52.02 275.77
52.03 275.84
52.04 276.09
52.05 276.07
52.06 275.53
52.07 274.78
52.08 273.91
52.09 272.38
52.1 270.48
52.11 269.45
52.12 268.63
52.13 267.16
52.14 265.26
52.15 264.68
52.16 265.73
52.17 265.76
52.18 266.0
52.19 269.98
52.2 275.26
52.21 279.87
52.22 283.5
52.23 287.1
52.24 289.59
52.25 289.97
52.26 289.35
52.27 286.8
52.28 282.87
52.29 279.69
52.3 277.33
52.31 275.44
52.32 274.17
52.33 273.24
52.34 273.31
52.35 273.8
52.36 274.21
52.37 274.66
52.38 275.35
52.39 276.01
52.4 276.23
52.41 276.05
52.42 275.49
52.43 274.93
52.44 274.88
52.45 274.68
52.46 273.77
52.47 272.9
52.48 272.54
52.49 272.39
52.5 272.42
52.51 272.41
52.52 272.03
52.53 271.68
52.54 271.91
52.55 272.32
52.56 272.44
52.57 272.44
52.58 272.4
52.59 272.45
52.6 272.33
52.61 272.32
52.62 273.0
52.63 273.92
52.64 274.11
52.65 273.41
52.66 272.53
52.67 272.08
52.68 272.27
52.69 272.99
52.7 274.11
52.71 275.2
52.72 275.66
52.73 275.77
52.74 275.5
52.75 274.48
52.76 273.26
52.77 272.95
52.78 274.03
52.79 275.16
52.8 274.99
52.81 274.19
52.82 273.54
52.83 273.32
52.84 273.44
52.85 273.98
52.86 274.37
52.87 273.7
52.88 272.42
52.89 270.88
52.9 268.57
52.91 265.87
52.92 263.43
52.93 261.42
52.94 260.06
52.95 258.31
52.96 256.25
52.97 254.06
52.98 251.55
52.99 250.36
53.0 251.11
53.01 252.93
53.02 255.29
53.03 257.32
53.04 259.6
53.05 260.38
53.06 259.63
53.07 257.51
53.08 255.32
53.09 252.19
53.1 242.01
53.11 225.42
53.12 222.19
53.13 101.55
53.14 617.28
53.15 610.72
53.16 610.29
53.17 614.68
53.18 60.18
53.19 59.86
53.2 66.39
53.21 61.99
53.22 62.36
53.23 61.72
53.24 61.96
53.25 60.51
53.26 60.74
53.27 60.84
53.28 61.05
53.29 62.75
53.3 63.89
53.31 0.0
53.32 0.0
53.33 0.0
53.34 0.0
53.35 0.0
53.36 0.0
53.37 0.0
53.38 113.05
53.39 0.0
53.4 199.74
53.41 471.12
53.42 0.0
53.43 138.94
53.44 65.39
53.45 60.18
53.46 454.83
53.47 55.11
53.48 0.0
53.49 0.0
53.5 0.0
53.51 0.0
53.52 0.0
53.53 0.0
53.54 126.24
53.55 0.0
53.56 0.0
53.57 0.0
53.58 0.0
53.59 0.0
53.6 0.0
53.61 0.0
53.62 0.0
53.63 0.0
53.64 0.0
53.65 0.0
53.66 0.0
53.67 0.0
53.68 99.0
53.69 194.5
53.7 145.66
53.71 0.0
53.72 321.98
53.73 277.89
53.74 268.68
53.75 259.08
53.76 249.86
53.77 240.5
53.78 237.3
53.79 238.1
53.8 241.57
53.81 246.92
53.82 253.19
53.83 259.91
53.84 266.02
53.85 271.19
53.86 274.78
53.87 277.05
53.88 278.17
53.89 278.59
53.9 278.2
53.91 277.56
53.92 277.54
53.93 278.42
53.94 280.27
53.95 283.79
53.96 285.96
53.97 285.75
53.98 285.61
53.99 286.3
54.0 288.1
54.01 290.57
54.02 293.68
54.03 296.42
54.04 297.03
54.05 296.74
54.06 297.81
54.07 298.72
54.08 297.91
54.09 296.31
54.1 294.49
54.11 292.44
54.12 290.91
54.13 290.48
54.14 290.66
54.15 290.59
54.16 290.5
54.17 291.13
54.18 291.87
54.19 291.71
54.2 290.71
54.21 289.99
54.22 290.53
54.23 292.2
54.24 292.84
54.25 291.99
54.26 290.93
54.27 290.79
54.28 291.31
54.29 291.64
54.3 292.27
54.31 292.64
54.32 291.58
54.33 290.1
54.34 289.08
54.35 288.86
54.36 289.45
54.37 290.41
54.38 290.65
54.39 290.16
54.4 289.79
54.41 289.64
54.42 289.72
54.43 291.25
54.44 293.41
54.45 294.67
54.46 295.07
54.47 294.83
54.48 294.22
54.49 293.65
54.5 293.15
54.51 292.96
54.52 292.81
54.53 292.66
54.54 293.09
54.55 294.28
54.56 295.2
54.57 294.46
54.58 292.84
54.59 291.58
54.6 290.55
54.61 289.64
54.62 288.97
54.63 288.46
54.64 288.62
54.65 289.16
54.66 289.61
54.67 289.83
54.68 289.33
54.69 288.55
54.7 287.81
54.71 287.45
54.72 288.0
54.73 289.16
54.74 289.41
54.75 288.92
54.76 288.46
54.77 288.1
54.78 288.55
54.79 289.67
54.8 290.28
54.81 289.6
54.82 287.96
54.83 286.01
54.84 284.05
54.85 283.19
54.86 283.0
54.87 282.65
54.88 282.19
54.89 282.5
54.9 283.11
54.91 283.82
54.92 285.44
54.93 288.33
54.94 292.0
54.95 294.4
54.96 295.41
54.97 295.77
54.98 295.27
54.99 294.51
55.0 294.03
55.01 293.86
55.02 293.61
55.03 293.66
55.04 294.4
55.05 295.01
55.06 294.7
55.07 294.75
55.08 296.02
55.09 297.22
55.1 297.73
55.11 297.72
55.12 297.52
55.13 296.94
55.14 295.39
55.15 292.54
55.16 289.11
55.17 284.76
55.18 279.3
55.19 272.49
55.2 266.23
55.21 260.48
55.22 254.53
55.23 249.56
55.24 249.16
55.25 251.63
55.26 256.14
55.27 260.04
55.28 264.55
55.29 267.4
55.3 269.12
55.31 269.31
55.32 269.23
55.33 269.4
55.34 269.55
55.35 269.29
55.36 268.44
55.37 267.27
55.38 265.51
55.39 264.31
55.4 264.45
55.41 265.88
55.42 266.98
55.43 267.66
55.44 268.17
55.45 268.73
55.46 268.88
55.47 268.5
55.48 267.93
55.49 267.55
55.5 268.75
55.51 270.41
55.52 271.29
55.53 271.93
55.54 272.46
55.55 272.53
55.56 272.58
55.57 272.93
55.58 273.6
55.59 274.15
55.6 274.21
55.61 273.92
55.62 273.75
55.63 273.98
55.64 274.07
55.65 274.04
55.66 274.18
55.67 274.21
55.68 273.61
55.69 273.18
55.7 273.61
55.71 274.36
55.72 274.48
55.73 273.82
55.74 272.73
55.75 271.43
55.76 270.33
55.77 269.57
55.78 269.66
55.79 269.74
55.8 269.08
55.81 268.07
55.82 266.31
55.83 263.91
55.84 260.14
55.85 255.33
55.86 249.94
55.87 243.35
55.88 237.74
55.89 234.56
55.9 234.41
55.91 235.95
55.92 238.38
55.93 243.28
55.94 248.84
55.95 254.25
55.96 258.57
55.97 262.41
55.98 264.44
55.99 265.42
56.0 265.15
56.01 263.18
56.02 259.78
56.03 256.87
56.04 254.02
56.05 251.14
56.06 249.69
56.07 249.48
56.08 250.71
56.09 252.61
56.1 253.02
56.11 250.98
56.12 247.95
56.13 243.48
56.14 239.69
56.15 233.6
56.16 225.54
56.17 215.94
56.18 205.32
56.19 193.8
56.2 185.52
56.21 182.31
56.22 182.02
56.23 182.51
56.24 184.23
56.25 185.89
56.26 187.29
56.27 188.67
56.28 190.72
56.29 193.58
56.3 195.73
56.31 197.37
56.32 198.37
56.33 198.33
56.34 197.59
56.35 196.85
56.36 197.32
56.37 197.95
56.38 198.46
56.39 198.74
56.4 198.41
56.41 198.32
56.42 198.27
56.43 197.6
56.44 196.44
56.45 195.79
56.46 196.59
56.47 197.54
56.48 198.14
56.49 198.97
56.5 199.76
56.51 200.97
56.52 202.48
56.53 204.68
56.54 207.94
56.55 211.47
56.56 214.26
56.57 215.91
56.58 215.63
56.59 213.2
56.6 209.56
56.61 205.61
56.62 203.0
56.63 203.37
56.64 206.45
56.65 210.79
56.66 216.26
56.67 223.3
56.68 228.24
56.69 229.45
56.7 226.62
56.71 222.23
56.72 218.93
56.73 213.73
56.74 210.25
56.75 209.21
56.76 209.01
56.77 209.81
56.78 211.44
56.79 212.91
56.8 213.58
56.81 214.07
56.82 213.9
56.83 213.88
56.84 214.0
56.85 213.52
56.86 212.91
56.87 212.24
56.88 211.59
56.89 211.1
56.9 211.01
56.91 211.39
56.92 213.07
56.93 215.59
56.94 216.53
56.95 216.63
56.96 217.73
56.97 219.06
56.98 218.45
56.99 216.94
57.0 215.62
57.01 214.33
57.02 213.78
57.03 214.03
57.04 213.76
57.05 213.12
57.06 213.02
57.07 213.54
57.08 214.69
57.09 216.26
57.1 216.97
57.11 216.57
57.12 216.71
57.13 217.84
57.14 218.65
57.15 218.91
57.16 219.49
57.17 219.52
57.18 218.72
57.19 217.19
57.2 216.32
57.21 216.1
57.22 216.55
57.23 217.7
57.24 218.34
57.25 219.21
57.26 220.56
57.27 221.44
57.28 221.25
57.29 220.54
57.3 219.82
57.31 219.22
57.32 218.85
57.33 218.68
57.34 218.73
57.35 218.9
57.36 218.92
57.37 219.23
57.38 219.93
57.39 220.31
57.4 220.36
57.41 220.03
57.42 219.86
57.43 219.1
57.44 218.27
57.45 217.93
57.46 217.29
57.47 217.41
57.48 217.62
57.49 217.2
57.5 217.67
57.51 218.53
57.52 218.66
57.53 218.16
57.54 217.21
57.55 216.43
57.56 216.08
57.57 216.62
57.58 217.27
57.59 216.58
57.6 215.92
57.61 215.81
57.62 216.38
57.63 217.52
57.64 219.08
57.65 219.59
57.66 219.09
57.67 218.55
57.68 217.77
57.69 217.5
57.7 217.84
57.71 218.22
57.72 218.5
57.73 217.85
57.74 217.27
57.75 217.16
57.76 216.63
57.77 216.03
57.78 214.72
57.79 211.83
57.8 206.57
57.81 196.19
57.82 178.86
57.83 120.84
57.84 59.94
57.85 59.97
57.86 232.76
57.87 55.58
57.88 68.61
57.89 720.05
57.9 601.04
57.91 90.9
57.92 364.81
57.93 157.77
57.94 69.5
57.95 61.26
57.96 60.4
57.97 60.1
57.98 92.9
57.99 111.62
58.0 0.0
58.01 0.0
58.02 0.0
58.03 0.0
58.04 66.03
58.05 0.0
58.06 0.0
58.07 0.0
58.08 0.0
58.09 0.0
58.1 0.0
58.11 21.32
58.12 0.0
58.13 0.0
58.14 0.0
58.15 0.0
58.16 0.0
58.17 0.0
58.18 0.0
58.19 0.0
58.2 0.0
58.21 0.0
58.22 0.0
58.23 0.0
58.24 0.0
58.25 0.0
58.26 0.0
58.27 65.1
58.28 0.0
58.29 269.44
58.3 249.84
58.31 234.32
58.32 221.8
58.33 212.99
58.34 208.03
58.35 204.09
58.36 201.64
58.37 199.18
58.38 196.83
58.39 195.36
58.4 194.3
58.41 193.87
58.42 193.05
58.43 192.81
58.44 194.61
58.45 197.19
58.46 200.11
58.47 202.05
58.48 203.43
58.49 205.85
58.5 210.33
58.51 214.5
58.52 216.74
58.53 220.83
58.54 225.03
58.55 228.6
58.56 232.07
58.57 235.18
58.58 238.04
58.59 240.46
58.6 241.89
58.61 242.51
58.62 243.01
58.63 243.24
58.64 242.96
58.65 243.34
58.66 245.18
58.67 247.85
58.68 251.0
58.69 253.93
58.7 255.95
58.71 257.5
58.72 259.51
58.73 260.81
58.74 261.68
58.75 261.94
58.76 261.45
58.77 260.63
58.78 259.45
58.79 258.21
58.8 258.22
58.81 259.34
58.82 261.44
58.83 263.1
58.84 264.42
58.85 265.82
58.86 267.5
58.87 269.26
58.88 269.69
58.89 269.22
58.9 268.94
58.91 269.25
58.92 269.94
58.93 271.03
58.94 271.79
58.95 272.82
58.96 273.54
58.97 272.6
58.98 270.92
58.99 269.47
59.0 268.56
59.01 268.16
59.02 268.39
59.03 269.95
59.04 272.27
59.05 274.82
59.06 276.32
59.07 276.62
59.08 276.46
59.09 276.28
59.1 276.39
59.11 277.06
59.12 276.9
59.13 275.3
59.14 273.09
59.15 270.48
59.16 267.9
59.17 265.65
59.18 263.38
59.19 260.04
59.2 255.55
59.21 249.15
59.22 244.97
59.23 240.83
59.24 237.76
59.25 235.26
59.26 233.81
59.27 234.22
59.28 235.96
59.29 238.23
59.3 240.84
59.31 242.81
59.32 243.29
59.33 242.89
59.34 242.07
59.35 241.2
59.36 240.56
59.37 240.91
59.38 242.08
59.39 242.64
59.4 243.13
59.41 243.74
59.42 243.98
59.43 244.53
59.44 245.01
59.45 244.49
59.46 244.03
59.47 243.92
59.48 244.26
59.49 244.24
59.5 244.21
59.51 244.21
59.52 243.41
59.53 242.3
59.54 241.6
59.55 241.67
59.56 242.58
59.57 244.17
59.58 245.16
59.59 245.81
59.6 246.28
59.61 246.93
59.62 247.58
59.63 248.32
59.64 248.54
59.65 248.45
59.66 248.29
59.67 247.73
59.68 247.02
59.69 246.78
59.7 246.88
59.71 246.89
59.72 246.45
59.73 246.08
59.74 245.34
59.75 244.95
59.76 245.41
59.77 245.54
59.78 244.87
59.79 244.58
59.8 244.85
59.81 245.7
59.82 246.41
59.83 246.58
59.84 246.93
59.85 247.06
59.86 246.45
59.87 245.47
59.88 244.44
59.89 243.16
59.9 242.7
59.91 242.82
59.92 243.27
59.93 243.48
59.94 242.84
59.95 241.95
59.96 239.97
59.97 237.32
59.98 233.87
59.99 229.65
60.0 225.67
60.01 222.32
60.02 219.45
60.03 216.03
60.04 212.63
60.05 209.13
60.06 206.21
60.07 203.48
60.08 200.47
60.09 197.11
60.1 193.14
60.11 189.49
60.12 186.99
60.13 184.27
60.14 182.02
60.15 180.37
60.16 179.43
60.17 179.29
60.18 179.34
60.19 178.54
60.2 177.31
60.21 176.5
60.22 176.62
60.23 178.08
60.24 179.13
60.25 179.16
60.26 178.79
60.27 178.08
60.28 177.71
60.29 177.22
60.3 176.58
60.31 175.81
60.32 176.08
60.33 177.37
60.34 178.77
60.35 179.79
60.36 181.07
60.37 181.82
60.38 182.09
60.39 182.6
60.4 183.14
60.41 183.76
60.42 184.6
60.43 185.02
60.44 184.6
60.45 183.44
60.46 182.28
60.47 181.5
60.48 180.94
60.49 181.29
60.5 181.97
60.51 182.83
60.52 183.91
60.53 184.22
60.54 184.72
60.55 185.62
60.56 185.84
60.57 185.5
60.58 184.67
60.59 183.9
60.6 183.72
60.61 183.28
60.62 182.58
60.63 181.71
60.64 181.12
60.65 181.31
60.66 182.13
60.67 183.42
60.68 184.27
60.69 185.24
60.7 186.5
60.71 186.83
60.72 186.7
60.73 186.03
60.74 184.82
60.75 184.13
60.76 183.65
60.77 183.18
60.78 183.31
60.79 183.7
60.8 184.24
60.81 184.26
60.82 184.01
60.83 183.53
60.84 183.51
60.85 183.88
60.86 183.78
60.87 183.85
60.88 183.87
60.89 184.03
60.9 184.13
60.91 183.17
60.92 181.71
60.93 180.95
60.94 181.01
60.95 181.37
60.96 181.38
60.97 181.24
60.98 181.22
60.99 181.7
61.0 182.31
61.01 181.72
61.02 180.82
61.03 180.44
61.04 180.85
61.05 180.69
61.06 179.39
61.07 178.06
61.08 177.17
61.09 177.12
61.1 177.79
61.11 178.68
61.12 179.65
61.13 180.89
61.14 181.54
61.15 181.79
61.16 181.96
61.17 181.76
61.18 181.54
61.19 181.46
61.2 180.74
61.21 179.58
61.22 178.65
61.23 178.57
61.24 179.2
61.25 179.67
61.26 180.35
61.27 181.8
61.28 182.51
61.29 182.33
61.3 181.86
61.31 181.5
61.32 181.17
61.33 181.2
61.34 181.18
61.35 180.55
61.36 180.59
61.37 181.12
61.38 181.63
61.39 182.06
61.4 181.76
61.41 181.53
61.42 182.95
61.43 184.7
61.44 185.53
61.45 185.72
61.46 185.55
61.47 185.18
61.48 184.46
61.49 183.42
61.5 182.34
61.51 181.81
61.52 182.33
61.53 183.73
61.54 185.17
61.55 185.6
61.56 184.9
61.57 184.34
61.58 184.15
61.59 183.31
61.6 182.52
61.61 182.09
61.62 182.32
61.63 183.02
61.64 183.79
61.65 183.99
61.66 184.4
61.67 185.59
61.68 186.42
61.69 186.23
61.7 185.47
61.71 184.01
61.72 182.6
61.73 180.71
61.74 178.14
61.75 175.67
61.76 172.33
61.77 169.34
61.78 166.55
61.79 164.82
61.8 163.71
61.81 161.74
61.82 158.62
61.83 154.87
61.84 150.06
61.85 147.17
61.86 147.12
61.87 137.17
61.88 60.31
61.89 61.28
61.9 69.76
61.91 0.0
61.92 0.0
61.93 0.0
61.94 0.0
61.95 0.0
61.96 108.59
61.97 118.06
61.98 0.0
61.99 0.0
62.0 0.0
62.01 69.02
62.02 0.0
62.03 0.0
62.04 0.0
62.05 0.0
62.06 0.0
62.07 0.0
62.08 0.0
62.09 0.0
62.1 115.44
62.11 0.0
62.12 0.0
62.13 0.0
62.14 0.0
62.15 0.0
62.16 0.0
62.17 0.0
62.18 0.0
62.19 0.0
62.2 0.0
62.21 0.0
62.22 0.0
62.23 0.0
62.24 0.0
62.25 0.0
62.26 0.0
62.27 0.0
62.28 0.0
62.29 0.0
62.3 0.0
62.31 0.0
62.32 0.0
62.33 0.0
62.34 0.0
62.35 0.0
62.36 0.0
62.37 0.0
62.38 0.0
62.39 0.0
62.4 0.0
62.41 -1.0961052540283593e+233
62.42 0.0
62.43 0.0
62.44 5.819481496208382e+79
62.45 0.0
