0.0 0.0
0.01 0.0
0.02 0.0
0.03 0.0
0.04 0.0
0.05 0.0
0.06 0.0
0.07 0.0
0.08 0.0
0.09 0.0
0.1 0.0
0.11 0.0
0.12 0.0
0.13 0.0
0.14 0.0
0.15 0.0
0.16 0.0
0.17 0.0
0.18 0.0
0.19 0.0
0.2 0.0
0.21 0.0
0.22 0.0
0.23 0.0
0.24 0.0
0.25 0.0
0.26 0.0
0.27 0.0
0.28 0.0
0.29 0.0
0.3 0.0
0.31 0.0
0.32 0.0
0.33 0.0
0.34 0.0
0.35 0.0
0.36 0.0
0.37 0.0
0.38 0.0
0.39 0.0
0.4 0.0
0.41 0.0
0.42 0.0
0.43 124.52
0.44 121.31
0.45 123.04
0.46 131.95
0.47 144.27
0.48 151.43
0.49 167.15
0.5 179.64
0.51 101.46
0.52 103.78
0.53 106.09
0.54 214.9
0.55 223.21
0.56 114.59
0.57 231.43
0.58 236.48
0.59 241.79
0.6 242.67
0.61 243.55
0.62 245.55
0.63 248.93
0.64 253.72
0.65 255.4
0.66 255.45
0.67 257.28
0.68 258.76
0.69 258.3
0.7 258.85
0.71 260.18
0.72 261.57
0.73 262.27
0.74 262.82
0.75 262.76
0.76 262.97
0.77 263.29
0.78 263.77
0.79 264.83
0.8 265.3
0.81 265.16
0.82 264.97
0.83 264.88
0.84 264.68
0.85 264.18
0.86 263.84
0.87 263.54
0.88 263.22
0.89 263.05
0.9 263.41
0.91 264.3
0.92 265.1
0.93 265.94
0.94 266.59
0.95 267.31
0.96 268.02
0.97 267.65
0.98 267.41
0.99 267.19
1.0 266.57
1.01 265.57
1.02 264.22
1.03 263.76
1.04 263.77
1.05 263.89
1.06 264.51
1.07 265.38
1.08 265.9
1.09 266.5
1.1 266.86
1.11 267.08
1.12 267.96
1.13 268.83
1.14 269.22
1.15 268.75
1.16 267.93
1.17 267.75
1.18 267.15
1.19 266.4
1.2 266.33
1.21 266.09
1.22 265.65
1.23 266.21
1.24 266.95
1.25 267.2
1.26 267.7
1.27 268.52
1.28 268.88
1.29 268.96
1.3 268.63
1.31 268.14
1.32 267.81
1.33 267.42
1.34 267.12
1.35 266.72
1.36 266.73
1.37 267.03
1.38 267.24
1.39 267.31
1.4 267.54
1.41 267.9
1.42 268.05
1.43 267.87
1.44 266.97
1.45 266.62
1.46 266.82
1.47 267.11
1.48 267.16
1.49 266.87
1.5 267.29
1.51 267.69
1.52 268.11
1.53 268.3
1.54 268.28
1.55 269.01
1.56 269.54
1.57 269.23
1.58 268.73
1.59 267.14
1.6 265.67
1.61 264.46
1.62 262.57
1.63 260.46
1.64 256.29
1.65 245.9
1.66 240.77
1.67 245.88
1.68 252.4
1.69 252.06
1.7 248.2
1.71 252.57
1.72 267.15
1.73 272.38
1.74 272.68
1.75 270.72
1.76 267.8
1.77 261.66
1.78 250.39
1.79 245.38
1.8 238.83
1.81 236.18
1.82 236.68
1.83 236.71
1.84 240.53
1.85 242.54
1.86 242.27
1.87 242.46
1.88 244.08
1.89 244.23
1.9 243.13
1.91 241.79
1.92 240.22
1.93 238.84
1.94 238.16
1.95 237.99
1.96 238.08
1.97 238.24
1.98 238.61
1.99 238.92
2.0 239.45
2.01 240.66
2.02 241.89
2.03 242.85
2.04 242.86
2.05 242.34
2.06 240.32
2.07 239.41
2.08 240.47
2.09 238.66
2.1 235.87
2.11 232.38
2.12 228.64
2.13 226.76
2.14 224.99
2.15 224.04
2.16 224.31
2.17 224.71
2.18 224.54
2.19 224.66
2.2 225.01
2.21 225.42
2.22 225.77
2.23 225.54
2.24 225.41
2.25 224.88
2.26 223.85
2.27 223.43
2.28 223.41
2.29 222.9
2.3 222.32
2.31 221.82
2.32 221.21
2.33 220.78
2.34 217.47
2.35 213.03
2.36 214.28
2.37 217.71
2.38 219.32
2.39 219.08
2.4 219.27
2.41 219.85
2.42 220.32
2.43 219.99
2.44 219.4
2.45 219.06
2.46 219.25
2.47 219.53
2.48 218.9
2.49 218.32
2.5 217.54
2.51 215.82
2.52 213.14
2.53 204.42
2.54 196.03
2.55 199.48
2.56 197.95
2.57 190.85
2.58 194.63
2.59 206.59
2.6 210.18
2.61 208.03
2.62 205.27
2.63 201.22
2.64 198.15
2.65 197.2
2.66 196.15
2.67 195.85
2.68 196.87
2.69 198.09
2.7 198.3
2.71 198.05
2.72 197.88
2.73 197.75
2.74 197.93
2.75 198.12
2.76 198.04
2.77 198.47
2.78 199.35
2.79 199.8
2.8 199.98
2.81 200.36
2.82 200.57
2.83 200.05
2.84 199.37
2.85 198.95
2.86 198.47
2.87 198.23
2.88 198.19
2.89 197.64
2.9 196.88
2.91 196.46
2.92 195.87
2.93 195.85
2.94 196.9
2.95 198.12
2.96 199.34
2.97 199.85
2.98 200.51
2.99 201.36
3.0 201.07
3.01 200.3
3.02 199.87
3.03 198.98
3.04 197.22
3.05 195.98
3.06 195.47
3.07 194.77
3.08 193.28
3.09 192.45
3.1 194.82
3.11 198.76
3.12 201.06
3.13 200.12
3.14 200.37
3.15 202.02
3.16 201.38
3.17 200.48
3.18 200.29
3.19 200.11
3.2 200.4
3.21 201.11
3.22 202.91
3.23 206.27
3.24 210.18
3.25 214.31
3.26 219.78
3.27 225.27
3.28 230.92
3.29 235.5
3.3 235.2
3.31 234.33
3.32 237.33
3.33 236.49
3.34 233.52
3.35 232.88
3.36 235.27
3.37 236.8
3.38 237.21
3.39 239.71
3.4 241.05
3.41 240.95
3.42 241.9
3.43 243.45
3.44 244.66
3.45 245.25
3.46 245.3
3.47 245.07
3.48 244.18
3.49 243.37
3.5 242.73
3.51 241.92
3.52 241.05
3.53 240.59
3.54 240.49
3.55 240.18
3.56 240.11
3.57 240.7
3.58 241.17
3.59 242.32
3.6 243.9
3.61 244.17
3.62 244.04
3.63 244.77
3.64 244.63
3.65 244.6
3.66 243.77
3.67 243.27
3.68 243.31
3.69 242.64
3.7 242.19
3.71 241.59
3.72 242.1
3.73 242.68
3.74 241.93
3.75 241.31
3.76 241.1
3.77 241.0
3.78 240.64
3.79 240.77
3.8 241.52
3.81 241.25
3.82 241.32
3.83 241.8
3.84 242.5
3.85 243.71
3.86 243.98
3.87 244.08
3.88 244.7
3.89 244.14
3.9 242.61
3.91 242.07
3.92 241.36
3.93 241.36
3.94 241.88
3.95 242.31
3.96 241.64
3.97 240.92
3.98 240.68
3.99 240.44
4.0 240.42
4.01 240.19
4.02 240.19
4.03 240.57
4.04 241.25
4.05 241.76
4.06 241.51
4.07 240.86
4.08 241.42
4.09 241.32
4.1 240.72
4.11 241.14
4.12 240.66
4.13 240.1
4.14 239.65
4.15 239.96
4.16 240.31
4.17 240.68
4.18 241.2
4.19 241.78
4.2 242.98
4.21 243.39
4.22 244.88
4.23 245.45
4.24 244.89
4.25 244.97
4.26 244.21
4.27 244.15
4.28 243.76
4.29 243.23
4.3 243.42
4.31 243.26
4.32 242.79
4.33 241.94
4.34 241.46
4.35 241.13
4.36 241.28
4.37 241.93
4.38 242.46
4.39 242.75
4.4 243.16
4.41 243.68
4.42 244.21
4.43 244.43
4.44 243.66
4.45 242.72
4.46 242.35
4.47 242.4
4.48 242.5
4.49 242.46
4.5 242.21
4.51 242.04
4.52 241.74
4.53 241.59
4.54 242.96
4.55 243.23
4.56 242.61
4.57 243.25
4.58 243.64
4.59 243.68
4.6 243.2
4.61 242.87
4.62 242.57
4.63 242.35
4.64 242.07
4.65 241.55
4.66 241.03
4.67 235.97
4.68 234.06
4.69 232.74
4.7 228.71
4.71 224.17
4.72 217.96
4.73 211.26
4.74 206.97
4.75 211.19
4.76 220.26
4.77 75.92
4.78 229.98
4.79 226.3
4.8 223.93
4.81 223.85
4.82 226.14
4.83 0.0
4.84 0.0
4.85 225.6
4.86 219.85
4.87 221.34
4.88 0.0
4.89 0.0
4.9 0.0
4.91 0.0
4.92 0.0
4.93 0.0
4.94 0.0
4.95 0.0
4.96 0.0
4.97 0.0
4.98 0.0
4.99 243.47
5.0 241.02
5.01 240.61
5.02 239.89
5.03 234.62
5.04 234.22
5.05 235.55
5.06 236.52
5.07 238.1
5.08 238.89
5.09 238.05
5.1 237.77
5.11 238.02
5.12 238.15
5.13 238.94
5.14 240.21
5.15 240.73
5.16 240.73
5.17 240.41
5.18 239.75
5.19 239.0
5.2 238.64
5.21 238.02
5.22 236.67
5.23 236.11
5.24 235.9
5.25 235.97
5.26 236.03
5.27 235.91
5.28 234.73
5.29 233.36
5.3 234.41
5.31 235.05
5.32 238.16
5.33 123.23
5.34 123.33
5.35 251.13
5.36 246.84
5.37 246.98
5.38 239.29
5.39 228.98
5.4 236.75
5.41 227.16
5.42 213.84
5.43 201.08
5.44 202.54
5.45 201.41
5.46 197.84
5.47 198.05
5.48 199.37
5.49 197.98
5.5 200.1
5.51 201.89
5.52 202.03
5.53 205.78
5.54 209.72
5.55 215.08
5.56 220.09
5.57 223.36
5.58 225.39
5.59 227.9
5.6 231.96
5.61 233.51
5.62 234.46
5.63 237.1
5.64 238.73
5.65 239.35
5.66 240.55
5.67 241.11
5.68 242.05
5.69 244.76
5.7 247.43
5.71 250.4
5.72 254.36
5.73 256.49
5.74 256.12
5.75 256.41
5.76 255.6
5.77 256.03
5.78 258.23
5.79 260.81
5.8 264.76
5.81 266.98
5.82 265.82
5.83 263.41
5.84 260.95
5.85 259.57
5.86 259.75
5.87 261.32
5.88 263.89
5.89 265.48
5.9 267.12
5.91 267.6
5.92 266.85
5.93 264.69
5.94 263.5
5.95 264.13
5.96 267.39
5.97 268.67
5.98 268.75
5.99 268.43
6.0 265.68
6.01 263.83
6.02 262.08
6.03 261.76
6.04 261.29
6.05 262.74
6.06 264.33
6.07 265.18
6.08 266.01
6.09 264.85
6.1 264.58
6.11 264.73
6.12 265.71
6.13 266.17
6.14 265.91
6.15 265.54
6.16 264.29
6.17 263.84
6.18 263.95
6.19 266.19
6.2 267.79
6.21 268.57
6.22 268.18
6.23 266.91
6.24 265.66
6.25 266.73
6.26 267.56
6.27 268.33
6.28 270.3
6.29 270.07
6.3 268.62
6.31 267.17
6.32 267.39
6.33 268.2
6.34 269.55
6.35 270.03
6.36 270.04
6.37 270.02
6.38 269.09
6.39 268.19
6.4 266.81
6.41 265.92
6.42 265.88
6.43 265.57
6.44 266.38
6.45 266.42
6.46 266.06
6.47 266.45
6.48 266.22
6.49 265.24
6.5 266.01
6.51 267.45
6.52 268.29
6.53 268.01
6.54 267.34
6.55 266.07
6.56 265.14
6.57 263.77
6.58 262.59
6.59 263.05
6.6 263.13
6.61 264.16
6.62 265.35
6.63 266.53
6.64 266.47
6.65 265.77
6.66 264.79
6.67 263.81
6.68 263.7
6.69 265.29
6.7 266.84
6.71 268.89
6.72 270.96
6.73 271.2
6.74 270.26
6.75 268.19
6.76 266.0
6.77 264.91
6.78 264.76
6.79 264.79
6.8 264.66
6.81 264.27
6.82 264.65
6.83 264.58
6.84 265.24
6.85 266.0
6.86 266.66
6.87 266.57
6.88 266.34
6.89 265.49
6.9 264.83
6.91 265.16
6.92 266.68
6.93 269.52
6.94 271.22
6.95 271.6
6.96 270.66
6.97 268.75
6.98 265.89
6.99 263.9
7.0 264.56
7.01 265.78
7.02 266.74
7.03 267.16
7.04 267.1
7.05 266.64
7.06 265.85
7.07 264.67
7.08 264.61
7.09 264.94
7.1 265.31
7.11 266.68
7.12 267.96
7.13 268.73
7.14 267.31
7.15 265.52
7.16 264.09
7.17 263.19
7.18 263.56
7.19 264.24
7.2 264.67
7.21 265.4
7.22 265.62
7.23 265.73
7.24 265.52
7.25 264.74
7.26 264.21
7.27 263.9
7.28 264.57
7.29 264.09
7.3 263.08
7.31 264.4
7.32 261.59
7.33 260.28
7.34 258.25
7.35 256.4
7.36 256.94
7.37 254.95
7.38 256.24
7.39 258.93
7.4 260.79
7.41 264.86
7.42 265.47
7.43 263.45
7.44 265.84
7.45 267.04
7.46 265.81
7.47 266.58
7.48 265.93
7.49 265.0
7.5 264.45
7.51 265.69
7.52 265.62
7.53 264.92
7.54 267.4
7.55 268.89
7.56 270.94
7.57 270.09
7.58 267.21
7.59 266.24
7.6 265.42
7.61 264.58
7.62 264.44
7.63 264.47
7.64 263.69
7.65 262.57
7.66 262.89
7.67 263.18
7.68 262.82
7.69 264.11
7.7 266.57
7.71 266.67
7.72 265.34
7.73 265.32
7.74 265.76
7.75 265.09
7.76 266.06
7.77 267.49
7.78 266.03
7.79 265.76
7.8 266.37
7.81 264.18
7.82 261.95
7.83 262.01
7.84 263.67
7.85 264.01
7.86 263.39
7.87 264.72
7.88 266.03
7.89 264.78
7.9 265.37
7.91 267.56
7.92 267.08
7.93 266.37
7.94 267.09
7.95 265.91
7.96 263.78
7.97 264.71
7.98 266.19
7.99 264.43
8.0 263.42
8.01 264.71
8.02 264.07
8.03 263.81
8.04 267.08
8.05 266.68
8.06 268.06
8.07 265.46
8.08 262.92
8.09 264.73
8.1 262.17
8.11 261.56
8.12 262.53
8.13 263.13
8.14 262.61
8.15 261.89
8.16 262.01
8.17 262.51
8.18 264.06
8.19 263.58
8.2 263.92
8.21 266.26
8.22 266.56
8.23 266.79
8.24 266.99
8.25 267.41
8.26 268.78
8.27 269.26
8.28 269.91
8.29 270.17
8.3 268.52
8.31 266.92
8.32 265.61
8.33 264.65
8.34 264.33
8.35 264.09
8.36 264.1
8.37 264.53
8.38 265.43
8.39 265.42
8.4 265.62
8.41 265.86
8.42 266.58
8.43 266.8
8.44 266.66
8.45 266.76
8.46 266.78
8.47 266.77
8.48 265.95
8.49 265.86
8.5 264.53
8.51 263.12
8.52 264.8
8.53 263.25
8.54 263.44
8.55 266.39
8.56 264.4
8.57 265.4
8.58 267.24
8.59 265.93
8.6 266.26
8.61 264.96
8.62 262.84
8.63 263.48
8.64 264.54
8.65 264.59
8.66 266.46
8.67 266.77
8.68 266.26
8.69 267.75
8.7 266.92
8.71 266.36
8.72 266.77
8.73 264.17
8.74 265.97
8.75 263.64
8.76 263.09
8.77 67.03
8.78 66.94
8.79 89.76
8.8 261.81
8.81 264.84
8.82 267.93
8.83 267.04
8.84 268.5
8.85 267.14
8.86 264.55
8.87 264.09
8.88 263.01
8.89 260.2
8.9 259.66
8.91 258.8
8.92 258.38
8.93 258.54
8.94 64.75
8.95 64.96
8.96 129.98
8.97 261.19
8.98 263.45
8.99 264.44
9.0 265.38
9.01 266.64
9.02 267.55
9.03 267.34
9.04 267.64
9.05 267.6
9.06 265.96
9.07 266.22
9.08 265.63
9.09 264.73
9.1 264.39
9.11 262.6
9.12 261.65
9.13 261.96
9.14 262.45
9.15 265.53
9.16 266.44
9.17 266.74
9.18 268.41
9.19 268.66
9.2 269.78
9.21 270.15
9.22 268.78
9.23 267.85
9.24 266.31
9.25 265.99
9.26 265.84
9.27 265.26
9.28 266.56
9.29 266.58
9.3 266.36
9.31 266.4
9.32 265.54
9.33 265.24
9.34 264.85
9.35 264.12
9.36 263.88
9.37 263.63
9.38 262.84
9.39 262.29
9.4 262.8
9.41 262.63
9.42 262.67
9.43 263.51
9.44 263.88
9.45 264.77
9.46 264.58
9.47 263.22
9.48 263.26
9.49 263.51
9.5 263.71
9.51 264.83
9.52 265.01
9.53 264.6
9.54 264.76
9.55 263.65
9.56 263.08
9.57 264.06
9.58 265.46
9.59 265.48
9.6 266.44
9.61 268.28
9.62 268.94
9.63 269.01
9.64 267.99
9.65 266.44
9.66 265.8
9.67 265.36
9.68 265.5
9.69 266.48
9.7 267.74
9.71 268.69
9.72 268.87
9.73 267.15
9.74 265.61
9.75 265.69
9.76 265.47
9.77 265.08
9.78 266.36
9.79 266.54
9.8 266.51
9.81 267.05
9.82 266.57
9.83 267.0
9.84 267.6
9.85 267.64
9.86 268.42
9.87 268.08
9.88 266.19
9.89 265.6
9.9 265.82
9.91 265.7
9.92 263.96
9.93 263.51
9.94 264.54
9.95 263.25
9.96 260.51
9.97 260.54
9.98 261.39
9.99 260.67
10.0 262.58
10.01 266.65
10.02 267.54
10.03 270.09
10.04 273.29
10.05 273.27
10.06 273.43
10.07 273.06
10.08 272.0
10.09 272.63
10.1 271.71
10.11 271.21
10.12 269.47
10.13 268.96
10.14 269.99
10.15 267.86
10.16 268.88
10.17 268.48
10.18 268.34
10.19 269.72
10.2 269.63
10.21 269.31
10.22 269.53
10.23 271.11
10.24 269.52
10.25 269.35
10.26 272.57
10.27 274.9
10.28 278.04
10.29 279.85
10.3 279.52
10.31 279.53
10.32 277.59
10.33 273.07
10.34 270.94
10.35 271.03
10.36 270.8
10.37 269.13
10.38 267.16
10.39 265.5
10.4 265.66
10.41 266.21
10.42 264.82
10.43 265.4
10.44 266.0
10.45 266.57
10.46 267.74
10.47 267.84
10.48 268.9
10.49 269.18
10.5 268.14
10.51 266.77
10.52 264.48
10.53 262.67
10.54 262.16
10.55 260.03
10.56 257.72
10.57 256.68
10.58 255.78
10.59 257.39
10.6 260.77
10.61 262.93
10.62 265.44
10.63 265.46
10.64 259.53
10.65 253.68
10.66 252.01
10.67 247.65
10.68 247.67
10.69 253.56
10.7 261.25
10.71 136.22
10.72 278.28
10.73 285.88
10.74 288.7
10.75 287.31
10.76 280.56
10.77 276.15
10.78 271.71
10.79 265.64
10.8 263.78
10.81 263.38
10.82 263.96
10.83 266.81
10.84 264.53
10.85 263.42
10.86 260.75
10.87 256.69
10.88 256.35
10.89 257.37
10.9 257.66
10.91 258.37
10.92 259.72
10.93 259.53
10.94 256.63
10.95 253.34
10.96 250.74
10.97 243.43
10.98 237.62
10.99 236.88
11.0 239.17
11.01 242.0
11.02 245.21
11.03 250.97
11.04 257.01
11.05 261.45
11.06 265.14
11.07 266.21
11.08 267.42
11.09 264.57
11.1 262.66
11.11 259.28
11.12 255.74
11.13 253.64
11.14 248.17
11.15 249.4
11.16 250.22
11.17 253.52
11.18 255.59
11.19 256.02
11.2 258.51
11.21 257.17
11.22 253.89
11.23 252.71
11.24 250.65
11.25 244.04
11.26 245.97
11.27 245.68
11.28 244.26
11.29 248.15
11.3 247.45
11.31 246.01
11.32 247.74
11.33 248.11
11.34 245.34
11.35 242.81
11.36 241.07
11.37 239.38
11.38 233.42
11.39 228.99
11.4 227.27
11.41 228.62
11.42 232.75
11.43 233.95
11.44 234.75
11.45 239.66
11.46 246.25
11.47 256.26
11.48 242.19
11.49 228.09
11.5 111.93
11.51 224.97
11.52 225.34
11.53 226.56
11.54 226.11
11.55 223.12
11.56 221.96
11.57 222.79
11.58 220.85
11.59 221.17
11.6 218.92
11.61 214.8
11.62 215.51
11.63 212.0
11.64 71.11
11.65 106.73
11.66 217.73
11.67 218.18
11.68 211.96
11.69 212.28
11.7 69.15
11.71 68.26
11.72 67.27
11.73 200.09
11.74 188.05
11.75 182.96
11.76 180.66
11.77 238.2
11.78 103.21
11.79 66.27
11.8 192.27
11.81 187.73
11.82 187.08
11.83 188.03
11.84 190.3
11.85 191.78
11.86 193.47
11.87 198.41
11.88 203.91
11.89 207.29
11.9 209.68
11.91 211.33
11.92 210.01
11.93 210.16
11.94 210.72
11.95 209.52
11.96 209.13
11.97 209.18
11.98 209.15
11.99 208.52
12.0 206.75
12.01 206.81
12.02 208.27
12.03 209.6
12.04 211.74
12.05 214.21
12.06 217.49
12.07 220.06
12.08 221.32
12.09 221.96
12.1 222.29
12.11 222.26
12.12 221.99
12.13 222.23
12.14 222.31
12.15 222.08
12.16 221.17
12.17 220.44
12.18 219.43
12.19 217.37
12.2 217.51
12.21 218.52
12.22 218.43
12.23 219.07
12.24 220.84
12.25 221.56
12.26 222.15
12.27 221.56
12.28 221.22
12.29 222.65
12.3 223.7
12.31 223.76
12.32 222.13
12.33 220.74
12.34 219.6
12.35 217.78
12.36 215.91
12.37 215.76
12.38 216.46
12.39 217.38
12.4 220.5
12.41 222.13
12.42 224.03
12.43 225.95
12.44 226.47
12.45 225.99
12.46 225.46
12.47 224.48
12.48 223.02
12.49 222.91
12.5 223.09
12.51 223.62
12.52 111.19
12.53 222.5
12.54 110.83
12.55 220.1
12.56 218.73
12.57 218.79
12.58 218.35
12.59 218.1
12.6 217.87
12.61 218.09
12.62 220.82
12.63 224.27
12.64 226.16
12.65 226.63
12.66 227.13
12.67 226.18
12.68 224.92
12.69 224.27
12.7 223.32
12.71 222.47
12.72 220.5
12.73 220.31
12.74 220.74
12.75 218.86
12.76 218.11
12.77 219.68
12.78 220.82
12.79 220.85
12.8 220.39
12.81 221.06
12.82 221.55
12.83 221.59
12.84 222.09
12.85 222.92
12.86 224.81
12.87 225.54
12.88 223.95
12.89 222.56
12.9 111.11
12.91 111.55
12.92 111.81
12.93 111.47
12.94 111.44
12.95 221.1
12.96 219.74
12.97 219.95
12.98 219.36
12.99 219.51
13.0 219.32
13.01 219.11
13.02 221.0
13.03 222.71
13.04 223.76
13.05 224.02
13.06 223.69
13.07 224.96
13.08 225.21
13.09 224.79
13.1 224.54
13.11 223.85
13.12 223.5
13.13 223.22
13.14 223.11
13.15 222.37
13.16 221.55
13.17 221.73
13.18 220.23
13.19 217.23
13.2 214.65
13.21 211.68
13.22 209.13
13.23 207.6
13.24 204.43
13.25 204.67
13.26 204.08
13.27 202.49
13.28 199.88
13.29 200.76
13.3 206.03
13.31 203.35
13.32 205.73
13.33 213.11
13.34 216.41
13.35 217.8
13.36 219.89
13.37 227.17
13.38 225.59
13.39 223.5
13.4 227.03
13.41 232.7
13.42 231.04
13.43 229.53
13.44 233.07
13.45 234.84
13.46 231.58
13.47 233.16
13.48 238.49
13.49 238.73
13.5 234.76
13.51 235.6
13.52 240.5
13.53 241.42
13.54 237.25
13.55 236.43
13.56 237.96
13.57 239.99
13.58 239.76
13.59 239.19
13.6 241.72
13.61 245.32
13.62 245.12
13.63 241.17
13.64 239.14
13.65 239.21
13.66 240.32
13.67 240.13
13.68 238.73
13.69 238.43
13.7 238.71
13.71 240.31
13.72 243.62
13.73 244.75
13.74 243.35
13.75 243.3
13.76 243.66
13.77 242.78
13.78 242.47
13.79 242.11
13.8 241.92
13.81 243.37
13.82 243.63
13.83 242.74
13.84 242.37
13.85 241.74
13.86 241.94
13.87 242.9
13.88 245.63
13.89 244.47
13.9 244.14
13.91 123.1
13.92 123.03
13.93 123.05
13.94 122.74
13.95 122.6
13.96 122.71
13.97 122.34
13.98 122.46
13.99 122.29
14.0 122.12
14.01 122.7
14.02 123.15
14.03 123.95
14.04 124.1
14.05 123.71
14.06 123.0
14.07 121.85
14.08 120.87
14.09 120.17
14.1 120.51
14.11 120.71
14.12 121.17
14.13 121.88
14.14 122.64
14.15 123.67
14.16 123.74
14.17 123.76
14.18 123.76
14.19 123.77
14.2 123.59
14.21 123.39
14.22 123.52
14.23 123.24
14.24 123.22
14.25 122.83
14.26 122.64
14.27 122.65
14.28 122.57
14.29 122.74
14.3 122.57
14.31 122.92
14.32 123.68
14.33 124.45
14.34 125.2
14.35 125.47
14.36 125.45
14.37 125.07
14.38 124.47
14.39 123.75
14.4 123.9
14.41 124.41
14.42 124.59
14.43 124.28
14.44 123.97
14.45 123.93
14.46 123.45
14.47 123.29
14.48 123.13
14.49 123.25
14.5 123.19
14.51 123.05
14.52 122.81
14.53 122.49
14.54 122.74
14.55 244.18
14.56 242.36
14.57 241.21
14.58 238.79
14.59 234.14
14.6 230.52
14.61 226.55
14.62 221.68
14.63 218.15
14.64 208.88
14.65 204.12
14.66 197.69
14.67 194.33
14.68 191.99
14.69 188.43
14.7 186.08
14.71 184.49
14.72 185.43
14.73 185.04
14.74 183.96
14.75 183.65
14.76 183.09
14.77 183.15
14.78 183.31
14.79 183.12
14.8 183.61
14.81 184.37
14.82 183.74
14.83 182.7
14.84 182.09
14.85 182.11
14.86 182.44
14.87 182.18
14.88 181.82
14.89 181.94
14.9 182.5
14.91 182.79
14.92 182.27
14.93 181.88
14.94 182.0
14.95 182.07
14.96 182.03
14.97 181.84
14.98 181.42
14.99 180.65
15.0 180.82
15.01 181.87
15.02 181.96
15.03 181.16
15.04 180.34
15.05 180.49
15.06 181.56
15.07 182.91
15.08 183.92
15.09 184.29
15.1 184.3
15.11 184.69
15.12 184.39
15.13 183.43
15.14 183.35
15.15 184.15
15.16 184.74
15.17 184.56
15.18 184.37
15.19 184.76
15.2 184.56
15.21 183.67
15.22 183.04
15.23 182.9
15.24 183.42
15.25 183.84
15.26 183.81
15.27 183.6
15.28 183.66
15.29 184.34
15.3 184.72
15.31 184.59
15.32 184.24
15.33 184.16
15.34 183.39
15.35 182.58
15.36 182.23
15.37 182.41
15.38 183.79
15.39 184.89
15.4 185.08
15.41 184.72
15.42 184.17
15.43 184.06
15.44 183.97
15.45 184.18
15.46 185.04
15.47 185.46
15.48 185.08
15.49 185.1
15.5 185.18
15.51 185.06
15.52 184.93
15.53 184.68
15.54 184.28
15.55 183.87
15.56 183.52
15.57 183.49
15.58 183.67
15.59 183.54
15.6 182.63
15.61 181.97
15.62 182.55
15.63 183.13
15.64 183.19
15.65 183.14
15.66 183.6
15.67 184.55
15.68 185.36
15.69 186.27
15.7 187.43
15.71 187.43
15.72 185.95
15.73 184.25
15.74 183.62
15.75 183.55
15.76 183.22
15.77 183.56
15.78 184.34
15.79 185.26
15.8 186.42
15.81 186.72
15.82 185.99
15.83 184.86
15.84 184.05
15.85 183.74
15.86 184.28
15.87 184.63
15.88 183.0
15.89 182.15
15.9 182.51
15.91 181.62
15.92 179.63
15.93 179.02
15.94 178.97
15.95 176.49
15.96 174.88
15.97 173.3
15.98 178.04
15.99 178.04
16.0 177.52
16.01 179.51
16.02 181.65
16.03 174.88
16.04 163.62
16.05 149.44
16.06 170.3
16.07 176.87
16.08 178.17
16.09 178.07
16.1 176.19
16.11 87.57
16.12 0.0
16.13 0.0
16.14 0.0
16.15 111.48
16.16 0.0
16.17 70.37
16.18 70.58
16.19 283.0
16.2 79.39
16.21 0.0
16.22 67.13
16.23 60.49
16.24 107.61
16.25 106.65
16.26 73.44
16.27 74.33
16.28 0.0
16.29 0.0
16.3 181.09
16.31 229.12
16.32 0.0
16.33 0.0
16.34 886.07
16.35 96.7
16.36 0.0
16.37 0.0
16.38 0.0
16.39 0.0
16.4 0.0
16.41 0.0
16.42 0.0
16.43 0.0
16.44 0.0
16.45 0.0
16.46 0.0
16.47 183.83
16.48 179.98
16.49 173.43
16.5 172.61
16.51 171.61
16.52 171.31
16.53 172.44
16.54 173.69
16.55 174.9
16.56 176.5
16.57 178.91
16.58 181.29
16.59 182.09
16.6 184.41
16.61 186.44
16.62 187.15
16.63 189.38
16.64 192.23
16.65 194.21
16.66 195.98
16.67 199.29
16.68 201.84
16.69 204.16
16.7 206.53
16.71 209.19
16.72 212.3
16.73 216.82
16.74 220.95
16.75 221.98
16.76 223.26
16.77 224.76
16.78 223.54
16.79 222.19
16.8 221.63
16.81 220.35
16.82 218.99
16.83 220.51
16.84 225.98
16.85 230.47
16.86 234.65
16.87 240.66
16.88 251.09
16.89 253.45
16.9 86.85
16.91 64.57
16.92 64.57
16.93 251.71
16.94 251.34
16.95 64.98
16.96 254.63
16.97 88.13
16.98 88.61
16.99 89.25
17.0 89.96
17.01 136.3
17.02 136.14
17.03 136.13
17.04 89.47
17.05 88.9
17.06 88.55
17.07 88.63
17.08 88.58
17.09 260.77
17.1 259.79
17.11 88.32
17.12 88.4
17.13 88.49
17.14 88.7
17.15 88.99
17.16 89.33
17.17 89.93
17.18 137.12
17.19 137.32
17.2 137.35
17.21 90.36
17.22 90.02
17.23 89.97
17.24 89.94
17.25 89.82
17.26 89.85
17.27 89.89
17.28 89.83
17.29 89.97
17.3 90.21
17.31 90.38
17.32 90.71
17.33 91.04
17.34 91.1
17.35 137.86
17.36 137.78
17.37 137.42
17.38 137.4
17.39 137.55
17.4 137.31
17.41 137.1
17.42 136.91
17.43 136.43
17.44 136.5
17.45 137.12
17.46 137.2
17.47 137.34
17.48 137.78
17.49 138.06
17.5 138.92
17.51 139.15
17.52 138.69
17.53 138.5
17.54 90.8
17.55 90.65
17.56 90.4
17.57 90.07
17.58 89.97
17.59 90.34
17.6 90.75
17.61 138.3
17.62 138.72
17.63 138.87
17.64 139.13
17.65 138.76
17.66 137.99
17.67 137.28
17.68 136.61
17.69 136.01
17.7 135.83
17.71 136.6
17.72 90.88
17.73 91.33
17.74 138.36
17.75 138.43
17.76 273.99
17.77 136.89
17.78 136.74
17.79 90.47
17.8 90.53
17.81 90.74
17.82 137.81
17.83 137.77
17.84 137.61
17.85 137.74
17.86 137.54
17.87 137.54
17.88 137.69
17.89 137.73
17.9 137.88
17.91 138.14
17.92 138.26
17.93 138.25
17.94 137.97
17.95 137.88
17.96 138.06
17.97 91.19
17.98 138.09
17.99 138.02
18.0 137.7
18.01 138.04
18.02 138.52
18.03 138.26
18.04 138.53
18.05 138.56
18.06 137.96
18.07 137.89
18.08 138.36
18.09 277.68
18.1 279.58
18.11 279.62
18.12 278.02
18.13 277.32
18.14 275.65
18.15 274.57
18.16 275.44
18.17 276.43
18.18 276.99
18.19 276.79
18.2 276.13
18.21 275.61
18.22 275.19
18.23 275.89
18.24 276.89
18.25 276.54
18.26 275.17
18.27 275.45
18.28 275.72
18.29 274.38
18.3 273.2
18.31 274.36
18.32 277.31
18.33 280.11
18.34 278.79
18.35 276.27
18.36 275.9
18.37 275.49
18.38 273.14
18.39 272.65
18.4 272.43
18.41 270.74
18.42 270.66
18.43 271.77
18.44 270.73
18.45 270.13
18.46 271.94
18.47 272.53
18.48 272.26
18.49 273.75
18.5 275.03
18.51 273.65
18.52 273.5
18.53 274.27
18.54 273.06
18.55 273.26
18.56 274.15
18.57 272.88
18.58 272.56
18.59 273.17
18.6 271.2
18.61 271.03
18.62 272.95
18.63 273.04
18.64 272.65
18.65 273.58
18.66 273.06
18.67 271.79
18.68 272.86
18.69 273.68
18.7 272.36
18.71 272.15
18.72 272.54
18.73 270.35
18.74 270.44
18.75 273.23
18.76 273.26
18.77 272.92
18.78 274.51
18.79 275.56
18.8 275.26
18.81 275.53
18.82 274.93
18.83 273.85
18.84 274.11
18.85 273.74
18.86 272.84
18.87 272.38
18.88 271.17
18.89 270.78
18.9 269.2
18.91 268.55
18.92 266.71
18.93 264.85
18.94 266.69
18.95 268.56
18.96 270.59
18.97 271.31
18.98 271.82
18.99 272.39
19.0 271.33
19.01 268.99
19.02 267.94
19.03 267.87
19.04 267.63
19.05 267.46
19.06 266.89
19.07 266.56
19.08 266.37
19.09 266.32
19.1 267.88
19.11 270.13
19.12 271.96
19.13 273.66
19.14 274.93
19.15 275.14
19.16 274.24
19.17 273.01
19.18 271.11
19.19 269.2
19.2 267.57
19.21 266.03
19.22 265.03
19.23 265.24
19.24 266.74
19.25 268.88
19.26 270.66
19.27 271.6
19.28 271.86
19.29 272.15
19.3 272.29
19.31 272.68
19.32 272.55
19.33 270.96
19.34 270.54
19.35 270.16
19.36 268.76
19.37 268.94
19.38 270.03
19.39 270.49
19.4 272.38
19.41 273.22
19.42 273.84
19.43 274.36
19.44 272.28
19.45 271.05
19.46 271.65
19.47 270.76
19.48 270.2
19.49 270.91
19.5 270.36
19.51 271.42
19.52 273.03
19.53 272.99
19.54 272.81
19.55 272.15
19.56 273.98
19.57 273.11
19.58 270.1
19.59 270.53
19.6 270.9
19.61 66.78
19.62 66.9
19.63 67.12
19.64 88.18
19.65 88.57
19.66 88.4
19.67 127.91
19.68 129.66
19.69 131.53
19.7 133.2
19.71 135.28
19.72 89.18
19.73 89.81
19.74 90.05
19.75 89.86
19.76 89.49
19.77 89.32
19.78 89.0
19.79 88.35
19.8 88.33
19.81 137.82
19.82 138.16
19.83 139.2
19.84 140.76
19.85 141.31
19.86 141.37
19.87 140.66
19.88 139.95
19.89 139.57
19.9 139.41
19.91 139.41
19.92 138.88
19.93 138.57
19.94 138.25
19.95 138.09
19.96 138.51
19.97 138.58
19.98 138.84
19.99 139.2
20.0 90.77
20.01 90.87
20.02 90.9
20.03 91.1
20.04 91.6
20.05 138.93
20.06 139.1
20.07 139.32
20.08 90.72
20.09 90.66
20.1 90.67
20.11 90.35
20.12 90.39
20.13 90.98
20.14 91.45
20.15 91.73
20.16 91.74
20.17 91.25
20.18 138.35
20.19 138.74
20.2 90.1
20.21 139.02
20.22 139.16
20.23 138.79
20.24 90.39
20.25 90.49
20.26 90.71
20.27 91.16
20.28 91.3
20.29 91.16
20.3 91.28
20.31 90.99
20.32 138.65
20.33 139.64
20.34 139.73
20.35 139.64
20.36 139.72
20.37 139.59
20.38 139.49
20.39 90.77
20.4 90.76
20.41 91.09
20.42 91.03
20.43 137.73
20.44 138.9
20.45 139.89
20.46 140.6
20.47 140.6
20.48 140.28
20.49 140.0
20.5 139.37
20.51 139.34
20.52 139.43
20.53 139.12
20.54 139.19
20.55 139.46
20.56 139.75
20.57 139.9
20.58 139.31
20.59 138.97
20.6 138.97
20.61 138.63
20.62 138.86
20.63 138.95
20.64 139.42
20.65 139.87
20.66 139.66
20.67 139.6
20.68 139.65
20.69 139.72
20.7 139.9
20.71 140.03
20.72 140.42
20.73 140.81
20.74 140.93
20.75 141.41
20.76 141.22
20.77 140.93
20.78 140.56
20.79 140.35
20.8 139.8
20.81 139.13
20.82 138.88
20.83 138.92
20.84 139.17
20.85 139.24
20.86 139.22
20.87 139.13
20.88 139.07
20.89 139.76
20.9 277.87
20.91 276.19
20.92 69.27
20.93 69.24
20.94 69.09
20.95 270.82
20.96 268.93
20.97 266.59
20.98 261.87
20.99 261.04
21.0 262.27
21.01 262.5
21.02 264.93
21.03 266.94
21.04 270.59
21.05 276.15
21.06 141.77
21.07 143.22
21.08 97.31
21.09 299.07
21.1 295.14
21.11 292.1
21.12 289.83
21.13 284.61
21.14 280.59
21.15 137.85
21.16 137.36
21.17 136.89
21.18 136.58
21.19 136.57
21.2 136.85
21.21 92.41
21.22 92.33
21.23 137.71
21.24 137.56
21.25 277.17
21.26 276.93
21.27 277.08
21.28 277.37
21.29 276.37
21.3 276.17
21.31 276.83
21.32 136.7
21.33 136.34
21.34 136.61
21.35 137.14
21.36 137.4
21.37 92.88
21.38 137.1
21.39 136.77
21.4 136.04
21.41 135.41
21.42 134.92
21.43 134.78
21.44 135.16
21.45 135.7
21.46 135.81
21.47 135.96
21.48 135.17
21.49 270.52
21.5 270.23
21.51 269.67
21.52 134.51
21.53 134.43
21.54 134.63
21.55 134.5
21.56 268.91
21.57 266.98
21.58 266.35
21.59 265.84
21.6 265.85
21.61 88.01
21.62 87.92
21.63 262.76
21.64 260.79
21.65 259.1
21.66 259.34
21.67 260.34
21.68 260.59
21.69 260.86
21.7 86.35
21.71 86.53
21.72 86.84
21.73 87.17
21.74 87.08
21.75 264.21
21.76 262.77
21.77 262.48
21.78 261.32
21.79 258.8
21.8 85.53
21.81 85.53
21.82 85.74
21.83 86.16
21.84 85.99
21.85 86.06
21.86 266.36
21.87 120.43
21.88 202.49
21.89 201.25
21.9 200.41
21.91 199.94
21.92 199.56
21.93 199.27
21.94 199.3
21.95 199.0
21.96 198.88
21.97 199.13
21.98 199.7
21.99 200.24
22.0 200.07
22.01 200.15
22.02 200.61
22.03 200.49
22.04 200.29
22.05 200.27
22.06 200.67
22.07 200.62
22.08 200.73
22.09 201.19
22.1 201.45
22.11 201.12
22.12 200.86
22.13 201.65
22.14 201.59
22.15 201.11
22.16 200.61
22.17 200.95
22.18 201.19
22.19 200.69
22.2 201.72
22.21 202.13
22.22 201.87
22.23 200.51
22.24 199.39
22.25 197.9
22.26 195.3
22.27 196.72
22.28 204.59
22.29 203.81
22.3 202.12
22.31 201.07
22.32 159.47
22.33 76.87
22.34 76.25
22.35 150.66
22.36 150.25
22.37 154.1
22.38 152.48
22.39 147.31
22.4 285.64
22.41 85.86
22.42 130.16
22.43 255.88
22.44 317.45
22.45 290.7
22.46 288.1
22.47 287.68
22.48 278.72
22.49 269.18
22.5 255.44
22.51 246.8
22.52 247.03
22.53 249.03
22.54 252.72
22.55 256.23
22.56 260.2
22.57 264.15
22.58 267.69
22.59 270.45
22.6 270.89
22.61 272.37
22.62 275.23
22.63 277.16
22.64 279.8
22.65 282.91
22.66 283.77
22.67 282.37
22.68 281.96
22.69 282.7
22.7 282.97
22.71 283.88
22.72 285.58
22.73 284.93
22.74 285.42
22.75 286.19
22.76 285.91
22.77 285.93
22.78 285.96
22.79 286.66
22.8 288.72
22.81 290.53
22.82 291.31
22.83 291.74
22.84 291.49
22.85 289.57
22.86 287.72
22.87 286.8
22.88 286.76
22.89 288.69
22.9 291.43
22.91 293.15
22.92 292.43
22.93 290.09
22.94 288.55
22.95 287.88
22.96 288.13
22.97 288.2
22.98 288.17
22.99 288.94
23.0 289.29
23.01 288.98
23.02 289.3
23.03 291.27
23.04 292.78
23.05 293.53
23.06 293.32
23.07 292.2
23.08 291.68
23.09 291.6
23.1 290.49
23.11 289.18
23.12 288.84
23.13 289.84
23.14 290.86
23.15 290.94
23.16 291.57
23.17 292.93
23.18 294.27
23.19 294.41
23.2 293.35
23.21 293.43
23.22 292.93
23.23 292.08
23.24 292.21
23.25 293.4
23.26 294.2
23.27 293.58
23.28 294.67
23.29 295.13
23.3 293.8
23.31 293.2
23.32 293.26
23.33 292.7
23.34 293.06
23.35 293.99
23.36 293.78
23.37 292.63
23.38 291.58
23.39 290.89
23.4 290.28
23.41 290.39
23.42 291.22
23.43 292.18
23.44 293.07
23.45 293.32
23.46 292.75
23.47 292.1
23.48 290.94
23.49 290.2
23.5 289.88
23.51 290.19
23.52 289.4
23.53 289.18
23.54 289.05
23.55 289.04
23.56 288.89
23.57 288.71
23.58 290.1
23.59 291.74
23.6 293.01
23.61 294.32
23.62 295.27
23.63 294.92
23.64 294.96
23.65 295.03
23.66 295.22
23.67 293.89
23.68 292.2
23.69 290.56
23.7 290.32
23.71 291.43
23.72 292.9
23.73 295.01
23.74 295.95
23.75 295.75
23.76 295.61
23.77 295.02
23.78 293.65
23.79 292.62
23.8 292.09
23.81 291.1
23.82 290.15
23.83 289.38
23.84 288.15
23.85 286.52
23.86 284.67
23.87 283.47
23.88 280.73
23.89 274.12
23.9 271.6
23.91 271.4
23.92 272.01
23.93 273.12
23.94 274.53
23.95 274.78
23.96 274.86
23.97 274.82
23.98 274.69
23.99 274.31
24.0 273.37
24.01 272.61
24.02 270.57
24.03 269.09
24.04 268.04
24.05 267.03
24.06 266.83
24.07 267.6
24.08 268.84
24.09 270.11
24.1 271.95
24.11 273.41
24.12 274.3
24.13 273.95
24.14 273.01
24.15 272.83
24.16 272.89
24.17 272.77
24.18 272.8
24.19 272.66
24.2 272.38
24.21 271.77
24.22 270.77
24.23 270.32
24.24 270.31
24.25 270.21
24.26 270.82
24.27 271.96
24.28 272.92
24.29 274.11
24.3 274.77
24.31 274.9
24.32 274.41
24.33 273.6
24.34 272.12
24.35 270.72
24.36 270.59
24.37 270.52
24.38 269.47
24.39 268.13
24.4 267.05
24.41 265.03
24.42 262.47
24.43 258.59
24.44 252.82
24.45 248.0
24.46 245.84
24.47 245.41
24.48 247.42
24.49 251.49
24.5 256.03
24.51 262.2
24.52 268.77
24.53 272.31
24.54 273.47
24.55 272.21
24.56 269.92
24.57 268.19
24.58 266.23
24.59 263.45
24.6 259.12
24.61 255.17
24.62 253.2
24.63 251.13
24.64 252.15
24.65 253.73
24.66 254.04
24.67 255.91
24.68 256.68
24.69 256.64
24.7 255.77
24.71 253.85
24.72 251.55
24.73 249.81
24.74 248.77
24.75 248.1
24.76 247.25
24.77 243.63
24.78 238.44
24.79 231.65
24.8 223.52
24.81 211.67
24.82 201.3
24.83 193.9
24.84 188.52
24.85 187.83
24.86 186.36
24.87 183.92
24.88 184.08
24.89 184.99
24.9 187.63
24.91 188.71
24.92 190.37
24.93 191.12
24.94 190.47
24.95 190.34
24.96 190.74
24.97 190.75
24.98 191.31
24.99 191.75
25.0 192.31
25.01 195.23
25.02 197.37
25.03 197.68
25.04 198.95
25.05 199.55
25.06 198.72
25.07 198.28
25.08 196.93
25.09 196.8
25.1 196.76
25.11 198.77
25.12 201.23
25.13 202.24
25.14 203.07
25.15 204.65
25.16 205.91
25.17 205.51
25.18 203.69
25.19 202.08
25.2 203.56
25.21 204.86
25.22 205.04
25.23 204.28
25.24 202.91
25.25 203.72
25.26 204.02
25.27 202.9
25.28 201.92
25.29 203.43
25.3 205.96
25.31 209.31
25.32 214.84
25.33 221.46
25.34 227.94
25.35 232.23
25.36 236.3
25.37 240.34
25.38 240.35
25.39 240.33
25.4 237.27
25.41 232.89
25.42 229.37
25.43 223.37
25.44 215.46
25.45 209.2
25.46 205.19
25.47 204.74
25.48 205.43
25.49 205.67
25.5 206.81
25.51 209.68
25.52 212.69
25.53 213.76
25.54 213.92
25.55 214.55
25.56 213.71
25.57 211.63
25.58 209.3
25.59 207.7
25.6 207.34
25.61 207.44
25.62 208.68
25.63 210.5
25.64 213.53
25.65 217.97
25.66 220.33
25.67 220.97
25.68 219.84
25.69 218.46
25.7 218.3
25.71 217.08
25.72 215.5
25.73 214.94
25.74 213.96
25.75 213.47
25.76 212.21
25.77 211.07
25.78 211.25
25.79 211.44
25.8 212.24
25.81 213.58
25.82 214.56
25.83 214.82
25.84 213.57
25.85 212.0
25.86 211.06
25.87 209.8
25.88 209.21
25.89 210.07
25.9 211.43
25.91 212.82
25.92 213.16
25.93 213.32
25.94 214.73
25.95 215.61
25.96 215.73
25.97 216.01
25.98 215.43
25.99 214.44
26.0 214.74
26.01 216.41
26.02 217.72
26.03 219.32
26.04 219.62
26.05 218.54
26.06 217.61
26.07 216.96
26.08 217.35
26.09 218.83
26.1 219.32
26.11 219.31
26.12 219.14
26.13 219.01
26.14 219.32
26.15 218.37
26.16 217.8
26.17 217.34
26.18 216.75
26.19 216.11
26.2 215.71
26.21 216.51
26.22 218.28
26.23 220.48
26.24 221.64
26.25 221.97
26.26 221.1
26.27 219.8
26.28 219.5
26.29 220.52
26.3 221.72
26.31 223.07
26.32 224.12
26.33 224.13
26.34 223.7
26.35 222.27
26.36 220.35
26.37 218.1
26.38 216.77
26.39 216.8
26.4 216.8
26.41 216.47
26.42 216.07
26.43 215.88
26.44 216.31
26.45 217.04
26.46 217.26
26.47 217.03
26.48 217.04
26.49 216.73
26.5 216.4
26.51 216.64
26.52 217.51
26.53 218.68
26.54 219.18
26.55 219.01
26.56 218.02
26.57 217.43
26.58 216.97
26.59 216.87
26.6 217.18
26.61 217.56
26.62 218.28
26.63 218.66
26.64 218.45
26.65 218.15
26.66 218.22
26.67 218.69
26.68 219.07
26.69 219.09
26.7 219.42
26.71 219.16
26.72 217.97
26.73 216.94
26.74 216.13
26.75 215.62
26.76 215.02
26.77 214.55
26.78 214.57
26.79 214.61
26.8 214.26
26.81 214.25
26.82 215.23
26.83 215.22
26.84 214.56
26.85 215.43
26.86 215.57
26.87 214.02
26.88 214.27
26.89 213.32
26.9 213.66
26.91 217.27
26.92 219.41
26.93 222.87
26.94 227.52
26.95 231.92
26.96 240.82
26.97 248.13
26.98 254.81
26.99 258.71
27.0 260.09
27.01 260.43
27.02 262.54
27.03 263.4
27.04 262.01
27.05 263.05
27.06 262.25
27.07 259.73
27.08 259.54
27.09 257.62
27.1 258.33
27.11 260.41
27.12 262.1
27.13 263.78
27.14 263.93
27.15 264.25
27.16 265.06
27.17 265.82
27.18 265.39
27.19 266.0
27.2 266.2
27.21 267.43
27.22 267.84
27.23 267.94
27.24 266.62
27.25 265.64
27.26 264.02
27.27 263.41
27.28 262.08
27.29 260.1
27.3 261.39
27.31 262.43
27.32 263.27
27.33 264.54
27.34 265.91
27.35 265.81
27.36 265.1
27.37 265.09
27.38 266.56
27.39 266.38
27.4 265.7
27.41 264.77
27.42 264.31
27.43 263.65
27.44 264.49
27.45 264.8
27.46 265.37
27.47 265.82
27.48 266.4
27.49 266.68
27.5 265.52
27.51 262.68
27.52 259.01
27.53 256.04
27.54 253.19
27.55 249.6
27.56 123.18
27.57 121.32
27.58 119.88
27.59 237.89
27.6 234.51
27.61 231.89
27.62 229.55
27.63 229.1
27.64 231.42
27.65 233.52
27.66 236.59
27.67 120.88
27.68 122.9
27.69 123.78
27.7 248.82
27.71 247.69
27.72 247.69
27.73 248.09
27.74 246.86
27.75 244.3
27.76 243.56
27.77 241.62
27.78 240.93
27.79 119.37
27.8 119.31
27.81 119.29
27.82 119.38
27.83 119.5
27.84 119.62
27.85 120.55
27.86 121.16
27.87 242.87
27.88 121.13
27.89 120.81
27.9 120.38
27.91 119.54
27.92 119.01
27.93 118.73
27.94 118.74
27.95 118.69
27.96 118.81
27.97 119.32
27.98 119.6
27.99 120.09
28.0 120.11
28.01 119.58
28.02 119.25
28.03 118.99
28.04 119.32
28.05 120.17
28.06 120.53
28.07 120.78
28.08 120.3
28.09 119.59
28.1 119.44
28.11 119.32
28.12 238.9
28.13 238.69
28.14 238.62
28.15 240.74
28.16 241.59
28.17 241.32
28.18 241.11
28.19 239.53
28.2 238.6
28.21 239.52
28.22 238.35
28.23 237.3
28.24 236.97
28.25 234.66
28.26 232.66
28.27 231.12
28.28 228.6
28.29 225.11
28.3 220.34
28.31 213.65
28.32 207.55
28.33 202.3
28.34 197.99
28.35 195.81
28.36 192.21
28.37 190.3
28.38 189.65
28.39 188.34
28.4 187.69
28.41 187.38
28.42 187.88
28.43 187.78
28.44 187.08
28.45 185.77
28.46 183.86
28.47 182.43
28.48 181.39
28.49 179.67
28.5 178.62
28.51 179.25
28.52 179.92
28.53 180.5
28.54 181.19
28.55 181.83
28.56 181.84
28.57 181.71
28.58 181.85
28.59 181.37
28.6 180.5
28.61 180.51
28.62 180.56
28.63 179.94
28.64 178.94
28.65 178.08
28.66 178.48
28.67 179.22
28.68 180.12
28.69 181.23
28.7 182.07
28.71 182.54
28.72 182.67
28.73 182.57
28.74 182.17
28.75 181.5
28.76 180.74
28.77 179.48
28.78 178.66
28.79 178.82
28.8 179.81
28.81 180.77
28.82 180.81
28.83 180.51
28.84 180.49
28.85 180.73
28.86 180.73
28.87 181.0
28.88 181.65
28.89 182.37
28.9 182.38
28.91 181.96
28.92 181.67
28.93 181.51
28.94 181.42
28.95 181.44
28.96 181.24
28.97 181.18
28.98 181.48
28.99 181.69
29.0 181.28
29.01 180.52
29.02 180.28
29.03 180.24
29.04 179.96
29.05 179.84
29.06 179.98
29.07 180.43
29.08 181.27
29.09 181.65
29.1 181.75
29.11 181.83
29.12 181.9
29.13 181.78
29.14 181.74
29.15 181.71
29.16 181.52
29.17 181.39
29.18 181.45
29.19 181.33
29.2 180.69
29.21 179.79
29.22 179.54
29.23 180.2
29.24 180.42
29.25 180.0
29.26 180.16
29.27 180.79
29.28 180.73
29.29 180.63
29.3 180.9
29.31 181.67
29.32 182.71
29.33 183.41
29.34 183.84
29.35 184.26
29.36 184.86
29.37 184.88
29.38 183.98
29.39 183.08
29.4 182.72
29.41 182.85
29.42 182.55
29.43 181.72
29.44 181.12
29.45 180.98
29.46 181.51
29.47 182.46
29.48 183.43
29.49 184.68
29.5 185.54
29.51 186.48
29.52 185.74
29.53 184.04
29.54 183.01
29.55 182.53
29.56 181.53
29.57 180.4
29.58 180.46
29.59 180.47
29.6 179.75
29.61 179.18
29.62 178.82
29.63 178.45
29.64 176.48
29.65 173.55
29.66 171.39
29.67 170.21
29.68 169.26
29.69 166.88
29.7 163.03
29.71 156.84
29.72 148.93
29.73 148.09
29.74 176.99
29.75 1395.57
29.76 0.0
29.77 0.0
29.78 218.85
29.79 397.12
29.8 0.0
29.81 77.95
29.82 180.78
29.83 162.67
29.84 78.71
29.85 79.73
29.86 0.0
29.87 168.26
29.88 107.81
29.89 123.83
29.9 73.27
29.91 77.35
29.92 91.94
29.93 98.03
29.94 902.45
29.95 298.95
29.96 150.5
29.97 68.7
29.98 61.23
29.99 62.1
30.0 268.78
30.01 83.94
30.02 94.98
30.03 94.38
30.04 75.43
30.05 79.03
30.06 187.56
30.07 304.44
30.08 252.49
30.09 204.0
30.1 184.53
30.11 183.19
30.12 182.61
30.13 180.51
30.14 178.19
30.15 177.09
30.16 176.13
30.17 175.33
30.18 175.35
30.19 180.0
30.2 180.48
30.21 179.85
30.22 180.44
30.23 181.66
30.24 181.17
30.25 179.39
30.26 179.07
30.27 180.18
30.28 181.05
30.29 182.73
30.3 186.15
30.31 187.42
30.32 188.89
30.33 192.28
30.34 195.78
30.35 198.05
30.36 119.94
30.37 205.39
30.38 208.81
30.39 209.24
30.4 205.18
30.41 201.81
30.42 199.24
30.43 202.96
30.44 204.87
30.45 207.04
30.46 212.61
30.47 216.62
30.48 218.41
30.49 221.14
30.5 223.75
30.51 226.08
30.52 228.68
30.53 231.89
30.54 234.66
30.55 237.59
30.56 241.78
30.57 240.26
30.58 62.34
30.59 62.81
30.6 85.17
30.61 85.71
30.62 86.22
30.63 86.76
30.64 87.46
30.65 87.76
30.66 260.83
30.67 260.8
30.68 261.07
30.69 259.32
30.7 255.97
30.71 256.45
30.72 259.28
30.73 260.46
30.74 260.86
30.75 261.29
30.76 262.69
30.77 263.99
30.78 264.51
30.79 88.79
30.8 88.87
30.81 89.1
30.82 134.86
30.83 135.37
30.84 135.73
30.85 135.92
30.86 135.83
30.87 135.44
30.88 268.96
30.89 268.26
30.9 267.55
30.91 267.96
30.92 268.65
30.93 268.92
30.94 268.83
30.95 135.92
30.96 89.62
30.97 89.48
30.98 135.29
30.99 135.35
31.0 135.62
31.01 135.91
31.02 136.28
31.03 137.06
31.04 137.26
31.05 137.07
31.06 136.84
31.07 90.05
31.08 89.91
31.09 136.08
31.1 135.77
31.11 135.28
31.12 135.48
31.13 135.38
31.14 135.43
31.15 135.49
31.16 135.54
31.17 136.02
31.18 135.94
31.19 90.05
31.2 90.34
31.21 90.67
31.22 90.78
31.23 271.51
31.24 270.56
31.25 268.53
31.26 89.75
31.27 136.62
31.28 136.88
31.29 137.48
31.3 137.9
31.31 137.71
31.32 137.31
31.33 136.86
31.34 136.74
31.35 136.87
31.36 90.22
31.37 90.23
31.38 137.11
31.39 137.14
31.4 137.17
31.41 136.98
31.42 136.64
31.43 136.91
31.44 136.93
31.45 90.13
31.46 90.29
31.47 90.53
31.48 90.66
31.49 90.77
31.5 137.61
31.51 137.66
31.52 137.18
31.53 136.8
31.54 136.63
31.55 136.36
31.56 136.17
31.57 136.43
31.58 136.57
31.59 271.94
31.6 272.52
31.61 270.44
31.62 136.73
31.63 136.89
31.64 89.81
31.65 89.81
31.66 136.95
31.67 137.45
31.68 137.7
31.69 137.32
31.7 136.78
31.71 136.75
31.72 272.88
31.73 275.72
31.74 140.15
31.75 140.79
31.76 140.59
31.77 139.57
31.78 138.27
31.79 137.17
31.8 136.45
31.81 136.5
31.82 136.71
31.83 136.48
31.84 136.02
31.85 266.72
31.86 264.62
31.87 258.01
31.88 249.97
31.89 240.39
31.9 231.67
31.91 177.94
31.92 177.17
31.93 236.25
31.94 235.28
31.95 233.93
31.96 705.09
31.97 237.37
31.98 79.12
31.99 233.43
32.0 229.43
32.01 221.33
32.02 211.78
32.03 235.86
32.04 239.18
32.05 232.99
32.06 232.99
32.07 235.45
32.08 228.55
32.09 229.66
32.1 1360.75
32.11 289.8
32.12 280.33
32.13 279.81
32.14 279.51
32.15 278.54
32.16 275.16
32.17 273.19
32.18 273.44
32.19 272.23
32.2 270.57
32.21 269.85
32.22 268.95
32.23 267.32
32.24 266.95
32.25 268.8
32.26 271.44
32.27 272.18
32.28 273.64
32.29 276.68
32.3 276.82
32.31 276.55
32.32 276.48
32.33 275.61
32.34 277.19
32.35 276.84
32.36 276.4
32.37 277.34
32.38 275.9
32.39 275.07
32.4 275.17
32.41 275.06
32.42 276.13
32.43 278.49
32.44 278.46
32.45 277.16
32.46 277.3
32.47 276.38
32.48 276.88
32.49 277.04
32.5 275.03
32.51 276.36
32.52 277.94
32.53 277.03
32.54 278.96
32.55 279.07
32.56 278.08
32.57 279.36
32.58 277.91
32.59 277.55
32.6 275.86
32.61 275.53
32.62 274.78
32.63 273.06
32.64 273.88
32.65 274.86
32.66 275.04
32.67 276.67
32.68 278.4
32.69 277.89
32.7 277.43
32.71 276.79
32.72 275.56
32.73 273.51
32.74 270.07
32.75 266.87
32.76 263.95
32.77 261.87
32.78 263.31
32.79 265.11
32.8 266.59
32.81 268.49
32.82 270.37
32.83 271.49
32.84 272.58
32.85 272.4
32.86 271.71
32.87 270.24
32.88 268.23
32.89 267.78
32.9 267.52
32.91 269.87
32.92 273.05
32.93 274.4
32.94 273.7
32.95 271.55
32.96 271.13
32.97 270.46
32.98 270.26
32.99 270.22
33.0 269.16
33.01 270.03
33.02 271.94
33.03 275.09
33.04 276.45
33.05 276.38
33.06 275.57
33.07 273.6
33.08 273.43
33.09 273.93
33.1 274.22
33.11 273.72
33.12 272.05
33.13 270.52
33.14 267.33
33.15 264.48
33.16 260.72
33.17 254.92
33.18 250.41
33.19 241.34
33.2 234.1
33.21 225.3
33.22 218.28
33.23 211.48
33.24 208.98
33.25 208.91
33.26 209.45
33.27 210.59
33.28 212.01
33.29 212.7
33.3 212.5
33.31 211.79
33.32 210.92
33.33 211.44
33.34 212.9
33.35 213.48
33.36 213.48
33.37 213.89
33.38 215.17
33.39 217.25
33.4 218.85
33.41 219.51
33.42 219.32
33.43 218.52
33.44 216.89
33.45 214.8
33.46 213.36
33.47 212.66
33.48 212.56
33.49 212.34
33.5 212.49
33.51 213.05
33.52 213.82
33.53 215.06
33.54 215.74
33.55 216.34
33.56 217.1
33.57 217.44
33.58 216.97
33.59 215.95
33.6 214.95
33.61 214.13
33.62 213.46
33.63 212.97
33.64 213.76
33.65 214.66
33.66 214.54
33.67 214.29
33.68 214.16
33.69 214.43
33.7 215.33
33.71 216.38
33.72 217.04
33.73 217.11
33.74 216.91
33.75 216.81
33.76 216.79
33.77 217.08
33.78 219.88
33.79 224.36
33.8 226.17
33.81 226.74
33.82 231.68
33.83 238.79
33.84 247.85
33.85 254.37
33.86 261.19
33.87 257.2
33.88 253.67
33.89 252.32
33.9 120.26
33.91 118.36
33.92 117.04
33.93 115.99
33.94 115.7
33.95 115.94
33.96 233.83
33.97 234.77
33.98 234.43
33.99 118.11
34.0 118.53
34.01 118.76
34.02 118.92
34.03 119.3
34.04 119.57
34.05 119.95
34.06 120.61
34.07 81.88
34.08 82.05
34.09 81.92
34.1 121.25
34.11 120.95
34.12 120.99
34.13 120.34
34.14 119.76
34.15 119.64
34.16 119.96
34.17 120.26
34.18 120.86
34.19 121.17
34.2 121.07
34.21 120.63
34.22 120.25
34.23 119.94
34.24 119.21
34.25 239.42
34.26 237.12
34.27 236.68
34.28 236.38
34.29 237.42
34.3 239.24
34.31 237.35
34.32 236.09
34.33 233.26
34.34 228.79
34.35 221.35
34.36 209.27
34.37 184.21
34.38 162.01
34.39 135.87
34.4 0.0
34.41 0.0
34.42 0.0
34.43 0.0
34.44 0.0
34.45 0.0
34.46 0.0
34.47 0.0
34.48 72.06
34.49 65.95
34.5 66.38
34.51 60.05
34.52 0.0
34.53 0.0
34.54 61.68
34.55 60.88
34.56 60.76
34.57 62.39
34.58 0.0
34.59 0.0
34.6 0.0
34.61 0.0
34.62 0.0
34.63 112.35
34.64 110.73
34.65 0.0
34.66 86.59
34.67 145.07
34.68 69.61
34.69 63.01
34.7 0.0
34.71 0.0
34.72 0.0
34.73 0.0
34.74 0.0
34.75 0.0
34.76 0.0
34.77 0.0
34.78 0.0
34.79 0.0
34.8 0.0
34.81 271.08
34.82 213.8
34.83 78.69
34.84 76.28
34.85 151.83
34.86 152.41
34.87 153.12
34.88 153.79
34.89 154.64
34.9 155.05
34.91 154.83
34.92 162.94
34.93 83.63
34.94 82.76
34.95 247.99
34.96 244.27
34.97 230.73
34.98 219.7
34.99 216.48
35.0 215.59
35.01 216.48
35.02 219.94
35.03 222.38
35.04 226.88
35.05 230.38
35.06 232.67
35.07 236.06
35.08 240.59
35.09 243.83
35.1 246.75
35.11 251.63
35.12 253.83
35.13 255.19
35.14 128.09
35.15 129.62
35.16 261.72
35.17 260.67
35.18 259.74
35.19 259.15
35.2 131.55
35.21 131.99
35.22 260.56
35.23 132.82
35.24 133.3
35.25 134.25
35.26 135.17
35.27 135.51
35.28 136.06
35.29 136.18
35.3 135.67
35.31 135.49
35.32 135.39
35.33 134.93
35.34 134.65
35.35 267.43
35.36 267.17
35.37 267.56
35.38 269.17
35.39 269.28
35.4 268.27
35.41 135.37
35.42 89.68
35.43 89.96
35.44 136.79
35.45 137.02
35.46 136.9
35.47 136.64
35.48 135.78
35.49 135.25
35.5 135.27
35.51 135.5
35.52 136.29
35.53 136.71
35.54 136.53
35.55 136.4
35.56 270.05
35.57 136.19
35.58 90.09
35.59 90.0
35.6 89.95
35.61 89.82
35.62 89.67
35.63 89.75
35.64 89.85
35.65 135.4
35.66 267.22
35.67 135.17
35.68 89.62
35.69 89.62
35.7 89.73
35.71 89.74
35.72 89.51
35.73 89.4
35.74 89.31
35.75 89.13
35.76 89.18
35.77 89.39
35.78 89.58
35.79 89.85
35.8 90.04
35.81 89.92
35.82 89.81
35.83 89.87
35.84 89.92
35.85 90.04
35.86 90.21
35.87 90.18
35.88 90.09
35.89 90.08
35.9 90.03
35.91 89.85
35.92 89.79
35.93 89.77
35.94 89.57
35.95 89.68
35.96 89.91
35.97 89.81
35.98 89.84
35.99 90.14
36.0 90.38
36.01 137.43
36.02 137.25
36.03 136.85
36.04 136.8
36.05 89.95
36.06 89.68
36.07 89.43
36.08 89.34
36.09 89.46
36.1 89.73
36.11 89.95
36.12 89.92
36.13 89.72
36.14 89.71
36.15 89.79
36.16 89.96
36.17 90.19
36.18 90.36
36.19 90.25
36.2 90.01
36.21 89.9
36.22 89.73
36.23 89.47
36.24 89.54
36.25 89.77
36.26 89.94
36.27 90.08
36.28 90.1
36.29 89.94
36.3 89.61
36.31 89.38
36.32 89.44
36.33 89.87
36.34 90.69
36.35 137.46
36.36 272.9
36.37 272.44
36.38 271.27
36.39 269.96
36.4 270.26
36.41 269.76
36.42 269.22
36.43 269.94
36.44 270.12
36.45 269.94
36.46 269.77
36.47 269.28
36.48 267.23
36.49 264.94
36.5 261.37
36.51 253.8
36.52 242.7
36.53 223.42
36.54 202.26
36.55 184.86
36.56 173.87
36.57 143.99
36.58 277.51
36.59 267.21
36.6 87.75
36.61 176.36
36.62 77.0
36.63 78.61
36.64 121.33
36.65 127.35
36.66 273.45
36.67 281.43
36.68 281.89
36.69 278.32
36.7 274.58
36.71 270.52
36.72 267.52
36.73 268.23
36.74 270.25
36.75 268.54
36.76 267.78
36.77 267.95
36.78 266.26
36.79 263.21
36.8 260.81
36.81 261.23
36.82 262.89
36.83 264.21
36.84 264.47
36.85 264.15
36.86 264.7
36.87 267.31
36.88 268.01
36.89 266.04
36.9 265.56
36.91 266.33
36.92 266.99
36.93 265.99
36.94 266.51
36.95 269.66
36.96 271.79
36.97 273.21
36.98 276.32
36.99 277.13
37.0 274.7
37.01 272.3
37.02 271.55
37.03 272.06
37.04 271.54
37.05 270.54
37.06 269.15
37.07 268.21
37.08 268.19
37.09 267.14
37.1 263.38
37.11 256.26
37.12 250.43
37.13 243.99
37.14 233.97
37.15 224.63
37.16 220.04
37.17 213.17
37.18 208.11
37.19 203.47
37.2 200.81
37.21 200.49
37.22 200.15
37.23 200.34
37.24 202.51
37.25 204.91
37.26 205.94
37.27 205.85
37.28 206.01
37.29 204.42
37.3 202.8
37.31 202.79
37.32 203.72
37.33 205.15
37.34 206.39
37.35 208.46
37.36 210.33
37.37 211.26
37.38 210.59
37.39 210.36
37.4 210.82
37.41 210.77
37.42 211.19
37.43 211.97
37.44 213.7
37.45 215.96
37.46 217.56
37.47 218.42
37.48 218.14
37.49 217.66
37.5 217.32
37.51 216.96
37.52 217.2
37.53 218.42
37.54 219.82
37.55 220.83
37.56 222.1
37.57 222.66
37.58 221.49
37.59 220.34
37.6 219.8
37.61 219.8
37.62 219.96
37.63 219.35
37.64 218.26
37.65 217.32
37.66 215.73
37.67 214.4
37.68 214.11
37.69 214.76
37.7 215.64
37.71 216.46
37.72 216.81
37.73 216.19
37.74 216.88
37.75 218.52
37.76 219.35
37.77 220.0
37.78 221.26
37.79 222.47
37.8 222.72
37.81 221.87
37.82 221.37
37.83 221.2
37.84 220.94
37.85 220.91
37.86 220.63
37.87 220.74
37.88 221.24
37.89 220.76
37.9 219.86
37.91 219.15
37.92 219.63
37.93 221.36
37.94 222.55
37.95 223.17
37.96 223.56
37.97 222.89
37.98 222.41
37.99 222.7
38.0 222.94
38.01 222.51
38.02 221.35
38.03 220.64
38.04 219.93
38.05 219.31
38.06 218.86
38.07 219.13
38.08 219.97
38.09 220.05
38.1 220.07
38.11 220.38
38.12 220.52
38.13 220.37
38.14 221.0
38.15 221.65
38.16 221.02
38.17 222.33
38.18 228.04
38.19 231.34
38.2 230.61
38.21 233.27
38.22 237.29
38.23 239.69
38.24 239.27
38.25 236.44
38.26 235.98
38.27 235.12
38.28 234.27
38.29 235.3
38.3 233.89
38.31 234.04
38.32 235.26
38.33 236.8
38.34 238.07
38.35 238.25
38.36 239.1
38.37 239.62
38.38 240.44
38.39 241.12
38.4 243.16
38.41 243.62
38.42 243.2
38.43 243.75
38.44 242.41
38.45 242.08
38.46 242.12
38.47 242.45
38.48 241.54
38.49 242.7
38.5 244.1
38.51 241.95
38.52 239.95
38.53 236.83
38.54 235.47
38.55 233.69
38.56 229.56
38.57 225.02
38.58 220.16
38.59 215.29
38.6 208.73
38.61 201.78
38.62 195.89
38.63 192.53
38.64 199.96
38.65 196.35
38.66 201.75
38.67 209.71
38.68 206.56
38.69 200.35
38.7 260.17
38.71 244.18
38.72 197.54
38.73 198.42
38.74 112.8
38.75 224.05
38.76 195.05
38.77 99.45
38.78 74.0
38.79 101.06
38.8 0.0
38.81 0.0
38.82 0.0
38.83 0.0
38.84 0.0
38.85 0.0
38.86 0.0
38.87 583.72
38.88 671.66
38.89 252.51
38.9 10.59
38.91 277.87
38.92 987.97
38.93 0.0
38.94 0.0
38.95 0.0
38.96 0.0
38.97 0.0
38.98 0.0
38.99 0.0
39.0 0.0
39.01 0.0
39.02 0.0
39.03 0.0
39.04 0.0
39.05 0.0
39.06 0.0
39.07 0.0
39.08 0.0
39.09 0.0
39.1 0.0
39.11 675.1
39.12 223.1
39.13 73.17
39.14 72.45
39.15 74.32
39.16 74.93
39.17 152.1
39.18 154.39
39.19 158.54
39.2 163.15
39.21 168.0
39.22 335.61
39.23 230.56
39.24 233.13
39.25 234.13
39.26 230.62
39.27 103.05
39.28 201.63
39.29 202.88
39.3 208.44
39.31 214.45
39.32 218.79
39.33 223.55
39.34 228.91
39.35 232.93
39.36 235.22
39.37 237.87
39.38 240.82
39.39 244.34
39.4 246.1
39.41 246.92
39.42 248.96
39.43 85.33
39.44 85.78
39.45 131.05
39.46 132.28
39.47 133.09
39.48 133.44
39.49 87.77
39.5 87.16
39.51 86.54
39.52 85.99
39.53 252.05
39.54 254.18
39.55 256.39
39.56 257.8
39.57 259.88
39.58 261.82
39.59 263.77
39.6 264.84
39.61 263.95
39.62 264.88
39.63 266.99
39.64 267.52
39.65 89.29
39.66 88.99
39.67 88.79
39.68 88.72
39.69 88.71
39.7 88.74
39.71 134.54
39.72 267.69
39.73 270.14
39.74 270.88
39.75 271.29
39.76 271.31
39.77 270.27
39.78 269.59
39.79 268.26
39.8 266.33
39.81 266.09
39.82 265.99
39.83 265.52
39.84 266.74
39.85 267.7
39.86 267.01
39.87 267.13
39.88 267.39
39.89 268.19
39.9 268.59
39.91 268.86
39.92 270.63
39.93 272.06
39.94 272.63
39.95 273.39
39.96 273.89
39.97 272.28
39.98 272.08
39.99 272.0
40.0 269.77
40.01 267.83
40.02 268.86
40.03 270.33
40.04 269.88
40.05 269.42
40.06 270.1
40.07 271.81
40.08 270.56
40.09 270.11
40.1 271.0
40.11 270.11
40.12 268.84
40.13 268.41
40.14 267.73
40.15 267.44
40.16 267.15
40.17 267.41
40.18 267.5
40.19 266.9
40.2 266.57
40.21 266.23
40.22 265.17
40.23 260.8
40.24 252.91
40.25 254.25
40.26 255.8
40.27 256.79
40.28 258.66
40.29 257.08
40.3 256.24
40.31 257.65
40.32 257.75
40.33 257.56
40.34 259.96
40.35 263.34
40.36 265.17
40.37 266.15
40.38 265.94
40.39 133.52
40.4 133.17
40.41 266.47
40.42 265.54
40.43 266.4
40.44 265.68
40.45 264.94
40.46 266.42
40.47 267.15
40.48 266.91
40.49 266.27
40.5 266.71
40.51 266.79
40.52 267.42
40.53 268.61
40.54 269.32
40.55 269.75
40.56 270.35
40.57 271.51
40.58 272.75
40.59 273.08
40.6 273.84
40.61 273.52
40.62 272.66
40.63 271.33
40.64 269.46
40.65 268.17
40.66 268.11
40.67 268.23
40.68 268.82
40.69 269.7
40.7 270.01
40.71 271.02
40.72 270.09
40.73 270.37
40.74 269.95
40.75 270.35
40.76 271.42
40.77 272.15
40.78 273.33
40.79 269.7
40.8 267.53
40.81 269.54
40.82 271.31
40.83 272.16
40.84 273.53
40.85 275.58
40.86 274.48
40.87 272.49
40.88 272.98
40.89 274.27
40.9 273.85
40.91 271.97
40.92 272.79
40.93 274.63
40.94 273.49
40.95 273.2
40.96 273.97
40.97 273.27
40.98 273.01
40.99 272.76
41.0 271.52
41.01 271.76
41.02 273.47
41.03 273.04
41.04 271.47
41.05 271.2
41.06 271.42
41.07 269.74
41.08 268.9
41.09 269.97
41.1 270.81
41.11 270.66
41.12 271.64
41.13 272.62
41.14 271.39
41.15 270.74
41.16 270.63
41.17 270.24
41.18 268.61
41.19 268.04
41.2 269.44
41.21 270.41
41.22 269.75
41.23 269.15
41.24 269.69
41.25 269.58
41.26 270.41
41.27 267.45
41.28 267.72
41.29 265.66
41.3 264.4
41.31 264.41
41.32 262.81
41.33 267.05
41.34 265.29
41.35 266.49
41.36 272.9
41.37 271.05
41.38 271.91
41.39 274.6
41.4 273.5
41.41 273.38
41.42 273.3
41.43 267.59
41.44 263.6
41.45 263.29
41.46 133.55
41.47 88.68
41.48 88.98
41.49 89.31
41.5 265.25
41.51 264.89
41.52 89.01
41.53 264.9
41.54 265.52
41.55 266.44
41.56 266.95
41.57 90.23
41.58 90.23
41.59 89.99
41.6 89.84
41.61 89.89
41.62 136.02
41.63 136.72
41.64 136.9
41.65 136.42
41.66 136.41
41.67 136.22
41.68 135.99
41.69 136.47
41.7 137.34
41.71 137.63
41.72 90.63
41.73 90.36
41.74 89.97
41.75 89.79
41.76 89.79
41.77 89.75
41.78 89.85
41.79 89.89
41.8 89.68
41.81 89.48
41.82 89.49
41.83 89.6
41.84 89.51
41.85 89.43
41.86 89.48
41.87 263.43
41.88 89.39
41.89 89.47
41.9 89.64
41.91 89.74
41.92 89.71
41.93 89.71
41.94 90.06
41.95 90.36
41.96 90.33
41.97 89.83
41.98 89.39
41.99 89.29
42.0 89.31
42.01 264.65
42.02 267.24
42.03 269.32
42.04 270.36
42.05 271.69
42.06 270.92
42.07 268.7
42.08 267.55
42.09 267.68
42.1 268.08
42.11 267.23
42.12 266.33
42.13 265.19
42.14 264.26
42.15 264.91
42.16 264.27
42.17 262.85
42.18 264.46
42.19 267.87
42.2 271.15
42.21 271.75
42.22 272.55
42.23 273.77
42.24 273.26
42.25 273.84
42.26 275.29
42.27 274.16
42.28 273.51
42.29 271.96
42.3 269.56
42.31 268.71
42.32 268.65
42.33 267.72
42.34 266.89
42.35 268.48
42.36 270.86
42.37 271.32
42.38 270.48
42.39 270.0
42.4 270.79
42.41 271.78
42.42 271.49
42.43 271.49
42.44 268.33
42.45 264.39
42.46 263.94
42.47 263.13
42.48 264.14
42.49 263.54
42.5 262.6
42.51 262.4
42.52 263.28
42.53 263.9
42.54 265.06
42.55 266.11
42.56 266.44
42.57 265.77
42.58 264.22
42.59 264.39
42.6 263.87
42.61 263.56
42.62 263.88
42.63 263.58
42.64 262.36
42.65 263.41
42.66 264.26
42.67 264.19
42.68 265.21
42.69 265.54
42.7 264.66
42.71 264.38
42.72 264.47
42.73 263.34
42.74 263.38
42.75 263.37
42.76 262.92
42.77 262.39
42.78 261.41
42.79 259.7
42.8 254.13
42.81 249.26
42.82 243.25
42.83 236.24
42.84 229.74
42.85 225.55
42.86 224.99
42.87 226.69
42.88 230.02
42.89 236.0
42.9 240.98
42.91 246.25
42.92 252.03
42.93 255.8
42.94 258.07
42.95 260.52
42.96 258.54
42.97 255.73
42.98 254.0
42.99 251.29
43.0 247.75
43.01 242.79
43.02 238.79
43.03 236.31
43.04 234.18
43.05 232.51
43.06 233.97
43.07 237.04
43.08 240.49
43.09 243.69
43.1 245.28
43.11 247.32
43.12 246.04
43.13 243.53
43.14 242.75
43.15 240.61
43.16 239.24
43.17 237.78
43.18 236.69
43.19 237.38
43.2 237.83
43.21 120.22
43.22 120.92
43.23 120.85
43.24 120.67
43.25 120.26
43.26 239.29
43.27 239.05
43.28 237.62
43.29 237.72
43.3 237.66
43.31 236.43
43.32 119.61
43.33 120.21
43.34 120.68
43.35 121.95
43.36 122.64
43.37 124.57
43.38 257.31
43.39 258.19
43.4 255.33
43.41 254.2
43.42 250.84
43.43 248.64
43.44 244.87
43.45 237.76
43.46 238.19
43.47 232.97
43.48 222.26
43.49 213.99
43.5 209.72
43.51 204.76
43.52 202.05
43.53 202.39
43.54 203.49
43.55 205.02
43.56 205.91
43.57 206.29
43.58 207.83
43.59 209.61
43.6 210.41
43.61 209.94
43.62 210.27
43.63 212.23
43.64 212.57
43.65 212.42
43.66 214.3
43.67 216.12
43.68 217.04
43.69 218.45
43.7 219.94
43.71 219.01
43.72 217.86
43.73 217.92
43.74 217.55
43.75 217.73
43.76 217.6
43.77 217.35
43.78 217.75
43.79 217.78
43.8 217.67
43.81 217.64
43.82 218.28
43.83 220.27
43.84 220.7
43.85 219.97
43.86 221.01
43.87 220.96
43.88 219.85
43.89 220.35
43.9 219.7
43.91 219.61
43.92 219.62
43.93 219.32
43.94 220.63
43.95 221.41
43.96 220.78
43.97 219.79
43.98 219.46
43.99 220.03
44.0 220.41
44.01 220.31
44.02 221.12
44.03 221.9
44.04 222.83
44.05 224.35
44.06 223.98
44.07 222.42
44.08 220.34
44.09 218.48
44.1 218.04
44.11 216.9
44.12 216.7
44.13 217.56
44.14 217.21
44.15 216.21
44.16 215.64
44.17 214.68
44.18 214.58
44.19 215.76
44.2 217.46
44.21 220.17
44.22 222.38
44.23 222.39
44.24 222.71
44.25 222.68
44.26 219.74
44.27 218.64
44.28 219.77
44.29 219.85
44.3 220.54
44.31 220.88
44.32 220.6
44.33 220.12
44.34 218.32
44.35 216.99
44.36 216.58
44.37 216.18
44.38 216.51
44.39 217.86
44.4 218.27
44.41 218.47
44.42 219.17
44.43 219.86
44.44 220.56
44.45 220.29
44.46 219.04
44.47 218.88
44.48 218.97
44.49 218.0
44.5 219.39
44.51 221.06
44.52 221.18
44.53 221.7
44.54 220.93
44.55 220.5
44.56 220.32
44.57 219.45
44.58 220.18
44.59 221.89
44.6 223.21
44.61 224.07
44.62 224.23
44.63 223.78
44.64 223.71
44.65 222.77
44.66 221.21
44.67 220.25
44.68 219.32
44.69 218.2
44.7 215.22
44.71 213.01
44.72 213.51
44.73 212.17
44.74 211.68
44.75 212.22
44.76 211.26
44.77 212.35
44.78 214.18
44.79 215.02
44.8 216.26
44.81 219.44
44.82 221.96
44.83 224.04
44.84 226.48
44.85 228.91
44.86 232.57
44.87 237.81
44.88 237.61
44.89 237.12
44.9 238.78
44.91 240.27
44.92 240.1
44.93 237.9
44.94 236.46
44.95 236.49
44.96 237.75
44.97 240.42
44.98 241.44
44.99 239.99
45.0 237.79
45.01 236.9
45.02 238.57
45.03 241.15
45.04 241.33
45.05 238.85
45.06 236.5
45.07 235.77
45.08 234.73
45.09 233.83
45.1 235.87
45.11 237.01
45.12 236.92
45.13 238.58
45.14 240.69
45.15 244.02
45.16 248.26
45.17 249.82
45.18 248.93
45.19 248.55
45.2 249.67
45.21 245.68
45.22 241.8
45.23 243.0
45.24 121.78
45.25 237.93
45.26 237.42
45.27 236.87
45.28 235.73
45.29 235.89
45.3 235.98
45.31 235.55
45.32 236.2
45.33 237.5
45.34 238.45
45.35 240.84
45.36 241.61
45.37 240.77
45.38 239.95
45.39 238.18
45.4 238.89
45.41 240.96
45.42 240.53
45.43 240.36
45.44 239.53
45.45 239.08
45.46 240.17
45.47 239.87
45.48 241.69
45.49 121.04
45.5 120.8
45.51 120.63
45.52 120.15
45.53 120.49
45.54 120.88
45.55 120.9
45.56 121.24
45.57 121.38
45.58 121.7
45.59 122.33
45.6 122.67
45.61 122.96
45.62 122.24
45.63 242.99
45.64 121.01
45.65 241.24
45.66 241.53
45.67 241.84
45.68 241.17
45.69 120.56
45.7 120.02
45.71 119.97
45.72 120.01
45.73 240.28
45.74 238.98
45.75 237.47
45.76 234.77
45.77 232.72
45.78 229.54
45.79 225.58
45.8 220.02
45.81 212.92
45.82 208.46
45.83 201.86
45.84 196.06
45.85 192.61
45.86 190.29
45.87 187.06
45.88 184.81
45.89 182.18
45.9 178.97
45.91 177.25
45.92 176.04
45.93 175.47
45.94 173.97
45.95 172.47
45.96 171.01
45.97 170.68
45.98 171.8
45.99 171.97
46.0 171.73
46.01 172.91
46.02 174.03
46.03 175.49
46.04 178.5
46.05 181.4
46.06 183.03
46.07 184.48
46.08 185.23
46.09 185.22
46.1 185.17
46.11 184.05
46.12 183.07
46.13 182.37
46.14 181.33
46.15 180.53
46.16 179.71
46.17 179.43
46.18 179.49
46.19 179.51
46.2 179.14
46.21 180.2
46.22 181.73
46.23 182.45
46.24 182.16
46.25 181.74
46.26 182.07
46.27 182.21
46.28 182.17
46.29 182.14
46.3 182.06
46.31 182.09
46.32 182.19
46.33 182.07
46.34 182.41
46.35 183.31
46.36 183.73
46.37 183.92
46.38 184.07
46.39 184.2
46.4 183.08
46.41 181.82
46.42 181.75
46.43 182.2
46.44 182.75
46.45 183.06
46.46 182.89
46.47 182.69
46.48 182.33
46.49 181.42
46.5 180.74
46.51 180.52
46.52 180.27
46.53 180.72
46.54 182.0
46.55 182.54
46.56 182.39
46.57 182.02
46.58 181.91
46.59 181.74
46.6 181.6
46.61 181.69
46.62 181.45
46.63 181.64
46.64 182.19
46.65 182.57
46.66 182.56
46.67 182.44
46.68 182.42
46.69 182.96
46.7 184.06
46.71 184.41
46.72 184.19
46.73 183.53
46.74 182.7
46.75 181.88
46.76 181.39
46.77 181.0
46.78 180.93
46.79 181.87
46.8 182.91
46.81 183.66
46.82 184.04
46.83 184.69
46.84 184.88
46.85 184.65
46.86 184.12
46.87 183.06
46.88 180.86
46.89 180.34
46.9 181.04
46.91 180.33
46.92 180.21
46.93 181.53
46.94 182.2
46.95 182.51
46.96 182.31
46.97 179.95
46.98 176.31
46.99 168.19
47.0 163.34
47.01 176.54
47.02 183.56
47.03 181.56
47.04 171.0
47.05 154.06
47.06 174.96
47.07 176.0
47.08 63.01
47.09 63.87
47.1 64.53
47.11 183.98
47.12 0.0
47.13 0.0
47.14 133.61
47.15 105.95
47.16 106.36
47.17 111.37
47.18 113.32
47.19 68.76
47.2 76.55
47.21 0.0
47.22 0.0
47.23 0.0
47.24 0.0
47.25 0.0
47.26 0.0
47.27 185.91
47.28 63.03
47.29 65.24
47.3 78.09
47.31 87.68
47.32 0.0
47.33 0.0
47.34 94.72
47.35 285.76
47.36 62.38
47.37 64.02
47.38 0.0
47.39 61.43
47.4 73.26
47.41 73.37
47.42 98.8
47.43 303.15
47.44 96.59
47.45 193.29
47.46 0.0
47.47 0.0
47.48 0.0
47.49 0.0
47.5 0.0
47.51 0.0
47.52 0.0
47.53 0.0
47.54 0.0
47.55 0.0
47.56 0.0
47.57 0.0
47.58 198.8
47.59 176.46
47.6 170.22
47.61 169.75
47.62 169.23
47.63 168.86
47.64 169.16
47.65 170.72
47.66 172.19
47.67 174.74
47.68 177.85
47.69 181.5
47.7 185.91
47.71 187.11
47.72 186.64
47.73 187.83
47.74 189.45
47.75 190.4
47.76 192.96
47.77 198.95
47.78 203.48
47.79 202.29
47.8 201.36
47.81 201.4
47.82 199.44
47.83 67.49
47.84 209.41
47.85 212.34
47.86 219.21
47.87 222.73
47.88 223.88
47.89 225.55
47.9 229.89
47.91 233.33
47.92 234.63
47.93 235.24
47.94 236.78
47.95 238.79
47.96 241.2
47.97 244.39
47.98 247.41
47.99 247.64
48.0 249.78
48.01 250.69
48.02 251.33
48.03 252.06
48.04 252.3
48.05 251.75
48.06 250.71
48.07 251.36
48.08 251.51
48.09 252.12
48.1 252.72
48.11 253.72
48.12 254.49
48.13 257.47
48.14 257.67
48.15 258.12
48.16 260.36
48.17 261.08
48.18 261.86
48.19 262.66
48.2 263.1
48.21 263.87
48.22 263.44
48.23 263.25
48.24 264.75
48.25 265.53
48.26 264.67
48.27 262.08
48.28 260.17
48.29 259.63
48.3 258.89
48.31 258.82
48.32 260.39
48.33 258.9
48.34 258.04
48.35 259.63
48.36 260.16
48.37 261.14
48.38 262.87
48.39 264.89
48.4 266.52
48.41 267.07
48.42 268.27
48.43 269.2
48.44 269.57
48.45 270.16
48.46 135.48
48.47 135.02
48.48 89.62
48.49 89.65
48.5 89.65
48.51 267.08
48.52 267.19
48.53 267.56
48.54 267.19
48.55 265.73
48.56 265.47
48.57 266.93
48.58 267.28
48.59 268.31
48.6 136.43
48.61 136.78
48.62 136.81
48.63 136.64
48.64 269.27
48.65 268.97
48.66 268.88
48.67 268.09
48.68 266.66
48.69 265.57
48.7 266.68
48.71 267.44
48.72 266.87
48.73 266.04
48.74 264.72
48.75 88.95
48.76 88.88
48.77 88.95
48.78 134.25
48.79 265.77
48.8 265.75
48.81 267.44
48.82 269.5
48.83 269.42
48.84 269.03
48.85 268.58
48.86 267.59
48.87 267.16
48.88 89.55
48.89 89.43
48.9 89.4
48.91 89.52
48.92 89.69
48.93 265.95
48.94 268.21
48.95 269.64
48.96 271.06
48.97 271.3
48.98 271.13
48.99 137.18
49.0 137.29
49.01 90.52
49.02 89.99
49.03 89.86
49.04 135.7
49.05 89.76
49.06 266.03
49.07 267.73
49.08 269.32
49.09 269.41
49.1 268.6
49.11 268.79
49.12 268.63
49.13 267.39
49.14 267.23
49.15 266.88
49.16 266.73
49.17 267.4
49.18 268.14
49.19 268.54
49.2 267.89
49.21 267.67
49.22 268.61
49.23 269.83
49.24 269.79
49.25 267.14
49.26 265.08
49.27 264.84
49.28 267.14
49.29 268.08
49.3 268.42
49.31 269.69
49.32 267.71
49.33 266.25
49.34 266.93
49.35 267.89
49.36 266.52
49.37 265.14
49.38 265.96
49.39 266.96
49.4 265.97
49.41 264.95
49.42 265.71
49.43 267.93
49.44 268.45
49.45 268.86
49.46 271.58
49.47 273.03
49.48 271.4
49.49 271.4
49.5 272.11
49.51 269.94
49.52 268.02
49.53 269.36
49.54 271.25
49.55 270.14
49.56 270.09
49.57 271.7
49.58 270.49
49.59 267.92
49.6 268.25
49.61 268.6
49.62 266.56
49.63 266.3
49.64 268.18
49.65 270.56
49.66 270.9
49.67 272.37
49.68 274.93
49.69 274.28
49.7 273.37
49.71 273.49
49.72 271.54
49.73 269.47
49.74 269.46
49.75 269.53
49.76 267.22
49.77 265.53
49.78 266.12
49.79 267.7
49.8 268.03
49.81 267.03
49.82 267.14
49.83 267.54
49.84 267.19
49.85 267.81
49.86 269.26
49.87 270.4
49.88 268.25
49.89 266.61
49.9 267.59
49.91 269.12
49.92 269.65
49.93 270.69
49.94 272.96
49.95 273.04
49.96 270.76
49.97 269.14
49.98 269.29
49.99 267.52
50.0 265.77
50.01 265.91
50.02 264.32
50.03 262.77
50.04 265.85
50.05 268.74
50.06 266.84
50.07 265.44
50.08 266.06
50.09 266.81
50.1 268.3
50.11 269.46
50.12 269.6
50.13 269.32
50.14 268.08
50.15 267.47
50.16 267.74
50.17 269.72
50.18 271.05
50.19 270.35
50.2 269.99
50.21 269.94
50.22 270.29
50.23 269.65
50.24 269.08
50.25 269.26
50.26 269.62
50.27 269.93
50.28 270.02
50.29 269.94
50.3 269.29
50.31 268.64
50.32 269.05
50.33 270.23
50.34 271.31
50.35 271.7
50.36 270.64
50.37 270.79
50.38 270.92
50.39 269.35
50.4 269.83
50.41 270.16
50.42 268.19
50.43 268.7
50.44 270.21
50.45 270.22
50.46 271.7
50.47 272.58
50.48 270.49
50.49 269.5
50.5 268.88
50.51 266.77
50.52 268.43
50.53 270.13
50.54 270.39
50.55 273.26
50.56 274.89
50.57 275.73
50.58 277.68
50.59 277.77
50.6 277.89
50.61 277.83
50.62 276.39
50.63 276.76
50.64 277.4
50.65 276.18
50.66 274.73
50.67 272.44
50.68 269.45
50.69 268.57
50.7 268.76
50.71 268.19
50.72 268.42
50.73 268.82
50.74 269.71
50.75 90.8
50.76 91.01
50.77 90.89
50.78 90.83
50.79 90.47
50.8 270.66
50.81 271.14
50.82 135.82
50.83 136.58
50.84 137.02
50.85 137.35
50.86 137.49
50.87 137.35
50.88 136.93
50.89 136.21
50.9 88.17
50.91 65.12
50.92 257.92
50.93 254.22
50.94 250.06
50.95 246.52
50.96 245.42
50.97 245.67
50.98 241.29
50.99 238.81
51.0 237.35
51.01 708.06
51.02 703.58
51.03 697.35
51.04 699.96
51.05 233.96
51.06 235.57
51.07 238.26
51.08 240.18
51.09 239.79
51.1 239.33
51.11 239.18
51.12 239.44
51.13 240.15
51.14 240.07
51.15 238.8
51.16 237.81
51.17 237.45
51.18 237.47
51.19 237.65
51.2 238.02
51.21 238.07
51.22 238.03
51.23 238.13
51.24 238.58
51.25 238.56
51.26 238.25
51.27 237.67
51.28 238.32
51.29 239.1
51.3 238.22
51.31 239.92
51.32 241.2
51.33 242.23
51.34 247.53
51.35 250.17
51.36 251.93
51.37 252.75
51.38 255.51
51.39 260.3
51.4 264.59
51.41 90.25
51.42 136.62
51.43 137.06
51.44 137.26
51.45 137.29
51.46 137.07
51.47 136.65
51.48 89.76
51.49 89.47
51.5 265.83
51.51 265.85
51.52 266.48
51.53 265.95
51.54 264.87
51.55 263.83
51.56 88.67
51.57 89.32
51.58 136.15
51.59 137.68
51.6 139.12
51.61 140.14
51.62 140.82
51.63 140.84
51.64 140.29
51.65 278.49
51.66 276.0
51.67 274.07
51.68 136.59
51.69 89.79
51.7 89.26
51.71 89.2
51.72 89.29
51.73 89.3
51.74 89.49
51.75 90.01
51.76 270.11
51.77 271.81
51.78 273.21
51.79 273.9
51.8 275.36
51.81 276.63
51.82 276.91
51.83 275.73
51.84 138.32
51.85 138.24
51.86 138.39
51.87 138.75
51.88 138.76
51.89 276.17
51.9 275.88
51.91 275.58
51.92 275.37
51.93 274.27
51.94 273.12
51.95 273.6
51.96 137.65
51.97 137.73
51.98 137.7
51.99 137.29
52.0 137.07
52.01 137.13
52.02 92.05
52.03 69.02
52.04 69.05
52.05 276.32
52.06 275.48
52.07 274.11
52.08 274.14
52.09 270.95
52.1 269.6
52.11 268.5
52.12 267.37
52.13 267.8
52.14 263.93
52.15 264.44
52.16 265.45
52.17 265.46
52.18 267.73
52.19 269.05
52.2 273.81
52.21 280.33
52.22 285.96
52.23 288.79
52.24 290.47
52.25 290.75
52.26 289.61
52.27 286.27
52.28 282.85
52.29 280.0
52.3 277.68
52.31 275.6
52.32 274.23
52.33 273.75
52.34 273.61
52.35 273.8
52.36 274.33
52.37 274.99
52.38 275.47
52.39 276.07
52.4 276.35
52.41 275.98
52.42 275.83
52.43 274.92
52.44 275.16
52.45 275.31
52.46 274.05
52.47 273.1
52.48 272.51
52.49 272.16
52.5 272.57
52.51 272.06
52.52 271.91
52.53 271.82
52.54 271.93
52.55 272.75
52.56 272.61
52.57 272.46
52.58 272.0
52.59 272.88
52.6 273.32
52.61 135.89
52.62 136.14
52.63 136.64
52.64 136.65
52.65 136.37
52.66 135.81
52.67 135.62
52.68 135.88
52.69 136.2
52.7 136.7
52.71 137.12
52.72 137.52
52.73 137.45
52.74 137.2
52.75 136.87
52.76 274.12
52.77 273.06
52.78 274.05
52.79 275.45
52.8 276.64
52.81 91.29
52.82 90.94
52.83 68.34
52.84 274.09
52.85 272.97
52.86 274.13
52.87 273.94
52.88 272.4
52.89 271.41
52.9 269.67
52.91 266.7
52.92 87.2
52.93 86.74
52.94 86.37
52.95 85.96
52.96 85.17
52.97 84.42
52.98 83.91
52.99 83.7
53.0 84.29
53.01 84.76
53.02 85.35
53.03 86.22
53.04 86.74
53.05 86.61
53.06 86.36
53.07 85.99
53.08 85.51
53.09 122.68
53.1 207.01
53.11 202.35
53.12 201.93
53.13 202.5
53.14 202.54
53.15 202.74
53.16 202.58
53.17 202.16
53.18 201.51
53.19 200.49
53.2 199.34
53.21 197.7
53.22 195.34
53.23 191.17
53.24 185.61
53.25 184.03
53.26 151.07
53.27 185.66
53.28 79.76
53.29 63.17
53.3 301.76
53.31 193.42
53.32 195.15
53.33 192.1
53.34 66.9
53.35 95.68
53.36 64.18
53.37 73.83
53.38 66.28
53.39 0.0
53.4 0.0
53.41 0.0
53.42 0.0
53.43 150.66
53.44 85.45
53.45 115.47
53.46 101.12
53.47 0.0
53.48 0.0
53.49 0.0
53.5 0.0
53.51 0.0
53.52 0.0
53.53 0.0
53.54 0.0
53.55 0.0
53.56 0.0
53.57 0.0
53.58 97.22
53.59 0.0
53.6 338.18
53.61 317.69
53.62 295.65
53.63 302.2
53.64 300.09
53.65 276.71
53.66 263.71
53.67 262.4
53.68 62.87
53.69 124.94
53.7 121.94
53.71 121.31
53.72 243.01
53.73 257.9
53.74 263.84
53.75 256.54
53.76 247.38
53.77 239.56
53.78 236.69
53.79 237.66
53.8 241.74
53.81 248.3
53.82 254.2
53.83 259.97
53.84 264.77
53.85 270.82
53.86 275.23
53.87 276.79
53.88 277.93
53.89 278.63
53.9 277.7
53.91 277.37
53.92 277.57
53.93 277.84
53.94 280.2
53.95 283.45
53.96 285.92
53.97 285.52
53.98 285.34
53.99 286.7
54.0 288.11
54.01 290.4
54.02 293.65
54.03 296.65
54.04 296.87
54.05 296.32
54.06 297.73
54.07 298.79
54.08 298.01
54.09 296.19
54.1 294.47
54.11 292.31
54.12 290.28
54.13 290.33
54.14 290.76
54.15 290.28
54.16 290.33
54.17 291.14
54.18 291.82
54.19 291.65
54.2 290.44
54.21 289.92
54.22 290.51
54.23 291.55
54.24 292.98
54.25 292.45
54.26 290.42
54.27 291.08
54.28 291.49
54.29 291.52
54.3 292.3
54.31 292.37
54.32 291.21
54.33 290.1
54.34 288.78
54.35 288.79
54.36 289.96
54.37 290.26
54.38 290.47
54.39 289.96
54.4 289.58
54.41 289.51
54.42 289.45
54.43 291.41
54.44 293.47
54.45 294.73
54.46 295.52
54.47 294.73
54.48 294.16
54.49 293.5
54.5 293.2
54.51 292.56
54.52 292.63
54.53 292.56
54.54 293.11
54.55 294.12
54.56 295.1
54.57 294.41
54.58 292.59
54.59 291.47
54.6 290.31
54.61 288.99
54.62 288.81
54.63 288.21
54.64 288.19
54.65 289.37
54.66 289.95
54.67 289.64
54.68 289.2
54.69 288.38
54.7 287.86
54.71 287.53
54.72 287.77
54.73 289.21
54.74 289.39
54.75 288.56
54.76 287.82
54.77 288.41
54.78 288.8
54.79 289.56
54.8 290.07
54.81 289.28
54.82 288.17
54.83 286.15
54.84 284.96
54.85 283.24
54.86 281.94
54.87 282.28
54.88 282.49
54.89 282.39
54.9 283.16
54.91 283.4
54.92 285.18
54.93 288.73
54.94 291.71
54.95 294.42
54.96 295.6
54.97 295.23
54.98 294.96
54.99 294.06
55.0 293.78
55.01 293.6
55.02 293.39
55.03 293.79
55.04 293.91
55.05 295.31
55.06 294.49
55.07 294.39
55.08 295.91
55.09 297.31
55.1 297.8
55.11 297.86
55.12 297.15
55.13 296.63
55.14 294.95
55.15 291.76
55.16 288.7
55.17 284.0
55.18 278.99
55.19 272.17
55.2 264.91
55.21 259.39
55.22 250.99
55.23 246.93
55.24 248.56
55.25 250.85
55.26 255.36
55.27 260.29
55.28 265.26
55.29 268.45
55.3 269.36
55.31 270.1
55.32 269.56
55.33 269.6
55.34 269.73
55.35 269.38
55.36 268.12
55.37 267.26
55.38 265.6
55.39 264.67
55.4 264.77
55.41 266.02
55.42 266.82
55.43 267.86
55.44 268.55
55.45 268.41
55.46 268.68
55.47 268.43
55.48 268.14
55.49 267.5
55.5 268.95
55.51 270.88
55.52 271.25
55.53 271.72
55.54 272.89
55.55 272.9
55.56 272.62
55.57 273.17
55.58 273.61
55.59 274.42
55.6 274.29
55.61 273.82
55.62 274.04
55.63 274.1
55.64 274.31
55.65 273.96
55.66 274.44
55.67 274.4
55.68 273.67
55.69 273.61
55.7 273.66
55.71 274.64
55.72 274.72
55.73 274.11
55.74 273.01
55.75 271.86
55.76 270.72
55.77 269.62
55.78 269.84
55.79 269.68
55.8 269.12
55.81 268.05
55.82 266.29
55.83 263.74
55.84 259.49
55.85 255.66
55.86 249.86
55.87 240.42
55.88 235.97
55.89 234.91
55.9 235.93
55.91 235.19
55.92 236.61
55.93 243.24
55.94 248.17
55.95 254.15
55.96 258.73
55.97 261.83
55.98 263.9
55.99 266.3
56.0 265.65
56.01 262.42
56.02 260.07
56.03 256.83
56.04 253.74
56.05 251.54
56.06 249.96
56.07 249.53
56.08 251.18
56.09 252.88
56.1 253.02
56.11 251.13
56.12 247.73
56.13 243.14
56.14 238.88
56.15 233.12
56.16 225.47
56.17 215.57
56.18 204.95
56.19 193.44
56.2 186.83
56.21 184.43
56.22 183.03
56.23 183.64
56.24 184.66
56.25 185.81
56.26 187.89
56.27 188.74
56.28 191.3
56.29 194.6
56.3 196.5
56.31 197.94
56.32 198.75
56.33 198.54
56.34 199.16
56.35 198.76
56.36 197.65
56.37 198.52
56.38 198.92
56.39 199.41
56.4 199.12
56.41 199.03
56.42 198.98
56.43 198.13
56.44 198.05
56.45 197.14
56.46 198.59
56.47 199.05
56.48 200.07
56.49 200.75
56.5 200.36
56.51 202.4
56.52 203.44
56.53 204.03
56.54 207.72
56.55 211.82
56.56 214.74
56.57 216.69
56.58 216.46
56.59 213.21
56.6 209.73
56.61 205.08
56.62 204.5
56.63 204.95
56.64 206.63
56.65 211.72
56.66 217.33
56.67 220.8
56.68 225.36
56.69 226.51
56.7 222.62
56.71 220.15
56.72 219.06
56.73 215.86
56.74 211.28
56.75 210.22
56.76 209.13
56.77 209.2
56.78 211.86
56.79 213.89
56.8 213.49
56.81 213.52
56.82 213.34
56.83 212.97
56.84 213.32
56.85 212.58
56.86 211.89
56.87 210.89
56.88 211.39
56.89 209.71
56.9 207.99
56.91 210.39
56.92 213.38
56.93 215.03
56.94 215.92
56.95 216.81
56.96 218.07
56.97 218.65
56.98 218.65
56.99 216.72
57.0 215.57
57.01 214.82
57.02 213.56
57.03 213.72
57.04 213.42
57.05 213.16
57.06 213.52
57.07 213.27
57.08 214.17
57.09 216.66
57.1 217.07
57.11 216.39
57.12 216.45
57.13 218.06
57.14 219.21
57.15 219.24
57.16 219.54
57.17 219.4
57.18 218.18
57.19 216.89
57.2 216.15
57.21 215.93
57.22 216.48
57.23 217.88
57.24 218.66
57.25 219.5
57.26 221.05
57.27 221.2
57.28 221.23
57.29 220.78
57.3 220.02
57.31 219.37
57.32 218.37
57.33 218.72
57.34 218.86
57.35 218.71
57.36 219.34
57.37 219.68
57.38 219.64
57.39 219.88
57.4 220.56
57.41 220.33
57.42 220.01
57.43 219.09
57.44 218.14
57.45 217.81
57.46 217.03
57.47 217.16
57.48 217.52
57.49 217.2
57.5 217.59
57.51 218.65
57.52 218.87
57.53 218.31
57.54 217.28
57.55 216.24
57.56 216.01
57.57 216.9
57.58 216.97
57.59 216.24
57.6 216.15
57.61 215.89
57.62 216.03
57.63 217.63
57.64 219.59
57.65 219.91
57.66 219.02
57.67 218.45
57.68 218.0
57.69 217.48
57.7 217.42
57.71 218.31
57.72 218.52
57.73 217.68
57.74 217.19
57.75 216.8
57.76 216.42
57.77 216.22
57.78 214.61
57.79 211.21
57.8 204.08
57.81 190.51
57.82 180.77
57.83 183.25
57.84 181.93
57.85 271.94
57.86 563.4
57.87 182.76
57.88 183.65
57.89 184.26
57.9 184.56
57.91 183.68
57.92 183.37
57.93 183.54
57.94 183.48
57.95 183.4
57.96 183.17
57.97 182.25
57.98 179.03
57.99 175.48
58.0 177.53
58.01 136.84
58.02 168.9
58.03 167.51
58.04 106.46
58.05 282.99
58.06 67.43
58.07 68.56
58.08 284.05
58.09 186.94
58.1 183.38
58.11 137.98
58.12 179.47
58.13 179.74
58.14 0.0
58.15 0.0
58.16 0.0
58.17 0.0
58.18 0.0
58.19 0.0
58.2 0.0
58.21 0.0
58.22 0.0
58.23 261.15
58.24 922.41
58.25 0.0
58.26 0.0
58.27 0.0
58.28 1712.19
58.29 247.86
58.3 245.27
58.31 234.48
58.32 221.28
58.33 213.12
58.34 208.36
58.35 203.97
58.36 202.03
58.37 199.82
58.38 197.53
58.39 196.24
58.4 194.43
58.41 194.23
58.42 193.66
58.43 193.21
58.44 194.8
58.45 196.47
58.46 200.28
58.47 201.7
58.48 202.3
58.49 206.42
58.5 212.05
58.51 214.58
58.52 216.53
58.53 221.73
58.54 226.6
58.55 228.72
58.56 230.55
58.57 235.49
58.58 238.56
58.59 239.37
58.6 242.19
58.61 242.91
58.62 241.53
58.63 243.72
58.64 244.19
58.65 241.95
58.66 244.39
58.67 249.29
58.68 251.43
58.69 253.66
58.7 256.38
58.71 256.97
58.72 258.83
58.73 261.16
58.74 261.06
58.75 261.86
58.76 261.42
58.77 260.2
58.78 259.6
58.79 258.03
58.8 258.79
58.81 258.92
58.82 260.82
58.83 263.32
58.84 263.53
58.85 266.12
58.86 266.97
58.87 269.07
58.88 269.67
58.89 268.86
58.9 269.03
58.91 268.47
58.92 270.43
58.93 271.08
58.94 271.84
58.95 272.38
58.96 272.86
58.97 272.61
58.98 271.21
58.99 269.05
59.0 268.17
59.01 267.95
59.02 268.61
59.03 269.87
59.04 272.07
59.05 274.57
59.06 276.13
59.07 276.48
59.08 275.89
59.09 276.18
59.1 276.23
59.11 276.85
59.12 276.6
59.13 275.09
59.14 272.91
59.15 269.74
59.16 266.59
59.17 263.53
59.18 260.72
59.19 128.2
59.2 125.92
59.21 123.98
59.22 121.98
59.23 120.32
59.24 237.23
59.25 234.89
59.26 232.28
59.27 232.65
59.28 235.9
59.29 237.92
59.3 240.19
59.31 121.69
59.32 121.7
59.33 243.21
59.34 121.04
59.35 120.66
59.36 239.74
59.37 240.01
59.38 121.18
59.39 121.37
59.4 121.61
59.41 122.04
59.42 243.04
59.43 245.04
59.44 122.51
59.45 122.24
59.46 121.88
59.47 121.78
59.48 122.13
59.49 122.04
59.5 122.17
59.51 122.21
59.52 121.61
59.53 121.17
59.54 120.81
59.55 121.06
59.56 121.51
59.57 121.98
59.58 122.48
59.59 122.9
59.6 123.09
59.61 123.34
59.62 123.63
59.63 123.87
59.64 123.92
59.65 123.92
59.66 123.9
59.67 123.71
59.68 123.32
59.69 123.26
59.7 123.2
59.71 123.27
59.72 123.34
59.73 123.01
59.74 122.73
59.75 122.65
59.76 122.73
59.77 122.72
59.78 122.26
59.79 122.1
59.8 122.32
59.81 122.78
59.82 122.97
59.83 123.14
59.84 123.33
59.85 123.23
59.86 123.02
59.87 122.55
59.88 122.14
59.89 121.55
59.9 121.27
59.91 121.37
59.92 121.33
59.93 121.37
59.94 243.06
59.95 242.27
59.96 119.61
59.97 237.19
59.98 234.17
59.99 229.47
60.0 225.37
60.01 221.97
60.02 219.19
60.03 216.48
60.04 212.39
60.05 209.02
60.06 206.2
60.07 203.6
60.08 200.79
60.09 197.2
60.1 192.25
60.11 189.02
60.12 187.24
60.13 183.69
60.14 181.3
60.15 180.79
60.16 179.43
60.17 179.18
60.18 179.63
60.19 178.25
60.2 177.78
60.21 177.52
60.22 177.12
60.23 178.17
60.24 178.93
60.25 178.88
60.26 178.76
60.27 178.0
60.28 177.46
60.29 177.13
60.3 176.51
60.31 176.28
60.32 176.65
60.33 177.71
60.34 178.74
60.35 179.45
60.36 181.03
60.37 182.04
60.38 182.41
60.39 182.65
60.4 182.98
60.41 183.61
60.42 184.85
60.43 185.19
60.44 184.1
60.45 182.81
60.46 181.62
60.47 181.29
60.48 181.2
60.49 181.41
60.5 182.09
60.51 183.03
60.52 183.93
60.53 184.27
60.54 184.72
60.55 185.31
60.56 185.54
60.57 185.31
60.58 184.63
60.59 183.97
60.6 183.51
60.61 183.06
60.62 182.48
60.63 181.78
60.64 181.36
60.65 181.58
60.66 182.51
60.67 183.54
60.68 183.98
60.69 184.57
60.7 185.65
60.71 186.15
60.72 186.44
60.73 185.95
60.74 184.32
60.75 183.86
60.76 183.63
60.77 183.31
60.78 183.8
60.79 184.2
60.8 184.31
60.81 184.52
60.82 184.36
60.83 183.67
60.84 183.7
60.85 184.07
60.86 183.6
60.87 183.49
60.88 183.61
60.89 183.87
60.9 183.91
60.91 183.16
60.92 181.91
60.93 181.33
60.94 181.58
60.95 181.71
60.96 181.55
60.97 181.38
60.98 181.62
60.99 182.21
61.0 182.45
61.01 181.89
61.02 180.96
61.03 180.38
61.04 180.89
61.05 180.88
61.06 179.77
61.07 178.42
61.08 177.81
61.09 178.34
61.1 179.0
61.11 179.96
61.12 180.67
61.13 181.22
61.14 181.48
61.15 181.78
61.16 181.88
61.17 181.73
61.18 181.52
61.19 181.38
61.2 180.89
61.21 179.76
61.22 179.02
61.23 178.74
61.24 179.4
61.25 180.17
61.26 180.72
61.27 181.88
61.28 182.44
61.29 182.07
61.3 181.78
61.31 181.45
61.32 181.15
61.33 181.2
61.34 181.09
61.35 180.84
61.36 180.99
61.37 181.17
61.38 181.62
61.39 182.05
61.4 181.79
61.41 181.66
61.42 182.8
61.43 184.27
61.44 184.74
61.45 185.31
61.46 185.56
61.47 184.64
61.48 184.06
61.49 183.18
61.5 182.19
61.51 181.74
61.52 182.27
61.53 183.64
61.54 185.19
61.55 185.35
61.56 184.49
61.57 184.04
61.58 183.93
61.59 182.55
61.6 182.18
61.61 181.73
61.62 181.58
61.63 182.62
61.64 183.87
61.65 184.26
61.66 183.78
61.67 185.13
61.68 186.62
61.69 185.77
61.7 185.03
61.71 183.88
61.72 182.15
61.73 180.84
61.74 177.94
61.75 175.48
61.76 172.97
61.77 169.04
61.78 165.33
61.79 164.27
61.8 164.42
61.81 161.21
61.82 156.84
61.83 156.23
61.84 153.28
61.85 146.61
61.86 149.74
61.87 147.37
61.88 73.2
61.89 110.09
61.9 107.65
61.91 234.64
61.92 0.0
61.93 0.0
61.94 0.0
61.95 0.0
61.96 0.0
61.97 0.0
61.98 0.0
61.99 0.0
62.0 0.0
62.01 0.0
62.02 0.0
62.03 0.0
62.04 0.0
62.05 0.0
62.06 0.0
62.07 0.0
62.08 0.0
62.09 0.0
62.1 0.0
62.11 0.0
62.12 0.0
62.13 0.0
62.14 0.0
62.15 0.0
62.16 0.0
62.17 0.0
62.18 0.0
62.19 0.0
62.2 0.0
62.21 0.0
62.22 0.0
62.23 0.0
62.24 0.0
62.25 0.0
62.26 0.0
62.27 0.0
62.28 0.0
62.29 0.0
62.3 0.0
62.31 0.0
62.32 0.0
62.33 0.0
62.34 0.0
62.35 0.0
62.36 0.0
62.37 0.0
62.38 0.0
62.39 0.0
62.4 0.0
62.41 62.41
62.42 62.42
62.43 62.43
62.44 62.44
62.45 62.45
