0.0 0.0
0.01 0.0
0.02 0.0
0.03 0.0
0.04 0.0
0.05 0.0
0.06 0.0
0.07 0.0
0.08 0.0
0.09 0.0
0.1 0.0
0.11 0.0
0.12 0.0
0.13 0.0
0.14 0.0
0.15 0.0
0.16 0.0
0.17 0.0
0.18 0.0
0.19 0.0
0.2 0.0
0.21 0.0
0.22 0.0
0.23 0.0
0.24 0.0
0.25 0.0
0.26 0.0
0.27 0.0
0.28 0.0
0.29 0.0
0.3 0.0
0.31 0.0
0.32 0.0
0.33 0.0
0.34 0.0
0.35 0.0
0.36 0.0
0.37 0.0
0.38 0.0
0.39 0.0
0.4 0.0
0.41 0.0
0.42 0.0
0.43 125.68
0.44 121.97
0.45 124.68
0.46 135.62
0.47 145.12
0.48 158.22
0.49 170.5
0.5 184.5
0.51 195.48
0.52 206.05
0.53 214.7
0.54 220.35
0.55 225.89
0.56 230.94
0.57 235.76
0.58 240.43
0.59 243.52
0.6 246.1
0.61 247.95
0.62 249.96
0.63 252.32
0.64 253.96
0.65 256.0
0.66 257.83
0.67 258.4
0.68 258.78
0.69 259.05
0.7 259.51
0.71 260.75
0.72 261.83
0.73 262.55
0.74 263.19
0.75 263.69
0.76 263.88
0.77 264.13
0.78 264.88
0.79 265.77
0.8 266.06
0.81 265.52
0.82 265.08
0.83 264.63
0.84 263.83
0.85 263.11
0.86 262.51
0.87 262.35
0.88 262.63
0.89 263.18
0.9 264.51
0.91 266.1
0.92 267.16
0.93 267.9
0.94 268.46
0.95 268.63
0.96 268.17
0.97 267.29
0.98 266.89
0.99 266.35
1.0 264.89
1.01 263.56
1.02 263.14
1.03 262.98
1.04 263.77
1.05 264.66
1.06 265.42
1.07 266.6
1.08 267.56
1.09 267.69
1.1 267.68
1.11 267.82
1.12 268.42
1.13 269.09
1.14 269.07
1.15 268.4
1.16 267.54
1.17 266.88
1.18 266.18
1.19 265.6
1.2 265.58
1.21 266.07
1.22 266.35
1.23 266.61
1.24 267.41
1.25 268.13
1.26 268.71
1.27 268.97
1.28 269.19
1.29 268.94
1.3 268.17
1.31 267.57
1.32 267.19
1.33 267.14
1.34 266.85
1.35 266.6
1.36 266.85
1.37 267.34
1.38 267.66
1.39 267.7
1.4 267.89
1.41 267.97
1.42 267.71
1.43 267.26
1.44 266.57
1.45 266.31
1.46 266.94
1.47 267.29
1.48 267.3
1.49 267.32
1.5 267.45
1.51 267.93
1.52 268.3
1.53 268.59
1.54 268.84
1.55 269.33
1.56 269.65
1.57 269.23
1.58 267.93
1.59 266.33
1.6 264.23
1.61 260.75
1.62 256.6
1.63 251.31
1.64 247.67
1.65 240.44
1.66 236.1
1.67 243.09
1.68 246.71
1.69 248.44
1.7 251.2
1.71 258.98
1.72 269.8
1.73 273.94
1.74 273.03
1.75 270.16
1.76 265.12
1.77 258.46
1.78 249.41
1.79 241.59
1.8 234.59
1.81 234.0
1.82 235.28
1.83 237.02
1.84 239.6
1.85 242.48
1.86 244.07
1.87 245.01
1.88 245.27
1.89 244.71
1.9 243.06
1.91 241.15
1.92 239.29
1.93 237.78
1.94 237.42
1.95 237.68
1.96 238.04
1.97 238.53
1.98 239.02
1.99 239.49
2.0 240.34
2.01 241.59
2.02 242.76
2.03 243.66
2.04 243.89
2.05 243.16
2.06 241.2
2.07 238.95
2.08 239.51
2.09 237.42
2.1 234.98
2.11 232.24
2.12 228.98
2.13 226.28
2.14 225.49
2.15 224.35
2.16 223.39
2.17 223.79
2.18 223.94
2.19 224.16
2.2 224.87
2.21 225.48
2.22 225.79
2.23 225.82
2.24 225.05
2.25 224.08
2.26 223.24
2.27 222.85
2.28 222.52
2.29 222.02
2.3 221.41
2.31 221.05
2.32 220.99
2.33 218.85
2.34 212.31
2.35 212.35
2.36 216.21
2.37 217.94
2.38 218.71
2.39 218.67
2.4 218.78
2.41 219.04
2.42 219.35
2.43 219.3
2.44 219.19
2.45 219.42
2.46 219.43
2.47 219.27
2.48 218.95
2.49 218.41
2.5 217.05
2.51 214.32
2.52 209.07
2.53 199.04
2.54 191.98
2.55 191.52
2.56 190.07
2.57 189.49
2.58 193.04
2.59 220.13
2.6 216.67
2.61 205.98
2.62 203.21
2.63 200.3
2.64 197.86
2.65 196.25
2.66 195.49
2.67 195.82
2.68 196.76
2.69 197.51
2.7 198.22
2.71 198.38
2.72 198.14
2.73 198.14
2.74 198.05
2.75 197.99
2.76 197.96
2.77 198.68
2.78 199.65
2.79 200.01
2.8 200.36
2.81 200.57
2.82 200.36
2.83 199.94
2.84 199.5
2.85 198.87
2.86 198.51
2.87 198.33
2.88 197.69
2.89 196.97
2.9 196.3
2.91 195.66
2.92 195.6
2.93 196.16
2.94 197.22
2.95 198.42
2.96 199.6
2.97 200.58
2.98 200.99
2.99 201.04
3.0 200.79
3.01 200.63
3.02 200.15
3.03 198.66
3.04 197.04
3.05 195.83
3.06 194.66
3.07 193.63
3.08 193.1
3.09 193.79
3.1 195.8
3.11 198.71
3.12 201.39
3.13 202.84
3.14 203.37
3.15 203.02
3.16 201.58
3.17 199.88
3.18 199.4
3.19 199.42
3.2 200.21
3.21 202.26
3.22 204.83
3.23 207.72
3.24 212.21
3.25 217.41
3.26 222.74
3.27 229.44
3.28 234.3
3.29 237.12
3.3 237.72
3.31 237.54
3.32 236.71
3.33 235.73
3.34 235.12
3.35 235.17
3.36 235.87
3.37 236.79
3.38 238.15
3.39 239.75
3.4 241.19
3.41 242.3
3.42 242.96
3.43 244.2
3.44 245.1
3.45 244.69
3.46 244.12
3.47 243.92
3.48 243.67
3.49 243.56
3.5 242.95
3.51 241.89
3.52 241.15
3.53 240.21
3.54 239.89
3.55 240.15
3.56 240.24
3.57 240.49
3.58 241.6
3.59 242.82
3.6 243.77
3.61 244.62
3.62 244.96
3.63 244.36
3.64 244.21
3.65 244.03
3.66 243.82
3.67 243.36
3.68 242.84
3.69 242.49
3.7 242.12
3.71 241.95
3.72 241.95
3.73 242.19
3.74 242.03
3.75 241.49
3.76 241.0
3.77 240.64
3.78 240.51
3.79 240.64
3.8 241.03
3.81 241.19
3.82 241.54
3.83 242.0
3.84 242.84
3.85 243.73
3.86 244.24
3.87 244.67
3.88 244.64
3.89 243.56
3.9 242.27
3.91 241.6
3.92 241.23
3.93 241.28
3.94 241.73
3.95 241.85
3.96 241.6
3.97 241.35
3.98 241.07
3.99 240.28
4.0 239.87
4.01 239.9
4.02 240.22
4.03 240.75
4.04 241.31
4.05 241.96
4.06 241.61
4.07 240.66
4.08 240.76
4.09 241.46
4.1 241.32
4.11 240.89
4.12 240.57
4.13 239.66
4.14 239.12
4.15 239.71
4.16 240.57
4.17 241.26
4.18 241.86
4.19 242.3
4.2 243.14
4.21 243.98
4.22 244.89
4.23 245.54
4.24 245.33
4.25 244.72
4.26 244.25
4.27 243.72
4.28 243.05
4.29 243.26
4.3 243.58
4.31 242.97
4.32 242.31
4.33 241.83
4.34 241.01
4.35 240.67
4.36 241.44
4.37 242.1
4.38 242.28
4.39 242.77
4.4 243.57
4.41 244.28
4.42 244.22
4.43 243.65
4.44 243.4
4.45 242.76
4.46 242.17
4.47 242.45
4.48 242.63
4.49 242.28
4.5 241.75
4.51 241.5
4.52 241.73
4.53 242.33
4.54 242.58
4.55 242.92
4.56 243.32
4.57 243.35
4.58 243.41
4.59 243.45
4.6 243.22
4.61 242.9
4.62 242.76
4.63 242.34
4.64 241.81
4.65 241.71
4.66 241.6
4.67 236.84
4.68 232.41
4.69 233.34
4.7 229.52
4.71 223.18
4.72 213.24
4.73 198.2
4.74 184.61
4.75 174.26
4.76 164.89
4.77 0.0
4.78 209.24
4.79 212.55
4.8 0.0
4.81 0.0
4.82 0.0
4.83 0.0
4.84 0.0
4.85 0.0
4.86 0.0
4.87 0.0
4.88 0.0
4.89 0.0
4.9 0.0
4.91 0.0
4.92 0.0
4.93 0.0
4.94 0.0
4.95 0.0
4.96 0.0
4.97 0.0
4.98 0.0
4.99 247.67
5.0 244.5
5.01 241.93
5.02 239.15
5.03 234.99
5.04 234.21
5.05 235.52
5.06 236.36
5.07 237.28
5.08 237.82
5.09 237.91
5.1 238.08
5.11 238.2
5.12 238.5
5.13 239.49
5.14 240.86
5.15 241.2
5.16 240.8
5.17 240.29
5.18 239.54
5.19 238.67
5.2 237.91
5.21 237.45
5.22 236.52
5.23 235.67
5.24 235.76
5.25 236.03
5.26 235.63
5.27 234.81
5.28 232.99
5.29 232.62
5.3 236.04
5.31 238.57
5.32 240.78
5.33 243.71
5.34 247.38
5.35 250.07
5.36 252.34
5.37 252.68
5.38 252.03
5.39 250.84
5.4 246.93
5.41 244.49
5.42 241.33
5.43 236.31
5.44 232.06
5.45 230.69
5.46 230.25
5.47 229.77
5.48 229.58
5.49 229.48
5.5 229.31
5.51 228.92
5.52 227.73
5.53 226.31
5.54 225.51
5.55 224.27
5.56 222.85
5.57 222.65
5.58 222.9
5.59 223.1
5.6 223.41
5.61 224.2
5.62 224.83
5.63 225.18
5.64 225.57
5.65 225.86
5.66 225.72
5.67 225.7
5.68 225.41
5.69 224.78
5.7 224.11
5.71 222.7
5.72 221.4
5.73 220.36
5.74 219.76
5.75 219.41
5.76 219.15
5.77 219.52
5.78 220.66
5.79 222.18
5.8 223.07
5.81 224.09
5.82 223.9
5.83 223.13
5.84 222.56
5.85 221.31
5.86 220.27
5.87 219.12
5.88 218.12
5.89 217.66
5.9 217.53
5.91 218.13
5.92 218.57
5.93 218.84
5.94 219.15
5.95 219.63
5.96 219.96
5.97 220.49
5.98 220.93
5.99 221.0
6.0 221.08
6.01 221.29
6.02 221.24
6.03 221.04
6.04 221.32
6.05 221.14
6.06 221.09
6.07 221.32
6.08 221.13
6.09 220.89
6.1 220.58
6.11 220.42
6.12 220.09
6.13 219.9
6.14 219.65
6.15 218.85
6.16 218.61
6.17 218.83
6.18 219.07
6.19 219.65
6.2 220.52
6.21 221.1
6.22 221.26
6.23 221.69
6.24 221.93
6.25 221.49
6.26 220.47
6.27 219.54
6.28 218.81
6.29 217.68
6.3 216.62
6.31 216.17
6.32 216.06
6.33 215.93
6.34 216.9
6.35 218.71
6.36 220.4
6.37 221.83
6.38 223.01
6.39 222.93
6.4 221.99
6.41 221.36
6.42 220.42
6.43 219.05
6.44 217.61
6.45 216.4
6.46 215.57
6.47 215.11
6.48 215.34
6.49 216.76
6.5 218.35
6.51 219.4
6.52 220.37
6.53 221.14
6.54 221.45
6.55 221.73
6.56 221.8
6.57 221.39
6.58 220.46
6.59 220.02
6.6 219.47
6.61 218.96
6.62 218.72
6.63 218.3
6.64 218.18
6.65 218.35
6.66 218.78
6.67 218.89
6.68 218.73
6.69 218.2
6.7 217.36
6.71 216.93
6.72 216.47
6.73 215.61
6.74 215.54
6.75 216.0
6.76 216.45
6.77 217.3
6.78 218.64
6.79 219.82
6.8 220.63
6.81 221.1
6.82 220.77
6.83 220.03
6.84 219.59
6.85 218.75
6.86 217.52
6.87 216.2
6.88 215.88
6.89 216.17
6.9 216.29
6.91 217.08
6.92 217.28
6.93 217.51
6.94 217.57
6.95 217.11
6.96 216.88
6.97 216.83
6.98 216.63
6.99 216.7
7.0 216.79
7.01 216.73
7.02 216.63
7.03 216.47
7.04 216.6
7.05 216.28
7.06 216.13
7.07 215.96
7.08 215.29
7.09 214.97
7.1 214.63
7.11 214.2
7.12 213.72
7.13 211.27
7.14 204.99
7.15 194.62
7.16 182.26
7.17 87.72
7.18 87.46
7.19 87.67
7.2 88.16
7.21 88.61
7.22 89.33
7.23 89.53
7.24 89.35
7.25 90.71
7.26 185.0
7.27 190.51
7.28 67.41
7.29 203.77
7.3 205.69
7.31 207.99
7.32 208.59
7.33 209.16
7.34 211.3
7.35 213.57
7.36 216.74
7.37 221.22
7.38 223.7
7.39 226.72
7.4 230.64
7.41 231.91
7.42 233.36
7.43 234.05
7.44 233.73
7.45 233.77
7.46 234.24
7.47 233.86
7.48 233.92
7.49 234.44
7.5 233.3
7.51 232.8
7.52 233.67
7.53 233.4
7.54 232.76
7.55 233.11
7.56 232.94
7.57 232.68
7.58 233.12
7.59 232.3
7.6 232.95
7.61 234.21
7.62 233.27
7.63 233.51
7.64 234.72
7.65 235.24
7.66 235.16
7.67 236.85
7.68 238.68
7.69 238.53
7.7 238.53
7.71 238.09
7.72 237.22
7.73 235.35
7.74 235.61
7.75 236.86
7.76 235.42
7.77 234.86
7.78 235.48
7.79 235.18
7.8 234.47
7.81 235.5
7.82 236.14
7.83 235.7
7.84 236.64
7.85 237.52
7.86 238.04
7.87 237.42
7.88 237.11
7.89 237.05
7.9 235.93
7.91 236.2
7.92 237.5
7.93 237.92
7.94 237.05
7.95 237.15
7.96 237.66
7.97 236.86
7.98 236.28
7.99 236.04
8.0 234.81
8.01 232.21
8.02 231.12
8.03 229.11
8.04 224.42
8.05 221.39
8.06 215.47
8.07 207.57
8.08 198.12
8.09 188.55
8.1 176.26
8.11 164.01
8.12 154.08
8.13 140.14
8.14 123.56
8.15 88.28
8.16 87.27
8.17 87.6
8.18 87.92
8.19 87.44
8.2 87.53
8.21 87.99
8.22 88.89
8.23 272.38
8.24 135.91
8.25 66.85
8.26 67.24
8.27 134.3
8.28 136.79
8.29 135.98
8.3 134.0
8.31 88.66
8.32 88.16
8.33 263.31
8.34 265.55
8.35 132.09
8.36 131.85
8.37 264.07
8.38 265.09
8.39 265.37
8.4 267.51
8.41 268.17
8.42 269.45
8.43 268.39
8.44 254.09
8.45 249.63
8.46 248.43
8.47 117.94
8.48 114.46
8.49 111.16
8.5 221.95
8.51 224.02
8.52 225.66
8.53 228.78
8.54 230.17
8.55 231.17
8.56 233.11
8.57 233.31
8.58 232.44
8.59 232.6
8.6 231.05
8.61 229.63
8.62 229.89
8.63 228.99
8.64 229.04
8.65 230.11
8.66 230.3
8.67 231.22
8.68 232.15
8.69 232.18
8.7 233.01
8.71 232.89
8.72 226.99
8.73 223.63
8.74 223.58
8.75 219.71
8.76 215.24
8.77 210.17
8.78 203.52
8.79 195.28
8.8 191.13
8.81 188.47
8.82 185.33
8.83 184.26
8.84 183.67
8.85 184.87
8.86 186.92
8.87 188.93
8.88 192.07
8.89 195.51
8.9 198.73
8.91 202.0
8.92 204.93
8.93 206.39
8.94 207.45
8.95 208.89
8.96 211.05
8.97 212.93
8.98 215.4
8.99 217.86
9.0 220.63
9.01 223.1
9.02 224.83
9.03 227.41
9.04 229.04
9.05 230.18
9.06 230.52
9.07 228.73
9.08 226.97
9.09 225.85
9.1 225.6
9.11 226.01
9.12 226.39
9.13 226.88
9.14 227.5
9.15 228.23
9.16 228.98
9.17 229.51
9.18 229.73
9.19 229.85
9.2 229.43
9.21 228.91
9.22 228.4
9.23 227.72
9.24 228.05
9.25 228.3
9.26 228.43
9.27 229.19
9.28 229.82
9.29 230.58
9.3 231.1
9.31 231.32
9.32 231.16
9.33 230.15
9.34 229.81
9.35 229.78
9.36 229.55
9.37 229.42
9.38 229.79
9.39 230.35
9.4 230.91
9.41 231.19
9.42 230.81
9.43 230.78
9.44 230.99
9.45 230.78
9.46 230.82
9.47 231.35
9.48 231.38
9.49 231.45
9.5 231.51
9.51 231.19
9.52 231.4
9.53 231.91
9.54 232.33
9.55 232.9
9.56 233.65
9.57 233.39
9.58 232.41
9.59 231.79
9.6 231.16
9.61 230.52
9.62 230.38
9.63 230.29
9.64 230.59
9.65 231.56
9.66 232.3
9.67 233.27
9.68 233.6
9.69 233.56
9.7 233.9
9.71 233.73
9.72 233.23
9.73 232.49
9.74 231.93
9.75 232.02
9.76 232.24
9.77 232.42
9.78 232.32
9.79 232.07
9.8 232.01
9.81 231.94
9.82 232.51
9.83 232.38
9.84 231.63
9.85 229.17
9.86 229.18
9.87 236.0
9.88 240.41
9.89 241.81
9.9 242.75
9.91 243.98
9.92 242.55
9.93 240.2
9.94 237.12
9.95 234.71
9.96 233.61
9.97 231.08
9.98 229.67
9.99 231.1
10.0 230.98
10.01 231.93
10.02 235.26
10.03 235.4
10.04 235.31
10.05 236.78
10.06 235.41
10.07 234.06
10.08 233.43
10.09 232.04
10.1 231.42
10.11 229.36
10.12 228.94
10.13 228.09
10.14 228.92
10.15 229.5
10.16 230.31
10.17 233.16
10.18 235.04
10.19 236.84
10.2 240.31
10.21 242.92
10.22 242.45
10.23 243.15
10.24 242.52
10.25 240.01
10.26 239.05
10.27 238.66
10.28 235.87
10.29 233.6
10.3 232.15
10.31 230.05
10.32 229.6
10.33 229.58
10.34 229.82
10.35 230.9
10.36 231.56
10.37 231.39
10.38 231.08
10.39 230.53
10.4 229.33
10.41 228.38
10.42 228.05
10.43 227.87
10.44 227.8
10.45 227.73
10.46 227.84
10.47 228.52
10.48 229.65
10.49 230.53
10.5 230.55
10.51 230.39
10.52 229.99
10.53 229.08
10.54 228.53
10.55 228.98
10.56 229.32
10.57 229.33
10.58 229.37
10.59 229.62
10.6 229.91
10.61 230.23
10.62 230.5
10.63 230.72
10.64 230.56
10.65 230.14
10.66 230.06
10.67 229.56
10.68 229.08
10.69 228.58
10.7 227.3
10.71 225.49
10.72 223.82
10.73 221.73
10.74 218.71
10.75 215.81
10.76 212.21
10.77 208.62
10.78 204.82
10.79 201.35
10.8 198.42
10.81 197.73
10.82 200.77
10.83 206.27
10.84 212.05
10.85 218.85
10.86 225.88
10.87 230.72
10.88 235.56
10.89 237.1
10.9 237.46
10.91 234.54
10.92 230.68
10.93 227.54
10.94 223.33
10.95 218.73
10.96 216.06
10.97 214.52
10.98 213.22
10.99 212.62
11.0 212.93
11.01 213.22
11.02 213.44
11.03 213.44
11.04 213.06
11.05 212.15
11.06 210.46
11.07 208.52
11.08 207.51
11.09 207.42
11.1 207.21
11.11 206.93
11.12 207.33
11.13 208.14
11.14 208.35
11.15 208.47
11.16 208.42
11.17 207.97
11.18 207.43
11.19 206.73
11.2 206.8
11.21 207.22
11.22 207.74
11.23 208.03
11.24 208.43
11.25 209.66
11.26 211.29
11.27 213.2
11.28 214.44
11.29 215.37
11.3 217.1
11.31 219.53
11.32 222.45
11.33 225.03
11.34 227.68
11.35 228.54
11.36 227.27
11.37 226.13
11.38 225.13
11.39 224.26
11.4 223.79
11.41 223.43
11.42 223.5
11.43 223.35
11.44 222.94
11.45 222.76
11.46 222.71
11.47 222.85
11.48 223.17
11.49 223.71
11.5 224.9
11.51 226.27
11.52 226.81
11.53 227.14
11.54 226.51
11.55 224.3
11.56 222.0
11.57 220.48
11.58 218.4
11.59 215.81
11.6 214.12
11.61 213.84
11.62 213.6
11.63 213.29
11.64 213.54
11.65 214.49
11.66 215.28
11.67 215.26
11.68 212.33
11.69 210.17
11.7 208.42
11.71 203.6
11.72 199.65
11.73 193.65
11.74 186.18
11.75 180.18
11.76 176.07
11.77 174.5
11.78 174.76
11.79 175.86
11.8 177.13
11.81 178.11
11.82 178.7
11.83 179.27
11.84 179.64
11.85 180.1
11.86 179.76
11.87 178.64
11.88 177.86
11.89 177.17
11.9 177.15
11.91 177.77
11.92 178.6
11.93 179.35
11.94 180.25
11.95 180.94
11.96 181.16
11.97 181.55
11.98 182.04
11.99 182.15
12.0 182.06
12.01 182.28
12.02 182.66
12.03 182.58
12.04 182.65
12.05 182.67
12.06 182.57
12.07 182.16
12.08 181.65
12.09 181.73
12.1 181.85
12.11 181.87
12.12 181.76
12.13 181.96
12.14 182.13
12.15 182.24
12.16 182.08
12.17 181.61
12.18 182.11
12.19 182.02
12.2 181.91
12.21 182.7
12.22 183.34
12.23 183.47
12.24 183.21
12.25 182.99
12.26 182.97
12.27 183.03
12.28 182.74
12.29 182.17
12.3 181.31
12.31 181.23
12.32 181.67
12.33 181.81
12.34 182.08
12.35 182.62
12.36 183.23
12.37 183.07
12.38 182.24
12.39 181.76
12.4 181.12
12.41 180.02
12.42 179.72
12.43 179.81
12.44 180.33
12.45 180.88
12.46 181.57
12.47 182.47
12.48 183.39
12.49 184.24
12.5 184.5
12.51 184.49
12.52 184.05
12.53 183.41
12.54 183.03
12.55 182.14
12.56 181.04
12.57 180.7
12.58 180.15
12.59 179.44
12.6 178.78
12.61 178.27
12.62 178.56
12.63 178.92
12.64 179.45
12.65 180.2
12.66 180.89
12.67 181.32
12.68 181.74
12.69 182.61
12.7 183.18
12.71 183.23
12.72 182.99
12.73 182.99
12.74 182.98
12.75 182.94
12.76 183.21
12.77 183.06
12.78 182.65
12.79 182.45
12.8 182.02
12.81 181.4
12.82 180.74
12.83 179.88
12.84 180.25
12.85 180.77
12.86 181.1
12.87 182.81
12.88 184.09
12.89 184.55
12.9 184.72
12.91 184.41
12.92 184.08
12.93 183.56
12.94 182.72
12.95 182.27
12.96 182.17
12.97 181.49
12.98 180.85
12.99 180.74
13.0 179.9
13.01 178.18
13.02 176.91
13.03 177.53
13.04 179.62
13.05 174.07
13.06 161.86
13.07 145.15
13.08 123.79
13.09 112.33
13.1 112.92
13.11 224.75
13.12 74.32
13.13 74.08
13.14 74.34
13.15 112.0
13.16 73.98
13.17 73.28
13.18 72.51
13.19 71.53
13.2 70.21
13.21 0.0
13.22 144.17
13.23 137.66
13.24 137.49
13.25 142.61
13.26 146.41
13.27 153.36
13.28 157.68
13.29 163.58
13.3 170.33
13.31 177.13
13.32 181.95
13.33 187.12
13.34 190.81
13.35 193.06
13.36 196.15
13.37 198.54
13.38 200.22
13.39 202.26
13.4 203.62
13.41 205.26
13.42 206.3
13.43 206.85
13.44 207.48
13.45 208.36
13.46 209.24
13.47 210.17
13.48 211.26
13.49 212.82
13.5 213.78
13.51 214.41
13.52 215.84
13.53 217.35
13.54 218.33
13.55 218.67
13.56 218.71
13.57 218.52
13.58 218.85
13.59 218.99
13.6 218.89
13.61 219.86
13.62 221.34
13.63 222.45
13.64 222.15
13.65 221.83
13.66 222.3
13.67 222.83
13.68 223.16
13.69 222.89
13.7 222.51
13.71 222.14
13.72 222.32
13.73 223.1
13.74 223.04
13.75 223.03
13.76 223.24
13.77 224.42
13.78 225.52
13.79 225.86
13.8 226.48
13.81 227.08
13.82 227.39
13.83 227.92
13.84 227.92
13.85 226.76
13.86 224.89
13.87 222.02
13.88 218.6
13.89 214.76
13.9 210.27
13.91 206.14
13.92 203.55
13.93 202.81
13.94 203.18
13.95 204.33
13.96 205.4
13.97 205.87
13.98 205.85
13.99 205.73
14.0 205.5
14.01 204.83
14.02 203.69
14.03 202.97
14.04 202.18
14.05 201.5
14.06 200.96
14.07 200.5
14.08 201.07
14.09 201.49
14.1 202.1
14.11 202.85
14.12 202.92
14.13 202.82
14.14 203.03
14.15 203.4
14.16 203.38
14.17 203.1
14.18 203.19
14.19 203.36
14.2 203.43
14.21 204.16
14.22 204.87
14.23 205.08
14.24 205.63
14.25 206.2
14.26 205.98
14.27 205.17
14.28 204.39
14.29 204.02
14.3 203.73
14.31 203.25
14.32 202.72
14.33 202.8
14.34 203.26
14.35 203.41
14.36 203.83
14.37 204.58
14.38 205.01
14.39 205.14
14.4 205.21
14.41 205.03
14.42 204.6
14.43 204.29
14.44 204.46
14.45 204.59
14.46 204.19
14.47 204.15
14.48 203.97
14.49 203.2
14.5 202.66
14.51 201.47
14.52 199.54
14.53 199.76
14.54 205.24
14.55 210.26
14.56 210.34
14.57 210.97
14.58 212.09
14.59 212.7
14.6 212.86
14.61 211.56
14.62 208.11
14.63 202.97
14.64 196.13
14.65 187.68
14.66 182.47
14.67 179.87
14.68 179.34
14.69 179.98
14.7 181.42
14.71 183.07
14.72 183.9
14.73 184.53
14.74 184.89
14.75 185.17
14.76 185.25
14.77 184.99
14.78 184.62
14.79 184.12
14.8 183.53
14.81 183.75
14.82 184.3
14.83 184.74
14.84 185.27
14.85 185.59
14.86 185.33
14.87 185.23
14.88 185.32
14.89 184.93
14.9 184.22
14.91 183.92
14.92 183.96
14.93 183.86
14.94 184.23
14.95 184.52
14.96 184.65
14.97 184.86
14.98 184.82
14.99 184.49
15.0 184.0
15.01 183.16
15.02 182.23
15.03 181.74
15.04 181.42
15.05 181.45
15.06 182.13
15.07 182.85
15.08 183.19
15.09 183.42
15.1 184.01
15.11 184.67
15.12 184.94
15.13 184.64
15.14 184.1
15.15 183.72
15.16 183.0
15.17 182.34
15.18 182.04
15.19 181.8
15.2 182.2
15.21 182.75
15.22 183.24
15.23 183.88
15.24 184.6
15.25 184.78
15.26 184.65
15.27 184.68
15.28 184.44
15.29 183.79
15.3 183.47
15.31 182.96
15.32 182.65
15.33 182.85
15.34 183.0
15.35 183.31
15.36 183.7
15.37 183.95
15.38 183.99
15.39 183.9
15.4 183.75
15.41 183.59
15.42 182.97
15.43 181.79
15.44 180.73
15.45 180.38
15.46 180.46
15.47 180.89
15.48 181.61
15.49 182.45
15.5 183.33
15.51 184.3
15.52 184.55
15.53 184.52
15.54 184.44
15.55 183.89
15.56 183.12
15.57 182.05
15.58 181.18
15.59 180.24
15.6 179.76
15.61 180.08
15.62 180.48
15.63 181.27
15.64 182.4
15.65 182.97
15.66 183.24
15.67 183.37
15.68 182.99
15.69 182.34
15.7 181.61
15.71 180.6
15.72 179.8
15.73 179.85
15.74 180.41
15.75 181.04
15.76 181.84
15.77 182.33
15.78 182.47
15.79 182.34
15.8 182.04
15.81 181.6
15.82 180.77
15.83 179.9
15.84 179.96
15.85 180.5
15.86 181.24
15.87 182.45
15.88 183.5
15.89 184.14
15.9 184.88
15.91 185.17
15.92 184.83
15.93 184.12
15.94 183.03
15.95 181.9
15.96 180.54
15.97 178.56
15.98 177.1
15.99 176.27
16.0 172.41
16.01 174.41
16.02 179.74
16.03 169.56
16.04 155.9
16.05 145.23
16.06 133.17
16.07 180.73
16.08 178.78
16.09 0.0
16.1 0.0
16.11 0.0
16.12 0.0
16.13 0.0
16.14 0.0
16.15 0.0
16.16 0.0
16.17 291.69
16.18 0.0
16.19 0.0
16.2 0.0
16.21 0.0
16.22 0.0
16.23 0.0
16.24 0.0
16.25 0.0
16.26 0.0
16.27 0.0
16.28 0.0
16.29 0.0
16.3 0.0
16.31 0.0
16.32 0.0
16.33 0.0
16.34 0.0
16.35 0.0
16.36 645.05
16.37 69.46
16.38 0.0
16.39 0.0
16.4 0.0
16.41 1580.64
16.42 0.0
16.43 0.0
16.44 95.06
16.45 104.3
16.46 0.0
16.47 180.28
16.48 173.24
16.49 171.97
16.5 171.78
16.51 171.13
16.52 171.67
16.53 172.9
16.54 174.16
16.55 175.81
16.56 177.55
16.57 179.73
16.58 181.73
16.59 183.16
16.6 184.58
16.61 186.16
16.62 188.47
16.63 191.03
16.64 192.96
16.65 195.14
16.66 197.25
16.67 199.95
16.68 202.82
16.69 205.35
16.7 208.07
16.71 210.78
16.72 213.81
16.73 216.77
16.74 219.56
16.75 222.0
16.76 223.99
16.77 225.46
16.78 226.4
16.79 226.8
16.8 226.71
16.81 226.72
16.82 227.31
16.83 228.62
16.84 230.46
16.85 232.38
16.86 234.93
16.87 236.9
16.88 237.74
16.89 237.72
16.9 237.26
16.91 237.08
16.92 237.6
16.93 238.14
16.94 238.37
16.95 238.73
16.96 238.83
16.97 238.52
16.98 238.51
16.99 238.45
17.0 238.03
17.01 237.67
17.02 237.51
17.03 237.81
17.04 238.54
17.05 239.15
17.06 239.59
17.07 239.99
17.08 239.72
17.09 239.31
17.1 239.03
17.11 239.2
17.12 239.42
17.13 238.94
17.14 238.11
17.15 237.07
17.16 236.54
17.17 236.68
17.18 237.09
17.19 237.63
17.2 237.89
17.21 238.08
17.22 238.54
17.23 238.95
17.24 239.22
17.25 239.2
17.26 238.85
17.27 238.57
17.28 238.35
17.29 238.08
17.3 237.97
17.31 238.48
17.32 239.44
17.33 240.1
17.34 240.42
17.35 240.99
17.36 241.55
17.37 241.17
17.38 240.18
17.39 239.13
17.4 238.16
17.41 237.19
17.42 236.34
17.43 236.09
17.44 236.08
17.45 236.34
17.46 236.88
17.47 237.22
17.48 237.61
17.49 238.04
17.5 238.31
17.51 238.5
17.52 238.78
17.53 238.94
17.54 238.93
17.55 238.89
17.56 238.42
17.57 238.56
17.58 239.42
17.59 239.92
17.6 240.06
17.61 239.28
17.62 238.12
17.63 237.06
17.64 236.02
17.65 235.29
17.66 234.86
17.67 234.86
17.68 235.32
17.69 236.25
17.7 237.12
17.71 238.18
17.72 240.0
17.73 241.17
17.74 242.06
17.75 242.32
17.76 241.44
17.77 240.52
17.78 239.92
17.79 239.41
17.8 238.82
17.81 238.51
17.82 238.62
17.83 238.84
17.84 238.88
17.85 239.27
17.86 239.69
17.87 239.74
17.88 239.53
17.89 239.08
17.9 238.69
17.91 238.43
17.92 238.28
17.93 237.93
17.94 237.95
17.95 238.46
17.96 239.13
17.97 240.02
17.98 240.54
17.99 240.62
18.0 240.1
18.01 239.3
18.02 238.37
18.03 237.67
18.04 237.8
18.05 238.06
18.06 237.93
18.07 238.44
18.08 240.83
18.09 245.44
18.1 243.45
18.11 242.4
18.12 242.32
18.13 240.98
18.14 241.65
18.15 241.49
18.16 241.82
18.17 243.76
18.18 247.68
18.19 257.41
18.2 259.66
18.21 256.68
18.22 255.4
18.23 252.11
18.24 248.25
18.25 246.87
18.26 245.88
18.27 242.5
18.28 241.76
18.29 242.32
18.3 242.23
18.31 243.23
18.32 243.85
18.33 243.84
18.34 245.51
18.35 245.86
18.36 243.03
18.37 243.19
18.38 243.24
18.39 240.61
18.4 241.68
18.41 242.18
18.42 239.92
18.43 240.58
18.44 241.69
18.45 241.67
18.46 242.1
18.47 243.17
18.48 243.46
18.49 242.16
18.5 243.43
18.51 243.91
18.52 241.27
18.53 241.83
18.54 242.44
18.55 240.09
18.56 240.62
18.57 241.33
18.58 239.97
18.59 240.3
18.6 241.34
18.61 240.45
18.62 240.98
18.63 243.55
18.64 242.74
18.65 241.4
18.66 242.51
18.67 241.9
18.68 241.12
18.69 242.0
18.7 241.97
18.71 240.92
18.72 241.69
18.73 243.68
18.74 242.89
18.75 242.19
18.76 243.21
18.77 242.63
18.78 241.98
18.79 242.25
18.8 241.62
18.81 240.32
18.82 240.6
18.83 239.88
18.84 237.8
18.85 237.77
18.86 235.39
18.87 233.15
18.88 229.58
18.89 223.16
18.9 217.8
18.91 210.2
18.92 202.78
18.93 192.75
18.94 181.88
18.95 168.89
18.96 156.79
18.97 146.15
18.98 140.11
18.99 132.79
19.0 90.53
19.01 269.64
19.02 268.07
19.03 89.53
19.04 89.73
19.05 89.58
19.06 89.03
19.07 89.16
19.08 266.6
19.09 89.28
19.1 89.66
19.11 90.62
19.12 91.15
19.13 91.24
19.14 91.46
19.15 91.44
19.16 91.24
19.17 90.91
19.18 90.27
19.19 89.89
19.2 89.54
19.21 88.89
19.22 88.19
19.23 88.45
19.24 89.13
19.25 265.04
19.26 748.84
19.27 486.34
19.28 632.98
19.29 252.82
19.3 263.88
19.31 260.98
19.32 246.94
19.33 235.7
19.34 233.12
19.35 234.75
19.36 236.03
19.37 235.6
19.38 237.13
19.39 236.47
19.4 234.64
19.41 229.83
19.42 216.86
19.43 201.27
19.44 189.09
19.45 181.05
19.46 175.15
19.47 167.76
19.48 169.75
19.49 179.03
19.5 186.29
19.51 190.12
19.52 190.09
19.53 190.88
19.54 192.26
19.55 193.53
19.56 193.46
19.57 191.78
19.58 191.25
19.59 192.96
19.6 194.92
19.61 197.33
19.62 199.66
19.63 202.09
19.64 204.98
19.65 207.32
19.66 209.06
19.67 211.14
19.68 214.51
19.69 219.52
19.7 225.76
19.71 231.97
19.72 236.59
19.73 238.6
19.74 239.7
19.75 239.46
19.76 238.89
19.77 238.9
19.78 237.22
19.79 234.99
19.8 233.35
19.81 233.16
19.82 234.5
19.83 236.9
19.84 238.93
19.85 239.88
19.86 240.42
19.87 240.2
19.88 239.29
19.89 238.06
19.9 236.65
19.91 235.23
19.92 233.9
19.93 233.17
19.94 233.2
19.95 233.49
19.96 234.11
19.97 235.03
19.98 235.88
19.99 237.29
20.0 239.27
20.01 240.63
20.02 241.36
20.03 241.33
20.04 240.47
20.05 239.92
20.06 239.6
20.07 239.1
20.08 238.86
20.09 238.97
20.1 239.14
20.11 239.27
20.12 239.8
20.13 241.0
20.14 242.03
20.15 242.28
20.16 241.46
20.17 240.16
20.18 238.8
20.19 237.75
20.2 236.83
20.21 236.25
20.22 236.29
20.23 236.51
20.24 237.37
20.25 239.01
20.26 240.59
20.27 241.74
20.28 241.9
20.29 241.21
20.3 240.4
20.31 239.2
20.32 237.73
20.33 236.62
20.34 235.81
20.35 235.74
20.36 236.09
20.37 236.99
20.38 238.37
20.39 239.35
20.4 240.09
20.41 240.66
20.42 240.74
20.43 239.81
20.44 239.34
20.45 239.21
20.46 238.72
20.47 238.33
20.48 237.42
20.49 236.68
20.5 236.68
20.51 236.72
20.52 236.63
20.53 236.7
20.54 237.34
20.55 238.33
20.56 239.42
20.57 240.44
20.58 241.12
20.59 241.38
20.6 241.64
20.61 241.12
20.62 239.92
20.63 238.7
20.64 237.49
20.65 236.92
20.66 236.65
20.67 236.25
20.68 236.25
20.69 236.91
20.7 237.92
20.71 238.68
20.72 239.1
20.73 239.31
20.74 239.36
20.75 239.37
20.76 238.63
20.77 237.0
20.78 708.41
20.79 705.32
20.8 700.33
20.81 696.79
20.82 693.64
20.83 691.18
20.84 231.04
20.85 231.81
20.86 231.12
20.87 228.87
20.88 226.98
20.89 224.74
20.9 220.56
20.91 219.52
20.92 219.31
20.93 218.43
20.94 218.38
20.95 220.13
20.96 221.65
20.97 224.43
20.98 230.1
20.99 238.97
21.0 247.32
21.01 249.25
21.02 250.7
21.03 249.98
21.04 245.96
21.05 240.75
21.06 235.29
21.07 228.73
21.08 223.17
21.09 219.25
21.1 217.79
21.11 217.82
21.12 218.76
21.13 220.3
21.14 221.44
21.15 222.09
21.16 222.62
21.17 222.75
21.18 222.3
21.19 221.65
21.2 221.0
21.21 220.6
21.22 220.15
21.23 219.44
21.24 219.02
21.25 219.04
21.26 218.98
21.27 218.81
21.28 218.73
21.29 219.17
21.3 220.35
21.31 221.52
21.32 222.56
21.33 223.04
21.34 222.96
21.35 222.45
21.36 221.81
21.37 221.82
21.38 221.89
21.39 221.52
21.4 221.15
21.41 220.9
21.42 220.52
21.43 220.01
21.44 219.83
21.45 219.96
21.46 220.25
21.47 220.16
21.48 219.72
21.49 219.35
21.5 219.61
21.51 220.05
21.52 220.23
21.53 219.98
21.54 219.3
21.55 218.73
21.56 217.77
21.57 216.25
21.58 214.29
21.59 211.44
21.6 207.31
21.61 202.51
21.62 197.86
21.63 194.11
21.64 191.9
21.65 191.79
21.66 193.1
21.67 195.17
21.68 196.91
21.69 198.44
21.7 199.88
21.71 200.67
21.72 200.81
21.73 200.28
21.74 199.14
21.75 197.77
21.76 196.46
21.77 195.6
21.78 195.52
21.79 196.12
21.8 197.28
21.81 198.46
21.82 199.39
21.83 200.08
21.84 200.58
21.85 200.99
21.86 201.34
21.87 201.59
21.88 201.44
21.89 200.84
21.9 200.45
21.91 200.15
21.92 199.86
21.93 199.64
21.94 199.28
21.95 199.15
21.96 199.06
21.97 199.13
21.98 199.83
21.99 200.39
22.0 200.38
22.01 200.5
22.02 200.62
22.03 200.31
22.04 200.24
22.05 200.43
22.06 200.64
22.07 200.9
22.08 201.12
22.09 201.24
22.1 201.13
22.11 201.15
22.12 201.31
22.13 201.54
22.14 201.58
22.15 201.14
22.16 200.87
22.17 200.96
22.18 201.14
22.19 201.52
22.2 201.91
22.21 201.86
22.22 201.36
22.23 200.63
22.24 199.55
22.25 197.64
22.26 196.27
22.27 197.63
22.28 210.52
22.29 204.27
22.3 195.31
22.31 189.79
22.32 191.94
22.33 207.36
22.34 239.15
22.35 0.0
22.36 322.64
22.37 312.1
22.38 302.04
22.39 286.0
22.4 269.64
22.41 258.73
22.42 253.95
22.43 252.91
22.44 251.67
22.45 250.24
22.46 248.92
22.47 246.98
22.48 245.62
22.49 243.6
22.5 241.52
22.51 241.38
22.52 241.44
22.53 241.86
22.54 243.1
22.55 244.4
22.56 244.56
22.57 243.56
22.58 242.4
22.59 242.88
22.6 243.99
22.61 242.05
22.62 240.15
22.63 241.44
22.64 240.62
22.65 241.51
22.66 242.78
22.67 242.02
22.68 242.91
22.69 242.5
22.7 242.88
22.71 241.53
22.72 240.06
22.73 240.05
22.74 238.56
22.75 238.81
22.76 238.61
22.77 238.9
22.78 239.31
22.79 240.04
22.8 240.04
22.81 240.1
22.82 240.98
22.83 239.22
22.84 238.55
22.85 238.02
22.86 236.82
22.87 236.94
22.88 237.85
22.89 239.43
22.9 241.12
22.91 242.3
22.92 242.56
22.93 242.53
22.94 240.96
22.95 240.28
22.96 238.82
22.97 236.96
22.98 236.14
22.99 235.67
23.0 236.41
23.01 236.94
23.02 238.73
23.03 239.84
23.04 242.1
23.05 243.16
23.06 243.48
23.07 243.5
23.08 242.3
23.09 241.62
23.1 240.03
23.11 238.39
23.12 238.69
23.13 238.99
23.14 239.94
23.15 240.62
23.16 240.86
23.17 241.38
23.18 241.24
23.19 240.77
23.2 240.39
23.21 240.51
23.22 239.33
23.23 239.13
23.24 239.5
23.25 239.67
23.26 239.95
23.27 240.12
23.28 239.21
23.29 239.6
23.3 239.97
23.31 239.46
23.32 238.83
23.33 238.57
23.34 238.83
23.35 238.7
23.36 239.49
23.37 239.92
23.38 240.45
23.39 241.84
23.4 242.13
23.41 243.16
23.42 244.7
23.43 246.68
23.44 247.68
23.45 274.48
23.46 278.1
23.47 275.55
23.48 271.57
23.49 263.6
23.5 255.68
23.51 249.56
23.52 246.63
23.53 243.0
23.54 241.07
23.55 239.92
23.56 239.03
23.57 238.65
23.58 239.57
23.59 241.51
23.6 242.0
23.61 242.05
23.62 241.7
23.63 241.1
23.64 239.82
23.65 239.53
23.66 237.39
23.67 236.65
23.68 236.81
23.69 237.28
23.7 237.18
23.71 237.14
23.72 238.51
23.73 239.96
23.74 241.82
23.75 243.05
23.76 244.46
23.77 244.8
23.78 245.31
23.79 245.34
23.8 244.42
23.81 243.42
23.82 240.77
23.83 236.66
23.84 232.54
23.85 227.83
23.86 222.03
23.87 217.51
23.88 213.88
23.89 212.37
23.9 213.2
23.91 215.07
23.92 215.84
23.93 216.88
23.94 218.02
23.95 218.3
23.96 217.6
23.97 216.6
23.98 216.42
23.99 215.98
24.0 214.86
24.01 213.85
24.02 213.69
24.03 213.48
24.04 213.19
24.05 213.66
24.06 214.0
24.07 214.07
24.08 214.08
24.09 214.54
24.1 214.98
24.11 214.95
24.12 215.28
24.13 214.98
24.14 214.67
24.15 215.45
24.16 216.2
24.17 216.16
24.18 215.8
24.19 215.87
24.2 216.14
24.21 216.39
24.22 216.59
24.23 216.68
24.24 216.39
24.25 216.02
24.26 216.1
24.27 216.07
24.28 215.89
24.29 216.25
24.3 217.05
24.31 217.5
24.32 217.96
24.33 218.05
24.34 217.9
24.35 217.65
24.36 217.03
24.37 216.58
24.38 215.82
24.39 214.68
24.4 213.46
24.41 212.75
24.42 212.94
24.43 213.68
24.44 214.79
24.45 215.7
24.46 216.99
24.47 218.89
24.48 221.25
24.49 223.32
24.5 225.53
24.51 227.23
24.52 225.08
24.53 109.05
24.54 108.92
24.55 217.49
24.56 214.9
24.57 210.54
24.58 204.55
24.59 198.69
24.6 192.81
24.61 191.15
24.62 191.24
24.63 191.46
24.64 192.27
24.65 193.06
24.66 193.58
24.67 194.35
24.68 195.27
24.69 195.74
24.7 195.72
24.71 195.91
24.72 195.7
24.73 195.81
24.74 195.97
24.75 195.87
24.76 196.13
24.77 195.62
24.78 195.61
24.79 196.17
24.8 196.13
24.81 196.46
24.82 196.88
24.83 197.34
24.84 197.7
24.85 197.96
24.86 198.57
24.87 199.27
24.88 199.49
24.89 199.95
24.9 200.66
24.91 201.53
24.92 203.15
24.93 204.33
24.94 206.26
24.95 208.55
24.96 209.81
24.97 210.7
24.98 210.78
24.99 210.63
25.0 210.74
25.01 210.77
25.02 210.92
25.03 211.88
25.04 212.36
25.05 212.44
25.06 212.48
25.07 211.61
25.08 211.42
25.09 211.1
25.1 211.12
25.11 210.75
25.12 210.03
25.13 210.48
25.14 210.7
25.15 210.23
25.16 210.11
25.17 210.14
25.18 210.69
25.19 211.09
25.2 210.57
25.21 210.34
25.22 210.46
25.23 210.79
25.24 211.08
25.25 210.84
25.26 211.51
25.27 214.96
25.28 221.36
25.29 217.62
25.3 219.7
25.31 219.57
25.32 218.68
25.33 217.82
25.34 216.57
25.35 213.52
25.36 210.35
25.37 207.72
25.38 203.96
25.39 199.34
25.4 195.35
25.41 189.36
25.42 185.42
25.43 183.64
25.44 182.25
25.45 181.28
25.46 181.49
25.47 181.54
25.48 181.04
25.49 180.9
25.5 181.17
25.51 180.97
25.52 180.05
25.53 179.28
25.54 178.71
25.55 178.34
25.56 178.21
25.57 178.54
25.58 178.84
25.59 179.4
25.6 180.67
25.61 181.33
25.62 181.57
25.63 181.9
25.64 181.83
25.65 180.98
25.66 179.89
25.67 179.51
25.68 179.06
25.69 177.59
25.7 176.61
25.71 177.15
25.72 177.66
25.73 178.42
25.74 179.25
25.75 179.62
25.76 179.61
25.77 179.96
25.78 180.28
25.79 180.34
25.8 180.54
25.81 180.85
25.82 181.13
25.83 181.34
25.84 181.66
25.85 182.16
25.86 182.69
25.87 183.34
25.88 183.7
25.89 183.46
25.9 182.95
25.91 182.34
25.92 181.33
25.93 180.38
25.94 180.75
25.95 181.03
25.96 180.63
25.97 181.43
25.98 182.37
25.99 182.36
26.0 182.05
26.01 182.2
26.02 182.11
26.03 181.75
26.04 181.33
26.05 181.23
26.06 181.84
26.07 182.0
26.08 182.08
26.09 182.76
26.1 183.03
26.11 182.86
26.12 182.48
26.13 182.6
26.14 182.7
26.15 182.08
26.16 181.46
26.17 181.46
26.18 180.81
26.19 181.3
26.2 182.31
26.21 182.28
26.22 182.37
26.23 183.02
26.24 183.15
26.25 182.77
26.26 182.2
26.27 181.86
26.28 181.8
26.29 181.12
26.3 180.67
26.31 180.11
26.32 178.74
26.33 176.73
26.34 172.81
26.35 166.44
26.36 158.48
26.37 153.24
26.38 111.67
26.39 72.12
26.4 72.11
26.41 72.06
26.42 72.0
26.43 72.02
26.44 72.11
26.45 72.12
26.46 72.19
26.47 72.12
26.48 72.02
26.49 71.96
26.5 71.9
26.51 72.03
26.52 72.31
26.53 72.41
26.54 72.52
26.55 72.63
26.56 72.41
26.57 72.18
26.58 72.23
26.59 72.28
26.6 72.31
26.61 72.57
26.62 72.61
26.63 72.46
26.64 221.41
26.65 72.71
26.66 72.64
26.67 222.2
26.68 219.91
26.69 72.98
26.7 72.96
26.71 219.63
26.72 471.2
26.73 109.08
26.74 71.96
26.75 71.87
26.76 64.31
26.77 751.53
26.78 159.96
26.79 143.51
26.8 135.21
26.81 134.78
26.82 134.45
26.83 135.02
26.84 137.26
26.85 140.22
26.86 144.72
26.87 148.84
26.88 151.71
26.89 155.46
26.9 157.58
26.91 160.83
26.92 162.84
26.93 164.35
26.94 167.71
26.95 170.3
26.96 173.42
26.97 177.47
26.98 180.83
26.99 185.78
27.0 190.1
27.01 192.86
27.02 195.85
27.03 199.01
27.04 200.48
27.05 201.45
27.06 201.99
27.07 201.97
27.08 201.61
27.09 201.6
27.1 202.71
27.11 204.09
27.12 206.4
27.13 208.33
27.14 210.74
27.15 212.33
27.16 213.31
27.17 213.48
27.18 213.0
27.19 212.77
27.2 212.16
27.21 212.47
27.22 213.15
27.23 213.61
27.24 213.62
27.25 214.09
27.26 214.5
27.27 215.02
27.28 215.64
27.29 215.84
27.3 216.2
27.31 216.4
27.32 216.23
27.33 216.14
27.34 216.49
27.35 216.74
27.36 217.21
27.37 217.36
27.38 217.62
27.39 218.36
27.4 218.3
27.41 217.89
27.42 217.77
27.43 217.1
27.44 216.25
27.45 216.72
27.46 218.6
27.47 220.49
27.48 221.62
27.49 223.62
27.5 224.99
27.51 225.57
27.52 224.55
27.53 221.23
27.54 216.49
27.55 211.41
27.56 205.6
27.57 200.36
27.58 197.02
27.59 195.61
27.6 196.12
27.61 197.58
27.62 198.61
27.63 199.6
27.64 200.14
27.65 200.67
27.66 201.05
27.67 200.95
27.68 200.62
27.69 199.65
27.7 198.58
27.71 197.26
27.72 196.25
27.73 195.99
27.74 196.0
27.75 196.5
27.76 197.07
27.77 197.85
27.78 198.81
27.79 199.27
27.8 199.73
27.81 200.14
27.82 200.28
27.83 200.1
27.84 199.65
27.85 199.23
27.86 198.45
27.87 197.95
27.88 197.89
27.89 197.66
27.9 197.83
27.91 198.23
27.92 198.51
27.93 198.87
27.94 198.87
27.95 198.65
27.96 198.18
27.97 197.76
27.98 197.91
27.99 198.46
28.0 199.21
28.01 200.08
28.02 200.97
28.03 201.28
28.04 201.23
28.05 201.08
28.06 200.17
28.07 198.78
28.08 197.44
28.09 195.49
28.1 193.01
28.11 192.48
28.12 198.33
28.13 204.55
28.14 204.56
28.15 205.32
28.16 207.16
28.17 207.73
28.18 207.3
28.19 205.3
28.2 201.04
28.21 196.16
28.22 189.17
28.23 180.97
28.24 175.64
28.25 173.48
28.26 173.54
28.27 174.39
28.28 175.45
28.29 177.14
28.3 179.05
28.31 180.49
28.32 181.29
28.33 182.38
28.34 183.1
28.35 183.41
28.36 183.24
28.37 182.6
28.38 181.82
28.39 181.08
28.4 180.81
28.41 180.72
28.42 180.66
28.43 180.87
28.44 181.2
28.45 181.49
28.46 181.7
28.47 181.78
28.48 181.9
28.49 182.36
28.5 183.15
28.51 183.79
28.52 184.39
28.53 184.66
28.54 184.75
28.55 184.65
28.56 184.47
28.57 184.29
28.58 183.73
28.59 182.8
28.6 181.89
28.61 181.41
28.62 181.15
28.63 181.01
28.64 180.98
28.65 181.08
28.66 181.54
28.67 182.04
28.68 182.24
28.69 182.45
28.7 182.86
28.71 183.21
28.72 183.44
28.73 183.4
28.74 183.07
28.75 182.6
28.76 182.22
28.77 181.97
28.78 181.88
28.79 181.6
28.8 181.39
28.81 181.39
28.82 181.26
28.83 181.46
28.84 181.99
28.85 182.4
28.86 182.78
28.87 182.95
28.88 183.0
28.89 183.04
28.9 182.92
28.91 182.73
28.92 182.46
28.93 181.95
28.94 181.51
28.95 181.41
28.96 181.6
28.97 182.11
28.98 182.68
28.99 183.09
29.0 183.33
29.01 183.45
29.02 183.38
29.03 183.15
29.04 182.47
29.05 181.44
29.06 180.49
29.07 179.8
29.08 179.46
29.09 179.69
29.1 180.43
29.11 181.39
29.12 182.01
29.13 183.01
29.14 184.14
29.15 184.86
29.16 184.88
29.17 184.45
29.18 183.86
29.19 182.81
29.2 181.69
29.21 180.29
29.22 179.2
29.23 178.78
29.24 178.82
29.25 179.22
29.26 180.11
29.27 181.0
29.28 181.65
29.29 181.9
29.3 181.78
29.31 181.44
29.32 181.12
29.33 181.12
29.34 180.89
29.35 180.54
29.36 180.66
29.37 181.31
29.38 181.48
29.39 181.4
29.4 181.48
29.41 181.43
29.42 181.43
29.43 180.8
29.44 180.51
29.45 180.98
29.46 180.87
29.47 180.64
29.48 180.53
29.49 180.48
29.5 180.3
29.51 179.98
29.52 179.33
29.53 178.74
29.54 179.11
29.55 179.95
29.56 180.76
29.57 181.73
29.58 182.88
29.59 183.81
29.6 184.15
29.61 183.47
29.62 179.77
29.63 177.87
29.64 185.21
29.65 180.91
29.66 175.08
29.67 164.43
29.68 147.34
29.69 128.15
29.7 108.45
29.71 81.41
29.72 455.69
29.73 0.0
29.74 169.27
29.75 0.0
29.76 0.0
29.77 0.0
29.78 0.0
29.79 0.0
29.8 0.0
29.81 0.0
29.82 0.0
29.83 0.0
29.84 0.0
29.85 0.0
29.86 0.0
29.87 0.0
29.88 0.0
29.89 0.0
29.9 113.6
29.91 68.11
29.92 0.0
29.93 0.0
29.94 0.0
29.95 0.0
29.96 0.0
29.97 0.0
29.98 0.0
29.99 0.0
30.0 0.0
30.01 0.0
30.02 0.0
30.03 0.0
30.04 0.0
30.05 264.31
30.06 0.0
30.07 310.33
30.08 258.59
30.09 192.1
30.1 183.18
30.11 183.63
30.12 182.24
30.13 179.78
30.14 177.89
30.15 177.51
30.16 175.91
30.17 171.88
30.18 177.42
30.19 180.44
30.2 180.92
30.21 180.33
30.22 180.89
30.23 181.29
30.24 180.33
30.25 179.35
30.26 179.47
30.27 180.32
30.28 181.57
30.29 183.52
30.3 185.79
30.31 187.85
30.32 190.61
30.33 193.1
30.34 195.62
30.35 198.0
30.36 200.21
30.37 202.72
30.38 204.93
30.39 206.97
30.4 208.81
30.41 210.27
30.42 211.49
30.43 212.39
30.44 213.43
30.45 214.88
30.46 216.59
30.47 218.65
30.48 661.15
30.49 665.55
30.5 673.89
30.51 681.72
30.52 688.16
30.53 695.29
30.54 698.26
30.55 701.2
30.56 699.53
30.57 690.41
30.58 686.38
30.59 684.03
30.6 684.85
30.61 689.99
30.62 231.7
30.63 233.14
30.64 233.88
30.65 234.23
30.66 234.6
30.67 234.84
30.68 234.95
30.69 235.05
30.7 235.27
30.71 235.25
30.72 234.76
30.73 234.72
30.74 234.97
30.75 235.42
30.76 236.28
30.77 237.05
30.78 237.43
30.79 236.55
30.8 235.64
30.81 235.35
30.82 234.76
30.83 234.22
30.84 233.6
30.85 233.5
30.86 233.87
30.87 234.26
30.88 234.69
30.89 235.25
30.9 235.71
30.91 235.9
30.92 236.5
30.93 237.18
30.94 237.27
30.95 237.18
30.96 236.64
30.97 235.72
30.98 235.26
30.99 235.17
31.0 235.18
31.01 235.4
31.02 235.4
31.03 235.64
31.04 236.4
31.05 237.23
31.06 237.78
31.07 237.84
31.08 237.17
31.09 236.17
31.1 235.37
31.11 234.49
31.12 233.6
31.13 232.9
31.14 232.63
31.15 233.44
31.16 234.87
31.17 236.22
31.18 356.57
31.19 716.56
31.2 722.26
31.21 725.72
31.22 730.56
31.23 727.07
31.24 720.95
31.25 714.48
31.26 236.32
31.27 236.01
31.28 236.18
31.29 236.46
31.3 236.81
31.31 237.15
31.32 237.27
31.33 237.52
31.34 237.6
31.35 237.67
31.36 238.07
31.37 237.89
31.38 236.9
31.39 236.13
31.4 236.21
31.41 236.63
31.42 236.58
31.43 236.53
31.44 237.04
31.45 237.94
31.46 239.12
31.47 720.24
31.48 359.4
31.49 357.89
31.5 236.95
31.51 234.94
31.52 233.59
31.53 232.64
31.54 232.25
31.55 232.57
31.56 232.97
31.57 233.93
31.58 235.4
31.59 236.44
31.6 237.21
31.61 237.74
31.62 237.9
31.63 237.56
31.64 236.79
31.65 236.3
31.66 235.98
31.67 235.36
31.68 234.61
31.69 234.28
31.7 234.56
31.71 235.23
31.72 236.14
31.73 236.55
31.74 236.77
31.75 236.96
31.76 237.25
31.77 237.34
31.78 237.05
31.79 236.4
31.8 235.44
31.81 234.99
31.82 235.02
31.83 235.27
31.84 236.03
31.85 236.76
31.86 237.1
31.87 237.4
31.88 237.66
31.89 237.45
31.9 237.2
31.91 236.99
31.92 236.59
31.93 235.85
31.94 234.75
31.95 234.16
31.96 235.32
31.97 239.72
31.98 243.99
31.99 236.1
32.0 218.57
32.01 190.11
32.02 174.13
32.03 141.87
32.04 235.11
32.05 174.13
32.06 180.57
32.07 180.45
32.08 1720.39
32.09 0.0
32.1 0.0
32.11 270.02
32.12 303.73
32.13 295.13
32.14 281.8
32.15 271.55
32.16 261.71
32.17 251.1
32.18 244.71
32.19 244.55
32.2 243.9
32.21 242.26
32.22 243.83
32.23 244.79
32.24 243.72
32.25 242.74
32.26 242.17
32.27 243.52
32.28 242.83
32.29 240.16
32.3 241.11
32.31 238.57
32.32 237.19
32.33 237.52
32.34 236.35
32.35 239.45
32.36 240.15
32.37 241.7
32.38 244.93
32.39 245.14
32.4 244.73
32.41 245.39
32.42 244.46
32.43 242.09
32.44 240.86
32.45 239.61
32.46 238.58
32.47 239.12
32.48 238.93
32.49 240.05
32.5 241.91
32.51 242.34
32.52 243.71
32.53 244.0
32.54 243.06
32.55 242.99
32.56 241.23
32.57 237.88
32.58 235.44
32.59 232.69
32.6 231.82
32.61 231.96
32.62 234.1
32.63 238.01
32.64 238.57
32.65 244.5
32.66 249.68
32.67 255.11
32.68 254.91
32.69 248.27
32.7 242.35
32.71 235.25
32.72 226.61
32.73 216.14
32.74 212.58
32.75 211.68
32.76 211.98
32.77 212.53
32.78 213.83
32.79 214.73
32.8 214.8
32.81 214.54
32.82 214.23
32.83 213.54
32.84 213.2
32.85 213.11
32.86 212.94
32.87 212.0
32.88 211.66
32.89 212.4
32.9 213.09
32.91 213.58
32.92 214.05
32.93 214.35
32.94 214.06
32.95 213.63
32.96 213.26
32.97 213.1
32.98 212.82
32.99 212.71
33.0 213.28
33.01 213.76
33.02 214.28
33.03 214.48
33.04 213.8
33.05 213.47
33.06 213.3
33.07 212.57
33.08 212.24
33.09 212.23
33.1 212.67
33.11 213.69
33.12 214.91
33.13 216.07
33.14 216.92
33.15 217.91
33.16 218.45
33.17 218.2
33.18 217.8
33.19 217.27
33.2 216.32
33.21 215.45
33.22 214.85
33.23 214.11
33.24 213.7
33.25 214.33
33.26 215.54
33.27 215.95
33.28 216.32
33.29 217.33
33.3 217.84
33.31 217.62
33.32 217.69
33.33 217.38
33.34 216.33
33.35 215.35
33.36 215.42
33.37 216.13
33.38 216.59
33.39 217.15
33.4 217.98
33.41 218.6
33.42 218.28
33.43 217.47
33.44 216.27
33.45 214.95
33.46 213.71
33.47 212.8
33.48 212.49
33.49 213.04
33.5 214.6
33.51 216.68
33.52 219.05
33.53 220.68
33.54 221.24
33.55 221.22
33.56 220.87
33.57 220.17
33.58 219.46
33.59 218.23
33.6 217.1
33.61 216.57
33.62 216.26
33.63 216.39
33.64 216.79
33.65 217.21
33.66 217.89
33.67 218.48
33.68 218.4
33.69 217.87
33.7 217.91
33.71 218.47
33.72 218.42
33.73 217.73
33.74 215.83
33.75 209.48
33.76 200.82
33.77 194.96
33.78 184.79
33.79 186.12
33.8 176.56
33.81 174.44
33.82 232.6
33.83 233.29
33.84 225.05
33.85 221.87
33.86 219.26
33.87 214.76
33.88 209.93
33.89 204.96
33.9 201.1
33.91 198.08
33.92 195.68
33.93 193.99
33.94 193.13
33.95 193.13
33.96 194.41
33.97 195.86
33.98 196.51
33.99 196.48
34.0 196.2
34.01 196.39
34.02 196.56
34.03 196.21
34.04 195.57
34.05 194.87
34.06 194.81
34.07 194.66
34.08 193.81
34.09 193.19
34.1 192.69
34.11 192.48
34.12 192.39
34.13 192.6
34.14 193.18
34.15 193.62
34.16 194.47
34.17 195.45
34.18 196.22
34.19 196.58
34.2 196.35
34.21 195.76
34.22 194.6
34.23 193.26
34.24 192.03
34.25 190.83
34.26 190.33
34.27 189.8
34.28 189.37
34.29 190.02
34.3 191.14
34.31 61.89
34.32 185.9
34.33 182.99
34.34 182.18
34.35 184.35
34.36 185.11
34.37 178.01
34.38 149.93
34.39 177.4
34.4 0.0
34.41 0.0
34.42 0.0
34.43 0.0
34.44 0.0
34.45 0.0
34.46 0.0
34.47 0.0
34.48 0.0
34.49 0.0
34.5 0.0
34.51 0.0
34.52 0.0
34.53 0.0
34.54 0.0
34.55 0.0
34.56 0.0
34.57 0.0
34.58 0.0
34.59 0.0
34.6 0.0
34.61 0.0
34.62 0.0
34.63 0.0
34.64 0.0
34.65 0.0
34.66 0.0
34.67 0.0
34.68 0.0
34.69 0.0
34.7 0.0
34.71 0.0
34.72 0.0
34.73 0.0
34.74 0.0
34.75 0.0
34.76 0.0
34.77 0.0
34.78 0.0
34.79 0.0
34.8 306.27
34.81 281.21
34.82 77.32
34.83 79.31
34.84 76.25
34.85 150.97
34.86 152.23
34.87 152.95
34.88 154.38
34.89 156.07
34.9 158.27
34.91 160.01
34.92 163.12
34.93 167.42
34.94 168.58
34.95 168.75
34.96 168.9
34.97 168.63
34.98 169.13
34.99 169.9
35.0 171.74
35.01 173.7
35.02 175.59
35.03 178.23
35.04 179.99
35.05 183.08
35.06 187.33
35.07 190.36
35.08 193.08
35.09 195.17
35.1 197.51
35.11 200.45
35.12 203.57
35.13 206.74
35.14 210.14
35.15 213.49
35.16 217.53
35.17 221.75
35.18 224.68
35.19 227.11
35.2 229.25
35.21 230.34
35.22 230.57
35.23 230.17
35.24 229.75
35.25 229.5
35.26 229.68
35.27 229.78
35.28 230.1
35.29 230.51
35.3 231.17
35.31 232.27
35.32 233.46
35.33 234.56
35.34 235.24
35.35 236.01
35.36 236.06
35.37 235.33
35.38 235.11
35.39 235.66
35.4 236.57
35.41 237.58
35.42 238.33
35.43 238.59
35.44 238.51
35.45 238.3
35.46 237.91
35.47 236.87
35.48 235.68
35.49 235.08
35.5 234.5
35.51 234.44
35.52 234.74
35.53 234.98
35.54 235.32
35.55 236.16
35.56 237.2
35.57 238.4
35.58 239.51
35.59 239.79
35.6 239.33
35.61 238.78
35.62 238.06
35.63 237.05
35.64 236.38
35.65 236.29
35.66 236.45
35.67 236.66
35.68 237.22
35.69 237.72
35.7 237.68
35.71 237.43
35.72 237.41
35.73 237.23
35.74 236.88
35.75 236.86
35.76 236.88
35.77 237.0
35.78 237.64
35.79 238.28
35.8 238.7
35.81 238.73
35.82 238.57
35.83 238.46
35.84 238.03
35.85 237.48
35.86 237.18
35.87 237.29
35.88 237.77
35.89 238.47
35.9 239.63
35.91 240.53
35.92 240.64
35.93 240.07
35.94 239.13
35.95 238.46
35.96 238.08
35.97 237.79
35.98 237.29
35.99 236.8
36.0 236.26
36.01 236.16
36.02 236.36
36.03 236.55
36.04 237.18
36.05 238.07
36.06 239.0
36.07 239.66
36.08 240.01
36.09 240.44
36.1 240.51
36.11 240.07
36.12 239.72
36.13 239.61
36.14 239.42
36.15 238.98
36.16 238.73
36.17 238.97
36.18 239.29
36.19 239.35
36.2 239.36
36.21 239.57
36.22 239.9
36.23 239.93
36.24 239.57
36.25 239.18
36.26 238.72
36.27 238.11
36.28 237.53
36.29 237.38
36.3 237.56
36.31 237.62
36.32 237.78
36.33 238.51
36.34 240.25
36.35 243.0
36.36 247.5
36.37 248.21
36.38 243.56
36.39 234.82
36.4 219.42
36.41 185.94
36.42 165.19
36.43 171.7
36.44 135.59
36.45 89.68
36.46 89.64
36.47 89.57
36.48 265.73
36.49 263.39
36.5 261.68
36.51 256.71
36.52 243.89
36.53 93.07
36.54 91.52
36.55 291.09
36.56 304.31
36.57 285.13
36.58 273.12
36.59 268.99
36.6 259.46
36.61 252.3
36.62 247.82
36.63 245.16
36.64 242.97
36.65 242.77
36.66 242.67
36.67 242.3
36.68 242.84
36.69 241.61
36.7 240.88
36.71 242.8
36.72 242.63
36.73 241.83
36.74 242.6
36.75 241.97
36.76 240.95
36.77 241.55
36.78 241.86
36.79 242.73
36.8 243.83
36.81 243.45
36.82 244.09
36.83 245.02
36.84 244.05
36.85 243.52
36.86 243.25
36.87 241.99
36.88 241.88
36.89 242.57
36.9 242.59
36.91 242.89
36.92 243.63
36.93 243.99
36.94 243.59
36.95 242.97
36.96 242.82
36.97 242.68
36.98 243.29
36.99 245.02
37.0 247.3
37.01 247.97
37.02 247.4
37.03 250.63
37.04 254.61
37.05 257.22
37.06 256.97
37.07 253.63
37.08 250.51
37.09 247.91
37.1 243.44
37.11 230.11
37.12 223.6
37.13 221.69
37.14 221.63
37.15 221.87
37.16 222.13
37.17 222.3
37.18 222.76
37.19 222.92
37.2 222.78
37.21 221.16
37.22 219.48
37.23 218.33
37.24 217.76
37.25 217.11
37.26 217.37
37.27 218.22
37.28 218.38
37.29 219.14
37.3 219.28
37.31 219.5
37.32 219.87
37.33 219.42
37.34 218.38
37.35 217.49
37.36 216.83
37.37 216.44
37.38 216.37
37.39 216.33
37.4 216.13
37.41 216.11
37.42 215.95
37.43 215.65
37.44 215.93
37.45 216.45
37.46 217.1
37.47 218.02
37.48 219.08
37.49 219.91
37.5 220.15
37.51 220.1
37.52 219.64
37.53 219.0
37.54 218.45
37.55 217.71
37.56 217.11
37.57 217.04
37.58 217.01
37.59 217.23
37.6 217.88
37.61 218.66
37.62 219.14
37.63 219.03
37.64 218.89
37.65 218.73
37.66 218.21
37.67 217.51
37.68 217.23
37.69 217.28
37.7 217.31
37.71 217.59
37.72 217.98
37.73 218.28
37.74 218.58
37.75 218.94
37.76 219.55
37.77 219.87
37.78 219.66
37.79 219.71
37.8 219.54
37.81 219.21
37.82 219.19
37.83 219.05
37.84 218.65
37.85 218.05
37.86 217.52
37.87 217.41
37.88 217.47
37.89 217.55
37.9 217.68
37.91 217.83
37.92 218.12
37.93 218.76
37.94 219.26
37.95 219.22
37.96 218.96
37.97 218.55
37.98 217.9
37.99 217.37
38.0 217.36
38.01 217.89
38.02 218.05
38.03 218.02
38.04 218.19
38.05 218.3
38.06 218.5
38.07 219.0
38.08 219.45
38.09 219.37
38.1 219.15
38.11 219.21
38.12 219.42
38.13 219.46
38.14 219.66
38.15 220.42
38.16 218.05
38.17 209.11
38.18 198.6
38.19 197.84
38.2 190.35
38.21 185.98
38.22 191.82
38.23 212.4
38.24 246.89
38.25 248.48
38.26 242.77
38.27 238.69
38.28 234.32
38.29 227.41
38.3 221.33
38.31 215.88
38.32 209.94
38.33 200.76
38.34 197.27
38.35 196.18
38.36 196.36
38.37 197.25
38.38 198.31
38.39 198.89
38.4 199.04
38.41 199.41
38.42 199.32
38.43 199.11
38.44 198.8
38.45 198.26
38.46 197.99
38.47 198.26
38.48 198.67
38.49 199.41
38.5 200.99
38.51 202.33
38.52 202.98
38.53 202.78
38.54 202.03
38.55 201.01
38.56 199.8
38.57 198.32
38.58 196.7
38.59 195.4
38.6 192.59
38.61 65.22
38.62 198.87
38.63 195.32
38.64 191.01
38.65 189.3
38.66 100.24
38.67 72.51
38.68 106.09
38.69 267.62
38.7 255.54
38.71 233.75
38.72 210.67
38.73 180.33
38.74 181.46
38.75 0.0
38.76 0.0
38.77 324.5
38.78 0.0
38.79 0.0
38.8 0.0
38.81 0.0
38.82 0.0
38.83 0.0
38.84 0.0
38.85 0.0
38.86 0.0
38.87 0.0
38.88 0.0
38.89 0.0
38.9 0.0
38.91 0.0
38.92 0.0
38.93 0.0
38.94 0.0
38.95 0.0
38.96 0.0
38.97 0.0
38.98 0.0
38.99 77.47
39.0 79.47
39.01 0.0
39.02 0.0
39.03 0.0
39.04 0.0
39.05 0.0
39.06 0.0
39.07 0.0
39.08 322.59
39.09 295.43
39.1 248.85
39.11 232.68
39.12 224.25
39.13 73.16
39.14 73.0
39.15 74.06
39.16 149.59
39.17 152.57
39.18 156.75
39.19 160.16
39.2 163.84
39.21 167.53
39.22 170.81
39.23 173.55
39.24 176.14
39.25 178.4
39.26 180.17
39.27 182.48
39.28 185.51
39.29 189.08
39.3 193.44
39.31 196.59
39.32 199.48
39.33 201.95
39.34 204.48
39.35 207.75
39.36 210.94
39.37 212.95
39.38 214.7
39.39 217.38
39.4 219.95
39.41 222.24
39.42 224.68
39.43 226.63
39.44 228.06
39.45 229.13
39.46 230.16
39.47 230.67
39.48 230.88
39.49 231.04
39.5 231.24
39.51 232.24
39.52 233.67
39.53 234.48
39.54 234.88
39.55 234.76
39.56 234.3
39.57 233.95
39.58 233.97
39.59 234.32
39.6 234.86
39.61 235.22
39.62 235.89
39.63 236.91
39.64 237.61
39.65 237.98
39.66 237.93
39.67 237.27
39.68 235.97
39.69 234.29
39.7 700.0
39.71 233.45
39.72 235.5
39.73 241.58
39.74 241.72
39.75 242.28
39.76 242.77
39.77 243.18
39.78 243.64
39.79 242.32
39.8 241.36
39.81 242.62
39.82 246.35
39.83 245.85
39.84 242.32
39.85 242.45
39.86 241.96
39.87 242.16
39.88 242.16
39.89 242.77
39.9 244.64
39.91 244.12
39.92 243.66
39.93 244.7
39.94 244.67
39.95 244.43
39.96 244.46
39.97 244.52
39.98 243.29
39.99 242.27
40.0 242.37
40.01 241.61
40.02 241.11
40.03 241.69
40.04 242.1
40.05 241.75
40.06 241.33
40.07 242.29
40.08 243.4
40.09 243.11
40.1 243.2
40.11 243.36
40.12 242.6
40.13 242.29
40.14 242.47
40.15 242.49
40.16 242.24
40.17 242.16
40.18 242.62
40.19 242.7
40.2 242.28
40.21 242.76
40.22 243.51
40.23 244.34
40.24 245.19
40.25 244.89
40.26 244.63
40.27 244.39
40.28 239.25
40.29 216.36
40.3 224.12
40.31 231.23
40.32 238.56
40.33 240.25
40.34 240.17
40.35 238.98
40.36 236.12
40.37 231.51
40.38 226.12
40.39 221.26
40.4 217.72
40.41 215.61
40.42 214.96
40.43 215.23
40.44 216.02
40.45 216.99
40.46 217.53
40.47 217.85
40.48 218.28
40.49 218.62
40.5 218.53
40.51 218.16
40.52 217.85
40.53 217.56
40.54 217.51
40.55 217.49
40.56 217.35
40.57 217.1
40.58 217.12
40.59 217.32
40.6 218.18
40.61 218.99
40.62 219.57
40.63 220.28
40.64 220.44
40.65 220.12
40.66 219.21
40.67 218.18
40.68 217.23
40.69 216.8
40.7 216.8
40.71 216.8
40.72 217.07
40.73 217.63
40.74 218.29
40.75 219.38
40.76 220.35
40.77 220.42
40.78 221.34
40.79 225.32
40.8 238.76
40.81 243.13
40.82 248.35
40.83 249.16
40.84 247.75
40.85 252.75
40.86 255.32
40.87 251.34
40.88 247.59
40.89 245.36
40.9 245.25
40.91 243.82
40.92 242.66
40.93 243.07
40.94 243.38
40.95 243.01
40.96 242.73
40.97 243.16
40.98 242.89
40.99 241.78
41.0 242.24
41.01 242.5
41.02 242.0
41.03 242.66
41.04 242.59
41.05 241.86
41.06 242.33
41.07 243.04
41.08 242.69
41.09 242.16
41.1 242.63
41.11 243.47
41.12 242.56
41.13 241.75
41.14 241.53
41.15 240.29
41.16 241.12
41.17 243.72
41.18 245.45
41.19 246.72
41.2 246.52
41.21 244.86
41.22 243.35
41.23 240.95
41.24 237.28
41.25 231.76
41.26 225.42
41.27 224.0
41.28 217.31
41.29 210.66
41.3 207.24
41.31 204.75
41.32 201.38
41.33 200.87
41.34 200.41
41.35 200.7
41.36 201.84
41.37 200.34
41.38 203.32
41.39 205.71
41.4 207.24
41.41 209.24
41.42 212.61
41.43 216.51
41.44 220.75
41.45 225.31
41.46 229.4
41.47 233.36
41.48 236.47
41.49 238.4
41.5 239.47
41.51 240.15
41.52 240.53
41.53 240.42
41.54 239.95
41.55 239.74
41.56 239.36
41.57 239.03
41.58 239.18
41.59 239.55
41.6 239.44
41.61 238.8
41.62 238.08
41.63 237.26
41.64 236.9
41.65 236.66
41.66 236.64
41.67 237.18
41.68 237.79
41.69 238.19
41.7 238.25
41.71 238.54
41.72 239.85
41.73 240.43
41.74 239.71
41.75 239.06
41.76 239.1
41.77 238.81
41.78 238.51
41.79 238.86
41.8 239.26
41.81 239.44
41.82 239.69
41.83 240.09
41.84 240.32
41.85 240.47
41.86 240.8
41.87 240.91
41.88 240.67
41.89 239.96
41.9 239.22
41.91 238.92
41.92 238.59
41.93 238.86
41.94 239.47
41.95 239.94
41.96 240.39
41.97 240.68
41.98 240.77
41.99 240.64
42.0 241.22
42.01 243.31
42.02 247.45
42.03 248.14
42.04 248.46
42.05 248.49
42.06 249.01
42.07 248.9
42.08 247.9
42.09 246.59
42.1 246.0
42.11 246.34
42.12 245.97
42.13 243.92
42.14 242.8
42.15 243.04
42.16 242.98
42.17 243.52
42.18 244.5
42.19 245.24
42.2 245.59
42.21 244.53
42.22 243.09
42.23 242.84
42.24 242.81
42.25 240.45
42.26 239.92
42.27 240.0
42.28 238.14
42.29 239.77
42.3 240.95
42.31 240.32
42.32 241.33
42.33 244.1
42.34 245.49
42.35 246.02
42.36 247.44
42.37 248.9
42.38 248.66
42.39 247.51
42.4 246.64
42.41 243.63
42.42 237.98
42.43 232.19
42.44 227.4
42.45 222.3
42.46 216.33
42.47 213.07
42.48 213.57
42.49 214.63
42.5 215.83
42.51 216.73
42.52 217.33
42.53 218.1
42.54 218.46
42.55 218.4
42.56 218.51
42.57 218.5
42.58 218.61
42.59 218.58
42.6 218.34
42.61 218.78
42.62 219.55
42.63 220.15
42.64 220.87
42.65 221.11
42.66 220.61
42.67 220.15
42.68 219.71
42.69 219.06
42.7 218.73
42.71 218.96
42.72 219.09
42.73 219.72
42.74 220.51
42.75 220.34
42.76 219.9
42.77 220.03
42.78 219.87
42.79 219.23
42.8 218.14
42.81 216.72
42.82 216.99
42.83 219.61
42.84 222.6
42.85 217.61
42.86 214.89
42.87 213.13
42.88 210.61
42.89 208.22
42.9 205.76
42.91 203.72
42.92 202.78
42.93 201.83
42.94 201.05
42.95 199.53
42.96 197.77
42.97 197.14
42.98 197.14
42.99 197.83
43.0 198.35
43.01 198.76
43.02 199.12
43.03 199.36
43.04 200.03
43.05 200.34
43.06 200.68
43.07 201.24
43.08 200.86
43.09 201.01
43.1 201.15
43.11 200.56
43.12 200.73
43.13 200.84
43.14 200.96
43.15 201.09
43.16 201.53
43.17 202.42
43.18 203.09
43.19 203.57
43.2 203.71
43.21 203.79
43.22 203.79
43.23 202.87
43.24 201.55
43.25 200.89
43.26 200.62
43.27 200.45
43.28 200.54
43.29 201.25
43.3 202.2
43.31 203.45
43.32 204.59
43.33 205.11
43.34 205.3
43.35 205.27
43.36 205.05
43.37 204.0
43.38 201.88
43.39 198.83
43.4 196.93
43.41 198.09
43.42 201.76
43.43 202.46
43.44 205.34
43.45 207.1
43.46 211.19
43.47 213.03
43.48 213.67
43.49 216.28
43.5 215.21
43.51 213.87
43.52 210.16
43.53 205.51
43.54 199.98
43.55 193.24
43.56 185.0
43.57 182.4
43.58 182.74
43.59 183.72
43.6 184.46
43.61 185.98
43.62 187.76
43.63 189.0
43.64 189.58
43.65 189.62
43.66 188.86
43.67 187.77
43.68 186.92
43.69 185.99
43.7 185.53
43.71 184.68
43.72 183.06
43.73 181.47
43.74 180.07
43.75 179.29
43.76 178.67
43.77 178.45
43.78 178.79
43.79 178.67
43.8 179.41
43.81 180.15
43.82 181.03
43.83 182.01
43.84 181.75
43.85 181.76
43.86 182.38
43.87 182.11
43.88 181.46
43.89 181.2
43.9 180.69
43.91 181.11
43.92 181.67
43.93 181.63
43.94 182.47
43.95 183.29
43.96 183.87
43.97 184.48
43.98 184.55
43.99 184.3
44.0 184.27
44.01 183.65
44.02 182.85
44.03 182.63
44.04 182.39
44.05 182.31
44.06 182.64
44.07 183.1
44.08 183.59
44.09 184.18
44.1 184.36
44.11 184.1
44.12 184.65
44.13 185.06
44.14 184.42
44.15 183.37
44.16 182.85
44.17 182.33
44.18 181.59
44.19 182.07
44.2 182.81
44.21 183.11
44.22 184.33
44.23 185.37
44.24 185.68
44.25 185.91
44.26 185.88
44.27 185.83
44.28 184.97
44.29 183.45
44.3 182.89
44.31 182.56
44.32 182.49
44.33 183.11
44.34 183.71
44.35 184.21
44.36 184.96
44.37 185.79
44.38 185.99
44.39 185.68
44.4 185.64
44.41 185.43
44.42 184.79
44.43 183.77
44.44 182.59
44.45 182.27
44.46 182.38
44.47 182.73
44.48 182.79
44.49 182.68
44.5 182.66
44.51 181.42
44.52 178.98
44.53 179.49
44.54 182.99
44.55 175.29
44.56 139.74
44.57 134.97
44.58 509.05
44.59 73.52
44.6 74.09
44.61 73.98
44.62 74.01
44.63 73.67
44.64 73.28
44.65 73.56
44.66 73.16
44.67 72.95
44.68 74.02
44.69 202.58
44.7 188.61
44.71 165.18
44.72 167.5
44.73 172.5
44.74 177.18
44.75 181.73
44.76 186.46
44.77 191.69
44.78 196.7
44.79 202.3
44.8 207.03
44.81 211.11
44.82 214.99
44.83 216.94
44.84 218.33
44.85 217.7
44.86 216.99
44.87 217.43
44.88 217.86
44.89 217.76
44.9 217.53
44.91 217.03
44.92 218.31
44.93 219.12
44.94 218.92
44.95 218.61
44.96 218.66
44.97 220.46
44.98 221.48
44.99 222.08
45.0 223.25
45.01 223.55
45.02 223.48
45.03 223.56
45.04 224.28
45.05 224.58
45.06 224.28
45.07 223.79
45.08 223.5
45.09 223.96
45.1 224.01
45.11 224.04
45.12 224.43
45.13 224.12
45.14 223.53
45.15 222.57
45.16 222.29
45.17 222.83
45.18 223.0
45.19 222.33
45.2 220.96
45.21 218.59
45.22 214.91
45.23 210.49
45.24 207.61
45.25 206.01
45.26 204.49
45.27 203.88
45.28 204.26
45.29 204.59
45.3 205.0
45.31 205.67
45.32 206.01
45.33 205.61
45.34 204.59
45.35 203.4
45.36 202.03
45.37 200.8
45.38 200.18
45.39 200.08
45.4 200.06
45.41 200.32
45.42 201.11
45.43 202.15
45.44 203.04
45.45 203.59
45.46 203.86
45.47 203.83
45.48 203.48
45.49 203.06
45.5 202.52
45.51 202.31
45.52 202.61
45.53 202.94
45.54 203.57
45.55 204.22
45.56 204.64
45.57 205.01
45.58 205.34
45.59 205.31
45.6 204.67
45.61 203.89
45.62 203.13
45.63 202.25
45.64 201.75
45.65 201.4
45.66 201.19
45.67 201.33
45.68 201.24
45.69 201.34
45.7 201.06
45.71 199.98
45.72 199.43
45.73 201.33
45.74 210.79
45.75 211.84
45.76 210.43
45.77 208.77
45.78 206.82
45.79 203.54
45.8 199.13
45.81 193.23
45.82 185.89
45.83 179.83
45.84 177.42
45.85 177.24
45.86 177.62
45.87 178.37
45.88 178.94
45.89 179.48
45.9 180.69
45.91 181.97
45.92 182.78
45.93 182.91
45.94 183.0
45.95 183.08
45.96 182.57
45.97 182.02
45.98 182.12
45.99 182.43
46.0 182.7
46.01 183.35
46.02 184.0
46.03 184.57
46.04 184.91
46.05 184.95
46.06 184.57
46.07 183.64
46.08 182.31
46.09 180.51
46.1 178.78
46.11 177.85
46.12 177.57
46.13 178.06
46.14 179.14
46.15 180.38
46.16 181.86
46.17 183.48
46.18 184.33
46.19 184.68
46.2 184.7
46.21 184.54
46.22 184.29
46.23 183.59
46.24 182.18
46.25 180.45
46.26 178.74
46.27 177.97
46.28 177.69
46.29 178.18
46.3 178.79
46.31 178.79
46.32 179.26
46.33 180.1
46.34 181.07
46.35 181.8
46.36 182.24
46.37 182.47
46.38 182.63
46.39 183.09
46.4 183.62
46.41 183.84
46.42 184.15
46.43 184.65
46.44 184.78
46.45 184.71
46.46 184.74
46.47 184.47
46.48 183.95
46.49 183.3
46.5 182.66
46.51 182.34
46.52 182.14
46.53 181.97
46.54 181.58
46.55 181.5
46.56 181.84
46.57 182.38
46.58 182.63
46.59 182.25
46.6 181.91
46.61 181.7
46.62 181.13
46.63 180.43
46.64 180.0
46.65 179.72
46.66 179.25
46.67 179.15
46.68 179.56
46.69 180.33
46.7 181.11
46.71 181.9
46.72 182.48
46.73 182.74
46.74 182.86
46.75 182.78
46.76 182.61
46.77 182.36
46.78 182.13
46.79 181.9
46.8 181.53
46.81 181.47
46.82 181.43
46.83 181.57
46.84 181.94
46.85 182.22
46.86 182.3
46.87 182.74
46.88 183.37
46.89 183.5
46.9 183.23
46.91 182.89
46.92 182.43
46.93 181.58
46.94 180.35
46.95 179.39
46.96 178.57
46.97 177.65
46.98 176.52
46.99 174.16
47.0 171.64
47.01 181.14
47.02 185.2
47.03 181.99
47.04 169.67
47.05 146.25
47.06 133.31
47.07 226.44
47.08 182.28
47.09 181.92
47.1 0.0
47.11 0.0
47.12 0.0
47.13 0.0
47.14 0.0
47.15 0.0
47.16 0.0
47.17 0.0
47.18 0.0
47.19 0.0
47.2 0.0
47.21 0.0
47.22 0.0
47.23 0.0
47.24 0.0
47.25 0.0
47.26 0.0
47.27 0.0
47.28 0.0
47.29 0.0
47.3 0.0
47.31 0.0
47.32 0.0
47.33 0.0
47.34 0.0
47.35 0.0
47.36 0.0
47.37 0.0
47.38 0.0
47.39 0.0
47.4 0.0
47.41 0.0
47.42 0.0
47.43 0.0
47.44 104.8
47.45 0.0
47.46 0.0
47.47 0.0
47.48 79.1
47.49 0.0
47.5 62.06
47.51 0.0
47.52 0.0
47.53 0.0
47.54 0.0
47.55 1595.19
47.56 0.0
47.57 0.0
47.58 181.44
47.59 169.71
47.6 169.74
47.61 171.69
47.62 170.42
47.63 169.3
47.64 169.14
47.65 170.53
47.66 172.69
47.67 175.68
47.68 179.88
47.69 183.37
47.7 185.69
47.71 186.68
47.72 187.74
47.73 188.89
47.74 190.01
47.75 190.91
47.76 192.53
47.77 194.79
47.78 197.94
47.79 202.26
47.8 207.36
47.81 213.44
47.82 220.77
47.83 225.08
47.84 227.46
47.85 229.19
47.86 229.57
47.87 229.38
47.88 229.82
47.89 230.43
47.9 230.97
47.91 231.68
47.92 231.98
47.93 232.56
47.94 233.96
47.95 235.48
47.96 236.78
47.97 237.75
47.98 238.64
47.99 239.1
48.0 238.88
48.01 238.24
48.02 237.8
48.03 237.54
48.04 236.8
48.05 235.86
48.06 235.46
48.07 235.85
48.08 236.92
48.09 238.38
48.1 239.46
48.11 239.77
48.12 239.32
48.13 238.6
48.14 238.44
48.15 238.73
48.16 238.89
48.17 238.86
48.18 238.71
48.19 238.53
48.2 238.4
48.21 238.15
48.22 238.48
48.23 239.0
48.24 239.39
48.25 239.74
48.26 239.65
48.27 239.79
48.28 240.03
48.29 240.12
48.3 239.5
48.31 238.52
48.32 238.13
48.33 237.71
48.34 237.47
48.35 237.71
48.36 238.14
48.37 238.76
48.38 240.22
48.39 241.91
48.4 242.69
48.41 242.91
48.42 242.43
48.43 241.41
48.44 240.07
48.45 238.73
48.46 237.7
48.47 237.29
48.48 237.43
48.49 237.94
48.5 239.01
48.51 240.71
48.52 242.62
48.53 244.43
48.54 245.04
48.55 245.06
48.56 244.26
48.57 242.61
48.58 240.87
48.59 239.13
48.6 237.88
48.61 237.44
48.62 237.55
48.63 238.85
48.64 240.58
48.65 241.96
48.66 244.08
48.67 245.37
48.68 245.14
48.69 244.27
48.7 243.21
48.71 241.94
48.72 240.47
48.73 239.39
48.74 238.83
48.75 238.32
48.76 237.75
48.77 237.88
48.78 238.59
48.79 239.6
48.8 240.98
48.81 242.27
48.82 243.42
48.83 243.92
48.84 243.81
48.85 242.89
48.86 241.21
48.87 239.66
48.88 238.77
48.89 238.52
48.9 238.5
48.91 238.7
48.92 239.74
48.93 241.15
48.94 241.53
48.95 241.7
48.96 241.71
48.97 241.42
48.98 240.76
48.99 239.74
49.0 238.75
49.01 237.73
49.02 237.19
49.03 237.12
49.04 237.74
49.05 239.52
49.06 241.36
49.07 242.6
49.08 244.0
49.09 245.66
49.1 246.56
49.11 247.05
49.12 247.32
49.13 249.34
49.14 251.18
49.15 250.87
49.16 250.28
49.17 250.82
49.18 251.23
49.19 251.13
49.2 251.32
49.21 252.32
49.22 250.46
49.23 245.95
49.24 244.4
49.25 242.8
49.26 240.85
49.27 239.74
49.28 239.37
49.29 239.67
49.3 239.94
49.31 241.33
49.32 243.07
49.33 243.06
49.34 242.7
49.35 243.08
49.36 242.78
49.37 242.25
49.38 241.72
49.39 241.46
49.4 241.61
49.41 240.81
49.42 240.33
49.43 240.88
49.44 241.18
49.45 241.27
49.46 241.48
49.47 242.68
49.48 243.95
49.49 243.67
49.5 243.37
49.51 243.87
49.52 243.05
49.53 242.39
49.54 242.77
49.55 242.19
49.56 241.28
49.57 240.5
49.58 240.82
49.59 241.09
49.6 240.92
49.61 242.28
49.62 243.27
49.63 243.22
49.64 242.83
49.65 243.11
49.66 243.92
49.67 242.71
49.68 241.61
49.69 241.86
49.7 240.87
49.71 240.54
49.72 242.17
49.73 242.86
49.74 242.08
49.75 242.35
49.76 243.37
49.77 242.84
49.78 242.36
49.79 242.98
49.8 243.05
49.81 242.46
49.82 241.88
49.83 242.39
49.84 243.06
49.85 243.01
49.86 242.91
49.87 243.3
49.88 243.81
49.89 243.39
49.9 242.65
49.91 242.73
49.92 242.7
49.93 242.69
49.94 242.61
49.95 243.82
49.96 244.52
49.97 243.51
49.98 243.62
49.99 241.99
50.0 230.36
50.01 222.58
50.02 212.51
50.03 190.29
50.04 172.77
50.05 154.67
50.06 129.49
50.07 89.58
50.08 268.82
50.09 269.07
50.1 90.05
50.11 90.55
50.12 90.08
50.13 88.74
50.14 88.83
50.15 66.78
50.16 131.85
50.17 68.43
50.18 136.81
50.19 134.48
50.2 90.21
50.21 67.92
50.22 90.21
50.23 89.69
50.24 134.58
50.25 134.11
50.26 134.32
50.27 271.26
50.28 135.22
50.29 270.41
50.3 281.42
50.31 0.0
50.32 278.6
50.33 270.03
50.34 285.22
50.35 271.16
50.36 242.64
50.37 237.2
50.38 238.08
50.39 238.47
50.4 236.04
50.41 234.76
50.42 234.09
50.43 233.06
50.44 234.07
50.45 234.78
50.46 235.58
50.47 237.84
50.48 238.85
50.49 238.7
50.5 238.66
50.51 237.3
50.52 235.9
50.53 236.15
50.54 236.47
50.55 236.89
50.56 238.51
50.57 238.97
50.58 239.52
50.59 241.41
50.6 241.02
50.61 241.15
50.62 239.15
50.63 227.09
50.64 68.58
50.65 194.92
50.66 94.41
50.67 189.16
50.68 199.5
50.69 216.51
50.7 215.45
50.71 211.91
50.72 212.08
50.73 211.21
50.74 209.79
50.75 209.64
50.76 209.53
50.77 210.57
50.78 213.43
50.79 216.16
50.8 218.83
50.81 221.65
50.82 224.25
50.83 226.74
50.84 229.0
50.85 230.14
50.86 230.79
50.87 231.57
50.88 232.64
50.89 233.74
50.9 235.22
50.91 237.14
50.92 239.29
50.93 240.63
50.94 241.19
50.95 241.9
50.96 241.92
50.97 241.66
50.98 240.92
50.99 239.29
51.0 236.75
51.01 234.61
51.02 233.43
51.03 233.2
51.04 233.61
51.05 234.79
51.06 236.32
51.07 237.58
51.08 239.19
51.09 240.27
51.1 240.52
51.11 240.08
51.12 239.38
51.13 239.11
51.14 238.72
51.15 238.01
51.16 237.35
51.17 237.15
51.18 237.42
51.19 237.86
51.2 237.73
51.21 237.9
51.22 238.39
51.23 238.35
51.24 238.29
51.25 238.32
51.26 238.23
51.27 237.8
51.28 237.47
51.29 237.54
51.3 237.8
51.31 238.09
51.32 238.76
51.33 239.31
51.34 239.72
51.35 240.54
51.36 240.76
51.37 240.9
51.38 241.4
51.39 241.45
51.4 240.48
51.41 239.05
51.42 237.7
51.43 236.43
51.44 235.63
51.45 236.11
51.46 237.3
51.47 238.38
51.48 239.96
51.49 241.47
51.5 242.56
51.51 243.59
51.52 243.67
51.53 242.7
51.54 240.71
51.55 238.35
51.56 236.47
51.57 235.5
51.58 235.82
51.59 236.56
51.6 237.46
51.61 238.95
51.62 240.57
51.63 241.92
51.64 242.43
51.65 241.88
51.66 241.48
51.67 241.26
51.68 240.5
51.69 239.81
51.7 239.44
51.71 239.36
51.72 239.55
51.73 239.85
51.74 240.25
51.75 240.89
51.76 241.42
51.77 242.23
51.78 242.73
51.79 242.66
51.8 242.51
51.81 241.93
51.82 241.17
51.83 239.84
51.84 238.62
51.85 238.17
51.86 238.19
51.87 239.39
51.88 240.74
51.89 241.76
51.9 242.91
51.91 243.16
51.92 243.23
51.93 243.13
51.94 242.44
51.95 240.63
51.96 238.17
51.97 235.36
51.98 232.15
51.99 229.04
52.0 225.41
52.01 221.78
52.02 218.82
52.03 216.45
52.04 214.68
52.05 213.35
52.06 212.4
52.07 209.51
52.08 214.32
52.09 219.17
52.1 221.03
52.11 224.84
52.12 228.25
52.13 231.87
52.14 236.98
52.15 244.62
52.16 254.27
52.17 254.35
52.18 250.87
52.19 246.78
52.2 241.8
52.21 235.07
52.22 228.47
52.23 223.21
52.24 219.78
52.25 216.83
52.26 215.54
52.27 215.62
52.28 216.08
52.29 216.44
52.3 216.67
52.31 217.07
52.32 217.3
52.33 217.52
52.34 217.98
52.35 218.24
52.36 218.54
52.37 219.0
52.38 219.14
52.39 219.2
52.4 219.5
52.41 220.07
52.42 220.7
52.43 221.12
52.44 221.25
52.45 220.97
52.46 220.65
52.47 220.43
52.48 219.78
52.49 219.33
52.5 218.99
52.51 218.57
52.52 218.18
52.53 218.18
52.54 218.81
52.55 219.75
52.56 220.32
52.57 220.67
52.58 221.15
52.59 221.47
52.6 221.83
52.61 221.89
52.62 221.38
52.63 220.82
52.64 220.66
52.65 220.93
52.66 221.37
52.67 221.38
52.68 221.36
52.69 221.36
52.7 221.02
52.71 220.75
52.72 220.83
52.73 220.76
52.74 220.38
52.75 220.25
52.76 220.06
52.77 218.91
52.78 216.87
52.79 214.62
52.8 211.73
52.81 208.49
52.82 204.63
52.83 199.62
52.84 194.72
52.85 191.52
52.86 190.61
52.87 191.63
52.88 193.67
52.89 195.99
52.9 197.64
52.91 198.75
52.92 199.74
52.93 200.08
52.94 199.67
52.95 199.34
52.96 199.14
52.97 198.85
52.98 198.74
52.99 198.7
53.0 198.86
53.01 199.42
53.02 200.35
53.03 201.49
53.04 202.3
53.05 202.31
53.06 202.03
53.07 201.76
53.08 201.67
53.09 201.63
53.1 201.54
53.11 201.82
53.12 202.24
53.13 202.59
53.14 202.88
53.15 202.89
53.16 202.49
53.17 201.69
53.18 200.66
53.19 199.71
53.2 199.03
53.21 198.23
53.22 196.02
53.23 190.63
53.24 185.15
53.25 174.71
53.26 151.01
53.27 140.6
53.28 64.88
53.29 196.33
53.3 368.71
53.31 65.45
53.32 65.06
53.33 191.47
53.34 90.95
53.35 76.23
53.36 0.0
53.37 0.0
53.38 0.0
53.39 0.0
53.4 71.16
53.41 73.59
53.42 0.0
53.43 0.0
53.44 0.0
53.45 0.0
53.46 0.0
53.47 0.0
53.48 0.0
53.49 0.0
53.5 0.0
53.51 0.0
53.52 0.0
53.53 0.0
53.54 0.0
53.55 0.0
53.56 0.0
53.57 0.0
53.58 201.48
53.59 358.69
53.6 326.6
53.61 311.37
53.62 297.38
53.63 288.24
53.64 279.89
53.65 264.5
53.66 248.68
53.67 244.79
53.68 243.57
53.69 242.74
53.7 242.88
53.71 243.21
53.72 242.82
53.73 241.84
53.74 239.96
53.75 238.64
53.76 238.19
53.77 238.03
53.78 238.77
53.79 239.74
53.8 240.32
53.81 241.22
53.82 242.78
53.83 244.39
53.84 244.29
53.85 244.52
53.86 245.22
53.87 245.03
53.88 244.19
53.89 243.12
53.9 242.62
53.91 241.36
53.92 241.08
53.93 241.04
53.94 240.33
53.95 241.32
53.96 241.71
53.97 241.92
53.98 242.04
53.99 241.97
54.0 241.87
54.01 241.57
54.02 241.61
54.03 241.34
54.04 240.48
54.05 240.68
54.06 240.73
54.07 240.74
54.08 241.31
54.09 241.34
54.1 241.69
54.11 241.33
54.12 241.21
54.13 241.13
54.14 240.69
54.15 240.74
54.16 239.67
54.17 239.09
54.18 239.01
54.19 238.42
54.2 239.16
54.21 240.02
54.22 240.93
54.23 241.74
54.24 242.44
54.25 242.35
54.26 241.34
54.27 239.89
54.28 239.07
54.29 237.89
54.3 237.48
54.31 238.36
54.32 239.12
54.33 239.42
54.34 240.02
54.35 240.14
54.36 239.97
54.37 240.38
54.38 240.37
54.39 240.77
54.4 240.6
54.41 240.08
54.42 239.81
54.43 239.46
54.44 239.72
54.45 239.75
54.46 239.41
54.47 240.19
54.48 241.11
54.49 241.6
54.5 241.33
54.51 240.87
54.52 240.12
54.53 239.56
54.54 239.03
54.55 238.12
54.56 238.05
54.57 238.5
54.58 239.31
54.59 239.64
54.6 240.73
54.61 241.7
54.62 242.33
54.63 242.94
54.64 242.93
54.65 242.31
54.66 241.79
54.67 241.09
54.68 239.63
54.69 238.85
54.7 238.43
54.71 239.0
54.72 240.28
54.73 242.46
54.74 244.88
54.75 246.55
54.76 248.12
54.77 251.18
54.78 255.38
54.79 256.44
54.8 319.67
54.81 303.5
54.82 287.58
54.83 274.94
54.84 266.96
54.85 259.95
54.86 254.61
54.87 247.27
54.88 244.45
54.89 243.49
54.9 242.7
54.91 243.44
54.92 243.1
54.93 242.86
54.94 242.36
54.95 243.18
54.96 243.18
54.97 242.28
54.98 241.6
54.99 240.24
55.0 239.08
55.01 237.73
55.02 237.45
55.03 237.27
55.04 238.18
55.05 238.95
55.06 240.12
55.07 241.46
55.08 242.97
55.09 244.81
55.1 246.47
55.11 248.07
55.12 249.59
55.13 248.96
55.14 247.52
55.15 246.03
55.16 243.43
55.17 241.46
55.18 238.22
55.19 235.25
55.2 230.47
55.21 226.14
55.22 222.62
55.23 217.58
55.24 213.45
55.25 211.0
55.26 210.69
55.27 211.08
55.28 211.42
55.29 211.85
55.3 212.21
55.31 213.13
55.32 214.1
55.33 214.7
55.34 215.07
55.35 214.87
55.36 214.56
55.37 214.56
55.38 214.39
55.39 214.75
55.4 215.02
55.41 214.97
55.42 215.04
55.43 214.78
55.44 214.39
55.45 214.73
55.46 215.35
55.47 215.33
55.48 215.17
55.49 215.01
55.5 214.81
55.51 215.04
55.52 214.91
55.53 214.33
55.54 214.18
55.55 213.99
55.56 213.91
55.57 213.91
55.58 213.71
55.59 213.91
55.6 214.09
55.61 214.43
55.62 215.06
55.63 215.78
55.64 216.64
55.65 217.43
55.66 217.93
55.67 218.18
55.68 218.14
55.69 217.84
55.7 217.76
55.71 217.57
55.72 216.95
55.73 216.39
55.74 216.37
55.75 216.51
55.76 216.42
55.77 216.49
55.78 216.8
55.79 217.04
55.8 217.03
55.81 217.12
55.82 217.11
55.83 216.62
55.84 215.69
55.85 214.21
55.86 213.03
55.87 213.85
55.88 217.21
55.89 219.69
55.9 213.74
55.91 212.09
55.92 210.78
55.93 210.12
55.94 212.82
55.95 210.95
55.96 209.92
55.97 207.87
55.98 203.44
55.99 199.98
56.0 197.28
56.01 195.39
56.02 195.46
56.03 196.02
56.04 196.02
56.05 195.91
56.06 196.18
56.07 196.85
56.08 198.02
56.09 198.85
56.1 199.19
56.11 199.46
56.12 199.36
56.13 199.29
56.14 199.12
56.15 198.61
56.16 198.11
56.17 198.53
56.18 199.39
56.19 199.64
56.2 199.8
56.21 199.67
56.22 199.53
56.23 199.93
56.24 199.83
56.25 200.2
56.26 200.47
56.27 200.13
56.28 200.2
56.29 200.29
56.3 200.87
56.31 201.9
56.32 203.69
56.33 206.24
56.34 208.5
56.35 210.71
56.36 212.72
56.37 214.17
56.38 214.63
56.39 214.52
56.4 213.98
56.41 212.42
56.42 211.22
56.43 210.56
56.44 210.11
56.45 210.39
56.46 210.65
56.47 210.9
56.48 211.46
56.49 211.96
56.5 212.52
56.51 212.92
56.52 213.32
56.53 213.27
56.54 212.69
56.55 212.52
56.56 212.29
56.57 211.78
56.58 211.59
56.59 212.03
56.6 212.52
56.61 212.57
56.62 212.61
56.63 212.67
56.64 212.13
56.65 211.51
56.66 210.92
56.67 210.25
56.68 209.58
56.69 208.99
56.7 209.15
56.71 211.53
56.72 216.66
56.73 216.82
56.74 215.41
56.75 214.53
56.76 213.96
56.77 213.53
56.78 213.38
56.79 212.28
56.8 210.75
56.81 209.55
56.82 206.7
56.83 204.79
56.84 202.17
56.85 198.54
56.86 195.11
56.87 192.45
56.88 189.93
56.89 187.73
56.9 186.18
56.91 184.95
56.92 184.24
56.93 183.81
56.94 183.24
56.95 182.76
56.96 181.43
56.97 179.67
56.98 178.87
56.99 177.82
57.0 178.1
57.01 178.51
57.02 178.61
57.03 179.45
57.04 179.58
57.05 179.87
57.06 180.77
57.07 181.0
57.08 180.9
57.09 181.26
57.1 180.86
57.11 180.19
57.12 180.36
57.13 179.7
57.14 179.42
57.15 179.98
57.16 180.56
57.17 180.98
57.18 181.31
57.19 181.88
57.2 182.07
57.21 182.17
57.22 182.47
57.23 182.09
57.24 181.25
57.25 180.86
57.26 180.14
57.27 179.36
57.28 179.25
57.29 179.15
57.3 179.29
57.31 179.75
57.32 180.09
57.33 180.62
57.34 181.01
57.35 181.48
57.36 181.78
57.37 181.1
57.38 180.78
57.39 180.58
57.4 180.68
57.41 180.99
57.42 180.71
57.43 180.82
57.44 181.23
57.45 181.3
57.46 181.64
57.47 181.85
57.48 182.47
57.49 182.88
57.5 182.02
57.51 181.71
57.52 181.88
57.53 181.04
57.54 180.67
57.55 180.17
57.56 180.08
57.57 180.53
57.58 180.44
57.59 181.07
57.6 181.61
57.61 181.6
57.62 181.84
57.63 182.31
57.64 182.01
57.65 181.97
57.66 182.0
57.67 181.73
57.68 182.05
57.69 182.15
57.7 182.25
57.71 182.58
57.72 182.37
57.73 182.61
57.74 183.51
57.75 183.87
57.76 183.96
57.77 183.87
57.78 183.02
57.79 182.24
57.8 182.53
57.81 182.48
57.82 182.08
57.83 182.11
57.84 182.1
57.85 182.12
57.86 182.34
57.87 182.7
57.88 183.28
57.89 183.7
57.9 183.7
57.91 183.6
57.92 183.6
57.93 183.52
57.94 183.4
57.95 183.32
57.96 182.86
57.97 181.31
57.98 178.13
57.99 172.86
58.0 163.11
58.01 141.58
58.02 128.13
58.03 127.9
58.04 179.94
58.05 37.86
58.06 0.0
58.07 178.45
58.08 0.0
58.09 0.0
58.1 0.0
58.11 0.0
58.12 0.0
58.13 0.0
58.14 0.0
58.15 0.0
58.16 0.0
58.17 0.0
58.18 0.0
58.19 0.0
58.2 0.0
58.21 0.0
58.22 0.0
58.23 0.0
58.24 0.0
58.25 0.0
58.26 0.0
58.27 0.0
58.28 0.0
58.29 0.0
58.3 108.67
58.31 1513.57
58.32 0.0
58.33 0.0
58.34 68.91
58.35 206.05
58.36 187.45
58.37 68.7
58.38 66.47
58.39 135.01
58.4 136.84
58.41 139.49
58.42 142.32
58.43 147.31
58.44 152.07
58.45 158.36
58.46 165.08
58.47 172.29
58.48 178.65
58.49 184.83
58.5 189.54
58.51 191.98
58.52 193.41
58.53 195.59
58.54 198.83
58.55 200.72
58.56 201.42
58.57 203.06
58.58 205.72
58.59 206.94
58.6 208.43
58.61 210.18
58.62 210.38
58.63 212.52
58.64 215.9
58.65 218.19
58.66 219.22
58.67 221.3
58.68 222.93
58.69 222.16
58.7 222.16
58.71 222.78
58.72 220.88
58.73 220.79
58.74 220.7
58.75 219.3
58.76 220.15
58.77 220.0
58.78 220.05
58.79 219.7
58.8 219.6
58.81 221.4
58.82 221.31
58.83 222.03
58.84 222.22
58.85 222.29
58.86 223.25
58.87 224.0
58.88 225.07
58.89 224.46
58.9 224.99
58.91 224.04
58.92 224.29
58.93 224.32
58.94 224.03
58.95 224.57
58.96 224.37
58.97 224.32
58.98 224.21
58.99 223.81
59.0 222.81
59.01 221.67
59.02 220.78
59.03 221.98
59.04 223.33
59.05 225.47
59.06 227.16
59.07 229.68
59.08 230.32
59.09 231.3
59.1 231.31
59.11 230.53
59.12 229.51
59.13 227.2
59.14 224.17
59.15 220.9
59.16 216.85
59.17 212.25
59.18 208.62
59.19 206.68
59.2 206.15
59.21 206.5
59.22 207.08
59.23 207.41
59.24 207.6
59.25 207.83
59.26 207.94
59.27 207.4
59.28 206.26
59.29 205.42
59.3 204.88
59.31 204.72
59.32 204.48
59.33 204.31
59.34 204.38
59.35 204.21
59.36 203.93
59.37 203.66
59.38 203.35
59.39 202.75
59.4 202.29
59.41 202.37
59.42 202.25
59.43 201.99
59.44 202.35
59.45 202.72
59.46 202.82
59.47 203.3
59.48 203.63
59.49 203.89
59.5 204.47
59.51 204.54
59.52 203.97
59.53 203.23
59.54 202.48
59.55 202.08
59.56 201.84
59.57 201.59
59.58 202.03
59.59 202.82
59.6 203.4
59.61 203.79
59.62 203.89
59.63 204.15
59.64 204.1
59.65 203.79
59.66 204.0
59.67 203.94
59.68 203.82
59.69 204.22
59.7 204.43
59.71 204.67
59.72 205.56
59.73 206.14
59.74 205.89
59.75 205.12
59.76 204.25
59.77 203.41
59.78 202.4
59.79 201.2
59.8 200.51
59.81 200.45
59.82 200.58
59.83 201.29
59.84 202.56
59.85 203.5
59.86 203.91
59.87 204.07
59.88 612.21
59.89 202.38
59.9 201.34
59.91 200.17
59.92 198.9
59.93 197.45
59.94 195.76
59.95 194.35
59.96 193.19
59.97 192.83
59.98 194.54
59.99 199.69
60.0 205.52
60.01 206.66
60.02 208.27
60.03 208.49
60.04 208.11
60.05 206.79
60.06 204.12
60.07 201.01
60.08 196.69
60.09 191.49
60.1 184.55
60.11 177.55
60.12 173.26
60.13 173.07
60.14 174.31
60.15 176.11
60.16 178.05
60.17 179.79
60.18 180.81
60.19 181.98
60.2 182.66
60.21 182.45
60.22 181.65
60.23 180.67
60.24 179.66
60.25 178.53
60.26 177.43
60.27 176.51
60.28 176.17
60.29 176.31
60.3 177.16
60.31 178.46
60.32 179.85
60.33 181.19
60.34 182.43
60.35 183.57
60.36 184.29
60.37 184.26
60.38 183.71
60.39 183.18
60.4 182.33
60.41 181.19
60.42 179.93
60.43 179.11
60.44 178.51
60.45 178.23
60.46 178.61
60.47 179.51
60.48 180.6
60.49 181.7
60.5 182.72
60.51 183.38
60.52 183.62
60.53 183.53
60.54 183.38
60.55 183.06
60.56 182.33
60.57 181.42
60.58 180.64
60.59 180.24
60.6 179.97
60.61 180.09
60.62 180.54
60.63 181.39
60.64 182.45
60.65 183.18
60.66 183.45
60.67 183.31
60.68 182.89
60.69 182.42
60.7 181.55
60.71 180.59
60.72 180.05
60.73 179.98
60.74 180.45
60.75 181.31
60.76 182.58
60.77 183.63
60.78 184.14
60.79 184.88
60.8 185.28
60.81 185.29
60.82 185.03
60.83 184.59
60.84 183.91
60.85 183.13
60.86 182.47
60.87 182.03
60.88 181.8
60.89 182.01
60.9 182.68
60.91 183.41
60.92 183.76
60.93 184.09
60.94 184.37
60.95 184.53
60.96 184.66
60.97 184.49
60.98 184.22
60.99 183.82
61.0 183.28
61.01 182.63
61.02 182.11
61.03 181.68
61.04 181.81
61.05 182.4
61.06 183.37
61.07 184.26
61.08 184.96
61.09 185.52
61.1 185.78
61.11 185.49
61.12 184.53
61.13 183.32
61.14 182.4
61.15 181.49
61.16 180.96
61.17 180.81
61.18 181.06
61.19 181.57
61.2 182.3
61.21 183.06
61.22 183.73
61.23 183.95
61.24 184.01
61.25 183.66
61.26 183.05
61.27 182.7
61.28 182.09
61.29 181.54
61.3 181.25
61.31 181.18
61.32 181.1
61.33 181.34
61.34 181.77
61.35 182.12
61.36 182.5
61.37 182.65
61.38 182.5
61.39 182.1
61.4 181.6
61.41 181.07
61.42 180.49
61.43 180.15
61.44 180.09
61.45 180.05
61.46 179.96
61.47 180.07
61.48 180.31
61.49 180.75
61.5 181.01
61.51 180.91
61.52 180.66
61.53 180.44
61.54 180.18
61.55 179.43
61.56 178.1
61.57 176.96
61.58 175.74
61.59 173.67
61.6 171.69
61.61 168.87
61.62 165.77
61.63 162.4
61.64 159.01
61.65 156.06
61.66 153.34
61.67 150.91
61.68 148.72
61.69 145.43
61.7 144.15
61.71 141.09
61.72 139.05
61.73 136.54
61.74 132.3
61.75 128.79
61.76 122.99
61.77 119.78
61.78 118.22
61.79 117.22
61.8 115.69
61.81 113.64
61.82 110.87
61.83 108.93
61.84 112.93
61.85 122.33
61.86 77.45
61.87 151.5
61.88 145.08
61.89 129.43
61.9 121.62
61.91 115.5
61.92 0.0
61.93 0.0
61.94 0.0
61.95 0.0
61.96 0.0
61.97 0.0
61.98 0.0
61.99 0.0
62.0 0.0
62.01 0.0
62.02 0.0
62.03 0.0
62.04 0.0
62.05 0.0
62.06 0.0
62.07 0.0
62.08 0.0
62.09 0.0
62.1 0.0
62.11 0.0
62.12 0.0
62.13 0.0
62.14 0.0
62.15 0.0
62.16 0.0
62.17 0.0
62.18 0.0
62.19 0.0
62.2 0.0
62.21 0.0
62.22 0.0
62.23 0.0
62.24 0.0
62.25 0.0
62.26 0.0
62.27 0.0
62.28 0.0
62.29 0.0
62.3 0.0
62.31 0.0
62.32 0.0
62.33 0.0
62.34 0.0
62.35 0.0
62.36 0.0
62.37 0.0
62.38 0.0
62.39 0.0
62.4 0.0
62.41 62.41
62.42 62.42
62.43 62.43
62.44 62.44
62.45 62.45
