0.0 0.0
0.01 0.0
0.02 0.0
0.03 105.35
0.04 0.0
0.05 0.0
0.06 0.0
0.07 0.0
0.08 0.0
0.09 0.0
0.1 0.0
0.11 0.0
0.12 0.0
0.13 0.0
0.14 0.0
0.15 0.0
0.16 0.0
0.17 0.0
0.18 0.0
0.19 0.0
0.2 0.0
0.21 0.0
0.22 0.0
0.23 0.0
0.24 0.0
0.25 0.0
0.26 0.0
0.27 0.0
0.28 0.0
0.29 0.0
0.3 0.0
0.31 0.0
0.32 0.0
0.33 0.0
0.34 0.0
0.35 0.0
0.36 0.0
0.37 0.0
0.38 0.0
0.39 0.0
0.4 0.0
0.41 0.0
0.42 132.12
0.43 130.32
0.44 123.16
0.45 125.42
0.46 135.27
0.47 146.17
0.48 158.66
0.49 170.92
0.5 183.66
0.51 195.32
0.52 205.69
0.53 214.15
0.54 220.18
0.55 225.34
0.56 231.14
0.57 235.6
0.58 240.02
0.59 243.45
0.6 245.57
0.61 248.0
0.62 249.9
0.63 252.23
0.64 253.91
0.65 255.93
0.66 257.38
0.67 258.48
0.68 258.72
0.69 258.95
0.7 259.83
0.71 260.65
0.72 261.73
0.73 262.62
0.74 263.33
0.75 263.62
0.76 263.8
0.77 264.21
0.78 264.95
0.79 265.66
0.8 265.86
0.81 265.49
0.82 265.11
0.83 264.62
0.84 263.91
0.85 263.19
0.86 262.61
0.87 262.37
0.88 262.6
0.89 263.28
0.9 264.37
0.91 265.83
0.92 266.91
0.93 267.77
0.94 268.29
0.95 268.47
0.96 268.21
0.97 267.62
0.98 266.96
0.99 266.26
1.0 265.03
1.01 263.62
1.02 263.04
1.03 263.09
1.04 263.8
1.05 264.7
1.06 265.48
1.07 266.31
1.08 267.24
1.09 267.75
1.1 267.6
1.11 267.78
1.12 268.61
1.13 269.18
1.14 269.03
1.15 268.22
1.16 267.56
1.17 266.99
1.18 266.18
1.19 265.67
1.2 265.58
1.21 265.88
1.22 266.3
1.23 266.61
1.24 267.33
1.25 268.18
1.26 268.75
1.27 268.98
1.28 269.0
1.29 268.8
1.3 268.39
1.31 267.99
1.32 267.47
1.33 266.97
1.34 266.64
1.35 266.64
1.36 266.83
1.37 267.2
1.38 267.53
1.39 267.62
1.4 267.95
1.41 267.98
1.42 267.73
1.43 267.36
1.44 266.63
1.45 266.29
1.46 266.73
1.47 267.25
1.48 267.41
1.49 267.24
1.5 267.44
1.51 267.88
1.52 268.16
1.53 268.52
1.54 268.9
1.55 269.3
1.56 269.67
1.57 269.34
1.58 268.2
1.59 266.68
1.6 264.35
1.61 261.04
1.62 256.51
1.63 250.95
1.64 245.25
1.65 233.48
1.66 237.02
1.67 241.47
1.68 245.68
1.69 248.59
1.7 250.84
1.71 258.45
1.72 271.37
1.73 275.07
1.74 273.43
1.75 270.37
1.76 265.64
1.77 258.57
1.78 251.15
1.79 244.61
1.8 238.54
1.81 233.24
1.82 235.1
1.83 237.44
1.84 239.43
1.85 242.14
1.86 244.04
1.87 245.11
1.88 245.42
1.89 244.85
1.9 243.05
1.91 241.35
1.92 239.4
1.93 237.77
1.94 237.44
1.95 237.72
1.96 238.05
1.97 238.54
1.98 238.99
1.99 239.53
2.0 240.37
2.01 241.57
2.02 242.63
2.03 243.48
2.04 243.62
2.05 242.79
2.06 240.03
2.07 238.11
2.08 238.64
2.09 237.52
2.1 235.26
2.11 232.33
2.12 229.21
2.13 226.23
2.14 225.69
2.15 224.77
2.16 223.21
2.17 223.52
2.18 223.62
2.19 224.05
2.2 224.65
2.21 225.35
2.22 225.88
2.23 225.82
2.24 225.09
2.25 224.1
2.26 223.3
2.27 222.59
2.28 222.28
2.29 221.87
2.3 221.3
2.31 221.02
2.32 220.9
2.33 218.99
2.34 212.33
2.35 211.35
2.36 217.24
2.37 218.92
2.38 218.71
2.39 218.48
2.4 218.68
2.41 219.09
2.42 219.36
2.43 219.36
2.44 219.39
2.45 219.46
2.46 219.39
2.47 219.18
2.48 218.76
2.49 218.09
2.5 216.9
2.51 213.28
2.52 205.68
2.53 198.6
2.54 195.86
2.55 191.47
2.56 189.76
2.57 189.09
2.58 189.39
2.59 203.7
2.6 219.06
2.61 208.4
2.62 203.92
2.63 200.75
2.64 198.02
2.65 196.39
2.66 195.64
2.67 195.7
2.68 196.48
2.69 197.58
2.7 198.26
2.71 198.39
2.72 198.19
2.73 198.13
2.74 198.06
2.75 197.92
2.76 197.98
2.77 198.59
2.78 199.52
2.79 200.12
2.8 200.41
2.81 200.54
2.82 200.41
2.83 200.01
2.84 199.52
2.85 198.99
2.86 198.55
2.87 198.29
2.88 197.77
2.89 196.99
2.9 196.27
2.91 195.77
2.92 195.66
2.93 196.04
2.94 196.92
2.95 198.19
2.96 199.6
2.97 200.53
2.98 200.99
2.99 201.08
3.0 200.82
3.01 200.63
3.02 200.05
3.03 198.79
3.04 197.36
3.05 196.04
3.06 194.77
3.07 193.7
3.08 193.13
3.09 193.5
3.1 195.31
3.11 198.26
3.12 201.02
3.13 202.53
3.14 203.21
3.15 202.46
3.16 200.85
3.17 199.57
3.18 199.16
3.19 199.27
3.2 200.23
3.21 202.05
3.22 204.44
3.23 207.64
3.24 211.38
3.25 215.97
3.26 222.06
3.27 228.85
3.28 234.04
3.29 236.78
3.3 237.74
3.31 237.47
3.32 236.37
3.33 235.49
3.34 235.28
3.35 235.0
3.36 235.43
3.37 236.79
3.38 238.4
3.39 239.86
3.4 241.06
3.41 242.46
3.42 243.48
3.43 244.33
3.44 244.82
3.45 244.49
3.46 244.26
3.47 244.16
3.48 243.83
3.49 243.23
3.5 242.93
3.51 242.12
3.52 241.05
3.53 240.45
3.54 239.99
3.55 239.87
3.56 240.1
3.57 240.58
3.58 241.73
3.59 242.91
3.6 244.15
3.61 244.62
3.62 244.56
3.63 244.53
3.64 244.36
3.65 244.0
3.66 243.73
3.67 243.55
3.68 243.26
3.69 242.79
3.7 241.95
3.71 241.82
3.72 242.13
3.73 242.3
3.74 242.14
3.75 241.66
3.76 241.4
3.77 240.89
3.78 240.79
3.79 241.0
3.8 241.0
3.81 241.63
3.82 242.15
3.83 242.09
3.84 242.64
3.85 243.67
3.86 244.55
3.87 244.92
3.88 244.72
3.89 243.57
3.9 242.39
3.91 241.56
3.92 241.16
3.93 241.31
3.94 241.56
3.95 241.97
3.96 241.7
3.97 241.14
3.98 240.74
3.99 240.29
4.0 240.09
4.01 239.91
4.02 240.28
4.03 240.95
4.04 241.51
4.05 242.16
4.06 241.69
4.07 240.76
4.08 240.69
4.09 241.21
4.1 241.29
4.11 240.73
4.12 240.3
4.13 239.65
4.14 239.19
4.15 239.84
4.16 240.59
4.17 241.28
4.18 241.89
4.19 242.47
4.2 243.31
4.21 243.95
4.22 244.82
4.23 245.57
4.24 245.7
4.25 244.91
4.26 244.1
4.27 243.79
4.28 243.36
4.29 243.38
4.3 243.26
4.31 242.99
4.32 242.41
4.33 241.54
4.34 240.97
4.35 240.83
4.36 241.4
4.37 241.94
4.38 242.38
4.39 242.93
4.4 243.7
4.41 244.4
4.42 244.38
4.43 243.95
4.44 243.11
4.45 242.54
4.46 242.32
4.47 242.41
4.48 242.56
4.49 242.22
4.5 241.88
4.51 241.58
4.52 241.83
4.53 242.31
4.54 242.46
4.55 242.96
4.56 243.24
4.57 243.48
4.58 243.62
4.59 243.51
4.6 243.17
4.61 242.85
4.62 242.68
4.63 242.36
4.64 241.88
4.65 241.29
4.66 241.14
4.67 238.51
4.68 236.0
4.69 233.69
4.7 228.89
4.71 224.15
4.72 217.37
4.73 206.05
4.74 184.31
4.75 174.29
4.76 155.15
4.77 307.83
4.78 67.27
4.79 0.0
4.8 0.0
4.81 0.0
4.82 0.0
4.83 0.0
4.84 0.0
4.85 51.18
4.86 60.25
4.87 63.13
4.88 0.0
4.89 0.0
4.9 33.79
4.91 0.0
4.92 0.0
4.93 0.0
4.94 248.86
4.95 444.08
4.96 73.1
4.97 0.0
4.98 0.0
4.99 252.96
5.0 244.61
5.01 241.65
5.02 238.44
5.03 234.36
5.04 234.26
5.05 235.56
5.06 236.51
5.07 237.4
5.08 237.73
5.09 238.01
5.1 238.19
5.11 238.13
5.12 238.61
5.13 239.68
5.14 240.84
5.15 241.32
5.16 240.96
5.17 240.31
5.18 239.56
5.19 238.72
5.2 238.2
5.21 237.55
5.22 236.37
5.23 235.56
5.24 235.52
5.25 235.65
5.26 235.29
5.27 234.52
5.28 232.29
5.29 232.55
5.3 236.15
5.31 238.14
5.32 240.45
5.33 244.07
5.34 247.3
5.35 250.29
5.36 251.97
5.37 252.67
5.38 252.06
5.39 249.61
5.4 246.95
5.41 244.43
5.42 242.23
5.43 237.87
5.44 232.63
5.45 230.81
5.46 230.44
5.47 229.99
5.48 229.62
5.49 229.63
5.5 229.46
5.51 229.06
5.52 227.86
5.53 226.44
5.54 225.38
5.55 224.23
5.56 223.1
5.57 222.62
5.58 222.81
5.59 222.93
5.6 223.57
5.61 224.36
5.62 224.97
5.63 225.38
5.64 225.68
5.65 225.86
5.66 225.91
5.67 225.77
5.68 225.43
5.69 224.78
5.7 223.85
5.71 222.59
5.72 221.33
5.73 220.36
5.74 219.79
5.75 219.38
5.76 219.22
5.77 219.8
5.78 220.92
5.79 221.98
5.8 223.19
5.81 224.11
5.82 223.96
5.83 223.12
5.84 222.25
5.85 221.33
5.86 220.3
5.87 219.09
5.88 218.26
5.89 217.66
5.9 217.51
5.91 218.02
5.92 218.59
5.93 218.76
5.94 219.01
5.95 219.56
5.96 220.02
5.97 220.45
5.98 220.92
5.99 221.09
6.0 221.1
6.01 221.16
6.02 221.25
6.03 221.22
6.04 221.12
6.05 221.09
6.06 221.1
6.07 221.22
6.08 221.17
6.09 220.93
6.1 220.7
6.11 220.41
6.12 220.12
6.13 219.95
6.14 219.6
6.15 219.0
6.16 218.74
6.17 218.84
6.18 219.15
6.19 219.7
6.2 220.53
6.21 221.02
6.22 221.26
6.23 221.7
6.24 221.76
6.25 221.39
6.26 220.5
6.27 219.62
6.28 218.71
6.29 217.59
6.3 216.64
6.31 216.16
6.32 215.94
6.33 216.06
6.34 216.98
6.35 218.54
6.36 220.42
6.37 222.03
6.38 222.8
6.39 222.76
6.4 222.11
6.41 221.23
6.42 220.26
6.43 219.05
6.44 217.58
6.45 216.4
6.46 215.62
6.47 215.13
6.48 215.31
6.49 216.65
6.5 218.37
6.51 219.55
6.52 220.4
6.53 221.0
6.54 221.37
6.55 221.68
6.56 221.72
6.57 221.31
6.58 220.54
6.59 219.88
6.6 219.41
6.61 218.93
6.62 218.55
6.63 218.28
6.64 218.19
6.65 218.41
6.66 218.59
6.67 218.72
6.68 218.62
6.69 217.94
6.7 217.32
6.71 217.05
6.72 216.35
6.73 215.46
6.74 215.51
6.75 216.03
6.76 216.56
6.77 217.52
6.78 218.58
6.79 219.81
6.8 220.66
6.81 220.94
6.82 220.68
6.83 219.93
6.84 219.45
6.85 218.58
6.86 217.35
6.87 216.3
6.88 215.97
6.89 216.06
6.9 216.3
6.91 216.78
6.92 217.31
6.93 217.62
6.94 217.43
6.95 217.3
6.96 217.1
6.97 216.72
6.98 216.63
6.99 216.52
7.0 216.51
7.01 216.7
7.02 216.78
7.03 216.55
7.04 216.46
7.05 216.44
7.06 216.14
7.07 215.88
7.08 215.46
7.09 214.93
7.1 214.58
7.11 214.08
7.12 213.27
7.13 210.77
7.14 203.5
7.15 190.42
7.16 182.29
7.17 176.82
7.18 169.44
7.19 166.27
7.2 169.17
7.21 176.22
7.22 94.6
7.23 92.78
7.24 60.06
7.25 181.36
7.26 187.97
7.27 195.07
7.28 201.76
7.29 204.51
7.3 206.25
7.31 207.56
7.32 208.27
7.33 209.25
7.34 210.72
7.35 213.01
7.36 216.42
7.37 219.98
7.38 223.69
7.39 226.86
7.4 229.82
7.41 231.86
7.42 233.12
7.43 233.54
7.44 233.76
7.45 233.98
7.46 234.01
7.47 233.91
7.48 233.86
7.49 233.55
7.5 233.24
7.51 233.1
7.52 232.96
7.53 232.91
7.54 232.93
7.55 232.92
7.56 232.64
7.57 232.54
7.58 232.7
7.59 232.97
7.6 233.02
7.61 233.03
7.62 233.36
7.63 233.81
7.64 234.43
7.65 235.01
7.66 235.72
7.67 236.71
7.68 237.64
7.69 238.65
7.7 238.66
7.71 237.73
7.72 236.82
7.73 235.93
7.74 235.58
7.75 235.42
7.76 235.26
7.77 235.38
7.78 235.08
7.79 234.79
7.8 235.0
7.81 235.12
7.82 235.57
7.83 235.94
7.84 236.47
7.85 237.29
7.86 237.66
7.87 237.77
7.88 237.25
7.89 236.48
7.9 236.03
7.91 236.41
7.92 237.21
7.93 237.53
7.94 237.43
7.95 237.22
7.96 237.09
7.97 236.97
7.98 236.48
7.99 235.65
8.0 234.52
8.01 232.7
8.02 230.89
8.03 228.5
8.04 225.38
8.05 221.52
8.06 216.13
8.07 209.28
8.08 201.47
8.09 190.55
8.1 176.63
8.11 165.04
8.12 155.73
8.13 145.83
8.14 125.57
8.15 109.79
8.16 0.0
8.17 0.0
8.18 0.0
8.19 0.0
8.2 0.0
8.21 0.0
8.22 65.28
8.23 62.22
8.24 104.31
8.25 109.0
8.26 0.0
8.27 105.39
8.28 103.61
8.29 97.62
8.3 99.66
8.31 63.29
8.32 91.19
8.33 106.15
8.34 0.0
8.35 0.0
8.36 103.38
8.37 0.0
8.38 0.0
8.39 0.0
8.4 0.0
8.41 0.0
8.42 63.35
8.43 0.0
8.44 245.1
8.45 250.12
8.46 250.09
8.47 119.21
8.48 114.57
8.49 111.59
8.5 221.71
8.51 223.34
8.52 225.95
8.53 228.21
8.54 229.93
8.55 231.18
8.56 232.48
8.57 233.21
8.58 232.93
8.59 232.25
8.6 231.04
8.61 229.85
8.62 229.19
8.63 229.15
8.64 229.25
8.65 229.6
8.66 230.23
8.67 231.15
8.68 232.04
8.69 232.51
8.7 232.66
8.71 232.35
8.72 228.65
8.73 227.32
8.74 224.68
8.75 220.22
8.76 215.39
8.77 210.08
8.78 203.59
8.79 196.6
8.8 190.33
8.81 186.75
8.82 185.31
8.83 183.92
8.84 183.42
8.85 184.44
8.86 186.44
8.87 189.21
8.88 191.96
8.89 195.3
8.9 199.0
8.91 202.21
8.92 204.78
8.93 206.34
8.94 207.39
8.95 208.73
8.96 210.69
8.97 213.0
8.98 215.32
8.99 217.85
9.0 220.42
9.01 222.93
9.02 225.04
9.03 227.3
9.04 229.31
9.05 230.33
9.06 230.19
9.07 228.87
9.08 227.25
9.09 225.87
9.1 225.51
9.11 225.9
9.12 226.26
9.13 226.9
9.14 227.55
9.15 228.27
9.16 228.9
9.17 229.31
9.18 229.79
9.19 229.93
9.2 229.46
9.21 228.8
9.22 228.27
9.23 228.06
9.24 228.09
9.25 228.25
9.26 228.36
9.27 229.03
9.28 229.95
9.29 230.51
9.3 230.95
9.31 231.1
9.32 230.87
9.33 230.5
9.34 230.09
9.35 229.48
9.36 229.32
9.37 229.64
9.38 229.82
9.39 230.09
9.4 230.71
9.41 231.03
9.42 230.95
9.43 230.81
9.44 230.9
9.45 230.91
9.46 230.8
9.47 231.17
9.48 231.39
9.49 231.41
9.5 231.44
9.51 231.33
9.52 231.53
9.53 231.81
9.54 232.28
9.55 232.91
9.56 233.26
9.57 233.15
9.58 232.5
9.59 231.87
9.6 231.19
9.61 230.66
9.62 230.34
9.63 230.28
9.64 230.72
9.65 231.44
9.66 232.2
9.67 232.89
9.68 233.31
9.69 233.61
9.7 233.86
9.71 233.93
9.72 233.28
9.73 232.32
9.74 232.03
9.75 232.16
9.76 232.21
9.77 232.16
9.78 232.07
9.79 231.95
9.8 231.94
9.81 231.95
9.82 231.79
9.83 231.13
9.84 229.55
9.85 226.92
9.86 228.86
9.87 235.68
9.88 239.53
9.89 241.81
9.9 243.31
9.91 243.54
9.92 242.19
9.93 240.18
9.94 237.6
9.95 235.1
9.96 233.08
9.97 231.08
9.98 230.21
9.99 230.23
10.0 230.84
10.01 232.2
10.02 233.98
10.03 234.98
10.04 235.59
10.05 235.81
10.06 235.14
10.07 234.48
10.08 233.58
10.09 232.22
10.1 230.94
10.11 229.64
10.12 229.05
10.13 228.67
10.14 228.67
10.15 229.29
10.16 230.66
10.17 232.41
10.18 234.79
10.19 236.85
10.2 239.47
10.21 241.65
10.22 242.95
10.23 243.41
10.24 242.61
10.25 240.84
10.26 240.0
10.27 238.78
10.28 236.24
10.29 233.62
10.3 231.63
10.31 230.17
10.32 229.51
10.33 229.39
10.34 229.79
10.35 230.75
10.36 231.4
10.37 231.44
10.38 231.19
10.39 230.56
10.4 229.32
10.41 228.36
10.42 228.14
10.43 227.94
10.44 227.71
10.45 227.55
10.46 227.82
10.47 228.57
10.48 229.43
10.49 230.26
10.5 230.61
10.51 230.5
10.52 229.86
10.53 229.1
10.54 228.72
10.55 228.88
10.56 229.15
10.57 229.31
10.58 229.4
10.59 229.6
10.6 229.82
10.61 230.18
10.62 230.55
10.63 230.6
10.64 230.39
10.65 230.24
10.66 229.98
10.67 229.61
10.68 229.18
10.69 228.51
10.7 227.19
10.71 225.45
10.72 223.87
10.73 221.58
10.74 218.85
10.75 215.69
10.76 212.41
10.77 209.13
10.78 205.02
10.79 200.58
10.8 197.65
10.81 197.56
10.82 200.52
10.83 206.03
10.84 212.27
10.85 218.01
10.86 224.95
10.87 231.42
10.88 235.79
10.89 237.7
10.9 237.16
10.91 234.56
10.92 231.59
10.93 228.19
10.94 223.45
10.95 219.07
10.96 216.12
10.97 214.3
10.98 213.21
10.99 212.75
11.0 212.86
11.01 213.14
11.02 213.27
11.03 213.13
11.04 212.69
11.05 211.81
11.06 210.08
11.07 208.28
11.08 207.49
11.09 207.46
11.1 207.22
11.11 206.99
11.12 207.41
11.13 208.14
11.14 208.47
11.15 208.48
11.16 208.39
11.17 208.03
11.18 207.42
11.19 207.03
11.2 207.17
11.21 207.54
11.22 207.74
11.23 208.04
11.24 208.72
11.25 209.71
11.26 211.25
11.27 213.02
11.28 214.4
11.29 215.48
11.3 216.93
11.31 219.4
11.32 222.37
11.33 225.03
11.34 227.33
11.35 228.44
11.36 227.64
11.37 226.1
11.38 225.09
11.39 224.36
11.4 223.69
11.41 223.34
11.42 223.39
11.43 223.42
11.44 222.96
11.45 222.69
11.46 222.72
11.47 222.8
11.48 223.0
11.49 223.72
11.5 224.92
11.51 225.99
11.52 226.65
11.53 226.68
11.54 225.72
11.55 223.94
11.56 221.9
11.57 220.5
11.58 218.54
11.59 215.36
11.6 213.13
11.61 213.64
11.62 213.57
11.63 213.59
11.64 213.84
11.65 214.4
11.66 215.33
11.67 214.74
11.68 212.02
11.69 210.61
11.7 210.7
11.71 205.48
11.72 200.51
11.73 193.81
11.74 186.88
11.75 181.07
11.76 176.7
11.77 174.73
11.78 174.73
11.79 175.76
11.8 176.92
11.81 178.0
11.82 178.69
11.83 179.14
11.84 179.56
11.85 179.91
11.86 179.66
11.87 178.68
11.88 177.83
11.89 177.59
11.9 177.22
11.91 177.36
11.92 178.32
11.93 179.36
11.94 180.24
11.95 180.81
11.96 181.02
11.97 181.23
11.98 181.74
11.99 182.18
12.0 182.36
12.01 182.41
12.02 182.37
12.03 182.61
12.04 182.72
12.05 182.44
12.06 182.35
12.07 182.16
12.08 181.71
12.09 181.73
12.1 181.86
12.11 181.78
12.12 181.8
12.13 182.03
12.14 182.19
12.15 182.2
12.16 181.95
12.17 181.68
12.18 181.86
12.19 181.8
12.2 181.95
12.21 182.83
12.22 183.41
12.23 183.33
12.24 183.14
12.25 183.16
12.26 183.07
12.27 182.81
12.28 182.57
12.29 182.22
12.3 181.6
12.31 181.23
12.32 181.45
12.33 181.86
12.34 182.21
12.35 182.58
12.36 183.03
12.37 183.01
12.38 182.48
12.39 181.76
12.4 181.01
12.41 180.21
12.42 179.73
12.43 179.8
12.44 180.28
12.45 180.84
12.46 181.53
12.47 182.35
12.48 183.36
12.49 184.17
12.5 184.52
12.51 184.57
12.52 184.24
12.53 183.53
12.54 182.73
12.55 182.14
12.56 181.41
12.57 180.63
12.58 180.21
12.59 179.48
12.6 178.72
12.61 178.43
12.62 178.49
12.63 178.92
12.64 179.44
12.65 180.1
12.66 180.7
12.67 181.23
12.68 181.79
12.69 182.61
12.7 183.17
12.71 183.25
12.72 183.17
12.73 183.04
12.74 182.95
12.75 183.0
12.76 183.1
12.77 182.96
12.78 182.69
12.79 182.36
12.8 182.03
12.81 181.43
12.82 180.66
12.83 180.01
12.84 180.1
12.85 180.72
12.86 181.28
12.87 182.56
12.88 184.0
12.89 184.69
12.9 184.85
12.91 184.6
12.92 184.05
12.93 183.35
12.94 182.73
12.95 182.34
12.96 181.99
12.97 181.41
12.98 180.85
12.99 180.48
13.0 179.76
13.01 178.19
13.02 176.79
13.03 177.74
13.04 179.58
13.05 173.39
13.06 159.01
13.07 142.43
13.08 132.81
13.09 104.34
13.1 101.14
13.11 0.0
13.12 0.0
13.13 0.0
13.14 0.0
13.15 0.0
13.16 0.0
13.17 0.0
13.18 103.83
13.19 0.0
13.2 0.0
13.21 0.0
13.22 168.48
13.23 139.36
13.24 140.35
13.25 143.87
13.26 147.23
13.27 152.39
13.28 157.77
13.29 163.96
13.3 170.22
13.31 175.88
13.32 181.4
13.33 186.05
13.34 190.17
13.35 193.47
13.36 196.07
13.37 395.33
13.38 399.45
13.39 403.62
13.4 407.41
13.41 410.33
13.42 412.73
13.43 414.52
13.44 415.98
13.45 416.8
13.46 417.26
13.47 210.17
13.48 211.34
13.49 212.43
13.5 213.57
13.51 214.72
13.52 215.31
13.53 215.78
13.54 217.94
13.55 219.85
13.56 219.44
13.57 218.87
13.58 218.7
13.59 218.85
13.6 219.23
13.61 219.91
13.62 220.82
13.63 221.57
13.64 221.95
13.65 222.21
13.66 222.42
13.67 222.72
13.68 222.87
13.69 222.67
13.7 222.51
13.71 222.38
13.72 222.49
13.73 222.61
13.74 222.79
13.75 223.26
13.76 223.59
13.77 223.96
13.78 224.88
13.79 225.97
13.8 226.57
13.81 226.99
13.82 227.57
13.83 227.83
13.84 227.93
13.85 227.23
13.86 225.21
13.87 222.17
13.88 219.02
13.89 215.26
13.9 210.96
13.91 206.58
13.92 203.47
13.93 202.92
13.94 203.3
13.95 204.16
13.96 205.24
13.97 205.93
13.98 206.04
13.99 205.81
14.0 205.46
14.01 204.83
14.02 203.89
14.03 203.04
14.04 202.34
14.05 201.55
14.06 200.85
14.07 200.54
14.08 200.91
14.09 201.5
14.1 202.11
14.11 202.66
14.12 202.85
14.13 202.98
14.14 203.08
14.15 203.17
14.16 203.3
14.17 203.31
14.18 203.18
14.19 203.25
14.2 203.59
14.21 204.05
14.22 204.69
14.23 205.25
14.24 205.78
14.25 206.09
14.26 205.85
14.27 205.19
14.28 204.53
14.29 204.03
14.3 203.63
14.31 203.27
14.32 202.9
14.33 202.91
14.34 203.18
14.35 203.35
14.36 203.8
14.37 204.64
14.38 205.11
14.39 205.15
14.4 205.16
14.41 204.96
14.42 204.66
14.43 204.42
14.44 204.25
14.45 204.39
14.46 204.37
14.47 204.11
14.48 203.75
14.49 203.24
14.5 202.58
14.51 201.27
14.52 199.55
14.53 199.87
14.54 204.07
14.55 210.94
14.56 210.2
14.57 210.98
14.58 211.91
14.59 212.43
14.6 212.69
14.61 211.46
14.62 208.38
14.63 203.25
14.64 196.37
14.65 189.13
14.66 183.33
14.67 179.26
14.68 179.05
14.69 180.03
14.7 181.55
14.71 182.88
14.72 183.83
14.73 184.59
14.74 184.96
14.75 185.28
14.76 185.39
14.77 185.05
14.78 184.58
14.79 184.14
14.8 183.57
14.81 183.62
14.82 184.24
14.83 184.82
14.84 185.34
14.85 185.64
14.86 185.48
14.87 185.29
14.88 185.31
14.89 184.82
14.9 184.14
14.91 183.95
14.92 183.87
14.93 183.92
14.94 184.22
14.95 184.41
14.96 184.67
14.97 184.86
14.98 184.85
14.99 184.66
15.0 184.04
15.01 183.06
15.02 182.18
15.03 181.67
15.04 181.27
15.05 181.42
15.06 182.14
15.07 182.81
15.08 183.15
15.09 183.52
15.1 184.13
15.11 184.75
15.12 185.0
15.13 184.67
15.14 184.1
15.15 183.57
15.16 182.9
15.17 182.22
15.18 181.82
15.19 181.78
15.2 182.18
15.21 182.87
15.22 183.35
15.23 183.86
15.24 184.53
15.25 184.89
15.26 184.86
15.27 184.86
15.28 184.47
15.29 183.8
15.3 183.3
15.31 182.81
15.32 182.71
15.33 182.81
15.34 182.92
15.35 183.28
15.36 183.8
15.37 184.03
15.38 183.98
15.39 183.95
15.4 183.8
15.41 183.39
15.42 182.66
15.43 181.71
15.44 180.82
15.45 180.42
15.46 180.46
15.47 180.93
15.48 181.67
15.49 182.5
15.5 183.39
15.51 184.17
15.52 184.6
15.53 184.56
15.54 184.34
15.55 183.84
15.56 182.96
15.57 181.99
15.58 181.07
15.59 180.21
15.6 179.78
15.61 180.16
15.62 180.52
15.63 181.32
15.64 182.4
15.65 183.01
15.66 183.31
15.67 183.34
15.68 183.0
15.69 182.28
15.7 181.4
15.71 180.56
15.72 179.9
15.73 180.01
15.74 180.47
15.75 181.01
15.76 181.79
15.77 182.4
15.78 182.52
15.79 182.38
15.8 181.93
15.81 181.58
15.82 180.9
15.83 180.01
15.84 180.0
15.85 180.53
15.86 181.32
15.87 182.51
15.88 183.49
15.89 184.27
15.9 184.89
15.91 185.19
15.92 184.88
15.93 184.0
15.94 182.89
15.95 181.64
15.96 180.14
15.97 178.38
15.98 177.23
15.99 176.19
16.0 173.17
16.01 177.06
16.02 181.28
16.03 170.29
16.04 154.91
16.05 139.28
16.06 130.74
16.07 276.26
16.08 0.0
16.09 0.0
16.1 0.0
16.11 0.0
16.12 0.0
16.13 0.0
16.14 0.0
16.15 0.0
16.16 61.26
16.17 0.0
16.18 0.0
16.19 0.0
16.2 0.0
16.21 0.0
16.22 0.0
16.23 0.0
16.24 0.0
16.25 0.0
16.26 0.0
16.27 0.0
16.28 0.0
16.29 0.0
16.3 0.0
16.31 0.0
16.32 0.0
16.33 48.89
16.34 0.0
16.35 0.0
16.36 0.0
16.37 0.0
16.38 0.0
16.39 0.0
16.4 0.0
16.41 0.0
16.42 0.0
16.43 0.0
16.44 63.39
16.45 0.0
16.46 435.23
16.47 183.22
16.48 177.73
16.49 174.04
16.5 172.81
16.51 171.36
16.52 171.55
16.53 172.83
16.54 174.03
16.55 175.57
16.56 177.36
16.57 179.49
16.58 181.53
16.59 183.07
16.6 184.53
16.61 186.19
16.62 188.53
16.63 190.91
16.64 192.9
16.65 195.08
16.66 197.28
16.67 199.95
16.68 202.83
16.69 205.5
16.7 208.08
16.71 210.8
16.72 213.7
16.73 650.02
16.74 659.04
16.75 666.12
16.76 671.1
16.77 676.39
16.78 679.98
16.79 681.2
16.8 681.28
16.81 681.19
16.82 683.24
16.83 685.72
16.84 691.16
16.85 697.79
16.86 704.26
16.87 710.84
16.88 713.99
16.89 713.86
16.9 712.75
16.91 712.53
16.92 713.46
16.93 713.23
16.94 714.68
16.95 716.83
16.96 716.3
16.97 715.85
16.98 715.69
16.99 716.35
17.0 715.65
17.01 713.07
17.02 713.24
17.03 714.29
17.04 714.77
17.05 716.61
17.06 718.57
17.07 720.92
17.08 719.49
17.09 717.25
17.1 717.37
17.11 718.27
17.12 718.94
17.13 717.47
17.14 714.2
17.15 711.84
17.16 710.5
17.17 709.66
17.18 710.62
17.19 713.04
17.2 713.89
17.21 714.08
17.22 714.65
17.23 717.04
17.24 718.63
17.25 717.55
17.26 716.52
17.27 716.27
17.28 716.74
17.29 715.31
17.3 713.62
17.31 715.76
17.32 718.92
17.33 719.88
17.34 721.79
17.35 722.37
17.36 725.0
17.37 726.56
17.38 721.78
17.39 718.09
17.4 715.45
17.41 713.44
17.42 710.99
17.43 707.64
17.44 709.12
17.45 710.38
17.46 710.59
17.47 711.56
17.48 713.8
17.49 715.05
17.5 715.32
17.51 715.14
17.52 717.11
17.53 718.73
17.54 717.58
17.55 717.05
17.56 716.82
17.57 717.87
17.58 718.7
17.59 719.82
17.6 720.51
17.61 720.09
17.62 716.51
17.63 712.49
17.64 709.45
17.65 707.59
17.66 706.43
17.67 703.84
17.68 706.59
17.69 710.22
17.7 710.82
17.71 714.85
17.72 720.51
17.73 723.93
17.74 727.0
17.75 727.05
17.76 725.18
17.77 723.97
17.78 721.22
17.79 719.19
17.8 716.95
17.81 716.74
17.82 717.9
17.83 717.15
17.84 717.12
17.85 717.84
17.86 720.46
17.87 720.53
17.88 718.63
17.89 717.43
17.9 717.33
17.91 717.33
17.92 715.68
17.93 713.76
17.94 715.08
17.95 716.95
17.96 717.78
17.97 720.22
17.98 721.29
17.99 723.71
18.0 722.7
18.01 719.01
18.02 715.83
18.03 714.82
18.04 715.85
18.05 715.78
18.06 713.88
18.07 716.06
18.08 240.09
18.09 244.49
18.1 242.12
18.11 241.71
18.12 242.39
18.13 241.24
18.14 240.36
18.15 240.17
18.16 241.31
18.17 242.62
18.18 245.15
18.19 255.18
18.2 264.14
18.21 257.09
18.22 254.57
18.23 251.83
18.24 249.79
18.25 246.92
18.26 244.71
18.27 242.93
18.28 241.89
18.29 241.64
18.3 242.17
18.31 242.84
18.32 243.74
18.33 244.39
18.34 244.47
18.35 244.51
18.36 243.9
18.37 242.84
18.38 241.77
18.39 241.05
18.4 241.05
18.41 241.01
18.42 240.7
18.43 240.38
18.44 240.86
18.45 241.56
18.46 241.86
18.47 242.53
18.48 242.95
18.49 243.2
18.5 243.24
18.51 242.66
18.52 242.08
18.53 241.56
18.54 240.93
18.55 240.55
18.56 240.58
18.57 240.44
18.58 240.07
18.59 240.18
18.6 240.39
18.61 240.73
18.62 241.7
18.63 242.37
18.64 242.59
18.65 242.34
18.66 241.84
18.67 241.49
18.68 241.28
18.69 241.41
18.7 241.37
18.71 241.47
18.72 242.03
18.73 242.74
18.74 243.12
18.75 242.73
18.76 242.2
18.77 242.19
18.78 242.48
18.79 242.07
18.8 241.04
18.81 240.47
18.82 239.86
18.83 238.85
18.84 237.96
18.85 236.85
18.86 235.06
18.87 232.69
18.88 229.07
18.89 224.43
18.9 217.72
18.91 211.16
18.92 203.36
18.93 194.23
18.94 182.34
18.95 169.09
18.96 154.05
18.97 146.08
18.98 145.17
18.99 107.68
19.0 121.32
19.01 69.32
19.02 105.53
19.03 0.0
19.04 50.58
19.05 0.0
19.06 0.0
19.07 89.67
19.08 90.44
19.09 132.42
19.1 84.37
19.11 443.36
19.12 0.0
19.13 0.0
19.14 0.0
19.15 84.16
19.16 112.68
19.17 125.31
19.18 62.22
19.19 0.0
19.2 0.0
19.21 78.21
19.22 0.0
19.23 0.0
19.24 0.0
19.25 0.0
19.26 97.62
19.27 0.0
19.28 0.0
19.29 0.0
19.3 264.66
19.31 262.61
19.32 250.64
19.33 234.34
19.34 233.56
19.35 234.57
19.36 235.55
19.37 236.1
19.38 236.19
19.39 235.85
19.4 234.5
19.41 224.8
19.42 207.99
19.43 200.46
19.44 191.09
19.45 181.55
19.46 173.77
19.47 168.27
19.48 166.67
19.49 170.6
19.5 182.29
19.51 191.61
19.52 193.28
19.53 192.09
19.54 192.47
19.55 193.78
19.56 193.62
19.57 192.2
19.58 191.47
19.59 192.83
19.6 194.92
19.61 197.14
19.62 199.5
19.63 202.22
19.64 205.06
19.65 623.22
19.66 627.68
19.67 632.97
19.68 641.84
19.69 655.7
19.7 672.57
19.71 231.83
19.72 236.69
19.73 238.5
19.74 239.42
19.75 239.34
19.76 239.14
19.77 238.92
19.78 237.49
19.79 235.33
19.8 704.6
19.81 699.81
19.82 234.25
19.83 236.57
19.84 238.67
19.85 239.84
19.86 240.39
19.87 240.07
19.88 239.36
19.89 238.22
19.9 236.87
19.91 235.56
19.92 234.14
19.93 233.2
19.94 233.05
19.95 233.49
19.96 234.1
19.97 234.79
19.98 235.81
19.99 237.19
20.0 238.99
20.01 240.56
20.02 241.26
20.03 241.18
20.04 240.56
20.05 239.86
20.06 239.41
20.07 239.26
20.08 239.06
20.09 238.92
20.1 239.01
20.11 239.16
20.12 239.81
20.13 241.01
20.14 242.1
20.15 242.18
20.16 241.38
20.17 240.3
20.18 238.91
20.19 237.74
20.2 236.82
20.21 236.27
20.22 236.32
20.23 236.47
20.24 237.26
20.25 238.85
20.26 240.37
20.27 241.65
20.28 241.92
20.29 241.33
20.3 240.33
20.31 239.07
20.32 237.79
20.33 236.73
20.34 235.97
20.35 235.76
20.36 236.01
20.37 236.95
20.38 238.24
20.39 239.17
20.4 240.03
20.41 240.7
20.42 240.75
20.43 239.96
20.44 239.34
20.45 239.14
20.46 238.77
20.47 238.28
20.48 237.48
20.49 236.84
20.5 236.69
20.51 236.74
20.52 236.63
20.53 236.64
20.54 237.24
20.55 238.19
20.56 239.37
20.57 240.39
20.58 240.91
20.59 241.43
20.6 241.75
20.61 241.05
20.62 239.96
20.63 238.77
20.64 237.7
20.65 237.04
20.66 236.62
20.67 236.3
20.68 236.27
20.69 236.89
20.7 237.82
20.71 238.59
20.72 239.06
20.73 239.3
20.74 239.29
20.75 239.4
20.76 238.78
20.77 237.12
20.78 235.76
20.79 351.3
20.8 701.33
20.81 697.87
20.82 693.74
20.83 230.52
20.84 231.12
20.85 231.81
20.86 231.14
20.87 229.19
20.88 227.06
20.89 223.13
20.9 219.89
20.91 220.08
20.92 219.05
20.93 218.12
20.94 218.58
20.95 219.82
20.96 221.99
20.97 224.3
20.98 228.98
20.99 235.81
21.0 245.01
21.01 248.37
21.02 250.68
21.03 249.92
21.04 245.96
21.05 241.13
21.06 235.45
21.07 229.24
21.08 223.57
21.09 219.62
21.1 217.89
21.11 217.77
21.12 218.75
21.13 220.14
21.14 221.35
21.15 222.03
21.16 222.49
21.17 222.72
21.18 222.39
21.19 221.73
21.2 221.09
21.21 220.69
21.22 220.2
21.23 219.43
21.24 219.02
21.25 218.97
21.26 219.02
21.27 218.8
21.28 218.62
21.29 219.15
21.3 220.17
21.31 221.49
21.32 222.57
21.33 223.03
21.34 223.03
21.35 222.38
21.36 221.72
21.37 221.81
21.38 222.0
21.39 221.68
21.4 221.23
21.41 220.84
21.42 220.42
21.43 220.01
21.44 219.85
21.45 219.97
21.46 220.28
21.47 329.37
21.48 329.34
21.49 328.51
21.5 329.05
21.51 219.95
21.52 329.28
21.53 663.61
21.54 328.58
21.55 327.68
21.56 217.83
21.57 216.33
21.58 214.47
21.59 211.7
21.6 207.98
21.61 203.25
21.62 198.11
21.63 193.82
21.64 191.91
21.65 191.84
21.66 193.03
21.67 195.11
21.68 196.97
21.69 198.53
21.7 199.91
21.71 200.78
21.72 200.84
21.73 200.28
21.74 199.16
21.75 197.72
21.76 196.42
21.77 195.49
21.78 195.39
21.79 196.08
21.8 197.28
21.81 198.54
21.82 199.44
21.83 200.1
21.84 200.69
21.85 201.09
21.86 201.39
21.87 201.55
21.88 201.32
21.89 200.84
21.9 200.38
21.91 200.0
21.92 199.85
21.93 199.62
21.94 199.25
21.95 199.13
21.96 199.07
21.97 199.22
21.98 199.88
21.99 200.36
22.0 200.36
22.01 200.49
22.02 200.51
22.03 200.3
22.04 200.29
22.05 200.4
22.06 200.69
22.07 200.99
22.08 201.13
22.09 201.18
22.1 201.19
22.11 201.11
22.12 201.3
22.13 201.61
22.14 201.56
22.15 201.15
22.16 200.77
22.17 200.88
22.18 201.16
22.19 201.56
22.2 201.9
22.21 201.73
22.22 201.18
22.23 200.46
22.24 199.27
22.25 197.22
22.26 195.77
22.27 197.89
22.28 208.15
22.29 200.59
22.3 65.52
22.31 192.5
22.32 194.68
22.33 218.48
22.34 239.96
22.35 294.45
22.36 336.34
22.37 316.46
22.38 306.6
22.39 291.08
22.4 273.47
22.41 260.46
22.42 253.83
22.43 252.84
22.44 251.67
22.45 250.49
22.46 248.88
22.47 247.12
22.48 245.23
22.49 243.68
22.5 242.55
22.51 242.12
22.52 242.21
22.53 242.79
22.54 243.08
22.55 243.22
22.56 243.19
22.57 243.26
22.58 243.32
22.59 243.04
22.6 242.45
22.61 241.38
22.62 240.49
22.63 239.96
22.64 239.68
22.65 240.23
22.66 241.21
22.67 242.12
22.68 242.46
22.69 242.13
22.7 241.84
22.71 241.22
22.72 240.48
22.73 239.36
22.74 238.54
22.75 238.28
22.76 238.1
22.77 238.33
22.78 238.72
22.79 239.24
22.8 240.01
22.81 240.21
22.82 240.03
22.83 239.51
22.84 238.21
22.85 237.05
22.86 236.36
22.87 236.53
22.88 237.78
22.89 239.27
22.9 240.76
22.91 241.83
22.92 242.14
22.93 241.87
22.94 240.84
22.95 239.57
22.96 238.19
22.97 236.91
22.98 236.03
22.99 235.59
23.0 235.77
23.01 236.52
23.02 237.67
23.03 239.45
23.04 241.31
23.05 242.56
23.06 243.17
23.07 242.71
23.08 241.71
23.09 240.72
23.1 239.66
23.11 238.68
23.12 238.33
23.13 238.64
23.14 239.36
23.15 239.99
23.16 240.75
23.17 241.05
23.18 240.96
23.19 240.86
23.2 240.37
23.21 239.87
23.22 239.31
23.23 239.0
23.24 238.91
23.25 239.21
23.26 239.56
23.27 239.4
23.28 239.33
23.29 239.55
23.3 239.49
23.31 239.39
23.32 239.04
23.33 238.55
23.34 238.6
23.35 238.94
23.36 239.27
23.37 239.69
23.38 239.95
23.39 240.77
23.4 242.12
23.41 243.11
23.42 244.01
23.43 245.09
23.44 246.19
23.45 271.36
23.46 279.06
23.47 276.13
23.48 271.7
23.49 264.58
23.5 255.83
23.51 249.82
23.52 245.78
23.53 242.74
23.54 240.6
23.55 239.36
23.56 238.56
23.57 238.46
23.58 239.26
23.59 240.79
23.6 241.57
23.61 241.48
23.62 241.48
23.63 240.7
23.64 239.85
23.65 238.74
23.66 237.34
23.67 237.02
23.68 236.84
23.69 236.97
23.7 237.25
23.71 237.19
23.72 238.07
23.73 239.77
23.74 241.18
23.75 242.87
23.76 243.99
23.77 244.73
23.78 245.08
23.79 244.99
23.8 244.15
23.81 242.56
23.82 240.11
23.83 236.49
23.84 232.96
23.85 228.67
23.86 222.86
23.87 217.0
23.88 213.74
23.89 212.78
23.9 213.25
23.91 214.77
23.92 215.98
23.93 216.76
23.94 217.65
23.95 218.05
23.96 217.87
23.97 217.16
23.98 216.26
23.99 215.67
24.0 214.96
24.01 214.0
24.02 213.41
24.03 213.41
24.04 213.65
24.05 213.71
24.06 213.83
24.07 214.06
24.08 214.17
24.09 214.42
24.1 214.88
24.11 215.02
24.12 214.88
24.13 214.74
24.14 215.02
24.15 215.38
24.16 215.8
24.17 216.1
24.18 215.87
24.19 215.77
24.2 215.93
24.21 216.26
24.22 216.69
24.23 216.69
24.24 216.18
24.25 216.01
24.26 216.06
24.27 216.03
24.28 216.09
24.29 216.3
24.3 216.76
24.31 217.31
24.32 217.69
24.33 217.99
24.34 218.14
24.35 217.75
24.36 217.04
24.37 216.67
24.38 215.98
24.39 214.66
24.4 213.48
24.41 212.89
24.42 212.77
24.43 213.55
24.44 214.95
24.45 215.81
24.46 216.72
24.47 218.34
24.48 220.62
24.49 223.47
24.5 225.57
24.51 225.66
24.52 219.17
24.53 215.45
24.54 219.39
24.55 217.87
24.56 215.78
24.57 211.73
24.58 206.44
24.59 200.12
24.6 193.82
24.61 191.61
24.62 191.15
24.63 191.53
24.64 191.97
24.65 192.82
24.66 193.71
24.67 194.35
24.68 195.14
24.69 195.63
24.7 195.78
24.71 196.02
24.72 195.92
24.73 195.83
24.74 195.94
24.75 195.95
24.76 195.92
24.77 195.75
24.78 195.86
24.79 196.07
24.8 196.17
24.81 196.39
24.82 196.91
24.83 197.36
24.84 197.67
24.85 198.03
24.86 198.73
24.87 199.41
24.88 199.74
24.89 200.23
24.9 200.77
24.91 201.7
24.92 203.04
24.93 204.5
24.94 206.36
24.95 208.46
24.96 209.91
24.97 210.56
24.98 210.81
24.99 210.9
25.0 210.94
25.01 210.84
25.02 211.14
25.03 211.93
25.04 212.35
25.05 212.5
25.06 212.52
25.07 212.07
25.08 211.41
25.09 211.13
25.1 211.01
25.11 210.72
25.12 210.51
25.13 210.41
25.14 210.36
25.15 210.43
25.16 210.52
25.17 210.46
25.18 210.41
25.19 210.63
25.2 210.66
25.21 210.58
25.22 210.51
25.23 210.51
25.24 210.51
25.25 210.61
25.26 212.12
25.27 215.59
25.28 220.67
25.29 218.38
25.3 219.73
25.31 219.43
25.32 219.08
25.33 217.85
25.34 216.3
25.35 213.87
25.36 210.82
25.37 206.86
25.38 204.45
25.39 199.77
25.4 194.95
25.41 190.07
25.42 186.19
25.43 183.73
25.44 182.02
25.45 181.15
25.46 181.38
25.47 181.49
25.48 181.15
25.49 180.91
25.5 180.96
25.51 180.82
25.52 180.11
25.53 179.36
25.54 178.71
25.55 178.33
25.56 178.32
25.57 178.51
25.58 178.77
25.59 179.36
25.6 180.31
25.61 181.12
25.62 181.53
25.63 181.83
25.64 181.68
25.65 180.98
25.66 180.17
25.67 179.54
25.68 178.86
25.69 177.8
25.7 176.8
25.71 176.96
25.72 177.47
25.73 178.26
25.74 178.98
25.75 179.3
25.76 179.62
25.77 180.03
25.78 180.23
25.79 180.27
25.8 180.47
25.81 180.82
25.82 181.05
25.83 181.18
25.84 181.65
25.85 182.26
25.86 182.69
25.87 183.19
25.88 183.68
25.89 183.72
25.9 183.1
25.91 182.04
25.92 181.24
25.93 180.54
25.94 180.33
25.95 180.85
25.96 181.15
25.97 181.26
25.98 181.9
25.99 182.43
26.0 182.46
26.01 182.25
26.02 181.88
26.03 181.61
26.04 181.54
26.05 181.43
26.06 181.45
26.07 181.97
26.08 182.38
26.09 182.73
26.1 182.88
26.11 182.79
26.12 182.67
26.13 182.49
26.14 182.36
26.15 182.17
26.16 181.7
26.17 181.1
26.18 180.92
26.19 181.4
26.2 181.96
26.21 182.33
26.22 182.65
26.23 182.88
26.24 182.92
26.25 182.65
26.26 182.27
26.27 182.11
26.28 181.81
26.29 181.19
26.3 180.66
26.31 179.92
26.32 178.79
26.33 176.45
26.34 173.35
26.35 79.38
26.36 156.17
26.37 143.73
26.38 100.5
26.39 266.72
26.4 0.0
26.41 168.66
26.42 0.0
26.43 0.0
26.44 63.97
26.45 53.74
26.46 0.0
26.47 0.0
26.48 72.27
26.49 64.07
26.5 63.98
26.51 65.37
26.52 66.99
26.53 65.46
26.54 111.33
26.55 127.91
26.56 81.42
26.57 371.17
26.58 0.0
26.59 63.9
26.6 110.72
26.61 283.35
26.62 82.92
26.63 0.0
26.64 72.6
26.65 0.0
26.66 0.0
26.67 72.2
26.68 115.27
26.69 0.0
26.7 110.03
26.71 0.0
26.72 0.0
26.73 0.0
26.74 0.0
26.75 0.0
26.76 0.0
26.77 0.0
26.78 165.81
26.79 147.17
26.8 137.37
26.81 135.44
26.82 134.6
26.83 135.14
26.84 136.77
26.85 140.49
26.86 144.65
26.87 148.49
26.88 151.67
26.89 154.93
26.9 157.39
26.91 160.22
26.92 162.48
26.93 164.8
26.94 167.43
26.95 170.26
26.96 173.49
26.97 176.96
26.98 180.96
26.99 185.25
27.0 189.3
27.01 192.95
27.02 196.0
27.03 198.42
27.04 200.31
27.05 201.42
27.06 202.13
27.07 202.22
27.08 201.78
27.09 201.65
27.1 202.5
27.11 204.0
27.12 206.05
27.13 208.32
27.14 210.44
27.15 212.17
27.16 213.04
27.17 213.25
27.18 212.93
27.19 212.52
27.2 212.28
27.21 212.47
27.22 212.98
27.23 213.35
27.24 213.7
27.25 214.05
27.26 214.29
27.27 214.82
27.28 215.43
27.29 215.85
27.3 216.25
27.31 216.35
27.32 216.14
27.33 216.05
27.34 216.41
27.35 216.64
27.36 217.05
27.37 217.43
27.38 217.57
27.39 217.96
27.4 218.25
27.41 218.0
27.42 217.4
27.43 216.95
27.44 216.54
27.45 217.04
27.46 218.61
27.47 220.25
27.48 222.26
27.49 223.94
27.5 225.34
27.51 225.85
27.52 224.59
27.53 221.56
27.54 216.92
27.55 211.82
27.56 206.26
27.57 200.58
27.58 196.81
27.59 195.53
27.6 196.18
27.61 197.5
27.62 198.63
27.63 199.52
27.64 200.18
27.65 200.67
27.66 201.13
27.67 201.14
27.68 200.59
27.69 199.73
27.7 198.55
27.71 197.19
27.72 196.26
27.73 195.92
27.74 195.99
27.75 196.34
27.76 197.04
27.77 197.9
27.78 198.74
27.79 199.29
27.8 199.69
27.81 200.12
27.82 200.46
27.83 200.25
27.84 199.63
27.85 199.09
27.86 198.43
27.87 197.96
27.88 197.78
27.89 197.6
27.9 197.73
27.91 198.18
27.92 198.59
27.93 198.88
27.94 198.88
27.95 198.66
27.96 198.33
27.97 197.94
27.98 198.04
27.99 198.56
28.0 199.38
28.01 200.17
28.02 200.9
28.03 201.3
28.04 201.25
28.05 201.0
28.06 200.08
28.07 198.87
28.08 197.49
28.09 195.41
28.1 192.93
28.11 192.53
28.12 197.17
28.13 204.7
28.14 204.33
28.15 205.26
28.16 207.08
28.17 208.01
28.18 207.65
28.19 205.76
28.2 201.49
28.21 196.02
28.22 189.86
28.23 182.92
28.24 176.11
28.25 172.94
28.26 173.2
28.27 174.29
28.28 175.7
28.29 177.33
28.3 178.97
28.31 180.25
28.32 181.34
28.33 182.3
28.34 183.04
28.35 183.42
28.36 183.17
28.37 182.63
28.38 181.82
28.39 181.05
28.4 180.78
28.41 180.73
28.42 180.72
28.43 180.88
28.44 181.13
28.45 181.38
28.46 181.69
28.47 181.76
28.48 181.91
28.49 182.41
28.5 183.13
28.51 183.91
28.52 184.45
28.53 184.68
28.54 184.75
28.55 184.7
28.56 184.45
28.57 184.2
28.58 183.74
28.59 182.74
28.6 181.83
28.61 181.4
28.62 181.14
28.63 180.86
28.64 180.97
28.65 181.21
28.66 181.65
28.67 182.02
28.68 182.22
28.69 182.52
28.7 182.79
28.71 183.18
28.72 183.48
28.73 183.37
28.74 183.08
28.75 182.63
28.76 182.15
28.77 181.93
28.78 181.81
28.79 181.68
28.8 181.41
28.81 181.28
28.82 181.27
28.83 181.42
28.84 182.01
28.85 182.52
28.86 182.77
28.87 182.98
28.88 183.12
28.89 183.17
28.9 182.98
28.91 182.62
28.92 182.25
28.93 181.82
28.94 181.57
28.95 181.48
28.96 181.55
28.97 182.1
28.98 182.71
28.99 183.1
29.0 183.34
29.01 183.51
29.02 183.44
29.03 183.11
29.04 182.38
29.05 181.36
29.06 180.44
29.07 179.76
29.08 179.55
29.09 179.7
29.1 180.44
29.11 181.27
29.12 182.15
29.13 183.14
29.14 184.24
29.15 185.01
29.16 185.01
29.17 184.46
29.18 183.59
29.19 182.68
29.2 181.53
29.21 180.09
29.22 179.17
29.23 178.91
29.24 178.82
29.25 179.25
29.26 180.12
29.27 181.05
29.28 181.72
29.29 181.91
29.3 181.84
29.31 181.41
29.32 181.1
29.33 181.19
29.34 180.91
29.35 180.44
29.36 180.63
29.37 181.26
29.38 181.45
29.39 181.48
29.4 181.53
29.41 181.5
29.42 181.46
29.43 180.77
29.44 180.5
29.45 181.06
29.46 180.87
29.47 180.57
29.48 180.55
29.49 180.55
29.5 180.34
29.51 180.0
29.52 179.37
29.53 178.87
29.54 179.25
29.55 180.09
29.56 180.78
29.57 181.55
29.58 182.69
29.59 183.43
29.6 183.57
29.61 182.63
29.62 179.47
29.63 180.92
29.64 185.96
29.65 182.24
29.66 175.44
29.67 165.51
29.68 150.25
29.69 145.9
29.7 270.72
29.71 0.0
29.72 0.0
29.73 0.0
29.74 0.0
29.75 0.0
29.76 0.0
29.77 103.94
29.78 27.21
29.79 13.71
29.8 0.0
29.81 0.0
29.82 0.0
29.83 89.33
29.84 0.0
29.85 0.0
29.86 0.0
29.87 0.0
29.88 0.0
29.89 0.0
29.9 0.0
29.91 0.0
29.92 0.0
29.93 0.0
29.94 225.1
29.95 376.03
29.96 94.68
29.97 0.0
29.98 0.0
29.99 0.0
30.0 0.0
30.01 0.0
30.02 0.0
30.03 77.19
30.04 0.0
30.05 254.85
30.06 255.8
30.07 315.33
30.08 283.75
30.09 61.02
30.1 91.65
30.11 183.51
30.12 182.18
30.13 179.97
30.14 178.04
30.15 177.15
30.16 173.86
30.17 168.01
30.18 176.94
30.19 180.9
30.2 181.03
30.21 180.31
30.22 181.04
30.23 181.82
30.24 181.07
30.25 179.72
30.26 179.54
30.27 180.42
30.28 181.56
30.29 183.34
30.3 185.59
30.31 187.81
30.32 190.24
30.33 192.92
30.34 195.64
30.35 198.17
30.36 200.59
30.37 202.88
30.38 204.95
30.39 206.99
30.4 626.64
30.41 632.09
30.42 636.78
30.43 638.15
30.44 639.88
30.45 644.52
30.46 650.18
30.47 654.99
30.48 661.98
30.49 668.97
30.5 675.43
30.51 682.73
30.52 689.57
30.53 695.05
30.54 700.13
30.55 701.7
30.56 698.31
30.57 694.04
30.58 689.15
30.59 686.28
30.6 688.28
30.61 690.55
30.62 695.72
30.63 700.39
30.64 701.46
30.65 703.72
30.66 705.3
30.67 704.68
30.68 705.9
30.69 707.03
30.7 705.88
30.71 706.9
30.72 706.9
30.73 704.12
30.74 705.6
30.75 707.93
30.76 709.09
30.77 711.4
30.78 713.33
30.79 712.13
30.8 707.84
30.81 707.03
30.82 706.81
30.83 703.51
30.84 702.24
30.85 702.35
30.86 701.79
30.87 703.36
30.88 705.27
30.89 706.03
30.9 707.24
30.91 709.26
30.92 711.01
30.93 710.97
30.94 713.38
30.95 714.21
30.96 710.88
30.97 708.15
30.98 707.49
30.99 707.16
31.0 705.38
31.01 706.84
31.02 707.63
31.03 706.99
31.04 709.79
31.05 712.99
31.06 714.2
31.07 713.18
31.08 712.92
31.09 711.32
31.1 707.34
31.11 704.87
31.12 702.56
31.13 700.06
31.14 698.95
31.15 700.69
31.16 703.69
31.17 708.33
31.18 713.33
31.19 716.9
31.2 721.28
31.21 725.49
31.22 730.28
31.23 730.46
31.24 722.31
31.25 714.33
31.26 709.87
31.27 709.85
31.28 710.37
31.29 708.72
31.3 710.98
31.31 712.95
31.32 712.49
31.33 712.25
31.34 713.58
31.35 714.78
31.36 714.88
31.37 713.59
31.38 712.67
31.39 711.39
31.4 708.66
31.41 709.83
31.42 711.13
31.43 710.98
31.44 710.89
31.45 714.01
31.46 718.45
31.47 720.38
31.48 719.38
31.49 717.05
31.5 713.75
31.51 707.67
31.52 701.53
31.53 699.56
31.54 698.71
31.55 698.11
31.56 699.92
31.57 701.76
31.58 705.86
31.59 710.49
31.6 712.43
31.61 713.12
31.62 714.6
31.63 714.92
31.64 712.5
31.65 708.91
31.66 709.41
31.67 709.02
31.68 703.9
31.69 704.39
31.7 705.99
31.71 705.26
31.72 708.37
31.73 711.48
31.74 711.73
31.75 710.98
31.76 712.95
31.77 714.36
31.78 712.83
31.79 709.89
31.8 708.45
31.81 707.96
31.82 704.69
31.83 707.01
31.84 710.15
31.85 709.89
31.86 712.02
31.87 714.23
31.88 714.79
31.89 713.46
31.9 712.86
31.91 713.03
31.92 712.02
31.93 708.43
31.94 707.05
31.95 705.74
31.96 234.85
31.97 238.54
31.98 244.33
31.99 234.31
32.0 207.9
32.01 188.69
32.02 171.85
32.03 156.27
32.04 101.37
32.05 0.0
32.06 0.0
32.07 0.0
32.08 0.0
32.09 461.03
32.1 0.0
32.11 312.66
32.12 319.48
32.13 304.37
32.14 287.78
32.15 273.82
32.16 261.75
32.17 253.31
32.18 246.64
32.19 243.39
32.2 243.01
32.21 243.19
32.22 243.31
32.23 243.52
32.24 243.35
32.25 242.99
32.26 242.82
32.27 242.83
32.28 242.38
32.29 241.04
32.3 239.88
32.31 238.52
32.32 237.24
32.33 236.75
32.34 236.84
32.35 238.17
32.36 239.86
32.37 241.35
32.38 243.58
32.39 244.9
32.4 245.1
32.41 244.91
32.42 244.08
32.43 242.33
32.44 240.63
32.45 239.26
32.46 238.43
32.47 238.44
32.48 238.73
32.49 239.55
32.5 241.15
32.51 242.47
32.52 243.39
32.53 243.9
32.54 243.61
32.55 242.62
32.56 240.66
32.57 237.87
32.58 235.18
32.59 232.99
32.6 232.05
32.61 232.56
32.62 233.94
32.63 235.91
32.64 238.48
32.65 243.96
32.66 249.26
32.67 255.25
32.68 255.75
32.69 248.48
32.7 240.98
32.71 235.81
32.72 228.19
32.73 216.69
32.74 212.42
32.75 211.28
32.76 211.94
32.77 212.94
32.78 213.88
32.79 214.5
32.8 214.66
32.81 214.52
32.82 214.23
32.83 213.7
32.84 213.21
32.85 213.16
32.86 212.91
32.87 212.14
32.88 211.72
32.89 212.17
32.9 212.95
32.91 213.57
32.92 214.11
32.93 214.45
32.94 214.22
32.95 213.64
32.96 213.27
32.97 213.04
32.98 212.78
32.99 212.77
33.0 213.16
33.01 213.7
33.02 214.32
33.03 214.34
33.04 213.74
33.05 213.38
33.06 213.12
33.07 212.63
33.08 212.19
33.09 212.26
33.1 212.78
33.11 213.69
33.12 214.88
33.13 215.99
33.14 216.97
33.15 217.79
33.16 218.26
33.17 218.2
33.18 217.73
33.19 217.14
33.2 216.41
33.21 215.53
33.22 214.73
33.23 214.01
33.24 213.87
33.25 214.62
33.26 215.35
33.27 215.73
33.28 216.41
33.29 217.43
33.3 217.86
33.31 217.8
33.32 217.73
33.33 217.21
33.34 216.27
33.35 215.51
33.36 215.35
33.37 216.0
33.38 216.59
33.39 217.15
33.4 217.93
33.41 218.44
33.42 218.3
33.43 217.58
33.44 216.21
33.45 214.73
33.46 213.6
33.47 212.72
33.48 212.47
33.49 213.15
33.5 214.68
33.51 216.87
33.52 219.07
33.53 220.62
33.54 221.14
33.55 221.17
33.56 220.89
33.57 220.34
33.58 219.53
33.59 218.15
33.6 217.2
33.61 216.71
33.62 216.29
33.63 216.25
33.64 216.6
33.65 217.01
33.66 217.49
33.67 218.01
33.68 218.03
33.69 217.8
33.7 217.98
33.71 218.45
33.72 218.62
33.73 218.01
33.74 215.07
33.75 204.43
33.76 198.22
33.77 193.75
33.78 186.72
33.79 180.43
33.8 176.04
33.81 175.5
33.82 190.66
33.83 224.74
33.84 229.63
33.85 222.59
33.86 219.7
33.87 214.83
33.88 210.13
33.89 205.17
33.9 201.24
33.91 596.62
33.92 588.86
33.93 582.77
33.94 580.32
33.95 193.31
33.96 194.56
33.97 195.91
33.98 196.43
33.99 196.4
34.0 196.2
34.01 196.31
34.02 196.44
34.03 588.34
34.04 587.22
34.05 587.44
34.06 587.35
34.07 585.84
34.08 194.06
34.09 193.36
34.1 192.85
34.11 192.46
34.12 192.36
34.13 192.6
34.14 193.03
34.15 193.6
34.16 194.45
34.17 195.41
34.18 588.38
34.19 589.4
34.2 589.55
34.21 589.83
34.22 194.76
34.23 193.41
34.24 192.16
34.25 191.04
34.26 190.39
34.27 189.68
34.28 189.24
34.29 190.06
34.3 191.56
34.31 92.86
34.32 184.73
34.33 183.23
34.34 182.17
34.35 183.99
34.36 182.61
34.37 174.66
34.38 152.32
34.39 0.0
34.4 0.0
34.41 0.0
34.42 0.0
34.43 0.0
34.44 0.0
34.45 104.64
34.46 0.0
34.47 0.0
34.48 0.0
34.49 0.0
34.5 0.0
34.51 0.0
34.52 0.0
34.53 103.01
34.54 113.3
34.55 0.0
34.56 79.44
34.57 0.0
34.58 63.26
34.59 0.0
34.6 0.0
34.61 0.0
34.62 127.56
34.63 0.0
34.64 0.0
34.65 0.0
34.66 0.0
34.67 0.0
34.68 74.4
34.69 0.0
34.7 110.09
34.71 0.0
34.72 0.0
34.73 0.0
34.74 0.0
34.75 98.5
34.76 0.0
34.77 0.0
34.78 0.0
34.79 214.5
34.8 312.37
34.81 286.08
34.82 101.02
34.83 79.12
34.84 76.14
34.85 151.18
34.86 152.27
34.87 152.87
34.88 154.24
34.89 155.95
34.9 157.35
34.91 158.29
34.92 163.67
34.93 168.42
34.94 169.56
34.95 169.34
34.96 169.04
34.97 168.78
34.98 168.91
34.99 170.02
35.0 171.78
35.01 173.59
35.02 175.69
35.03 177.9
35.04 179.9
35.05 183.07
35.06 187.18
35.07 190.42
35.08 192.94
35.09 195.21
35.1 197.47
35.11 200.41
35.12 203.52
35.13 206.74
35.14 210.11
35.15 213.49
35.16 217.6
35.17 664.01
35.18 674.32
35.19 681.96
35.2 688.08
35.21 692.79
35.22 692.1
35.23 691.99
35.24 690.46
35.25 690.11
35.26 690.85
35.27 690.52
35.28 692.26
35.29 691.77
35.3 694.38
35.31 698.63
35.32 700.01
35.33 704.1
35.34 707.18
35.35 707.78
35.36 709.82
35.37 708.81
35.38 705.9
35.39 707.7
35.4 711.16
35.41 713.62
35.42 714.47
35.43 716.92
35.44 718.1
35.45 716.17
35.46 714.53
35.47 713.02
35.48 710.06
35.49 706.23
35.5 704.33
35.51 704.52
35.52 705.13
35.53 704.83
35.54 707.42
35.55 709.84
35.56 710.4
35.57 715.49
35.58 720.03
35.59 720.15
35.6 719.0
35.61 717.09
35.62 716.63
35.63 713.76
35.64 709.27
35.65 709.97
35.66 710.75
35.67 710.67
35.68 711.88
35.69 714.32
35.7 714.77
35.71 713.33
35.72 712.25
35.73 713.28
35.74 713.1
35.75 710.55
35.76 711.34
35.77 712.47
35.78 713.55
35.79 715.14
35.8 716.67
35.81 718.37
35.82 717.44
35.83 715.57
35.84 715.27
35.85 714.91
35.86 713.55
35.87 712.38
35.88 713.78
35.89 716.82
35.9 719.34
35.91 721.21
35.92 722.2
35.93 722.23
35.94 719.91
35.95 716.97
35.96 714.53
35.97 714.74
35.98 714.68
35.99 711.64
36.0 709.54
36.01 710.35
36.02 710.91
36.03 710.11
36.04 711.87
36.05 715.78
36.06 718.01
36.07 718.45
36.08 720.19
36.09 723.45
36.1 724.32
36.11 721.98
36.12 719.17
36.13 719.24
36.14 720.82
36.15 718.94
36.16 717.31
36.17 716.95
36.18 719.12
36.19 720.44
36.2 719.11
36.21 719.32
36.22 720.19
36.23 722.5
36.24 721.36
36.25 718.06
36.26 716.7
36.27 716.78
36.28 715.44
36.29 713.54
36.3 712.9
36.31 715.43
36.32 716.81
36.33 715.36
36.34 239.74
36.35 242.61
36.36 247.52
36.37 247.64
36.38 244.15
36.39 234.61
36.4 207.57
36.41 188.88
36.42 167.92
36.43 152.74
36.44 141.18
36.45 0.0
36.46 0.0
36.47 0.0
36.48 0.0
36.49 73.69
36.5 0.0
36.51 0.0
36.52 62.42
36.53 320.09
36.54 287.51
36.55 315.34
36.56 315.68
36.57 291.88
36.58 274.99
36.59 269.27
36.6 261.68
36.61 255.34
36.62 249.18
36.63 244.87
36.64 243.17
36.65 242.49
36.66 242.58
36.67 242.57
36.68 242.18
36.69 241.48
36.7 241.35
36.71 241.44
36.72 241.93
36.73 242.37
36.74 242.1
36.75 241.64
36.76 241.45
36.77 241.75
36.78 241.98
36.79 242.47
36.8 243.24
36.81 243.83
36.82 244.35
36.83 244.31
36.84 243.96
36.85 243.58
36.86 242.89
36.87 242.28
36.88 241.99
36.89 242.11
36.9 242.62
36.91 243.37
36.92 243.85
36.93 243.81
36.94 243.32
36.95 242.83
36.96 242.71
36.97 242.73
36.98 243.37
36.99 245.03
37.0 246.78
37.01 247.76
37.02 248.02
37.03 250.53
37.04 253.85
37.05 256.32
37.06 256.96
37.07 254.07
37.08 250.47
37.09 247.78
37.1 242.58
37.11 229.86
37.12 223.92
37.13 221.7
37.14 221.43
37.15 221.86
37.16 222.08
37.17 222.42
37.18 222.87
37.19 223.1
37.2 222.62
37.21 221.39
37.22 219.77
37.23 218.42
37.24 217.58
37.25 217.38
37.26 217.5
37.27 217.86
37.28 218.55
37.29 219.14
37.3 219.52
37.31 219.74
37.32 219.72
37.33 219.29
37.34 218.63
37.35 217.74
37.36 216.79
37.37 216.34
37.38 216.33
37.39 216.38
37.4 216.17
37.41 215.92
37.42 215.71
37.43 215.61
37.44 215.89
37.45 216.46
37.46 217.21
37.47 218.19
37.48 219.18
37.49 219.83
37.5 220.12
37.51 220.09
37.52 219.76
37.53 218.99
37.54 218.38
37.55 217.72
37.56 217.19
37.57 217.04
37.58 217.03
37.59 217.31
37.6 217.92
37.61 218.64
37.62 219.13
37.63 219.18
37.64 218.93
37.65 218.62
37.66 218.13
37.67 217.45
37.68 217.17
37.69 217.25
37.7 217.39
37.71 217.61
37.72 217.97
37.73 218.36
37.74 218.52
37.75 218.9
37.76 219.56
37.77 219.85
37.78 219.7
37.79 219.64
37.8 219.6
37.81 219.43
37.82 219.32
37.83 218.99
37.84 218.53
37.85 218.1
37.86 217.54
37.87 217.28
37.88 217.39
37.89 217.56
37.9 217.59
37.91 217.78
37.92 218.26
37.93 218.89
37.94 219.29
37.95 219.21
37.96 218.96
37.97 218.36
37.98 217.74
37.99 217.37
38.0 217.38
38.01 217.92
38.02 218.09
38.03 217.97
38.04 218.16
38.05 218.33
38.06 218.49
38.07 218.93
38.08 219.15
38.09 218.93
38.1 218.79
38.11 219.09
38.12 219.32
38.13 219.34
38.14 219.88
38.15 220.33
38.16 216.58
38.17 208.42
38.18 199.25
38.19 196.53
38.2 191.31
38.21 186.0
38.22 188.73
38.23 203.71
38.24 231.02
38.25 251.76
38.26 248.01
38.27 240.31
38.28 235.42
38.29 228.06
38.3 221.79
38.31 216.6
38.32 210.6
38.33 201.82
38.34 197.21
38.35 196.1
38.36 196.3
38.37 197.23
38.38 198.23
38.39 198.85
38.4 198.99
38.41 199.05
38.42 199.33
38.43 199.37
38.44 198.88
38.45 198.26
38.46 198.0
38.47 198.13
38.48 198.5
38.49 199.32
38.5 200.76
38.51 202.26
38.52 202.99
38.53 202.89
38.54 202.22
38.55 201.13
38.56 199.83
38.57 198.42
38.58 196.73
38.59 194.98
38.6 194.18
38.61 198.67
38.62 200.31
38.63 196.26
38.64 191.19
38.65 94.43
38.66 72.24
38.67 72.89
38.68 105.6
38.69 275.41
38.7 258.43
38.71 240.76
38.72 221.26
38.73 184.42
38.74 90.98
38.75 123.6
38.76 0.0
38.77 0.0
38.78 0.0
38.79 76.61
38.8 0.0
38.81 0.0
38.82 0.0
38.83 61.51
38.84 0.0
38.85 0.0
38.86 0.0
38.87 0.0
38.88 0.0
38.89 0.0
38.9 0.0
38.91 0.0
38.92 0.0
38.93 0.0
38.94 0.0
38.95 168.92
38.96 488.37
38.97 413.72
38.98 68.58
38.99 489.88
39.0 752.08
39.01 594.06
39.02 910.57
39.03 974.75
39.04 478.27
39.05 0.0
39.06 0.0
39.07 0.0
39.08 0.0
39.09 309.16
39.1 307.77
39.11 250.79
39.12 665.53
39.13 73.12
39.14 333.35
39.15 73.92
39.16 149.36
39.17 152.5
39.18 156.33
39.19 160.12
39.2 163.9
39.21 167.42
39.22 170.54
39.23 173.31
39.24 175.88
39.25 178.1
39.26 180.02
39.27 182.26
39.28 185.28
39.29 189.2
39.3 193.28
39.31 196.69
39.32 199.49
39.33 202.04
39.34 204.77
39.35 207.75
39.36 210.46
39.37 212.84
39.38 214.89
39.39 217.29
39.4 219.74
39.41 665.99
39.42 674.32
39.43 680.49
39.44 684.41
39.45 688.49
39.46 689.85
39.47 691.79
39.48 693.7
39.49 694.07
39.5 695.32
39.51 696.11
39.52 700.96
39.53 704.93
39.54 704.16
39.55 705.33
39.56 705.31
39.57 702.29
39.58 702.98
39.59 704.75
39.6 704.59
39.61 706.37
39.62 708.8
39.63 710.96
39.64 712.24
39.65 714.89
39.66 715.84
39.67 712.88
39.68 709.48
39.69 706.28
39.7 702.18
39.71 233.11
39.72 235.12
39.73 241.31
39.74 240.71
39.75 241.97
39.76 243.42
39.77 243.47
39.78 243.6
39.79 243.6
39.8 242.93
39.81 241.62
39.82 244.06
39.83 247.29
39.84 242.97
39.85 242.24
39.86 241.88
39.87 242.12
39.88 242.61
39.89 243.34
39.9 244.04
39.91 244.44
39.92 244.18
39.93 244.15
39.94 244.39
39.95 244.46
39.96 244.42
39.97 243.91
39.98 243.15
39.99 242.52
40.0 241.97
40.01 241.51
40.02 241.55
40.03 241.72
40.04 241.62
40.05 241.46
40.06 241.61
40.07 242.2
40.08 242.98
40.09 243.42
40.1 243.38
40.11 243.0
40.12 242.63
40.13 242.36
40.14 242.36
40.15 242.28
40.16 242.16
40.17 242.37
40.18 242.52
40.19 242.38
40.2 242.28
40.21 242.66
40.22 243.52
40.23 244.39
40.24 244.48
40.25 243.96
40.26 243.18
40.27 240.43
40.28 223.69
40.29 218.13
40.3 220.27
40.31 226.91
40.32 236.35
40.33 241.95
40.34 240.63
40.35 239.57
40.36 236.57
40.37 231.87
40.38 226.82
40.39 222.01
40.4 657.1
40.41 651.25
40.42 646.18
40.43 321.56
40.44 650.48
40.45 650.08
40.46 654.0
40.47 656.8
40.48 654.93
40.49 657.29
40.5 658.51
40.51 654.86
40.52 655.46
40.53 656.0
40.54 653.5
40.55 654.23
40.56 654.27
40.57 651.62
40.58 652.82
40.59 654.55
40.6 655.02
40.61 658.32
40.62 659.57
40.63 661.55
40.64 663.66
40.65 661.06
40.66 659.99
40.67 657.45
40.68 652.6
40.69 652.25
40.7 652.38
40.71 651.38
40.72 653.21
40.73 654.42
40.74 654.66
40.75 659.27
40.76 661.44
40.77 662.79
40.78 665.76
40.79 670.78
40.8 240.37
40.81 246.22
40.82 247.71
40.83 248.62
40.84 249.57
40.85 251.85
40.86 254.24
40.87 252.18
40.88 247.88
40.89 246.14
40.9 244.33
40.91 243.45
40.92 243.36
40.93 242.8
40.94 242.71
40.95 242.72
40.96 242.72
40.97 242.85
40.98 242.48
40.99 241.89
41.0 241.97
41.01 242.38
41.02 242.33
41.03 242.19
41.04 242.09
41.05 242.04
41.06 242.39
41.07 242.69
41.08 242.72
41.09 242.41
41.1 242.56
41.11 243.24
41.12 242.42
41.13 241.96
41.14 241.13
41.15 240.19
41.16 241.54
41.17 243.54
41.18 245.04
41.19 246.8
41.2 246.86
41.21 245.02
41.22 243.11
41.23 240.88
41.24 238.06
41.25 233.63
41.26 228.5
41.27 224.56
41.28 217.63
41.29 211.77
41.3 206.86
41.31 203.89
41.32 202.27
41.33 200.97
41.34 200.12
41.35 199.55
41.36 199.91
41.37 200.46
41.38 203.32
41.39 205.32
41.4 207.0
41.41 209.15
41.42 212.42
41.43 216.18
41.44 220.33
41.45 224.81
41.46 229.21
41.47 233.1
41.48 236.04
41.49 238.23
41.5 239.56
41.51 240.22
41.52 240.43
41.53 360.03
41.54 358.94
41.55 358.8
41.56 719.86
41.57 721.29
41.58 358.09
41.59 358.25
41.6 239.38
41.61 238.91
41.62 238.16
41.63 237.37
41.64 236.91
41.65 236.71
41.66 354.44
41.67 237.02
41.68 237.67
41.69 357.08
41.7 717.92
41.71 716.2
41.72 719.49
41.73 723.91
41.74 722.24
41.75 719.4
41.76 717.53
41.77 718.83
41.78 719.27
41.79 718.0
41.8 718.47
41.81 719.2
41.82 722.36
41.83 722.97
41.84 721.86
41.85 721.74
41.86 723.42
41.87 726.22
41.88 724.71
41.89 721.37
41.9 718.57
41.91 718.38
41.92 718.87
41.93 718.42
41.94 718.29
41.95 720.44
41.96 724.09
41.97 724.3
41.98 724.03
41.99 722.3
42.0 240.9
42.01 242.65
42.02 247.1
42.03 248.12
42.04 248.8
42.05 248.5
42.06 248.32
42.07 248.01
42.08 247.76
42.09 247.19
42.1 246.61
42.11 245.74
42.12 244.89
42.13 244.17
42.14 243.17
42.15 242.63
42.16 242.49
42.17 243.06
42.18 244.15
42.19 244.97
42.2 245.06
42.21 244.54
42.22 243.61
42.23 242.51
42.24 242.06
42.25 240.88
42.26 239.61
42.27 238.97
42.28 238.94
42.29 239.39
42.3 239.71
42.31 240.52
42.32 241.81
42.33 243.26
42.34 244.84
42.35 246.91
42.36 248.13
42.37 248.8
42.38 248.74
42.39 248.23
42.4 247.07
42.41 243.33
42.42 237.79
42.43 232.7
42.44 227.77
42.45 222.57
42.46 216.82
42.47 213.29
42.48 213.64
42.49 214.58
42.5 215.76
42.51 216.74
42.52 217.35
42.53 217.93
42.54 218.35
42.55 218.4
42.56 218.53
42.57 218.46
42.58 218.49
42.59 218.56
42.6 218.4
42.61 218.69
42.62 219.5
42.63 329.41
42.64 665.81
42.65 664.33
42.66 330.51
42.67 220.3
42.68 219.73
42.69 219.02
42.7 218.74
42.71 218.88
42.72 219.11
42.73 219.61
42.74 220.32
42.75 220.42
42.76 220.01
42.77 219.77
42.78 219.75
42.79 219.36
42.8 218.27
42.81 216.76
42.82 216.72
42.83 219.04
42.84 223.8
42.85 219.07
42.86 214.55
42.87 212.29
42.88 210.68
42.89 208.44
42.9 205.4
42.91 203.4
42.92 202.62
42.93 201.86
42.94 201.15
42.95 199.63
42.96 197.88
42.97 197.17
42.98 197.35
42.99 197.86
43.0 198.36
43.01 198.74
43.02 199.05
43.03 199.47
43.04 200.03
43.05 200.31
43.06 200.54
43.07 200.99
43.08 201.08
43.09 200.96
43.1 200.95
43.11 200.86
43.12 200.75
43.13 200.82
43.14 200.99
43.15 201.22
43.16 201.59
43.17 202.28
43.18 203.05
43.19 203.52
43.2 203.64
43.21 203.69
43.22 203.68
43.23 202.92
43.24 201.79
43.25 201.05
43.26 200.46
43.27 200.25
43.28 200.52
43.29 201.17
43.3 202.14
43.31 203.43
43.32 204.52
43.33 205.03
43.34 205.24
43.35 205.26
43.36 204.94
43.37 203.81
43.38 201.68
43.39 198.68
43.4 196.47
43.41 196.85
43.42 200.61
43.43 201.17
43.44 203.72
43.45 207.82
43.46 210.4
43.47 212.0
43.48 213.57
43.49 216.25
43.5 215.42
43.51 213.94
43.52 210.73
43.53 206.19
43.54 201.09
43.55 194.48
43.56 185.24
43.57 182.46
43.58 182.38
43.59 183.36
43.6 184.38
43.61 185.84
43.62 187.62
43.63 188.88
43.64 189.66
43.65 189.71
43.66 188.99
43.67 188.05
43.68 187.07
43.69 186.25
43.7 185.5
43.71 184.38
43.72 182.82
43.73 181.36
43.74 180.24
43.75 179.32
43.76 178.71
43.77 178.38
43.78 178.55
43.79 178.72
43.8 179.21
43.81 180.16
43.82 180.99
43.83 181.62
43.84 181.87
43.85 181.95
43.86 182.06
43.87 182.08
43.88 181.74
43.89 181.08
43.9 180.87
43.91 181.07
43.92 181.42
43.93 181.75
43.94 182.33
43.95 183.13
43.96 183.97
43.97 184.43
43.98 184.61
43.99 184.51
44.0 184.26
44.01 183.72
44.02 182.9
44.03 182.39
44.04 182.33
44.05 182.39
44.06 182.42
44.07 183.07
44.08 183.73
44.09 183.99
44.1 184.18
44.11 184.41
44.12 184.77
44.13 184.89
44.14 184.32
44.15 183.42
44.16 182.78
44.17 182.27
44.18 181.74
44.19 181.99
44.2 182.54
44.21 183.31
44.22 184.38
44.23 185.16
44.24 185.65
44.25 186.05
44.26 186.14
44.27 185.57
44.28 184.74
44.29 183.86
44.3 182.87
44.31 182.29
44.32 182.51
44.33 183.1
44.34 183.6
44.35 184.21
44.36 184.99
44.37 185.64
44.38 185.89
44.39 185.79
44.4 185.76
44.41 185.45
44.42 184.78
44.43 183.84
44.44 182.7
44.45 182.08
44.46 182.35
44.47 182.69
44.48 182.7
44.49 182.75
44.5 182.5
44.51 181.02
44.52 178.25
44.53 179.05
44.54 180.65
44.55 169.8
44.56 149.11
44.57 142.9
44.58 124.02
44.59 0.0
44.6 0.0
44.61 112.58
44.62 0.0
44.63 99.81
44.64 112.12
44.65 0.0
44.66 97.02
44.67 95.94
44.68 0.0
44.69 0.0
44.7 185.18
44.71 166.32
44.72 168.14
44.73 173.01
44.74 177.43
44.75 181.66
44.76 186.02
44.77 191.61
44.78 196.64
44.79 202.1
44.8 206.63
44.81 210.85
44.82 214.38
44.83 216.83
44.84 218.04
44.85 218.04
44.86 217.59
44.87 217.3
44.88 217.3
44.89 217.33
44.9 217.52
44.91 217.82
44.92 217.9
44.93 218.12
44.94 218.48
44.95 218.85
44.96 219.56
44.97 220.38
44.98 220.91
44.99 221.79
45.0 223.01
45.01 223.81
45.02 223.88
45.03 223.73
45.04 223.72
45.05 223.79
45.06 223.69
45.07 223.55
45.08 223.94
45.09 224.27
45.1 224.18
45.11 224.09
45.12 223.94
45.13 223.87
45.14 223.72
45.15 223.15
45.16 222.58
45.17 222.55
45.18 222.81
45.19 222.54
45.2 221.19
45.21 218.88
45.22 215.44
45.23 211.19
45.24 207.71
45.25 206.04
45.26 204.48
45.27 204.0
45.28 204.2
45.29 204.61
45.3 205.05
45.31 205.64
45.32 206.01
45.33 205.63
45.34 204.66
45.35 203.47
45.36 202.07
45.37 200.87
45.38 200.27
45.39 200.13
45.4 200.01
45.41 200.21
45.42 201.09
45.43 202.07
45.44 202.92
45.45 203.59
45.46 203.86
45.47 203.84
45.48 203.47
45.49 203.02
45.5 202.51
45.51 202.22
45.52 202.62
45.53 203.05
45.54 203.57
45.55 204.18
45.56 204.7
45.57 205.03
45.58 205.35
45.59 205.3
45.6 204.57
45.61 203.77
45.62 203.09
45.63 202.34
45.64 201.79
45.65 201.32
45.66 201.16
45.67 201.35
45.68 201.34
45.69 201.62
45.7 201.2
45.71 199.87
45.72 199.15
45.73 201.11
45.74 210.46
45.75 211.71
45.76 210.63
45.77 208.81
45.78 206.47
45.79 203.39
45.8 199.18
45.81 193.31
45.82 187.25
45.83 180.49
45.84 177.16
45.85 176.95
45.86 177.35
45.87 178.07
45.88 178.8
45.89 179.51
45.9 180.69
45.91 181.92
45.92 182.85
45.93 183.16
45.94 183.17
45.95 182.95
45.96 182.44
45.97 182.1
45.98 182.16
45.99 182.21
46.0 182.64
46.01 183.41
46.02 184.04
46.03 184.75
46.04 185.04
46.05 185.02
46.06 184.61
46.07 183.62
46.08 182.21
46.09 180.3
46.1 178.72
46.11 177.85
46.12 177.53
46.13 178.02
46.14 179.04
46.15 180.2
46.16 181.81
46.17 183.44
46.18 184.47
46.19 184.82
46.2 184.75
46.21 184.61
46.22 184.26
46.23 183.45
46.24 182.13
46.25 180.12
46.26 178.63
46.27 178.05
46.28 177.72
46.29 178.14
46.3 178.69
46.31 178.84
46.32 179.33
46.33 180.1
46.34 180.96
46.35 181.85
46.36 182.32
46.37 182.48
46.38 182.63
46.39 183.04
46.4 183.59
46.41 183.79
46.42 184.18
46.43 184.71
46.44 184.85
46.45 184.81
46.46 184.71
46.47 184.51
46.48 184.02
46.49 183.26
46.5 182.61
46.51 182.28
46.52 182.07
46.53 181.94
46.54 181.47
46.55 181.39
46.56 181.96
46.57 182.48
46.58 182.61
46.59 182.26
46.6 181.94
46.61 181.57
46.62 181.07
46.63 180.39
46.64 180.01
46.65 179.75
46.66 179.33
46.67 179.21
46.68 179.51
46.69 180.32
46.7 181.22
46.71 181.89
46.72 182.46
46.73 182.84
46.74 182.9
46.75 182.82
46.76 182.61
46.77 182.29
46.78 182.12
46.79 181.83
46.8 181.44
46.81 181.51
46.82 181.46
46.83 181.63
46.84 182.05
46.85 182.21
46.86 182.34
46.87 182.81
46.88 183.42
46.89 183.56
46.9 183.34
46.91 182.97
46.92 182.38
46.93 181.49
46.94 180.32
46.95 179.12
46.96 178.36
46.97 177.47
46.98 176.33
46.99 173.7
47.0 171.49
47.01 91.59
47.02 185.58
47.03 182.61
47.04 173.66
47.05 146.89
47.06 115.65
47.07 89.4
47.08 118.79
47.09 0.0
47.1 0.0
47.11 0.0
47.12 60.65
47.13 59.78
47.14 75.61
47.15 0.0
47.16 0.0
47.17 0.0
47.18 0.0
47.19 0.0
47.2 0.0
47.21 93.88
47.22 0.0
47.23 0.0
47.24 0.0
47.25 0.0
47.26 212.45
47.27 61.45
47.28 32.36
47.29 85.82
47.3 64.01
47.31 0.0
47.32 0.0
47.33 0.0
47.34 62.62
47.35 0.0
47.36 0.0
47.37 113.14
47.38 0.0
47.39 0.0
47.4 0.0
47.41 0.0
47.42 0.0
47.43 0.0
47.44 0.0
47.45 0.0
47.46 0.0
47.47 0.0
47.48 118.99
47.49 0.0
47.5 0.0
47.51 0.0
47.52 0.0
47.53 0.0
47.54 285.64
47.55 0.0
47.56 102.23
47.57 0.0
47.58 183.36
47.59 171.66
47.6 171.0
47.61 171.62
47.62 170.54
47.63 169.17
47.64 169.29
47.65 170.95
47.66 173.04
47.67 175.77
47.68 179.52
47.69 183.21
47.7 185.73
47.71 187.07
47.72 187.89
47.73 188.89
47.74 189.88
47.75 190.91
47.76 192.34
47.77 194.71
47.78 197.99
47.79 201.95
47.8 620.18
47.81 213.02
47.82 220.06
47.83 224.94
47.84 227.37
47.85 229.35
47.86 229.66
47.87 229.36
47.88 229.66
47.89 230.41
47.9 230.89
47.91 231.69
47.92 232.15
47.93 232.61
47.94 233.94
47.95 235.43
47.96 236.63
47.97 237.83
47.98 238.74
47.99 239.04
48.0 238.71
48.01 238.32
48.02 237.98
48.03 237.49
48.04 236.79
48.05 236.0
48.06 235.39
48.07 235.69
48.08 236.96
48.09 238.35
48.1 239.4
48.11 239.81
48.12 239.28
48.13 238.66
48.14 238.52
48.15 238.67
48.16 238.86
48.17 238.8
48.18 238.67
48.19 238.6
48.2 238.41
48.21 238.25
48.22 238.42
48.23 238.88
48.24 239.33
48.25 239.61
48.26 239.67
48.27 239.8
48.28 240.16
48.29 240.11
48.3 239.39
48.31 238.58
48.32 238.08
48.33 237.72
48.34 237.55
48.35 237.58
48.36 237.98
48.37 238.81
48.38 240.12
48.39 241.7
48.4 242.68
48.41 242.95
48.42 242.4
48.43 241.39
48.44 240.15
48.45 238.74
48.46 237.74
48.47 237.4
48.48 237.35
48.49 237.81
48.5 238.95
48.51 240.66
48.52 242.55
48.53 244.26
48.54 245.27
48.55 245.32
48.56 244.29
48.57 242.48
48.58 240.72
48.59 239.1
48.6 237.94
48.61 237.35
48.62 237.58
48.63 238.83
48.64 240.47
48.65 242.01
48.66 243.81
48.67 245.3
48.68 245.28
48.69 244.33
48.7 243.19
48.71 241.76
48.72 240.53
48.73 239.48
48.74 238.82
48.75 238.2
48.76 237.58
48.77 237.82
48.78 238.66
48.79 239.66
48.8 240.99
48.81 242.43
48.82 243.37
48.83 243.82
48.84 243.83
48.85 242.79
48.86 241.23
48.87 239.56
48.88 238.62
48.89 238.34
48.9 238.4
48.91 238.77
48.92 239.64
48.93 241.13
48.94 241.5
48.95 241.61
48.96 241.75
48.97 241.41
48.98 240.77
48.99 239.56
49.0 238.68
49.01 237.82
49.02 237.15
49.03 236.97
49.04 237.66
49.05 239.29
49.06 241.12
49.07 242.61
49.08 243.71
49.09 245.32
49.1 246.68
49.11 246.75
49.12 247.23
49.13 249.44
49.14 250.79
49.15 251.11
49.16 251.2
49.17 251.51
49.18 252.01
49.19 251.76
49.2 251.03
49.21 251.74
49.22 251.15
49.23 246.05
49.24 244.28
49.25 242.36
49.26 240.44
49.27 239.87
49.28 239.38
49.29 239.24
49.3 240.07
49.31 241.38
49.32 242.5
49.33 243.19
49.34 243.48
49.35 242.9
49.36 242.34
49.37 242.04
49.38 241.7
49.39 241.51
49.4 241.23
49.41 240.98
49.42 240.86
49.43 240.83
49.44 240.77
49.45 240.95
49.46 241.59
49.47 242.63
49.48 243.42
49.49 243.81
49.5 243.73
49.51 243.41
49.52 243.27
49.53 242.77
49.54 242.21
49.55 241.9
49.56 241.53
49.57 240.87
49.58 240.5
49.59 240.89
49.6 241.41
49.61 242.21
49.62 242.71
49.63 242.99
49.64 243.13
49.65 243.14
49.66 243.42
49.67 242.79
49.68 241.75
49.69 241.32
49.7 241.0
49.71 240.83
49.72 241.17
49.73 242.04
49.74 242.54
49.75 242.75
49.76 242.86
49.77 242.73
49.78 242.94
49.79 242.92
49.8 242.5
49.81 242.2
49.82 242.14
49.83 242.31
49.84 242.62
49.85 243.02
49.86 243.08
49.87 243.32
49.88 243.53
49.89 243.43
49.9 242.93
49.91 242.42
49.92 242.48
49.93 242.65
49.94 242.91
49.95 243.51
49.96 244.09
49.97 244.09
49.98 243.26
49.99 240.23
50.0 231.59
50.01 223.78
50.02 213.93
50.03 192.28
50.04 174.09
50.05 150.37
50.06 133.47
50.07 295.66
50.08 0.0
50.09 0.0
50.1 0.0
50.11 0.0
50.12 0.0
50.13 305.38
50.14 81.43
50.15 99.23
50.16 0.0
50.17 0.0
50.18 0.0
50.19 76.29
50.2 74.69
50.21 0.0
50.22 117.36
50.23 122.04
50.24 99.96
50.25 60.13
50.26 0.0
50.27 0.0
50.28 0.0
50.29 65.47
50.3 65.53
50.31 0.0
50.32 0.0
50.33 268.97
50.34 289.4
50.35 277.23
50.36 241.92
50.37 237.85
50.38 237.67
50.39 237.69
50.4 236.65
50.41 235.16
50.42 233.88
50.43 233.27
50.44 233.69
50.45 234.53
50.46 235.66
50.47 237.26
50.48 238.54
50.49 238.96
50.5 238.32
50.51 236.98
50.52 236.16
50.53 235.89
50.54 236.16
50.55 237.17
50.56 238.0
50.57 238.55
50.58 239.4
50.59 240.09
50.6 240.53
50.61 240.9
50.62 231.08
50.63 217.6
50.64 211.22
50.65 202.22
50.66 192.93
50.67 187.44
50.68 189.78
50.69 203.98
50.7 218.62
50.71 213.37
50.72 212.71
50.73 211.61
50.74 210.15
50.75 209.54
50.76 209.45
50.77 210.44
50.78 213.02
50.79 216.08
50.8 218.73
50.81 221.47
50.82 224.22
50.83 226.68
50.84 228.83
50.85 230.26
50.86 230.89
50.87 231.43
50.88 232.37
50.89 233.6
50.9 235.14
50.91 237.03
50.92 238.98
50.93 240.58
50.94 241.37
50.95 241.8
50.96 241.79
50.97 241.65
50.98 240.9
50.99 239.23
51.0 236.98
51.01 234.91
51.02 233.59
51.03 233.07
51.04 233.39
51.05 234.58
51.06 236.21
51.07 237.64
51.08 239.11
51.09 240.26
51.1 240.57
51.11 239.91
51.12 239.28
51.13 239.09
51.14 238.7
51.15 238.17
51.16 237.46
51.17 237.12
51.18 237.43
51.19 237.83
51.2 237.75
51.21 237.88
51.22 238.39
51.23 238.33
51.24 238.26
51.25 238.43
51.26 238.25
51.27 237.76
51.28 237.43
51.29 237.43
51.3 237.74
51.31 238.16
51.32 238.67
51.33 239.22
51.34 239.77
51.35 240.37
51.36 240.7
51.37 241.05
51.38 241.48
51.39 241.46
51.4 240.54
51.41 239.12
51.42 237.79
51.43 236.48
51.44 235.74
51.45 236.02
51.46 237.07
51.47 238.31
51.48 239.73
51.49 241.44
51.5 242.84
51.51 243.68
51.52 243.6
51.53 242.66
51.54 240.76
51.55 238.16
51.56 236.43
51.57 235.72
51.58 235.79
51.59 236.44
51.6 237.35
51.61 238.78
51.62 240.57
51.63 241.9
51.64 242.27
51.65 241.89
51.66 241.47
51.67 241.29
51.68 240.58
51.69 239.81
51.7 239.42
51.71 239.28
51.72 239.55
51.73 239.89
51.74 240.36
51.75 240.95
51.76 241.31
51.77 242.05
51.78 242.67
51.79 242.78
51.8 242.58
51.81 241.97
51.82 241.03
51.83 239.94
51.84 239.01
51.85 238.34
51.86 238.08
51.87 239.0
51.88 240.51
51.89 241.74
51.9 242.69
51.91 243.04
51.92 243.41
51.93 243.26
51.94 242.38
51.95 240.68
51.96 238.25
51.97 235.52
51.98 232.47
51.99 229.11
52.0 225.54
52.01 221.94
52.02 218.97
52.03 216.84
52.04 215.03
52.05 213.63
52.06 213.02
52.07 212.38
52.08 215.48
52.09 218.83
52.1 221.66
52.11 225.17
52.12 228.62
52.13 231.93
52.14 235.84
52.15 241.57
52.16 250.67
52.17 256.46
52.18 250.89
52.19 246.4
52.2 241.01
52.21 234.91
52.22 229.1
52.23 223.8
52.24 219.7
52.25 217.14
52.26 215.91
52.27 215.56
52.28 215.81
52.29 216.37
52.3 216.7
52.31 216.93
52.32 217.21
52.33 217.63
52.34 217.97
52.35 218.17
52.36 218.49
52.37 218.89
52.38 327.72
52.39 661.12
52.4 659.27
52.41 662.22
52.42 663.1
52.43 664.77
52.44 666.3
52.45 664.18
52.46 330.87
52.47 220.45
52.48 219.86
52.49 219.35
52.5 657.37
52.51 657.42
52.52 657.56
52.53 656.21
52.54 658.1
52.55 659.18
52.56 662.44
52.57 664.96
52.58 663.63
52.59 665.41
52.6 665.94
52.61 667.29
52.62 667.39
52.63 664.77
52.64 663.84
52.65 662.12
52.66 665.12
52.67 666.41
52.68 665.93
52.69 666.34
52.7 663.75
52.71 663.59
52.72 663.79
52.73 664.43
52.74 663.76
52.75 661.15
52.76 661.93
52.77 659.05
52.78 654.11
52.79 648.8
52.8 212.04
52.81 208.94
52.82 204.81
52.83 199.52
52.84 194.55
52.85 191.55
52.86 190.58
52.87 191.43
52.88 193.51
52.89 195.89
52.9 197.74
52.91 198.99
52.92 199.78
52.93 200.04
52.94 199.74
52.95 199.42
52.96 199.18
52.97 198.77
52.98 198.71
52.99 198.71
53.0 198.81
53.01 199.35
53.02 200.28
53.03 201.46
53.04 202.26
53.05 202.35
53.06 202.05
53.07 201.78
53.08 201.69
53.09 201.52
53.1 201.46
53.11 201.87
53.12 202.3
53.13 202.62
53.14 202.83
53.15 202.89
53.16 202.55
53.17 201.8
53.18 200.71
53.19 199.54
53.2 198.72
53.21 197.93
53.22 195.74
53.23 190.91
53.24 184.47
53.25 164.53
53.26 150.63
53.27 148.14
53.28 130.69
53.29 0.0
53.3 0.0
53.31 68.75
53.32 59.83
53.33 0.0
53.34 0.0
53.35 0.0
53.36 0.0
53.37 0.0
53.38 107.71
53.39 64.4
53.4 0.0
53.41 0.0
53.42 0.0
53.43 113.02
53.44 98.54
53.45 94.44
53.46 0.0
53.47 0.0
53.48 0.0
53.49 0.0
53.5 0.0
53.51 0.0
53.52 0.0
53.53 0.0
53.54 60.15
53.55 61.15
53.56 0.0
53.57 360.09
53.58 392.96
53.59 368.22
53.6 332.59
53.61 316.67
53.62 298.07
53.63 290.05
53.64 281.46
53.65 270.08
53.66 249.09
53.67 244.34
53.68 243.13
53.69 243.24
53.7 243.33
53.71 243.15
53.72 242.6
53.73 241.88
53.74 240.44
53.75 238.72
53.76 238.27
53.77 238.51
53.78 239.13
53.79 239.53
53.8 240.49
53.81 241.92
53.82 242.6
53.83 243.6
53.84 244.5
53.85 245.18
53.86 245.21
53.87 244.86
53.88 244.1
53.89 243.25
53.9 242.31
53.91 241.14
53.92 240.31
53.93 240.26
53.94 240.52
53.95 241.03
53.96 241.29
53.97 241.71
53.98 241.76
53.99 241.54
54.0 241.43
54.01 241.55
54.02 241.79
54.03 241.39
54.04 240.66
54.05 240.19
54.06 240.19
54.07 240.7
54.08 241.1
54.09 241.19
54.1 241.35
54.11 241.26
54.12 241.17
54.13 241.09
54.14 240.9
54.15 240.55
54.16 239.9
54.17 239.17
54.18 238.53
54.19 238.33
54.2 238.99
54.21 239.86
54.22 240.72
54.23 241.48
54.24 242.15
54.25 242.16
54.26 241.29
54.27 239.99
54.28 239.01
54.29 238.16
54.3 237.75
54.31 238.2
54.32 238.84
54.33 239.31
54.34 239.69
54.35 239.73
54.36 239.8
54.37 240.08
54.38 240.26
54.39 240.61
54.4 240.41
54.41 239.92
54.42 239.95
54.43 239.7
54.44 239.53
54.45 239.7
54.46 239.56
54.47 239.96
54.48 240.66
54.49 240.99
54.5 241.08
54.51 240.65
54.52 239.96
54.53 239.18
54.54 238.78
54.55 238.58
54.56 238.14
54.57 238.29
54.58 239.21
54.59 239.65
54.6 240.38
54.61 241.43
54.62 242.34
54.63 242.95
54.64 242.93
54.65 242.63
54.66 241.84
54.67 240.71
54.68 239.38
54.69 238.66
54.7 238.39
54.71 238.66
54.72 239.98
54.73 242.19
54.74 244.29
54.75 245.95
54.76 247.54
54.77 250.91
54.78 255.51
54.79 250.68
54.8 279.24
54.81 306.36
54.82 291.22
54.83 277.42
54.84 267.89
54.85 259.81
54.86 254.0
54.87 248.03
54.88 244.67
54.89 242.76
54.9 242.63
54.91 242.69
54.92 242.72
54.93 242.62
54.94 242.53
54.95 242.78
54.96 242.71
54.97 242.21
54.98 241.3
54.99 240.31
55.0 239.16
55.01 238.06
55.02 237.43
55.03 237.09
55.04 237.88
55.05 239.02
55.06 240.02
55.07 241.43
55.08 242.9
55.09 244.51
55.1 246.31
55.11 248.24
55.12 249.16
55.13 248.84
55.14 247.44
55.15 245.66
55.16 243.62
55.17 241.1
55.18 238.16
55.19 234.62
55.2 230.47
55.21 226.62
55.22 222.6
55.23 218.14
55.24 214.01
55.25 211.39
55.26 210.81
55.27 315.71
55.28 316.54
55.29 317.6
55.3 639.76
55.31 639.32
55.32 319.73
55.33 647.19
55.34 646.97
55.35 644.82
55.36 646.09
55.37 647.17
55.38 644.2
55.39 645.59
55.4 647.57
55.41 646.56
55.42 645.09
55.43 646.38
55.44 647.21
55.45 644.65
55.46 646.92
55.47 649.18
55.48 647.4
55.49 645.37
55.5 647.08
55.51 648.71
55.52 645.15
55.53 645.18
55.54 646.03
55.55 643.69
55.56 641.84
55.57 643.54
55.58 645.19
55.59 643.2
55.6 643.02
55.61 645.66
55.62 647.06
55.63 646.12
55.64 651.17
55.65 655.51
55.66 653.32
55.67 655.35
55.68 657.69
55.69 654.37
55.7 655.09
55.71 656.2
55.72 652.05
55.73 651.32
55.74 652.06
55.75 649.06
55.76 650.59
55.77 653.33
55.78 650.71
55.79 652.25
55.8 653.9
55.81 650.99
55.82 653.49
55.83 654.16
55.84 647.87
55.85 320.32
55.86 212.93
55.87 213.94
55.88 217.37
55.89 219.84
55.9 215.49
55.91 210.38
55.92 210.24
55.93 211.02
55.94 211.76
55.95 210.98
55.96 209.74
55.97 208.0
55.98 204.8
55.99 200.99
56.0 197.44
56.01 195.84
56.02 195.71
56.03 195.77
56.04 196.0
56.05 196.13
56.06 196.31
56.07 196.87
56.08 197.75
56.09 198.73
56.1 199.3
56.11 199.36
56.12 199.38
56.13 199.44
56.14 199.06
56.15 198.56
56.16 198.32
56.17 198.52
56.18 199.2
56.19 199.83
56.2 199.98
56.21 199.79
56.22 199.62
56.23 199.76
56.24 199.98
56.25 200.3
56.26 200.47
56.27 200.28
56.28 200.19
56.29 200.32
56.3 200.79
56.31 202.06
56.32 203.94
56.33 206.01
56.34 208.28
56.35 210.7
56.36 212.77
56.37 214.13
56.38 321.6
56.39 214.66
56.4 214.0
56.41 212.76
56.42 211.51
56.43 210.53
56.44 210.2
56.45 210.29
56.46 210.55
56.47 210.93
56.48 211.38
56.49 211.94
56.5 212.57
56.51 213.03
56.52 213.24
56.53 213.18
56.54 212.85
56.55 212.51
56.56 212.19
56.57 211.86
56.58 211.8
56.59 211.94
56.6 212.24
56.61 212.62
56.62 212.73
56.63 212.56
56.64 212.12
56.65 211.51
56.66 210.82
56.67 210.14
56.68 209.46
56.69 208.84
56.7 208.96
56.71 211.2
56.72 215.95
56.73 216.79
56.74 215.12
56.75 214.54
56.76 214.28
56.77 213.78
56.78 213.31
56.79 212.54
56.8 210.93
56.81 208.91
56.82 206.53
56.83 205.55
56.84 201.69
56.85 198.39
56.86 195.49
56.87 192.72
56.88 190.22
56.89 188.14
56.9 186.33
56.91 185.03
56.92 184.29
56.93 183.85
56.94 183.38
56.95 182.49
56.96 181.22
56.97 179.95
56.98 178.78
56.99 178.17
57.0 178.12
57.01 178.4
57.02 178.61
57.03 179.03
57.04 179.38
57.05 179.9
57.06 180.53
57.07 180.97
57.08 181.17
57.09 181.03
57.1 180.71
57.11 180.38
57.12 180.16
57.13 179.84
57.14 179.61
57.15 179.86
57.16 180.5
57.17 180.86
57.18 181.15
57.19 181.72
57.2 182.12
57.21 182.28
57.22 182.37
57.23 182.03
57.24 181.4
57.25 180.88
57.26 180.08
57.27 179.33
57.28 179.37
57.29 179.34
57.3 179.25
57.31 179.55
57.32 180.1
57.33 180.47
57.34 181.08
57.35 181.64
57.36 181.44
57.37 181.06
57.38 180.7
57.39 180.63
57.4 180.85
57.41 180.84
57.42 180.72
57.43 180.8
57.44 181.03
57.45 181.34
57.46 181.57
57.47 181.88
57.48 182.43
57.49 182.59
57.5 182.36
57.51 181.98
57.52 181.5
57.53 181.14
57.54 180.7
57.55 180.07
57.56 180.02
57.57 180.4
57.58 180.55
57.59 180.86
57.6 181.4
57.61 181.66
57.62 181.82
57.63 182.33
57.64 182.17
57.65 182.01
57.66 181.97
57.67 181.78
57.68 181.91
57.69 182.08
57.7 182.38
57.71 182.33
57.72 182.3
57.73 182.74
57.74 183.34
57.75 183.96
57.76 184.09
57.77 183.68
57.78 183.02
57.79 182.5
57.8 182.43
57.81 182.22
57.82 182.04
57.83 182.15
57.84 182.12
57.85 182.16
57.86 182.3
57.87 182.65
57.88 183.31
57.89 183.75
57.9 183.86
57.91 183.74
57.92 183.52
57.93 183.48
57.94 183.41
57.95 183.25
57.96 182.83
57.97 181.4
57.98 177.65
57.99 173.05
58.0 72.11
58.01 138.85
58.02 139.41
58.03 128.45
58.04 0.0
58.05 0.0
58.06 0.0
58.07 0.0
58.08 0.0
58.09 0.0
58.1 0.0
58.11 0.0
58.12 0.0
58.13 0.0
58.14 0.0
58.15 0.0
58.16 0.0
58.17 0.0
58.18 0.0
58.19 0.0
58.2 0.0
58.21 0.0
58.22 0.0
58.23 0.0
58.24 0.0
58.25 0.0
58.26 0.0
58.27 0.0
58.28 0.0
58.29 96.76
58.3 0.0
58.31 0.0
58.32 0.0
58.33 0.0
58.34 0.0
58.35 0.0
58.36 163.28
58.37 145.13
58.38 134.47
58.39 134.54
58.4 137.33
58.41 139.81
58.42 142.53
58.43 146.27
58.44 151.38
58.45 157.66
58.46 164.21
58.47 172.33
58.48 178.8
58.49 184.51
58.5 188.63
58.51 191.49
58.52 193.98
58.53 196.58
58.54 198.56
58.55 200.19
58.56 201.77
58.57 203.58
58.58 205.18
58.59 206.74
58.6 207.94
58.61 209.15
58.62 210.79
58.63 212.79
58.64 215.16
58.65 217.62
58.66 219.7
58.67 220.94
58.68 221.87
58.69 222.26
58.7 222.03
58.71 221.51
58.72 221.23
58.73 220.49
58.74 219.68
58.75 219.44
58.76 219.43
58.77 219.49
58.78 219.53
58.79 219.39
58.8 219.56
58.81 220.36
58.82 220.91
58.83 221.24
58.84 221.67
58.85 222.17
58.86 222.9
58.87 223.6
58.88 224.24
58.89 224.37
58.9 224.25
58.91 223.93
58.92 223.61
58.93 223.58
58.94 223.64
58.95 223.84
58.96 224.08
58.97 224.22
58.98 223.87
58.99 223.14
59.0 222.27
59.01 221.36
59.02 220.99
59.03 221.42
59.04 222.92
59.05 224.84
59.06 227.17
59.07 228.88
59.08 230.11
59.09 231.1
59.1 231.46
59.11 230.86
59.12 229.39
59.13 227.26
59.14 224.3
59.15 221.13
59.16 217.01
59.17 212.68
59.18 209.16
59.19 206.91
59.2 206.08
59.21 206.48
59.22 207.13
59.23 207.48
59.24 207.68
59.25 207.82
59.26 207.66
59.27 207.09
59.28 206.24
59.29 205.45
59.3 205.02
59.31 204.77
59.32 204.52
59.33 204.48
59.34 204.43
59.35 204.15
59.36 203.89
59.37 203.68
59.38 203.3
59.39 202.79
59.4 202.44
59.41 202.22
59.42 202.13
59.43 202.12
59.44 202.33
59.45 202.71
59.46 202.96
59.47 203.32
59.48 203.63
59.49 203.91
59.5 204.4
59.51 204.48
59.52 204.02
59.53 203.3
59.54 202.5
59.55 202.03
59.56 201.75
59.57 201.59
59.58 202.09
59.59 202.82
59.6 203.48
59.61 203.87
59.62 203.96
59.63 204.11
59.64 204.16
59.65 203.97
59.66 203.9
59.67 203.98
59.68 203.99
59.69 204.12
59.7 204.34
59.71 617.21
59.72 618.91
59.73 619.87
59.74 619.35
59.75 617.64
59.76 615.43
59.77 612.74
59.78 202.49
59.79 201.38
59.8 200.57
59.81 200.31
59.82 200.53
59.83 201.32
59.84 202.42
59.85 610.58
59.86 612.66
59.87 613.3
59.88 612.73
59.89 610.68
59.9 607.05
59.91 200.12
59.92 198.82
59.93 197.54
59.94 195.97
59.95 194.44
59.96 193.14
59.97 192.84
59.98 194.73
59.99 199.26
60.0 205.9
60.01 206.88
60.02 208.05
60.03 208.55
60.04 208.38
60.05 206.97
60.06 204.63
60.07 201.3
60.08 196.9
60.09 191.08
60.1 184.46
60.11 178.3
60.12 173.67
60.13 173.2
60.14 174.26
60.15 175.99
60.16 177.86
60.17 179.59
60.18 180.63
60.19 181.78
60.2 182.66
60.21 182.61
60.22 181.77
60.23 180.74
60.24 179.64
60.25 178.45
60.26 177.15
60.27 176.4
60.28 176.0
60.29 176.16
60.3 177.17
60.31 178.38
60.32 179.85
60.33 181.33
60.34 182.64
60.35 183.67
60.36 184.22
60.37 184.19
60.38 183.72
60.39 183.08
60.4 182.23
60.41 181.14
60.42 179.92
60.43 179.01
60.44 178.59
60.45 178.4
60.46 178.49
60.47 179.3
60.48 180.53
60.49 181.82
60.5 182.79
60.51 183.41
60.52 183.65
60.53 183.6
60.54 183.36
60.55 182.95
60.56 182.27
60.57 181.3
60.58 180.55
60.59 180.14
60.6 179.87
60.61 180.08
60.62 180.62
60.63 181.39
60.64 182.39
60.65 183.33
60.66 183.62
60.67 183.4
60.68 183.02
60.69 182.38
60.7 181.45
60.71 180.56
60.72 179.98
60.73 179.83
60.74 180.5
60.75 181.54
60.76 182.62
60.77 183.55
60.78 184.27
60.79 184.92
60.8 185.37
60.81 185.4
60.82 185.02
60.83 184.54
60.84 183.96
60.85 183.19
60.86 182.36
60.87 181.85
60.88 181.74
60.89 182.13
60.9 182.8
60.91 183.45
60.92 183.81
60.93 184.06
60.94 184.47
60.95 184.72
60.96 184.73
60.97 184.58
60.98 184.22
60.99 183.76
61.0 183.18
61.01 182.55
61.02 181.99
61.03 181.55
61.04 181.72
61.05 182.43
61.06 183.32
61.07 184.32
61.08 185.06
61.09 185.68
61.1 185.91
61.11 185.48
61.12 184.47
61.13 183.24
61.14 182.19
61.15 181.36
61.16 180.79
61.17 180.8
61.18 181.14
61.19 181.62
61.2 182.31
61.21 183.1
61.22 183.73
61.23 183.95
61.24 183.92
61.25 183.59
61.26 183.14
61.27 182.65
61.28 182.04
61.29 181.54
61.3 181.29
61.31 181.23
61.32 181.07
61.33 181.38
61.34 181.82
61.35 182.16
61.36 182.53
61.37 182.68
61.38 182.52
61.39 182.07
61.4 181.52
61.41 180.95
61.42 180.54
61.43 180.16
61.44 180.1
61.45 180.05
61.46 179.94
61.47 180.12
61.48 180.34
61.49 180.81
61.5 180.98
61.51 180.86
61.52 180.84
61.53 180.59
61.54 180.3
61.55 179.61
61.56 178.3
61.57 176.98
61.58 175.56
61.59 173.84
61.6 171.48
61.61 168.79
61.62 165.72
61.63 162.53
61.64 159.2
61.65 156.1
61.66 153.31
61.67 150.93
61.68 149.01
61.69 146.58
61.7 144.37
61.71 141.65
61.72 139.48
61.73 136.98
61.74 133.01
61.75 128.74
61.76 123.41
61.77 119.69
61.78 117.89
61.79 117.07
61.8 115.95
61.81 114.53
61.82 112.05
61.83 109.03
61.84 112.43
61.85 121.02
61.86 253.13
61.87 76.56
61.88 145.94
61.89 132.91
61.9 0.0
61.91 0.0
61.92 0.0
61.93 0.0
61.94 0.0
61.95 0.0
61.96 108.85
61.97 0.0
61.98 0.0
61.99 0.0
62.0 0.0
62.01 68.02
62.02 124.19
62.03 0.0
62.04 47.67
62.05 0.0
62.06 0.0
62.07 0.0
62.08 0.0
62.09 84.48
62.1 113.33
62.11 0.0
62.12 0.0
62.13 0.0
62.14 0.0
62.15 0.0
62.16 0.0
62.17 0.0
62.18 0.0
62.19 0.0
62.2 0.0
62.21 0.0
62.22 0.0
62.23 0.0
62.24 0.0
62.25 0.0
62.26 0.0
62.27 0.0
62.28 0.0
62.29 0.0
62.3 0.0
62.31 0.0
62.32 0.0
62.33 0.0
62.34 0.0
62.35 0.0
62.36 0.0
62.37 0.0
62.38 0.0
62.39 0.0
62.4 0.0
62.41 62.41
62.42 62.42
62.43 62.43
62.44 62.44
62.45 62.45
