0.0 67.47
0.01 61.65
0.02 121.88
0.03 116.58
0.04 59.73
0.05 65.48
0.06 66.06
0.07 122.66
0.08 69.9
0.09 0.0
0.1 112.21
0.11 61.1
0.12 63.5
0.13 63.87
0.14 103.4
0.15 63.22
0.16 60.05
0.17 60.38
0.18 61.1
0.19 66.77
0.2 62.84
0.21 59.84
0.22 60.33
0.23 61.62
0.24 65.3
0.25 60.79
0.26 118.76
0.27 62.16
0.28 64.6
0.29 62.88
0.3 59.91
0.31 62.19
0.32 63.24
0.33 60.08
0.34 115.68
0.35 67.2
0.36 64.77
0.37 110.02
0.38 111.86
0.39 117.82
0.4 68.06
0.41 0.0
0.42 113.02
0.43 60.74
0.44 129.79
0.45 61.93
0.46 117.36
0.47 133.85
0.48 0.0
0.49 61.26
0.5 61.1
0.51 62.75
0.52 64.07
0.53 65.01
0.54 61.69
0.55 61.61
0.56 62.82
0.57 62.26
0.58 61.03
0.59 61.83
0.6 62.76
0.61 61.93
0.62 62.18
0.63 62.65
0.64 62.46
0.65 62.65
0.66 62.56
0.67 61.75
0.68 61.16
0.69 61.59
0.7 61.85
0.71 122.61
0.72 63.66
0.73 63.31
0.74 126.02
0.75 123.38
0.76 64.1
0.77 132.01
0.78 131.09
0.79 130.21
0.8 131.97
0.81 129.45
0.82 0.0
0.83 65.5
0.84 66.24
0.85 65.71
0.86 64.7
0.87 63.31
0.88 60.87
0.89 65.2
0.9 66.09
0.91 104.99
0.92 132.67
0.93 86.34
0.94 169.89
0.95 89.26
0.96 69.23
0.97 70.27
0.98 82.02
0.99 200.93
1.0 158.62
1.01 69.76
1.02 67.36
1.03 63.8
1.04 60.35
1.05 61.97
1.06 62.63
1.07 60.84
1.08 61.67
1.09 63.37
1.1 63.07
1.11 61.88
1.12 62.22
1.13 63.9
1.14 63.28
1.15 61.31
1.16 62.17
1.17 63.7
1.18 61.26
1.19 60.77
1.2 63.12
1.21 64.36
1.22 63.59
1.23 62.76
1.24 61.66
1.25 62.28
1.26 62.8
1.27 62.16
1.28 63.23
1.29 63.28
1.3 61.18
1.31 60.02
1.32 61.71
1.33 65.56
1.34 64.48
1.35 61.1
1.36 61.9
1.37 64.25
1.38 63.46
1.39 61.1
1.4 61.52
1.41 62.69
1.42 63.13
1.43 63.0
1.44 62.69
1.45 64.84
1.46 64.48
1.47 59.96
1.48 60.69
1.49 65.08
1.5 63.86
1.51 61.06
1.52 62.65
1.53 64.34
1.54 61.88
1.55 61.28
1.56 63.25
1.57 65.12
1.58 64.28
1.59 61.29
1.6 61.04
1.61 62.53
1.62 62.02
1.63 61.74
1.64 62.17
1.65 62.72
1.66 61.93
1.67 123.28
1.68 61.87
1.69 122.11
1.7 62.87
1.71 66.16
1.72 71.56
1.73 76.48
1.74 68.92
1.75 67.18
1.76 0.0
1.77 115.35
1.78 64.5
1.79 65.99
1.8 106.75
1.81 0.0
1.82 135.01
1.83 69.72
1.84 70.24
1.85 70.04
1.86 71.31
1.87 74.01
1.88 0.0
1.89 60.21
1.9 119.9
1.91 123.7
1.92 119.89
1.93 63.65
1.94 60.51
1.95 60.09
1.96 60.64
1.97 61.32
1.98 64.01
1.99 64.59
2.0 60.83
2.01 61.13
2.02 62.21
2.03 60.98
2.04 60.65
2.05 62.52
2.06 64.52
2.07 62.71
2.08 62.32
2.09 62.56
2.1 62.15
2.11 61.03
2.12 60.96
2.13 63.05
2.14 63.55
2.15 61.04
2.16 60.71
2.17 61.84
2.18 61.92
2.19 61.2
2.2 62.46
2.21 63.25
2.22 61.98
2.23 124.71
2.24 118.88
2.25 118.75
2.26 65.56
2.27 60.08
2.28 60.33
2.29 62.68
2.3 65.47
2.31 130.23
2.32 60.24
2.33 119.24
2.34 64.86
2.35 63.07
2.36 111.5
2.37 63.32
2.38 63.02
2.39 60.86
2.4 61.24
2.41 62.24
2.42 63.46
2.43 61.16
2.44 60.49
2.45 62.84
2.46 64.38
2.47 63.89
2.48 124.23
2.49 122.42
2.5 133.74
2.51 116.48
2.52 62.49
2.53 63.33
2.54 63.3
2.55 122.64
2.56 61.92
2.57 62.48
2.58 63.67
2.59 62.84
2.6 61.96
2.61 62.8
2.62 63.38
2.63 64.72
2.64 64.11
2.65 121.15
2.66 60.85
2.67 63.82
2.68 64.09
2.69 62.28
2.7 61.09
2.71 118.22
2.72 118.28
2.73 125.26
2.74 63.0
2.75 63.05
2.76 0.0
2.77 99.52
2.78 67.15
2.79 67.38
2.8 66.18
2.81 106.41
2.82 60.91
2.83 67.38
2.84 68.98
2.85 64.54
2.86 63.11
2.87 60.93
2.88 61.85
2.89 63.51
2.9 64.3
2.91 62.4
2.92 130.24
2.93 119.08
2.94 60.89
2.95 65.16
2.96 64.68
2.97 63.08
2.98 62.62
2.99 63.11
3.0 63.78
3.01 62.93
3.02 62.08
3.03 63.43
3.04 62.63
3.05 62.03
3.06 63.05
3.07 63.69
3.08 63.14
3.09 61.11
3.1 61.54
3.11 64.81
3.12 63.85
3.13 61.83
3.14 63.48
3.15 64.04
3.16 63.73
3.17 63.78
3.18 64.48
3.19 65.36
3.2 64.15
3.21 63.78
3.22 65.51
3.23 65.82
3.24 62.01
3.25 61.01
3.26 113.96
3.27 129.69
3.28 118.47
3.29 61.09
3.3 62.04
3.31 63.28
3.32 62.92
3.33 60.83
3.34 60.71
3.35 63.26
3.36 62.57
3.37 61.52
3.38 126.2
3.39 123.79
3.4 61.41
3.41 61.19
3.42 61.83
3.43 62.61
3.44 123.03
3.45 121.1
3.46 61.97
3.47 64.3
3.48 62.2
3.49 60.88
3.5 61.21
3.51 62.99
3.52 61.72
3.53 61.33
3.54 64.59
3.55 64.61
3.56 60.74
3.57 59.78
3.58 60.53
3.59 70.44
3.6 65.62
3.61 108.98
3.62 116.81
3.63 125.16
3.64 138.74
3.65 110.77
3.66 64.37
3.67 133.98
3.68 142.62
3.69 66.43
3.7 66.95
3.71 129.09
3.72 119.58
3.73 60.79
3.74 61.49
3.75 62.84
3.76 61.58
3.77 59.8
3.78 61.42
3.79 64.58
3.8 61.36
3.81 60.44
3.82 60.29
3.83 62.57
3.84 63.75
3.85 61.01
3.86 120.01
3.87 65.09
3.88 61.84
3.89 60.72
3.9 61.27
3.91 63.13
3.92 62.97
3.93 60.01
3.94 118.8
3.95 63.91
3.96 63.5
3.97 61.57
3.98 60.04
3.99 62.01
4.0 63.31
4.01 60.51
4.02 61.76
4.03 62.46
4.04 61.26
4.05 61.46
4.06 61.63
4.07 63.0
4.08 62.67
4.09 122.75
4.1 117.22
4.11 64.76
4.12 63.3
4.13 60.95
4.14 60.07
4.15 61.41
4.16 63.77
4.17 60.17
4.18 60.94
4.19 60.76
4.2 61.23
4.21 61.55
4.22 62.6
4.23 64.92
4.24 128.13
4.25 128.58
4.26 60.71
4.27 62.56
4.28 61.75
4.29 61.67
4.3 62.17
4.31 63.02
4.32 62.92
4.33 118.44
4.34 59.98
4.35 63.97
4.36 64.0
4.37 61.25
4.38 59.93
4.39 61.52
4.4 62.75
4.41 60.44
4.42 61.52
4.43 65.31
4.44 62.76
4.45 60.62
4.46 122.68
4.47 117.75
4.48 66.32
4.49 63.14
4.5 66.61
4.51 72.22
4.52 80.93
4.53 90.84
4.54 66.64
4.55 119.25
4.56 117.92
4.57 119.27
4.58 61.07
4.59 124.23
4.6 125.03
4.61 134.55
4.62 127.32
4.63 121.85
4.64 120.45
4.65 127.73
4.66 116.68
4.67 60.73
4.68 63.12
4.69 62.5
4.7 61.22
4.71 62.05
4.72 63.42
4.73 62.82
4.74 61.48
4.75 62.22
4.76 63.38
4.77 62.68
4.78 61.23
4.79 61.93
4.8 64.12
4.81 63.27
4.82 120.8
4.83 61.3
4.84 62.51
4.85 62.8
4.86 61.41
4.87 62.86
4.88 63.85
4.89 61.56
4.9 119.8
4.91 62.27
4.92 63.25
4.93 63.33
4.94 61.62
4.95 60.96
4.96 62.74
4.97 62.33
4.98 120.9
4.99 63.76
5.0 63.5
5.01 62.18
5.02 61.28
5.03 60.3
5.04 61.94
5.05 137.01
5.06 119.1
5.07 127.21
5.08 63.57
5.09 124.65
5.1 61.82
5.11 62.59
5.12 64.37
5.13 62.45
5.14 60.28
5.15 120.03
5.16 116.26
5.17 64.16
5.18 60.66
5.19 60.69
5.2 63.94
5.21 60.97
5.22 61.98
5.23 62.91
5.24 64.18
5.25 62.64
5.26 118.43
5.27 118.05
5.28 67.28
5.29 130.64
5.3 120.49
5.31 119.38
5.32 116.83
5.33 117.53
5.34 116.33
5.35 107.16
5.36 108.37
5.37 114.09
5.38 111.03
5.39 99.14
5.4 99.86
5.41 107.04
5.42 106.84
5.43 113.34
5.44 119.27
5.45 115.81
5.46 112.44
5.47 113.88
5.48 113.08
5.49 116.33
5.5 119.92
5.51 120.78
5.52 123.1
5.53 126.38
5.54 126.08
5.55 129.02
5.56 132.62
5.57 134.12
5.58 137.9
5.59 142.37
5.6 144.45
5.61 146.92
5.62 149.54
5.63 153.16
5.64 155.0
5.65 156.94
5.66 159.11
5.67 160.65
5.68 161.91
5.69 163.89
5.7 164.54
5.71 165.42
5.72 166.44
5.73 167.34
5.74 167.64
5.75 167.6
5.76 168.37
5.77 168.89
5.78 169.62
5.79 169.32
5.8 169.17
5.81 169.75
5.82 169.72
5.83 170.4
5.84 171.26
5.85 171.57
5.86 173.13
5.87 174.41
5.88 175.02
5.89 175.93
5.9 176.69
5.91 177.1
5.92 177.56
5.93 177.38
5.94 176.55
5.95 175.71
5.96 175.57
5.97 175.67
5.98 174.95
5.99 173.91
6.0 173.83
6.01 174.22
6.02 174.11
6.03 174.36
6.04 174.99
6.05 175.59
6.06 175.83
6.07 175.57
6.08 175.72
6.09 176.36
6.1 176.56
6.11 176.96
6.12 177.98
6.13 178.32
6.14 177.95
6.15 177.45
6.16 177.2
6.17 176.85
6.18 176.47
6.19 176.41
6.2 176.04
6.21 175.43
6.22 176.06
6.23 176.6
6.24 176.62
6.25 176.67
6.26 176.94
6.27 176.63
6.28 176.78
6.29 177.75
6.3 178.14
6.31 178.35
6.32 178.66
6.33 179.1
6.34 178.89
6.35 178.56
6.36 178.12
6.37 178.19
6.38 178.37
6.39 178.79
6.4 178.29
6.41 178.06
6.42 178.99
6.43 178.96
6.44 89.61
6.45 89.55
6.46 178.53
6.47 178.59
6.48 178.46
6.49 178.13
6.5 177.73
6.51 177.49
6.52 177.19
6.53 176.72
6.54 176.18
6.55 175.9
6.56 176.11
6.57 176.55
6.58 176.66
6.59 176.66
6.6 176.7
6.61 176.99
6.62 177.64
6.63 178.64
6.64 179.02
6.65 179.48
6.66 179.65
6.67 179.5
6.68 179.0
6.69 178.38
6.7 177.67
6.71 177.39
6.72 177.42
6.73 177.02
6.74 176.39
6.75 176.15
6.76 175.87
6.77 175.65
6.78 175.85
6.79 175.95
6.8 175.72
6.81 175.59
6.82 175.78
6.83 176.13
6.84 176.63
6.85 177.53
6.86 178.46
6.87 178.28
6.88 177.49
6.89 177.4
6.9 177.86
6.91 177.67
6.92 178.03
6.93 178.43
6.94 179.04
6.95 179.64
6.96 180.05
6.97 180.37
6.98 180.73
6.99 181.05
7.0 180.34
7.01 179.87
7.02 179.28
7.03 178.97
7.04 178.64
7.05 177.94
7.06 176.76
7.07 176.03
7.08 175.84
7.09 175.81
7.1 176.33
7.11 176.92
7.12 177.12
7.13 176.92
7.14 177.31
7.15 177.75
7.16 178.3
7.17 178.65
7.18 179.26
7.19 179.12
7.2 89.78
7.21 89.77
7.22 178.63
7.23 178.34
7.24 178.18
7.25 178.07
7.26 177.55
7.27 177.01
7.28 88.41
7.29 88.17
7.3 176.12
7.31 175.72
7.32 87.9
7.33 88.07
7.34 175.79
7.35 176.85
7.36 176.44
7.37 177.35
7.38 179.19
7.39 178.77
7.4 177.98
7.41 177.1
7.42 173.91
7.43 169.73
7.44 166.12
7.45 162.9
7.46 160.36
7.47 158.9
7.48 159.94
7.49 162.03
7.5 164.13
7.51 166.16
7.52 168.26
7.53 170.65
7.54 172.39
7.55 174.12
7.56 175.89
7.57 176.66
7.58 177.35
7.59 178.4
7.6 179.22
7.61 180.11
7.62 180.33
7.63 180.12
7.64 179.98
7.65 179.69
7.66 179.52
7.67 179.32
7.68 179.08
7.69 178.66
7.7 178.5
7.71 178.69
7.72 178.43
7.73 178.21
7.74 178.29
7.75 178.14
7.76 177.93
7.77 177.97
7.78 178.32
7.79 178.8
7.8 179.5
7.81 179.9
7.82 179.92
7.83 180.62
7.84 180.88
7.85 180.71
7.86 180.51
7.87 180.03
7.88 179.32
7.89 178.76
7.9 178.48
7.91 178.71
7.92 179.48
7.93 179.82
7.94 180.02
7.95 179.94
7.96 179.71
7.97 180.03
7.98 181.0
7.99 181.94
8.0 182.65
8.01 183.46
8.02 183.74
8.03 183.87
8.04 183.69
8.05 183.54
8.06 183.74
8.07 183.35
8.08 183.16
8.09 182.9
8.1 182.28
8.11 181.8
8.12 181.0
8.13 180.56
8.14 180.22
8.15 179.68
8.16 178.33
8.17 176.77
8.18 174.79
8.19 171.83
8.2 168.64
8.21 164.6
8.22 160.27
8.23 154.32
8.24 148.05
8.25 142.38
8.26 137.16
8.27 131.83
8.28 126.16
8.29 120.26
8.3 115.39
8.31 109.37
8.32 61.13
8.33 59.95
8.34 61.1
8.35 65.41
8.36 60.53
8.37 119.08
8.38 63.29
8.39 62.31
8.4 61.96
8.41 61.16
8.42 62.26
8.43 64.9
8.44 62.8
8.45 123.45
8.46 64.4
8.47 59.91
8.48 112.51
8.49 119.75
8.5 61.7
8.51 66.16
8.52 62.32
8.53 120.76
8.54 126.3
8.55 65.87
8.56 68.94
8.57 119.88
8.58 60.36
8.59 62.39
8.6 62.62
8.61 120.72
8.62 63.16
8.63 62.35
8.64 62.1
8.65 117.99
8.66 61.21
8.67 63.66
8.68 62.79
8.69 61.62
8.7 61.39
8.71 63.65
8.72 64.36
8.73 154.32
8.74 161.92
8.75 140.57
8.76 131.45
8.77 129.25
8.78 128.1
8.79 127.19
8.8 128.22
8.81 128.73
8.82 129.37
8.83 130.94
8.84 133.19
8.85 134.77
8.86 136.11
8.87 138.29
8.88 140.66
8.89 142.7
8.9 144.42
8.91 147.4
8.92 150.48
8.93 152.64
8.94 154.56
8.95 156.69
8.96 159.04
8.97 160.51
8.98 161.41
8.99 162.18
9.0 162.64
9.01 163.35
9.02 164.11
9.03 164.39
9.04 165.28
9.05 166.46
9.06 167.18
9.07 167.66
9.08 168.0
9.09 168.64
9.1 168.98
9.11 168.64
9.12 169.31
9.13 170.5
9.14 170.32
9.15 171.13
9.16 86.1
9.17 172.05
9.18 171.13
9.19 171.27
9.2 171.99
9.21 172.11
9.22 172.59
9.23 172.36
9.24 172.55
9.25 172.86
9.26 173.48
9.27 174.64
9.28 175.71
9.29 175.98
9.3 176.36
9.31 177.29
9.32 177.81
9.33 178.4
9.34 178.16
9.35 177.98
9.36 178.27
9.37 178.67
9.38 178.47
9.39 178.06
9.4 177.67
9.41 177.25
9.42 177.01
9.43 176.92
9.44 176.82
9.45 175.96
9.46 175.86
9.47 176.04
9.48 176.13
9.49 176.01
9.5 176.11
9.51 175.99
9.52 175.66
9.53 176.19
9.54 177.05
9.55 177.32
9.56 177.77
9.57 178.1
9.58 178.14
9.59 177.94
9.6 177.84
9.61 178.09
9.62 178.25
9.63 178.3
9.64 178.36
9.65 178.3
9.66 178.31
9.67 178.56
9.68 178.37
9.69 178.65
9.7 179.67
9.71 180.54
9.72 180.65
9.73 180.93
9.74 180.49
9.75 179.25
9.76 178.65
9.77 178.09
9.78 178.36
9.79 178.47
9.8 177.91
9.81 177.94
9.82 178.09
9.83 177.89
9.84 178.14
9.85 178.23
9.86 178.29
9.87 178.64
9.88 179.57
9.89 180.59
9.9 180.84
9.91 181.24
9.92 181.29
9.93 61.34
9.94 61.43
9.95 61.55
9.96 185.15
9.97 183.58
9.98 183.68
9.99 183.1
10.0 182.34
10.01 182.31
10.02 182.15
10.03 182.58
10.04 182.67
10.05 182.92
10.06 183.22
10.07 183.21
10.08 183.71
10.09 184.13
10.1 184.7
10.11 185.3
10.12 185.96
10.13 186.77
10.14 187.06
10.15 187.04
10.16 186.87
10.17 186.07
10.18 185.17
10.19 184.74
10.2 184.3
10.21 183.83
10.22 183.2
10.23 183.03
10.24 182.93
10.25 182.58
10.26 182.26
10.27 181.69
10.28 180.91
10.29 180.4
10.3 180.08
10.31 179.54
10.32 178.83
10.33 176.64
10.34 174.03
10.35 173.78
10.36 87.1
10.37 174.8
10.38 175.84
10.39 176.43
10.4 176.98
10.41 177.17
10.42 177.68
10.43 178.43
10.44 178.33
10.45 177.85
10.46 178.37
10.47 178.7
10.48 178.7
10.49 179.47
10.5 179.65
10.51 178.56
10.52 89.14
10.53 178.14
10.54 177.88
10.55 177.97
10.56 178.14
10.57 178.67
10.58 178.89
10.59 178.8
10.6 89.61
10.61 179.5
10.62 180.33
10.63 180.36
10.64 180.99
10.65 181.04
10.66 181.72
10.67 60.89
10.68 91.5
10.69 183.6
10.7 184.19
10.71 185.21
10.72 92.95
10.73 92.93
10.74 185.99
10.75 61.67
10.76 61.23
10.77 60.65
10.78 180.72
10.79 177.73
10.8 86.52
10.81 169.99
10.82 166.98
10.83 166.54
10.84 167.51
10.85 170.13
10.86 85.51
10.87 171.29
10.88 172.98
10.89 176.65
10.9 181.14
10.91 182.65
10.92 181.37
10.93 178.41
10.94 172.75
10.95 165.83
10.96 157.14
10.97 151.75
10.98 150.9
10.99 151.56
11.0 151.02
11.01 151.57
11.02 153.1
11.03 154.54
11.04 155.19
11.05 156.18
11.06 156.27
11.07 155.08
11.08 155.74
11.09 155.64
11.1 154.36
11.11 154.34
11.12 154.47
11.13 154.15
11.14 154.21
11.15 154.45
11.16 152.89
11.17 151.14
11.18 149.43
11.19 148.08
11.2 145.25
11.21 142.86
11.22 140.02
11.23 137.16
11.24 134.92
11.25 133.22
11.26 132.18
11.27 131.17
11.28 130.84
11.29 130.61
11.3 130.24
11.31 130.54
11.32 131.07
11.33 131.35
11.34 131.98
11.35 132.55
11.36 132.42
11.37 132.07
11.38 131.92
11.39 131.43
11.4 131.16
11.41 131.42
11.42 131.17
11.43 130.73
11.44 130.53
11.45 130.66
11.46 130.8
11.47 130.91
11.48 130.92
11.49 131.06
11.5 130.69
11.51 130.35
11.52 130.39
11.53 130.45
11.54 130.68
11.55 130.31
11.56 129.7
11.57 129.75
11.58 129.11
11.59 128.62
11.6 128.93
11.61 128.19
11.62 127.62
11.63 128.11
11.64 129.48
11.65 130.56
11.66 131.96
11.67 134.41
11.68 135.93
11.69 137.6
11.7 139.03
11.71 139.29
11.72 138.77
11.73 136.94
11.74 135.25
11.75 134.1
11.76 133.57
11.77 132.65
11.78 131.7
11.79 131.97
11.8 132.72
11.81 133.58
11.82 133.98
11.83 134.88
11.84 136.15
11.85 137.25
11.86 137.78
11.87 137.53
11.88 137.73
11.89 138.48
11.9 138.22
11.91 137.76
11.92 137.98
11.93 138.17
11.94 138.43
11.95 139.34
11.96 140.17
11.97 140.79
11.98 141.02
11.99 140.99
12.0 140.1
12.01 139.67
12.02 140.24
12.03 140.01
12.04 139.26
12.05 139.48
12.06 140.4
12.07 141.08
12.08 141.67
12.09 141.7
12.1 142.01
12.11 142.48
12.12 142.61
12.13 142.23
12.14 142.18
12.15 142.75
12.16 143.17
12.17 143.35
12.18 142.83
12.19 142.71
12.2 143.08
12.21 143.38
12.22 143.59
12.23 143.34
12.24 142.34
12.25 142.08
12.26 142.09
12.27 141.94
12.28 142.04
12.29 141.79
12.3 142.0
12.31 142.15
12.32 142.45
12.33 142.98
12.34 143.42
12.35 143.6
12.36 143.8
12.37 144.22
12.38 144.73
12.39 145.28
12.4 145.53
12.41 145.66
12.42 145.94
12.43 146.64
12.44 146.63
12.45 145.71
12.46 145.28
12.47 144.57
12.48 144.77
12.49 145.07
12.5 144.06
12.51 143.36
12.52 143.53
12.53 144.02
12.54 144.26
12.55 144.09
12.56 143.62
12.57 144.84
12.58 146.13
12.59 146.03
12.6 145.61
12.61 145.3
12.62 145.8
12.63 146.08
12.64 145.68
12.65 145.04
12.66 144.83
12.67 72.71
12.68 72.89
12.69 72.99
12.7 73.53
12.71 73.98
12.72 74.11
12.73 74.0
12.74 73.94
12.75 73.91
12.76 73.46
12.77 73.13
12.78 72.59
12.79 72.33
12.8 144.42
12.81 72.46
12.82 72.52
12.83 72.41
12.84 144.48
12.85 144.27
12.86 72.16
12.87 143.7
12.88 143.72
12.89 142.82
12.9 142.79
12.91 142.97
12.92 143.62
12.93 144.05
12.94 143.23
12.95 142.88
12.96 143.21
12.97 143.92
12.98 144.62
12.99 144.65
13.0 144.72
13.01 144.79
13.02 144.89
13.03 145.56
13.04 144.88
13.05 142.89
13.06 140.51
13.07 136.86
13.08 133.42
13.09 130.4
13.1 127.65
13.11 126.31
13.12 126.08
13.13 126.83
13.14 127.86
13.15 129.26
13.16 131.31
13.17 132.85
13.18 134.07
13.19 136.17
13.2 138.64
13.21 141.14
13.22 143.85
13.23 146.46
13.24 148.59
13.25 150.44
13.26 152.9
13.27 154.8
13.28 156.14
13.29 157.6
13.3 157.96
13.31 157.79
13.32 157.75
13.33 157.85
13.34 158.29
13.35 158.53
13.36 158.8
13.37 159.06
13.38 159.35
13.39 159.9
13.4 160.29
13.41 160.45
13.42 160.26
13.43 159.96
13.44 160.05
13.45 159.84
13.46 160.03
13.47 160.12
13.48 160.29
13.49 161.21
13.5 162.41
13.51 163.04
13.52 163.11
13.53 163.01
13.54 162.82
13.55 162.76
13.56 162.96
13.57 163.66
13.58 164.28
13.59 164.57
13.6 165.03
13.61 164.67
13.62 164.34
13.63 164.04
13.64 163.36
13.65 163.37
13.66 163.45
13.67 163.28
13.68 163.43
13.69 163.07
13.7 162.79
13.71 162.93
13.72 162.21
13.73 161.58
13.74 160.98
13.75 160.95
13.76 160.83
13.77 160.61
13.78 161.29
13.79 161.75
13.8 161.76
13.81 161.87
13.82 161.9
13.83 162.06
13.84 162.57
13.85 161.3
13.86 159.12
13.87 157.18
13.88 156.23
13.89 156.21
13.9 156.78
13.91 156.94
13.92 157.17
13.93 158.19
13.94 159.28
13.95 159.76
13.96 160.72
13.97 161.67
13.98 161.78
13.99 161.92
14.0 161.33
14.01 160.95
14.02 161.28
14.03 160.77
14.04 160.48
14.05 159.77
14.06 159.57
14.07 159.7
14.08 159.3
14.09 158.65
14.1 158.53
14.11 158.76
14.12 158.8
14.13 160.11
14.14 159.94
14.15 159.27
14.16 159.97
14.17 159.93
14.18 160.43
14.19 161.24
14.2 160.91
14.21 160.86
14.22 160.92
14.23 160.24
14.24 160.04
14.25 160.01
14.26 159.28
14.27 159.07
14.28 158.12
14.29 157.61
14.3 157.64
14.31 156.82
14.32 156.67
14.33 157.25
14.34 157.34
14.35 157.17
14.36 157.68
14.37 158.02
14.38 157.77
14.39 158.19
14.4 158.78
14.41 158.87
14.42 160.38
14.43 161.07
14.44 160.73
14.45 161.66
14.46 160.79
14.47 160.47
14.48 161.27
14.49 159.47
14.5 158.18
14.51 158.14
14.52 156.9
14.53 156.2
14.54 155.89
14.55 76.87
14.56 152.98
14.57 153.34
14.58 152.12
14.59 151.09
14.6 150.15
14.61 74.01
14.62 146.59
14.63 145.84
14.64 71.43
14.65 70.49
14.66 139.88
14.67 138.82
14.68 138.44
14.69 138.76
14.7 139.26
14.71 141.7
14.72 147.78
14.73 153.48
14.74 159.27
14.75 164.27
14.76 168.29
14.77 171.89
14.78 174.25
14.79 176.16
14.8 176.17
14.81 175.0
14.82 174.27
14.83 174.04
14.84 173.74
14.85 173.69
14.86 175.43
14.87 177.73
14.88 179.28
14.89 179.99
14.9 181.04
14.91 181.95
14.92 182.81
14.93 183.47
14.94 184.08
14.95 184.27
14.96 184.52
14.97 183.68
14.98 182.37
14.99 181.29
15.0 179.84
15.01 179.06
15.02 178.73
15.03 178.82
15.04 177.97
15.05 177.62
15.06 178.34
15.07 178.71
15.08 179.13
15.09 180.09
15.1 181.23
15.11 181.15
15.12 181.49
15.13 181.13
15.14 181.01
15.15 180.97
15.16 180.4
15.17 179.8
15.18 179.14
15.19 178.6
15.2 178.39
15.21 178.71
15.22 178.16
15.23 178.02
15.24 178.31
15.25 178.97
15.26 180.03
15.27 181.48
15.28 181.43
15.29 181.2
15.3 182.71
15.31 183.03
15.32 183.4
15.33 183.46
15.34 183.76
15.35 183.69
15.36 183.62
15.37 184.26
15.38 183.62
15.39 183.05
15.4 181.42
15.41 179.74
15.42 178.77
15.43 177.89
15.44 89.09
15.45 177.52
15.46 176.98
15.47 177.07
15.48 178.33
15.49 60.12
15.5 180.04
15.51 60.4
15.52 60.42
15.53 60.48
15.54 60.54
15.55 60.62
15.56 60.48
15.57 60.21
15.58 60.19
15.59 60.23
15.6 60.26
15.61 180.29
15.62 180.72
15.63 179.75
15.64 178.79
15.65 178.16
15.66 178.22
15.67 177.77
15.68 177.85
15.69 178.18
15.7 178.44
15.71 178.75
15.72 178.87
15.73 180.11
15.74 181.15
15.75 181.97
15.76 182.65
15.77 183.63
15.78 182.58
15.79 181.19
15.8 179.9
15.81 177.35
15.82 174.78
15.83 172.85
15.84 168.69
15.85 165.07
15.86 160.61
15.87 151.64
15.88 146.78
15.89 140.57
15.9 135.11
15.91 128.79
15.92 121.43
15.93 116.55
15.94 114.57
15.95 113.13
15.96 111.59
15.97 110.78
15.98 109.73
15.99 110.13
16.0 64.69
16.01 60.18
16.02 62.95
16.03 63.21
16.04 61.32
16.05 62.48
16.06 64.35
16.07 62.07
16.08 121.3
16.09 115.07
16.1 63.92
16.11 65.69
16.12 126.88
16.13 62.66
16.14 64.18
16.15 62.71
16.16 62.23
16.17 61.91
16.18 63.35
16.19 128.63
16.2 123.89
16.21 120.7
16.22 123.81
16.23 63.16
16.24 59.68
16.25 106.28
16.26 63.65
16.27 63.23
16.28 60.87
16.29 121.14
16.3 123.64
16.31 0.0
16.32 65.84
16.33 68.32
16.34 66.5
16.35 123.59
16.36 115.65
16.37 65.19
16.38 70.39
16.39 136.08
16.4 131.42
16.41 78.1
16.42 0.0
16.43 69.4
16.44 127.97
16.45 108.47
16.46 116.16
16.47 71.99
16.48 69.38
16.49 112.14
16.5 142.39
16.51 62.35
16.52 134.25
16.53 62.91
16.54 63.57
16.55 63.86
16.56 63.46
16.57 60.27
16.58 65.76
16.59 61.62
16.6 61.29
16.61 62.2
16.62 63.24
16.63 62.66
16.64 114.47
16.65 145.53
16.66 139.83
16.67 133.06
16.68 132.66
16.69 133.42
16.7 134.33
16.71 136.01
16.72 137.34
16.73 139.12
16.74 141.08
16.75 143.2
16.76 145.8
16.77 148.02
16.78 149.45
16.79 150.68
16.8 152.4
16.81 153.75
16.82 154.6
16.83 156.16
16.84 157.81
16.85 157.5
16.86 158.4
16.87 161.03
16.88 161.22
16.89 161.86
16.9 81.31
16.91 81.32
16.92 163.03
16.93 163.27
16.94 163.35
16.95 164.8
16.96 165.61
16.97 167.29
16.98 168.38
16.99 168.91
17.0 169.78
17.01 169.58
17.02 170.16
17.03 171.78
17.04 172.74
17.05 172.47
17.06 172.38
17.07 86.97
17.08 174.38
17.09 174.85
17.1 175.53
17.11 176.97
17.12 178.29
17.13 178.47
17.14 177.75
17.15 177.49
17.16 176.71
17.17 176.14
17.18 176.37
17.19 176.67
17.2 177.06
17.21 177.35
17.22 177.82
17.23 89.25
17.24 178.97
17.25 89.68
17.26 59.98
17.27 60.17
17.28 60.35
17.29 60.37
17.3 180.6
17.31 60.23
17.32 60.24
17.33 60.33
17.34 60.4
17.35 60.34
17.36 90.4
17.37 180.88
17.38 59.98
17.39 89.61
17.4 178.32
17.41 88.96
17.42 177.59
17.43 177.91
17.44 89.57
17.45 179.45
17.46 60.18
17.47 90.42
17.48 181.08
17.49 181.41
17.5 181.57
17.51 181.83
17.52 61.03
17.53 61.17
17.54 61.27
17.55 61.28
17.56 184.05
17.57 92.09
17.58 183.92
17.59 61.27
17.6 91.71
17.61 182.72
17.62 60.57
17.63 60.36
17.64 180.6
17.65 180.13
17.66 60.36
17.67 60.57
17.68 60.69
17.69 60.66
17.7 181.88
17.71 181.54
17.72 181.06
17.73 180.76
17.74 60.26
17.75 60.41
17.76 60.55
17.77 60.66
17.78 60.8
17.79 60.98
17.8 61.07
17.81 61.0
17.82 182.42
17.83 182.07
17.84 181.58
17.85 60.4
17.86 60.42
17.87 60.42
17.88 60.43
17.89 60.47
17.9 60.56
17.91 60.64
17.92 60.5
17.93 60.26
17.94 60.09
17.95 60.03
17.96 179.81
17.97 59.96
17.98 59.88
17.99 59.88
18.0 179.33
18.01 59.99
18.02 59.97
18.03 60.1
18.04 60.31
18.05 180.9
18.06 182.03
18.07 61.1
18.08 61.21
18.09 61.13
18.1 60.89
18.11 60.67
18.12 60.53
18.13 60.43
18.14 60.46
18.15 60.46
18.16 60.42
18.17 60.43
18.18 60.45
18.19 60.48
18.2 60.54
18.21 60.67
18.22 60.88
18.23 61.07
18.24 91.69
18.25 61.17
18.26 61.13
18.27 91.75
18.28 183.3
18.29 182.96
18.3 91.29
18.31 60.73
18.32 182.07
18.33 181.73
18.34 60.84
18.35 60.89
18.36 60.73
18.37 182.09
18.38 180.42
18.39 60.1
18.4 180.55
18.41 180.81
18.42 180.5
18.43 180.64
18.44 180.19
18.45 181.38
18.46 180.82
18.47 180.26
18.48 180.97
18.49 180.69
18.5 90.81
18.51 181.39
18.52 181.06
18.53 180.93
18.54 180.88
18.55 181.2
18.56 181.51
18.57 181.98
18.58 60.75
18.59 60.7
18.6 181.96
18.61 181.75
18.62 181.08
18.63 180.45
18.64 181.84
18.65 181.63
18.66 182.73
18.67 182.05
18.68 181.19
18.69 181.61
18.7 180.61
18.71 180.56
18.72 180.83
18.73 181.12
18.74 181.71
18.75 182.11
18.76 181.31
18.77 181.58
18.78 180.97
18.79 180.84
18.8 181.67
18.81 180.81
18.82 181.84
18.83 180.62
18.84 180.35
18.85 181.86
18.86 181.48
18.87 182.32
18.88 182.35
18.89 182.24
18.9 182.24
18.91 181.93
18.92 181.67
18.93 181.78
18.94 181.17
18.95 180.85
18.96 181.24
18.97 180.68
18.98 181.94
18.99 181.78
19.0 181.29
19.01 182.25
19.02 182.11
19.03 183.0
19.04 183.08
19.05 61.23
19.06 61.27
19.07 91.62
19.08 91.81
19.09 91.62
19.1 92.02
19.11 60.68
19.12 60.58
19.13 60.43
19.14 60.24
19.15 60.15
19.16 60.3
19.17 60.49
19.18 60.35
19.19 60.3
19.2 60.32
19.21 90.27
19.22 60.23
19.23 60.2
19.24 60.14
19.25 180.25
19.26 59.97
19.27 90.05
19.28 179.17
19.29 179.25
19.3 180.4
19.31 179.21
19.32 89.59
19.33 179.11
19.34 178.27
19.35 178.02
19.36 178.51
19.37 179.79
19.38 179.59
19.39 179.71
19.4 179.86
19.41 180.29
19.42 179.66
19.43 59.94
19.44 60.02
19.45 180.13
19.46 179.66
19.47 178.96
19.48 89.85
19.49 179.42
19.5 179.11
19.51 177.99
19.52 176.82
19.53 88.5
19.54 177.18
19.55 176.04
19.56 87.79
19.57 175.46
19.58 174.79
19.59 172.44
19.6 170.62
19.61 169.17
19.62 168.45
19.63 167.9
19.64 83.1
19.65 165.9
19.66 165.15
19.67 165.12
19.68 165.69
19.69 164.94
19.7 166.0
19.71 167.0
19.72 84.0
19.73 168.28
19.74 169.44
19.75 170.07
19.76 170.26
19.77 170.87
19.78 169.81
19.79 170.07
19.8 170.93
19.81 171.89
19.82 172.75
19.83 173.74
19.84 173.12
19.85 173.36
19.86 174.89
19.87 174.9
19.88 87.29
19.89 174.39
19.9 174.53
19.91 174.65
19.92 87.24
19.93 87.35
19.94 175.03
19.95 174.98
19.96 175.0
19.97 174.92
19.98 175.57
19.99 176.32
20.0 88.12
20.01 88.02
20.02 175.8
20.03 174.92
20.04 88.05
20.05 88.18
20.06 176.83
20.07 177.34
20.08 177.32
20.09 177.01
20.1 177.63
20.11 177.4
20.12 176.95
20.13 177.18
20.14 177.43
20.15 176.42
20.16 176.0
20.17 87.91
20.18 174.8
20.19 174.65
20.2 175.07
20.21 175.1
20.22 175.54
20.23 175.83
20.24 175.75
20.25 175.98
20.26 175.92
20.27 88.01
20.28 88.21
20.29 176.62
20.3 176.36
20.31 176.41
20.32 176.2
20.33 87.9
20.34 175.33
20.35 174.83
20.36 175.5
20.37 175.33
20.38 174.71
20.39 175.26
20.4 175.01
20.41 174.37
20.42 173.81
20.43 174.1
20.44 175.12
20.45 174.61
20.46 87.17
20.47 174.4
20.48 174.5
20.49 174.54
20.5 174.86
20.51 87.78
20.52 175.74
20.53 174.83
20.54 86.95
20.55 173.04
20.56 173.0
20.57 173.51
20.58 173.8
20.59 172.77
20.6 173.69
20.61 174.85
20.62 86.68
20.63 173.12
20.64 174.54
20.65 175.23
20.66 176.22
20.67 89.3
20.68 60.0
20.69 60.09
20.7 59.98
20.71 59.9
20.72 59.86
20.73 178.89
20.74 59.94
20.75 60.01
20.76 60.04
20.77 59.98
20.78 89.78
20.79 178.35
20.8 177.74
20.81 177.07
20.82 176.77
20.83 177.29
20.84 177.45
20.85 176.87
20.86 89.12
20.87 178.61
20.88 59.9
20.89 60.21
20.9 60.48
20.91 60.73
20.92 60.98
20.93 183.3
20.94 182.08
20.95 60.87
20.96 60.72
20.97 60.53
20.98 60.48
20.99 60.14
21.0 177.54
21.01 175.77
21.02 88.8
21.03 88.42
21.04 175.27
21.05 173.64
21.06 87.89
21.07 175.98
21.08 177.48
21.09 177.66
21.1 60.01
21.11 60.1
21.12 60.11
21.13 60.0
21.14 178.72
21.15 89.31
21.16 177.86
21.17 176.72
21.18 88.73
21.19 177.23
21.2 177.85
21.21 178.15
21.22 59.91
21.23 59.99
21.24 60.0
21.25 60.05
21.26 60.12
21.27 60.04
21.28 60.08
21.29 60.11
21.3 60.11
21.31 60.14
21.32 60.18
21.33 60.34
21.34 60.52
21.35 60.7
21.36 60.94
21.37 61.12
21.38 61.2
21.39 61.24
21.4 61.24
21.41 61.27
21.42 61.27
21.43 61.24
21.44 61.26
21.45 61.16
21.46 60.95
21.47 60.75
21.48 60.43
21.49 60.13
21.5 59.91
21.51 178.49
21.52 178.26
21.53 178.47
21.54 89.27
21.55 88.89
21.56 176.6
21.57 177.09
21.58 89.39
21.59 59.95
21.6 60.5
21.61 60.94
21.62 61.27
21.63 61.29
21.64 61.2
21.65 60.85
21.66 60.12
21.67 179.27
21.68 175.24
21.69 170.23
21.7 166.87
21.71 164.85
21.72 162.89
21.73 81.54
21.74 162.31
21.75 162.94
21.76 82.1
21.77 163.83
21.78 163.95
21.79 163.88
21.8 163.01
21.81 162.78
21.82 163.44
21.83 162.61
21.84 161.11
21.85 161.21
21.86 80.09
21.87 79.45
21.88 158.71
21.89 79.68
21.9 158.67
21.91 79.51
21.92 79.57
21.93 157.79
21.94 157.34
21.95 158.86
21.96 78.88
21.97 79.33
21.98 79.5
21.99 158.33
22.0 158.66
22.01 158.12
22.02 156.72
22.03 157.06
22.04 157.55
22.05 156.24
22.06 156.93
22.07 158.06
22.08 157.68
22.09 158.04
22.1 158.51
22.11 157.15
22.12 156.87
22.13 78.54
22.14 156.95
22.15 156.37
22.16 156.4
22.17 156.4
22.18 156.41
22.19 156.84
22.2 156.63
22.21 155.97
22.22 156.84
22.23 157.41
22.24 156.41
22.25 158.05
22.26 157.49
22.27 156.05
22.28 156.89
22.29 78.04
22.3 155.24
22.31 155.46
22.32 155.35
22.33 154.32
22.34 154.58
22.35 154.73
22.36 154.66
22.37 155.45
22.38 155.79
22.39 154.71
22.4 154.02
22.41 152.75
22.42 151.26
22.43 150.67
22.44 151.6
22.45 155.72
22.46 159.36
22.47 161.55
22.48 160.8
22.49 157.18
22.5 152.66
22.51 150.12
22.52 148.59
22.53 147.82
22.54 147.57
22.55 147.72
22.56 148.09
22.57 147.75
22.58 147.32
22.59 147.04
22.6 146.52
22.61 146.01
22.62 145.55
22.63 145.53
22.64 145.87
22.65 146.52
22.66 147.36
22.67 147.43
22.68 148.32
22.69 149.74
22.7 150.86
22.71 150.18
22.72 150.46
22.73 150.72
22.74 149.84
22.75 149.01
22.76 148.63
22.77 74.76
22.78 148.19
22.79 146.74
22.8 147.58
22.81 148.2
22.82 149.11
22.83 148.63
22.84 148.27
22.85 148.65
22.86 148.34
22.87 148.43
22.88 148.31
22.89 148.69
22.9 149.28
22.91 149.26
22.92 149.74
22.93 150.3
22.94 151.52
22.95 151.99
22.96 151.55
22.97 151.36
22.98 150.83
22.99 149.89
23.0 148.72
23.01 147.97
23.02 147.52
23.03 147.24
23.04 145.99
23.05 145.14
23.06 144.56
23.07 144.46
23.08 144.33
23.09 144.61
23.1 145.03
23.11 144.77
23.12 144.43
23.13 144.03
23.14 143.54
23.15 143.18
23.16 143.39
23.17 144.24
23.18 145.31
23.19 145.6
23.2 145.95
23.21 146.75
23.22 148.29
23.23 147.65
23.24 147.0
23.25 147.23
23.26 147.02
23.27 146.73
23.28 146.1
23.29 145.25
23.3 144.8
23.31 144.52
23.32 144.39
23.33 144.29
23.34 144.14
23.35 144.36
23.36 146.05
23.37 147.53
23.38 147.34
23.39 147.46
23.4 148.42
23.41 149.27
23.42 147.9
23.43 146.9
23.44 147.5
23.45 148.22
23.46 148.37
23.47 147.86
23.48 148.19
23.49 148.21
23.5 147.9
23.51 147.54
23.52 147.44
23.53 147.75
23.54 148.12
23.55 147.42
23.56 146.44
23.57 147.23
23.58 147.64
23.59 146.83
23.6 146.0
23.61 145.4
23.62 145.68
23.63 145.39
23.64 144.71
23.65 144.62
23.66 145.75
23.67 73.3
23.68 73.51
23.69 145.93
23.7 144.9
23.71 145.18
23.72 145.6
23.73 145.89
23.74 145.11
23.75 144.71
23.76 145.18
23.77 145.14
23.78 144.81
23.79 144.55
23.8 143.94
23.81 143.84
23.82 143.87
23.83 143.68
23.84 143.47
23.85 143.15
23.86 143.62
23.87 144.08
23.88 144.0
23.89 144.08
23.9 143.65
23.91 143.26
23.92 143.77
23.93 144.22
23.94 144.42
23.95 143.93
23.96 143.4
23.97 143.68
23.98 143.68
23.99 143.23
24.0 142.43
24.01 141.59
24.02 141.55
24.03 141.59
24.04 141.66
24.05 141.87
24.06 142.13
24.07 142.88
24.08 143.48
24.09 144.15
24.1 144.56
24.11 144.47
24.12 143.8
24.13 143.29
24.14 143.26
24.15 71.61
24.16 71.48
24.17 142.3
24.18 142.61
24.19 142.35
24.2 142.1
24.21 141.74
24.22 141.32
24.23 141.12
24.24 141.11
24.25 141.59
24.26 142.3
24.27 142.55
24.28 142.34
24.29 142.44
24.3 142.76
24.31 142.67
24.32 142.97
24.33 143.07
24.34 142.74
24.35 142.62
24.36 142.66
24.37 143.19
24.38 143.62
24.39 143.45
24.4 143.04
24.41 142.34
24.42 141.91
24.43 141.71
24.44 141.31
24.45 140.89
24.46 140.27
24.47 139.52
24.48 141.95
24.49 144.74
24.5 144.64
24.51 144.28
24.52 144.15
24.53 143.08
24.54 142.25
24.55 141.86
24.56 70.29
24.57 140.11
24.58 139.16
24.59 138.44
24.6 138.2
24.61 139.0
24.62 139.26
24.63 139.45
24.64 138.95
24.65 137.97
24.66 138.28
24.67 138.77
24.68 139.75
24.69 138.71
24.7 69.36
24.71 139.23
24.72 138.38
24.73 137.94
24.74 138.01
24.75 137.68
24.76 137.79
24.77 138.13
24.78 138.61
24.79 139.05
24.8 138.1
24.81 135.83
24.82 132.14
24.83 126.15
24.84 109.2
24.85 109.63
24.86 62.97
24.87 64.05
24.88 63.16
24.89 62.24
24.9 63.1
24.91 60.96
24.92 116.19
24.93 62.07
24.94 63.88
24.95 65.37
24.96 61.04
24.97 113.02
24.98 64.06
24.99 63.81
25.0 62.81
25.01 62.94
25.02 62.51
25.03 61.45
25.04 61.03
25.05 62.09
25.06 64.24
25.07 64.68
25.08 119.54
25.09 62.57
25.1 63.87
25.11 62.58
25.12 61.18
25.13 61.94
25.14 63.96
25.15 65.06
25.16 63.15
25.17 63.01
25.18 65.01
25.19 64.89
25.2 64.22
25.21 64.04
25.22 64.45
25.23 63.86
25.24 62.58
25.25 62.57
25.26 64.09
25.27 65.29
25.28 65.76
25.29 0.0
25.3 154.92
25.31 63.92
25.32 125.33
25.33 123.27
25.34 121.13
25.35 120.81
25.36 120.46
25.37 120.94
25.38 120.56
25.39 120.33
25.4 120.84
25.41 121.68
25.42 122.83
25.43 123.9
25.44 124.66
25.45 125.77
25.46 63.92
25.47 64.59
25.48 65.35
25.49 131.06
25.5 132.01
25.51 131.71
25.52 131.13
25.53 131.31
25.54 132.1
25.55 66.48
25.56 133.56
25.57 134.3
25.58 134.79
25.59 135.43
25.6 68.16
25.61 68.16
25.62 136.48
25.63 137.68
25.64 139.19
25.65 139.85
25.66 140.85
25.67 141.65
25.68 142.04
25.69 142.0
25.7 141.48
25.71 141.16
25.72 141.02
25.73 140.16
25.74 139.2
25.75 138.94
25.76 138.8
25.77 139.64
25.78 140.74
25.79 141.09
25.8 141.66
25.81 142.21
25.82 142.58
25.83 142.97
25.84 143.45
25.85 143.76
25.86 143.79
25.87 143.81
25.88 143.38
25.89 143.42
25.9 143.6
25.91 143.34
25.92 143.49
25.93 143.24
25.94 142.99
25.95 143.19
25.96 143.04
25.97 142.51
25.98 142.26
25.99 142.95
26.0 143.25
26.01 142.53
26.02 142.35
26.03 142.65
26.04 142.26
26.05 142.08
26.06 142.44
26.07 143.0
26.08 143.41
26.09 143.63
26.1 143.42
26.11 143.33
26.12 143.87
26.13 144.1
26.14 143.99
26.15 144.08
26.16 144.1
26.17 144.27
26.18 144.19
26.19 143.37
26.2 142.91
26.21 142.9
26.22 143.14
26.23 143.29
26.24 143.62
26.25 143.9
26.26 143.79
26.27 143.74
26.28 144.15
26.29 144.09
26.3 143.5
26.31 143.57
26.32 143.72
26.33 144.22
26.34 144.55
26.35 144.02
26.36 144.08
26.37 72.07
26.38 143.64
26.39 71.94
26.4 143.87
26.41 143.64
26.42 143.34
26.43 143.51
26.44 143.83
26.45 143.18
26.46 142.52
26.47 142.7
26.48 142.53
26.49 71.36
26.5 71.35
26.51 142.48
26.52 142.21
26.53 141.72
26.54 141.92
26.55 142.64
26.56 143.28
26.57 143.35
26.58 142.9
26.59 143.21
26.6 143.24
26.61 143.06
26.62 143.39
26.63 143.24
26.64 143.38
26.65 144.44
26.66 145.11
26.67 145.46
26.68 145.43
26.69 145.2
26.7 144.53
26.71 141.03
26.72 134.22
26.73 124.84
26.74 120.05
26.75 112.15
26.76 103.7
26.77 101.04
26.78 106.83
26.79 61.96
26.8 62.79
26.81 64.83
26.82 66.37
26.83 63.06
26.84 59.71
26.85 0.0
26.86 0.0
26.87 139.15
26.88 134.72
26.89 134.95
26.9 135.3
26.91 135.22
26.92 136.16
26.93 137.99
26.94 140.06
26.95 142.48
26.96 144.79
26.97 147.19
26.98 148.92
26.99 150.58
27.0 152.33
27.01 154.35
27.02 155.85
27.03 157.6
27.04 158.85
27.05 159.22
27.06 159.44
27.07 160.0
27.08 160.37
27.09 160.44
27.1 160.57
27.11 160.78
27.12 161.15
27.13 161.86
27.14 161.77
27.15 161.85
27.16 161.42
27.17 160.75
27.18 160.94
27.19 160.43
27.2 160.23
27.21 160.67
27.22 160.6
27.23 161.07
27.24 161.32
27.25 161.45
27.26 162.37
27.27 163.05
27.28 164.2
27.29 164.89
27.3 165.09
27.31 166.26
27.32 166.68
27.33 166.33
27.34 165.7
27.35 165.15
27.36 165.04
27.37 164.3
27.38 163.18
27.39 162.94
27.4 162.96
27.41 162.35
27.42 162.47
27.43 163.14
27.44 163.34
27.45 164.0
27.46 164.49
27.47 165.04
27.48 165.99
27.49 166.9
27.5 167.46
27.51 167.67
27.52 167.12
27.53 164.33
27.54 162.42
27.55 160.27
27.56 159.01
27.57 159.38
27.58 158.34
27.59 158.2
27.6 158.92
27.61 159.21
27.62 160.11
27.63 160.78
27.64 160.86
27.65 161.2
27.66 161.74
27.67 161.5
27.68 162.24
27.69 162.94
27.7 162.34
27.71 162.21
27.72 161.59
27.73 161.75
27.74 161.65
27.75 159.88
27.76 160.1
27.77 160.51
27.78 159.29
27.79 159.3
27.8 158.47
27.81 157.8
27.82 158.74
27.83 158.58
27.84 158.28
27.85 159.33
27.86 160.47
27.87 160.7
27.88 161.63
27.89 80.36
27.9 160.5
27.91 161.35
27.92 160.11
27.93 160.26
27.94 159.68
27.95 158.99
27.96 160.3
27.97 160.03
27.98 158.98
27.99 160.22
28.0 160.01
28.01 158.95
28.02 160.33
28.03 158.95
28.04 158.19
28.05 159.25
28.06 158.98
28.07 158.97
28.08 79.69
28.09 79.45
28.1 159.07
28.11 160.0
28.12 158.56
28.13 79.39
28.14 158.99
28.15 157.15
28.16 157.17
28.17 157.08
28.18 156.5
28.19 156.18
28.2 78.27
28.21 77.59
28.22 153.95
28.23 154.33
28.24 153.13
28.25 76.01
28.26 152.09
28.27 150.96
28.28 149.45
28.29 149.81
28.3 151.08
28.31 155.44
28.32 162.81
28.33 171.27
28.34 178.5
28.35 183.63
28.36 187.61
28.37 189.11
28.38 189.07
28.39 188.37
28.4 186.38
28.41 184.38
28.42 182.98
28.43 181.82
28.44 181.58
28.45 180.84
28.46 180.23
28.47 179.66
28.48 179.08
28.49 178.19
28.5 178.65
28.51 180.36
28.52 181.1
28.53 182.13
28.54 181.57
28.55 181.06
28.56 180.85
28.57 180.42
28.58 180.16
28.59 180.33
28.6 60.75
28.61 182.98
28.62 183.96
28.63 183.17
28.64 182.4
28.65 181.72
28.66 181.53
28.67 180.9
28.68 179.51
28.69 178.99
28.7 178.7
28.71 177.79
28.72 176.94
28.73 177.91
28.74 178.7
28.75 178.66
28.76 89.42
28.77 89.43
28.78 179.25
28.79 179.9
28.8 180.31
28.81 180.37
28.82 181.26
28.83 182.26
28.84 91.43
28.85 60.62
28.86 181.08
28.87 181.68
28.88 182.47
28.89 185.0
28.9 186.63
28.91 187.28
28.92 186.99
28.93 186.02
28.94 184.69
28.95 182.22
28.96 181.35
28.97 90.76
28.98 181.08
28.99 60.75
29.0 60.93
29.01 61.07
29.02 183.04
29.03 182.5
29.04 182.0
29.05 180.63
29.06 179.79
29.07 179.45
29.08 60.11
29.09 60.29
29.1 60.4
29.11 180.75
29.12 60.39
29.13 60.43
29.14 60.39
29.15 90.54
29.16 90.87
29.17 61.39
29.18 184.24
29.19 92.83
29.2 61.66
29.21 61.56
29.22 61.51
29.23 92.23
29.24 183.95
29.25 61.06
29.26 60.62
29.27 60.15
29.28 59.96
29.29 59.84
29.3 178.95
29.31 178.85
29.32 179.26
29.33 60.0
29.34 60.21
29.35 60.46
29.36 60.74
29.37 181.75
29.38 60.98
29.39 61.02
29.4 183.59
29.41 61.1
29.42 91.81
29.43 183.95
29.44 60.69
29.45 60.23
29.46 179.59
29.47 178.01
29.48 177.13
29.49 175.52
29.5 86.84
29.51 172.99
29.52 172.12
29.53 170.91
29.54 168.73
29.55 166.44
29.56 164.38
29.57 158.63
29.58 153.93
29.59 149.63
29.6 143.67
29.61 136.46
29.62 131.51
29.63 127.32
29.64 124.05
29.65 120.13
29.66 116.84
29.67 116.42
29.68 119.52
29.69 69.9
29.7 122.54
29.71 117.4
29.72 62.64
29.73 60.63
29.74 61.61
29.75 64.76
29.76 61.94
29.77 61.62
29.78 63.29
29.79 63.59
29.8 62.45
29.81 123.6
29.82 113.76
29.83 63.27
29.84 64.49
29.85 62.01
29.86 62.37
29.87 62.06
29.88 0.0
29.89 61.33
29.9 60.71
29.91 62.94
29.92 61.94
29.93 117.22
29.94 121.95
29.95 63.97
29.96 65.12
29.97 61.59
29.98 114.18
29.99 60.99
30.0 62.8
30.01 64.55
30.02 66.36
30.03 69.57
30.04 65.72
30.05 0.0
30.06 129.43
30.07 130.91
30.08 60.03
30.09 116.84
30.1 118.96
30.11 66.03
30.12 61.02
30.13 60.48
30.14 123.21
30.15 64.14
30.16 66.08
30.17 122.38
30.18 60.83
30.19 65.37
30.2 66.3
30.21 65.17
30.22 60.7
30.23 60.7
30.24 125.53
30.25 123.29
30.26 120.68
30.27 64.95
30.28 139.23
30.29 121.64
30.3 147.82
30.31 144.26
30.32 141.22
30.33 138.75
30.34 137.6
30.35 137.95
30.36 138.05
30.37 137.63
30.38 138.11
30.39 139.31
30.4 140.97
30.41 142.54
30.42 144.47
30.43 146.32
30.44 148.32
30.45 150.17
30.46 151.83
30.47 153.09
30.48 154.17
30.49 156.1
30.5 157.53
30.51 158.46
30.52 160.83
30.53 163.39
30.54 165.2
30.55 167.8
30.56 168.43
30.57 168.63
30.58 168.47
30.59 168.33
30.6 168.21
30.61 168.43
30.62 169.19
30.63 168.76
30.64 168.8
30.65 169.59
30.66 170.52
30.67 170.95
30.68 170.96
30.69 171.33
30.7 172.79
30.71 174.13
30.72 174.92
30.73 175.37
30.74 175.77
30.75 175.93
30.76 175.95
30.77 176.03
30.78 175.95
30.79 175.77
30.8 175.24
30.81 174.25
30.82 173.47
30.83 172.92
30.84 173.38
30.85 174.4
30.86 174.8
30.87 175.32
30.88 176.04
30.89 176.25
30.9 175.72
30.91 175.06
30.92 175.65
30.93 88.17
30.94 88.42
30.95 177.08
30.96 88.76
30.97 176.93
30.98 177.13
30.99 88.72
31.0 176.41
31.01 176.26
31.02 176.68
31.03 176.45
31.04 176.29
31.05 176.78
31.06 88.62
31.07 88.42
31.08 88.24
31.09 176.53
31.1 176.69
31.11 176.96
31.12 88.7
31.13 177.36
31.14 177.3
31.15 177.61
31.16 178.32
31.17 178.16
31.18 177.48
31.19 177.6
31.2 89.04
31.21 177.86
31.22 178.08
31.23 178.42
31.24 178.45
31.25 178.01
31.26 177.82
31.27 177.49
31.28 177.75
31.29 178.03
31.3 178.34
31.31 178.19
31.32 178.37
31.33 178.48
31.34 178.41
31.35 178.84
31.36 89.71
31.37 179.49
31.38 179.69
31.39 179.5
31.4 178.51
31.41 89.3
31.42 178.26
31.43 178.06
31.44 178.0
31.45 178.55
31.46 178.63
31.47 179.07
31.48 179.69
31.49 179.07
31.5 178.97
31.51 89.69
31.52 179.38
31.53 179.32
31.54 179.41
31.55 59.87
31.56 89.81
31.57 179.24
31.58 178.99
31.59 178.93
31.6 179.22
31.61 179.05
31.62 178.54
31.63 178.2
31.64 177.18
31.65 176.96
31.66 176.89
31.67 176.99
31.68 176.69
31.69 176.56
31.7 176.62
31.71 176.79
31.72 177.45
31.73 178.9
31.74 179.65
31.75 179.97
31.76 179.85
31.77 179.3
31.78 179.16
31.79 178.98
31.8 178.95
31.81 178.44
31.82 178.45
31.83 177.99
31.84 89.23
31.85 89.48
31.86 59.86
31.87 179.8
31.88 180.8
31.89 182.91
31.9 179.75
31.91 173.32
31.92 165.14
31.93 151.13
31.94 134.64
31.95 122.29
31.96 118.51
31.97 117.59
31.98 60.75
31.99 65.06
32.0 137.67
32.01 65.52
32.02 65.63
32.03 61.12
32.04 62.25
32.05 63.17
32.06 60.13
32.07 60.4
32.08 62.57
32.09 63.26
32.1 63.65
32.11 59.63
32.12 118.6
32.13 128.3
32.14 0.0
32.15 189.63
32.16 168.99
32.17 168.62
32.18 171.05
32.19 173.18
32.2 173.99
32.21 174.75
32.22 175.69
32.23 176.4
32.24 177.24
32.25 177.93
32.26 178.39
32.27 179.38
32.28 180.58
32.29 180.97
32.3 181.42
32.31 181.44
32.32 180.99
32.33 180.69
32.34 180.45
32.35 180.3
32.36 181.0
32.37 180.63
32.38 179.24
32.39 178.54
32.4 176.84
32.41 177.34
32.42 177.46
32.43 177.47
32.44 177.61
32.45 177.31
32.46 177.41
32.47 177.47
32.48 178.37
32.49 181.75
32.5 184.7
32.51 184.96
32.52 186.06
32.53 185.04
32.54 182.84
32.55 180.04
32.56 176.11
32.57 172.46
32.58 169.4
32.59 165.84
32.6 163.7
32.61 162.7
32.62 160.88
32.63 160.26
32.64 159.96
32.65 158.61
32.66 158.08
32.67 157.15
32.68 156.12
32.69 155.83
32.7 154.7
32.71 153.31
32.72 151.36
32.73 149.38
32.74 73.24
32.75 145.82
32.76 144.34
32.77 143.99
32.78 143.9
32.79 143.33
32.8 143.61
32.81 144.05
32.82 72.77
32.83 146.04
32.84 146.7
32.85 145.66
32.86 145.96
32.87 148.1
32.88 148.42
32.89 73.89
32.9 73.96
32.91 148.19
32.92 147.39
32.93 147.46
32.94 147.49
32.95 147.29
32.96 147.82
32.97 148.44
32.98 148.36
32.99 148.57
33.0 149.15
33.01 148.8
33.02 148.1
33.03 147.33
33.04 146.58
33.05 146.72
33.06 146.33
33.07 145.65
33.08 145.15
33.09 145.67
33.1 145.93
33.11 145.91
33.12 145.78
33.13 146.01
33.14 146.41
33.15 146.19
33.16 145.79
33.17 145.84
33.18 146.38
33.19 146.34
33.2 146.02
33.21 145.68
33.22 145.92
33.23 146.6
33.24 146.74
33.25 145.72
33.26 145.44
33.27 145.69
33.28 146.18
33.29 146.11
33.3 145.12
33.31 144.44
33.32 143.58
33.33 143.35
33.34 143.76
33.35 143.42
33.36 142.73
33.37 142.94
33.38 144.05
33.39 144.31
33.4 144.38
33.41 144.74
33.42 144.79
33.43 144.66
33.44 144.83
33.45 144.43
33.46 143.18
33.47 142.55
33.48 142.32
33.49 142.26
33.5 142.31
33.51 142.4
33.52 142.29
33.53 142.06
33.54 142.65
33.55 143.47
33.56 143.83
33.57 143.58
33.58 143.22
33.59 143.63
33.6 143.91
33.61 144.1
33.62 144.51
33.63 144.66
33.64 144.59
33.65 72.57
33.66 72.41
33.67 145.15
33.68 71.92
33.69 142.97
33.7 143.83
33.71 144.5
33.72 144.31
33.73 144.53
33.74 145.39
33.75 145.14
33.76 144.6
33.77 144.88
33.78 72.59
33.79 145.84
33.8 146.52
33.81 148.08
33.82 149.27
33.83 147.59
33.84 144.44
33.85 152.14
33.86 159.84
33.87 162.43
33.88 162.97
33.89 161.68
33.9 160.7
33.91 159.55
33.92 156.2
33.93 155.68
33.94 155.08
33.95 153.83
33.96 155.0
33.97 156.52
33.98 156.47
33.99 157.36
34.0 158.66
34.01 158.5
34.02 158.26
34.03 159.65
34.04 160.04
34.05 159.77
34.06 160.17
34.07 159.93
34.08 160.08
34.09 159.72
34.1 159.01
34.11 158.21
34.12 156.39
34.13 153.1
34.14 149.6
34.15 145.79
34.16 140.7
34.17 132.46
34.18 126.49
34.19 120.44
34.2 111.76
34.21 88.19
34.22 95.01
34.23 120.2
34.24 63.65
34.25 62.64
34.26 62.23
34.27 62.6
34.28 63.61
34.29 61.29
34.3 60.64
34.31 62.26
34.32 63.64
34.33 62.8
34.34 61.07
34.35 61.29
34.36 63.42
34.37 63.31
34.38 123.74
34.39 62.55
34.4 63.42
34.41 61.7
34.42 61.0
34.43 63.27
34.44 66.51
34.45 63.89
34.46 61.0
34.47 61.78
34.48 62.81
34.49 60.99
34.5 60.77
34.51 62.1
34.52 65.36
34.53 61.91
34.54 115.97
34.55 116.88
34.56 66.73
34.57 68.92
34.58 131.07
34.59 59.73
34.6 115.52
34.61 63.14
34.62 135.35
34.63 70.54
34.64 124.35
34.65 138.44
34.66 59.98
34.67 62.48
34.68 68.11
34.69 136.31
34.7 130.43
34.71 121.99
34.72 137.94
34.73 68.47
34.74 67.08
34.75 61.8
34.76 66.07
34.77 128.78
34.78 121.45
34.79 145.39
34.8 187.18
34.81 61.04
34.82 0.0
34.83 183.33
34.84 168.53
34.85 159.99
34.86 155.81
34.87 151.01
34.88 148.77
34.89 145.62
34.9 140.83
34.91 131.27
34.92 134.77
34.93 140.37
34.94 140.52
34.95 138.66
34.96 137.76
34.97 138.68
34.98 139.33
34.99 139.8
35.0 140.29
35.01 140.35
35.02 141.36
35.03 142.76
35.04 144.44
35.05 146.13
35.06 147.59
35.07 149.04
35.08 151.59
35.09 154.11
35.1 156.13
35.11 157.9
35.12 159.46
35.13 160.32
35.14 161.12
35.15 162.44
35.16 162.8
35.17 162.71
35.18 163.19
35.19 163.21
35.2 164.17
35.21 165.42
35.22 165.67
35.23 166.22
35.24 167.21
35.25 168.67
35.26 170.12
35.27 172.21
35.28 174.13
35.29 175.37
35.3 176.09
35.31 176.57
35.32 176.93
35.33 177.63
35.34 177.56
35.35 176.86
35.36 176.61
35.37 176.38
35.38 175.69
35.39 175.2
35.4 174.73
35.41 174.5
35.42 174.78
35.43 175.15
35.44 175.66
35.45 175.95
35.46 176.48
35.47 177.35
35.48 178.79
35.49 179.47
35.5 179.51
35.51 179.62
35.52 179.63
35.53 178.54
35.54 177.72
35.55 177.35
35.56 88.32
35.57 176.31
35.58 175.99
35.59 176.09
35.6 176.24
35.61 176.17
35.62 176.64
35.63 88.48
35.64 177.42
35.65 178.21
35.66 178.53
35.67 178.95
35.68 178.79
35.69 178.41
35.7 177.57
35.71 177.53
35.72 177.76
35.73 177.58
35.74 177.12
35.75 176.69
35.76 176.63
35.77 176.67
35.78 176.71
35.79 176.69
35.8 176.66
35.81 176.5
35.82 176.68
35.83 88.47
35.84 88.44
35.85 176.79
35.86 176.61
35.87 176.47
35.88 176.66
35.89 177.29
35.9 177.78
35.91 177.65
35.92 177.31
35.93 177.14
35.94 177.15
35.95 176.48
35.96 87.87
35.97 87.69
35.98 175.35
35.99 175.16
36.0 175.27
36.01 175.4
36.02 175.57
36.03 176.12
36.04 176.46
36.05 88.58
36.06 177.18
36.07 177.11
36.08 177.33
36.09 176.82
36.1 176.45
36.11 176.61
36.12 176.03
36.13 175.56
36.14 175.1
36.15 175.31
36.16 175.65
36.17 175.88
36.18 176.63
36.19 177.05
36.2 176.56
36.21 88.34
36.22 176.83
36.23 177.01
36.24 176.76
36.25 176.53
36.26 176.27
36.27 176.02
36.28 175.72
36.29 175.83
36.3 175.85
36.31 175.65
36.32 176.0
36.33 176.66
36.34 177.19
36.35 177.18
36.36 176.65
36.37 88.31
36.38 176.72
36.39 177.51
36.4 177.11
36.41 169.47
36.42 159.69
36.43 150.48
36.44 136.77
36.45 113.89
36.46 109.75
36.47 64.57
36.48 64.44
36.49 65.31
36.5 132.84
36.51 126.86
36.52 110.87
36.53 115.12
36.54 67.04
36.55 67.57
36.56 131.92
36.57 115.2
36.58 60.8
36.59 64.45
36.6 123.49
36.61 0.0
36.62 210.06
36.63 172.35
36.64 171.48
36.65 172.22
36.66 173.34
36.67 174.28
36.68 174.97
36.69 175.59
36.7 175.95
36.71 176.21
36.72 176.29
36.73 176.21
36.74 175.62
36.75 174.92
36.76 174.37
36.77 174.04
36.78 174.58
36.79 175.49
36.8 176.07
36.81 176.81
36.82 177.77
36.83 177.7
36.84 177.26
36.85 177.22
36.86 176.86
36.87 176.64
36.88 176.6
36.89 176.78
36.9 176.85
36.91 176.74
36.92 176.2
36.93 175.8
36.94 174.0
36.95 170.58
36.96 168.92
36.97 167.65
36.98 166.39
36.99 165.74
37.0 164.22
37.01 162.86
37.02 161.4
37.03 159.2
37.04 157.04
37.05 155.03
37.06 153.39
37.07 152.68
37.08 151.73
37.09 151.17
37.1 150.59
37.11 150.58
37.12 149.84
37.13 148.37
37.14 148.29
37.15 147.32
37.16 145.08
37.17 143.97
37.18 142.68
37.19 142.24
37.2 142.15
37.21 142.31
37.22 143.12
37.23 143.66
37.24 143.6
37.25 144.07
37.26 144.78
37.27 145.0
37.28 145.02
37.29 144.72
37.3 72.51
37.31 72.35
37.32 72.1
37.33 71.88
37.34 71.68
37.35 71.66
37.36 71.67
37.37 71.63
37.38 142.99
37.39 143.57
37.4 71.52
37.41 71.52
37.42 71.54
37.43 143.1
37.44 144.11
37.45 144.08
37.46 144.24
37.47 144.67
37.48 144.53
37.49 144.88
37.5 145.46
37.51 145.9
37.52 145.98
37.53 145.85
37.54 145.44
37.55 144.93
37.56 144.63
37.57 144.92
37.58 144.91
37.59 144.48
37.6 144.5
37.61 144.6
37.62 144.23
37.63 144.34
37.64 145.2
37.65 145.02
37.66 145.25
37.67 146.12
37.68 146.26
37.69 145.94
37.7 146.04
37.71 146.29
37.72 146.63
37.73 146.74
37.74 145.7
37.75 145.6
37.76 145.98
37.77 145.77
37.78 145.68
37.79 145.4
37.8 145.03
37.81 144.95
37.82 145.24
37.83 144.91
37.84 144.19
37.85 144.13
37.86 145.36
37.87 145.51
37.88 144.77
37.89 145.17
37.9 145.05
37.91 144.65
37.92 145.32
37.93 146.45
37.94 146.48
37.95 146.44
37.96 148.07
37.97 147.88
37.98 146.42
37.99 146.93
38.0 147.26
38.01 147.18
38.02 146.94
38.03 146.3
38.04 146.16
38.05 146.07
38.06 145.88
38.07 145.48
38.08 145.64
38.09 146.5
38.1 147.32
38.11 147.9
38.12 149.27
38.13 150.71
38.14 152.94
38.15 154.47
38.16 155.03
38.17 155.27
38.18 154.72
38.19 154.72
38.2 154.68
38.21 155.42
38.22 156.24
38.23 156.67
38.24 157.97
38.25 158.45
38.26 156.98
38.27 155.25
38.28 75.84
38.29 150.24
38.3 151.13
38.31 75.88
38.32 151.57
38.33 150.85
38.34 151.59
38.35 76.94
38.36 153.47
38.37 153.66
38.38 153.75
38.39 77.13
38.4 77.75
38.41 156.21
38.42 156.81
38.43 156.49
38.44 156.88
38.45 156.2
38.46 155.1
38.47 154.17
38.48 152.61
38.49 149.76
38.5 146.9
38.51 142.87
38.52 137.68
38.53 132.13
38.54 126.92
38.55 122.54
38.56 117.17
38.57 98.74
38.58 100.94
38.59 62.92
38.6 62.64
38.61 61.68
38.62 63.62
38.63 63.65
38.64 62.88
38.65 62.04
38.66 62.8
38.67 64.15
38.68 62.48
38.69 123.96
38.7 115.83
38.71 61.92
38.72 63.29
38.73 63.4
38.74 62.39
38.75 122.14
38.76 61.63
38.77 62.91
38.78 61.25
38.79 61.45
38.8 61.21
38.81 65.93
38.82 121.5
38.83 131.39
38.84 61.77
38.85 62.93
38.86 61.68
38.87 60.68
38.88 61.08
38.89 66.44
38.9 63.03
38.91 60.72
38.92 59.93
38.93 62.82
38.94 63.16
38.95 122.89
38.96 120.03
38.97 66.06
38.98 68.48
38.99 68.32
39.0 65.61
39.01 65.09
39.02 60.98
39.03 60.56
39.04 115.87
39.05 133.8
39.06 115.84
39.07 123.41
39.08 62.63
39.09 62.36
39.1 60.52
39.11 63.65
39.12 70.19
39.13 159.98
39.14 74.05
39.15 71.36
39.16 142.67
39.17 63.9
39.18 64.16
39.19 128.62
39.2 127.13
39.21 126.58
39.22 126.23
39.23 124.49
39.24 124.36
39.25 126.65
39.26 128.5
39.27 130.2
39.28 132.98
39.29 135.84
39.3 137.43
39.31 139.62
39.32 141.55
39.33 143.71
39.34 146.57
39.35 148.96
39.36 151.16
39.37 153.17
39.38 155.87
39.39 157.9
39.4 159.32
39.41 161.49
39.42 164.01
39.43 164.82
39.44 166.0
39.45 167.45
39.46 168.01
39.47 168.68
39.48 169.62
39.49 170.27
39.5 169.98
39.51 170.22
39.52 170.73
39.53 171.69
39.54 172.87
39.55 174.09
39.56 174.43
39.57 174.96
39.58 175.97
39.59 176.65
39.6 88.34
39.61 176.48
39.62 176.5
39.63 176.07
39.64 87.71
39.65 175.39
39.66 175.37
39.67 174.78
39.68 87.15
39.69 174.02
39.7 174.32
39.71 174.24
39.72 174.01
39.73 174.54
39.74 175.25
39.75 175.62
39.76 87.66
39.77 175.41
39.78 175.81
39.79 176.1
39.8 176.48
39.81 176.41
39.82 176.15
39.83 176.3
39.84 176.9
39.85 178.05
39.86 179.26
39.87 178.02
39.88 177.18
39.89 176.35
39.9 175.33
39.91 174.39
39.92 174.16
39.93 173.88
39.94 173.72
39.95 174.07
39.96 174.43
39.97 175.27
39.98 176.18
39.99 177.11
40.0 177.99
40.01 178.45
40.02 178.66
40.03 179.1
40.04 179.04
40.05 179.33
40.06 179.39
40.07 179.8
40.08 180.44
40.09 180.9
40.1 180.84
40.11 180.7
40.12 180.88
40.13 179.96
40.14 179.7
40.15 59.92
40.16 89.57
40.17 178.47
40.18 178.74
40.19 178.01
40.2 177.55
40.21 89.25
40.22 178.01
40.23 178.22
40.24 178.55
40.25 178.62
40.26 178.75
40.27 179.5
40.28 179.64
40.29 179.76
40.3 179.58
40.31 179.34
40.32 178.78
40.33 177.97
40.34 175.82
40.35 172.78
40.36 171.92
40.37 171.96
40.38 172.48
40.39 172.71
40.4 173.53
40.41 173.77
40.42 174.25
40.43 175.48
40.44 175.86
40.45 175.94
40.46 176.03
40.47 177.0
40.48 176.58
40.49 175.66
40.5 175.55
40.51 175.69
40.52 88.3
40.53 88.37
40.54 176.42
40.55 88.56
40.56 176.53
40.57 176.39
40.58 88.34
40.59 175.92
40.6 175.59
40.61 175.76
40.62 175.14
40.63 174.75
40.64 175.55
40.65 175.58
40.66 88.44
40.67 176.32
40.68 176.31
40.69 176.38
40.7 175.97
40.71 88.06
40.72 175.4
40.73 174.64
40.74 174.91
40.75 173.94
40.76 176.53
40.77 178.65
40.78 179.33
40.79 177.88
40.8 175.86
40.81 175.19
40.82 175.48
40.83 177.08
40.84 178.62
40.85 178.18
40.86 177.69
40.87 177.43
40.88 177.0
40.89 177.02
40.9 177.08
40.91 176.99
40.92 177.41
40.93 177.97
40.94 178.55
40.95 179.62
40.96 180.72
40.97 180.41
40.98 180.17
40.99 181.11
41.0 180.61
41.01 60.51
41.02 60.32
41.03 60.3
41.04 60.39
41.05 60.33
41.06 90.45
41.07 181.26
41.08 180.79
41.09 180.26
41.1 180.2
41.11 179.43
41.12 179.41
41.13 179.9
41.14 178.84
41.15 178.72
41.16 178.27
41.17 177.3
41.18 177.04
41.19 177.09
41.2 177.03
41.21 176.69
41.22 176.25
41.23 175.68
41.24 175.13
41.25 174.43
41.26 171.3
41.27 168.7
41.28 170.98
41.29 173.96
41.3 173.98
41.31 175.03
41.32 177.28
41.33 177.0
41.34 176.63
41.35 178.61
41.36 179.23
41.37 178.28
41.38 179.96
41.39 179.59
41.4 176.28
41.41 173.58
41.42 172.05
41.43 172.48
41.44 173.22
41.45 173.33
41.46 87.22
41.47 175.14
41.48 176.17
41.49 177.14
41.5 89.26
41.51 89.43
41.52 178.69
41.53 177.94
41.54 88.32
41.55 175.77
41.56 174.52
41.57 174.92
41.58 175.35
41.59 174.81
41.6 173.63
41.61 173.98
41.62 87.71
41.63 175.49
41.64 176.5
41.65 177.69
41.66 89.45
41.67 177.77
41.68 177.81
41.69 177.29
41.7 176.49
41.71 176.23
41.72 175.9
41.73 174.91
41.74 173.62
41.75 173.54
41.76 175.01
41.77 176.07
41.78 176.43
41.79 176.95
41.8 177.27
41.81 176.64
41.82 177.2
41.83 177.62
41.84 176.61
41.85 176.86
41.86 88.95
41.87 178.35
41.88 88.99
41.89 176.48
41.9 176.0
41.91 88.4
41.92 88.13
41.93 175.23
41.94 175.31
41.95 177.01
41.96 89.35
41.97 178.08
41.98 89.2
41.99 89.14
42.0 175.31
42.01 178.0
42.02 60.56
42.03 60.75
42.04 60.96
42.05 60.88
42.06 181.57
42.07 181.57
42.08 181.8
42.09 181.0
42.1 181.02
42.11 180.66
42.12 180.15
42.13 180.75
42.14 180.71
42.15 181.17
42.16 181.84
42.17 181.95
42.18 182.7
42.19 182.73
42.2 182.94
42.21 183.17
42.22 182.83
42.23 183.33
42.24 183.66
42.25 184.02
42.26 184.33
42.27 184.9
42.28 184.81
42.29 184.58
42.3 185.62
42.31 185.24
42.32 185.14
42.33 185.06
42.34 184.25
42.35 184.03
42.36 182.51
42.37 181.82
42.38 179.97
42.39 178.41
42.4 177.02
42.41 174.29
42.42 174.34
42.43 175.82
42.44 88.49
42.45 177.19
42.46 177.74
42.47 178.66
42.48 179.76
42.49 89.63
42.5 59.89
42.51 60.0
42.52 60.03
42.53 60.09
42.54 60.1
42.55 60.3
42.56 60.59
42.57 60.94
42.58 61.3
42.59 61.42
42.6 61.36
42.61 61.41
42.62 61.6
42.63 61.68
42.64 61.8
42.65 61.93
42.66 61.77
42.67 61.48
42.68 61.22
42.69 61.01
42.7 60.78
42.71 60.44
42.72 90.59
42.73 59.93
42.74 178.29
42.75 59.9
42.76 60.16
42.77 60.61
42.78 61.12
42.79 182.05
42.8 63.57
42.81 64.49
42.82 64.72
42.83 64.48
42.84 64.21
42.85 63.91
42.86 63.23
42.87 188.66
42.88 181.29
42.89 173.06
42.9 163.39
42.91 62.63
42.92 62.22
42.93 155.53
42.94 153.56
42.95 61.76
42.96 61.77
42.97 153.5
42.98 153.6
42.99 153.72
43.0 153.27
43.01 152.43
43.02 152.01
43.03 151.76
43.04 150.83
43.05 148.95
43.06 146.34
43.07 143.71
43.08 140.81
43.09 136.65
43.1 133.53
43.11 131.38
43.12 129.25
43.13 128.24
43.14 128.36
43.15 128.01
43.16 128.21
43.17 128.97
43.18 130.02
43.19 130.68
43.2 131.73
43.21 132.76
43.22 133.49
43.23 133.85
43.24 133.86
43.25 134.07
43.26 134.0
43.27 133.17
43.28 132.37
43.29 132.52
43.3 132.32
43.31 131.62
43.32 131.76
43.33 131.49
43.34 130.07
43.35 129.02
43.36 129.53
43.37 130.21
43.38 130.7
43.39 131.92
43.4 132.69
43.41 134.46
43.42 137.7
43.43 139.79
43.44 141.62
43.45 143.75
43.46 145.56
43.47 146.67
43.48 144.0
43.49 142.0
43.5 70.05
43.51 138.81
43.52 138.59
43.53 139.13
43.54 137.76
43.55 136.81
43.56 137.03
43.57 137.54
43.58 138.16
43.59 139.57
43.6 140.61
43.61 140.82
43.62 141.1
43.63 140.88
43.64 140.83
43.65 140.98
43.66 70.52
43.67 140.96
43.68 140.19
43.69 140.6
43.7 141.1
43.71 141.32
43.72 141.9
43.73 142.26
43.74 143.24
43.75 143.92
43.76 144.63
43.77 144.86
43.78 144.6
43.79 144.58
43.8 144.76
43.81 144.64
43.82 144.84
43.83 144.43
43.84 143.75
43.85 72.1
43.86 144.19
43.87 143.95
43.88 144.13
43.89 143.86
43.9 144.18
43.91 144.92
43.92 145.19
43.93 145.68
43.94 146.21
43.95 73.25
43.96 146.71
43.97 146.6
43.98 146.22
43.99 146.48
44.0 146.41
44.01 146.21
44.02 146.2
44.03 146.28
44.04 145.65
44.05 72.7
44.06 145.48
44.07 144.94
44.08 144.72
44.09 144.67
44.1 144.72
44.11 144.79
44.12 144.56
44.13 144.26
44.14 144.23
44.15 144.6
44.16 144.76
44.17 144.56
44.18 144.68
44.19 145.0
44.2 145.45
44.21 72.88
44.22 72.95
44.23 146.1
44.24 145.58
44.25 145.57
44.26 145.88
44.27 145.7
44.28 145.24
44.29 144.83
44.3 144.41
44.31 144.27
44.32 144.51
44.33 145.01
44.34 145.67
44.35 146.13
44.36 146.27
44.37 146.0
44.38 145.59
44.39 145.34
44.4 145.13
44.41 144.65
44.42 143.68
44.43 144.6
44.44 145.74
44.45 146.14
44.46 146.8
44.47 146.95
44.48 146.78
44.49 147.65
44.5 148.17
44.51 147.32
44.52 146.04
44.53 145.62
44.54 145.06
44.55 143.04
44.56 143.06
44.57 143.59
44.58 143.73
44.59 143.59
44.6 143.1
44.61 142.73
44.62 141.99
44.63 141.48
44.64 141.62
44.65 142.81
44.66 144.08
44.67 145.68
44.68 147.58
44.69 149.51
44.7 151.27
44.71 153.24
44.72 155.34
44.73 157.74
44.74 159.56
44.75 160.23
44.76 161.07
44.77 161.04
44.78 160.84
44.79 161.22
44.8 161.31
44.81 161.32
44.82 161.63
44.83 161.28
44.84 161.55
44.85 162.2
44.86 162.28
44.87 162.54
44.88 162.88
44.89 163.38
44.9 163.64
44.91 163.58
44.92 163.43
44.93 163.2
44.94 163.21
44.95 163.11
44.96 163.26
44.97 163.47
44.98 163.28
44.99 163.32
45.0 163.41
45.01 163.34
45.02 163.82
45.03 164.2
45.04 164.5
45.05 164.84
45.06 164.77
45.07 165.35
45.08 165.64
45.09 165.49
45.1 165.99
45.11 166.44
45.12 166.76
45.13 167.57
45.14 168.65
45.15 169.17
45.16 168.98
45.17 168.24
45.18 165.35
45.19 161.55
45.2 160.89
45.21 159.69
45.22 159.37
45.23 159.36
45.24 159.18
45.25 160.12
45.26 160.62
45.27 160.81
45.28 161.39
45.29 161.99
45.3 162.48
45.31 162.52
45.32 162.49
45.33 162.27
45.34 162.16
45.35 162.45
45.36 81.75
45.37 163.67
45.38 164.0
45.39 164.36
45.4 82.21
45.41 164.73
45.42 163.39
45.43 162.51
45.44 162.58
45.45 162.25
45.46 162.19
45.47 162.11
45.48 162.28
45.49 163.07
45.5 162.51
45.51 162.31
45.52 163.13
45.53 162.45
45.54 162.43
45.55 162.38
45.56 161.16
45.57 160.82
45.58 161.02
45.59 160.95
45.6 161.14
45.61 160.77
45.62 162.65
45.63 162.63
45.64 160.45
45.65 162.47
45.66 81.64
45.67 162.34
45.68 160.81
45.69 80.65
45.7 80.41
45.71 80.1
45.72 79.83
45.73 159.2
45.74 160.25
45.75 161.67
45.76 163.77
45.77 168.58
45.78 174.11
45.79 179.58
45.8 185.09
45.81 191.64
45.82 65.48
45.83 98.64
45.84 195.52
45.85 192.1
45.86 186.53
45.87 181.07
45.88 177.03
45.89 174.28
45.9 173.13
45.91 173.37
45.92 173.56
45.93 173.41
45.94 173.93
45.95 174.8
45.96 175.44
45.97 175.55
45.98 176.11
45.99 89.21
46.0 178.37
46.01 60.02
46.02 179.75
46.03 179.91
46.04 179.83
46.05 179.53
46.06 59.9
46.07 60.16
46.08 180.91
46.09 181.56
46.1 181.87
46.11 181.48
46.12 180.45
46.13 179.69
46.14 60.14
46.15 60.29
46.16 60.45
46.17 60.65
46.18 182.05
46.19 60.96
46.2 61.23
46.21 183.6
46.22 61.8
46.23 92.84
46.24 185.53
46.25 185.79
46.26 185.55
46.27 61.92
46.28 62.04
46.29 62.09
46.3 61.93
46.31 61.64
46.32 61.41
46.33 61.19
46.34 60.86
46.35 60.46
46.36 60.25
46.37 60.33
46.38 60.45
46.39 60.48
46.4 60.39
46.41 60.32
46.42 60.34
46.43 60.33
46.44 60.17
46.45 60.1
46.46 60.23
46.47 60.69
46.48 61.39
46.49 183.86
46.5 92.03
46.51 92.43
46.52 61.32
46.53 183.71
46.54 60.61
46.55 60.54
46.56 60.26
46.57 60.14
46.58 60.15
46.59 60.0
46.6 90.01
46.61 89.44
46.62 177.57
46.63 178.1
46.64 59.86
46.65 60.07
46.66 60.29
46.67 60.41
46.68 60.47
46.69 181.34
46.7 61.08
46.71 61.28
46.72 61.38
46.73 92.08
46.74 184.18
46.75 60.96
46.76 60.63
46.77 181.57
46.78 59.86
46.79 178.26
46.8 176.87
46.81 87.5
46.82 173.67
46.83 171.61
46.84 168.89
46.85 164.2
46.86 156.81
46.87 150.28
46.88 145.24
46.89 138.21
46.9 131.66
46.91 123.97
46.92 119.99
46.93 120.03
46.94 120.07
46.95 119.11
46.96 116.66
46.97 111.87
46.98 105.13
46.99 112.79
47.0 62.6
47.01 62.54
47.02 61.69
47.03 61.04
47.04 61.19
47.05 63.41
47.06 63.87
47.07 62.68
47.08 61.86
47.09 128.37
47.1 63.07
47.11 61.75
47.12 61.91
47.13 62.41
47.14 131.02
47.15 124.77
47.16 120.69
47.17 126.65
47.18 62.42
47.19 60.87
47.2 61.78
47.21 63.33
47.22 62.84
47.23 61.44
47.24 120.76
47.25 121.02
47.26 66.01
47.27 61.39
47.28 118.12
47.29 108.23
47.3 65.07
47.31 127.2
47.32 125.47
47.33 126.37
47.34 63.57
47.35 63.57
47.36 64.94
47.37 135.88
47.38 141.61
47.39 60.08
47.4 63.67
47.41 122.72
47.42 69.02
47.43 66.23
47.44 60.9
47.45 61.77
47.46 66.36
47.47 127.74
47.48 121.1
47.49 118.11
47.5 0.0
47.51 60.62
47.52 61.79
47.53 62.61
47.54 66.77
47.55 70.3
47.56 105.01
47.57 112.15
47.58 64.84
47.59 65.1
47.6 0.0
47.61 0.0
47.62 63.51
47.63 65.05
47.64 133.3
47.65 63.74
47.66 65.83
47.67 60.28
47.68 118.45
47.69 143.87
47.7 150.15
47.71 140.37
47.72 138.2
47.73 137.13
47.74 136.77
47.75 137.85
47.76 139.69
47.77 142.1
47.78 146.14
47.79 149.6
47.8 152.62
47.81 155.89
47.82 159.38
47.83 161.49
47.84 163.23
47.85 164.91
47.86 167.35
47.87 170.04
47.88 171.75
47.89 172.83
47.9 174.05
47.91 175.27
47.92 175.89
47.93 175.89
47.94 175.68
47.95 175.71
47.96 175.96
47.97 176.33
47.98 176.69
47.99 177.66
48.0 178.7
48.01 178.81
48.02 178.92
48.03 179.14
48.04 179.21
48.05 179.42
48.06 179.19
48.07 179.3
48.08 179.59
48.09 179.58
48.1 59.95
48.11 179.71
48.12 179.4
48.13 179.29
48.14 179.83
48.15 180.36
48.16 180.97
48.17 181.25
48.18 181.49
48.19 181.48
48.2 181.59
48.21 90.74
48.22 181.48
48.23 181.56
48.24 181.64
48.25 60.66
48.26 60.66
48.27 60.61
48.28 60.36
48.29 60.09
48.3 59.93
48.31 59.89
48.32 60.04
48.33 179.87
48.34 60.19
48.35 60.38
48.36 60.55
48.37 60.77
48.38 60.94
48.39 60.94
48.4 91.5
48.41 183.32
48.42 60.96
48.43 60.93
48.44 182.71
48.45 182.46
48.46 182.8
48.47 182.57
48.48 182.16
48.49 181.65
48.5 60.25
48.51 60.19
48.52 60.21
48.53 60.3
48.54 60.38
48.55 60.41
48.56 90.64
48.57 60.39
48.58 60.37
48.59 60.4
48.6 181.13
48.61 60.28
48.62 60.17
48.63 60.18
48.64 180.57
48.65 181.05
48.66 60.68
48.67 91.25
48.68 182.35
48.69 60.58
48.7 60.44
48.71 60.39
48.72 60.43
48.73 60.37
48.74 60.29
48.75 60.26
48.76 180.65
48.77 180.45
48.78 180.55
48.79 180.44
48.8 180.23
48.81 60.07
48.82 60.03
48.83 59.94
48.84 59.84
48.85 59.85
48.86 59.92
48.87 59.98
48.88 60.06
48.89 60.17
48.9 60.29
48.91 60.42
48.92 181.16
48.93 60.29
48.94 60.03
48.95 89.84
48.96 89.43
48.97 178.77
48.98 89.4
48.99 89.49
49.0 179.02
49.01 178.96
49.02 60.09
49.03 60.24
49.04 60.24
49.05 60.22
49.06 60.16
49.07 60.06
49.08 59.84
49.09 89.62
49.1 178.57
49.11 89.17
49.12 89.12
49.13 178.62
49.14 89.23
49.15 178.51
49.16 179.23
49.17 89.61
49.18 60.06
49.19 60.01
49.2 179.31
49.21 59.93
49.22 60.0
49.23 90.12
49.24 89.86
49.25 59.87
49.26 59.92
49.27 179.39
49.28 179.14
49.29 179.54
49.3 179.87
49.31 179.88
49.32 179.35
49.33 179.43
49.34 178.75
49.35 177.36
49.36 177.7
49.37 176.74
49.38 174.11
49.39 175.08
49.4 175.78
49.41 177.09
49.42 178.44
49.43 178.26
49.44 179.83
49.45 181.27
49.46 90.78
49.47 181.04
49.48 180.72
49.49 180.64
49.5 181.38
49.51 90.71
49.52 60.5
49.53 181.91
49.54 60.56
49.55 60.53
49.56 60.48
49.57 181.52
49.58 180.8
49.59 180.56
49.6 180.3
49.61 180.26
49.62 60.32
49.63 60.42
49.64 60.58
49.65 181.43
49.66 182.04
49.67 60.77
49.68 60.77
49.69 60.84
49.7 60.93
49.71 60.99
49.72 61.08
49.73 61.1
49.74 61.03
49.75 61.01
49.76 61.02
49.77 60.93
49.78 60.84
49.79 60.84
49.8 60.95
49.81 61.01
49.82 91.38
49.83 61.01
49.84 61.01
49.85 61.01
49.86 61.14
49.87 61.32
49.88 61.56
49.89 61.74
49.9 185.6
49.91 184.87
49.92 183.99
49.93 61.07
49.94 60.95
49.95 61.03
49.96 61.24
49.97 92.19
49.98 185.24
49.99 184.9
50.0 185.41
50.01 61.46
50.02 61.23
50.03 60.88
50.04 60.62
50.05 181.77
50.06 181.06
50.07 181.52
50.08 181.68
50.09 180.77
50.1 60.19
50.11 89.68
50.12 177.48
50.13 174.08
50.14 167.83
50.15 159.12
50.16 147.44
50.17 139.37
50.18 134.92
50.19 73.15
50.2 65.3
50.21 59.82
50.22 0.0
50.23 110.8
50.24 75.86
50.25 60.62
50.26 66.37
50.27 63.37
50.28 62.94
50.29 62.82
50.3 64.19
50.31 0.0
50.32 0.0
50.33 63.03
50.34 62.62
50.35 0.0
50.36 0.0
50.37 65.75
50.38 63.74
50.39 121.38
50.4 60.37
50.41 63.68
50.42 62.25
50.43 60.24
50.44 61.52
50.45 64.94
50.46 63.74
50.47 60.32
50.48 60.51
50.49 62.98
50.5 64.4
50.51 0.0
50.52 186.45
50.53 145.84
50.54 141.4
50.55 142.81
50.56 143.75
50.57 144.46
50.58 145.04
50.59 144.63
50.6 144.75
50.61 145.59
50.62 145.76
50.63 146.21
50.64 146.32
50.65 146.38
50.66 146.6
50.67 146.3
50.68 145.85
50.69 145.95
50.7 147.09
50.71 149.24
50.72 149.54
50.73 147.6
50.74 148.84
50.75 150.69
50.76 152.4
50.77 154.54
50.78 157.6
50.79 160.67
50.8 163.13
50.81 166.19
50.82 168.8
50.83 170.63
50.84 172.46
50.85 173.56
50.86 174.5
50.87 174.78
50.88 175.15
50.89 175.85
50.9 176.19
50.91 176.64
50.92 88.74
50.93 177.18
50.94 178.01
50.95 178.98
50.96 179.1
50.97 179.26
50.98 179.85
50.99 179.82
51.0 179.39
51.01 59.91
51.02 59.96
51.03 60.06
51.04 59.97
51.05 59.88
51.06 59.92
51.07 59.98
51.08 60.02
51.09 90.2
51.1 180.31
51.11 180.76
51.12 60.45
51.13 60.48
51.14 60.46
51.15 60.26
51.16 60.1
51.17 60.01
51.18 59.87
51.19 178.98
51.2 178.87
51.21 179.2
51.22 179.34
51.23 178.69
51.24 89.35
51.25 178.32
51.26 177.97
51.27 178.11
51.28 177.77
51.29 177.82
51.3 177.83
51.31 178.06
51.32 177.68
51.33 177.06
51.34 176.98
51.35 177.34
51.36 177.3
51.37 59.87
51.38 60.0
51.39 60.08
51.4 60.12
51.41 60.06
51.42 59.92
51.43 179.36
51.44 178.78
51.45 178.49
51.46 178.39
51.47 178.03
51.48 89.06
51.49 178.25
51.5 89.3
51.51 178.7
51.52 179.03
51.53 179.19
51.54 179.08
51.55 89.78
51.56 179.44
51.57 59.92
51.58 60.02
51.59 180.08
51.6 59.93
51.61 89.69
51.62 178.83
51.63 89.28
51.64 177.97
51.65 177.89
51.66 88.92
51.67 177.7
51.68 178.19
51.69 89.3
51.7 178.56
51.71 178.85
51.72 89.34
51.73 178.42
51.74 89.24
51.75 177.98
51.76 177.89
51.77 177.93
51.78 177.49
51.79 176.35
51.8 176.58
51.81 88.82
51.82 88.99
51.83 177.91
51.84 177.93
51.85 89.45
51.86 179.19
51.87 60.09
51.88 60.15
51.89 60.19
51.9 60.09
51.91 59.87
51.92 59.89
51.93 59.92
51.94 59.99
51.95 60.28
51.96 60.5
51.97 60.6
51.98 60.6
51.99 60.67
52.0 60.59
52.01 60.22
52.02 90.26
52.03 90.56
52.04 60.38
52.05 60.46
52.06 60.57
52.07 60.55
52.08 60.66
52.09 182.41
52.1 60.64
52.11 60.73
52.12 60.69
52.13 60.56
52.14 60.43
52.15 60.27
52.16 60.19
52.17 60.25
52.18 60.42
52.19 60.64
52.2 60.8
52.21 61.02
52.22 61.32
52.23 61.54
52.24 61.6
52.25 61.45
52.26 61.28
52.27 183.58
52.28 181.66
52.29 60.25
52.3 60.21
52.31 180.56
52.32 180.34
52.33 60.24
52.34 60.48
52.35 60.72
52.36 60.8
52.37 60.87
52.38 60.91
52.39 91.41
52.4 91.4
52.41 181.76
52.42 90.68
52.43 90.51
52.44 180.39
52.45 60.24
52.46 60.37
52.47 181.16
52.48 60.84
52.49 182.33
52.5 91.63
52.51 91.74
52.52 182.76
52.53 60.79
52.54 60.74
52.55 60.62
52.56 60.67
52.57 60.81
52.58 60.88
52.59 61.0
52.6 61.23
52.61 61.52
52.62 61.67
52.63 61.69
52.64 61.64
52.65 61.37
52.66 61.09
52.67 61.02
52.68 60.85
52.69 60.52
52.7 60.23
52.71 60.07
52.72 60.01
52.73 59.94
52.74 59.91
52.75 59.9
52.76 179.63
52.77 59.96
52.78 60.03
52.79 60.13
52.8 60.15
52.81 60.08
52.82 60.06
52.83 60.02
52.84 179.49
52.85 178.17
52.86 176.64
52.87 87.54
52.88 86.05
52.89 170.77
52.9 84.63
52.91 84.43
52.92 168.98
52.93 168.95
52.94 168.61
52.95 84.66
52.96 84.49
52.97 83.89
52.98 83.56
52.99 83.47
53.0 166.75
53.01 164.29
53.02 163.08
53.03 163.07
53.04 161.62
53.05 161.9
53.06 161.32
53.07 160.61
53.08 161.79
53.09 80.96
53.1 161.73
53.11 160.01
53.12 154.0
53.13 147.44
53.14 140.94
53.15 110.11
53.16 60.23
53.17 62.72
53.18 61.71
53.19 63.15
53.2 63.59
53.21 62.4
53.22 120.49
53.23 64.13
53.24 62.35
53.25 60.57
53.26 61.09
53.27 61.54
53.28 62.15
53.29 64.58
53.3 64.1
53.31 63.74
53.32 62.82
53.33 61.47
53.34 60.25
53.35 61.04
53.36 63.38
53.37 64.1
53.38 61.62
53.39 60.76
53.4 62.87
53.41 63.37
53.42 60.62
53.43 60.41
53.44 62.31
53.45 63.7
53.46 62.73
53.47 124.13
53.48 61.42
53.49 62.51
53.5 60.93
53.51 61.44
53.52 61.67
53.53 64.27
53.54 65.44
53.55 61.38
53.56 61.35
53.57 61.55
53.58 61.43
53.59 61.08
53.6 114.4
53.61 0.0
53.62 168.05
53.63 150.84
53.64 67.51
53.65 134.18
53.66 133.3
53.67 133.09
53.68 132.75
53.69 133.14
53.7 133.44
53.71 133.47
53.72 133.58
53.73 133.81
53.74 133.91
53.75 133.84
53.76 134.35
53.77 135.29
53.78 135.26
53.79 135.48
53.8 136.86
53.81 136.9
53.82 137.49
53.83 139.98
53.84 140.29
53.85 139.78
53.86 141.03
53.87 141.56
53.88 140.4
53.89 140.39
53.9 140.64
53.91 140.97
53.92 141.31
53.93 141.28
53.94 141.01
53.95 140.44
53.96 140.58
53.97 140.59
53.98 141.0
53.99 141.03
54.0 140.76
54.01 141.47
54.02 142.21
54.03 143.69
54.04 144.95
54.05 144.45
54.06 144.15
54.07 144.65
54.08 144.92
54.09 145.77
54.1 146.14
54.11 146.04
54.12 145.93
54.13 145.69
54.14 145.39
54.15 144.77
54.16 143.96
54.17 144.02
54.18 144.33
54.19 144.24
54.2 144.01
54.21 144.97
54.22 145.71
54.23 146.35
54.24 147.2
54.25 147.31
54.26 147.63
54.27 148.17
54.28 148.37
54.29 147.37
54.3 146.73
54.31 146.55
54.32 146.7
54.33 146.93
54.34 146.99
54.35 146.79
54.36 146.95
54.37 147.54
54.38 147.09
54.39 146.52
54.4 147.36
54.41 148.23
54.42 147.72
54.43 146.95
54.44 146.19
54.45 146.0
54.46 145.33
54.47 145.01
54.48 144.47
54.49 144.43
54.5 144.55
54.51 144.47
54.52 144.69
54.53 144.57
54.54 144.94
54.55 146.54
54.56 146.95
54.57 147.36
54.58 148.22
54.59 148.81
54.6 148.88
54.61 148.03
54.62 146.58
54.63 145.14
54.64 145.74
54.65 146.27
54.66 145.9
54.67 146.27
54.68 146.36
54.69 146.07
54.7 146.33
54.71 72.74
54.72 144.63
54.73 145.38
54.74 145.83
54.75 145.73
54.76 144.47
54.77 72.13
54.78 72.63
54.79 73.42
54.8 73.57
54.81 147.34
54.82 147.93
54.83 148.27
54.84 148.45
54.85 148.32
54.86 149.36
54.87 150.85
54.88 151.95
54.89 151.56
54.9 151.74
54.91 152.5
54.92 152.46
54.93 151.79
54.94 151.2
54.95 151.22
54.96 150.41
54.97 149.2
54.98 148.87
54.99 148.63
55.0 148.45
55.01 147.73
55.02 148.29
55.03 149.12
55.04 148.86
55.05 147.74
55.06 146.9
55.07 146.59
55.08 146.16
55.09 145.99
55.1 145.51
55.11 145.1
55.12 144.95
55.13 144.73
55.14 144.65
55.15 144.58
55.16 144.35
55.17 145.01
55.18 145.39
55.19 145.17
55.2 145.29
55.21 145.19
55.22 145.15
55.23 145.51
55.24 145.7
55.25 145.58
55.26 145.05
55.27 144.77
55.28 144.14
55.29 143.17
55.3 143.46
55.31 143.67
55.32 144.05
55.33 144.84
55.34 144.86
55.35 145.28
55.36 145.33
55.37 144.93
55.38 144.8
55.39 144.84
55.4 144.95
55.41 144.77
55.42 144.4
55.43 144.41
55.44 144.64
55.45 144.41
55.46 144.14
55.47 144.51
55.48 144.94
55.49 144.78
55.5 145.19
55.51 145.58
55.52 145.57
55.53 145.42
55.54 144.82
55.55 144.67
55.56 144.35
55.57 144.25
55.58 144.61
55.59 144.48
55.6 144.42
55.61 144.3
55.62 71.91
55.63 143.65
55.64 143.48
55.65 143.49
55.66 143.28
55.67 143.34
55.68 143.36
55.69 71.95
55.7 71.84
55.71 71.76
55.72 142.68
55.73 143.39
55.74 143.94
55.75 143.76
55.76 143.58
55.77 143.35
55.78 143.15
55.79 143.14
55.8 142.63
55.81 141.64
55.82 140.57
55.83 141.46
55.84 143.11
55.85 143.52
55.86 143.54
55.87 142.96
55.88 142.28
55.89 142.68
55.9 142.73
55.91 141.84
55.92 141.05
55.93 140.53
55.94 140.25
55.95 139.98
55.96 140.37
55.97 140.55
55.98 139.9
55.99 140.12
56.0 140.68
56.01 140.98
56.02 141.56
56.03 141.84
56.04 142.05
56.05 142.15
56.06 141.69
56.07 141.94
56.08 142.34
56.09 142.03
56.1 141.88
56.11 141.69
56.12 141.51
56.13 141.2
56.14 141.17
56.15 140.92
56.16 140.42
56.17 140.15
56.18 139.82
56.19 139.8
56.2 140.2
56.21 140.89
56.22 141.22
56.23 142.16
56.24 142.57
56.25 142.8
56.26 143.59
56.27 143.88
56.28 143.66
56.29 143.02
56.3 142.47
56.31 142.66
56.32 142.87
56.33 142.71
56.34 142.48
56.35 142.17
56.36 143.04
56.37 143.64
56.38 143.8
56.39 143.75
56.4 143.06
56.41 142.65
56.42 142.37
56.43 141.98
56.44 142.13
56.45 142.09
56.46 70.61
56.47 140.97
56.48 141.55
56.49 142.07
56.5 142.24
56.51 142.25
56.52 141.6
56.53 140.82
56.54 141.11
56.55 70.51
56.56 70.39
56.57 140.85
56.58 141.21
56.59 141.81
56.6 71.06
56.61 71.08
56.62 141.83
56.63 141.84
56.64 141.75
56.65 141.75
56.66 141.51
56.67 141.19
56.68 140.88
56.69 140.17
56.7 139.89
56.71 140.15
56.72 140.09
56.73 139.71
56.74 140.19
56.75 140.3
56.76 139.77
56.77 139.7
56.78 138.35
56.79 136.0
56.8 135.75
56.81 136.1
56.82 137.1
56.83 139.59
56.84 140.63
56.85 140.95
56.86 141.39
56.87 140.83
56.88 140.49
56.89 70.3
56.9 70.41
56.91 140.34
56.92 141.22
56.93 141.97
56.94 143.02
56.95 143.94
56.96 144.4
56.97 72.47
56.98 145.29
56.99 144.83
57.0 143.65
57.01 142.11
57.02 141.49
57.03 141.8
57.04 142.1
57.05 142.66
57.06 143.44
57.07 144.26
57.08 144.88
57.09 145.43
57.1 146.1
57.11 145.4
57.12 144.56
57.13 144.96
57.14 145.21
57.15 145.42
57.16 145.6
57.17 145.59
57.18 145.75
57.19 145.76
57.2 145.61
57.21 145.61
57.22 144.96
57.23 144.71
57.24 145.35
57.25 145.76
57.26 145.88
57.27 145.97
57.28 146.39
57.29 146.45
57.3 146.39
57.31 146.51
57.32 146.77
57.33 146.99
57.34 146.98
57.35 146.6
57.36 146.34
57.37 72.95
57.38 72.74
57.39 72.52
57.4 144.63
57.41 144.55
57.42 144.14
57.43 144.47
57.44 145.55
57.45 145.63
57.46 72.97
57.47 72.91
57.48 72.82
57.49 72.85
57.5 72.86
57.51 72.94
57.52 73.0
57.53 72.86
57.54 72.66
57.55 72.38
57.56 72.15
57.57 144.41
57.58 144.8
57.59 144.53
57.6 144.56
57.61 144.77
57.62 144.86
57.63 145.55
57.64 145.95
57.65 145.69
57.66 145.69
57.67 145.42
57.68 145.51
57.69 145.7
57.7 145.35
57.71 145.19
57.72 145.53
57.73 145.67
57.74 145.52
57.75 144.91
57.76 144.47
57.77 144.44
57.78 144.28
57.79 143.72
57.8 142.49
57.81 140.61
57.82 137.1
57.83 132.1
57.84 125.8
57.85 99.33
57.86 114.7
57.87 63.89
57.88 62.69
57.89 61.14
57.9 64.66
57.91 61.57
57.92 114.71
57.93 62.08
57.94 62.1
57.95 60.96
57.96 61.91
57.97 64.51
57.98 64.34
57.99 60.25
58.0 113.46
58.01 61.52
58.02 64.25
58.03 62.97
58.04 61.83
58.05 61.73
58.06 62.65
58.07 119.25
58.08 119.85
58.09 62.71
58.1 63.62
58.11 61.5
58.12 61.67
58.13 63.27
58.14 63.53
58.15 60.63
58.16 59.98
58.17 60.12
58.18 118.42
58.19 63.98
58.2 61.25
58.21 60.38
58.22 128.35
58.23 62.76
58.24 61.29
58.25 64.07
58.26 65.03
58.27 0.0
58.28 112.51
58.29 111.95
58.3 0.0
58.31 69.44
58.32 65.66
58.33 103.53
58.34 0.0
58.35 0.0
58.36 61.51
58.37 65.58
58.38 65.17
58.39 62.71
58.4 63.73
58.41 137.28
58.42 143.52
58.43 124.76
58.44 124.31
58.45 126.15
58.46 128.96
58.47 131.9
58.48 134.57
58.49 137.45
58.5 140.59
58.51 143.07
58.52 144.87
58.53 147.49
58.54 149.81
58.55 151.28
58.56 152.98
58.57 155.23
58.58 156.83
58.59 157.8
58.6 158.66
58.61 159.86
58.62 160.92
58.63 162.41
58.64 163.18
58.65 163.45
58.66 163.97
58.67 164.3
58.68 164.82
58.69 165.14
58.7 164.96
58.71 164.95
58.72 165.02
58.73 164.93
58.74 165.15
58.75 165.16
58.76 165.09
58.77 165.36
58.78 165.31
58.79 165.05
58.8 165.02
58.81 164.63
58.82 164.08
58.83 164.0
58.84 163.92
58.85 163.8
58.86 163.65
58.87 163.18
58.88 162.84
58.89 162.62
58.9 162.44
58.91 162.48
58.92 162.56
58.93 162.61
58.94 162.86
58.95 162.51
58.96 162.83
58.97 163.42
58.98 163.33
58.99 163.64
59.0 163.5
59.01 163.58
59.02 164.04
59.03 164.26
59.04 164.66
59.05 164.6
59.06 164.5
59.07 164.36
59.08 162.59
59.09 160.42
59.1 157.03
59.11 155.48
59.12 156.27
59.13 156.4
59.14 156.27
59.15 157.21
59.16 158.19
59.17 158.25
59.18 158.7
59.19 158.7
59.2 158.14
59.21 158.6
59.22 159.0
59.23 79.83
59.24 79.77
59.25 159.4
59.26 159.45
59.27 159.75
59.28 159.79
59.29 80.04
59.3 160.38
59.31 159.79
59.32 159.65
59.33 80.29
59.34 160.31
59.35 160.13
59.36 160.54
59.37 159.97
59.38 79.85
59.39 159.94
59.4 159.83
59.41 160.12
59.42 160.52
59.43 160.22
59.44 160.69
59.45 161.06
59.46 161.93
59.47 163.19
59.48 163.42
59.49 163.53
59.5 163.47
59.51 162.19
59.52 161.54
59.53 161.21
59.54 160.78
59.55 160.97
59.56 160.78
59.57 160.71
59.58 161.17
59.59 161.07
59.6 161.14
59.61 161.28
59.62 161.05
59.63 161.06
59.64 80.63
59.65 160.78
59.66 160.48
59.67 160.64
59.68 160.56
59.69 160.46
59.7 160.15
59.71 160.58
59.72 160.77
59.73 160.37
59.74 161.29
59.75 80.79
59.76 161.42
59.77 162.26
59.78 161.71
59.79 160.71
59.8 160.72
59.81 160.06
59.82 159.96
59.83 160.3
59.84 160.22
59.85 161.08
59.86 161.21
59.87 160.67
59.88 161.42
59.89 161.16
59.9 160.65
59.91 161.73
59.92 161.05
59.93 160.24
59.94 159.41
59.95 157.21
59.96 155.13
59.97 151.97
59.98 146.54
59.99 137.73
60.0 131.58
60.01 123.0
60.02 122.15
60.03 120.11
60.04 120.54
60.05 123.1
60.06 125.12
60.07 130.3
60.08 136.27
60.09 142.0
60.1 146.02
60.11 152.52
60.12 158.09
60.13 163.33
60.14 169.32
60.15 86.72
60.16 88.2
60.17 178.36
60.18 59.95
60.19 179.52
60.2 178.72
60.21 179.12
60.22 178.0
60.23 177.61
60.24 89.35
60.25 89.53
60.26 178.63
60.27 178.48
60.28 89.18
60.29 178.09
60.3 178.25
60.31 177.58
60.32 177.59
60.33 178.52
60.34 178.68
60.35 178.82
60.36 179.53
60.37 180.27
60.38 181.32
60.39 182.56
60.4 182.77
60.41 183.23
60.42 182.7
60.43 182.43
60.44 183.05
60.45 182.85
60.46 182.5
60.47 181.38
60.48 180.1
60.49 178.84
60.5 178.7
60.51 179.22
60.52 179.83
60.53 180.53
60.54 181.41
60.55 182.76
60.56 183.45
60.57 184.85
60.58 185.52
60.59 185.01
60.6 184.36
60.61 183.33
60.62 183.06
60.63 182.19
60.64 181.27
60.65 181.03
60.66 181.01
60.67 181.66
60.68 181.63
60.69 181.87
60.7 181.39
60.71 60.64
60.72 60.83
60.73 182.38
60.74 183.54
60.75 183.52
60.76 183.83
60.77 184.04
60.78 183.11
60.79 183.96
60.8 184.7
60.81 185.12
60.82 184.52
60.83 183.93
60.84 183.71
60.85 182.91
60.86 60.9
60.87 60.81
60.88 182.12
60.89 181.7
60.9 182.2
60.91 183.49
60.92 92.42
60.93 185.46
60.94 186.24
60.95 186.44
60.96 61.91
60.97 184.81
60.98 184.74
60.99 184.4
61.0 184.25
61.01 61.47
61.02 61.51
61.03 61.63
61.04 61.55
61.05 61.41
61.06 61.35
61.07 61.21
61.08 61.25
61.09 61.33
61.1 61.32
61.11 61.34
61.12 183.45
61.13 183.77
61.14 61.62
61.15 61.82
61.16 61.86
61.17 61.9
61.18 92.75
61.19 61.46
61.2 92.23
61.21 91.57
61.22 181.71
61.23 61.07
61.24 60.86
61.25 61.11
61.26 91.63
61.27 182.82
61.28 183.16
61.29 182.95
61.3 183.5
61.31 183.57
61.32 183.09
61.33 183.13
61.34 182.69
61.35 60.95
61.36 60.94
61.37 182.8
61.38 183.43
61.39 182.88
61.4 61.14
61.41 182.69
61.42 183.42
61.43 60.62
61.44 180.67
61.45 181.17
61.46 181.51
61.47 181.77
61.48 181.44
61.49 181.52
61.5 181.0
61.51 181.64
61.52 181.77
61.53 182.24
61.54 182.93
61.55 182.61
61.56 183.97
61.57 183.97
61.58 184.21
61.59 183.5
61.6 181.93
61.61 181.48
61.62 180.83
61.63 181.23
61.64 180.7
61.65 180.18
61.66 178.21
61.67 176.46
61.68 174.36
61.69 172.18
61.7 167.41
61.71 161.07
61.72 154.52
61.73 147.93
61.74 140.44
61.75 135.04
61.76 128.38
61.77 123.34
61.78 117.76
61.79 113.62
61.8 111.45
61.81 108.83
61.82 106.76
61.83 104.07
61.84 101.42
61.85 103.77
61.86 62.16
61.87 61.4
61.88 62.87
61.89 65.06
61.9 63.98
61.91 60.03
61.92 61.33
61.93 69.15
61.94 146.98
61.95 0.0
61.96 121.23
61.97 124.85
61.98 60.21
61.99 62.55
62.0 64.43
62.01 68.78
62.02 71.45
62.03 144.38
62.04 133.62
62.05 59.72
62.06 102.61
62.07 143.15
62.08 70.14
62.09 65.99
62.1 129.44
62.11 86.42
62.12 102.16
62.13 60.72
62.14 63.73
62.15 62.77
62.16 0.0
62.17 61.3
62.18 66.88
62.19 0.0
62.2 64.43
62.21 66.05
62.22 151.19
62.23 124.33
62.24 59.87
62.25 60.83
62.26 64.59
62.27 69.82
62.28 94.7
62.29 102.48
62.3 0.0
62.31 0.0
62.32 61.32
62.33 63.49
62.34 68.7
62.35 0.0
62.36 0.0
62.37 133.29
62.38 0.0
62.39 64.16
62.4 0.0
62.41 62.41
62.42 62.42
62.43 62.43
62.44 62.44
62.45 62.45
