0.0 0.0
0.01 0.0
0.02 66.69
0.03 72.34
0.04 0.0
0.05 0.0
0.06 0.0
0.07 85.96
0.08 0.0
0.09 0.0
0.1 0.0
0.11 0.0
0.12 0.0
0.13 0.0
0.14 0.0
0.15 0.0
0.16 0.0
0.17 0.0
0.18 0.0
0.19 0.0
0.2 0.0
0.21 0.0
0.22 0.0
0.23 0.0
0.24 0.0
0.25 0.0
0.26 0.0
0.27 0.0
0.28 0.0
0.29 0.0
0.3 0.0
0.31 0.0
0.32 0.0
0.33 0.0
0.34 0.0
0.35 0.0
0.36 0.0
0.37 0.0
0.38 0.0
0.39 0.0
0.4 0.0
0.41 0.0
0.42 0.0
0.43 0.0
0.44 0.0
0.45 0.0
0.46 0.0
0.47 0.0
0.48 0.0
0.49 0.0
0.5 0.0
0.51 0.0
0.52 0.0
0.53 0.0
0.54 0.0
0.55 0.0
0.56 0.0
0.57 0.0
0.58 0.0
0.59 0.0
0.6 0.0
0.61 0.0
0.62 0.0
0.63 0.0
0.64 0.0
0.65 0.0
0.66 0.0
0.67 0.0
0.68 0.0
0.69 0.0
0.7 0.0
0.71 0.0
0.72 0.0
0.73 0.0
0.74 0.0
0.75 0.0
0.76 0.0
0.77 0.0
0.78 0.0
0.79 0.0
0.8 0.0
0.81 0.0
0.82 0.0
0.83 0.0
0.84 0.0
0.85 0.0
0.86 0.0
0.87 0.0
0.88 0.0
0.89 0.0
0.9 0.0
0.91 0.0
0.92 0.0
0.93 0.0
0.94 0.0
0.95 0.0
0.96 0.0
0.97 0.0
0.98 0.0
0.99 0.0
1.0 0.0
1.01 0.0
1.02 0.0
1.03 0.0
1.04 0.0
1.05 0.0
1.06 0.0
1.07 0.0
1.08 0.0
1.09 0.0
1.1 0.0
1.11 0.0
1.12 0.0
1.13 0.0
1.14 65.56
1.15 65.96
1.16 0.0
1.17 0.0
1.18 0.0
1.19 0.0
1.2 0.0
1.21 0.0
1.22 0.0
1.23 0.0
1.24 0.0
1.25 0.0
1.26 0.0
1.27 0.0
1.28 0.0
1.29 0.0
1.3 0.0
1.31 0.0
1.32 0.0
1.33 0.0
1.34 0.0
1.35 0.0
1.36 0.0
1.37 62.01
1.38 0.0
1.39 0.0
1.4 0.0
1.41 0.0
1.42 0.0
1.43 0.0
1.44 0.0
1.45 0.0
1.46 85.08
1.47 0.0
1.48 0.0
1.49 0.0
1.5 0.0
1.51 0.0
1.52 0.0
1.53 0.0
1.54 0.0
1.55 0.0
1.56 0.0
1.57 0.0
1.58 0.0
1.59 0.0
1.6 0.0
1.61 0.0
1.62 0.0
1.63 0.0
1.64 0.0
1.65 0.0
1.66 0.0
1.67 0.0
1.68 0.0
1.69 0.0
1.7 0.0
1.71 0.0
1.72 0.0
1.73 0.0
1.74 0.0
1.75 0.0
1.76 0.0
1.77 0.0
1.78 0.0
1.79 0.0
1.8 0.0
1.81 0.0
1.82 0.0
1.83 0.0
1.84 0.0
1.85 0.0
1.86 0.0
1.87 0.0
1.88 0.0
1.89 0.0
1.9 0.0
1.91 0.0
1.92 0.0
1.93 0.0
1.94 0.0
1.95 0.0
1.96 0.0
1.97 0.0
1.98 0.0
1.99 0.0
2.0 0.0
2.01 0.0
2.02 0.0
2.03 0.0
2.04 0.0
2.05 0.0
2.06 0.0
2.07 0.0
2.08 0.0
2.09 0.0
2.1 0.0
2.11 0.0
2.12 0.0
2.13 0.0
2.14 0.0
2.15 0.0
2.16 0.0
2.17 0.0
2.18 0.0
2.19 0.0
2.2 0.0
2.21 0.0
2.22 0.0
2.23 0.0
2.24 0.0
2.25 0.0
2.26 0.0
2.27 0.0
2.28 0.0
2.29 0.0
2.3 0.0
2.31 0.0
2.32 0.0
2.33 0.0
2.34 0.0
2.35 0.0
2.36 0.0
2.37 0.0
2.38 0.0
2.39 0.0
2.4 0.0
2.41 0.0
2.42 0.0
2.43 0.0
2.44 0.0
2.45 0.0
2.46 0.0
2.47 0.0
2.48 0.0
2.49 0.0
2.5 0.0
2.51 0.0
2.52 0.0
2.53 0.0
2.54 0.0
2.55 0.0
2.56 0.0
2.57 0.0
2.58 60.8
2.59 0.0
2.6 0.0
2.61 60.81
2.62 60.87
2.63 60.87
2.64 60.86
2.65 61.15
2.66 61.47
2.67 0.0
2.68 0.0
2.69 61.95
2.7 62.2
2.71 1845.09
2.72 1618.39
2.73 61.63
2.74 61.54
2.75 0.0
2.76 0.0
2.77 0.0
2.78 0.0
2.79 61.12
2.8 60.89
2.81 53.12
2.82 61.06
2.83 0.0
2.84 0.0
2.85 0.0
2.86 0.0
2.87 0.0
2.88 0.0
2.89 1374.45
2.9 1128.77
2.91 1553.29
2.92 1661.64
2.93 0.0
2.94 0.0
2.95 1158.8
2.96 1346.4
2.97 56.32
2.98 62.44
2.99 1324.52
3.0 62.85
3.01 62.61
3.02 1260.04
3.03 1244.19
3.04 0.0
3.05 0.0
3.06 0.0
3.07 62.28
3.08 62.45
3.09 62.43
3.1 62.77
3.11 60.04
3.12 1362.86
3.13 1724.91
3.14 0.0
3.15 0.0
3.16 0.0
3.17 0.0
3.18 0.0
3.19 0.0
3.2 0.0
3.21 0.0
3.22 0.0
3.23 0.0
3.24 0.0
3.25 0.0
3.26 0.0
3.27 0.0
3.28 0.0
3.29 0.0
3.3 0.0
3.31 0.0
3.32 0.0
3.33 0.0
3.34 0.0
3.35 61.72
3.36 61.76
3.37 61.65
3.38 61.66
3.39 61.87
3.4 61.93
3.41 61.6
3.42 1508.42
3.43 1462.66
3.44 1076.48
3.45 0.0
3.46 0.0
3.47 63.62
3.48 61.85
3.49 0.0
3.5 0.0
3.51 0.0
3.52 0.0
3.53 0.0
3.54 0.0
3.55 0.0
3.56 0.0
3.57 0.0
3.58 0.0
3.59 0.0
3.6 0.0
3.61 0.0
3.62 0.0
3.63 0.0
3.64 0.0
3.65 0.0
3.66 0.0
3.67 0.0
3.68 0.0
3.69 0.0
3.7 0.0
3.71 0.0
3.72 0.0
3.73 0.0
3.74 0.0
3.75 0.0
3.76 61.84
3.77 61.86
3.78 61.49
3.79 567.25
3.8 576.51
3.81 61.82
3.82 576.53
3.83 572.88
3.84 571.03
3.85 570.0
3.86 578.29
3.87 571.25
3.88 564.36
3.89 571.15
3.9 574.02
3.91 573.85
3.92 574.35
3.93 61.96
3.94 61.84
3.95 568.96
3.96 566.12
3.97 567.54
3.98 564.27
3.99 565.89
4.0 564.06
4.01 564.44
4.02 61.95
4.03 61.43
4.04 287.86
4.05 0.0
4.06 0.0
4.07 61.1
4.08 0.0
4.09 0.0
4.1 0.0
4.11 0.0
4.12 0.0
4.13 0.0
4.14 0.0
4.15 0.0
4.16 0.0
4.17 0.0
4.18 0.0
4.19 0.0
4.2 0.0
4.21 0.0
4.22 0.0
4.23 0.0
4.24 0.0
4.25 0.0
4.26 0.0
4.27 0.0
4.28 0.0
4.29 0.0
4.3 0.0
4.31 0.0
4.32 0.0
4.33 0.0
4.34 0.0
4.35 0.0
4.36 0.0
4.37 0.0
4.38 0.0
4.39 0.0
4.4 0.0
4.41 0.0
4.42 0.0
4.43 0.0
4.44 0.0
4.45 0.0
4.46 0.0
4.47 0.0
4.48 0.0
4.49 0.0
4.5 0.0
4.51 0.0
4.52 0.0
4.53 0.0
4.54 0.0
4.55 0.0
4.56 0.0
4.57 0.0
4.58 0.0
4.59 0.0
4.6 0.0
4.61 0.0
4.62 0.0
4.63 0.0
4.64 121.32
4.65 0.0
4.66 0.0
4.67 0.0
4.68 0.0
4.69 0.0
4.7 0.0
4.71 0.0
4.72 0.0
4.73 0.0
4.74 0.0
4.75 0.0
4.76 71.26
4.77 0.0
4.78 0.0
4.79 0.0
4.8 0.0
4.81 0.0
4.82 0.0
4.83 0.0
4.84 0.0
4.85 0.0
4.86 0.0
4.87 0.0
4.88 0.0
4.89 0.0
4.9 0.0
4.91 0.0
4.92 0.0
4.93 0.0
4.94 0.0
4.95 0.0
4.96 0.0
4.97 0.0
4.98 0.0
4.99 257.11
5.0 61.95
5.01 63.17
5.02 246.72
5.03 0.0
5.04 0.0
5.05 0.0
5.06 0.0
5.07 0.0
5.08 0.0
5.09 0.0
5.1 0.0
5.11 0.0
5.12 0.0
5.13 0.0
5.14 0.0
5.15 0.0
5.16 0.0
5.17 0.0
5.18 0.0
5.19 60.23
5.2 0.0
5.21 0.0
5.22 0.0
5.23 0.0
5.24 0.0
5.25 0.0
5.26 0.0
5.27 0.0
5.28 0.0
5.29 0.0
5.3 0.0
5.31 0.0
5.32 0.0
5.33 0.0
5.34 0.0
5.35 0.0
5.36 0.0
5.37 0.0
5.38 0.0
5.39 0.0
5.4 0.0
5.41 0.0
5.42 0.0
5.43 0.0
5.44 0.0
5.45 0.0
5.46 0.0
5.47 0.0
5.48 0.0
5.49 0.0
5.5 0.0
5.51 0.0
5.52 0.0
5.53 0.0
5.54 0.0
5.55 0.0
5.56 0.0
5.57 0.0
5.58 0.0
5.59 0.0
5.6 0.0
5.61 65.46
5.62 0.0
5.63 0.0
5.64 0.0
5.65 0.0
5.66 0.0
5.67 0.0
5.68 0.0
5.69 0.0
5.7 70.3
5.71 0.0
5.72 0.0
5.73 0.0
5.74 0.0
5.75 0.0
5.76 0.0
5.77 0.0
5.78 0.0
5.79 0.0
5.8 0.0
5.81 0.0
5.82 0.0
5.83 0.0
5.84 0.0
5.85 0.0
5.86 0.0
5.87 0.0
5.88 0.0
5.89 0.0
5.9 65.68
5.91 64.78
5.92 65.34
5.93 0.0
5.94 0.0
5.95 0.0
5.96 0.0
5.97 0.0
5.98 72.38
5.99 0.0
6.0 65.21
6.01 60.12
6.02 64.52
6.03 0.0
6.04 313.74
6.05 325.61
6.06 339.89
6.07 354.22
6.08 60.21
6.09 224.31
6.1 68.72
6.11 69.68
6.12 262.18
6.13 76.23
6.14 0.0
6.15 0.0
6.16 262.27
6.17 233.8
6.18 225.82
6.19 217.31
6.2 206.81
6.21 202.08
6.22 201.32
6.23 202.64
6.24 204.73
6.25 207.43
6.26 210.94
6.27 215.08
6.28 220.06
6.29 224.32
6.3 230.14
6.31 237.28
6.32 240.94
6.33 243.68
6.34 247.26
6.35 250.82
6.36 253.55
6.37 256.91
6.38 261.07
6.39 266.09
6.4 271.96
6.41 279.46
6.42 285.96
6.43 290.09
6.44 294.34
6.45 299.07
6.46 303.12
6.47 306.78
6.48 310.22
6.49 312.76
6.5 314.13
6.51 314.68
6.52 315.31
6.53 315.98
6.54 317.58
6.55 318.39
6.56 317.06
6.57 315.0
6.58 312.93
6.59 311.31
6.6 309.19
6.61 305.88
6.62 301.94
6.63 298.35
6.64 295.99
6.65 294.28
6.66 293.51
6.67 294.05
6.68 294.74
6.69 296.2
6.7 295.8
6.71 289.5
6.72 286.8
6.73 293.31
6.74 303.15
6.75 311.16
6.76 318.52
6.77 322.14
6.78 318.42
6.79 310.37
6.8 303.44
6.81 298.65
6.82 295.83
6.83 296.68
6.84 300.85
6.85 306.48
6.86 311.43
6.87 315.03
6.88 317.15
6.89 315.62
6.9 311.37
6.91 306.45
6.92 302.15
6.93 299.77
6.94 299.62
6.95 301.16
6.96 302.85
6.97 304.1
6.98 305.82
6.99 307.41
7.0 307.6
7.01 307.53
7.02 307.58
7.03 307.44
7.04 307.08
7.05 306.52
7.06 305.96
7.07 305.58
7.08 305.74
7.09 306.2
7.1 306.96
7.11 307.55
7.12 308.49
7.13 309.69
7.14 310.44
7.15 309.99
7.16 305.47
7.17 304.23
7.18 305.27
7.19 303.43
7.2 302.83
7.21 303.86
7.22 304.56
7.23 306.51
7.24 308.2
7.25 308.27
7.26 307.48
7.27 307.21
7.28 308.43
7.29 310.04
7.3 311.47
7.31 312.47
7.32 311.67
7.33 309.88
7.34 307.5
7.35 305.72
7.36 306.27
7.37 308.08
7.38 310.58
7.39 314.09
7.4 316.74
7.41 317.41
7.42 316.18
7.43 313.64
7.44 311.71
7.45 312.32
7.46 313.13
7.47 312.49
7.48 311.64
7.49 310.7
7.5 309.65
7.51 309.01
7.52 307.47
7.53 303.71
7.54 296.68
7.55 286.72
7.56 274.08
7.57 259.48
7.58 244.65
7.59 231.69
7.6 218.9
7.61 206.58
7.62 195.08
7.63 187.73
7.64 177.68
7.65 184.93
7.66 261.01
7.67 248.0
7.68 266.75
7.69 292.39
7.7 301.59
7.71 301.89
7.72 299.74
7.73 296.0
7.74 290.45
7.75 287.87
7.76 289.74
7.77 293.95
7.78 297.98
7.79 299.95
7.8 300.47
7.81 301.69
7.82 304.28
7.83 306.04
7.84 305.68
7.85 303.85
7.86 302.1
7.87 301.07
7.88 301.31
7.89 303.35
7.9 306.56
7.91 309.43
7.92 311.49
7.93 313.73
7.94 315.79
7.95 316.6
7.96 316.6
7.97 315.35
7.98 312.46
7.99 308.91
8.0 305.09
8.01 301.4
8.02 299.16
8.03 298.27
8.04 295.36
8.05 284.39
8.06 265.39
8.07 241.1
8.08 217.72
8.09 196.58
8.1 174.66
8.11 151.01
8.12 199.32
8.13 308.18
8.14 144.64
8.15 294.15
8.16 329.83
8.17 285.96
8.18 285.87
8.19 283.72
8.2 279.45
8.21 278.18
8.22 280.31
8.23 283.1
8.24 286.66
8.25 290.21
8.26 294.07
8.27 298.23
8.28 301.41
8.29 303.07
8.3 304.32
8.31 304.61
8.32 303.99
8.33 302.93
8.34 300.81
8.35 296.58
8.36 292.13
8.37 291.66
8.38 294.44
8.39 298.35
8.4 302.54
8.41 305.94
8.42 307.2
8.43 305.51
8.44 303.37
8.45 301.51
8.46 299.5
8.47 297.84
8.48 297.0
8.49 297.43
8.5 299.24
8.51 300.56
8.52 297.5
8.53 294.37
8.54 297.75
8.55 304.66
8.56 311.3
8.57 315.45
8.58 316.92
8.59 312.18
8.6 306.88
8.61 303.33
8.62 301.09
8.63 300.15
8.64 300.55
8.65 302.21
8.66 303.5
8.67 303.53
8.68 303.63
8.69 304.14
8.7 304.41
8.71 304.09
8.72 303.29
8.73 302.21
8.74 300.46
8.75 298.89
8.76 298.32
8.77 298.59
8.78 299.92
8.79 301.86
8.8 303.37
8.81 304.63
8.82 306.15
8.83 307.69
8.84 309.08
8.85 309.43
8.86 309.04
8.87 308.47
8.88 307.74
8.89 307.49
8.9 307.63
8.91 307.24
8.92 306.51
8.93 305.01
8.94 300.83
8.95 300.08
8.96 301.05
8.97 301.6
8.98 302.49
8.99 303.77
9.0 308.07
9.01 310.18
9.02 307.79
9.03 307.34
9.04 306.92
9.05 305.88
9.06 304.44
9.07 303.46
9.08 303.49
9.09 303.5
9.1 303.07
9.11 303.11
9.12 304.21
9.13 306.61
9.14 309.36
9.15 311.02
9.16 312.27
9.17 313.69
9.18 314.95
9.19 315.86
9.2 316.04
9.21 315.28
9.22 313.84
9.23 311.62
9.24 309.4
9.25 308.32
9.26 307.99
9.27 308.25
9.28 307.64
9.29 304.72
9.3 300.25
9.31 294.37
9.32 285.02
9.33 270.75
9.34 254.87
9.35 239.29
9.36 225.73
9.37 216.71
9.38 209.48
9.39 215.07
9.4 265.86
9.41 333.4
9.42 325.37
9.43 323.95
9.44 321.05
9.45 315.14
9.46 307.6
9.47 301.6
9.48 300.01
9.49 301.29
9.5 303.05
9.51 303.96
9.52 304.32
9.53 305.65
9.54 307.25
9.55 307.87
9.56 308.47
9.57 308.64
9.58 307.54
9.59 305.37
9.6 303.31
9.61 301.79
9.62 300.43
9.63 299.92
9.64 300.18
9.65 300.74
9.66 301.56
9.67 302.51
9.68 303.16
9.69 303.3
9.7 303.79
9.71 305.84
9.72 308.72
9.73 310.48
9.74 310.4
9.75 309.6
9.76 308.47
9.77 306.33
9.78 303.98
9.79 302.88
9.8 303.99
9.81 305.99
9.82 306.86
9.83 306.49
9.84 305.92
9.85 305.92
9.86 306.36
9.87 307.73
9.88 310.19
9.89 311.7
9.9 311.85
9.91 311.64
9.92 311.41
9.93 310.84
9.94 309.96
9.95 309.17
9.96 308.5
9.97 308.61
9.98 309.56
9.99 309.78
10.0 308.42
10.01 307.14
10.02 307.42
10.03 308.04
10.04 308.57
10.05 309.53
10.06 310.96
10.07 312.06
10.08 311.82
10.09 310.83
10.1 310.14
10.11 309.94
10.12 310.03
10.13 310.12
10.14 310.27
10.15 310.67
10.16 311.13
10.17 311.15
10.18 310.49
10.19 310.49
10.2 311.45
10.21 311.69
10.22 310.22
10.23 308.69
10.24 308.71
10.25 309.82
10.26 310.2
10.27 309.35
10.28 308.47
10.29 308.59
10.3 309.27
10.31 309.03
10.32 308.44
10.33 308.85
10.34 309.0
10.35 308.49
10.36 308.07
10.37 308.09
10.38 308.06
10.39 307.62
10.4 307.43
10.41 307.88
10.42 309.31
10.43 311.52
10.44 313.97
10.45 315.57
10.46 315.9
10.47 315.71
10.48 315.48
10.49 315.59
10.5 315.71
10.51 314.82
10.52 313.12
10.53 312.24
10.54 311.43
10.55 309.1
10.56 306.32
10.57 304.63
10.58 303.64
10.59 302.52
10.6 302.01
10.61 301.55
10.62 300.3
10.63 299.84
10.64 301.64
10.65 301.54
10.66 290.25
10.67 276.84
10.68 263.31
10.69 253.77
10.7 243.24
10.71 232.69
10.72 230.91
10.73 231.76
10.74 234.61
10.75 240.06
10.76 246.69
10.77 252.0
10.78 256.95
10.79 261.33
10.8 265.2
10.81 267.32
10.82 266.55
10.83 263.82
10.84 259.6
10.85 255.56
10.86 251.01
10.87 247.21
10.88 243.7
10.89 242.26
10.9 242.03
10.91 242.37
10.92 243.02
10.93 242.64
10.94 241.69
10.95 241.15
10.96 240.99
10.97 241.3
10.98 242.02
10.99 242.6
11.0 242.43
11.01 242.43
11.02 243.63
11.03 244.89
11.04 246.37
11.05 247.96
11.06 250.12
11.07 252.38
11.08 254.86
11.09 258.23
11.1 261.72
11.11 263.51
11.12 262.25
11.13 260.05
11.14 258.66
11.15 261.69
11.16 267.03
11.17 269.01
11.18 268.92
11.19 272.8
11.2 276.04
11.21 269.92
11.22 259.68
11.23 250.14
11.24 240.82
11.25 240.84
11.26 241.69
11.27 243.13
11.28 245.81
11.29 250.08
11.3 253.46
11.31 257.06
11.32 260.35
11.33 261.8
11.34 261.46
11.35 260.7
11.36 260.75
11.37 261.83
11.38 263.1
11.39 264.2
11.4 265.45
11.41 267.07
11.42 269.17
11.43 270.8
11.44 270.83
11.45 270.58
11.46 270.18
11.47 269.5
11.48 268.8
11.49 269.34
11.5 270.25
11.51 271.33
11.52 272.58
11.53 273.21
11.54 272.45
11.55 271.96
11.56 272.92
11.57 274.05
11.58 275.07
11.59 275.37
11.6 275.53
11.61 276.49
11.62 278.2
11.63 279.53
11.64 280.36
11.65 280.67
11.66 280.44
11.67 280.49
11.68 281.6
11.69 282.37
11.7 281.62
11.71 281.12
11.72 281.5
11.73 281.49
11.74 281.27
11.75 280.77
11.76 280.19
11.77 279.81
11.78 279.64
11.79 279.38
11.8 278.26
11.81 276.93
11.82 276.61
11.83 277.94
11.84 279.96
11.85 281.21
11.86 281.95
11.87 282.69
11.88 282.15
11.89 279.88
11.9 276.87
11.91 273.93
11.92 272.7
11.93 273.68
11.94 274.85
11.95 275.05
11.96 275.91
11.97 276.38
11.98 273.24
11.99 271.39
12.0 270.09
12.01 264.55
12.02 257.39
12.03 256.0
12.04 254.48
12.05 247.34
12.06 235.44
12.07 229.61
12.08 218.75
12.09 205.18
12.1 207.23
12.11 262.77
12.12 279.55
12.13 274.93
12.14 265.27
12.15 259.38
12.16 256.86
12.17 257.55
12.18 262.18
12.19 264.82
12.2 263.02
12.21 261.14
12.22 261.64
12.23 263.74
12.24 265.97
12.25 266.99
12.26 267.27
12.27 267.82
12.28 268.73
12.29 268.93
12.3 268.22
12.31 268.21
12.32 268.86
12.33 269.5
12.34 270.39
12.35 270.94
12.36 270.4
12.37 269.5
12.38 269.05
12.39 269.65
12.4 271.5
12.41 273.52
12.42 274.5
12.43 273.47
12.44 271.38
12.45 268.82
12.46 266.59
12.47 265.24
12.48 264.97
12.49 264.79
12.5 265.77
12.51 268.58
12.52 271.7
12.53 274.22
12.54 276.18
12.55 276.62
12.56 275.59
12.57 273.63
12.58 270.73
12.59 268.55
12.6 264.3
12.61 250.82
12.62 233.58
12.63 226.06
12.64 0.0
12.65 0.0
12.66 98.05
12.67 195.43
12.68 367.7
12.69 60.81
12.7 0.0
12.71 59.65
12.72 63.91
12.73 67.21
12.74 73.49
12.75 162.99
12.76 142.25
12.77 92.55
12.78 225.15
12.79 0.0
12.8 0.0
12.81 0.0
12.82 0.0
12.83 0.0
12.84 0.0
12.85 74.48
12.86 68.76
12.87 0.0
12.88 0.0
12.89 0.0
12.9 106.24
12.91 0.0
12.92 0.0
12.93 0.0
12.94 0.0
12.95 0.0
12.96 0.0
12.97 0.0
12.98 0.0
12.99 0.0
13.0 494.22
13.01 572.5
13.02 286.55
13.03 0.0
13.04 0.0
13.05 18.18
13.06 276.92
13.07 0.0
13.08 0.0
13.09 0.0
13.1 0.0
13.11 0.0
13.12 0.0
13.13 1882.17
13.14 68.21
13.15 0.0
13.16 365.04
13.17 311.35
13.18 291.86
13.19 289.11
13.2 284.32
13.21 269.15
13.22 262.72
13.23 260.82
13.24 259.48
13.25 258.43
13.26 257.96
13.27 258.81
13.28 259.81
13.29 260.11
13.3 259.36
13.31 258.32
13.32 258.85
13.33 259.8
13.34 262.04
13.35 265.08
13.36 268.42
13.37 271.26
13.38 273.69
13.39 275.94
13.4 278.3
13.41 279.92
13.42 281.86
13.43 285.55
13.44 289.89
13.45 293.72
13.46 296.25
13.47 298.12
13.48 299.52
13.49 301.42
13.5 303.46
13.51 305.11
13.52 307.08
13.53 616.71
13.54 309.74
13.55 310.74
13.56 311.81
13.57 312.4
13.58 313.8
13.59 315.97
13.6 633.13
13.61 636.18
13.62 639.68
13.63 644.91
13.64 645.81
13.65 645.72
13.66 645.14
13.67 643.39
13.68 642.24
13.69 641.02
13.7 644.58
13.71 652.54
13.72 656.04
13.73 653.08
13.74 650.0
13.75 650.2
13.76 647.04
13.77 639.74
13.78 633.26
13.79 625.66
13.8 613.22
13.81 298.15
13.82 290.52
13.83 284.56
13.84 280.68
13.85 278.16
13.86 278.92
13.87 283.18
13.88 292.06
13.89 301.89
13.9 312.87
13.91 322.89
13.92 330.17
13.93 332.71
13.94 331.34
13.95 327.84
13.96 322.15
13.97 313.74
13.98 305.81
13.99 299.95
14.0 297.83
14.01 299.02
14.02 302.09
14.03 306.51
14.04 310.91
14.05 313.47
14.06 313.55
14.07 310.76
14.08 304.09
14.09 297.18
14.1 297.31
14.11 300.51
14.12 303.23
14.13 296.15
14.14 285.11
14.15 280.57
14.16 274.68
14.17 265.88
14.18 265.87
14.19 270.17
14.2 273.28
14.21 274.41
14.22 274.96
14.23 274.36
14.24 274.17
14.25 274.75
14.26 274.92
14.27 275.12
14.28 275.11
14.29 275.0
14.3 275.69
14.31 277.45
14.32 279.14
14.33 280.53
14.34 281.98
14.35 282.41
14.36 282.51
14.37 282.53
14.38 281.34
14.39 278.66
14.4 276.89
14.41 277.15
14.42 272.9
14.43 260.0
14.44 242.03
14.45 215.19
14.46 182.15
14.47 152.57
14.48 77.8
14.49 60.35
14.5 117.12
14.51 114.12
14.52 247.47
14.53 274.74
14.54 267.61
14.55 254.85
14.56 233.54
14.57 225.16
14.58 221.26
14.59 219.64
14.6 222.68
14.61 226.86
14.62 230.33
14.63 234.59
14.64 239.7
14.65 242.59
14.66 242.98
14.67 242.41
14.68 241.62
14.69 240.32
14.7 238.87
14.71 238.33
14.72 238.78
14.73 239.81
14.74 241.29
14.75 237.84
14.76 232.83
14.77 222.73
14.78 206.48
14.79 193.73
14.8 184.64
14.81 184.22
14.82 192.03
14.83 205.45
14.84 225.05
14.85 244.42
14.86 258.87
14.87 265.34
14.88 269.56
14.89 271.68
14.9 271.45
14.91 270.64
14.92 269.74
14.93 268.36
14.94 268.4
14.95 270.14
14.96 272.7
14.97 273.13
14.98 270.42
14.99 264.48
15.0 263.57
15.01 263.43
15.02 264.96
15.03 267.46
15.04 270.21
15.05 271.73
15.06 272.13
15.07 272.46
15.08 272.53
15.09 271.66
15.1 270.6
15.11 270.47
15.12 272.04
15.13 274.01
15.14 275.09
15.15 275.25
15.16 275.44
15.17 274.96
15.18 273.49
15.19 272.19
15.2 271.76
15.21 271.61
15.22 271.38
15.23 271.11
15.24 270.68
15.25 270.48
15.26 271.1
15.27 271.85
15.28 272.7
15.29 273.85
15.3 275.76
15.31 278.62
15.32 281.04
15.33 281.54
15.34 280.86
15.35 279.7
15.36 278.23
15.37 277.22
15.38 276.95
15.39 276.17
15.4 275.58
15.41 275.75
15.42 276.19
15.43 276.3
15.44 275.69
15.45 274.96
15.46 274.5
15.47 274.77
15.48 275.33
15.49 275.43
15.5 275.43
15.51 276.04
15.52 276.76
15.53 277.05
15.54 276.95
15.55 277.1
15.56 277.77
15.57 277.95
15.58 276.78
15.59 275.25
15.6 275.07
15.61 275.86
15.62 276.03
15.63 275.31
15.64 273.84
15.65 272.77
15.66 273.29
15.67 274.69
15.68 276.32
15.69 277.45
15.7 278.03
15.71 278.63
15.72 278.27
15.73 277.61
15.74 277.27
15.75 276.35
15.76 275.12
15.77 274.05
15.78 272.75
15.79 271.03
15.8 269.16
15.81 267.17
15.82 265.27
15.83 263.26
15.84 261.62
15.85 260.78
15.86 259.67
15.87 257.08
15.88 255.31
15.89 255.89
15.9 258.46
15.91 262.18
15.92 267.61
15.93 272.01
15.94 275.98
15.95 279.92
15.96 282.69
15.97 284.52
15.98 286.4
15.99 289.0
16.0 291.73
16.01 293.96
16.02 295.66
16.03 297.12
16.04 299.4
16.05 301.27
16.06 302.85
16.07 305.53
16.08 308.21
16.09 310.19
16.1 311.52
16.11 312.31
16.12 311.94
16.13 310.46
16.14 309.18
16.15 308.73
16.16 308.8
16.17 309.59
16.18 311.0
16.19 312.17
16.2 313.48
16.21 315.27
16.22 316.67
16.23 317.54
16.24 318.08
16.25 318.35
16.26 318.44
16.27 319.21
16.28 319.9
16.29 319.39
16.3 318.84
16.31 318.53
16.32 318.68
16.33 319.46
16.34 320.39
16.35 321.04
16.36 321.26
16.37 320.95
16.38 320.95
16.39 321.62
16.4 321.84
16.41 321.25
16.42 319.76
16.43 317.35
16.44 313.62
16.45 307.73
16.46 299.02
16.47 289.28
16.48 282.89
16.49 269.76
16.5 268.32
16.51 280.7
16.52 286.14
16.53 293.07
16.54 306.9
16.55 323.66
16.56 334.17
16.57 338.55
16.58 338.51
16.59 335.96
16.6 332.91
16.61 328.81
16.62 322.43
16.63 315.42
16.64 309.24
16.65 306.0
16.66 305.24
16.67 305.83
16.68 307.07
16.69 308.13
16.7 308.77
16.71 308.53
16.72 307.15
16.73 303.19
16.74 295.73
16.75 283.54
16.76 265.94
16.77 238.41
16.78 208.53
16.79 187.38
16.8 162.65
16.81 147.66
16.82 237.4
16.83 290.44
16.84 302.85
16.85 300.59
16.86 282.96
16.87 284.69
16.88 363.62
16.89 333.83
16.9 312.6
16.91 296.75
16.92 282.57
16.93 275.09
16.94 272.38
16.95 272.27
16.96 272.24
16.97 271.65
16.98 270.68
16.99 269.9
17.0 269.81
17.01 269.74
17.02 269.96
17.03 271.08
17.04 271.87
17.05 272.04
17.06 272.01
17.07 270.97
17.08 269.88
17.09 270.91
17.1 273.81
17.11 277.17
17.12 279.84
17.13 281.09
17.14 280.22
17.15 278.44
17.16 277.87
17.17 278.98
17.18 280.35
17.19 281.9
17.2 284.38
17.21 288.15
17.22 293.53
17.23 299.73
17.24 305.62
17.25 312.93
17.26 321.08
17.27 327.66
17.28 330.92
17.29 330.4
17.3 327.88
17.31 322.85
17.32 316.11
17.33 308.82
17.34 303.34
17.35 300.38
17.36 298.08
17.37 296.57
17.38 296.39
17.39 297.68
17.4 299.03
17.41 299.62
17.42 299.55
17.43 299.02
17.44 299.02
17.45 299.71
17.46 300.05
17.47 299.7
17.48 298.67
17.49 297.49
17.5 297.26
17.51 298.21
17.52 299.56
17.53 300.2
17.54 299.31
17.55 298.06
17.56 297.24
17.57 296.79
17.58 296.79
17.59 296.56
17.6 296.08
17.61 294.72
17.62 291.5
17.63 288.1
17.64 285.03
17.65 279.77
17.66 272.56
17.67 261.96
17.68 251.06
17.69 240.09
17.7 231.56
17.71 226.13
17.72 222.61
17.73 220.61
17.74 220.47
17.75 222.44
17.76 225.81
17.77 230.33
17.78 234.64
17.79 237.92
17.8 240.64
17.81 242.01
17.82 242.6
17.83 242.03
17.84 241.67
17.85 241.72
17.86 241.24
17.87 240.5
17.88 239.38
17.89 238.27
17.9 237.66
17.91 237.8
17.92 239.0
17.93 240.47
17.94 241.23
17.95 241.27
17.96 241.47
17.97 241.66
17.98 242.02
17.99 242.99
18.0 244.59
18.01 245.29
18.02 242.81
18.03 230.8
18.04 224.51
18.05 217.37
18.06 205.02
18.07 193.38
18.08 185.67
18.09 189.54
18.1 0.0
18.11 0.0
18.12 93.42
18.13 204.07
18.14 259.13
18.15 246.53
18.16 229.11
18.17 221.89
18.18 220.42
18.19 219.99
18.2 220.89
18.21 223.96
18.22 228.15
18.23 231.56
18.24 233.67
18.25 234.69
18.26 233.15
18.27 227.97
18.28 216.43
18.29 202.16
18.3 161.98
18.31 134.04
18.32 666.53
18.33 681.97
18.34 60.58
18.35 62.29
18.36 63.03
18.37 95.97
18.38 122.88
18.39 474.15
18.4 62.96
18.41 156.94
18.42 138.9
18.43 127.46
18.44 63.51
18.45 62.15
18.46 330.15
18.47 0.0
18.48 62.11
18.49 62.6
18.5 54.93
18.51 60.08
18.52 60.62
18.53 59.98
18.54 59.91
18.55 61.24
18.56 61.66
18.57 61.66
18.58 70.51
18.59 0.0
18.6 0.0
18.61 60.16
18.62 61.5
18.63 257.67
18.64 0.0
18.65 67.92
18.66 0.0
18.67 0.0
18.68 90.34
18.69 97.44
18.7 67.29
18.71 85.45
18.72 0.0
18.73 0.0
18.74 0.0
18.75 0.0
18.76 0.0
18.77 0.0
18.78 320.52
18.79 309.97
18.8 307.53
18.81 308.45
18.82 104.45
18.83 0.0
18.84 88.98
18.85 92.72
18.86 152.8
18.87 310.32
18.88 263.16
18.89 245.37
18.9 238.98
18.91 242.99
18.92 250.22
18.93 254.89
18.94 258.31
18.95 259.87
18.96 261.47
18.97 263.41
18.98 265.51
18.99 266.88
19.0 269.02
19.01 271.15
19.02 272.46
19.03 274.37
19.04 276.31
19.05 278.15
19.06 279.18
19.07 280.48
19.08 282.89
19.09 285.98
19.1 290.07
19.11 294.06
19.12 295.51
19.13 294.85
19.14 292.99
19.15 291.05
19.16 289.85
19.17 289.5
19.18 290.11
19.19 291.47
19.2 292.38
19.21 292.34
19.22 292.84
19.23 295.15
19.24 298.21
19.25 300.36
19.26 301.51
19.27 301.87
19.28 302.12
19.29 302.03
19.3 301.08
19.31 299.86
19.32 298.44
19.33 296.41
19.34 294.21
19.35 293.48
19.36 294.28
19.37 295.11
19.38 295.5
19.39 295.94
19.4 296.6
19.41 297.66
19.42 298.8
19.43 298.97
19.44 298.45
19.45 298.17
19.46 297.62
19.47 297.48
19.48 297.85
19.49 298.39
19.5 299.45
19.51 300.96
19.52 302.68
19.53 304.08
19.54 304.39
19.55 303.46
19.56 302.48
19.57 301.94
19.58 301.32
19.59 301.25
19.6 301.87
19.61 302.05
19.62 302.14
19.63 302.73
19.64 303.1
19.65 303.12
19.66 303.43
19.67 304.09
19.68 304.3
19.69 303.86
19.7 304.06
19.71 304.57
19.72 305.3
19.73 306.46
19.74 307.17
19.75 307.55
19.76 308.23
19.77 308.98
19.78 309.15
19.79 308.85
19.8 308.12
19.81 306.61
19.82 305.36
19.83 305.18
19.84 305.89
19.85 307.51
19.86 308.94
19.87 309.49
19.88 308.96
19.89 307.6
19.9 306.31
19.91 306.1
19.92 306.73
19.93 307.86
19.94 308.92
19.95 309.21
19.96 308.43
19.97 306.77
19.98 305.51
19.99 305.42
20.0 305.03
20.01 304.14
20.02 303.34
20.03 302.81
20.04 303.81
20.05 306.23
20.06 308.65
20.07 309.91
20.08 310.2
20.09 310.0
20.1 309.7
20.11 309.16
20.12 307.53
20.13 305.31
20.14 303.75
20.15 302.37
20.16 299.74
20.17 296.1
20.18 294.86
20.19 298.2
20.2 303.75
20.21 304.32
20.22 306.07
20.23 307.95
20.24 309.52
20.25 311.14
20.26 313.09
20.27 314.8
20.28 315.94
20.29 316.0
20.3 315.26
20.31 313.3
20.32 311.07
20.33 309.6
20.34 307.26
20.35 303.91
20.36 301.2
20.37 298.86
20.38 296.6
20.39 294.83
20.4 293.53
20.41 291.62
20.42 283.88
20.43 283.97
20.44 298.61
20.45 315.03
20.46 322.67
20.47 322.73
20.48 321.84
20.49 320.38
20.5 316.5
20.51 310.9
20.52 304.62
20.53 299.12
20.54 295.55
20.55 293.01
20.56 292.09
20.57 293.13
20.58 296.06
20.59 299.36
20.6 301.81
20.61 302.89
20.62 302.58
20.63 302.13
20.64 301.88
20.65 301.77
20.66 301.23
20.67 299.92
20.68 298.32
20.69 296.72
20.7 295.38
20.71 295.3
20.72 296.3
20.73 297.32
20.74 298.64
20.75 300.26
20.76 301.42
20.77 301.67
20.78 301.62
20.79 302.13
20.8 302.84
20.81 303.48
20.82 303.93
20.83 303.69
20.84 302.64
20.85 301.56
20.86 301.27
20.87 301.46
20.88 302.31
20.89 303.23
20.9 303.37
20.91 303.31
20.92 303.65
20.93 304.57
20.94 305.58
20.95 306.09
20.96 306.61
20.97 306.93
20.98 306.66
20.99 305.83
21.0 304.8
21.01 304.07
21.02 303.63
21.03 303.87
21.04 304.57
21.05 305.2
21.06 305.17
21.07 304.45
21.08 303.28
21.09 301.75
21.1 300.43
21.11 300.57
21.12 302.57
21.13 304.2
21.14 304.8
21.15 305.08
21.16 305.59
21.17 306.4
21.18 306.72
21.19 306.67
21.2 306.17
21.21 305.37
21.22 304.71
21.23 304.79
21.24 305.78
21.25 306.91
21.26 307.62
21.27 307.55
21.28 306.97
21.29 305.89
21.3 305.29
21.31 305.16
21.32 305.14
21.33 305.91
21.34 306.93
21.35 307.65
21.36 307.44
21.37 306.0
21.38 303.96
21.39 302.18
21.4 300.52
21.41 298.16
21.42 295.62
21.43 293.48
21.44 290.5
21.45 285.75
21.46 280.21
21.47 278.02
21.48 273.82
21.49 272.26
21.5 289.87
21.51 307.45
21.52 312.31
21.53 323.01
21.54 333.12
21.55 335.65
21.56 331.63
21.57 322.91
21.58 311.71
21.59 301.92
21.6 294.67
21.61 289.3
21.62 285.24
21.63 282.64
21.64 281.17
21.65 280.11
21.66 279.51
21.67 280.45
21.68 282.22
21.69 284.25
21.7 285.59
21.71 284.59
21.72 281.41
21.73 278.11
21.74 274.63
21.75 269.75
21.76 262.96
21.77 252.1
21.78 236.7
21.79 224.22
21.8 214.19
21.81 209.18
21.82 208.12
21.83 212.64
21.84 225.57
21.85 244.6
21.86 265.64
21.87 279.77
21.88 282.58
21.89 280.49
21.9 278.12
21.91 273.88
21.92 269.2
21.93 267.31
21.94 265.29
21.95 262.99
21.96 262.88
21.97 263.8
21.98 264.58
21.99 264.56
22.0 264.35
22.01 264.79
22.02 266.12
22.03 268.45
22.04 271.92
22.05 276.54
22.06 280.94
22.07 283.39
22.08 286.34
22.09 290.22
22.1 294.19
22.11 298.26
22.12 302.79
22.13 307.08
22.14 310.55
22.15 312.76
22.16 313.37
22.17 313.96
22.18 314.6
22.19 314.33
22.2 313.51
22.21 313.56
22.22 314.65
22.23 316.74
22.24 318.97
22.25 319.69
22.26 319.57
22.27 320.0
22.28 320.27
22.29 321.15
22.3 324.19
22.31 327.51
22.32 330.3
22.33 331.48
22.34 331.13
22.35 330.5
22.36 329.42
22.37 328.55
22.38 327.81
22.39 326.55
22.4 325.14
22.41 323.26
22.42 324.76
22.43 330.04
22.44 332.14
22.45 331.94
22.46 330.74
22.47 329.13
22.48 328.41
22.49 328.63
22.5 329.1
22.51 329.37
22.52 329.5
22.53 330.09
22.54 330.78
22.55 331.58
22.56 332.16
22.57 332.15
22.58 332.15
22.59 332.34
22.6 333.03
22.61 334.19
22.62 334.98
22.63 333.89
22.64 328.8
22.65 321.94
22.66 319.87
22.67 319.01
22.68 316.0
22.69 310.8
22.7 305.35
22.71 302.15
22.72 301.16
22.73 301.62
22.74 302.74
22.75 303.43
22.76 303.88
22.77 303.92
22.78 302.51
22.79 300.21
22.8 299.74
22.81 301.86
22.82 304.41
22.83 308.14
22.84 312.71
22.85 314.63
22.86 312.75
22.87 308.08
22.88 304.08
22.89 302.23
22.9 302.14
22.91 303.09
22.92 304.29
22.93 304.46
22.94 304.12
22.95 304.8
22.96 306.22
22.97 306.95
22.98 306.92
22.99 305.11
23.0 292.95
23.01 268.21
23.02 245.15
23.03 110.2
23.04 0.0
23.05 0.0
23.06 0.0
23.07 0.0
23.08 0.0
23.09 530.84
23.1 330.85
23.11 65.73
23.12 0.0
23.13 0.0
23.14 0.0
23.15 0.0
23.16 246.55
23.17 0.0
23.18 0.0
23.19 95.31
23.2 677.14
23.21 0.0
23.22 0.0
23.23 0.0
23.24 12.62
23.25 0.0
23.26 0.0
23.27 0.0
23.28 0.0
23.29 0.0
23.3 0.0
23.31 0.0
23.32 0.0
23.33 0.0
23.34 0.0
23.35 0.0
23.36 0.0
23.37 63.13
23.38 0.0
23.39 0.0
23.4 0.0
23.41 0.0
23.42 0.0
23.43 77.48
23.44 0.0
23.45 0.0
23.46 0.0
23.47 222.68
23.48 205.87
23.49 192.06
23.5 181.35
23.51 182.2
23.52 181.91
23.53 183.92
23.54 188.08
23.55 192.99
23.56 198.54
23.57 203.55
23.58 205.39
23.59 205.67
23.6 206.27
23.61 207.77
23.62 210.19
23.63 212.43
23.64 214.3
23.65 214.02
23.66 212.93
23.67 212.39
23.68 211.35
23.69 211.47
23.7 212.17
23.71 212.21
23.72 212.56
23.73 212.05
23.74 211.41
23.75 211.99
23.76 213.98
23.77 217.95
23.78 221.77
23.79 224.62
23.8 226.11
23.81 225.87
23.82 225.38
23.83 224.66
23.84 223.25
23.85 221.59
23.86 219.6
23.87 216.52
23.88 212.93
23.89 209.97
23.9 209.36
23.91 211.1
23.92 213.52
23.93 216.35
23.94 219.13
23.95 221.2
23.96 222.01
23.97 222.26
23.98 222.24
23.99 221.72
24.0 220.9
24.01 219.57
24.02 217.85
24.03 216.39
24.04 216.04
24.05 217.01
24.06 218.42
24.07 219.25
24.08 220.35
24.09 221.96
24.1 220.61
24.11 217.66
24.12 227.45
24.13 237.34
24.14 245.45
24.15 253.42
24.16 263.28
24.17 272.11
24.18 276.35
24.19 273.44
24.2 265.63
24.21 258.69
24.22 254.17
24.23 246.16
24.24 235.04
24.25 232.5
24.26 232.34
24.27 232.73
24.28 233.2
24.29 233.8
24.3 234.81
24.31 235.86
24.32 236.83
24.33 237.8
24.34 238.24
24.35 238.7
24.36 238.14
24.37 237.59
24.38 238.38
24.39 239.79
24.4 240.66
24.41 240.75
24.42 240.92
24.43 240.66
24.44 239.96
24.45 239.46
24.46 239.42
24.47 239.1
24.48 238.68
24.49 239.49
24.5 241.41
24.51 243.98
24.52 245.55
24.53 246.07
24.54 245.59
24.55 243.94
24.56 241.98
24.57 241.1
24.58 241.09
24.59 241.31
24.6 241.68
24.61 241.42
24.62 241.23
24.63 240.96
24.64 240.19
24.65 239.49
24.66 239.7
24.67 240.72
24.68 243.33
24.69 246.17
24.7 247.38
24.71 247.57
24.72 247.6
24.73 248.07
24.74 248.13
24.75 248.0
24.76 247.84
24.77 247.31
24.78 246.07
24.79 244.06
24.8 242.95
24.81 242.13
24.82 241.95
24.83 241.76
24.84 241.04
24.85 241.02
24.86 241.92
24.87 242.94
24.88 244.3
24.89 245.73
24.9 246.96
24.91 246.69
24.92 245.44
24.93 244.08
24.94 242.99
24.95 242.19
24.96 242.23
24.97 243.37
24.98 244.34
24.99 245.23
25.0 246.56
25.01 247.74
25.02 249.28
25.03 252.38
25.04 257.15
25.05 261.38
25.06 265.63
25.07 268.79
25.08 270.13
25.09 269.9
25.1 269.19
25.11 267.52
25.12 264.52
25.13 261.81
25.14 259.6
25.15 258.23
25.16 257.76
25.17 257.67
25.18 257.99
25.19 258.48
25.2 259.4
25.21 261.38
25.22 264.55
25.23 267.72
25.24 270.35
25.25 271.54
25.26 272.46
25.27 273.81
25.28 274.63
25.29 274.02
25.3 272.75
25.31 271.76
25.32 271.18
25.33 270.88
25.34 270.59
25.35 269.67
25.36 268.17
25.37 267.25
25.38 267.13
25.39 266.73
25.4 266.61
25.41 267.5
25.42 267.64
25.43 267.02
25.44 266.75
25.45 267.04
25.46 268.14
25.47 269.33
25.48 270.8
25.49 273.03
25.5 274.12
25.51 273.46
25.52 272.28
25.53 271.4
25.54 271.46
25.55 271.41
25.56 270.58
25.57 268.88
25.58 266.81
25.59 266.67
25.6 267.85
25.61 269.26
25.62 270.27
25.63 271.25
25.64 271.91
25.65 271.1
25.66 269.51
25.67 268.76
25.68 269.27
25.69 269.61
25.7 270.41
25.71 271.96
25.72 273.24
25.73 274.01
25.74 274.3
25.75 274.5
25.76 273.86
25.77 272.32
25.78 270.63
25.79 269.54
25.8 269.47
25.81 269.81
25.82 269.99
25.83 270.22
25.84 270.3
25.85 270.16
25.86 269.78
25.87 269.41
25.88 269.85
25.89 270.42
25.9 270.52
25.91 270.8
25.92 271.18
25.93 271.28
25.94 271.07
25.95 270.17
25.96 268.72
25.97 267.22
25.98 267.06
25.99 268.29
26.0 269.1
26.01 268.14
26.02 266.62
26.03 265.79
26.04 265.9
26.05 266.78
26.06 269.0
26.07 272.09
26.08 273.55
26.09 273.56
26.1 272.49
26.11 271.03
26.12 270.19
26.13 270.04
26.14 270.99
26.15 272.39
26.16 272.69
26.17 271.92
26.18 271.73
26.19 272.19
26.2 272.84
26.21 272.73
26.22 271.4
26.23 269.99
26.24 268.77
26.25 268.08
26.26 268.52
26.27 269.37
26.28 270.46
26.29 271.76
26.3 272.36
26.31 271.28
26.32 269.69
26.33 268.29
26.34 267.97
26.35 269.0
26.36 270.18
26.37 270.91
26.38 270.68
26.39 269.59
26.4 268.87
26.41 269.05
26.42 269.05
26.43 268.83
26.44 268.28
26.45 267.87
26.46 267.86
26.47 269.07
26.48 270.57
26.49 271.66
26.5 271.5
26.51 269.93
26.52 268.06
26.53 267.39
26.54 268.1
26.55 270.08
26.56 272.83
26.57 274.03
26.58 273.85
26.59 272.59
26.6 270.13
26.61 268.53
26.62 268.78
26.63 269.82
26.64 270.74
26.65 271.41
26.66 271.94
26.67 272.99
26.68 274.02
26.69 274.21
26.7 273.36
26.71 272.77
26.72 272.96
26.73 272.91
26.74 273.21
26.75 274.09
26.76 274.32
26.77 274.15
26.78 273.61
26.79 271.94
26.8 269.9
26.81 268.39
26.82 267.53
26.83 268.63
26.84 272.23
26.85 275.84
26.86 280.19
26.87 285.32
26.88 288.62
26.89 289.69
26.9 287.99
26.91 284.44
26.92 281.7
26.93 280.5
26.94 278.89
26.95 276.92
26.96 274.35
26.97 268.7
26.98 256.7
26.99 245.69
27.0 136.51
27.01 780.93
27.02 775.69
27.03 308.94
27.04 0.0
27.05 0.0
27.06 0.0
27.07 0.0
27.08 7.75
27.09 94.69
27.1 274.37
27.11 0.0
27.12 0.0
27.13 0.0
27.14 0.0
27.15 0.0
27.16 64.11
27.17 0.0
27.18 0.0
27.19 0.0
27.2 64.37
27.21 0.0
27.22 0.0
27.23 0.0
27.24 0.0
27.25 0.0
27.26 0.0
27.27 0.0
27.28 0.0
27.29 87.68
27.3 63.76
27.31 63.21
27.32 0.0
27.33 73.32
27.34 0.0
27.35 0.0
27.36 0.0
27.37 0.0
27.38 0.0
27.39 0.0
27.4 0.0
27.41 0.0
27.42 102.65
27.43 169.92
27.44 62.35
27.45 0.0
27.46 0.0
27.47 0.0
27.48 0.0
27.49 0.0
27.5 0.0
27.51 0.0
27.52 0.0
27.53 0.0
27.54 0.0
27.55 0.0
27.56 0.0
27.57 0.0
27.58 90.82
27.59 96.23
27.6 92.6
27.61 0.0
27.62 0.0
27.63 323.97
27.64 324.37
27.65 323.64
27.66 153.26
27.67 74.1
27.68 201.24
27.69 374.54
27.7 367.65
27.71 280.61
27.72 254.29
27.73 251.25
27.74 249.35
27.75 243.24
27.76 239.3
27.77 241.28
27.78 240.74
27.79 240.97
27.8 241.23
27.81 241.93
27.82 243.73
27.83 245.5
27.84 249.28
27.85 253.98
27.86 257.29
27.87 260.1
27.88 261.98
27.89 265.05
27.9 268.51
27.91 271.17
27.92 274.6
27.93 277.81
27.94 280.05
27.95 281.26
27.96 280.96
27.97 281.63
27.98 283.57
27.99 284.52
28.0 284.56
28.01 285.53
28.02 288.2
28.03 291.59
28.04 294.7
28.05 298.28
28.06 301.94
28.07 304.43
28.08 304.59
28.09 303.22
28.1 301.87
28.11 300.87
28.12 299.62
28.13 297.49
28.14 295.61
28.15 295.95
28.16 297.6
28.17 298.07
28.18 297.09
28.19 295.84
28.2 295.06
28.21 295.71
28.22 297.33
28.23 298.59
28.24 300.17
28.25 301.58
28.26 302.63
28.27 303.79
28.28 303.84
28.29 302.01
28.3 299.63
28.31 297.24
28.32 295.41
28.33 295.69
28.34 296.62
28.35 296.77
28.36 297.28
28.37 298.84
28.38 300.53
28.39 301.13
28.4 301.56
28.41 302.05
28.42 302.58
28.43 303.72
28.44 304.98
28.45 305.58
28.46 305.41
28.47 305.82
28.48 307.78
28.49 310.13
28.5 310.44
28.51 308.62
28.52 306.41
28.53 304.33
28.54 302.96
28.55 302.88
28.56 303.92
28.57 304.22
28.58 303.13
28.59 302.57
28.6 304.18
28.61 305.43
28.62 305.04
28.63 305.17
28.64 306.36
28.65 307.87
28.66 308.46
28.67 308.07
28.68 307.57
28.69 306.3
28.7 304.44
28.71 303.55
28.72 304.03
28.73 304.09
28.74 302.17
28.75 301.08
28.76 302.0
28.77 303.44
28.78 303.84
28.79 303.24
28.8 302.22
28.81 301.29
28.82 300.48
28.83 299.62
28.84 299.74
28.85 300.39
28.86 300.68
28.87 300.99
28.88 301.24
28.89 301.11
28.9 301.84
28.91 303.54
28.92 305.54
28.93 306.58
28.94 305.94
28.95 303.38
28.96 298.57
28.97 293.53
28.98 289.09
28.99 284.12
29.0 275.46
29.01 259.68
29.02 237.55
29.03 206.37
29.04 186.03
29.05 156.64
29.06 72.45
29.07 68.0
29.08 201.67
29.09 197.71
29.1 160.09
29.11 169.27
29.12 97.6
29.13 195.17
29.14 356.84
29.15 371.81
29.16 351.27
29.17 336.87
29.18 325.75
29.19 318.47
29.2 314.08
29.21 310.99
29.22 309.5
29.23 308.77
29.24 306.97
29.25 305.67
29.26 305.7
29.27 305.21
29.28 304.13
29.29 302.74
29.3 301.43
29.31 299.9
29.32 298.09
29.33 296.37
29.34 295.47
29.35 295.8
29.36 296.82
29.37 298.71
29.38 301.4
29.39 304.44
29.4 306.33
29.41 306.55
29.42 305.84
29.43 304.02
29.44 301.58
29.45 300.62
29.46 301.78
29.47 302.77
29.48 302.72
29.49 302.47
29.5 301.51
29.51 299.81
29.52 298.86
29.53 299.17
29.54 299.83
29.55 299.52
29.56 298.91
29.57 300.02
29.58 301.28
29.59 301.89
29.6 302.5
29.61 303.78
29.62 304.9
29.63 305.86
29.64 307.94
29.65 309.66
29.66 310.69
29.67 310.98
29.68 310.03
29.69 308.65
29.7 307.82
29.71 306.62
29.72 304.43
29.73 301.51
29.74 298.55
29.75 296.41
29.76 296.8
29.77 298.62
29.78 289.29
29.79 272.02
29.8 254.62
29.81 234.69
29.82 217.92
29.83 205.61
29.84 198.48
29.85 197.56
29.86 202.65
29.87 214.84
29.88 228.44
29.89 239.2
29.9 67.25
29.91 291.59
29.92 301.69
29.93 339.25
29.94 334.99
29.95 326.98
29.96 323.36
29.97 325.17
29.98 327.09
29.99 324.94
30.0 322.02
30.01 320.02
30.02 315.49
30.03 309.47
30.04 303.68
30.05 302.92
30.06 303.04
30.07 303.59
30.08 304.07
30.09 304.72
30.1 305.51
30.11 305.63
30.12 304.78
30.13 303.6
30.14 301.98
30.15 300.59
30.16 300.69
30.17 304.52
30.18 311.57
30.19 314.72
30.2 316.07
30.21 317.37
30.22 318.57
30.23 316.25
30.24 312.6
30.25 312.13
30.26 314.98
30.27 323.5
30.28 334.19
30.29 333.73
30.3 325.56
30.31 321.88
30.32 325.2
30.33 322.06
30.34 310.23
30.35 299.41
30.36 292.0
30.37 286.54
30.38 280.82
30.39 272.97
30.4 266.54
30.41 264.96
30.42 264.82
30.43 267.02
30.44 269.5
30.45 270.35
30.46 269.69
30.47 268.35
30.48 267.93
30.49 269.1
30.5 270.43
30.51 271.57
30.52 273.6
30.53 275.37
30.54 276.02
30.55 276.81
30.56 277.38
30.57 276.73
30.58 275.36
30.59 274.13
30.6 273.55
30.61 273.74
30.62 274.75
30.63 275.92
30.64 276.64
30.65 275.82
30.66 274.07
30.67 273.43
30.68 273.9
30.69 276.9
30.7 280.94
30.71 276.98
30.72 270.19
30.73 270.91
30.74 274.26
30.75 282.8
30.76 288.53
30.77 0.0
30.78 91.76
30.79 0.0
30.8 68.89
30.81 113.47
30.82 0.0
30.83 297.08
30.84 286.22
30.85 277.68
30.86 268.3
30.87 263.79
30.88 263.5
30.89 264.55
30.9 265.5
30.91 266.68
30.92 268.93
30.93 270.41
30.94 270.03
30.95 268.74
30.96 267.56
30.97 266.72
30.98 267.07
30.99 268.66
31.0 270.49
31.01 272.16
31.02 273.89
31.03 275.15
31.04 275.69
31.05 275.91
31.06 276.36
31.07 276.5
31.08 276.09
31.09 275.1
31.1 273.76
31.11 273.11
31.12 272.92
31.13 272.56
31.14 272.27
31.15 272.1
31.16 271.94
31.17 272.76
31.18 273.85
31.19 274.07
31.2 274.19
31.21 274.37
31.22 274.6
31.23 274.79
31.24 274.7
31.25 274.11
31.26 273.43
31.27 273.0
31.28 272.56
31.29 273.08
31.3 273.27
31.31 272.06
31.32 271.5
31.33 272.52
31.34 274.34
31.35 276.64
31.36 278.25
31.37 279.03
31.38 278.67
31.39 277.01
31.4 275.56
31.41 274.5
31.42 273.8
31.43 273.31
31.44 273.1
31.45 273.58
31.46 273.87
31.47 272.77
31.48 271.1
31.49 269.55
31.5 267.85
31.51 267.42
31.52 269.54
31.53 274.02
31.54 278.38
31.55 279.89
31.56 278.88
31.57 277.89
31.58 275.66
31.59 268.27
31.6 253.04
31.61 226.04
31.62 193.42
31.63 111.43
31.64 0.0
31.65 0.0
31.66 0.0
31.67 0.0
31.68 0.0
31.69 84.82
31.7 0.0
31.71 0.0
31.72 110.57
31.73 0.0
31.74 63.55
31.75 0.0
31.76 0.0
31.77 0.0
31.78 98.39
31.79 0.0
31.8 0.0
31.81 0.0
31.82 0.0
31.83 0.0
31.84 0.0
31.85 0.0
31.86 0.0
31.87 396.81
31.88 0.0
31.89 0.0
31.9 0.0
31.91 89.46
31.92 0.0
31.93 0.0
31.94 81.68
31.95 0.0
31.96 0.0
31.97 0.0
31.98 63.42
31.99 61.87
32.0 0.0
32.01 0.0
32.02 0.0
32.03 0.0
32.04 0.0
32.05 0.0
32.06 0.0
32.07 0.0
32.08 64.62
32.09 73.04
32.1 0.0
32.11 0.0
32.12 0.0
32.13 0.0
32.14 60.42
32.15 60.67
32.16 322.76
32.17 328.49
32.18 0.0
32.19 0.0
32.2 0.0
32.21 281.56
32.22 325.68
32.23 299.28
32.24 269.3
32.25 241.87
32.26 230.73
32.27 223.87
32.28 228.93
32.29 239.15
32.3 242.82
32.31 247.37
32.32 253.75
32.33 261.94
32.34 268.33
32.35 274.17
32.36 279.24
32.37 282.65
32.38 284.53
32.39 286.26
32.4 289.83
32.41 292.29
32.42 292.93
32.43 292.29
32.44 291.29
32.45 292.6
32.46 295.19
32.47 296.47
32.48 295.4
32.49 293.02
32.5 292.62
32.51 294.85
32.52 297.37
32.53 299.58
32.54 300.6
32.55 300.29
32.56 297.71
32.57 288.68
32.58 279.77
32.59 284.26
32.6 296.58
32.61 308.71
32.62 310.73
32.63 316.16
32.64 322.11
32.65 322.99
32.66 315.96
32.67 305.24
32.68 298.85
32.69 297.22
32.7 298.27
32.71 298.53
32.72 297.04
32.73 295.42
32.74 294.87
32.75 295.36
32.76 295.82
32.77 294.93
32.78 294.09
32.79 295.04
32.8 297.61
32.81 299.99
32.82 301.13
32.83 302.12
32.84 303.43
32.85 304.79
32.86 305.55
32.87 305.2
32.88 304.75
32.89 305.39
32.9 306.57
32.91 306.12
32.92 303.75
32.93 300.06
32.94 299.83
32.95 300.48
32.96 300.2
32.97 300.4
32.98 299.94
32.99 298.63
33.0 297.05
33.01 296.68
33.02 297.44
33.03 300.25
33.04 304.48
33.05 304.73
33.06 303.84
33.07 303.91
33.08 303.59
33.09 302.13
33.1 300.15
33.11 298.5
33.12 298.66
33.13 300.34
33.14 302.5
33.15 304.82
33.16 307.28
33.17 308.57
33.18 308.48
33.19 308.53
33.2 308.49
33.21 308.12
33.22 307.85
33.23 306.21
33.24 300.91
33.25 290.15
33.26 280.08
33.27 274.83
33.28 266.95
33.29 247.7
33.3 217.55
33.31 195.22
33.32 182.56
33.33 97.11
33.34 311.72
33.35 150.32
33.36 309.49
33.37 270.07
33.38 269.99
33.39 272.07
33.4 276.74
33.41 284.0
33.42 291.55
33.43 299.99
33.44 305.3
33.45 306.68
33.46 305.51
33.47 305.42
33.48 306.85
33.49 307.89
33.5 308.17
33.51 308.39
33.52 309.06
33.53 309.5
33.54 309.4
33.55 308.99
33.56 308.2
33.57 307.84
33.58 308.51
33.59 309.43
33.6 309.39
33.61 616.31
33.62 608.04
33.63 301.11
33.64 302.66
33.65 307.88
33.66 305.32
33.67 295.88
33.68 276.69
33.69 247.22
33.7 220.36
33.71 192.94
33.72 166.7
33.73 162.52
33.74 101.33
33.75 320.63
33.76 183.79
33.77 82.53
33.78 301.42
33.79 66.77
33.8 268.97
33.81 317.98
33.82 307.57
33.83 292.31
33.84 281.23
33.85 277.85
33.86 278.14
33.87 280.44
33.88 284.62
33.89 288.68
33.9 292.2
33.91 294.98
33.92 296.24
33.93 295.63
33.94 293.84
33.95 291.38
33.96 287.74
33.97 281.35
33.98 275.95
33.99 274.36
34.0 276.58
34.01 283.25
34.02 293.19
34.03 300.22
34.04 300.24
34.05 299.37
34.06 298.8
34.07 297.31
34.08 291.6
34.09 284.05
34.1 287.2
34.11 295.87
34.12 304.09
34.13 308.78
34.14 312.71
34.15 314.41
34.16 310.71
34.17 304.11
34.18 299.51
34.19 297.47
34.2 297.82
34.21 298.73
34.22 299.66
34.23 300.9
34.24 302.32
34.25 303.33
34.26 303.68
34.27 303.23
34.28 302.16
34.29 301.38
34.3 301.17
34.31 300.98
34.32 300.19
34.33 299.43
34.34 300.12
34.35 300.92
34.36 300.87
34.37 301.47
34.38 302.84
34.39 304.17
34.4 305.22
34.41 306.09
34.42 306.34
34.43 305.24
34.44 302.96
34.45 300.81
34.46 299.36
34.47 300.16
34.48 302.28
34.49 303.21
34.5 303.18
34.51 303.04
34.52 303.01
34.53 303.0
34.54 303.19
34.55 303.27
34.56 302.62
34.57 301.68
34.58 301.12
34.59 301.31
34.6 301.86
34.61 302.17
34.62 302.15
34.63 302.25
34.64 302.7
34.65 303.07
34.66 303.12
34.67 302.86
34.68 303.31
34.69 303.85
34.7 303.18
34.71 302.42
34.72 302.12
34.73 300.71
34.74 296.54
34.75 291.28
34.76 286.82
34.77 282.74
34.78 270.09
34.79 247.09
34.8 220.16
34.81 197.2
34.82 171.95
34.83 157.86
34.84 81.05
34.85 76.55
34.86 72.79
34.87 67.63
34.88 135.4
34.89 255.01
34.9 258.27
34.91 318.39
34.92 334.41
34.93 321.77
34.94 311.05
34.95 305.58
34.96 301.84
34.97 297.66
34.98 295.0
34.99 294.93
35.0 295.97
35.01 297.15
35.02 298.04
35.03 298.52
35.04 299.0
35.05 299.56
35.06 299.93
35.07 299.76
35.08 299.68
35.09 300.04
35.1 299.8
35.11 299.06
35.12 298.62
35.13 298.41
35.14 297.74
35.15 297.44
35.16 298.75
35.17 301.21
35.18 303.16
35.19 303.76
35.2 303.46
35.21 302.43
35.22 300.98
35.23 299.49
35.24 298.31
35.25 298.06
35.26 298.5
35.27 299.15
35.28 299.53
35.29 299.3
35.3 298.56
35.31 298.41
35.32 299.21
35.33 300.23
35.34 301.1
35.35 301.57
35.36 301.43
35.37 301.64
35.38 303.06
35.39 305.03
35.4 306.18
35.41 306.02
35.42 305.01
35.43 303.65
35.44 302.36
35.45 301.59
35.46 301.51
35.47 301.2
35.48 300.84
35.49 300.69
35.5 300.13
35.51 299.27
35.52 298.46
35.53 297.81
35.54 297.6
35.55 297.31
35.56 296.46
35.57 296.1
35.58 296.76
35.59 298.46
35.6 300.09
35.61 300.55
35.62 300.44
35.63 300.81
35.64 301.03
35.65 300.96
35.66 301.16
35.67 301.39
35.68 301.96
35.69 302.38
35.7 302.44
35.71 303.08
35.72 303.96
35.73 303.48
35.74 302.43
35.75 302.75
35.76 304.04
35.77 304.4
35.78 303.84
35.79 302.88
35.8 301.92
35.81 301.81
35.82 302.52
35.83 303.85
35.84 304.85
35.85 304.66
35.86 303.02
35.87 301.02
35.88 299.94
35.89 299.68
35.9 300.69
35.91 302.18
35.92 303.14
35.93 303.45
35.94 303.52
35.95 302.99
35.96 301.89
35.97 301.41
35.98 302.1
35.99 302.75
36.0 301.32
36.01 297.04
36.02 290.81
36.03 285.57
36.04 282.75
36.05 276.3
36.06 265.22
36.07 255.12
36.08 245.99
36.09 234.02
36.1 227.68
36.11 226.52
36.12 225.56
36.13 226.6
36.14 230.19
36.15 234.44
36.16 238.62
36.17 239.99
36.18 239.97
36.19 238.96
36.2 237.38
36.21 236.11
36.22 236.57
36.23 237.7
36.24 239.74
36.25 242.15
36.26 245.58
36.27 248.98
36.28 252.19
36.29 253.56
36.3 252.6
36.31 251.03
36.32 249.82
36.33 249.62
36.34 249.68
36.35 249.08
36.36 247.49
36.37 245.14
36.38 242.33
36.39 239.12
36.4 237.77
36.41 239.16
36.42 242.52
36.43 247.57
36.44 250.8
36.45 250.55
36.46 250.94
36.47 253.82
36.48 259.57
36.49 272.02
36.5 288.87
36.51 302.78
36.52 310.78
36.53 310.06
36.54 303.19
36.55 288.26
36.56 276.32
36.57 272.24
36.58 264.11
36.59 247.46
36.6 243.74
36.61 241.44
36.62 240.72
36.63 240.89
36.64 242.02
36.65 243.91
36.66 246.7
36.67 250.25
36.68 253.17
36.69 254.67
36.7 255.98
36.71 258.07
36.72 260.87
36.73 263.08
36.74 265.39
36.75 267.08
36.76 267.71
36.77 267.51
36.78 267.09
36.79 266.55
36.8 266.11
36.81 265.94
36.82 266.09
36.83 266.54
36.84 266.96
36.85 268.27
36.86 270.19
36.87 271.49
36.88 272.1
36.89 272.7
36.9 274.04
36.91 275.37
36.92 276.8
36.93 277.74
36.94 278.35
36.95 278.53
36.96 277.9
36.97 276.48
36.98 274.52
36.99 272.9
37.0 272.17
37.01 271.79
37.02 271.93
37.03 272.58
37.04 272.51
37.05 272.14
37.06 271.68
37.07 270.31
37.08 268.97
37.09 269.41
37.1 271.47
37.11 274.36
37.12 277.43
37.13 279.72
37.14 280.71
37.15 279.59
37.16 277.56
37.17 275.93
37.18 275.33
37.19 274.46
37.2 273.23
37.21 273.68
37.22 274.63
37.23 271.9
37.24 270.42
37.25 269.62
37.26 263.53
37.27 259.15
37.28 260.77
37.29 264.44
37.3 267.42
37.31 270.9
37.32 277.14
37.33 278.15
37.34 274.82
37.35 244.8
37.36 77.83
37.37 128.99
37.38 307.64
37.39 277.03
37.4 265.43
37.41 257.86
37.42 255.06
37.43 254.04
37.44 250.97
37.45 245.92
37.46 241.01
37.47 240.38
37.48 247.0
37.49 258.61
37.5 269.98
37.51 274.34
37.52 272.62
37.53 270.21
37.54 268.91
37.55 267.82
37.56 267.04
37.57 267.03
37.58 267.87
37.59 269.0
37.6 269.92
37.61 271.69
37.62 273.37
37.63 273.53
37.64 272.76
37.65 271.7
37.66 269.55
37.67 266.29
37.68 264.38
37.69 265.41
37.7 265.38
37.71 252.2
37.72 221.07
37.73 221.57
37.74 1804.52
37.75 1760.69
37.76 62.65
37.77 65.52
37.78 64.81
37.79 1470.66
37.8 951.69
37.81 791.07
37.82 1133.88
37.83 1092.01
37.84 65.92
37.85 904.77
37.86 974.75
37.87 119.41
37.88 1405.86
37.89 1353.8
37.9 1275.43
37.91 69.63
37.92 58.97
37.93 0.0
37.94 0.0
37.95 63.32
37.96 1047.71
37.97 79.1
37.98 70.72
37.99 979.2
38.0 64.91
38.01 65.22
38.02 1436.33
38.03 118.7
38.04 60.21
38.05 60.6
38.06 63.8
38.07 1069.73
38.08 74.17
38.09 0.0
38.1 0.0
38.11 0.0
38.12 59.99
38.13 67.01
38.14 1096.5
38.15 876.75
38.16 997.77
38.17 1010.68
38.18 942.6
38.19 1168.89
38.2 65.21
38.21 65.32
38.22 1476.9
38.23 1493.82
38.24 62.66
38.25 1259.26
38.26 0.0
38.27 1222.42
38.28 1818.98
38.29 65.37
38.3 0.0
38.31 0.0
38.32 0.0
38.33 174.67
38.34 172.31
38.35 310.55
38.36 277.94
38.37 264.97
38.38 265.74
38.39 260.3
38.4 249.61
38.41 244.4
38.42 244.73
38.43 246.18
38.44 248.51
38.45 249.75
38.46 250.87
38.47 251.48
38.48 254.03
38.49 258.15
38.5 263.7
38.51 269.3
38.52 274.66
38.53 279.72
38.54 283.22
38.55 287.21
38.56 291.44
38.57 295.38
38.58 297.98
38.59 298.61
38.6 298.9
38.61 299.87
38.62 300.48
38.63 301.32
38.64 302.2
38.65 303.27
38.66 304.81
38.67 306.51
38.68 308.46
38.69 310.63
38.7 312.6
38.71 314.2
38.72 315.23
38.73 315.85
38.74 316.75
38.75 317.7
38.76 317.78
38.77 316.91
38.78 315.4
38.79 314.68
38.8 314.73
38.81 313.81
38.82 313.05
38.83 315.06
38.84 318.43
38.85 320.52
38.86 321.17
38.87 321.36
38.88 320.84
38.89 319.59
38.9 318.52
38.91 317.75
38.92 316.95
38.93 315.93
38.94 315.14
38.95 314.41
38.96 313.41
38.97 311.36
38.98 307.78
38.99 304.07
39.0 299.55
39.01 295.97
39.02 296.0
39.03 298.09
39.04 295.42
39.05 295.17
39.06 298.04
39.07 303.74
39.08 309.44
39.09 314.17
39.1 318.48
39.11 320.79
39.12 320.25
39.13 318.13
39.14 315.35
39.15 311.57
39.16 308.21
39.17 306.57
39.18 306.04
39.19 305.7
39.2 305.77
39.21 306.2
39.22 307.08
39.23 308.1
39.24 307.28
39.25 302.48
39.26 294.29
39.27 292.99
39.28 300.69
39.29 308.42
39.3 311.13
39.31 300.86
39.32 291.91
39.33 288.16
39.34 282.47
39.35 272.08
39.36 270.62
39.37 271.68
39.38 273.71
39.39 275.99
39.4 278.09
39.41 278.9
39.42 278.02
39.43 275.85
39.44 273.5
39.45 272.44
39.46 272.49
39.47 273.14
39.48 273.75
39.49 273.58
39.5 272.87
39.51 273.27
39.52 276.93
39.53 279.19
39.54 275.3
39.55 271.52
39.56 261.2
39.57 238.95
39.58 214.57
39.59 192.8
39.6 162.59
39.61 271.93
39.62 261.72
39.63 62.56
39.64 103.27
39.65 248.67
39.66 282.71
39.67 281.49
39.68 271.49
39.69 257.38
39.7 238.47
39.71 232.25
39.72 230.29
39.73 228.89
39.74 228.59
39.75 230.76
39.76 234.53
39.77 238.06
39.78 240.63
39.79 242.29
39.8 244.02
39.81 245.35
39.82 246.22
39.83 246.04
39.84 244.36
39.85 242.38
39.86 241.2
39.87 240.54
39.88 230.25
39.89 216.47
39.9 209.32
39.91 190.44
39.92 176.95
39.93 162.42
39.94 159.53
39.95 165.75
39.96 189.68
39.97 215.02
39.98 241.08
39.99 263.43
40.0 279.42
40.01 287.6
40.02 290.42
40.03 293.89
40.04 296.39
40.05 295.73
40.06 292.94
40.07 288.89
40.08 284.97
40.09 281.03
40.1 276.5
40.11 274.8
40.12 272.03
40.13 266.88
40.14 266.8
40.15 266.81
40.16 267.46
40.17 268.31
40.18 268.77
40.19 269.47
40.2 270.68
40.21 270.98
40.22 270.88
40.23 271.38
40.24 272.07
40.25 272.13
40.26 271.46
40.27 271.66
40.28 273.72
40.29 276.67
40.3 277.86
40.31 277.11
40.32 275.72
40.33 273.83
40.34 271.31
40.35 269.95
40.36 269.49
40.37 268.23
40.38 265.97
40.39 262.56
40.4 257.31
40.41 252.81
40.42 245.17
40.43 237.7
40.44 227.28
40.45 213.51
40.46 195.17
40.47 176.53
40.48 72.05
40.49 1141.83
40.5 163.89
40.51 75.24
40.52 0.0
40.53 0.0
40.54 0.0
40.55 0.0
40.56 52.31
40.57 0.0
40.58 62.86
40.59 0.0
40.6 0.0
40.61 0.0
40.62 60.71
40.63 60.84
40.64 381.56
40.65 158.9
40.66 60.02
40.67 65.84
40.68 0.0
40.69 0.0
40.7 0.0
40.71 191.96
40.72 184.26
40.73 88.97
40.74 0.0
40.75 0.0
40.76 0.0
40.77 41.26
40.78 0.0
40.79 0.0
40.8 124.53
40.81 0.0
40.82 0.0
40.83 0.0
40.84 0.0
40.85 0.0
40.86 0.0
40.87 0.0
40.88 369.77
40.89 415.58
40.9 188.71
40.91 0.0
40.92 0.0
40.93 308.13
40.94 284.34
40.95 285.15
40.96 278.48
40.97 266.94
40.98 261.45
40.99 258.23
41.0 255.44
41.01 255.86
41.02 258.97
41.03 262.07
41.04 264.81
41.05 267.52
41.06 270.46
41.07 272.63
41.08 274.75
41.09 277.85
41.1 282.6
41.11 286.76
41.12 289.67
41.13 293.26
41.14 298.18
41.15 302.58
41.16 306.11
41.17 309.49
41.18 312.66
41.19 315.01
41.2 316.62
41.21 317.83
41.22 318.55
41.23 318.08
41.24 317.13
41.25 317.01
41.26 317.82
41.27 318.39
41.28 318.32
41.29 319.1
41.3 319.85
41.31 319.6
41.32 319.69
41.33 320.5
41.34 322.06
41.35 323.76
41.36 324.86
41.37 325.3
41.38 325.19
41.39 325.39
41.4 325.39
41.41 324.09
41.42 322.07
41.43 319.67
41.44 315.85
41.45 622.29
41.46 308.54
41.47 310.71
41.48 308.69
41.49 294.45
41.5 299.68
41.51 310.05
41.52 308.81
41.53 311.54
41.54 317.53
41.55 322.69
41.56 325.3
41.57 328.2
41.58 329.82
41.59 328.73
41.6 326.76
41.61 324.0
41.62 320.5
41.63 316.8
41.64 313.9
41.65 311.62
41.66 309.15
41.67 307.12
41.68 307.02
41.69 308.2
41.7 308.54
41.71 309.07
41.72 309.95
41.73 308.68
41.74 300.59
41.75 284.64
41.76 261.09
41.77 230.28
41.78 204.24
41.79 180.27
41.8 164.72
41.81 361.26
41.82 0.0
41.83 72.82
41.84 102.26
41.85 167.5
41.86 326.51
41.87 333.3
41.88 321.74
41.89 307.04
41.9 287.53
41.91 275.92
41.92 270.03
41.93 268.13
41.94 268.25
41.95 268.98
41.96 270.08
41.97 271.71
41.98 273.07
41.99 274.65
42.0 276.61
42.01 277.69
42.02 277.13
42.03 275.8
42.04 274.03
42.05 272.56
42.06 271.59
42.07 270.74
42.08 270.83
42.09 271.77
42.1 272.68
42.11 273.2
42.12 273.72
42.13 274.29
42.14 275.24
42.15 277.6
42.16 281.28
42.17 285.68
42.18 290.16
42.19 294.93
42.2 299.0
42.21 300.04
42.22 299.11
42.23 300.46
42.24 307.3
42.25 315.78
42.26 323.05
42.27 325.47
42.28 321.64
42.29 316.78
42.3 312.02
42.31 307.25
42.32 301.97
42.33 298.42
42.34 297.38
42.35 296.49
42.36 296.32
42.37 297.47
42.38 299.09
42.39 299.81
42.4 299.38
42.41 299.11
42.42 299.41
42.43 300.39
42.44 301.99
42.45 303.72
42.46 305.21
42.47 305.65
42.48 304.54
42.49 302.99
42.5 302.28
42.51 302.79
42.52 303.45
42.53 303.6
42.54 304.36
42.55 305.46
42.56 306.25
42.57 306.65
42.58 306.03
42.59 304.68
42.6 303.9
42.61 303.39
42.62 301.97
42.63 299.59
42.64 296.36
42.65 292.37
42.66 287.7
42.67 282.92
42.68 277.48
42.69 270.65
42.7 261.77
42.71 250.23
42.72 239.37
42.73 229.58
42.74 225.24
42.75 224.31
42.76 224.72
42.77 225.97
42.78 227.19
42.79 228.27
42.8 229.09
42.81 229.13
42.82 229.76
42.83 231.22
42.84 232.44
42.85 233.53
42.86 233.95
42.87 234.63
42.88 236.1
42.89 237.15
42.9 237.45
42.91 238.03
42.92 238.84
42.93 239.49
42.94 239.9
42.95 240.82
42.96 242.75
42.97 245.37
42.98 247.82
42.99 250.37
43.0 251.09
43.01 249.73
43.02 240.42
43.03 232.66
43.04 226.31
43.05 214.27
43.06 198.62
43.07 184.08
43.08 174.71
43.09 152.99
43.1 0.0
43.11 911.78
43.12 163.18
43.13 0.0
43.14 270.32
43.15 254.38
43.16 233.07
43.17 226.8
43.18 225.19
43.19 224.69
43.2 225.45
43.21 226.45
43.22 227.43
43.23 228.55
43.24 228.67
43.25 227.53
43.26 226.08
43.27 225.48
43.28 225.67
43.29 226.21
43.3 227.49
43.31 229.66
43.32 232.19
43.33 234.17
43.34 233.99
43.35 231.66
43.36 229.1
43.37 226.24
43.38 223.63
43.39 221.58
43.4 220.0
43.41 219.96
43.42 220.84
43.43 220.5
43.44 218.82
43.45 216.57
43.46 211.99
43.47 205.02
43.48 196.35
43.49 183.34
43.5 171.5
43.51 163.17
43.52 153.68
43.53 172.58
43.54 60.39
43.55 66.99
43.56 340.55
43.57 64.02
43.58 279.4
43.59 291.21
43.6 71.48
43.61 301.17
43.62 297.92
43.63 308.29
43.64 111.55
43.65 72.01
43.66 187.99
43.67 0.0
43.68 208.54
43.69 201.55
43.7 201.89
43.71 202.28
43.72 205.82
43.73 213.7
43.74 221.74
43.75 229.88
43.76 235.5
43.77 236.85
43.78 239.67
43.79 244.19
43.8 248.85
43.81 254.32
43.82 258.11
43.83 261.75
43.84 266.04
43.85 269.93
43.86 272.98
43.87 275.76
43.88 278.34
43.89 280.59
43.9 281.46
43.91 282.04
43.92 282.68
43.93 283.63
43.94 284.36
43.95 285.32
43.96 287.49
43.97 290.62
43.98 293.54
43.99 295.41
44.0 295.4
44.01 294.21
44.02 293.14
44.03 292.74
44.04 292.93
44.05 293.19
44.06 293.31
44.07 293.49
44.08 293.35
44.09 293.13
44.1 293.76
44.11 294.43
44.12 294.65
44.13 294.81
44.14 295.13
44.15 295.78
44.16 296.42
44.17 296.69
44.18 297.25
44.19 297.92
44.2 298.14
44.21 298.52
44.22 299.91
44.23 301.37
44.24 301.45
44.25 300.33
44.26 298.87
44.27 297.73
44.28 297.56
44.29 298.65
44.3 300.03
44.31 300.91
44.32 301.22
44.33 300.99
44.34 301.22
44.35 302.97
44.36 305.09
44.37 305.48
44.38 304.41
44.39 303.8
44.4 303.63
44.41 302.87
44.42 301.66
44.43 301.15
44.44 302.07
44.45 302.94
44.46 302.45
44.47 301.0
44.48 299.95
44.49 300.71
44.5 302.7
44.51 304.19
44.52 304.24
44.53 303.02
44.54 301.65
44.55 300.62
44.56 300.11
44.57 300.71
44.58 301.69
44.59 302.19
44.6 302.51
44.61 303.32
44.62 303.57
44.63 302.95
44.64 302.58
44.65 302.89
44.66 302.94
44.67 302.66
44.68 302.59
44.69 302.8
44.7 302.97
44.71 303.21
44.72 303.49
44.73 302.83
44.74 301.87
44.75 301.24
44.76 301.31
44.77 301.95
44.78 302.22
44.79 302.46
44.8 303.03
44.81 304.16
44.82 305.47
44.83 306.18
44.84 306.98
44.85 306.88
44.86 306.42
44.87 306.36
44.88 305.73
44.89 305.79
44.9 306.34
44.91 306.77
44.92 306.68
44.93 305.84
44.94 306.12
44.95 306.36
44.96 304.91
44.97 303.52
44.98 303.01
44.99 302.28
45.0 301.5
45.01 301.24
45.02 301.64
45.03 302.37
45.04 302.75
45.05 302.9
45.06 304.37
45.07 307.39
45.08 308.18
45.09 306.57
45.1 306.98
45.11 308.19
45.12 308.42
45.13 308.85
45.14 311.02
45.15 313.21
45.16 314.19
45.17 314.3
45.18 312.84
45.19 310.64
45.2 308.69
45.21 306.93
45.22 304.87
45.23 302.83
45.24 302.17
45.25 301.94
45.26 302.31
45.27 302.91
45.28 302.35
45.29 301.99
45.3 303.43
45.31 306.21
45.32 308.22
45.33 308.1
45.34 307.18
45.35 306.59
45.36 306.45
45.37 309.16
45.38 314.0
45.39 317.03
45.4 317.52
45.41 317.57
45.42 317.88
45.43 316.45
45.44 312.69
45.45 307.09
45.46 301.95
45.47 300.12
45.48 298.03
45.49 295.76
45.5 295.31
45.51 294.55
45.52 294.2
45.53 295.72
45.54 298.5
45.55 300.78
45.56 301.94
45.57 302.88
45.58 303.81
45.59 304.82
45.6 305.86
45.61 305.8
45.62 304.98
45.63 303.56
45.64 301.71
45.65 299.86
45.66 299.02
45.67 299.75
45.68 300.54
45.69 301.62
45.7 302.89
45.71 303.68
45.72 303.67
45.73 303.06
45.74 302.68
45.75 302.8
45.76 302.44
45.77 301.55
45.78 301.05
45.79 300.94
45.8 301.3
45.81 302.22
45.82 302.92
45.83 302.44
45.84 301.54
45.85 301.69
45.86 302.47
45.87 302.92
45.88 302.46
45.89 302.07
45.9 302.31
45.91 301.97
45.92 300.79
45.93 299.47
45.94 298.19
45.95 297.22
45.96 296.71
45.97 296.48
45.98 297.06
45.99 298.17
46.0 298.77
46.01 299.61
46.02 301.17
46.03 302.58
46.04 303.16
46.05 302.65
46.06 301.99
46.07 301.56
46.08 300.95
46.09 300.88
46.1 301.28
46.11 301.38
46.12 300.95
46.13 300.33
46.14 299.95
46.15 300.07
46.16 300.48
46.17 300.35
46.18 300.18
46.19 300.24
46.2 300.06
46.21 300.51
46.22 301.23
46.23 301.91
46.24 302.33
46.25 301.79
46.26 300.93
46.27 300.08
46.28 299.74
46.29 300.05
46.3 300.62
46.31 302.14
46.32 303.55
46.33 302.98
46.34 300.55
46.35 297.68
46.36 295.48
46.37 294.89
46.38 295.11
46.39 294.73
46.4 294.25
46.41 294.32
46.42 293.81
46.43 292.19
46.44 289.82
46.45 286.69
46.46 283.18
46.47 282.96
46.48 287.75
46.49 290.65
46.5 288.02
46.51 283.14
46.52 274.03
46.53 258.78
46.54 238.91
46.55 228.64
46.56 669.1
46.57 0.0
46.58 0.0
46.59 103.97
46.6 0.0
46.61 0.0
46.62 60.94
46.63 0.0
46.64 0.0
46.65 0.0
46.66 0.0
46.67 0.0
46.68 0.0
46.69 64.8
46.7 0.0
46.71 0.0
46.72 0.0
46.73 64.12
46.74 0.0
46.75 65.0
46.76 64.36
46.77 63.84
46.78 0.0
46.79 0.0
46.8 0.0
46.81 60.44
46.82 62.42
46.83 234.88
46.84 0.0
46.85 86.33
46.86 65.74
46.87 64.33
46.88 63.39
46.89 65.11
46.9 66.6
46.91 108.22
46.92 0.0
46.93 0.0
46.94 0.0
46.95 0.0
46.96 0.0
46.97 0.0
46.98 33.76
46.99 0.0
47.0 0.0
47.01 0.0
47.02 0.0
47.03 0.0
47.04 0.0
47.05 0.0
47.06 0.0
47.07 0.0
47.08 0.0
47.09 0.0
47.1 313.77
47.11 313.14
47.12 308.51
47.13 291.92
47.14 290.95
47.15 283.74
47.16 276.53
47.17 273.63
47.18 268.61
47.19 261.8
47.2 256.94
47.21 252.75
47.22 250.97
47.23 252.63
47.24 255.51
47.25 258.49
47.26 259.66
47.27 262.25
47.28 266.52
47.29 271.25
47.3 277.12
47.31 282.06
47.32 285.7
47.33 288.99
47.34 292.85
47.35 296.35
47.36 298.82
47.37 301.7
47.38 305.31
47.39 307.39
47.4 308.42
47.41 310.18
47.42 312.87
47.43 314.59
47.44 314.94
47.45 316.07
47.46 318.1
47.47 319.11
47.48 318.87
47.49 317.94
47.5 317.17
47.51 316.94
47.52 317.28
47.53 318.11
47.54 319.13
47.55 319.94
47.56 319.91
47.57 319.66
47.58 319.29
47.59 319.47
47.6 321.19
47.61 322.74
47.62 323.24
47.63 324.15
47.64 325.73
47.65 326.26
47.66 325.64
47.67 325.14
47.68 324.16
47.69 323.49
47.7 323.09
47.71 322.31
47.72 322.2
47.73 322.45
47.74 322.75
47.75 323.58
47.76 325.48
47.77 326.82
47.78 325.38
47.79 322.4
47.8 320.11
47.81 318.92
47.82 317.87
47.83 317.01
47.84 317.37
47.85 318.51
47.86 318.71
47.87 317.34
47.88 316.4
47.89 316.82
47.9 316.63
47.91 315.43
47.92 312.98
47.93 309.52
47.94 306.25
47.95 302.3
47.96 298.07
47.97 296.52
47.98 297.62
47.99 298.75
48.0 299.19
48.01 300.72
48.02 303.72
48.03 307.26
48.04 310.73
48.05 313.02
48.06 313.88
48.07 314.5
48.08 316.29
48.09 318.1
48.1 317.94
48.11 315.76
48.12 312.79
48.13 310.13
48.14 308.17
48.15 307.18
48.16 306.35
48.17 305.01
48.18 304.35
48.19 304.23
48.2 303.77
48.21 303.49
48.22 304.61
48.23 306.11
48.24 306.37
48.25 306.15
48.26 306.45
48.27 307.05
48.28 307.95
48.29 308.17
48.3 307.6
48.31 306.82
48.32 304.6
48.33 302.16
48.34 301.29
48.35 301.01
48.36 300.61
48.37 301.14
48.38 301.89
48.39 301.33
48.4 301.01
48.41 302.03
48.42 303.54
48.43 304.79
48.44 305.32
48.45 304.62
48.46 303.2
48.47 301.58
48.48 300.16
48.49 298.57
48.5 297.77
48.51 298.29
48.52 298.97
48.53 299.77
48.54 300.28
48.55 299.72
48.56 296.26
48.57 287.44
48.58 280.33
48.59 280.28
48.6 280.87
48.61 275.08
48.62 263.16
48.63 251.42
48.64 226.17
48.65 217.11
48.66 0.0
48.67 0.0
48.68 230.98
48.69 257.1
48.7 244.19
48.71 220.06
48.72 196.08
48.73 188.21
48.74 187.41
48.75 189.26
48.76 190.88
48.77 192.36
48.78 195.1
48.79 198.92
48.8 202.18
48.81 204.5
48.82 205.77
48.83 206.82
48.84 207.73
48.85 208.11
48.86 207.91
48.87 207.71
48.88 208.62
48.89 210.2
48.9 211.8
48.91 213.69
48.92 216.05
48.93 218.38
48.94 220.44
48.95 221.36
48.96 221.97
48.97 222.97
48.98 224.3
48.99 225.81
49.0 226.48
49.01 226.13
49.02 224.38
49.03 221.34
49.04 218.83
49.05 216.64
49.06 214.48
49.07 213.26
49.08 213.5
49.09 214.81
49.1 217.06
49.11 219.44
49.12 221.71
49.13 223.46
49.14 223.62
49.15 222.49
49.16 221.13
49.17 220.2
49.18 219.44
49.19 218.26
49.2 217.33
49.21 217.61
49.22 218.9
49.23 220.14
49.24 220.5
49.25 220.41
49.26 220.49
49.27 221.24
49.28 222.45
49.29 223.15
49.3 223.22
49.31 223.28
49.32 223.45
49.33 223.36
49.34 222.91
49.35 222.7
49.36 222.88
49.37 218.12
49.38 209.62
49.39 215.29
49.4 222.78
49.41 230.72
49.42 238.98
49.43 245.81
49.44 252.31
49.45 255.47
49.46 253.51
49.47 248.63
49.48 242.26
49.49 236.89
49.5 231.57
49.51 225.74
49.52 223.61
49.53 224.19
49.54 225.08
49.55 226.58
49.56 228.77
49.57 231.76
49.58 234.09
49.59 234.95
49.6 234.7
49.61 233.46
49.62 232.08
49.63 230.54
49.64 229.41
49.65 228.43
49.66 228.49
49.67 229.21
49.68 229.41
49.69 230.35
49.7 232.38
49.71 234.08
49.72 235.34
49.73 236.82
49.74 238.62
49.75 239.55
49.76 240.43
49.77 242.2
49.78 244.19
49.79 245.12
49.8 246.32
49.81 247.69
49.82 247.16
49.83 245.17
49.84 242.3
49.85 238.64
49.86 236.86
49.87 235.77
49.88 235.0
49.89 234.72
49.9 235.17
49.91 236.68
49.92 238.27
49.93 239.94
49.94 241.85
49.95 244.81
49.96 247.36
49.97 247.17
49.98 245.85
49.99 245.07
50.0 244.54
50.01 243.61
50.02 241.74
50.03 239.38
50.04 236.97
50.05 235.57
50.06 235.05
50.07 234.6
50.08 235.15
50.09 236.42
50.1 237.98
50.11 240.16
50.12 241.45
50.13 242.14
50.14 241.92
50.15 241.76
50.16 241.41
50.17 240.96
50.18 240.09
50.19 239.06
50.2 238.39
50.21 237.75
50.22 237.59
50.23 237.5
50.24 237.2
50.25 236.68
50.26 235.42
50.27 234.41
50.28 234.29
50.29 233.93
50.3 232.66
50.31 233.56
50.32 234.65
50.33 235.11
50.34 236.61
50.35 238.24
50.36 241.41
50.37 245.97
50.38 250.6
50.39 254.95
50.4 260.5
50.41 264.98
50.42 268.65
50.43 270.84
50.44 272.23
50.45 272.79
50.46 271.99
50.47 269.54
50.48 265.88
50.49 261.45
50.5 258.24
50.51 256.88
50.52 257.52
50.53 259.07
50.54 261.29
50.55 263.4
50.56 264.6
50.57 264.13
50.58 262.97
50.59 262.14
50.6 261.91
50.61 262.24
50.62 263.43
50.63 264.67
50.64 265.14
50.65 264.01
50.66 262.72
50.67 262.05
50.68 261.11
50.69 260.37
50.7 259.88
50.71 259.69
50.72 260.11
50.73 261.11
50.74 262.59
50.75 264.31
50.76 265.04
50.77 264.62
50.78 264.28
50.79 264.15
50.8 263.98
50.81 264.07
50.82 264.38
50.83 265.04
50.84 265.45
50.85 265.58
50.86 265.03
50.87 264.4
50.88 264.45
50.89 264.5
50.9 264.4
50.91 264.22
50.92 264.48
50.93 264.79
50.94 264.07
50.95 263.19
50.96 262.63
50.97 261.94
50.98 261.29
50.99 261.41
51.0 263.08
51.01 264.95
51.02 267.17
51.03 268.7
51.04 269.21
51.05 268.8
51.06 268.01
51.07 267.72
51.08 268.0
51.09 268.15
51.1 268.2
51.11 268.25
51.12 268.82
51.13 269.59
51.14 269.28
51.15 267.57
51.16 265.57
51.17 263.83
51.18 263.51
51.19 264.2
51.2 264.54
51.21 264.3
51.22 264.08
51.23 264.82
51.24 266.03
51.25 266.1
51.26 264.93
51.27 264.2
51.28 263.81
51.29 263.7
51.3 264.97
51.31 266.55
51.32 267.43
51.33 267.92
51.34 268.22
51.35 268.95
51.36 269.79
51.37 270.01
51.38 269.46
51.39 268.59
51.4 267.87
51.41 268.44
51.42 269.37
51.43 269.38
51.44 268.49
51.45 267.04
51.46 265.65
51.47 265.58
51.48 266.02
51.49 266.33
51.5 266.81
51.51 266.35
51.52 265.35
51.53 264.8
51.54 264.65
51.55 264.96
51.56 265.65
51.57 266.55
51.58 267.98
51.59 269.25
51.6 269.43
51.61 268.2
51.62 266.11
51.63 265.02
51.64 265.2
51.65 266.43
51.66 268.14
51.67 269.35
51.68 269.45
51.69 269.01
51.7 267.89
51.71 265.95
51.72 263.78
51.73 262.67
51.74 264.26
51.75 266.49
51.76 268.4
51.77 269.01
51.78 268.58
51.79 267.71
51.8 267.83
51.81 268.65
51.82 268.94
51.83 268.93
51.84 268.6
51.85 267.94
51.86 267.61
51.87 267.41
51.88 267.35
51.89 267.09
51.9 267.04
51.91 267.44
51.92 267.67
51.93 268.24
51.94 269.16
51.95 269.55
51.96 268.66
51.97 266.91
51.98 265.96
51.99 266.31
52.0 267.45
52.01 269.29
52.02 271.16
52.03 271.72
52.04 271.13
52.05 270.66
52.06 270.08
52.07 269.33
52.08 268.73
52.09 269.05
52.1 270.45
52.11 271.76
52.12 272.12
52.13 271.97
52.14 272.34
52.15 272.46
52.16 271.75
52.17 270.47
52.18 269.43
52.19 268.84
52.2 268.11
52.21 267.01
52.22 266.46
52.23 266.12
52.24 265.19
52.25 264.71
52.26 264.45
52.27 263.92
52.28 264.18
52.29 266.01
52.3 267.49
52.31 268.46
52.32 269.15
52.33 269.17
52.34 269.1
52.35 269.69
52.36 272.84
52.37 278.93
52.38 284.73
52.39 288.77
52.4 291.5
52.41 290.56
52.42 284.62
52.43 271.34
52.44 209.83
52.45 66.92
52.46 1089.1
52.47 374.58
52.48 0.0
52.49 0.0
52.5 0.0
52.51 0.0
52.52 0.0
52.53 0.0
52.54 0.0
52.55 77.65
52.56 63.21
52.57 0.0
52.58 62.58
52.59 0.0
52.6 0.0
52.61 60.03
52.62 0.0
52.63 76.99
52.64 60.58
52.65 0.0
52.66 0.0
52.67 0.0
52.68 65.78
52.69 72.71
52.7 74.63
52.71 76.4
52.72 77.05
52.73 178.52
52.74 62.66
52.75 253.38
52.76 0.0
52.77 0.0
52.78 65.79
52.79 0.0
52.8 0.0
52.81 0.0
52.82 0.0
52.83 0.0
52.84 0.0
52.85 73.8
52.86 0.0
52.87 0.0
52.88 62.61
52.89 56.41
52.9 65.48
52.91 353.36
52.92 414.22
52.93 126.7
52.94 0.0
52.95 68.32
52.96 0.0
52.97 0.0
52.98 0.0
52.99 0.0
53.0 0.0
53.01 0.0
53.02 0.0
53.03 86.84
53.04 93.61
53.05 90.17
53.06 114.04
53.07 0.0
53.08 0.0
53.09 0.0
53.1 133.7
53.11 91.45
53.12 96.25
53.13 96.85
53.14 131.98
53.15 514.04
53.16 320.5
53.17 322.44
53.18 280.42
53.19 263.7
53.2 255.17
53.21 248.97
53.22 247.07
53.23 246.32
53.24 246.45
53.25 247.22
53.26 248.22
53.27 247.86
53.28 249.47
53.29 254.86
53.3 260.75
53.31 264.08
53.32 267.55
53.33 272.03
53.34 276.0
53.35 279.63
53.36 280.61
53.37 280.91
53.38 283.73
53.39 286.87
53.4 288.88
53.41 290.35
53.42 292.29
53.43 294.22
53.44 295.38
53.45 296.31
53.46 298.17
53.47 301.12
53.48 304.02
53.49 305.03
53.5 305.09
53.51 305.34
53.52 304.5
53.53 303.73
53.54 304.49
53.55 305.51
53.56 305.46
53.57 305.42
53.58 306.15
53.59 306.3
53.6 304.82
53.61 302.24
53.62 299.83
53.63 299.45
53.64 300.93
53.65 303.08
53.66 303.85
53.67 303.11
53.68 302.56
53.69 302.79
53.7 304.23
53.71 305.89
53.72 306.76
53.73 306.88
53.74 306.12
53.75 304.0
53.76 301.04
53.77 298.3
53.78 297.61
53.79 298.5
53.8 298.62
53.81 297.66
53.82 295.49
53.83 293.82
53.84 293.72
53.85 293.8
53.86 294.24
53.87 296.33
53.88 299.81
53.89 303.94
53.9 307.57
53.91 308.93
53.92 308.39
53.93 307.17
53.94 305.49
53.95 303.63
53.96 302.11
53.97 300.96
53.98 300.03
53.99 299.19
54.0 298.41
54.01 298.55
54.02 300.21
54.03 301.78
54.04 302.61
54.05 302.83
54.06 301.5
54.07 300.23
54.08 300.12
54.09 300.01
54.1 299.08
54.11 298.29
54.12 298.44
54.13 298.73
54.14 299.66
54.15 301.17
54.16 302.0
54.17 302.14
54.18 301.59
54.19 300.37
54.2 299.97
54.21 300.42
54.22 300.63
54.23 300.66
54.24 299.99
54.25 298.03
54.26 296.42
54.27 296.81
54.28 298.83
54.29 301.05
54.3 301.87
54.31 301.71
54.32 301.17
54.33 299.56
54.34 297.7
54.35 297.35
54.36 298.12
54.37 297.95
54.38 296.36
54.39 295.18
54.4 295.67
54.41 295.56
54.42 290.8
54.43 279.26
54.44 263.42
54.45 244.97
54.46 225.36
54.47 208.98
54.48 194.67
54.49 184.81
54.5 185.18
54.51 196.23
54.52 210.79
54.53 226.99
54.54 242.53
54.55 280.18
54.56 76.21
54.57 272.17
54.58 265.19
54.59 160.43
54.6 85.95
54.61 330.84
54.62 200.03
54.63 391.11
54.64 379.67
54.65 361.98
54.66 341.42
54.67 327.29
54.68 317.32
54.69 312.55
54.7 308.32
54.71 304.65
54.72 301.73
54.73 300.54
54.74 301.09
54.75 301.6
54.76 301.35
54.77 300.67
54.78 300.66
54.79 300.96
54.8 300.56
54.81 300.04
54.82 299.93
54.83 300.13
54.84 300.42
54.85 300.68
54.86 300.93
54.87 301.66
54.88 303.19
54.89 304.18
54.9 303.93
54.91 304.29
54.92 305.35
54.93 305.28
54.94 304.34
54.95 303.44
54.96 302.56
54.97 301.14
54.98 299.58
54.99 298.64
55.0 298.15
55.01 297.83
55.02 297.51
55.03 296.73
55.04 296.15
55.05 295.47
55.06 294.45
55.07 293.83
55.08 294.53
55.09 295.76
55.1 296.74
55.11 297.08
55.12 296.68
55.13 296.52
55.14 296.4
55.15 295.41
55.16 293.98
55.17 293.56
55.18 295.37
55.19 298.89
55.2 299.63
55.21 293.9
55.22 286.7
55.23 278.22
55.24 269.82
55.25 263.43
55.26 257.76
55.27 252.23
55.28 247.03
55.29 241.08
55.3 235.48
55.31 234.07
55.32 237.85
55.33 246.92
55.34 261.92
55.35 284.6
55.36 309.46
55.37 322.49
55.38 324.49
55.39 323.09
55.4 321.62
55.41 318.84
55.42 312.83
55.43 306.73
55.44 303.38
55.45 302.08
55.46 301.62
55.47 301.71
55.48 302.12
55.49 302.43
55.5 301.77
55.51 300.62
55.52 300.47
55.53 303.49
55.54 307.9
55.55 307.24
55.56 304.59
55.57 302.08
55.58 300.26
55.59 299.59
55.6 298.7
55.61 298.69
55.62 299.61
55.63 299.78
55.64 302.12
55.65 305.24
55.66 305.55
55.67 303.93
55.68 300.66
55.69 297.02
55.7 296.21
55.71 295.9
55.72 291.32
55.73 281.01
55.74 269.98
55.75 263.11
55.76 256.87
55.77 253.15
55.78 252.55
55.79 254.55
55.8 256.97
55.81 258.96
55.82 259.89
55.83 260.92
55.84 262.88
55.85 265.13
55.86 267.15
55.87 268.44
55.88 269.45
55.89 270.18
55.9 269.89
55.91 269.13
55.92 268.47
55.93 267.51
55.94 266.78
55.95 266.51
55.96 267.58
55.97 269.93
55.98 273.29
55.99 276.26
56.0 277.25
56.01 277.16
56.02 277.32
56.03 276.89
56.04 275.16
56.05 273.92
56.06 274.72
56.07 272.58
56.08 264.09
56.09 257.25
56.1 251.01
56.11 240.06
56.12 220.17
56.13 206.97
56.14 193.91
56.15 216.95
56.16 195.05
56.17 185.81
56.18 223.32
56.19 293.77
56.2 273.59
56.21 262.85
56.22 251.26
56.23 248.2
56.24 248.52
56.25 250.95
56.26 254.88
56.27 257.0
56.28 257.78
56.29 257.71
56.3 257.3
56.31 256.23
56.32 255.11
56.33 255.47
56.34 257.92
56.35 262.1
56.36 264.91
56.37 267.06
56.38 267.87
56.39 267.81
56.4 266.96
56.41 265.76
56.42 265.32
56.43 265.18
56.44 265.37
56.45 265.95
56.46 266.23
56.47 265.51
56.48 264.19
56.49 262.58
56.5 261.09
56.51 260.41
56.52 261.59
56.53 262.7
56.54 262.58
56.55 261.65
56.56 261.1
56.57 261.09
56.58 261.52
56.59 262.36
56.6 263.55
56.61 264.79
56.62 266.0
56.63 267.54
56.64 268.95
56.65 270.06
56.66 270.27
56.67 269.29
56.68 267.74
56.69 266.45
56.7 265.39
56.71 265.23
56.72 266.52
56.73 267.84
56.74 268.18
56.75 267.56
56.76 266.08
56.77 263.4
56.78 261.2
56.79 260.4
56.8 261.7
56.81 263.56
56.82 264.62
56.83 263.22
56.84 255.94
56.85 239.88
56.86 222.41
56.87 204.93
56.88 188.15
56.89 0.0
56.9 0.0
56.91 67.42
56.92 0.0
56.93 107.38
56.94 122.18
56.95 68.89
56.96 0.0
56.97 0.0
56.98 93.95
56.99 81.7
57.0 61.31
57.01 60.79
57.02 88.2
57.03 0.0
57.04 61.37
57.05 0.0
57.06 0.0
57.07 0.0
57.08 0.0
57.09 0.0
57.1 0.0
57.11 0.0
57.12 0.0
57.13 0.0
57.14 0.0
57.15 159.13
57.16 84.11
57.17 0.0
57.18 65.94
57.19 65.45
57.2 0.0
57.21 0.0
57.22 0.0
57.23 0.0
57.24 3.07
57.25 147.81
57.26 0.0
57.27 0.0
57.28 69.22
57.29 0.0
57.3 0.0
57.31 0.0
57.32 0.0
57.33 0.0
57.34 0.0
57.35 0.0
57.36 0.0
57.37 0.0
57.38 0.0
57.39 0.0
57.4 0.0
57.41 0.0
57.42 0.0
57.43 0.0
57.44 0.0
57.45 0.0
57.46 0.0
57.47 63.46
57.48 62.73
57.49 62.71
57.5 0.0
57.51 0.0
57.52 326.69
57.53 319.09
57.54 0.0
57.55 248.19
57.56 269.89
57.57 259.29
57.58 245.19
57.59 246.24
57.6 238.86
57.61 230.86
57.62 233.44
57.63 237.22
57.64 241.76
57.65 247.32
57.66 255.21
57.67 259.69
57.68 264.01
57.69 268.89
57.7 273.47
57.71 276.82
57.72 279.09
57.73 282.46
57.74 285.74
57.75 287.35
57.76 287.69
57.77 286.64
57.78 285.62
57.79 284.95
57.8 284.31
57.81 284.43
57.82 285.41
57.83 286.95
57.84 289.28
57.85 291.26
57.86 292.05
57.87 292.4
57.88 292.83
57.89 292.7
57.9 291.35
57.91 289.5
57.92 286.54
57.93 281.7
57.94 280.42
57.95 282.85
57.96 287.96
57.97 296.02
57.98 301.59
57.99 302.08
58.0 301.48
58.01 298.66
58.02 293.9
58.03 291.21
58.04 290.65
58.05 291.07
58.06 291.97
58.07 292.85
58.08 294.17
58.09 295.93
58.1 297.19
58.11 297.49
58.12 296.89
58.13 296.15
58.14 295.74
58.15 296.26
58.16 297.04
58.17 297.29
58.18 297.29
58.19 296.88
58.2 297.59
58.21 299.85
58.22 301.59
58.23 302.37
58.24 302.49
58.25 302.12
58.26 302.32
58.27 302.44
58.28 301.64
58.29 300.95
58.3 299.51
58.31 298.09
58.32 296.85
58.33 294.93
58.34 293.38
58.35 293.67
58.36 296.78
58.37 299.56
58.38 299.47
58.39 298.85
58.4 298.62
58.41 298.29
58.42 297.99
58.43 298.37
58.44 298.81
58.45 298.7
58.46 299.49
58.47 300.6
58.48 300.36
58.49 299.7
58.5 299.5
58.51 300.4
58.52 302.54
58.53 304.08
58.54 303.35
58.55 301.39
58.56 298.69
58.57 295.69
58.58 293.0
58.59 287.84
58.6 276.06
58.61 269.91
58.62 264.91
58.63 245.43
58.64 212.2
58.65 196.16
58.66 184.55
58.67 101.48
58.68 0.0
58.69 275.62
58.7 274.57
58.71 278.67
58.72 277.62
58.73 277.82
58.74 278.99
58.75 282.0
58.76 286.08
58.77 290.42
58.78 294.14
58.79 297.36
58.8 299.65
58.81 300.12
58.82 299.53
58.83 299.27
58.84 300.06
58.85 301.17
58.86 301.84
58.87 302.67
58.88 303.97
58.89 304.78
58.9 304.39
58.91 303.19
58.92 301.81
58.93 300.91
58.94 299.69
58.95 297.77
58.96 298.59
58.97 302.99
58.98 302.85
58.99 294.37
59.0 277.99
59.01 254.8
59.02 227.88
59.03 207.17
59.04 189.87
59.05 175.96
59.06 158.64
59.07 102.75
59.08 110.92
59.09 83.56
59.1 164.0
59.11 111.55
59.12 357.31
59.13 335.64
59.14 308.63
59.15 296.31
59.16 283.9
59.17 278.94
59.18 279.0
59.19 281.45
59.2 284.86
59.21 287.69
59.22 290.24
59.23 292.08
59.24 293.8
59.25 295.47
59.26 295.73
59.27 293.64
59.28 288.16
59.29 277.32
59.3 273.25
59.31 278.18
59.32 283.67
59.33 288.8
59.34 297.37
59.35 305.95
59.36 306.69
59.37 303.78
59.38 304.41
59.39 305.93
59.4 304.35
59.41 302.19
59.42 297.81
59.43 288.65
59.44 283.99
59.45 288.33
59.46 294.41
59.47 298.54
59.48 300.3
59.49 299.69
59.5 297.14
59.51 295.14
59.52 295.04
59.53 296.53
59.54 297.88
59.55 298.37
59.56 299.63
59.57 301.14
59.58 301.47
59.59 300.99
59.6 300.56
59.61 300.56
59.62 300.91
59.63 301.05
59.64 300.46
59.65 299.19
59.66 297.96
59.67 297.28
59.68 297.13
59.69 297.32
59.7 297.81
59.71 298.81
59.72 299.52
59.73 299.86
59.74 300.37
59.75 300.29
59.76 299.63
59.77 298.47
59.78 295.94
59.79 294.47
59.8 294.65
59.81 295.41
59.82 297.1
59.83 298.64
59.84 298.1
59.85 295.94
59.86 295.39
59.87 296.11
59.88 296.56
59.89 297.19
59.9 297.7
59.91 297.79
59.92 298.49
59.93 299.56
59.94 300.35
59.95 301.43
59.96 303.01
59.97 303.84
59.98 303.45
59.99 302.46
60.0 300.71
60.01 298.55
60.02 296.1
60.03 292.6
60.04 288.37
60.05 284.76
60.06 282.22
60.07 276.1
60.08 260.97
60.09 237.62
60.1 212.96
60.11 193.16
60.12 175.38
60.13 164.03
60.14 175.85
60.15 176.66
60.16 0.0
60.17 350.34
60.18 90.54
60.19 258.74
60.2 240.53
60.21 267.17
60.22 271.23
60.23 330.67
60.24 317.71
60.25 306.69
60.26 298.3
60.27 293.11
60.28 293.86
60.29 293.72
60.3 293.66
60.31 293.78
60.32 293.64
60.33 293.9
60.34 294.59
60.35 295.81
60.36 296.42
60.37 295.44
60.38 293.42
60.39 291.84
60.4 291.73
60.41 292.18
60.42 293.14
60.43 294.41
60.44 295.34
60.45 295.92
60.46 296.43
60.47 297.1
60.48 297.84
60.49 298.03
60.5 297.17
60.51 295.61
60.52 294.32
60.53 293.61
60.54 293.23
60.55 293.27
60.56 293.96
60.57 295.29
60.58 296.05
60.59 296.22
60.6 296.51
60.61 296.9
60.62 297.12
60.63 297.01
60.64 297.13
60.65 297.76
60.66 298.67
60.67 300.35
60.68 302.39
60.69 303.88
60.7 304.34
60.71 304.09
60.72 303.79
60.73 302.99
60.74 301.42
60.75 299.54
60.76 297.68
60.77 296.86
60.78 297.36
60.79 298.38
60.8 299.17
60.81 299.84
60.82 300.91
60.83 301.91
60.84 302.62
60.85 303.44
60.86 304.46
60.87 304.95
60.88 304.64
60.89 303.98
60.9 302.84
60.91 301.41
60.92 300.41
60.93 300.01
60.94 299.69
60.95 299.52
60.96 299.24
60.97 298.8
60.98 299.18
60.99 299.66
61.0 299.9
61.01 300.56
61.02 301.86
61.03 302.8
61.04 302.48
61.05 301.87
61.06 301.58
61.07 301.6
61.08 302.76
61.09 304.23
61.1 304.5
61.11 303.72
61.12 302.84
61.13 302.91
61.14 304.56
61.15 305.69
61.16 306.03
61.17 305.94
61.18 305.91
61.19 306.44
61.2 305.94
61.21 304.77
61.22 304.12
61.23 304.06
61.24 304.03
61.25 303.42
61.26 302.7
61.27 302.87
61.28 304.22
61.29 305.7
61.3 306.97
61.31 307.6
61.32 306.34
61.33 303.31
61.34 299.01
61.35 293.27
61.36 287.27
61.37 283.2
61.38 277.34
61.39 266.2
61.4 257.04
61.41 247.56
61.42 237.83
61.43 233.18
61.44 232.42
61.45 233.69
61.46 236.13
61.47 238.54
61.48 239.92
61.49 240.23
61.5 239.92
61.51 238.29
61.52 235.58
61.53 232.69
61.54 231.07
61.55 230.76
61.56 231.46
61.57 232.52
61.58 234.16
61.59 236.27
61.6 239.14
61.61 243.55
61.62 247.22
61.63 249.57
61.64 249.9
61.65 248.79
61.66 246.99
61.67 244.45
61.68 242.28
61.69 239.07
61.7 235.57
61.71 232.86
61.72 232.96
61.73 232.66
61.74 228.68
61.75 229.04
61.76 232.21
61.77 235.79
61.78 239.38
61.79 243.1
61.8 252.6
61.81 277.42
61.82 289.25
61.83 318.92
61.84 298.65
61.85 282.97
61.86 275.41
61.87 267.65
61.88 254.34
61.89 251.0
61.9 248.48
61.91 246.88
61.92 245.67
61.93 245.41
61.94 246.6
61.95 248.79
61.96 250.31
61.97 251.23
61.98 252.06
61.99 253.65
62.0 254.96
62.01 256.32
62.02 258.65
62.03 260.65
62.04 262.27
62.05 263.76
62.06 266.14
62.07 268.22
62.08 269.95
62.09 271.23
62.1 272.68
62.11 273.95
62.12 274.11
62.13 272.58
62.14 270.26
62.15 268.01
62.16 265.62
62.17 264.1
62.18 264.37
62.19 265.22
62.2 265.42
62.21 266.13
62.22 267.85
62.23 269.59
62.24 271.11
62.25 272.42
62.26 273.19
62.27 273.46
62.28 273.59
62.29 273.82
62.3 274.02
62.31 274.59
62.32 275.18
62.33 274.45
62.34 272.82
62.35 270.88
62.36 269.32
62.37 269.65
62.38 270.61
62.39 271.47
62.4 272.17
62.41 272.67
62.42 274.07
62.43 275.79
62.44 277.44
62.45 278.82
62.46 279.2
62.47 278.28
62.48 278.03
62.49 279.69
62.5 282.09
62.51 281.99
62.52 280.99
62.53 279.1
62.54 274.64
62.55 268.0
62.56 262.74
62.57 259.66
62.58 258.7
62.59 258.18
62.6 257.31
62.61 254.49
62.62 252.43
62.63 256.14
62.64 261.68
62.65 263.11
62.66 248.8
62.67 238.22
62.68 237.63
62.69 241.45
62.7 248.69
62.71 257.23
62.72 266.28
62.73 274.43
62.74 280.28
62.75 281.49
62.76 277.75
62.77 272.11
62.78 269.66
62.79 268.62
62.8 267.2
62.81 266.13
62.82 266.09
62.83 267.05
62.84 267.85
62.85 267.55
62.86 267.12
62.87 267.37
62.88 267.79
62.89 267.97
62.9 267.18
62.91 265.64
62.92 264.01
62.93 261.33
62.94 257.22
62.95 253.15
62.96 249.89
62.97 238.43
62.98 204.16
62.99 148.83
63.0 64.98
63.01 0.0
63.02 0.0
63.03 62.91
63.04 62.37
63.05 1337.43
63.06 1365.2
63.07 129.14
63.08 129.98
63.09 61.62
63.1 61.35
63.11 61.16
63.12 61.57
63.13 72.88
63.14 1642.56
63.15 1536.36
63.16 1372.82
63.17 1638.22
63.18 1558.67
63.19 1288.43
63.2 1025.56
63.21 65.11
63.22 1232.56
63.23 1363.23
63.24 1103.4
63.25 1125.92
63.26 949.2
63.27 509.33
63.28 720.63
63.29 1141.12
63.3 1480.3
63.31 61.69
63.32 99.63
63.33 1243.19
63.34 62.29
63.35 1262.2
63.36 74.23
63.37 0.0
63.38 0.0
63.39 215.6
63.4 318.64
63.41 65.59
63.42 301.28
63.43 0.0
63.44 67.13
63.45 1027.66
63.46 1215.75
63.47 0.0
63.48 0.0
63.49 873.66
63.5 1328.22
63.51 1652.04
63.52 1430.1
63.53 1078.38
63.54 1486.44
63.55 73.14
63.56 65.28
63.57 0.0
63.58 0.0
63.59 1321.7
63.6 1882.94
63.61 1765.63
63.62 1447.88
63.63 0.0
63.64 0.0
63.65 0.0
63.66 0.0
63.67 208.01
63.68 0.0
63.69 0.0
63.7 324.46
63.71 293.82
63.72 284.14
63.73 270.1
63.74 260.56
63.75 254.21
63.76 250.07
63.77 248.95
63.78 250.93
63.79 253.0
63.8 253.96
63.81 254.52
63.82 256.1
63.83 257.43
63.84 260.08
63.85 261.88
63.86 264.76
63.87 267.96
63.88 271.4
63.89 277.48
63.9 282.58
63.91 287.39
63.92 291.65
63.93 294.45
63.94 296.67
63.95 298.16
63.96 298.95
63.97 299.53
63.98 300.86
63.99 303.25
64.0 305.46
64.01 306.76
64.02 307.96
64.03 309.06
64.04 309.37
64.05 310.36
64.06 311.54
64.07 312.8
64.08 315.01
64.09 316.65
64.1 316.77
64.11 317.17
64.12 317.87
64.13 318.08
64.14 318.76
64.15 320.4
64.16 321.83
64.17 321.75
64.18 320.83
64.19 319.63
64.2 317.36
64.21 314.47
64.22 311.06
64.23 307.83
64.24 307.78
64.25 311.61
64.26 310.75
64.27 306.63
64.28 302.91
64.29 300.61
64.3 299.7
64.31 299.57
64.32 300.46
64.33 301.94
64.34 303.17
64.35 304.8
64.36 307.2
64.37 308.59
64.38 307.15
64.39 304.23
64.4 301.81
64.41 299.74
64.42 297.42
64.43 295.39
64.44 294.81
64.45 295.75
64.46 297.2
64.47 298.22
64.48 296.92
64.49 292.47
64.5 290.5
64.51 295.3
64.52 303.65
64.53 311.13
64.54 307.75
64.55 300.46
64.56 297.62
64.57 295.07
64.58 289.5
64.59 276.74
64.6 274.12
64.61 274.06
64.62 274.99
64.63 275.5
64.64 276.04
64.65 277.07
64.66 278.25
64.67 278.88
64.68 278.07
64.69 276.34
64.7 274.93
64.71 273.8
64.72 273.2
64.73 272.84
64.74 271.82
64.75 270.42
64.76 270.65
64.77 272.56
64.78 271.03
64.79 266.95
64.8 257.05
64.81 239.5
64.82 219.23
64.83 194.55
64.84 72.0
64.85 77.22
64.86 61.13
64.87 61.68
64.88 110.76
64.89 106.77
64.9 102.67
64.91 297.8
64.92 289.7
64.93 283.75
64.94 275.1
64.95 84.78
64.96 250.71
64.97 238.04
64.98 233.84
64.99 232.51
65.0 232.52
65.01 233.23
65.02 234.35
65.03 235.2
65.04 235.98
65.05 236.92
65.06 237.8
65.07 240.02
65.08 242.6
65.09 244.12
65.1 244.81
65.11 245.44
65.12 246.49
65.13 245.45
65.14 233.26
65.15 219.38
65.16 208.31
65.17 192.7
65.18 182.39
65.19 170.27
65.2 165.82
65.21 178.9
65.22 203.43
65.23 221.93
65.24 242.03
65.25 262.75
65.26 278.26
65.27 286.76
65.28 292.3
65.29 294.61
65.3 295.22
65.31 294.74
65.32 292.06
65.33 288.04
65.34 284.98
65.35 282.66
65.36 279.34
65.37 275.24
65.38 270.89
65.39 268.81
65.4 267.4
65.41 267.44
65.42 268.7
65.43 270.23
65.44 271.99
65.45 273.76
65.46 275.03
65.47 274.97
65.48 273.92
65.49 272.93
65.5 271.93
65.51 270.97
65.52 270.24
65.53 270.21
65.54 271.09
65.55 271.71
65.56 271.45
65.57 271.02
65.58 271.21
65.59 272.3
65.6 272.55
65.61 271.46
65.62 269.84
65.63 267.47
65.64 263.79
65.65 258.46
65.66 253.35
65.67 249.75
65.68 245.82
65.69 238.22
65.7 222.85
65.71 202.6
65.72 221.96
65.73 1033.33
65.74 962.35
65.75 0.0
65.76 0.0
65.77 108.81
65.78 32.95
65.79 176.43
65.8 80.41
65.81 0.0
65.82 0.0
65.83 0.0
65.84 73.17
65.85 61.08
65.86 60.88
65.87 93.06
65.88 0.0
65.89 0.0
65.9 87.0
65.91 230.4
65.92 0.0
65.93 0.0
65.94 0.0
65.95 0.0
65.96 0.0
65.97 0.0
65.98 0.0
65.99 0.0
66.0 0.0
66.01 0.0
66.02 0.0
66.03 0.0
66.04 0.0
66.05 0.0
66.06 0.0
66.07 0.0
66.08 62.52
66.09 448.77
66.1 357.36
66.11 328.44
66.12 323.03
66.13 306.24
66.14 289.62
66.15 279.25
66.16 275.59
66.17 276.93
66.18 278.99
66.19 279.61
66.2 280.01
66.21 280.48
66.22 279.86
66.23 279.29
66.24 279.74
66.25 280.48
66.26 282.21
66.27 285.01
66.28 287.86
66.29 291.44
66.3 295.48
66.31 298.42
66.32 300.31
66.33 301.92
66.34 302.89
66.35 302.49
66.36 301.22
66.37 300.47
66.38 300.82
66.39 302.11
66.4 303.85
66.41 305.32
66.42 306.49
66.43 308.37
66.44 311.41
66.45 314.38
66.46 316.84
66.47 319.23
66.48 321.59
66.49 324.04
66.5 325.29
66.51 326.06
66.52 326.58
66.53 325.68
66.54 323.21
66.55 320.42
66.56 319.1
66.57 319.03
66.58 318.43
66.59 316.9
66.6 315.25
66.61 314.25
66.62 313.26
66.63 312.3
66.64 310.67
66.65 310.44
66.66 314.0
66.67 314.59
66.68 301.72
66.69 298.92
66.7 304.47
66.71 304.02
66.72 305.25
66.73 310.21
66.74 315.69
66.75 318.69
66.76 319.25
66.77 318.68
66.78 316.78
66.79 313.91
66.8 310.65
66.81 307.58
66.82 304.72
66.83 301.87
66.84 300.16
66.85 299.21
66.86 298.48
66.87 298.22
66.88 298.27
66.89 298.45
66.9 298.67
66.91 299.26
66.92 300.44
66.93 301.54
66.94 301.32
66.95 300.33
66.96 298.49
66.97 292.02
66.98 278.62
66.99 254.85
67.0 223.14
67.01 198.38
67.02 177.16
67.03 166.16
67.04 148.71
67.05 0.0
67.06 342.08
67.07 349.77
67.08 287.46
67.09 281.93
67.1 285.87
67.11 283.11
67.12 276.45
67.13 269.77
67.14 265.57
67.15 262.64
67.16 261.18
67.17 261.81
67.18 262.38
67.19 262.48
67.2 261.98
67.21 261.02
67.22 260.15
67.23 259.06
67.24 257.23
67.25 255.92
67.26 255.4
67.27 256.48
67.28 258.06
67.29 260.07
67.3 261.94
67.31 263.65
67.32 264.6
67.33 264.73
67.34 265.15
67.35 266.66
67.36 269.51
67.37 272.86
67.38 276.11
67.39 279.18
67.4 280.69
67.41 279.33
67.42 276.28
67.43 278.03
67.44 287.91
67.45 299.04
67.46 303.69
67.47 308.08
67.48 313.01
67.49 319.14
67.5 321.29
67.51 317.85
67.52 317.04
67.53 314.93
67.54 310.95
67.55 305.42
67.56 300.36
67.57 298.29
67.58 298.49
67.59 298.17
67.6 297.26
67.61 297.28
67.62 298.35
67.63 298.85
67.64 297.66
67.65 294.98
67.66 291.84
67.67 289.73
67.68 289.68
67.69 290.29
67.7 290.22
67.71 289.89
67.72 289.51
67.73 290.0
67.74 292.33
67.75 295.09
67.76 297.0
67.77 297.05
67.78 296.14
67.79 295.87
67.8 296.69
67.81 297.73
67.82 297.51
67.83 296.35
67.84 295.34
67.85 293.73
67.86 290.4
67.87 286.58
67.88 283.08
67.89 278.82
67.9 272.81
67.91 265.25
67.92 256.51
67.93 249.46
67.94 242.0
67.95 237.14
67.96 234.79
67.97 235.0
67.98 236.09
67.99 236.73
68.0 237.4
68.01 239.02
68.02 239.56
68.03 239.05
68.04 240.09
68.05 241.32
68.06 242.16
68.07 242.36
68.08 241.74
68.09 241.4
68.1 241.09
68.11 241.75
68.12 242.31
68.13 241.22
68.14 239.76
68.15 238.83
68.16 239.13
68.17 240.58
68.18 241.53
68.19 241.43
68.2 239.82
68.21 238.68
68.22 238.64
68.23 238.65
68.24 238.27
68.25 233.7
68.26 228.7
68.27 223.43
68.28 214.38
68.29 201.28
68.3 189.84
68.31 178.67
68.32 172.85
68.33 87.33
68.34 0.0
68.35 184.55
68.36 110.05
68.37 278.0
68.38 271.01
68.39 258.49
68.4 245.05
68.41 238.29
68.42 235.71
68.43 234.16
68.44 233.6
68.45 233.88
68.46 234.03
68.47 233.91
68.48 233.52
68.49 231.23
68.5 226.76
68.51 216.1
68.52 194.56
68.53 176.7
68.54 156.65
68.55 132.62
68.56 126.34
68.57 0.0
68.58 0.0
68.59 0.0
68.6 0.0
68.61 0.0
68.62 279.23
68.63 202.05
68.64 0.0
68.65 59.99
68.66 0.0
68.67 0.0
68.68 57.82
68.69 74.96
68.7 104.0
68.71 0.0
68.72 101.61
68.73 100.47
68.74 61.91
68.75 0.0
68.76 0.0
68.77 34.19
68.78 154.11
68.79 0.0
68.8 0.0
68.81 0.0
68.82 0.0
68.83 0.0
68.84 0.0
68.85 0.0
68.86 0.0
68.87 0.0
68.88 119.2
68.89 0.0
68.9 0.0
68.91 0.0
68.92 0.0
68.93 0.0
68.94 0.0
68.95 0.0
68.96 0.0
68.97 0.0
68.98 0.0
68.99 265.94
69.0 0.0
69.01 68.39
69.02 69.47
69.03 61.31
69.04 122.32
69.05 69.47
69.06 329.26
69.07 327.72
69.08 303.6
69.09 111.65
69.1 115.36
69.11 311.65
69.12 304.67
69.13 293.64
69.14 286.76
69.15 283.08
69.16 279.02
69.17 272.3
69.18 265.22
69.19 259.82
69.2 256.31
69.21 255.0
69.22 256.24
69.23 257.94
69.24 259.96
69.25 261.6
69.26 263.08
69.27 264.94
69.28 266.87
69.29 268.52
69.3 269.66
69.31 270.12
69.32 270.18
69.33 271.06
69.34 272.83
69.35 275.07
69.36 277.89
69.37 280.75
69.38 282.58
69.39 283.27
69.4 283.07
69.41 282.53
69.42 282.77
69.43 283.81
69.44 285.03
69.45 286.82
69.46 288.21
69.47 289.31
69.48 289.86
69.49 289.48
69.5 289.34
69.51 289.97
69.52 290.87
69.53 291.71
69.54 292.97
69.55 294.57
69.56 295.36
69.57 295.14
69.58 294.29
69.59 293.43
69.6 294.0
69.61 295.13
69.62 295.94
69.63 296.01
69.64 295.75
69.65 295.8
69.66 295.56
69.67 296.03
69.68 296.77
69.69 296.82
69.7 296.91
69.71 297.04
69.72 297.13
69.73 297.64
69.74 298.51
69.75 298.86
69.76 298.65
69.77 298.12
69.78 297.46
69.79 297.01
69.8 296.41
69.81 295.52
69.82 295.25
69.83 295.42
69.84 295.5
69.85 295.88
69.86 296.11
69.87 296.12
69.88 296.54
69.89 297.25
69.9 298.52
69.91 300.19
69.92 301.18
69.93 301.35
69.94 301.55
69.95 301.02
69.96 299.39
69.97 297.36
69.98 296.02
69.99 295.68
70.0 295.83
70.01 295.99
70.02 295.44
70.03 295.16
70.04 295.4
70.05 296.48
70.06 298.23
70.07 299.7
70.08 300.15
70.09 299.61
70.1 298.99
70.11 299.03
70.12 299.49
70.13 300.0
70.14 299.9
70.15 298.77
70.16 298.26
70.17 299.14
70.18 299.68
70.19 299.82
70.2 300.35
70.21 300.36
70.22 300.1
70.23 300.14
70.24 299.74
70.25 299.55
70.26 300.32
70.27 300.78
70.28 300.69
70.29 300.55
70.3 301.31
70.31 302.26
70.32 302.19
70.33 302.22
70.34 302.96
70.35 303.44
70.36 303.35
70.37 302.86
70.38 301.76
70.39 301.07
70.4 301.45
70.41 302.0
70.42 302.49
70.43 303.65
70.44 304.95
70.45 304.87
70.46 303.68
70.47 302.85
70.48 303.2
70.49 305.42
70.5 308.03
70.51 308.33
70.52 307.37
70.53 306.57
70.54 306.73
70.55 306.76
70.56 306.22
70.57 305.31
70.58 304.39
70.59 303.89
70.6 303.74
70.61 304.25
70.62 304.99
70.63 304.74
70.64 303.9
70.65 303.28
70.66 303.06
70.67 303.83
70.68 304.21
70.69 303.32
70.7 302.7
70.71 302.59
70.72 302.02
70.73 300.75
70.74 299.9
70.75 300.45
70.76 300.7
70.77 299.32
70.78 297.81
70.79 298.09
70.8 300.4
70.81 304.26
70.82 309.05
70.83 313.12
70.84 315.71
70.85 317.31
70.86 318.06
70.87 317.59
70.88 315.95
70.89 314.64
70.9 313.09
70.91 310.28
70.92 306.54
70.93 302.19
70.94 296.84
70.95 291.87
70.96 289.33
70.97 289.55
70.98 292.03
70.99 294.39
71.0 295.84
71.01 297.3
71.02 298.99
71.03 299.98
71.04 300.2
71.05 300.02
71.06 299.87
71.07 299.88
71.08 299.67
71.09 298.89
71.1 297.64
71.11 296.34
71.12 294.99
71.13 294.01
71.14 293.42
71.15 293.94
71.16 295.29
71.17 296.18
71.18 296.76
71.19 297.34
71.2 298.65
71.21 299.88
71.22 299.86
71.23 299.2
71.24 298.92
71.25 299.28
71.26 299.46
71.27 299.46
71.28 299.52
71.29 298.69
71.3 296.68
71.31 294.36
71.32 292.69
71.33 291.99
71.34 291.71
71.35 291.97
71.36 293.86
71.37 296.22
71.38 297.32
71.39 297.95
71.4 298.83
71.41 299.43
71.42 299.06
71.43 298.1
71.44 297.65
71.45 297.77
71.46 297.93
71.47 297.97
71.48 298.01
71.49 297.61
71.5 297.07
71.51 297.08
71.52 297.81
71.53 298.85
71.54 299.24
71.55 299.2
71.56 299.52
71.57 299.75
71.58 299.8
71.59 299.84
71.6 300.05
71.61 300.21
71.62 299.59
71.63 298.34
71.64 297.22
71.65 298.04
71.66 299.9
71.67 300.46
71.68 299.68
71.69 298.92
71.7 299.07
71.71 299.39
71.72 299.14
71.73 298.49
71.74 298.3
71.75 298.88
71.76 299.25
71.77 299.31
71.78 299.31
71.79 298.65
71.8 297.18
71.81 295.91
71.82 295.92
71.83 296.1
71.84 295.78
71.85 295.55
71.86 295.44
71.87 295.55
71.88 295.36
71.89 294.45
71.9 292.75
71.91 292.21
71.92 294.61
71.93 296.49
71.94 294.14
71.95 292.24
71.96 290.97
71.97 290.5
71.98 290.43
71.99 291.13
72.0 291.54
72.01 290.38
72.02 289.75
72.03 287.82
72.04 279.84
72.05 263.22
72.06 246.89
72.07 218.09
72.08 90.57
72.09 0.0
72.1 0.0
72.11 0.0
72.12 0.0
72.13 0.0
72.14 10.45
72.15 0.0
72.16 0.0
72.17 64.19
72.18 65.51
72.19 0.0
72.2 0.0
72.21 0.0
72.22 0.0
72.23 0.0
72.24 0.0
72.25 62.23
72.26 0.0
72.27 189.77
72.28 41.45
72.29 0.0
72.3 0.0
72.31 0.0
72.32 0.0
72.33 68.77
72.34 690.5
72.35 0.0
72.36 0.0
72.37 0.0
72.38 0.0
72.39 0.0
72.4 64.42
72.41 64.2
72.42 0.0
72.43 96.08
72.44 0.0
72.45 60.38
72.46 0.0
72.47 0.0
72.48 0.0
72.49 0.0
72.5 0.0
72.51 0.0
72.52 0.0
72.53 0.0
72.54 0.0
72.55 0.0
72.56 0.0
72.57 170.2
72.58 172.43
72.59 0.0
72.6 0.0
72.61 0.0
72.62 0.0
72.63 0.0
72.64 0.0
72.65 0.0
72.66 0.0
72.67 0.0
72.68 0.0
72.69 348.9
72.7 334.81
72.71 323.95
72.72 306.38
72.73 295.7
72.74 287.6
72.75 282.36
72.76 278.18
72.77 274.84
72.78 271.99
72.79 272.02
72.8 276.54
72.81 277.75
72.82 274.96
72.83 279.19
72.84 284.52
72.85 288.41
72.86 290.7
72.87 293.11
72.88 296.4
72.89 299.32
72.9 301.92
72.91 304.28
72.92 306.42
72.93 309.11
72.94 311.91
72.95 314.27
72.96 316.04
72.97 317.15
72.98 316.62
72.99 314.66
73.0 312.38
73.01 310.98
73.02 309.85
73.03 309.61
73.04 311.84
73.05 315.08
73.06 317.27
73.07 319.05
73.08 321.27
73.09 324.16
73.1 327.43
73.11 331.79
73.12 334.9
73.13 336.64
73.14 337.38
73.15 335.39
73.16 331.9
73.17 328.76
73.18 325.37
73.19 318.8
73.2 310.48
73.21 302.62
73.22 297.87
73.23 296.43
73.24 297.03
73.25 299.37
73.26 303.49
73.27 309.93
73.28 317.19
73.29 322.35
73.3 325.32
73.31 326.54
73.32 324.92
73.33 322.02
73.34 321.09
73.35 320.81
73.36 318.68
73.37 315.7
73.38 313.1
73.39 310.17
73.4 307.07
73.41 305.58
73.42 305.6
73.43 304.95
73.44 304.33
73.45 305.43
73.46 307.34
73.47 309.69
73.48 312.06
73.49 312.79
73.5 312.35
73.51 311.85
73.52 311.04
73.53 309.65
73.54 307.64
73.55 305.41
73.56 303.31
73.57 301.27
73.58 300.51
73.59 301.57
73.6 303.63
73.61 306.03
73.62 307.72
73.63 308.9
73.64 309.66
73.65 310.18
73.66 310.2
73.67 308.23
73.68 305.18
73.69 302.68
73.7 300.76
73.71 298.9
73.72 297.41
73.73 297.6
73.74 298.95
73.75 300.09
73.76 302.17
73.77 305.58
73.78 309.0
73.79 311.58
73.8 313.49
73.81 314.84
73.82 315.06
73.83 313.32
73.84 310.3
73.85 307.58
73.86 305.35
73.87 302.39
73.88 298.92
73.89 295.85
73.9 294.39
73.91 294.77
73.92 295.93
73.93 296.94
73.94 298.02
73.95 299.72
73.96 301.29
73.97 302.46
73.98 303.62
73.99 304.43
74.0 304.17
74.01 302.25
74.02 299.93
74.03 299.03
74.04 298.9
74.05 297.9
74.06 295.59
74.07 293.55
74.08 292.5
74.09 293.14
74.1 294.96
74.11 296.79
74.12 297.9
74.13 297.99
74.14 298.1
74.15 298.64
74.16 298.77
74.17 298.71
74.18 300.07
74.19 300.79
74.2 299.15
74.21 297.0
74.22 295.21
74.23 294.14
74.24 293.09
74.25 290.19
74.26 284.24
74.27 273.69
74.28 265.35
74.29 262.6
74.3 260.75
74.31 255.55
74.32 246.33
74.33 237.19
74.34 227.93
74.35 224.71
74.36 249.06
74.37 258.05
74.38 251.87
74.39 242.2
74.4 224.91
74.41 199.53
74.42 186.66
74.43 183.87
74.44 185.67
74.45 188.09
74.46 190.33
74.47 194.44
74.48 199.72
74.49 204.17
74.5 206.55
74.51 207.16
74.52 207.13
74.53 206.85
74.54 207.27
74.55 208.19
74.56 209.4
74.57 210.34
74.58 211.45
74.59 213.14
74.6 214.48
74.61 215.03
74.62 215.13
74.63 214.94
74.64 214.63
74.65 214.64
74.66 215.38
74.67 216.81
74.68 218.22
74.69 219.5
74.7 220.16
74.71 220.01
74.72 218.94
74.73 216.9
74.74 214.74
74.75 213.44
74.76 212.6
74.77 212.25
74.78 212.42
74.79 212.39
74.8 211.79
74.81 211.08
74.82 211.09
74.83 211.77
74.84 212.47
74.85 213.69
74.86 215.5
74.87 216.29
74.88 215.73
74.89 215.38
74.9 216.26
74.91 217.52
74.92 218.16
74.93 217.58
74.94 216.04
74.95 214.6
74.96 213.44
74.97 212.92
74.98 213.62
74.99 215.08
75.0 216.67
75.01 218.36
75.02 219.83
75.03 220.91
75.04 221.7
75.05 221.9
75.06 220.92
75.07 219.75
75.08 219.24
75.09 219.34
75.1 219.54
75.11 219.17
75.12 217.98
75.13 216.48
75.14 215.48
75.15 215.02
75.16 214.71
75.17 214.68
75.18 214.33
75.19 213.04
75.2 216.5
75.21 228.07
75.22 238.58
75.23 248.48
75.24 255.75
75.25 262.37
75.26 267.1
75.27 267.92
75.28 262.75
75.29 254.55
75.3 248.94
75.31 241.41
75.32 226.71
75.33 221.22
75.34 219.5
75.35 221.13
75.36 224.95
75.37 227.71
75.38 229.43
75.39 231.01
75.4 233.79
75.41 236.67
75.42 237.25
75.43 236.63
75.44 236.27
75.45 236.22
75.46 235.25
75.47 234.2
75.48 233.56
75.49 233.05
75.5 232.77
75.51 233.51
75.52 234.99
75.53 236.57
75.54 237.8
75.55 239.57
75.56 241.55
75.57 243.61
75.58 245.39
75.59 245.33
75.6 243.45
75.61 240.77
75.62 236.95
75.63 234.62
75.64 233.62
75.65 232.73
75.66 231.01
75.67 228.48
75.68 227.35
75.69 228.4
75.7 230.47
75.71 232.23
75.72 233.74
75.73 234.73
75.74 236.42
75.75 240.14
75.76 243.68
75.77 244.99
75.78 244.59
75.79 243.06
75.8 240.75
75.81 237.83
75.82 234.92
75.83 232.86
75.84 231.75
75.85 231.53
75.86 231.69
75.87 230.57
75.88 230.1
75.89 231.41
75.9 233.41
75.91 235.4
75.92 237.63
75.93 239.88
75.94 241.93
75.95 242.48
75.96 241.46
75.97 239.33
75.98 236.26
75.99 234.27
76.0 233.4
76.01 232.6
76.02 232.59
76.03 233.34
76.04 233.37
76.05 232.87
76.06 232.42
76.07 232.2
76.08 232.63
76.09 233.69
76.1 234.4
76.11 233.67
76.12 231.6
76.13 228.44
76.14 225.44
76.15 223.31
76.16 223.48
76.17 224.75
76.18 225.84
76.19 226.47
76.2 227.28
76.21 230.23
76.22 233.25
76.23 236.07
76.24 239.24
76.25 242.2
76.26 246.22
76.27 249.47
76.28 251.29
76.29 251.44
76.3 250.91
76.31 250.2
76.32 249.13
76.33 248.12
76.34 247.57
76.35 248.36
76.36 250.22
76.37 251.67
76.38 252.75
76.39 252.97
76.4 254.12
76.41 256.5
76.42 259.62
76.43 262.0
76.44 262.73
76.45 262.93
76.46 262.84
76.47 261.9
76.48 260.72
76.49 260.33
76.5 260.34
76.51 259.98
76.52 259.24
76.53 259.22
76.54 260.15
76.55 261.93
76.56 263.42
76.57 263.76
76.58 263.18
76.59 263.2
76.6 263.33
76.61 263.02
76.62 263.21
76.63 263.49
76.64 262.99
76.65 261.93
76.66 260.45
76.67 259.55
76.68 260.25
76.69 262.26
76.7 264.05
76.71 265.03
76.72 264.98
76.73 264.84
76.74 265.93
76.75 266.96
76.76 267.59
76.77 267.51
76.78 266.76
76.79 266.39
76.8 266.2
76.81 265.55
76.82 264.88
76.83 265.21
76.84 266.3
76.85 267.34
76.86 267.48
76.87 266.95
76.88 266.11
76.89 265.08
76.9 263.68
76.91 262.84
76.92 262.78
76.93 262.98
76.94 263.48
76.95 263.95
76.96 264.55
76.97 264.88
76.98 265.0
76.99 265.96
77.0 268.04
77.01 269.65
77.02 269.64
77.03 267.92
77.04 265.78
77.05 264.07
77.06 263.81
77.07 264.5
77.08 265.01
77.09 264.88
77.1 264.13
77.11 263.0
77.12 262.5
77.13 262.86
77.14 264.01
77.15 264.91
77.16 265.23
77.17 265.03
77.18 264.95
77.19 265.21
77.2 265.62
77.21 266.83
77.22 268.23
77.23 269.02
77.24 269.41
77.25 269.22
77.26 268.53
77.27 267.76
77.28 267.93
77.29 268.31
77.3 267.5
77.31 265.96
77.32 264.79
77.33 263.79
77.34 262.97
77.35 262.11
77.36 261.32
77.37 261.02
77.38 261.63
77.39 263.95
77.4 265.64
77.41 266.02
77.42 265.75
77.43 265.35
77.44 264.88
77.45 263.67
77.46 262.33
77.47 261.74
77.48 261.89
77.49 263.12
77.5 264.75
77.51 265.52
77.52 265.58
77.53 265.5
77.54 265.38
77.55 264.83
77.56 264.7
77.57 265.42
77.58 265.82
77.59 266.22
77.6 267.3
77.61 268.23
77.62 268.59
77.63 268.58
77.64 268.05
77.65 266.89
77.66 265.51
77.67 264.7
77.68 264.7
77.69 264.48
77.7 263.89
77.71 262.93
77.72 262.27
77.73 262.39
77.74 262.27
77.75 261.81
77.76 262.01
77.77 262.46
77.78 262.75
77.79 262.71
77.8 263.06
77.81 263.32
77.82 263.63
77.83 264.35
77.84 265.6
77.85 266.93
77.86 267.56
77.87 267.26
77.88 266.85
77.89 266.43
77.9 265.81
77.91 265.68
77.92 266.05
77.93 265.84
77.94 264.99
77.95 264.32
77.96 264.07
77.97 263.64
77.98 264.35
77.99 266.22
78.0 267.78
78.01 268.65
78.02 268.73
78.03 268.57
78.04 269.08
78.05 269.72
78.06 269.57
78.07 268.44
78.08 267.36
78.09 266.87
78.1 267.15
78.11 267.9
78.12 268.75
78.13 268.77
78.14 268.47
78.15 268.96
78.16 269.82
78.17 269.62
78.18 268.57
78.19 267.65
78.2 267.71
78.21 268.0
78.22 267.76
78.23 267.0
78.24 266.29
78.25 266.11
78.26 266.48
78.27 266.76
78.28 266.15
78.29 265.5
78.3 265.95
78.31 266.42
78.32 266.18
78.33 265.45
78.34 264.25
78.35 263.75
78.36 264.7
78.37 266.29
78.38 266.91
78.39 266.63
78.4 266.56
78.41 267.01
78.42 266.92
78.43 267.34
78.44 268.82
78.45 270.41
78.46 272.19
78.47 272.95
78.48 271.78
78.49 268.83
78.5 265.21
78.51 262.32
78.52 259.83
78.53 259.96
78.54 261.93
78.55 264.08
78.56 265.16
78.57 265.8
78.58 266.3
78.59 266.43
78.6 265.69
78.61 264.17
78.62 262.39
78.63 260.86
78.64 261.24
78.65 262.45
78.66 263.27
78.67 263.24
78.68 262.91
78.69 263.87
78.7 266.76
78.71 272.01
78.72 277.78
78.73 284.72
78.74 290.26
78.75 287.4
78.76 280.4
78.77 272.86
78.78 273.07
78.79 282.42
78.8 297.24
78.81 312.93
78.82 328.59
78.83 338.41
78.84 349.72
78.85 362.65
78.86 391.81
78.87 0.0
78.88 0.0
78.89 0.0
78.9 0.0
78.91 0.0
78.92 0.0
78.93 0.0
78.94 0.0
78.95 0.0
78.96 0.0
78.97 0.0
78.98 0.0
78.99 0.0
79.0 0.0
79.01 0.0
79.02 0.0
79.03 0.0
79.04 0.0
79.05 0.0
79.06 0.0
79.07 0.0
79.08 0.0
79.09 0.0
79.1 0.0
79.11 0.0
79.12 0.0
79.13 0.0
79.14 0.0
79.15 66.78
79.16 0.0
79.17 0.0
79.18 0.0
79.19 0.0
79.2 0.0
79.21 0.0
79.22 0.0
79.23 0.0
79.24 0.0
79.25 0.0
79.26 0.0
79.27 0.0
79.28 0.0
79.29 0.0
79.3 0.0
79.31 0.0
79.32 0.0
79.33 0.0
79.34 0.0
79.35 0.0
79.36 0.0
79.37 0.0
79.38 0.0
79.39 0.0
79.4 0.0
79.41 0.0
79.42 0.0
79.43 0.0
79.44 0.0
79.45 0.0
79.46 0.0
79.47 0.0
79.48 0.0
79.49 0.0
79.5 0.0
79.51 0.0
79.52 0.0
