0.0 0.0
0.01 0.0
0.02 0.0
0.03 0.0
0.04 0.0
0.05 0.0
0.06 0.0
0.07 0.0
0.08 0.0
0.09 0.0
0.1 0.0
0.11 0.0
0.12 0.0
0.13 0.0
0.14 0.0
0.15 0.0
0.16 0.0
0.17 0.0
0.18 0.0
0.19 0.0
0.2 0.0
0.21 0.0
0.22 0.0
0.23 0.0
0.24 0.0
0.25 0.0
0.26 0.0
0.27 0.0
0.28 0.0
0.29 0.0
0.3 0.0
0.31 0.0
0.32 0.0
0.33 0.0
0.34 0.0
0.35 0.0
0.36 0.0
0.37 0.0
0.38 0.0
0.39 0.0
0.4 0.0
0.41 0.0
0.42 0.0
0.43 0.0
0.44 0.0
0.45 0.0
0.46 0.0
0.47 0.0
0.48 0.0
0.49 0.0
0.5 0.0
0.51 0.0
0.52 0.0
0.53 0.0
0.54 0.0
0.55 0.0
0.56 0.0
0.57 0.0
0.58 0.0
0.59 0.0
0.6 0.0
0.61 0.0
0.62 0.0
0.63 0.0
0.64 0.0
0.65 0.0
0.66 0.0
0.67 0.0
0.68 0.0
0.69 0.0
0.7 0.0
0.71 0.0
0.72 0.0
0.73 0.0
0.74 0.0
0.75 0.0
0.76 0.0
0.77 0.0
0.78 0.0
0.79 0.0
0.8 0.0
0.81 0.0
0.82 0.0
0.83 0.0
0.84 0.0
0.85 0.0
0.86 0.0
0.87 0.0
0.88 0.0
0.89 0.0
0.9 0.0
0.91 0.0
0.92 1571.52
0.93 1421.72
0.94 0.0
0.95 0.0
0.96 136.1
0.97 132.93
0.98 133.88
0.99 136.6
1.0 136.63
1.01 130.3
1.02 142.94
1.03 147.12
1.04 151.13
1.05 156.52
1.06 163.99
1.07 171.61
1.08 177.34
1.09 181.44
1.1 185.61
1.11 191.43
1.12 197.42
1.13 203.05
1.14 206.98
1.15 210.48
1.16 214.34
1.17 216.98
1.18 219.1
1.19 223.83
1.2 228.63
1.21 231.62
1.22 234.3
1.23 236.97
1.24 238.81
1.25 240.15
1.26 241.31
1.27 243.19
1.28 244.79
1.29 246.37
1.3 248.47
1.31 250.31
1.32 251.41
1.33 251.59
1.34 251.46
1.35 250.75
1.36 249.5
1.37 248.57
1.38 247.4
1.39 245.53
1.4 244.76
1.41 245.53
1.42 245.68
1.43 245.93
1.44 246.96
1.45 247.2
1.46 247.66
1.47 247.87
1.48 247.94
1.49 248.27
1.5 248.12
1.51 248.33
1.52 248.54
1.53 248.3
1.54 248.03
1.55 247.41
1.56 246.7
1.57 246.85
1.58 247.62
1.59 248.67
1.6 250.04
1.61 251.07
1.62 251.51
1.63 251.38
1.64 251.12
1.65 250.92
1.66 250.57
1.67 249.46
1.68 248.16
1.69 247.13
1.7 246.84
1.71 247.4
1.72 248.01
1.73 248.74
1.74 249.32
1.75 249.78
1.76 250.17
1.77 250.17
1.78 249.91
1.79 250.03
1.8 250.04
1.81 249.66
1.82 249.01
1.83 249.32
1.84 249.55
1.85 249.65
1.86 250.7
1.87 251.38
1.88 251.74
1.89 251.75
1.9 252.16
1.91 251.89
1.92 251.02
1.93 250.99
1.94 251.23
1.95 251.74
1.96 251.79
1.97 251.63
1.98 250.83
1.99 249.35
2.0 248.18
2.01 246.89
2.02 246.8
2.03 247.48
2.04 248.26
2.05 249.61
2.06 250.78
2.07 252.37
2.08 254.39
2.09 256.18
2.1 257.23
2.11 256.82
2.12 255.5
2.13 253.53
2.14 251.25
2.15 248.98
2.16 247.55
2.17 246.43
2.18 245.97
2.19 246.61
2.2 247.19
2.21 247.02
2.22 248.98
2.23 250.99
2.24 251.85
2.25 252.93
2.26 253.41
2.27 253.24
2.28 252.56
2.29 251.58
2.3 250.46
2.31 249.88
2.32 249.8
2.33 250.11
2.34 249.7
2.35 240.52
2.36 218.88
2.37 194.68
2.38 175.06
2.39 162.95
2.4 146.87
2.41 81.73
2.42 238.68
2.43 229.79
2.44 71.7
2.45 106.63
2.46 60.31
2.47 0.0
2.48 0.0
2.49 0.0
2.5 0.0
2.51 118.41
2.52 315.86
2.53 277.53
2.54 257.38
2.55 246.31
2.56 243.72
2.57 245.26
2.58 245.92
2.59 245.62
2.6 245.11
2.61 244.76
2.62 244.21
2.63 244.3
2.64 245.11
2.65 246.11
2.66 247.34
2.67 248.27
2.68 249.12
2.69 249.92
2.7 250.56
2.71 250.76
2.72 250.24
2.73 248.98
2.74 247.41
2.75 246.94
2.76 246.72
2.77 246.15
2.78 245.58
2.79 245.63
2.8 246.08
2.81 246.11
2.82 246.48
2.83 247.52
2.84 248.92
2.85 250.04
2.86 250.39
2.87 250.45
2.88 250.17
2.89 249.47
2.9 248.48
2.91 246.99
2.92 245.95
2.93 245.5
2.94 245.24
2.95 246.04
2.96 247.39
2.97 249.33
2.98 251.73
2.99 252.88
3.0 252.86
3.01 251.9
3.02 250.35
3.03 249.43
3.04 248.69
3.05 248.31
3.06 248.43
3.07 248.68
3.08 249.88
3.09 251.4
3.1 252.55
3.11 252.07
3.12 251.05
3.13 251.29
3.14 252.58
3.15 244.08
3.16 224.53
3.17 196.53
3.18 174.19
3.19 162.74
3.2 249.97
3.21 62.74
3.22 62.79
3.23 97.69
3.24 0.0
3.25 0.0
3.26 0.0
3.27 0.0
3.28 271.2
3.29 257.19
3.3 251.7
3.31 246.21
3.32 244.92
3.33 247.02
3.34 247.64
3.35 248.28
3.36 248.8
3.37 248.45
3.38 248.01
3.39 247.98
3.4 248.12
3.41 248.82
3.42 250.19
3.43 251.23
3.44 248.11
3.45 250.46
3.46 254.97
3.47 255.6
3.48 255.5
3.49 255.87
3.5 257.01
3.51 259.72
3.52 262.88
3.53 261.12
3.54 257.43
3.55 255.37
3.56 252.99
3.57 246.41
3.58 224.77
3.59 225.95
3.6 217.66
3.61 222.81
3.62 225.8
3.63 247.17
3.64 287.54
3.65 310.03
3.66 303.32
3.67 302.42
3.68 302.37
3.69 296.82
3.7 289.81
3.71 282.93
3.72 277.93
3.73 286.58
3.74 294.25
3.75 298.85
3.76 290.42
3.77 279.79
3.78 276.7
3.79 276.92
3.8 278.32
3.81 279.39
3.82 279.65
3.83 279.74
3.84 280.1
3.85 280.74
3.86 281.51
3.87 281.87
3.88 282.28
3.89 282.75
3.9 282.5
3.91 282.03
3.92 281.35
3.93 280.01
3.94 278.91
3.95 278.31
3.96 278.5
3.97 279.18
3.98 279.96
3.99 279.65
4.0 277.38
4.01 274.81
4.02 275.61
4.03 286.74
4.04 276.54
4.05 246.5
4.06 204.84
4.07 189.77
4.08 263.59
4.09 92.38
4.1 92.83
4.11 0.0
4.12 0.0
4.13 0.0
4.14 249.42
4.15 249.27
4.16 243.56
4.17 243.78
4.18 246.23
4.19 247.53
4.2 246.41
4.21 244.73
4.22 243.36
4.23 240.29
4.24 237.4
4.25 235.63
4.26 233.84
4.27 232.01
4.28 230.83
4.29 230.06
4.3 230.02
4.31 230.69
4.32 231.23
4.33 232.33
4.34 233.75
4.35 234.66
4.36 235.18
4.37 235.6
4.38 234.93
4.39 232.76
4.4 230.98
4.41 230.72
4.42 229.86
4.43 228.9
4.44 228.46
4.45 227.86
4.46 228.05
4.47 229.24
4.48 230.62
4.49 231.76
4.5 232.93
4.51 233.67
4.52 233.82
4.53 233.44
4.54 232.84
4.55 232.16
4.56 231.72
4.57 231.52
4.58 231.07
4.59 231.66
4.6 232.37
4.61 232.72
4.62 233.35
4.63 234.16
4.64 234.1
4.65 233.37
4.66 232.22
4.67 231.06
4.68 231.0
4.69 230.74
4.7 230.45
4.71 231.41
4.72 233.03
4.73 234.48
4.74 235.06
4.75 235.27
4.76 235.56
4.77 235.48
4.78 234.84
4.79 233.82
4.8 232.48
4.81 231.61
4.82 230.83
4.83 230.37
4.84 230.09
4.85 230.49
4.86 231.29
4.87 231.72
4.88 232.48
4.89 233.88
4.9 234.69
4.91 235.19
4.92 235.88
4.93 235.5
4.94 234.68
4.95 233.98
4.96 233.21
4.97 232.23
4.98 231.47
4.99 231.35
5.0 230.87
5.01 230.36
5.02 230.53
5.03 231.53
5.04 232.48
5.05 233.32
5.06 234.5
5.07 235.0
5.08 234.91
5.09 234.47
5.1 233.96
5.11 233.48
5.12 233.21
5.13 232.85
5.14 232.69
5.15 232.8
5.16 232.66
5.17 233.03
5.18 233.51
5.19 234.21
5.2 234.64
5.21 234.54
5.22 234.43
5.23 233.58
5.24 232.68
5.25 232.0
5.26 231.64
5.27 231.32
5.28 230.98
5.29 231.51
5.3 232.35
5.31 232.67
5.32 232.7
5.33 233.03
5.34 232.92
5.35 233.17
5.36 233.13
5.37 232.82
5.38 232.85
5.39 232.97
5.4 233.45
5.41 233.5
5.42 234.0
5.43 234.0
5.44 233.76
5.45 233.52
5.46 233.26
5.47 233.46
5.48 233.52
5.49 233.92
5.5 233.69
5.51 233.29
5.52 232.74
5.53 232.2
5.54 232.23
5.55 232.62
5.56 232.99
5.57 233.03
5.58 233.22
5.59 233.03
5.6 232.32
5.61 229.37
5.62 220.66
5.63 199.7
5.64 179.04
5.65 161.74
5.66 139.83
5.67 162.04
5.68 204.74
5.69 204.71
5.7 0.0
5.71 0.0
5.72 0.0
5.73 0.0
5.74 0.0
5.75 0.0
5.76 0.0
5.77 0.0
5.78 0.0
5.79 0.0
5.8 0.0
5.81 0.0
5.82 0.0
5.83 0.0
5.84 0.0
5.85 0.0
5.86 61.87
5.87 66.45
5.88 0.0
5.89 0.0
5.9 0.0
5.91 0.0
5.92 0.0
5.93 0.0
5.94 0.0
5.95 0.0
5.96 0.0
5.97 0.0
5.98 0.0
5.99 0.0
6.0 0.0
6.01 0.0
6.02 0.0
6.03 0.0
6.04 0.0
6.05 0.0
6.06 0.0
6.07 0.0
6.08 0.0
6.09 72.53
6.1 70.87
6.11 77.38
6.12 0.0
6.13 1148.54
6.14 93.28
6.15 1104.03
6.16 81.28
6.17 1475.01
6.18 638.03
6.19 75.89
6.2 101.61
6.21 69.1
6.22 68.35
6.23 65.85
6.24 99.72
6.25 102.9
6.26 205.92
6.27 188.28
6.28 181.87
6.29 182.97
6.3 183.76
6.31 185.12
6.32 186.54
6.33 187.61
6.34 188.47
6.35 189.68
6.36 191.2
6.37 193.39
6.38 195.4
6.39 198.58
6.4 200.9
6.41 201.34
6.42 201.82
6.43 201.73
6.44 201.62
6.45 202.2
6.46 203.71
6.47 205.16
6.48 206.32
6.49 207.56
6.5 207.9
6.51 206.91
6.52 206.02
6.53 205.47
6.54 204.3
6.55 201.09
6.56 196.33
6.57 189.03
6.58 181.65
6.59 184.35
6.6 186.94
6.61 190.64
6.62 200.11
6.63 208.23
6.64 208.48
6.65 206.6
6.66 206.75
6.67 206.87
6.68 207.58
6.69 208.08
6.7 207.04
6.71 205.23
6.72 202.97
6.73 199.22
6.74 194.61
6.75 187.61
6.76 189.9
6.77 188.03
6.78 192.07
6.79 203.87
6.8 203.16
6.81 201.97
6.82 204.18
6.83 206.26
6.84 205.85
6.85 204.94
6.86 204.51
6.87 203.82
6.88 203.63
6.89 204.05
6.9 204.3
6.91 204.79
6.92 205.99
6.93 207.38
6.94 207.96
6.95 207.53
6.96 206.74
6.97 206.42
6.98 206.82
6.99 207.11
7.0 206.84
7.01 206.0
7.02 205.43
7.03 205.45
7.04 205.46
7.05 205.45
7.06 206.2
7.07 207.17
7.08 207.14
7.09 206.41
7.1 205.37
7.11 204.6
7.12 203.93
7.13 203.63
7.14 203.78
7.15 204.14
7.16 205.03
7.17 205.66
7.18 206.33
7.19 207.11
7.2 207.63
7.21 208.44
7.22 207.17
7.23 201.54
7.24 199.29
7.25 202.86
7.26 202.44
7.27 201.33
7.28 202.68
7.29 204.27
7.3 205.24
7.31 206.91
7.32 208.33
7.33 209.05
7.34 208.86
7.35 207.96
7.36 207.09
7.37 206.14
7.38 205.66
7.39 205.63
7.4 205.05
7.41 204.42
7.42 204.2
7.43 204.4
7.44 204.63
7.45 204.42
7.46 204.45
7.47 204.77
7.48 204.79
7.49 204.86
7.5 205.35
7.51 205.51
7.52 205.6
7.53 206.36
7.54 206.73
7.55 206.57
7.56 206.3
7.57 206.18
7.58 205.68
7.59 205.16
7.6 204.03
7.61 200.5
7.62 198.52
7.63 201.3
7.64 203.0
7.65 205.05
7.66 209.07
7.67 209.95
7.68 209.39
7.69 208.63
7.7 207.49
7.71 205.26
7.72 201.67
7.73 199.95
7.74 199.73
7.75 199.98
7.76 200.57
7.77 201.34
7.78 202.26
7.79 203.25
7.8 204.01
7.81 203.93
7.82 203.51
7.83 203.12
7.84 202.73
7.85 202.47
7.86 201.99
7.87 201.45
7.88 200.99
7.89 200.41
7.9 199.52
7.91 198.54
7.92 197.8
7.93 196.37
7.94 196.52
7.95 201.11
7.96 207.15
7.97 200.01
7.98 188.38
7.99 161.49
8.0 153.05
8.01 100.46
8.02 74.91
8.03 300.45
8.04 300.42
8.05 148.3
8.06 72.26
8.07 75.77
8.08 140.6
8.09 130.36
8.1 1051.46
8.11 220.94
8.12 216.34
8.13 220.32
8.14 225.24
8.15 225.26
8.16 225.22
8.17 226.52
8.18 227.37
8.19 231.08
8.2 235.55
8.21 239.43
8.22 245.96
8.23 251.71
8.24 254.77
8.25 258.66
8.26 261.54
8.27 262.71
8.28 263.9
8.29 263.63
8.3 261.49
8.31 261.11
8.32 258.86
8.33 254.93
8.34 251.31
8.35 233.19
8.36 231.91
8.37 242.88
8.38 250.1
8.39 260.86
8.4 269.69
8.41 270.25
8.42 267.44
8.43 267.75
8.44 269.5
8.45 270.4
8.46 269.93
8.47 267.39
8.48 264.88
8.49 264.05
8.5 263.95
8.51 261.66
8.52 255.68
8.53 239.69
8.54 248.05
8.55 251.93
8.56 270.27
8.57 283.48
8.58 279.21
8.59 273.64
8.6 269.68
8.61 268.21
8.62 266.35
8.63 263.01
8.64 262.13
8.65 262.75
8.66 263.07
8.67 263.57
8.68 263.79
8.69 265.41
8.7 266.26
8.71 267.37
8.72 269.09
8.73 269.15
8.74 269.73
8.75 269.71
8.76 269.04
8.77 268.5
8.78 267.36
8.79 266.44
8.8 266.18
8.81 266.8
8.82 265.79
8.83 265.85
8.84 267.24
8.85 267.2
8.86 267.75
8.87 269.9
8.88 272.41
8.89 270.71
8.9 268.41
8.91 272.96
8.92 275.34
8.93 274.38
8.94 272.44
8.95 277.73
8.96 279.22
8.97 273.35
8.98 270.69
8.99 269.03
9.0 268.48
9.01 268.19
9.02 267.48
9.03 268.48
9.04 270.26
9.05 270.43
9.06 270.47
9.07 270.51
9.08 269.7
9.09 268.51
9.1 267.94
9.11 268.12
9.12 268.13
9.13 267.96
9.14 267.88
9.15 267.64
9.16 267.29
9.17 267.91
9.18 268.94
9.19 270.24
9.2 272.99
9.21 273.88
9.22 269.68
9.23 255.34
9.24 228.73
9.25 205.61
9.26 181.34
9.27 168.47
9.28 202.66
9.29 155.02
9.3 59.85
9.31 59.59
9.32 74.92
9.33 290.92
9.34 70.01
9.35 77.21
9.36 0.0
9.37 340.55
9.38 328.48
9.39 300.19
9.4 275.95
9.41 267.5
9.42 256.19
9.43 248.15
9.44 245.02
9.45 244.18
9.46 244.45
9.47 245.08
9.48 245.98
9.49 247.05
9.5 248.12
9.51 248.39
9.52 247.41
9.53 245.54
9.54 243.27
9.55 241.85
9.56 240.4
9.57 238.59
9.58 237.72
9.59 237.63
9.6 238.04
9.61 238.88
9.62 239.56
9.63 239.7
9.64 239.94
9.65 240.19
9.66 240.41
9.67 240.51
9.68 240.52
9.69 240.25
9.7 240.02
9.71 239.96
9.72 239.7
9.73 239.05
9.74 238.04
9.75 237.29
9.76 236.84
9.77 237.12
9.78 237.84
9.79 238.74
9.8 240.13
9.81 241.9
9.82 243.6
9.83 244.87
9.84 245.6
9.85 245.45
9.86 244.95
9.87 244.17
9.88 243.07
9.89 241.91
9.9 240.4
9.91 238.91
9.92 238.12
9.93 237.86
9.94 237.82
9.95 238.59
9.96 239.82
9.97 240.55
9.98 240.32
9.99 239.55
10.0 238.35
10.01 237.47
10.02 237.56
10.03 237.89
10.04 237.86
10.05 238.11
10.06 238.64
10.07 238.83
10.08 238.91
10.09 239.26
10.1 239.59
10.11 239.52
10.12 239.41
10.13 239.41
10.14 239.19
10.15 239.74
10.16 240.71
10.17 241.46
10.18 241.97
10.19 241.92
10.2 241.38
10.21 240.8
10.22 240.59
10.23 241.0
10.24 241.26
10.25 241.02
10.26 240.69
10.27 240.46
10.28 240.31
10.29 240.82
10.3 241.93
10.31 242.49
10.32 242.4
10.33 242.0
10.34 241.37
10.35 240.49
10.36 239.91
10.37 239.86
10.38 239.97
10.39 240.07
10.4 240.53
10.41 240.94
10.42 241.3
10.43 241.46
10.44 241.53
10.45 241.56
10.46 241.24
10.47 240.65
10.48 240.24
10.49 239.92
10.5 239.85
10.51 239.98
10.52 240.05
10.53 240.3
10.54 241.04
10.55 242.07
10.56 242.37
10.57 242.25
10.58 242.31
10.59 242.31
10.6 241.81
10.61 241.07
10.62 240.32
10.63 239.16
10.64 238.04
10.65 237.87
10.66 238.19
10.67 238.58
10.68 239.05
10.69 239.99
10.7 241.44
10.71 242.42
10.72 243.36
10.73 244.37
10.74 245.2
10.75 245.53
10.76 245.31
10.77 245.0
10.78 245.26
10.79 244.96
10.8 243.07
10.81 241.39
10.82 239.42
10.83 237.29
10.84 238.08
10.85 242.45
10.86 243.83
10.87 243.99
10.88 244.18
10.89 243.02
10.9 241.78
10.91 242.1
10.92 241.76
10.93 241.13
10.94 240.81
10.95 240.18
10.96 239.88
10.97 239.45
10.98 238.93
10.99 239.16
11.0 240.76
11.01 241.85
11.02 241.94
11.03 241.9
11.04 242.65
11.05 243.62
11.06 243.57
11.07 243.29
11.08 242.66
11.09 242.02
11.1 240.94
11.11 240.72
11.12 241.94
11.13 242.05
11.14 242.11
11.15 243.21
11.16 241.41
11.17 236.15
11.18 221.56
11.19 232.47
11.2 238.81
11.21 268.03
11.22 293.02
11.23 274.48
11.24 263.69
11.25 256.54
11.26 256.81
11.27 250.95
11.28 231.45
11.29 224.83
11.3 221.32
11.31 219.62
11.32 219.65
11.33 221.3
11.34 223.87
11.35 226.22
11.36 228.95
11.37 232.25
11.38 233.87
11.39 234.39
11.4 234.41
11.41 234.51
11.42 234.59
11.43 234.42
11.44 234.56
11.45 234.96
11.46 235.0
11.47 234.99
11.48 235.66
11.49 236.91
11.5 237.97
11.51 238.71
11.52 238.94
11.53 238.67
11.54 238.3
11.55 237.82
11.56 237.23
11.57 237.07
11.58 237.47
11.59 238.09
11.6 238.83
11.61 239.86
11.62 240.54
11.63 240.62
11.64 240.7
11.65 240.29
11.66 239.92
11.67 239.73
11.68 239.41
11.69 239.9
11.7 240.24
11.71 240.46
11.72 241.01
11.73 241.13
11.74 240.91
11.75 240.55
11.76 240.62
11.77 240.64
11.78 240.24
11.79 240.01
11.8 240.48
11.81 241.41
11.82 242.15
11.83 242.74
11.84 243.13
11.85 243.13
11.86 242.54
11.87 241.06
11.88 239.73
11.89 233.21
11.9 235.27
11.91 237.48
11.92 238.13
11.93 239.54
11.94 242.45
11.95 240.73
11.96 237.68
11.97 238.91
11.98 239.12
11.99 239.29
12.0 239.99
12.01 240.2
12.02 241.66
12.03 243.72
12.04 244.72
12.05 244.82
12.06 243.52
12.07 242.0
12.08 235.35
12.09 208.19
12.1 201.05
12.11 192.64
12.12 195.17
12.13 230.24
12.14 247.52
12.15 253.46
12.16 267.27
12.17 85.98
12.18 336.27
12.19 148.9
12.2 317.81
12.21 328.95
12.22 318.08
12.23 314.85
12.24 301.39
12.25 282.97
12.26 265.31
12.27 250.87
12.28 249.91
12.29 245.7
12.3 238.94
12.31 237.63
12.32 237.86
12.33 238.66
12.34 240.2
12.35 241.5
12.36 241.12
12.37 240.79
12.38 240.22
12.39 239.73
12.4 239.64
12.41 240.52
12.42 240.41
12.43 240.24
12.44 241.52
12.45 241.92
12.46 241.81
12.47 242.11
12.48 242.43
12.49 242.16
12.5 241.71
12.51 242.26
12.52 243.22
12.53 243.82
12.54 243.72
12.55 243.59
12.56 242.96
12.57 242.46
12.58 243.18
12.59 244.11
12.6 244.37
12.61 242.84
12.62 232.87
12.63 233.49
12.64 235.12
12.65 227.97
12.66 210.13
12.67 182.12
12.68 162.3
12.69 130.93
12.7 175.44
12.71 210.3
12.72 214.59
12.73 215.91
12.74 0.0
12.75 0.0
12.76 0.0
12.77 0.0
12.78 0.0
12.79 0.0
12.8 0.0
12.81 0.0
12.82 0.0
12.83 0.0
12.84 0.0
12.85 0.0
12.86 0.0
12.87 0.0
12.88 0.0
12.89 0.0
12.9 0.0
12.91 0.0
12.92 0.0
12.93 0.0
12.94 0.0
12.95 0.0
12.96 316.57
12.97 306.57
12.98 295.11
12.99 287.14
13.0 66.32
13.01 66.72
13.02 182.34
13.03 175.16
13.04 169.64
13.05 168.8
13.06 169.73
13.07 173.03
13.08 176.26
13.09 180.29
13.1 183.4
13.11 185.83
13.12 188.4
13.13 190.9
13.14 192.6
13.15 194.27
13.16 195.86
13.17 197.41
13.18 198.78
13.19 200.53
13.2 203.22
13.21 206.13
13.22 209.44
13.23 212.74
13.24 216.09
13.25 220.03
13.26 222.59
13.27 224.47
13.28 226.03
13.29 226.96
13.3 227.07
13.31 227.26
13.32 227.38
13.33 227.52
13.34 228.44
13.35 229.18
13.36 229.81
13.37 231.45
13.38 233.09
13.39 234.78
13.4 236.02
13.41 237.0
13.42 237.63
13.43 237.64
13.44 237.56
13.45 237.13
13.46 236.51
13.47 236.28
13.48 235.78
13.49 234.98
13.5 234.77
13.51 235.65
13.52 236.82
13.53 237.86
13.54 239.15
13.55 239.92
13.56 240.23
13.57 240.21
13.58 240.0
13.59 239.83
13.6 238.87
13.61 237.92
13.62 237.58
13.63 237.96
13.64 237.35
13.65 237.62
13.66 238.82
13.67 238.9
13.68 239.12
13.69 240.11
13.7 241.48
13.71 241.96
13.72 242.09
13.73 242.54
13.74 81.06
13.75 80.61
13.76 239.17
13.77 230.62
13.78 228.89
13.79 230.03
13.8 225.72
13.81 219.74
13.82 228.96
13.83 243.16
13.84 242.61
13.85 242.83
13.86 242.26
13.87 242.95
13.88 242.32
13.89 241.48
13.9 241.76
13.91 240.87
13.92 239.99
13.93 240.09
13.94 238.53
13.95 238.35
13.96 239.13
13.97 240.1
13.98 243.23
13.99 244.33
14.0 244.1
14.01 241.95
14.02 232.72
14.03 216.91
14.04 227.91
14.05 260.76
14.06 268.88
14.07 260.19
14.08 251.85
14.09 251.2
14.1 252.81
14.11 249.47
14.12 242.65
14.13 240.19
14.14 238.88
14.15 239.69
14.16 240.55
14.17 241.18
14.18 241.71
14.19 241.74
14.2 241.82
14.21 241.15
14.22 240.29
14.23 239.58
14.24 238.95
14.25 238.95
14.26 239.48
14.27 239.96
14.28 239.96
14.29 240.55
14.3 240.19
14.31 241.14
14.32 239.61
14.33 226.97
14.34 203.86
14.35 184.27
14.36 171.94
14.37 70.4
14.38 69.91
14.39 69.43
14.4 276.66
14.41 139.12
14.42 278.53
14.43 274.04
14.44 266.7
14.45 0.0
14.46 0.0
14.47 292.66
14.48 296.96
14.49 276.45
14.5 258.94
14.51 250.75
14.52 251.55
14.53 251.34
14.54 248.22
14.55 244.85
14.56 243.24
14.57 242.2
14.58 241.56
14.59 240.75
14.6 240.4
14.61 239.98
14.62 239.15
14.63 238.18
14.64 236.87
14.65 235.94
14.66 235.1
14.67 234.33
14.68 234.02
14.69 234.38
14.7 235.43
14.71 237.69
14.72 241.21
14.73 247.18
14.74 251.53
14.75 252.69
14.76 249.63
14.77 230.77
14.78 226.94
14.79 208.62
14.8 198.64
14.81 202.55
14.82 205.42
14.83 205.61
14.84 208.23
14.85 241.98
14.86 0.0
14.87 281.94
14.88 269.77
14.89 262.18
14.9 255.42
14.91 251.87
14.92 249.58
14.93 247.97
14.94 245.56
14.95 242.5
14.96 239.47
14.97 242.41
14.98 245.6
14.99 244.6
15.0 248.8
15.01 251.79
15.02 249.89
15.03 245.9
15.04 242.44
15.05 240.12
15.06 238.77
15.07 238.71
15.08 239.32
15.09 240.08
15.1 241.24
15.11 242.07
15.12 243.17
15.13 243.94
15.14 243.79
15.15 243.65
15.16 243.1
15.17 242.07
15.18 240.85
15.19 239.83
15.2 239.7
15.21 239.86
15.22 240.16
15.23 240.82
15.24 241.6
15.25 242.28
15.26 242.54
15.27 242.11
15.28 241.6
15.29 241.15
15.3 240.79
15.31 240.49
15.32 240.64
15.33 241.48
15.34 242.38
15.35 242.87
15.36 243.07
15.37 243.38
15.38 241.39
15.39 221.88
15.4 225.81
15.41 221.79
15.42 214.26
15.43 200.24
15.44 179.75
15.45 158.64
15.46 136.25
15.47 274.07
15.48 273.43
15.49 274.0
15.5 275.75
15.51 276.17
15.52 277.14
15.53 276.47
15.54 275.98
15.55 277.01
15.56 278.29
15.57 278.3
15.58 277.3
15.59 275.51
15.6 274.85
15.61 276.7
15.62 276.2
15.63 275.34
15.64 273.89
15.65 276.68
15.66 276.51
15.67 266.72
15.68 288.56
15.69 289.84
15.7 274.36
15.71 113.91
15.72 200.6
15.73 196.49
15.74 193.59
15.75 191.63
15.76 187.95
15.77 184.75
15.78 184.69
15.79 187.15
15.8 190.28
15.81 194.0
15.82 197.79
15.83 201.39
15.84 204.6
15.85 207.67
15.86 210.14
15.87 211.42
15.88 213.05
15.89 213.65
15.9 213.25
15.91 213.99
15.92 215.05
15.93 215.91
15.94 217.88
15.95 220.54
15.96 223.36
15.97 226.37
15.98 229.02
15.99 232.38
16.0 235.38
16.01 237.13
16.02 237.77
16.03 237.62
16.04 237.3
16.05 236.99
16.06 236.97
16.07 236.97
16.08 236.79
16.09 237.02
16.1 238.3
16.11 239.56
16.12 240.98
16.13 242.78
16.14 243.28
16.15 242.96
16.16 242.55
16.17 242.13
16.18 241.73
16.19 241.23
16.2 240.72
16.21 240.42
16.22 240.34
16.23 240.59
16.24 241.34
16.25 242.21
16.26 243.19
16.27 243.81
16.28 244.22
16.29 244.3
16.3 244.0
16.31 243.7
16.32 243.42
16.33 243.48
16.34 243.92
16.35 243.96
16.36 243.99
16.37 243.98
16.38 244.16
16.39 244.82
16.4 244.95
16.41 244.67
16.42 244.32
16.43 244.27
16.44 243.68
16.45 242.29
16.46 237.78
16.47 206.18
16.48 111.58
16.49 222.3
16.5 221.03
16.51 221.25
16.52 73.68
16.53 222.6
16.54 245.76
16.55 253.82
16.56 249.71
16.57 246.0
16.58 244.17
16.59 243.36
16.6 242.31
16.61 241.64
16.62 241.23
16.63 239.76
16.64 240.34
16.65 242.48
16.66 244.01
16.67 247.05
16.68 248.34
16.69 243.95
16.7 233.77
16.71 213.76
16.72 189.29
16.73 177.01
16.74 166.63
16.75 142.92
16.76 128.43
16.77 254.96
16.78 59.99
16.79 1729.37
16.8 1867.85
16.81 261.34
16.82 265.45
16.83 257.77
16.84 252.94
16.85 249.14
16.86 244.38
16.87 240.81
16.88 239.25
16.89 238.64
16.9 238.1
16.91 239.31
16.92 240.57
16.93 242.14
16.94 244.45
16.95 245.26
16.96 245.58
16.97 246.47
16.98 246.18
16.99 244.31
17.0 243.88
17.01 244.34
17.02 243.19
17.03 242.55
17.04 242.76
17.05 242.89
17.06 242.57
17.07 241.85
17.08 242.11
17.09 242.19
17.1 241.48
17.11 242.56
17.12 243.33
17.13 242.96
17.14 245.36
17.15 246.87
17.16 245.36
17.17 246.46
17.18 246.91
17.19 246.2
17.2 242.99
17.21 244.07
17.22 251.99
17.23 258.66
17.24 272.69
17.25 283.64
17.26 284.16
17.27 282.93
17.28 278.84
17.29 273.88
17.3 270.42
17.31 267.94
17.32 266.28
17.33 265.84
17.34 266.07
17.35 267.07
17.36 268.78
17.37 268.97
17.38 268.64
17.39 268.46
17.4 267.69
17.41 267.77
17.42 267.79
17.43 268.37
17.44 268.9
17.45 268.51
17.46 268.69
17.47 268.28
17.48 267.35
17.49 266.98
17.5 266.75
17.51 267.0
17.52 267.38
17.53 267.78
17.54 268.73
17.55 269.42
17.56 270.5
17.57 271.42
17.58 272.09
17.59 272.07
17.6 272.29
17.61 272.3
17.62 271.76
17.63 271.18
17.64 269.62
17.65 267.88
17.66 265.82
17.67 262.52
17.68 258.92
17.69 253.51
17.7 248.56
17.71 243.45
17.72 238.38
17.73 234.88
17.74 233.86
17.75 234.9
17.76 237.27
17.77 240.21
17.78 242.93
17.79 244.73
17.8 245.49
17.81 245.57
17.82 244.94
17.83 243.68
17.84 242.5
17.85 241.14
17.86 240.11
17.87 239.42
17.88 238.57
17.89 238.28
17.9 238.7
17.91 239.4
17.92 240.32
17.93 241.47
17.94 242.61
17.95 242.88
17.96 242.77
17.97 243.17
17.98 243.35
17.99 243.42
18.0 243.58
18.01 243.63
18.02 244.45
18.03 245.52
18.04 245.28
18.05 240.06
18.06 225.61
18.07 207.19
18.08 193.63
18.09 179.83
18.1 190.6
18.11 0.0
18.12 0.0
18.13 279.86
18.14 306.15
18.15 267.6
18.16 250.21
18.17 243.19
18.18 238.96
18.19 235.32
18.2 233.76
18.21 233.49
18.22 233.61
18.23 233.87
18.24 234.28
18.25 234.32
18.26 234.12
18.27 233.08
18.28 231.54
18.29 690.48
18.3 677.31
18.31 665.73
18.32 659.51
18.33 217.67
18.34 217.96
18.35 217.5
18.36 210.03
18.37 198.91
18.38 177.82
18.39 165.51
18.4 132.86
18.41 218.11
18.42 217.86
18.43 218.66
18.44 220.34
18.45 0.0
18.46 484.4
18.47 0.0
18.48 0.0
18.49 94.55
18.5 0.0
18.51 0.0
18.52 0.0
18.53 0.0
18.54 0.0
18.55 0.0
18.56 0.0
18.57 159.61
18.58 151.79
18.59 84.36
18.6 0.0
18.61 0.0
18.62 0.0
18.63 0.0
18.64 0.0
18.65 0.0
18.66 0.0
18.67 123.44
18.68 124.51
18.69 126.59
18.7 130.12
18.71 134.19
18.72 138.25
18.73 141.13
18.74 145.15
18.75 0.0
18.76 78.06
18.77 157.87
18.78 134.28
18.79 161.43
18.8 196.71
18.81 216.45
18.82 224.7
18.83 227.81
18.84 228.9
18.85 230.05
18.86 231.54
18.87 233.7
18.88 235.56
18.89 237.14
18.9 239.14
18.91 241.74
18.92 245.02
18.93 249.14
18.94 251.31
18.95 254.36
18.96 257.04
18.97 259.37
18.98 260.2
18.99 260.31
19.0 259.3
19.01 258.03
19.02 257.92
19.03 258.27
19.04 258.8
19.05 259.79
19.06 261.27
19.07 263.97
19.08 266.71
19.09 269.18
19.1 271.23
19.11 272.29
19.12 272.13
19.13 271.18
19.14 269.85
19.15 267.75
19.16 265.39
19.17 264.47
19.18 264.05
19.19 264.45
19.2 265.18
19.21 265.75
19.22 266.68
19.23 267.87
19.24 269.01
19.25 269.86
19.26 270.64
19.27 270.92
19.28 270.57
19.29 269.86
19.3 268.8
19.31 268.05
19.32 267.82
19.33 267.5
19.34 267.67
19.35 268.47
19.36 269.32
19.37 270.41
19.38 271.44
19.39 272.01
19.4 271.83
19.41 271.43
19.42 271.37
19.43 271.18
19.44 271.26
19.45 271.62
19.46 271.7
19.47 271.08
19.48 269.84
19.49 269.02
19.5 268.93
19.51 269.34
19.52 269.22
19.53 269.42
19.54 270.39
19.55 271.09
19.56 271.65
19.57 271.82
19.58 271.54
19.59 271.3
19.6 271.26
19.61 271.2
19.62 271.22
19.63 271.14
19.64 271.55
19.65 272.16
19.66 272.66
19.67 273.29
19.68 273.53
19.69 273.36
19.7 273.42
19.71 272.97
19.72 272.32
19.73 272.07
19.74 272.05
19.75 272.57
19.76 272.97
19.77 272.86
19.78 272.88
19.79 273.66
19.8 274.36
19.81 274.37
19.82 274.16
19.83 273.45
19.84 272.22
19.85 271.86
19.86 271.85
19.87 271.64
19.88 271.88
19.89 272.5
19.9 272.84
19.91 273.15
19.92 273.78
19.93 274.37
19.94 274.98
19.95 275.14
19.96 274.19
19.97 272.51
19.98 270.36
19.99 267.93
20.0 265.17
20.01 262.62
20.02 259.29
20.03 255.36
20.04 251.74
20.05 248.76
20.06 247.95
20.07 246.92
20.08 246.95
20.09 247.63
20.1 248.18
20.11 248.27
20.12 247.77
20.13 247.26
20.14 245.84
20.15 245.22
20.16 246.94
20.17 249.3
20.18 251.13
20.19 251.64
20.2 251.35
20.21 251.1
20.22 251.54
20.23 252.71
20.24 254.78
20.25 255.94
20.26 256.49
20.27 258.35
20.28 261.32
20.29 262.42
20.3 262.32
20.31 299.23
20.32 287.31
20.33 274.31
20.34 269.0
20.35 264.32
20.36 261.03
20.37 258.17
20.38 254.22
20.39 250.01
20.4 245.53
20.41 243.08
20.42 243.23
20.43 244.69
20.44 246.15
20.45 247.7
20.46 249.0
20.47 250.35
20.48 250.49
20.49 249.26
20.5 247.55
20.51 245.44
20.52 243.55
20.53 242.1
20.54 241.93
20.55 242.45
20.56 243.68
20.57 244.29
20.58 244.3
20.59 244.65
20.6 244.5
20.61 244.07
20.62 244.2
20.63 244.57
20.64 244.57
20.65 245.26
20.66 246.36
20.67 247.02
20.68 247.48
20.69 247.5
20.7 247.02
20.71 246.63
20.72 246.84
20.73 247.3
20.74 247.65
20.75 247.61
20.76 246.87
20.77 246.29
20.78 245.74
20.79 245.64
20.8 245.95
20.81 246.19
20.82 246.41
20.83 246.39
20.84 246.48
20.85 246.28
20.86 246.26
20.87 245.97
20.88 245.74
20.89 245.9
20.9 245.95
20.91 246.14
20.92 246.05
20.93 246.09
20.94 246.35
20.95 246.64
20.96 247.03
20.97 246.77
20.98 246.27
20.99 246.48
21.0 246.81
21.01 246.24
21.02 246.13
21.03 246.05
21.04 245.55
21.05 245.22
21.06 245.16
21.07 245.74
21.08 245.76
21.09 245.45
21.1 245.79
21.11 245.94
21.12 246.45
21.13 247.61
21.14 247.96
21.15 248.61
21.16 249.51
21.17 249.23
21.18 248.7
21.19 248.04
21.2 247.02
21.21 246.28
21.22 245.43
21.23 244.49
21.24 244.14
21.25 244.66
21.26 245.56
21.27 246.29
21.28 246.96
21.29 248.2
21.3 249.92
21.31 250.68
21.32 251.59
21.33 251.8
21.34 251.33
21.35 250.13
21.36 247.57
21.37 244.93
21.38 216.12
21.39 75.15
21.4 75.0
21.41 119.15
21.42 118.81
21.43 292.67
21.44 289.64
21.45 290.23
21.46 295.44
21.47 290.36
21.48 285.01
21.49 281.18
21.5 279.44
21.51 278.09
21.52 276.61
21.53 274.78
21.54 272.81
21.55 272.04
21.56 271.82
21.57 271.73
21.58 271.52
21.59 271.88
21.6 272.12
21.61 272.35
21.62 272.27
21.63 271.19
21.64 270.6
21.65 270.37
21.66 270.11
21.67 268.97
21.68 265.34
21.69 255.47
21.7 235.36
21.71 208.37
21.72 186.27
21.73 179.82
21.74 185.98
21.75 88.29
21.76 276.97
21.77 89.44
21.78 65.32
21.79 68.49
21.8 297.47
21.81 337.54
21.82 329.91
21.83 332.4
21.84 342.2
21.85 348.23
21.86 345.37
21.87 337.18
21.88 314.77
21.89 302.6
21.9 293.55
21.91 284.83
21.92 278.81
21.93 276.38
21.94 268.15
21.95 256.83
21.96 251.87
21.97 250.76
21.98 250.89
21.99 249.63
22.0 248.24
22.01 246.92
22.02 246.48
22.03 246.52
22.04 245.62
22.05 242.4
22.06 240.82
22.07 240.34
22.08 238.99
22.09 239.71
22.1 240.09
22.11 239.54
22.12 240.8
22.13 242.61
22.14 244.2
22.15 245.18
22.16 244.7
22.17 244.3
22.18 244.0
22.19 243.84
22.2 243.52
22.21 243.66
22.22 243.84
22.23 243.37
22.24 243.27
22.25 243.34
22.26 243.12
22.27 237.47
22.28 239.81
22.29 243.07
22.3 243.25
22.31 244.07
22.32 245.21
22.33 245.37
22.34 245.72
22.35 249.72
22.36 248.56
22.37 244.52
22.38 243.9
22.39 243.65
22.4 243.32
22.41 243.73
22.42 244.14
22.43 244.16
22.44 243.8
22.45 243.41
22.46 243.59
22.47 243.68
22.48 243.71
22.49 243.08
22.5 242.65
22.51 242.27
22.52 242.4
22.53 244.56
22.54 246.51
22.55 248.47
22.56 250.01
22.57 251.01
22.58 249.49
22.59 245.55
22.6 247.78
22.61 254.89
22.62 259.2
22.63 254.49
22.64 247.96
22.65 246.82
22.66 245.73
22.67 244.14
22.68 243.32
22.69 243.1
22.7 243.73
22.71 244.16
22.72 244.87
22.73 245.01
22.74 245.15
22.75 245.13
22.76 244.9
22.77 245.81
22.78 244.67
22.79 244.67
22.8 245.54
22.81 246.42
22.82 246.75
22.83 246.47
22.84 246.61
22.85 245.65
22.86 245.14
22.87 243.98
22.88 242.83
22.89 243.72
22.9 244.23
22.91 244.07
22.92 244.35
22.93 244.85
22.94 246.36
22.95 246.67
22.96 246.96
22.97 247.44
22.98 246.39
22.99 246.42
23.0 246.75
23.01 247.19
23.02 246.51
23.03 245.95
23.04 246.08
23.05 245.35
23.06 244.72
23.07 244.41
23.08 244.77
23.09 245.34
23.1 245.7
23.11 246.21
23.12 246.89
23.13 247.14
23.14 246.61
23.15 246.18
23.16 246.3
23.17 245.87
23.18 245.08
23.19 244.3
23.2 244.18
23.21 244.53
23.22 244.75
23.23 244.83
23.24 244.46
23.25 244.79
23.26 248.43
23.27 250.41
23.28 238.91
23.29 227.28
23.3 235.58
23.31 264.49
23.32 161.4
23.33 81.99
23.34 81.14
23.35 88.16
23.36 317.38
23.37 303.06
23.38 286.83
23.39 271.97
23.4 253.92
23.41 239.29
23.42 234.62
23.43 235.42
23.44 233.77
23.45 230.62
23.46 230.06
23.47 229.28
23.48 228.46
23.49 228.45
23.5 228.25
23.51 228.34
23.52 228.13
23.53 227.42
23.54 227.05
23.55 225.79
23.56 224.73
23.57 224.12
23.58 223.33
23.59 223.57
23.6 224.17
23.61 224.65
23.62 225.37
23.63 225.99
23.64 226.35
23.65 226.16
23.66 226.22
23.67 225.13
23.68 224.49
23.69 223.72
23.7 222.68
23.71 222.04
23.72 222.17
23.73 222.61
23.74 223.07
23.75 224.12
23.76 225.15
23.77 226.22
23.78 227.75
23.79 228.64
23.8 228.48
23.81 227.98
23.82 227.23
23.83 225.79
23.84 223.57
23.85 221.85
23.86 220.63
23.87 219.84
23.88 219.75
23.89 220.32
23.9 221.43
23.91 222.48
23.92 224.08
23.93 225.26
23.94 224.9
23.95 224.55
23.96 224.36
23.97 223.97
23.98 223.15
23.99 222.12
24.0 221.37
24.01 220.92
24.02 221.15
24.03 221.87
24.04 222.34
24.05 222.65
24.06 222.98
24.07 220.77
24.08 204.7
24.09 199.32
24.1 200.94
24.11 204.1
24.12 204.51
24.13 207.89
24.14 219.19
24.15 219.04
24.16 231.59
24.17 243.32
24.18 228.48
24.19 219.55
24.2 214.33
24.21 210.13
24.22 205.75
24.23 201.95
24.24 198.08
24.25 196.04
24.26 196.23
24.27 197.52
24.28 199.24
24.29 200.56
24.3 200.67
24.31 200.06
24.32 199.2
24.33 197.86
24.34 196.91
24.35 196.77
24.36 197.12
24.37 197.38
24.38 197.62
24.39 197.76
24.4 198.02
24.41 198.8
24.42 199.25
24.43 199.08
24.44 198.58
24.45 198.05
24.46 197.49
24.47 196.98
24.48 196.42
24.49 196.24
24.5 196.23
24.51 196.13
24.52 196.77
24.53 197.62
24.54 198.11
24.55 198.58
24.56 199.19
24.57 199.97
24.58 200.23
24.59 200.19
24.6 200.3
24.61 200.01
24.62 199.06
24.63 197.8
24.64 197.19
24.65 197.12
24.66 196.95
24.67 197.24
24.68 198.13
24.69 198.77
24.7 198.77
24.71 198.66
24.72 198.56
24.73 198.16
24.74 197.81
24.75 197.37
24.76 196.77
24.77 196.55
24.78 196.73
24.79 196.65
24.8 196.87
24.81 197.81
24.82 198.62
24.83 198.97
24.84 198.84
24.85 198.61
24.86 197.86
24.87 196.97
24.88 195.4
24.89 192.9
24.9 190.18
24.91 189.34
24.92 191.69
24.93 193.58
24.94 196.56
24.95 199.02
24.96 199.21
24.97 199.98
24.98 199.31
24.99 198.55
25.0 198.3
25.01 196.61
25.02 193.46
25.03 188.15
25.04 182.93
25.05 178.48
25.06 174.68
25.07 173.62
25.08 174.48
25.09 175.02
25.1 175.84
25.11 177.17
25.12 177.88
25.13 178.19
25.14 177.72
25.15 177.26
25.16 177.57
25.17 177.62
25.18 177.15
25.19 176.24
25.2 174.81
25.21 173.86
25.22 174.04
25.23 174.39
25.24 175.4
25.25 177.48
25.26 179.29
25.27 180.26
25.28 180.69
25.29 180.6
25.3 180.11
25.31 179.74
25.32 179.38
25.33 178.68
25.34 177.85
25.35 176.97
25.36 176.17
25.37 175.96
25.38 175.84
25.39 175.86
25.4 175.66
25.41 176.02
25.42 177.04
25.43 177.98
25.44 178.81
25.45 179.67
25.46 180.22
25.47 180.61
25.48 180.94
25.49 180.75
25.5 180.26
25.51 180.24
25.52 179.95
25.53 179.35
25.54 178.85
25.55 178.5
25.56 178.62
25.57 178.88
25.58 179.23
25.59 179.25
25.6 179.52
25.61 179.96
25.62 180.17
25.63 180.44
25.64 180.35
25.65 180.05
25.66 179.23
25.67 178.18
25.68 177.87
25.69 178.01
25.7 178.13
25.71 178.56
25.72 179.21
25.73 179.48
25.74 179.54
25.75 179.56
25.76 179.55
25.77 179.37
25.78 179.19
25.79 178.88
25.8 178.92
25.81 178.95
25.82 178.89
25.83 179.31
25.84 179.81
25.85 179.95
25.86 179.53
25.87 179.21
25.88 179.42
25.89 179.4
25.9 179.12
25.91 178.8
25.92 178.04
25.93 176.97
25.94 175.73
25.95 175.33
25.96 176.24
25.97 177.08
25.98 178.07
25.99 178.84
26.0 179.69
26.01 180.73
26.02 181.25
26.03 181.22
26.04 180.92
26.05 180.54
26.06 179.75
26.07 178.5
26.08 177.57
26.09 177.61
26.1 178.22
26.11 179.18
26.12 180.22
26.13 181.11
26.14 181.85
26.15 182.33
26.16 182.6
26.17 182.51
26.18 181.97
26.19 181.17
26.2 180.25
26.21 179.57
26.22 178.75
26.23 178.19
26.24 178.31
26.25 178.51
26.26 178.89
26.27 179.45
26.28 180.12
26.29 180.52
26.3 180.96
26.31 181.52
26.32 181.71
26.33 181.51
26.34 181.03
26.35 179.92
26.36 179.12
26.37 178.48
26.38 177.4
26.39 177.04
26.4 177.59
26.41 178.52
26.42 179.66
26.43 180.69
26.44 181.2
26.45 181.36
26.46 181.16
26.47 180.51
26.48 179.74
26.49 178.73
26.5 177.53
26.51 176.69
26.52 176.03
26.53 176.14
26.54 176.97
26.55 178.1
26.56 179.65
26.57 180.97
26.58 181.78
26.59 182.22
26.6 181.75
26.61 181.05
26.62 180.26
26.63 179.26
26.64 178.79
26.65 178.33
26.66 177.96
26.67 178.35
26.68 178.82
26.69 179.37
26.7 180.53
26.71 181.32
26.72 181.54
26.73 182.24
26.74 182.82
26.75 182.55
26.76 181.93
26.77 181.5
26.78 180.95
26.79 180.16
26.8 179.77
26.81 179.13
26.82 179.27
26.83 180.01
26.84 180.64
26.85 181.5
26.86 182.48
26.87 182.95
26.88 182.17
26.89 180.32
26.9 61.27
26.91 187.23
26.92 184.08
26.93 180.94
26.94 173.59
26.95 160.65
26.96 152.28
26.97 134.93
26.98 136.26
26.99 186.72
27.0 186.77
27.01 186.5
27.02 0.0
27.03 0.0
27.04 0.0
27.05 0.0
27.06 187.54
27.07 0.0
27.08 0.0
27.09 91.39
27.1 91.53
27.11 188.37
27.12 191.21
27.13 0.0
27.14 0.0
27.15 0.0
27.16 0.0
27.17 0.0
27.18 69.95
27.19 180.72
27.2 0.0
27.21 0.0
27.22 0.0
27.23 0.0
27.24 0.0
27.25 79.11
27.26 101.56
27.27 96.1
27.28 69.82
27.29 89.93
27.3 89.17
27.31 0.0
27.32 0.0
27.33 0.0
27.34 0.0
27.35 0.0
27.36 0.0
27.37 0.0
27.38 0.0
27.39 0.0
27.4 0.0
27.41 0.0
27.42 0.0
27.43 0.0
27.44 0.0
27.45 0.0
27.46 0.0
27.47 0.0
27.48 788.85
27.49 1504.08
27.5 1575.99
27.51 171.24
27.52 169.43
27.53 168.57
27.54 168.76
27.55 170.65
27.56 172.23
27.57 172.96
27.58 174.07
27.59 174.34
27.6 172.85
27.61 166.01
27.62 173.8
27.63 176.74
27.64 179.56
27.65 181.83
27.66 183.2
27.67 183.9
27.68 184.95
27.69 185.84
27.7 186.85
27.71 187.87
27.72 188.69
27.73 189.88
27.74 191.13
27.75 192.17
27.76 193.79
27.77 196.55
27.78 199.4
27.79 202.14
27.8 205.29
27.81 208.32
27.82 211.34
27.83 214.16
27.84 216.51
27.85 217.88
27.86 218.21
27.87 217.86
27.88 217.75
27.89 218.16
27.9 219.3
27.91 221.17
27.92 223.26
27.93 225.83
27.94 228.61
27.95 231.14
27.96 233.18
27.97 234.8
27.98 235.55
27.99 236.36
28.0 237.22
28.01 237.21
28.02 237.19
28.03 237.01
28.04 236.5
28.05 236.98
28.06 237.58
28.07 238.62
28.08 239.06
28.09 239.27
28.1 240.01
28.11 240.52
28.12 240.87
28.13 241.6
28.14 241.87
28.15 241.49
28.16 240.56
28.17 239.62
28.18 238.98
28.19 238.44
28.2 238.39
28.21 238.58
28.22 239.02
28.23 239.41
28.24 239.88
28.25 240.78
28.26 241.06
28.27 240.88
28.28 240.57
28.29 240.58
28.3 240.68
28.31 240.74
28.32 241.0
28.33 240.92
28.34 241.1
28.35 242.0
28.36 242.43
28.37 242.95
28.38 243.78
28.39 243.76
28.4 243.51
28.41 243.04
28.42 242.03
28.43 241.09
28.44 239.86
28.45 239.35
28.46 239.8
28.47 240.0
28.48 240.98
28.49 242.39
28.5 243.79
28.51 245.46
28.52 246.44
28.53 246.82
28.54 246.58
28.55 244.83
28.56 242.95
28.57 241.7
28.58 240.43
28.59 239.84
28.6 239.76
28.61 240.69
28.62 242.2
28.63 243.47
28.64 244.74
28.65 245.89
28.66 246.35
28.67 245.79
28.68 244.38
28.69 243.38
28.7 243.07
28.71 242.48
28.72 242.26
28.73 242.32
28.74 242.5
28.75 244.44
28.76 246.04
28.77 246.89
28.78 247.69
28.79 248.01
28.8 247.51
28.81 246.89
28.82 245.36
28.83 243.52
28.84 242.99
28.85 242.42
28.86 241.16
28.87 240.44
28.88 240.0
28.89 239.77
28.9 239.36
28.91 239.61
28.92 239.72
28.93 234.7
28.94 224.37
28.95 211.16
28.96 182.09
28.97 151.86
28.98 166.36
28.99 70.93
29.0 68.71
29.01 127.09
29.02 256.88
29.03 0.0
29.04 0.0
29.05 303.61
29.06 0.0
29.07 0.0
29.08 0.0
29.09 0.0
29.1 0.0
29.11 0.0
29.12 136.56
29.13 150.78
29.14 0.0
29.15 289.18
29.16 266.05
29.17 250.55
29.18 246.2
29.19 246.32
29.2 245.66
29.21 243.84
29.22 243.12
29.23 243.37
29.24 244.59
29.25 245.6
29.26 246.31
29.27 246.36
29.28 246.02
29.29 245.06
29.3 242.96
29.31 242.28
29.32 242.96
29.33 242.92
29.34 241.52
29.35 241.41
29.36 241.95
29.37 241.9
29.38 241.94
29.39 242.61
29.4 243.38
29.41 243.1
29.42 241.61
29.43 240.82
29.44 240.81
29.45 240.97
29.46 241.1
29.47 241.11
29.48 241.61
29.49 243.1
29.5 244.62
29.51 244.87
29.52 244.94
29.53 245.08
29.54 243.96
29.55 242.98
29.56 243.39
29.57 243.44
29.58 242.78
29.59 241.32
29.6 239.7
29.61 239.96
29.62 241.34
29.63 242.21
29.64 243.55
29.65 246.46
29.66 249.19
29.67 251.81
29.68 252.36
29.69 249.27
29.7 246.9
29.71 246.79
29.72 246.35
29.73 245.73
29.74 245.48
29.75 244.15
29.76 243.24
29.77 242.64
29.78 241.93
29.79 241.87
29.8 242.11
29.81 242.08
29.82 239.12
29.83 231.33
29.84 215.42
29.85 208.95
29.86 187.57
29.87 177.36
29.88 181.54
29.89 80.94
29.9 162.59
29.91 162.19
29.92 0.0
29.93 0.0
29.94 1194.35
29.95 1238.91
29.96 235.39
29.97 0.0
29.98 166.81
29.99 281.57
30.0 258.61
30.01 246.95
30.02 247.7
30.03 250.67
30.04 250.95
30.05 250.16
30.06 249.44
30.07 248.89
30.08 248.41
30.09 248.0
30.1 247.85
30.11 248.08
30.12 248.46
30.13 248.2
30.14 246.08
30.15 239.76
30.16 240.97
30.17 242.4
30.18 242.32
30.19 242.75
30.2 243.88
30.21 244.73
30.22 244.11
30.23 242.32
30.24 231.49
30.25 221.58
30.26 232.99
30.27 261.12
30.28 299.66
30.29 319.0
30.3 330.79
30.31 339.46
30.32 339.32
30.33 332.72
30.34 325.26
30.35 318.31
30.36 309.78
30.37 285.84
30.38 300.06
30.39 285.36
30.4 275.15
30.41 270.67
30.42 270.37
30.43 272.26
30.44 274.55
30.45 276.54
30.46 278.29
30.47 279.79
30.48 281.03
30.49 281.27
30.5 280.02
30.51 278.58
30.52 278.3
30.53 277.63
30.54 276.7
30.55 275.83
30.56 275.62
30.57 275.46
30.58 275.08
30.59 275.14
30.6 275.45
30.61 274.83
30.62 273.39
30.63 271.96
30.64 270.21
30.65 267.41
30.66 263.48
30.67 262.0
30.68 272.72
30.69 273.32
30.7 248.52
30.71 111.03
30.72 242.42
30.73 263.47
30.74 264.26
30.75 269.55
30.76 0.0
30.77 0.0
30.78 294.84
30.79 262.94
30.8 252.6
30.81 241.15
30.82 230.57
30.83 223.44
30.84 220.86
30.85 221.31
30.86 222.14
30.87 221.92
30.88 221.97
30.89 223.67
30.9 223.29
30.91 224.33
30.92 223.82
30.93 223.81
30.94 224.15
30.95 222.57
30.96 220.21
30.97 218.64
30.98 219.05
30.99 218.41
31.0 218.94
31.01 219.62
31.02 220.67
31.03 222.48
31.04 224.01
31.05 225.35
31.06 225.68
31.07 225.86
31.08 225.63
31.09 225.65
31.1 225.12
31.11 224.76
31.12 223.73
31.13 223.04
31.14 222.57
31.15 222.56
31.16 221.99
31.17 222.59
31.18 223.68
31.19 223.94
31.2 225.11
31.21 225.9
31.22 225.85
31.23 225.56
31.24 225.8
31.25 224.89
31.26 224.9
31.27 223.92
31.28 223.26
31.29 223.32
31.3 222.87
31.31 223.23
31.32 222.99
31.33 223.21
31.34 224.11
31.35 224.81
31.36 224.59
31.37 224.75
31.38 224.58
31.39 224.4
31.4 224.39
31.41 223.79
31.42 223.4
31.43 223.65
31.44 224.03
31.45 223.75
31.46 223.81
31.47 224.82
31.48 225.38
31.49 225.25
31.5 225.97
31.51 225.96
31.52 226.0
31.53 225.61
31.54 224.83
31.55 224.19
31.56 222.82
31.57 219.93
31.58 217.87
31.59 212.93
31.6 200.74
31.61 190.95
31.62 172.0
31.63 159.36
31.64 132.46
31.65 64.44
31.66 200.9
31.67 0.0
31.68 0.0
31.69 0.0
31.7 0.0
31.71 207.31
31.72 198.14
31.73 0.0
31.74 0.0
31.75 0.0
31.76 0.0
31.77 0.0
31.78 0.0
31.79 0.0
31.8 0.0
31.81 0.0
31.82 0.0
31.83 0.0
31.84 0.0
31.85 60.63
31.86 0.0
31.87 0.0
31.88 0.0
31.89 95.0
31.9 87.82
31.91 0.0
31.92 0.0
31.93 0.0
31.94 0.0
31.95 0.0
31.96 0.0
31.97 0.0
31.98 0.0
31.99 0.0
32.0 0.0
32.01 0.0
32.02 0.0
32.03 0.0
32.04 0.0
32.05 561.22
32.06 82.15
32.07 88.74
32.08 94.17
32.09 0.0
32.1 0.0
32.11 65.19
32.12 0.0
32.13 0.0
32.14 219.08
32.15 217.92
32.16 212.08
32.17 184.64
32.18 175.53
32.19 174.27
32.2 173.67
32.21 174.93
32.22 178.6
32.23 181.92
32.24 185.71
32.25 190.19
32.26 192.86
32.27 194.29
32.28 195.16
32.29 195.41
32.3 195.77
32.31 196.45
32.32 197.35
32.33 198.63
32.34 200.32
32.35 202.14
32.36 203.75
32.37 204.78
32.38 204.44
32.39 201.15
32.4 194.57
32.41 188.88
32.42 182.82
32.43 175.85
32.44 166.03
32.45 171.73
32.46 184.64
32.47 189.46
32.48 193.89
32.49 195.31
32.5 196.16
32.51 197.56
32.52 198.68
32.53 198.49
32.54 196.3
32.55 193.35
32.56 189.96
32.57 191.66
32.58 192.38
32.59 194.08
32.6 196.33
32.61 198.16
32.62 199.07
32.63 198.81
32.64 198.48
32.65 198.96
32.66 199.77
32.67 200.85
32.68 202.34
32.69 203.54
32.7 204.32
32.71 204.91
32.72 205.32
32.73 205.5
32.74 205.04
32.75 204.32
32.76 203.91
32.77 203.64
32.78 203.48
32.79 203.38
32.8 203.49
32.81 203.89
32.82 204.24
32.83 204.74
32.84 205.5
32.85 206.21
32.86 206.11
32.87 205.49
32.88 204.58
32.89 203.89
32.9 203.59
32.91 203.27
32.92 202.65
32.93 202.01
32.94 201.64
32.95 201.66
32.96 201.95
32.97 199.95
32.98 196.72
32.99 100.37
33.0 199.47
33.01 198.75
33.02 198.27
33.03 199.52
33.04 200.12
33.05 200.55
33.06 200.73
33.07 201.02
33.08 201.69
33.09 201.77
33.1 201.4
33.11 201.4
33.12 201.43
33.13 201.26
33.14 201.21
33.15 201.57
33.16 202.2
33.17 202.21
33.18 201.7
33.19 200.8
33.2 199.73
33.21 198.99
33.22 198.71
33.23 198.88
33.24 197.54
33.25 194.71
33.26 190.44
33.27 180.28
33.28 179.29
33.29 172.81
33.3 157.87
33.31 177.07
33.32 204.35
33.33 211.01
33.34 210.22
33.35 208.83
33.36 209.8
33.37 209.85
33.38 206.65
33.39 204.23
33.4 201.41
33.41 198.05
33.42 196.17
33.43 196.65
33.44 196.69
33.45 196.73
33.46 197.62
33.47 198.37
33.48 199.04
33.49 199.53
33.5 199.18
33.51 198.64
33.52 198.14
33.53 197.31
33.54 196.08
33.55 195.62
33.56 196.05
33.57 195.51
33.58 194.49
33.59 193.8
33.6 194.6
33.61 104.71
33.62 207.74
33.63 201.05
33.64 192.73
33.65 176.86
33.66 153.25
33.67 123.47
33.68 59.88
33.69 131.65
33.7 496.07
33.71 70.35
33.72 1520.81
33.73 1538.29
33.74 0.0
33.75 116.99
33.76 227.91
33.77 230.72
33.78 238.62
33.79 241.68
33.8 243.51
33.81 247.16
33.82 250.86
33.83 255.5
33.84 260.78
33.85 265.63
33.86 267.89
33.87 271.68
33.88 274.32
33.89 274.59
33.9 274.07
33.91 272.58
33.92 270.91
33.93 266.61
33.94 112.65
33.95 228.5
33.96 236.07
33.97 260.29
33.98 269.08
33.99 273.22
34.0 275.01
34.01 274.27
34.02 272.39
34.03 271.42
34.04 272.26
34.05 271.77
34.06 267.35
34.07 266.58
34.08 267.13
34.09 267.1
34.1 265.28
34.11 258.99
34.12 235.93
34.13 249.61
34.14 251.51
34.15 254.68
34.16 289.41
34.17 284.97
34.18 278.12
34.19 271.44
34.2 268.11
34.21 264.86
34.22 264.23
34.23 264.47
34.24 264.08
34.25 265.24
34.26 266.02
34.27 265.54
34.28 264.89
34.29 265.32
34.3 265.2
34.31 265.19
34.32 266.47
34.33 266.99
34.34 268.1
34.35 270.12
34.36 270.16
34.37 269.26
34.38 270.55
34.39 270.28
34.4 268.76
34.41 269.02
34.42 268.66
34.43 267.18
34.44 266.81
34.45 267.28
34.46 265.45
34.47 263.92
34.48 264.91
34.49 265.86
34.5 266.32
34.51 265.62
34.52 263.57
34.53 273.79
34.54 284.06
34.55 277.89
34.56 275.45
34.57 273.4
34.58 270.69
34.59 269.69
34.6 268.75
34.61 266.53
34.62 266.69
34.63 267.1
34.64 266.1
34.65 266.68
34.66 267.41
34.67 267.63
34.68 267.8
34.69 267.75
34.7 268.07
34.71 268.46
34.72 269.13
34.73 269.32
34.74 264.02
34.75 249.06
34.76 224.32
34.77 202.23
34.78 89.1
34.79 83.6
34.8 188.71
34.81 58.16
34.82 78.73
34.83 64.45
34.84 61.7
34.85 64.44
34.86 87.12
34.87 0.0
34.88 0.0
34.89 382.09
34.9 391.79
34.91 392.07
34.92 327.98
34.93 291.59
34.94 279.78
34.95 258.8
34.96 244.21
34.97 239.08
34.98 237.27
34.99 237.23
35.0 237.16
35.01 237.01
35.02 235.84
35.03 234.33
35.04 233.83
35.05 233.94
35.06 233.56
35.07 232.34
35.08 231.34
35.09 231.86
35.1 232.23
35.11 232.82
35.12 233.86
35.13 234.76
35.14 236.05
35.15 237.44
35.16 238.43
35.17 239.22
35.18 239.99
35.19 240.26
35.2 239.55
35.21 237.75
35.22 235.69
35.23 234.36
35.24 233.26
35.25 232.49
35.26 232.3
35.27 232.51
35.28 232.71
35.29 232.8
35.3 233.46
35.31 234.64
35.32 235.75
35.33 236.7
35.34 237.47
35.35 238.12
35.36 238.76
35.37 239.34
35.38 239.52
35.39 238.63
35.4 237.87
35.41 237.55
35.42 236.81
35.43 236.44
35.44 236.63
35.45 236.73
35.46 236.5
35.47 236.65
35.48 237.27
35.49 237.44
35.5 237.45
35.51 237.7
35.52 237.72
35.53 237.17
35.54 236.79
35.55 236.69
35.56 236.31
35.57 236.99
35.58 238.23
35.59 238.65
35.6 239.34
35.61 239.85
35.62 239.77
35.63 239.46
35.64 239.33
35.65 239.57
35.66 239.82
35.67 239.67
35.68 239.58
35.69 239.83
35.7 239.76
35.71 239.32
35.72 239.34
35.73 239.37
35.74 239.06
35.75 239.1
35.76 239.5
35.77 239.74
35.78 239.14
35.79 238.4
35.8 238.5
35.81 239.12
35.82 239.36
35.83 239.03
35.84 238.74
35.85 238.47
35.86 237.87
35.87 237.29
35.88 236.97
35.89 237.21
35.9 237.78
35.91 237.95
35.92 238.03
35.93 238.37
35.94 238.4
35.95 237.94
35.96 237.29
35.97 236.43
35.98 235.77
35.99 236.14
36.0 237.02
36.01 237.62
36.02 238.54
36.03 239.94
36.04 241.54
36.05 242.19
36.06 236.5
36.07 218.9
36.08 223.51
36.09 223.24
36.1 212.8
36.11 191.1
36.12 168.51
36.13 146.7
36.14 0.0
36.15 61.69
36.16 63.48
36.17 240.41
36.18 240.69
36.19 117.48
36.2 117.48
36.21 116.81
36.22 231.51
36.23 118.7
36.24 119.86
36.25 81.48
36.26 82.82
36.27 63.43
36.28 63.62
36.29 84.44
36.3 252.61
36.31 83.35
36.32 62.33
36.33 62.29
36.34 249.24
36.35 253.83
36.36 82.08
36.37 243.18
36.38 242.19
36.39 79.07
36.4 123.46
36.41 0.0
36.42 0.0
36.43 62.85
36.44 126.67
36.45 126.55
36.46 126.97
36.47 257.59
36.48 262.18
36.49 226.76
36.5 201.52
36.51 184.18
36.52 173.07
36.53 176.67
36.54 179.65
36.55 180.54
36.56 181.94
36.57 184.79
36.58 187.1
36.59 188.18
36.6 187.66
36.61 187.63
36.62 189.54
36.63 192.82
36.64 196.98
36.65 202.21
36.66 207.75
36.67 210.25
36.68 213.09
36.69 215.37
36.7 217.01
36.71 218.79
36.72 329.89
36.73 661.28
36.74 662.9
36.75 222.29
36.76 223.89
36.77 225.76
36.78 227.23
36.79 228.74
36.8 231.1
36.81 232.48
36.82 232.98
36.83 233.21
36.84 232.82
36.85 232.73
36.86 233.11
36.87 233.16
36.88 233.15
36.89 233.65
36.9 234.42
36.91 234.96
36.92 234.95
36.93 234.95
36.94 235.03
36.95 235.21
36.96 235.28
36.97 235.36
36.98 235.56
36.99 235.5
37.0 235.73
37.01 236.42
37.02 237.13
37.03 237.51
37.04 237.59
37.05 237.73
37.06 238.34
37.07 239.18
37.08 239.65
37.09 239.41
37.1 239.33
37.11 239.17
37.12 238.63
37.13 237.94
37.14 237.15
37.15 236.68
37.16 236.66
37.17 236.56
37.18 235.01
37.19 233.17
37.2 231.16
37.21 231.3
37.22 237.86
37.23 238.57
37.24 237.09
37.25 237.94
37.26 236.82
37.27 235.88
37.28 236.13
37.29 236.42
37.3 237.36
37.31 239.29
37.32 240.28
37.33 239.91
37.34 241.46
37.35 239.72
37.36 224.16
37.37 192.41
37.38 179.52
37.39 175.33
37.4 186.02
37.41 208.94
37.42 205.87
37.43 199.72
37.44 184.97
37.45 86.72
37.46 185.35
37.47 330.29
37.48 324.27
37.49 342.87
37.5 309.73
37.51 296.87
37.52 275.05
37.53 255.28
37.54 247.84
37.55 239.71
37.56 234.66
37.57 236.96
37.58 233.15
37.59 229.96
37.6 231.47
37.61 232.69
37.62 233.9
37.63 235.53
37.64 236.12
37.65 236.07
37.66 235.46
37.67 234.8
37.68 235.04
37.69 235.28
37.7 235.41
37.71 235.5
37.72 235.42
37.73 235.37
37.74 235.56
37.75 236.43
37.76 237.2
37.77 237.97
37.78 238.63
37.79 239.04
37.8 239.43
37.81 239.6
37.82 239.91
37.83 240.26
37.84 240.59
37.85 240.25
37.86 239.35
37.87 238.62
37.88 238.1
37.89 237.22
37.9 236.57
37.91 236.31
37.92 236.89
37.93 237.95
37.94 238.66
37.95 239.42
37.96 239.04
37.97 238.55
37.98 238.04
37.99 236.96
38.0 236.38
38.01 236.52
38.02 236.99
38.03 238.55
38.04 240.32
38.05 242.1
38.06 242.54
38.07 239.69
38.08 239.38
38.09 241.5
38.1 243.06
38.11 245.22
38.12 248.13
38.13 247.84
38.14 242.55
38.15 240.04
38.16 238.72
38.17 237.22
38.18 236.7
38.19 237.09
38.2 237.8
38.21 238.76
38.22 239.22
38.23 239.53
38.24 239.14
38.25 237.91
38.26 236.99
38.27 236.2
38.28 235.92
38.29 236.19
38.3 236.64
38.31 237.25
38.32 238.29
38.33 240.53
38.34 242.91
38.35 241.45
38.36 239.08
38.37 236.68
38.38 231.81
38.39 228.47
38.4 223.02
38.41 214.76
38.42 205.65
38.43 197.4
38.44 191.32
38.45 189.44
38.46 190.09
38.47 193.17
38.48 197.88
38.49 204.37
38.5 210.74
38.51 216.81
38.52 223.21
38.53 228.21
38.54 232.18
38.55 236.29
38.56 238.43
38.57 238.07
38.58 236.86
38.59 236.19
38.6 235.22
38.61 233.58
38.62 232.43
38.63 231.87
38.64 232.36
38.65 233.55
38.66 234.55
38.67 235.67
38.68 236.81
38.69 237.53
38.7 237.24
38.71 236.76
38.72 236.62
38.73 236.84
38.74 236.75
38.75 235.77
38.76 235.41
38.77 236.64
38.78 238.41
38.79 240.0
38.8 240.85
38.81 240.5
38.82 239.97
38.83 239.49
38.84 238.86
38.85 238.75
38.86 238.04
38.87 236.45
38.88 236.26
38.89 237.26
38.9 237.67
38.91 237.65
38.92 238.76
38.93 240.67
38.94 240.57
38.95 233.02
38.96 76.99
38.97 231.08
38.98 225.63
38.99 220.96
39.0 214.86
39.01 216.61
39.02 119.47
39.03 240.9
39.04 238.05
39.05 239.16
39.06 237.37
39.07 238.24
39.08 237.95
39.09 236.75
39.1 237.63
39.11 236.56
39.12 235.29
39.13 235.95
39.14 234.57
39.15 234.23
39.16 235.76
39.17 236.25
39.18 235.02
39.19 231.78
39.2 101.57
39.21 205.68
39.22 206.85
39.23 254.26
39.24 261.0
39.25 254.2
39.26 249.79
39.27 252.11
39.28 251.97
39.29 244.54
39.3 239.35
39.31 237.8
39.32 236.82
39.33 236.36
39.34 236.03
39.35 236.32
39.36 236.49
39.37 236.54
39.38 236.54
39.39 236.36
39.4 236.92
39.41 237.51
39.42 238.02
39.43 238.7
39.44 238.69
39.45 238.04
39.46 237.17
39.47 236.13
39.48 236.26
39.49 237.65
39.5 238.94
39.51 238.11
39.52 234.13
39.53 224.59
39.54 194.59
39.55 181.92
39.56 166.1
39.57 78.49
39.58 206.95
39.59 235.27
39.6 1528.08
39.61 1774.4
39.62 1251.03
39.63 0.0
39.64 367.42
39.65 346.63
39.66 83.32
39.67 245.76
39.68 245.74
39.69 247.52
39.7 247.31
39.71 242.35
39.72 238.28
39.73 237.43
39.74 237.68
39.75 237.09
39.76 236.85
39.77 237.01
39.78 236.83
39.79 236.14
39.8 235.13
39.81 234.74
39.82 234.62
39.83 234.68
39.84 235.73
39.85 237.8
39.86 241.3
39.87 244.31
39.88 244.28
39.89 223.35
39.9 217.8
39.91 207.94
39.92 198.82
39.93 197.06
39.94 204.02
39.95 211.79
39.96 223.55
39.97 0.0
39.98 298.72
39.99 267.67
40.0 258.75
40.01 254.68
40.02 251.28
40.03 248.12
40.04 244.98
40.05 240.94
40.06 233.74
40.07 232.48
40.08 236.48
40.09 236.0
40.1 236.43
40.11 239.33
40.12 240.06
40.13 239.31
40.14 238.3
40.15 237.2
40.16 235.54
40.17 234.24
40.18 233.29
40.19 232.65
40.2 232.99
40.21 234.09
40.22 235.13
40.23 236.12
40.24 236.45
40.25 236.62
40.26 236.58
40.27 236.31
40.28 236.8
40.29 237.25
40.3 237.48
40.31 237.92
40.32 237.71
40.33 237.6
40.34 238.12
40.35 238.47
40.36 238.87
40.37 239.26
40.38 239.23
40.39 238.74
40.4 237.87
40.41 235.62
40.42 212.71
40.43 216.1
40.44 210.94
40.45 201.21
40.46 183.21
40.47 157.51
40.48 145.26
40.49 186.69
40.5 191.29
40.51 209.82
40.52 0.0
40.53 0.0
40.54 0.0
40.55 0.0
40.56 0.0
40.57 200.82
40.58 207.23
40.59 0.0
40.6 0.0
40.61 100.31
40.62 79.65
40.63 0.0
40.64 0.0
40.65 0.0
40.66 0.0
40.67 0.0
40.68 0.0
40.69 0.0
40.7 0.0
40.71 0.0
40.72 0.0
40.73 0.0
40.74 0.0
40.75 0.0
40.76 0.0
40.77 0.0
40.78 0.0
40.79 220.18
40.8 236.51
40.81 66.13
40.82 66.52
40.83 67.03
40.84 135.89
40.85 139.77
40.86 146.36
40.87 154.75
40.88 161.28
40.89 167.78
40.9 173.19
40.91 178.9
40.92 183.85
40.93 187.53
40.94 189.6
40.95 190.89
40.96 191.02
40.97 191.47
40.98 193.67
40.99 196.08
41.0 198.53
41.01 201.6
41.02 204.14
41.03 208.07
41.04 212.33
41.05 216.77
41.06 220.72
41.07 223.35
41.08 225.69
41.09 227.49
41.1 228.96
41.11 229.46
41.12 229.68
41.13 230.63
41.14 232.01
41.15 233.04
41.16 234.34
41.17 235.63
41.18 236.01
41.19 236.22
41.2 236.57
41.21 236.97
41.22 236.49
41.23 236.05
41.24 236.82
41.25 237.22
41.26 237.27
41.27 237.75
41.28 238.7
41.29 239.28
41.3 238.95
41.31 238.03
41.32 237.64
41.33 237.82
41.34 237.2
41.35 236.93
41.36 237.72
41.37 237.98
41.38 238.62
41.39 239.84
41.4 238.97
41.41 238.25
41.42 238.22
41.43 237.24
41.44 236.86
41.45 237.89
41.46 238.87
41.47 239.49
41.48 240.15
41.49 240.82
41.5 241.37
41.51 241.67
41.52 241.63
41.53 240.95
41.54 239.48
41.55 235.93
41.56 230.91
41.57 210.64
41.58 214.16
41.59 106.02
41.6 106.52
41.61 105.69
41.62 105.89
41.63 220.53
41.64 252.24
41.65 247.44
41.66 243.42
41.67 240.89
41.68 238.94
41.69 238.27
41.7 238.0
41.71 238.21
41.72 240.89
41.73 241.21
41.74 236.0
41.75 218.36
41.76 199.01
41.77 187.21
41.78 168.95
41.79 174.98
41.8 178.46
41.81 84.68
41.82 87.11
41.83 120.7
41.84 1886.2
41.85 257.29
41.86 242.04
41.87 243.05
41.88 246.42
41.89 247.27
41.9 244.67
41.91 239.18
41.92 235.64
41.93 234.29
41.94 234.31
41.95 236.06
41.96 237.33
41.97 238.28
41.98 239.75
41.99 240.5
42.0 240.34
42.01 240.83
42.02 240.86
42.03 240.72
42.04 241.67
42.05 241.03
42.06 239.66
42.07 239.75
42.08 239.47
42.09 239.19
42.1 240.99
42.11 241.4
42.12 239.81
42.13 240.5
42.14 239.84
42.15 238.79
42.16 239.85
42.17 238.75
42.18 238.81
42.19 239.17
42.2 238.62
42.21 239.74
42.22 240.4
42.23 242.56
42.24 245.35
42.25 247.13
42.26 244.86
42.27 247.41
42.28 257.57
42.29 269.69
42.3 283.17
42.31 280.38
42.32 276.97
42.33 274.91
42.34 271.15
42.35 267.66
42.36 264.65
42.37 262.77
42.38 261.01
42.39 259.77
42.4 259.4
42.41 260.1
42.42 261.11
42.43 262.52
42.44 264.09
42.45 264.42
42.46 264.58
42.47 264.89
42.48 265.07
42.49 265.24
42.5 264.98
42.51 263.64
42.52 261.94
42.53 260.9
42.54 260.04
42.55 259.58
42.56 259.91
42.57 260.63
42.58 260.93
42.59 261.53
42.6 262.17
42.61 262.6
42.62 263.51
42.63 264.15
42.64 264.08
42.65 264.0
42.66 263.39
42.67 262.45
42.68 261.14
42.69 259.59
42.7 256.65
42.71 252.3
42.72 246.3
42.73 239.73
42.74 233.15
42.75 229.7
42.76 228.46
42.77 229.05
42.78 231.6
42.79 235.84
42.8 239.43
42.81 240.22
42.82 240.07
42.83 238.96
42.84 237.56
42.85 235.81
42.86 233.87
42.87 232.03
42.88 230.45
42.89 229.63
42.9 229.92
42.91 231.67
42.92 233.9
42.93 235.59
42.94 236.73
42.95 238.02
42.96 239.85
42.97 241.91
42.98 242.82
42.99 243.33
43.0 244.85
43.01 245.78
43.02 245.34
43.03 242.81
43.04 237.95
43.05 205.47
43.06 200.01
43.07 184.95
43.08 183.66
43.09 232.95
43.1 0.0
43.11 0.0
43.12 317.92
43.13 286.05
43.14 250.52
43.15 234.6
43.16 229.07
43.17 224.67
43.18 220.9
43.19 217.4
43.2 646.37
43.21 637.74
43.22 640.67
43.23 646.81
43.24 649.68
43.25 217.87
43.26 216.67
43.27 214.45
43.28 213.83
43.29 215.07
43.3 211.44
43.31 195.08
43.32 177.93
43.33 165.0
43.34 138.29
43.35 115.72
43.36 229.07
43.37 226.51
43.38 112.1
43.39 222.26
43.4 221.04
43.41 222.18
43.42 221.78
43.43 221.45
43.44 222.79
43.45 220.81
43.46 216.85
43.47 214.71
43.48 205.54
43.49 189.82
43.5 197.7
43.51 221.04
43.52 70.54
43.53 71.12
43.54 187.75
43.55 0.0
43.56 0.0
43.57 0.0
43.58 0.0
43.59 0.0
43.6 0.0
43.61 0.0
43.62 0.0
43.63 0.0
43.64 0.0
43.65 121.71
43.66 0.0
43.67 0.0
43.68 75.46
43.69 162.58
43.7 121.63
43.71 135.7
43.72 244.6
43.73 219.48
43.74 217.7
43.75 217.88
43.76 217.44
43.77 217.25
43.78 217.87
43.79 219.15
43.8 220.96
43.81 223.66
43.82 226.55
43.83 228.96
43.84 230.94
43.85 233.14
43.86 235.35
43.87 237.27
43.88 239.34
43.89 241.84
43.9 244.36
43.91 246.25
43.92 248.75
43.93 250.15
43.94 250.76
43.95 251.08
43.96 251.36
43.97 252.19
43.98 253.6
43.99 254.91
44.0 256.68
44.01 257.77
44.02 258.88
44.03 259.67
44.04 260.39
44.05 260.44
44.06 260.18
44.07 259.71
44.08 259.29
44.09 259.58
44.1 260.91
44.11 261.75
44.12 261.92
44.13 262.35
44.14 262.94
44.15 264.06
44.16 264.47
44.17 265.03
44.18 266.1
44.19 266.19
44.2 265.53
44.21 265.02
44.22 263.98
44.23 262.72
44.24 262.59
44.25 262.86
44.26 262.67
44.27 262.21
44.28 262.53
44.29 263.1
44.3 263.54
44.31 264.57
44.32 265.33
44.33 265.44
44.34 264.88
44.35 263.93
44.36 262.87
44.37 262.36
44.38 262.1
44.39 262.19
44.4 262.81
44.41 263.81
44.42 264.69
44.43 265.23
44.44 265.29
44.45 264.79
44.46 264.05
44.47 263.07
44.48 262.77
44.49 263.03
44.5 263.51
44.51 263.58
44.52 263.59
44.53 263.88
44.54 264.48
44.55 265.43
44.56 265.93
44.57 266.29
44.58 265.99
44.59 265.06
44.6 264.4
44.61 263.97
44.62 263.71
44.63 263.53
44.64 263.54
44.65 263.64
44.66 264.03
44.67 264.8
44.68 265.42
44.69 266.18
44.7 266.65
44.71 266.36
44.72 265.78
44.73 265.24
44.74 264.95
44.75 264.56
44.76 264.15
44.77 264.1
44.78 264.12
44.79 264.41
44.8 264.65
44.81 264.87
44.82 265.59
44.83 266.68
44.84 267.33
44.85 268.31
44.86 269.01
44.87 268.61
44.88 267.38
44.89 265.83
44.9 264.75
44.91 264.2
44.92 264.19
44.93 264.56
44.94 264.9
44.95 264.99
44.96 265.24
44.97 265.57
44.98 265.26
44.99 264.82
45.0 264.4
45.01 264.34
45.02 264.31
45.03 263.67
45.04 262.95
45.05 262.2
45.06 261.19
45.07 259.76
45.08 257.41
45.09 254.84
45.1 251.72
45.11 248.12
45.12 245.36
45.13 243.29
45.14 242.12
45.15 242.69
45.16 244.05
45.17 245.03
45.18 246.25
45.19 247.23
45.2 247.9
45.21 248.37
45.22 248.45
45.23 246.67
45.24 244.93
45.25 243.93
45.26 244.37
45.27 243.51
45.28 244.24
45.29 245.27
45.3 246.42
45.31 246.35
45.32 246.04
45.33 245.29
45.34 242.43
45.35 242.22
45.36 241.54
45.37 240.87
45.38 241.83
45.39 244.77
45.4 248.35
45.41 247.09
45.42 244.73
45.43 268.36
45.44 267.02
45.45 266.51
45.46 266.87
45.47 262.36
45.48 257.03
45.49 254.14
45.5 252.61
45.51 251.27
45.52 247.28
45.53 241.16
45.54 236.65
45.55 234.25
45.56 234.57
45.57 236.97
45.58 239.08
45.59 240.41
45.6 242.03
45.61 243.44
45.62 244.11
45.63 243.42
45.64 242.29
45.65 240.98
45.66 239.94
45.67 239.27
45.68 238.67
45.69 238.16
45.7 237.51
45.71 237.36
45.72 237.83
45.73 238.52
45.74 239.25
45.75 240.35
45.76 241.65
45.77 242.52
45.78 243.22
45.79 244.14
45.8 244.51
45.81 244.41
45.82 244.86
45.83 245.25
45.84 244.87
45.85 244.77
45.86 244.2
45.87 243.55
45.88 243.42
45.89 243.38
45.9 242.91
45.91 241.82
45.92 240.93
45.93 240.65
45.94 240.8
45.95 240.42
45.96 239.51
45.97 239.33
45.98 239.5
45.99 239.78
46.0 239.94
46.01 240.01
46.02 240.82
46.03 241.17
46.04 241.42
46.05 241.91
46.06 242.63
46.07 243.75
46.08 244.35
46.09 244.8
46.1 245.32
46.11 245.05
46.12 244.08
46.13 243.49
46.14 243.16
46.15 242.38
46.16 241.55
46.17 240.72
46.18 240.04
46.19 239.65
46.2 239.45
46.21 239.97
46.22 241.06
46.23 242.32
46.24 242.76
46.25 242.68
46.26 242.93
46.27 243.24
46.28 243.03
46.29 242.41
46.3 241.66
46.31 240.87
46.32 240.01
46.33 239.3
46.34 238.87
46.35 239.34
46.36 240.49
46.37 241.56
46.38 242.93
46.39 243.43
46.4 243.32
46.41 242.47
46.42 241.19
46.43 240.26
46.44 239.59
46.45 237.91
46.46 237.2
46.47 237.25
46.48 237.71
46.49 239.11
46.5 240.88
46.51 244.02
46.52 247.01
46.53 249.31
46.54 249.17
46.55 236.65
46.56 218.57
46.57 235.67
46.58 86.57
46.59 87.97
46.6 88.65
46.61 88.03
46.62 88.0
46.63 273.19
46.64 279.96
46.65 274.21
46.66 270.7
46.67 267.45
46.68 265.02
46.69 263.99
46.7 262.2
46.71 261.92
46.72 262.61
46.73 262.67
46.74 262.78
46.75 263.43
46.76 263.92
46.77 264.92
46.78 266.69
46.79 264.53
46.8 254.03
46.81 225.75
46.82 183.33
46.83 169.67
46.84 86.91
46.85 157.74
46.86 67.39
46.87 0.0
46.88 0.0
46.89 0.0
46.9 0.0
46.91 0.0
46.92 0.0
46.93 141.68
46.94 68.55
46.95 0.0
46.96 0.0
46.97 177.58
46.98 79.74
46.99 0.0
47.0 0.0
47.01 0.0
47.02 0.0
47.03 0.0
47.04 0.0
47.05 258.7
47.06 277.14
47.07 273.64
47.08 253.1
47.09 239.86
47.1 233.54
47.11 229.24
47.12 227.03
47.13 226.19
47.14 225.65
47.15 226.73
47.16 228.3
47.17 226.69
47.18 224.6
47.19 227.66
47.2 228.8
47.21 229.4
47.22 231.79
47.23 234.93
47.24 237.15
47.25 237.5
47.26 237.9
47.27 237.69
47.28 237.51
47.29 237.18
47.3 237.4
47.31 237.53
47.32 237.25
47.33 237.78
47.34 238.04
47.35 237.82
47.36 237.68
47.37 236.66
47.38 235.65
47.39 235.44
47.4 235.18
47.41 235.45
47.42 236.28
47.43 236.85
47.44 237.33
47.45 238.01
47.46 238.29
47.47 238.31
47.48 238.5
47.49 238.86
47.5 239.02
47.51 238.91
47.52 239.35
47.53 236.77
47.54 231.99
47.55 234.08
47.56 232.83
47.57 231.46
47.58 230.63
47.59 229.44
47.6 229.03
47.61 230.9
47.62 238.11
47.63 241.6
47.64 238.75
47.65 238.25
47.66 238.08
47.67 238.93
47.68 239.4
47.69 239.82
47.7 240.51
47.71 240.04
47.72 238.85
47.73 238.88
47.74 238.84
47.75 237.86
47.76 238.75
47.77 239.88
47.78 239.79
47.79 240.31
47.8 241.58
47.81 242.96
47.82 242.83
47.83 238.43
47.84 236.46
47.85 237.84
47.86 238.33
47.87 247.99
47.88 251.47
47.89 245.11
47.9 243.93
47.91 241.63
47.92 239.78
47.93 238.67
47.94 237.17
47.95 236.48
47.96 236.29
47.97 236.28
47.98 238.2
47.99 239.68
48.0 240.3
48.01 241.11
48.02 240.33
48.03 240.34
48.04 240.44
48.05 239.1
48.06 238.5
48.07 238.24
48.08 238.03
48.09 238.06
48.1 237.91
48.11 238.16
48.12 238.53
48.13 239.0
48.14 239.72
48.15 240.3
48.16 240.64
48.17 241.24
48.18 241.91
48.19 241.57
48.2 241.49
48.21 241.84
48.22 241.2
48.23 241.27
48.24 241.75
48.25 241.92
48.26 242.1
48.27 241.98
48.28 242.1
48.29 241.71
48.3 240.88
48.31 240.3
48.32 240.02
48.33 239.8
48.34 240.86
48.35 241.48
48.36 240.74
48.37 241.09
48.38 241.21
48.39 241.73
48.4 242.62
48.41 241.77
48.42 241.73
48.43 241.94
48.44 241.7
48.45 241.98
48.46 241.67
48.47 242.03
48.48 243.61
48.49 245.17
48.5 245.41
48.51 245.26
48.52 245.26
48.53 243.85
48.54 244.63
48.55 244.51
48.56 237.39
48.57 223.69
48.58 209.96
48.59 98.89
48.6 63.97
48.61 153.69
48.62 149.26
48.63 127.06
48.64 309.49
48.65 293.38
48.66 269.74
48.67 260.14
48.68 247.48
48.69 234.46
48.7 225.12
48.71 225.81
48.72 223.53
48.73 219.5
48.74 218.27
48.75 218.83
48.76 219.99
48.77 220.6
48.78 220.57
48.79 221.06
48.8 221.75
48.81 221.67
48.82 221.01
48.83 219.73
48.84 218.08
48.85 216.39
48.86 215.93
48.87 216.51
48.88 217.1
48.89 217.95
48.9 219.14
48.91 220.25
48.92 220.69
48.93 220.51
48.94 219.53
48.95 218.45
48.96 217.63
48.97 216.72
48.98 216.18
48.99 216.42
49.0 216.66
49.01 217.08
49.02 218.01
49.03 218.45
49.04 219.0
49.05 219.57
49.06 219.27
49.07 218.93
49.08 218.37
49.09 217.07
49.1 216.44
49.11 216.13
49.12 215.61
49.13 215.45
49.14 215.63
49.15 216.02
49.16 217.22
49.17 219.43
49.18 222.05
49.19 224.17
49.2 225.68
49.21 226.43
49.22 227.31
49.23 226.89
49.24 225.75
49.25 224.53
49.26 222.34
49.27 220.16
49.28 218.06
49.29 215.72
49.3 213.68
49.31 212.98
49.32 213.57
49.33 214.88
49.34 216.71
49.35 218.84
49.36 220.47
49.37 221.62
49.38 221.95
49.39 219.71
49.4 100.09
49.41 201.38
49.42 192.46
49.43 186.97
49.44 185.05
49.45 184.86
49.46 187.54
49.47 199.43
49.48 211.4
49.49 209.25
49.5 206.6
49.51 202.95
49.52 199.37
49.53 195.97
49.54 192.14
49.55 191.05
49.56 190.83
49.57 191.33
49.58 191.68
49.59 192.37
49.6 192.99
49.61 193.38
49.62 194.09
49.63 194.24
49.64 194.27
49.65 194.82
49.66 195.04
49.67 195.17
49.68 195.36
49.69 195.62
49.7 195.95
49.71 196.1
49.72 196.08
49.73 195.49
49.74 194.18
49.75 192.81
49.76 192.25
49.77 191.65
49.78 192.04
49.79 192.42
49.8 192.34
49.81 192.76
49.82 193.11
49.83 193.0
49.84 193.24
49.85 193.87
49.86 193.96
49.87 193.91
49.88 193.27
49.89 192.81
49.9 193.12
49.91 193.58
49.92 194.28
49.93 194.43
49.94 194.11
49.95 194.22
49.96 194.61
49.97 195.09
49.98 195.27
49.99 195.02
50.0 194.9
50.01 194.62
50.02 194.15
50.03 193.82
50.04 193.71
50.05 193.79
50.06 193.95
50.07 194.0
50.08 193.9
50.09 194.11
50.1 194.44
50.11 194.55
50.12 194.23
50.13 193.63
50.14 192.97
50.15 192.41
50.16 192.22
50.17 191.9
50.18 191.83
50.19 191.79
50.2 190.52
50.21 188.05
50.22 187.05
50.23 188.88
50.24 193.26
50.25 195.53
50.26 196.15
50.27 193.57
50.28 191.3
50.29 189.08
50.3 188.91
50.31 185.85
50.32 181.69
50.33 178.02
50.34 174.32
50.35 170.98
50.36 170.4
50.37 171.23
50.38 171.85
50.39 172.41
50.4 173.07
50.41 173.41
50.42 174.18
50.43 174.93
50.44 175.12
50.45 174.86
50.46 174.22
50.47 173.82
50.48 173.96
50.49 174.35
50.5 175.3
50.51 176.29
50.52 177.08
50.53 177.83
50.54 178.0
50.55 178.03
50.56 178.19
50.57 178.12
50.58 178.06
50.59 178.13
50.6 178.21
50.61 178.28
50.62 178.67
50.63 179.36
50.64 179.55
50.65 179.29
50.66 179.23
50.67 179.23
50.68 179.05
50.69 179.35
50.7 179.92
50.71 179.94
50.72 180.21
50.73 180.8
50.74 181.61
50.75 182.17
50.76 181.97
50.77 181.79
50.78 181.77
50.79 181.51
50.8 181.0
50.81 180.33
50.82 179.35
50.83 178.64
50.84 178.41
50.85 177.96
50.86 177.89
50.87 177.98
50.88 178.15
50.89 177.97
50.9 177.59
50.91 177.72
50.92 178.08
50.93 178.49
50.94 178.82
50.95 179.13
50.96 179.4
50.97 179.15
50.98 178.51
50.99 177.88
51.0 177.57
51.01 177.06
51.02 176.27
51.03 175.78
51.04 175.59
51.05 175.56
51.06 175.77
51.07 176.58
51.08 177.51
51.09 178.49
51.1 179.45
51.11 180.08
51.12 180.41
51.13 180.5
51.14 180.07
51.15 179.4
51.16 178.92
51.17 178.22
51.18 177.27
51.19 176.36
51.2 175.6
51.21 175.32
51.22 175.83
51.23 176.73
51.24 177.71
51.25 178.48
51.26 179.02
51.27 179.52
51.28 179.02
51.29 177.9
51.3 176.81
51.31 175.65
51.32 174.6
51.33 173.87
51.34 173.49
51.35 173.42
51.36 173.83
51.37 174.87
51.38 176.23
51.39 177.88
51.4 179.46
51.41 180.25
51.42 180.75
51.43 180.79
51.44 180.14
51.45 178.65
51.46 177.51
51.47 176.34
51.48 176.08
51.49 176.49
51.5 176.82
51.51 177.94
51.52 179.03
51.53 179.48
51.54 179.74
51.55 179.97
51.56 180.37
51.57 180.44
51.58 179.91
51.59 179.28
51.6 178.23
51.61 177.43
51.62 177.2
51.63 177.31
51.64 177.29
51.65 177.4
51.66 177.74
51.67 178.07
51.68 178.57
51.69 179.12
51.7 179.43
51.71 179.51
51.72 179.32
51.73 178.98
51.74 178.57
51.75 178.0
51.76 177.3
51.77 176.68
51.78 176.34
51.79 176.7
51.8 177.59
51.81 179.06
51.82 180.05
51.83 180.68
51.84 181.44
51.85 181.66
51.86 181.1
51.87 180.21
51.88 178.95
51.89 177.76
51.9 177.21
51.91 176.74
51.92 176.46
51.93 177.05
51.94 177.9
51.95 178.57
51.96 178.83
51.97 179.35
51.98 179.69
51.99 179.71
52.0 179.66
52.01 178.96
52.02 178.64
52.03 178.44
52.04 177.65
52.05 177.25
52.06 177.0
52.07 177.33
52.08 178.41
52.09 179.57
52.1 180.81
52.11 182.09
52.12 182.41
52.13 182.6
52.14 182.68
52.15 181.89
52.16 181.3
52.17 181.04
52.18 180.6
52.19 179.61
52.2 178.75
52.21 178.69
52.22 178.89
52.23 178.33
52.24 177.26
52.25 177.12
52.26 185.11
52.27 186.95
52.28 182.34
52.29 175.95
52.3 163.45
52.31 137.69
52.32 90.73
52.33 90.12
52.34 90.22
52.35 90.38
52.36 91.51
52.37 93.4
52.38 142.31
52.39 143.27
52.4 144.61
52.41 145.52
52.42 143.33
52.43 87.01
52.44 0.0
52.45 0.0
52.46 0.0
52.47 0.0
52.48 0.0
52.49 0.0
52.5 0.0
52.51 0.0
52.52 0.0
52.53 0.0
52.54 0.0
52.55 149.58
52.56 96.41
52.57 0.0
52.58 0.0
52.59 0.0
52.6 116.3
52.61 104.02
52.62 103.28
52.63 0.0
52.64 0.0
52.65 0.0
52.66 0.0
52.67 0.0
52.68 159.36
52.69 60.04
52.7 0.0
52.71 0.0
52.72 0.0
52.73 0.0
52.74 0.0
52.75 0.0
52.76 0.0
52.77 0.0
52.78 0.0
52.79 0.0
52.8 0.0
52.81 0.0
52.82 0.0
52.83 0.0
52.84 0.0
52.85 0.0
52.86 189.18
52.87 154.88
52.88 153.41
52.89 154.66
52.9 155.89
52.91 156.28
52.92 157.69
52.93 158.98
52.94 161.19
52.95 161.19
52.96 156.12
52.97 159.24
52.98 165.02
52.99 166.37
53.0 167.67
53.01 168.74
53.02 170.75
53.03 173.19
53.04 175.03
53.05 176.77
53.06 178.42
53.07 180.36
53.08 182.51
53.09 183.91
53.1 184.71
53.11 185.32
53.12 186.24
53.13 187.94
53.14 190.33
53.15 192.57
53.16 195.13
53.17 198.4
53.18 201.37
53.19 203.99
53.2 206.51
53.21 209.04
53.22 211.17
53.23 213.06
53.24 214.45
53.25 216.19
53.26 218.85
53.27 220.8
53.28 221.68
53.29 222.95
53.3 224.69
53.31 225.53
53.32 227.16
53.33 228.54
53.34 229.88
53.35 230.98
53.36 231.65
53.37 232.3
53.38 232.5
53.39 232.75
53.4 232.65
53.41 232.35
53.42 232.61
53.43 233.53
53.44 235.04
53.45 118.32
53.46 119.09
53.47 119.48
53.48 239.45
53.49 239.29
53.5 239.76
53.51 239.42
53.52 238.38
53.53 238.37
53.54 238.38
53.55 237.46
53.56 237.07
53.57 236.34
53.58 236.45
53.59 237.24
53.6 237.37
53.61 238.4
53.62 238.56
53.63 237.74
53.64 237.83
53.65 238.01
53.66 238.19
53.67 238.83
53.68 239.78
53.69 240.89
53.7 241.29
53.71 240.98
53.72 240.89
53.73 240.91
53.74 240.81
53.75 240.12
53.76 239.39
53.77 239.38
53.78 238.96
53.79 238.99
53.8 239.14
53.81 239.75
53.82 240.76
53.83 241.57
53.84 242.15
53.85 242.54
53.86 242.17
53.87 241.77
53.88 241.4
53.89 240.64
53.9 240.29
53.91 239.59
53.92 239.48
53.93 239.9
53.94 239.82
53.95 240.2
53.96 241.31
53.97 241.69
53.98 241.65
53.99 241.43
54.0 241.36
54.01 241.68
54.02 241.68
54.03 241.64
54.04 241.3
54.05 241.33
54.06 242.16
54.07 242.07
54.08 242.36
54.09 243.0
54.1 243.0
54.11 242.78
54.12 242.59
54.13 242.12
54.14 241.57
54.15 241.66
54.16 242.0
54.17 242.37
54.18 242.34
54.19 242.69
54.2 243.75
54.21 243.78
54.22 243.54
54.23 243.53
54.24 243.81
54.25 243.84
54.26 243.02
54.27 242.56
54.28 242.04
54.29 240.97
54.3 239.01
54.31 234.51
54.32 227.94
54.33 220.75
54.34 211.09
54.35 193.05
54.36 159.27
54.37 147.78
54.38 150.84
54.39 73.74
54.4 147.53
54.41 299.96
54.42 296.07
54.43 138.95
54.44 130.98
54.45 253.71
54.46 247.6
54.47 71.52
54.48 71.15
54.49 74.49
54.5 149.02
54.51 147.19
54.52 0.0
54.53 323.97
54.54 291.6
54.55 258.49
54.56 243.54
54.57 240.29
54.58 239.39
54.59 238.57
54.6 237.94
54.61 238.2
54.62 238.37
54.63 238.51
54.64 238.86
54.65 238.94
54.66 238.32
54.67 237.71
54.68 237.54
54.69 237.61
54.7 237.48
54.71 237.33
54.72 237.33
54.73 118.72
54.74 237.38
54.75 237.6
54.76 237.96
54.77 238.88
54.78 239.87
54.79 241.1
54.8 242.09
54.81 241.99
54.82 241.74
54.83 241.82
54.84 241.3
54.85 240.38
54.86 239.76
54.87 239.23
54.88 238.67
54.89 238.63
54.9 239.26
54.91 239.84
54.92 240.27
54.93 240.55
54.94 240.45
54.95 240.3
54.96 240.33
54.97 241.09
54.98 241.37
54.99 240.67
55.0 240.27
55.01 240.2
55.02 240.02
55.03 239.85
55.04 240.72
55.05 242.0
55.06 242.95
55.07 243.81
55.08 244.03
55.09 243.66
55.1 243.12
55.11 242.07
55.12 240.67
55.13 239.42
55.14 237.41
55.15 234.28
55.16 222.64
55.17 203.68
55.18 201.95
55.19 200.05
55.2 194.94
55.21 164.09
55.22 155.79
55.23 148.37
55.24 138.59
55.25 274.46
55.26 259.83
55.27 250.92
55.28 264.5
55.29 256.73
55.3 208.82
55.31 60.16
55.32 60.34
55.33 180.69
55.34 181.61
55.35 269.02
55.36 254.98
55.37 243.93
55.38 243.31
55.39 247.41
55.4 247.11
55.41 245.73
55.42 244.56
55.43 243.33
55.44 242.17
55.45 241.05
55.46 240.03
55.47 239.0
55.48 238.15
55.49 237.68
55.5 237.17
55.51 236.74
55.52 236.64
55.53 236.02
55.54 233.51
55.55 233.81
55.56 239.88
55.57 244.99
55.58 248.12
55.59 248.38
55.6 241.61
55.61 74.06
55.62 75.37
55.63 77.14
55.64 262.61
55.65 340.19
55.66 335.59
55.67 336.89
55.68 339.15
55.69 329.89
55.7 306.18
55.71 289.06
55.72 280.71
55.73 277.16
55.74 272.03
55.75 264.98
55.76 261.21
55.77 260.73
55.78 261.89
55.79 263.33
55.8 265.02
55.81 266.15
55.82 266.72
55.83 267.37
55.84 267.79
55.85 267.9
55.86 267.52
55.87 266.72
55.88 266.67
55.89 266.75
55.9 266.66
55.91 266.76
55.92 266.31
55.93 264.95
55.94 264.44
55.95 265.49
55.96 266.53
55.97 266.95
55.98 266.33
55.99 264.38
56.0 261.97
56.01 262.42
56.02 272.04
56.03 261.57
56.04 258.41
56.05 256.6
56.06 265.25
56.07 274.3
56.08 274.12
56.09 279.29
56.1 268.37
56.11 0.0
56.12 345.23
56.13 0.0
56.14 302.12
56.15 279.76
56.16 241.57
56.17 231.15
56.18 227.15
56.19 224.08
56.2 223.3
56.21 223.22
56.22 222.44
56.23 223.69
56.24 225.59
56.25 224.61
56.26 222.47
56.27 221.94
56.28 221.27
56.29 220.92
56.3 221.55
56.31 220.97
56.32 221.04
56.33 223.37
56.34 223.55
56.35 224.01
56.36 224.64
56.37 224.51
56.38 225.52
56.39 225.21
56.4 225.31
56.41 225.25
56.42 222.26
56.43 220.25
56.44 218.67
56.45 217.4
56.46 216.87
56.47 217.7
56.48 219.25
56.49 220.0
56.5 221.69
56.51 223.91
56.52 225.07
56.53 223.89
56.54 223.53
56.55 223.47
56.56 222.65
56.57 223.09
56.58 222.93
56.59 223.61
56.6 223.76
56.61 223.17
56.62 223.5
56.63 222.63
56.64 221.76
56.65 221.42
56.66 220.88
56.67 220.95
56.68 221.2
56.69 221.25
56.7 221.2
56.71 221.99
56.72 222.28
56.73 222.08
56.74 222.51
56.75 223.22
56.76 223.54
56.77 224.16
56.78 224.92
56.79 224.33
56.8 224.47
56.81 224.3
56.82 223.84
56.83 223.95
56.84 223.77
56.85 223.75
56.86 223.59
56.87 224.0
56.88 224.26
56.89 224.49
56.9 225.23
56.91 225.98
56.92 226.2
56.93 225.43
56.94 223.88
56.95 223.74
56.96 220.4
56.97 193.78
56.98 181.0
56.99 169.9
57.0 151.15
57.01 127.31
57.02 198.06
57.03 0.0
57.04 0.0
57.05 0.0
57.06 0.0
57.07 0.0
57.08 0.0
57.09 0.0
57.1 0.0
57.11 0.0
57.12 0.0
57.13 0.0
57.14 0.0
57.15 0.0
57.16 0.0
57.17 0.0
57.18 0.0
57.19 203.73
57.2 167.41
57.21 0.0
57.22 0.0
57.23 0.0
57.24 0.0
57.25 0.0
57.26 0.0
57.27 0.0
57.28 0.0
57.29 0.0
57.3 0.0
57.31 0.0
57.32 0.0
57.33 0.0
57.34 0.0
57.35 0.0
57.36 0.0
57.37 0.0
57.38 0.0
57.39 0.0
57.4 0.0
57.41 0.0
57.42 98.44
57.43 418.88
57.44 566.66
57.45 0.0
57.46 0.0
57.47 0.0
57.48 0.0
57.49 0.0
57.5 210.29
57.51 110.54
57.52 224.99
57.53 222.46
57.54 189.49
57.55 169.06
57.56 166.79
57.57 167.93
57.58 171.16
57.59 175.71
57.6 180.72
57.61 185.54
57.62 188.19
57.63 189.75
57.64 190.19
57.65 190.64
57.66 190.46
57.67 190.59
57.68 192.21
57.69 193.52
57.7 194.62
57.71 195.49
57.72 196.12
57.73 197.21
57.74 199.31
57.75 202.04
57.76 204.74
57.77 206.34
57.78 206.09
57.79 201.88
57.8 196.39
57.81 193.44
57.82 184.2
57.83 175.33
57.84 179.34
57.85 188.82
57.86 194.52
57.87 198.44
57.88 199.16
57.89 198.41
57.9 197.82
57.91 196.52
57.92 194.64
57.93 192.85
57.94 191.33
57.95 193.51
57.96 195.25
57.97 196.26
57.98 196.47
57.99 196.33
58.0 196.04
58.01 195.89
58.02 196.09
58.03 196.71
58.04 197.29
58.05 198.19
58.06 199.54
58.07 199.95
58.08 199.89
58.09 200.08
58.1 200.55
58.11 201.2
58.12 201.64
58.13 201.79
58.14 201.57
58.15 201.09
58.16 200.26
58.17 199.34
58.18 198.15
58.19 196.87
58.2 196.54
58.21 197.24
58.22 198.62
58.23 199.96
58.24 201.09
58.25 201.71
58.26 202.33
58.27 202.81
58.28 202.34
58.29 201.14
58.3 199.74
58.31 196.59
58.32 190.21
58.33 188.03
58.34 188.5
58.35 188.67
58.36 188.79
58.37 191.65
58.38 195.08
58.39 196.83
58.4 198.79
58.41 200.28
58.42 200.76
58.43 200.89
58.44 200.89
58.45 200.33
58.46 199.64
58.47 199.46
58.48 200.22
58.49 200.99
58.5 201.86
58.51 202.8
58.52 203.14
58.53 203.72
58.54 203.9
58.55 202.73
58.56 201.24
58.57 200.01
58.58 198.24
58.59 195.09
58.6 190.78
58.61 181.26
58.62 167.32
58.63 160.91
58.64 157.26
58.65 153.28
58.66 143.07
58.67 163.42
58.68 185.93
58.69 200.09
58.7 204.68
58.71 206.06
58.72 207.12
58.73 205.45
58.74 203.82
58.75 200.45
58.76 196.81
58.77 194.11
58.78 193.66
58.79 194.06
58.8 194.64
58.81 195.25
58.82 195.96
58.83 196.95
58.84 197.87
58.85 198.86
58.86 198.97
58.87 197.92
58.88 197.24
58.89 196.2
58.9 193.97
58.91 191.34
58.92 189.42
58.93 189.4
58.94 193.24
58.95 190.29
58.96 185.47
58.97 174.48
58.98 154.82
58.99 131.98
59.0 115.96
59.01 201.97
59.02 263.58
59.03 72.28
59.04 71.11
59.05 64.41
59.06 64.39
59.07 96.47
59.08 0.0
59.09 229.24
59.1 235.54
59.11 246.87
59.12 254.45
59.13 254.03
59.14 253.41
59.15 253.32
59.16 252.79
59.17 256.03
59.18 257.46
59.19 260.48
59.2 262.08
59.21 263.39
59.22 266.33
59.23 267.46
59.24 266.32
59.25 264.65
59.26 260.27
59.27 71.67
59.28 212.95
59.29 221.43
59.3 244.27
59.31 262.66
59.32 270.28
59.33 272.25
59.34 272.45
59.35 274.57
59.36 273.17
59.37 268.32
59.38 268.24
59.39 265.37
59.4 261.89
59.41 260.43
59.42 252.34
59.43 237.65
59.44 244.78
59.45 251.93
59.46 274.21
59.47 277.33
59.48 273.76
59.49 271.57
59.5 268.45
59.51 266.54
59.52 265.95
59.53 263.92
59.54 264.08
59.55 265.29
59.56 264.82
59.57 265.24
59.58 266.1
59.59 265.76
59.6 267.42
59.61 269.2
59.62 269.83
59.63 269.52
59.64 268.22
59.65 267.09
59.66 265.45
59.67 264.47
59.68 265.08
59.69 265.82
59.7 265.28
59.71 265.87
59.72 266.06
59.73 265.57
59.74 266.81
59.75 269.05
59.76 271.55
59.77 273.49
59.78 271.7
59.79 275.96
59.8 280.01
59.81 279.2
59.82 275.68
59.83 277.6
59.84 279.63
59.85 274.55
59.86 270.78
59.87 268.41
59.88 266.94
59.89 265.73
59.9 265.67
59.91 266.87
59.92 269.01
59.93 269.66
59.94 269.98
59.95 270.6
59.96 269.89
59.97 268.45
59.98 267.71
59.99 266.52
60.0 264.74
60.01 263.92
60.02 263.15
60.03 262.07
60.04 263.1
60.05 264.93
60.06 265.47
60.07 261.23
60.08 249.12
60.09 230.57
60.1 211.61
60.11 193.15
60.12 186.67
60.13 182.52
60.14 214.02
60.15 0.0
60.16 254.95
60.17 0.0
60.18 0.0
60.19 151.29
60.2 195.11
60.21 394.47
60.22 395.66
60.23 359.18
60.24 300.48
60.25 281.89
60.26 265.55
60.27 239.47
60.28 234.93
60.29 232.51
60.3 231.45
60.31 232.12
60.32 233.22
60.33 234.37
60.34 235.13
60.35 234.9
60.36 233.91
60.37 231.86
60.38 230.19
60.39 229.61
60.4 229.59
60.41 229.53
60.42 230.53
60.43 232.21
60.44 233.57
60.45 233.94
60.46 233.6
60.47 233.13
60.48 233.01
60.49 233.03
60.5 232.69
60.51 232.57
60.52 233.09
60.53 234.03
60.54 234.96
60.55 235.46
60.56 235.77
60.57 235.6
60.58 235.17
60.59 234.13
60.6 232.48
60.61 231.32
60.62 230.67
60.63 230.68
60.64 230.99
60.65 231.38
60.66 231.94
60.67 232.64
60.68 233.64
60.69 234.19
60.7 234.39
60.71 234.17
60.72 233.73
60.73 233.11
60.74 232.41
60.75 232.37
60.76 232.51
60.77 232.82
60.78 233.77
60.79 234.66
60.8 235.3
60.81 235.93
60.82 236.47
60.83 236.95
60.84 237.22
60.85 236.66
60.86 235.31
60.87 234.22
60.88 233.93
60.89 234.22
60.9 234.18
60.91 233.98
60.92 233.87
60.93 233.65
60.94 234.33
60.95 235.53
60.96 236.41
60.97 236.84
60.98 236.6
60.99 236.19
61.0 235.95
61.01 236.35
61.02 236.61
61.03 236.33
61.04 236.52
61.05 236.45
61.06 236.05
61.07 236.26
61.08 236.82
61.09 237.31
61.1 237.6
61.11 237.64
61.12 237.6
61.13 238.25
61.14 238.62
61.15 237.94
61.16 237.22
61.17 236.51
61.18 235.34
61.19 234.19
61.2 233.66
61.21 232.99
61.22 232.42
61.23 233.03
61.24 233.91
61.25 234.1
61.26 234.04
61.27 234.36
61.28 234.49
61.29 235.26
61.3 236.99
61.31 238.04
61.32 238.31
61.33 238.55
61.34 238.64
61.35 237.7
61.36 237.9
61.37 238.6
61.38 237.82
61.39 237.75
61.4 235.43
61.41 228.98
61.42 79.9
61.43 240.85
61.44 239.72
61.45 229.44
61.46 201.13
61.47 177.81
61.48 170.1
61.49 118.56
61.5 238.39
61.51 231.33
61.52 232.79
61.53 233.29
61.54 229.38
61.55 232.83
61.56 78.08
61.57 78.01
61.58 78.32
61.59 117.58
61.6 118.65
61.61 61.51
61.62 247.57
61.63 248.4
61.64 125.76
61.65 124.26
61.66 82.04
61.67 245.22
61.68 241.31
61.69 239.03
61.7 234.09
61.71 231.83
61.72 240.24
61.73 244.01
61.74 238.21
61.75 232.27
61.76 229.21
61.77 235.09
61.78 0.0
61.79 0.0
61.8 130.83
61.81 0.0
61.82 305.52
61.83 273.52
61.84 238.75
61.85 212.12
61.86 205.89
61.87 196.36
61.88 190.77
61.89 187.65
61.9 186.13
61.91 185.73
61.92 186.62
61.93 189.01
61.94 193.12
61.95 198.06
61.96 201.0
61.97 203.86
61.98 206.48
61.99 208.92
62.0 210.62
62.01 212.87
62.02 215.71
62.03 218.63
62.04 221.1
62.05 223.04
62.06 224.7
62.07 226.57
62.08 228.51
62.09 230.03
62.1 231.14
62.11 231.55
62.12 232.06
62.13 232.54
62.14 232.43
62.15 231.49
62.16 230.38
62.17 229.6
62.18 229.22
62.19 229.29
62.2 230.19
62.21 230.89
62.22 231.73
62.23 232.82
62.24 233.98
62.25 235.19
62.26 235.95
62.27 236.24
62.28 235.99
62.29 235.62
62.3 234.84
62.31 234.01
62.32 233.41
62.33 232.79
62.34 232.19
62.35 232.24
62.36 232.67
62.37 233.15
62.38 233.26
62.39 233.12
62.4 232.93
62.41 232.74
62.42 232.22
62.43 231.39
62.44 231.12
62.45 231.56
62.46 232.44
62.47 233.43
62.48 234.39
62.49 235.06
62.5 235.37
62.51 235.11
62.52 232.94
62.53 230.9
62.54 233.05
62.55 233.26
62.56 238.67
62.57 240.04
62.58 236.35
62.59 234.31
62.6 233.67
62.61 235.19
62.62 237.77
62.63 240.75
62.64 243.07
62.65 244.42
62.66 241.89
62.67 230.87
62.68 201.08
62.69 191.3
62.7 189.51
62.71 188.37
62.72 226.58
62.73 210.95
62.74 95.09
62.75 250.27
62.76 68.31
62.77 273.91
62.78 291.46
62.79 135.15
62.8 314.84
62.81 304.07
62.82 285.8
62.83 260.49
62.84 248.83
62.85 240.7
62.86 231.73
62.87 231.27
62.88 230.39
62.89 224.35
62.9 222.9
62.91 225.06
62.92 226.54
62.93 228.46
62.94 230.04
62.95 229.78
62.96 230.34
62.97 230.74
62.98 231.6
62.99 233.11
63.0 235.63
63.01 237.71
63.02 238.87
63.03 239.68
63.04 239.04
63.05 238.33
63.06 236.68
63.07 234.86
63.08 234.64
63.09 234.4
63.1 234.66
63.11 234.97
63.12 234.55
63.13 234.3
63.14 233.74
63.15 233.37
63.16 233.37
63.17 233.74
63.18 234.4
63.19 234.71
63.2 235.25
63.21 235.47
63.22 235.54
63.23 235.57
63.24 235.53
63.25 235.52
63.26 235.55
63.27 235.71
63.28 235.68
63.29 236.18
63.3 236.71
63.31 236.86
63.32 237.47
63.33 237.78
63.34 237.77
63.35 236.26
63.36 232.28
63.37 230.54
63.38 232.42
63.39 232.4
63.4 232.56
63.41 234.3
63.42 236.73
63.43 241.15
63.44 237.94
63.45 233.6
63.46 233.36
63.47 233.04
63.48 233.15
63.49 232.86
63.5 233.44
63.51 234.14
63.52 234.79
63.53 235.4
63.54 235.57
63.55 236.59
63.56 236.7
63.57 236.42
63.58 235.33
63.59 234.05
63.6 231.9
63.61 229.89
63.62 227.64
63.63 224.97
63.64 220.27
63.65 213.54
63.66 204.56
63.67 196.03
63.68 189.8
63.69 187.13
63.7 187.71
63.71 189.74
63.72 193.11
63.73 198.06
63.74 202.33
63.75 207.25
63.76 213.47
63.77 218.12
63.78 221.06
63.79 223.95
63.8 226.79
63.81 228.43
63.82 229.39
63.83 230.0
63.84 230.0
63.85 229.42
63.86 229.77
63.87 230.1
63.88 230.4
63.89 231.44
63.9 232.09
63.91 233.69
63.92 234.6
63.93 234.47
63.94 234.24
63.95 233.91
63.96 234.3
63.97 234.76
63.98 234.48
63.99 234.53
64.0 234.6
64.01 234.16
64.02 233.65
64.03 233.24
64.04 233.1
64.05 233.36
64.06 234.08
64.07 235.21
64.08 235.51
64.09 234.86
64.1 235.3
64.11 236.0
64.12 234.6
64.13 233.89
64.14 234.8
64.15 234.45
64.16 234.96
64.17 237.06
64.18 237.27
64.19 237.7
64.2 238.99
64.21 238.86
64.22 237.97
64.23 236.73
64.24 235.01
64.25 233.54
64.26 232.92
64.27 232.86
64.28 233.26
64.29 234.19
64.3 235.35
64.31 236.83
64.32 234.34
64.33 230.95
64.34 237.92
64.35 237.82
64.36 234.95
64.37 232.48
64.38 228.73
64.39 235.19
64.4 239.32
64.41 235.81
64.42 234.45
64.43 236.64
64.44 235.41
64.45 233.95
64.46 236.5
64.47 236.06
64.48 237.95
64.49 238.06
64.5 236.0
64.51 231.2
64.52 209.24
64.53 214.74
64.54 214.06
64.55 223.91
64.56 259.54
64.57 252.18
64.58 119.7
64.59 242.43
64.6 244.87
64.61 240.78
64.62 234.99
64.63 234.21
64.64 234.15
64.65 234.8
64.66 235.56
64.67 235.87
64.68 235.79
64.69 235.39
64.7 234.24
64.71 233.35
64.72 232.8
64.73 232.67
64.74 233.92
64.75 230.63
64.76 232.02
64.77 232.95
64.78 215.57
64.79 201.42
64.8 86.71
64.81 176.28
64.82 76.27
64.83 224.89
64.84 234.92
64.85 0.0
64.86 0.0
64.87 0.0
64.88 0.0
64.89 0.0
64.9 1726.92
64.91 0.0
64.92 292.77
64.93 271.26
64.94 254.97
64.95 246.93
64.96 245.39
64.97 241.11
64.98 235.56
64.99 234.14
65.0 233.78
65.01 233.59
65.02 233.63
65.03 233.82
65.04 234.07
65.05 234.27
65.06 234.05
65.07 234.14
65.08 234.77
65.09 235.81
65.1 237.84
65.11 238.52
65.12 223.14
65.13 219.64
65.14 218.84
65.15 214.17
65.16 208.15
65.17 204.29
65.18 207.86
65.19 227.62
65.2 244.61
65.21 246.96
65.22 247.66
65.23 247.52
65.24 246.24
65.25 245.49
65.26 243.93
65.27 242.23
65.28 240.03
65.29 234.94
65.3 231.69
65.31 118.47
65.32 238.76
65.33 238.53
65.34 237.74
65.35 238.35
65.36 238.85
65.37 238.84
65.38 238.54
65.39 236.62
65.4 232.64
65.41 231.03
65.42 230.65
65.43 229.88
65.44 229.62
65.45 229.93
65.46 230.2
65.47 230.86
65.48 231.85
65.49 232.99
65.5 234.03
65.51 234.64
65.52 235.14
65.53 235.47
65.54 235.73
65.55 235.97
65.56 236.32
65.57 236.6
65.58 236.34
65.59 235.63
65.6 234.38
65.61 67.62
65.62 69.0
65.63 210.65
65.64 193.54
65.65 169.02
65.66 162.23
65.67 251.59
65.68 237.06
65.69 215.24
65.7 216.46
65.71 302.29
65.72 238.2
65.73 0.0
65.74 0.0
65.75 0.0
65.76 62.39
65.77 72.43
65.78 0.0
65.79 0.0
65.8 0.0
65.81 172.23
65.82 155.26
65.83 332.28
65.84 0.0
65.85 0.0
65.86 0.0
65.87 0.0
65.88 0.0
65.89 0.0
65.9 0.0
65.91 0.0
65.92 0.0
65.93 0.0
65.94 0.0
65.95 0.0
65.96 0.0
65.97 0.0
65.98 0.0
65.99 0.0
66.0 0.0
66.01 0.0
66.02 219.28
66.03 201.65
66.04 200.24
66.05 144.94
66.06 172.38
66.07 67.29
66.08 135.84
66.09 141.93
66.1 146.72
66.11 155.57
66.12 164.41
66.13 170.29
66.14 173.94
66.15 177.63
66.16 181.32
66.17 183.82
66.18 185.57
66.19 186.8
66.2 188.27
66.21 189.96
66.22 191.85
66.23 194.12
66.24 196.33
66.25 199.02
66.26 201.96
66.27 204.44
66.28 207.48
66.29 210.91
66.3 213.4
66.31 215.24
66.32 217.63
66.33 220.83
66.34 222.29
66.35 224.5
66.36 225.63
66.37 226.51
66.38 227.83
66.39 228.98
66.4 229.79
66.41 229.99
66.42 230.12
66.43 231.01
66.44 232.26
66.45 232.79
66.46 232.47
66.47 233.34
66.48 234.34
66.49 234.84
66.5 235.27
66.51 234.82
66.52 235.35
66.53 236.28
66.54 237.35
66.55 238.31
66.56 238.56
66.57 238.78
66.58 239.13
66.59 238.94
66.6 238.04
66.61 236.26
66.62 234.81
66.63 234.92
66.64 235.72
66.65 236.24
66.66 236.58
66.67 236.91
66.68 237.22
66.69 237.37
66.7 236.95
66.71 236.42
66.72 236.77
66.73 237.22
66.74 237.12
66.75 236.79
66.76 234.68
66.77 229.38
66.78 210.91
66.79 215.61
66.8 215.01
66.81 211.83
66.82 107.89
66.83 228.15
66.84 235.73
66.85 248.35
66.86 243.57
66.87 239.08
66.88 238.17
66.89 236.37
66.9 235.37
66.91 235.24
66.92 235.47
66.93 238.42
66.94 240.02
66.95 237.09
66.96 227.24
66.97 201.93
66.98 184.36
66.99 169.22
67.0 162.66
67.01 186.76
67.02 187.96
67.03 219.89
67.04 63.24
67.05 76.42
67.06 1882.89
67.07 258.94
67.08 285.12
67.09 285.96
67.1 267.33
67.11 249.82
67.12 246.47
67.13 241.12
67.14 236.47
67.15 235.65
67.16 235.39
67.17 235.01
67.18 235.31
67.19 236.59
67.2 237.78
67.21 236.52
67.22 236.46
67.23 238.5
67.24 238.83
67.25 239.0
67.26 239.04
67.27 237.74
67.28 237.28
67.29 236.85
67.3 235.74
67.31 235.45
67.32 236.17
67.33 237.46
67.34 237.06
67.35 237.22
67.36 239.77
67.37 240.08
67.38 240.47
67.39 242.33
67.4 242.47
67.41 242.75
67.42 245.58
67.43 246.65
67.44 244.5
67.45 242.08
67.46 250.31
67.47 259.01
67.48 276.55
67.49 277.82
67.5 272.93
67.51 271.18
67.52 268.83
67.53 266.25
67.54 263.54
67.55 262.02
67.56 261.01
67.57 260.21
67.58 259.78
67.59 259.91
67.6 261.14
67.61 262.71
67.62 263.74
67.63 263.7
67.64 263.35
67.65 262.53
67.66 261.84
67.67 261.05
67.68 260.22
67.69 259.74
67.7 259.28
67.71 258.63
67.72 258.09
67.73 258.13
67.74 258.37
67.75 259.05
67.76 259.59
67.77 260.05
67.78 261.34
67.79 262.38
67.8 262.81
67.81 263.48
67.82 263.32
67.83 262.67
67.84 262.17
67.85 261.49
67.86 261.4
67.87 261.39
67.88 260.78
67.89 259.99
67.9 258.32
67.91 255.62
67.92 251.89
67.93 247.69
67.94 241.0
67.95 234.48
67.96 228.77
67.97 224.32
67.98 222.22
67.99 222.0
68.0 223.51
68.01 225.97
68.02 227.89
68.03 229.32
68.04 230.59
68.05 231.2
68.06 231.4
68.07 231.38
68.08 231.09
68.09 230.44
68.1 229.78
68.11 229.55
68.12 229.74
68.13 230.31
68.14 230.8
68.15 230.89
68.16 230.77
68.17 230.4
68.18 230.12
68.19 230.46
68.2 231.51
68.21 232.57
68.22 233.61
68.23 234.96
68.24 237.44
68.25 242.06
68.26 246.24
68.27 245.71
68.28 237.49
68.29 214.0
68.3 190.51
68.31 181.01
68.32 178.9
68.33 233.59
68.34 499.06
68.35 0.0
68.36 266.73
68.37 242.94
68.38 230.69
68.39 224.62
68.4 224.34
68.41 222.9
68.42 218.87
68.43 214.48
68.44 212.1
68.45 212.58
68.46 213.16
68.47 213.77
68.48 641.97
68.49 641.25
68.5 638.05
68.51 213.26
68.52 218.26
68.53 207.04
68.54 188.39
68.55 172.81
68.56 152.24
68.57 129.2
68.58 64.95
68.59 206.43
68.6 176.41
68.61 392.09
68.62 326.3
68.63 0.0
68.64 0.0
68.65 0.0
68.66 0.0
68.67 0.0
68.68 0.0
68.69 0.0
68.7 0.0
68.71 0.0
68.72 0.0
68.73 0.0
68.74 0.0
68.75 0.0
68.76 0.0
68.77 0.0
68.78 0.0
68.79 0.0
68.8 0.0
68.81 0.0
68.82 0.0
68.83 0.0
68.84 0.0
68.85 0.0
68.86 0.0
68.87 0.0
68.88 0.0
68.89 0.0
68.9 0.0
68.91 0.0
68.92 0.0
68.93 0.0
68.94 0.0
68.95 0.0
68.96 1841.81
68.97 140.18
68.98 138.93
68.99 125.79
69.0 234.15
69.01 93.58
69.02 268.91
69.03 239.14
69.04 223.28
69.05 218.33
69.06 214.64
69.07 211.55
69.08 209.81
69.09 209.34
69.1 209.29
69.11 210.73
69.12 213.02
69.13 215.44
69.14 218.55
69.15 221.94
69.16 225.31
69.17 228.26
69.18 230.57
69.19 232.15
69.2 233.41
69.21 234.16
69.22 235.36
69.23 236.87
69.24 237.99
69.25 239.72
69.26 241.67
69.27 242.83
69.28 244.32
69.29 246.17
69.3 248.52
69.31 249.92
69.32 251.05
69.33 251.45
69.34 251.61
69.35 251.6
69.36 251.75
69.37 252.11
69.38 253.07
69.39 254.78
69.4 257.11
69.41 258.32
69.42 259.69
69.43 260.96
69.44 261.31
69.45 260.81
69.46 260.15
69.47 259.28
69.48 258.25
69.49 257.6
69.5 257.68
69.51 257.99
69.52 258.67
69.53 259.38
69.54 259.78
69.55 261.07
69.56 262.62
69.57 263.53
69.58 263.67
69.59 263.39
69.6 263.01
69.61 262.66
69.62 261.92
69.63 261.53
69.64 262.13
69.65 262.55
69.66 262.64
69.67 263.31
69.68 263.61
69.69 264.09
69.7 264.43
69.71 264.13
69.72 264.15
69.73 264.33
69.74 264.33
69.75 264.09
69.76 264.03
69.77 263.77
69.78 263.53
69.79 263.73
69.8 264.18
69.81 264.78
69.82 265.48
69.83 266.05
69.84 266.12
69.85 265.29
69.86 263.91
69.87 262.45
69.88 261.37
69.89 260.75
69.9 261.32
69.91 261.9
69.92 262.9
69.93 263.98
69.94 265.1
69.95 266.19
69.96 266.78
69.97 266.89
69.98 266.51
69.99 265.54
70.0 263.92
70.01 262.16
70.02 261.44
70.03 261.66
70.04 262.1
70.05 262.51
70.06 263.84
70.07 265.39
70.08 266.73
70.09 268.06
70.1 268.44
70.11 267.78
70.12 266.17
70.13 264.36
70.14 262.88
70.15 262.17
70.16 262.01
70.17 262.37
70.18 262.62
70.19 262.78
70.2 263.37
70.21 264.13
70.22 264.98
70.23 266.03
70.24 266.66
70.25 266.29
70.26 265.37
70.27 264.06
70.28 262.75
70.29 262.62
70.3 262.69
70.31 262.44
70.32 262.86
70.33 263.8
70.34 264.58
70.35 265.0
70.36 265.22
70.37 265.35
70.38 265.55
70.39 265.45
70.4 265.05
70.41 264.9
70.42 264.8
70.43 264.77
70.44 264.75
70.45 264.83
70.46 264.58
70.47 263.82
70.48 262.83
70.49 262.33
70.5 262.23
70.51 261.43
70.52 260.2
70.53 258.79
70.54 256.87
70.55 253.97
70.56 252.2
70.57 249.75
70.58 248.12
70.59 246.76
70.6 246.09
70.61 246.06
70.62 246.48
70.63 246.32
70.64 245.38
70.65 244.26
70.66 242.49
70.67 243.18
70.68 243.81
70.69 243.06
70.7 243.87
70.71 244.11
70.72 242.99
70.73 243.06
70.74 243.83
70.75 243.66
70.76 243.4
70.77 242.3
70.78 241.35
70.79 239.82
70.8 238.41
70.81 239.83
70.82 240.87
70.83 243.25
70.84 247.07
70.85 249.45
70.86 249.13
70.87 274.79
70.88 269.49
70.89 260.9
70.9 257.05
70.91 253.72
70.92 250.97
70.93 249.9
70.94 249.66
70.95 249.02
70.96 246.6
70.97 242.23
70.98 238.81
70.99 235.71
71.0 234.82
71.01 235.56
71.02 237.24
71.03 239.24
71.04 240.28
71.05 240.45
71.06 240.76
71.07 240.83
71.08 240.19
71.09 239.23
71.1 237.62
71.11 236.03
71.12 235.53
71.13 236.43
71.14 237.48
71.15 238.47
71.16 239.33
71.17 240.22
71.18 241.16
71.19 241.36
71.2 241.53
71.21 241.77
71.22 241.5
71.23 240.56
71.24 239.63
71.25 239.36
71.26 239.56
71.27 239.43
71.28 239.22
71.29 239.59
71.3 240.58
71.31 241.4
71.32 241.64
71.33 241.76
71.34 241.79
71.35 242.11
71.36 242.01
71.37 241.27
71.38 241.13
71.39 240.81
71.4 240.01
71.41 240.05
71.42 240.87
71.43 241.81
71.44 241.88
71.45 242.4
71.46 243.03
71.47 242.56
71.48 242.1
71.49 241.73
71.5 241.16
71.51 240.28
71.52 240.13
71.53 240.37
71.54 240.5
71.55 240.84
71.56 241.42
71.57 242.26
71.58 242.13
71.59 241.7
71.6 241.3
71.61 240.33
71.62 239.22
71.63 238.26
71.64 237.5
71.65 237.56
71.66 238.03
71.67 238.58
71.68 239.72
71.69 240.42
71.7 241.77
71.71 243.15
71.72 243.51
71.73 243.25
71.74 243.34
71.75 243.46
71.76 242.74
71.77 242.27
71.78 242.4
71.79 242.13
71.8 241.69
71.81 241.81
71.82 241.56
71.83 241.54
71.84 242.02
71.85 242.04
71.86 242.42
71.87 242.51
71.88 241.74
71.89 241.07
71.9 240.6
71.91 240.17
71.92 239.82
71.93 239.68
71.94 239.23
71.95 239.24
71.96 240.44
71.97 241.28
71.98 242.48
71.99 243.91
72.0 244.3
72.01 244.46
72.02 244.39
72.03 243.83
72.04 242.76
72.05 242.07
72.06 242.2
72.07 242.5
72.08 240.91
72.09 215.13
72.1 219.63
72.11 227.11
72.12 230.83
72.13 92.64
72.14 96.74
72.15 309.02
72.16 299.1
72.17 288.18
72.18 280.72
72.19 274.51
72.2 271.95
72.21 270.06
72.22 268.4
72.23 267.75
72.24 268.02
72.25 268.27
72.26 268.78
72.27 269.56
72.28 270.3
72.29 271.17
72.3 272.09
72.31 271.15
72.32 262.77
72.33 231.39
72.34 192.49
72.35 171.43
72.36 163.76
72.37 0.0
72.38 63.03
72.39 0.0
72.4 0.0
72.41 0.0
72.42 64.51
72.43 0.0
72.44 0.0
72.45 0.0
72.46 0.0
72.47 0.0
72.48 0.0
72.49 0.0
72.5 61.43
72.51 114.96
72.52 0.0
72.53 73.79
72.54 77.24
72.55 84.42
72.56 0.0
72.57 0.0
72.58 0.0
72.59 68.74
72.6 70.84
72.61 0.0
72.62 273.31
72.63 287.47
72.64 289.23
72.65 260.12
72.66 241.81
72.67 232.6
72.68 230.43
72.69 229.12
72.7 227.81
72.71 229.22
72.72 232.44
72.73 225.63
72.74 217.5
72.75 221.15
72.76 224.29
72.77 225.66
72.78 226.92
72.79 229.17
72.8 229.58
72.81 229.86
72.82 229.68
72.83 229.95
72.84 231.11
72.85 231.93
72.86 232.47
72.87 232.7
72.88 233.94
72.89 234.16
72.9 234.57
72.91 235.48
72.92 235.69
72.93 236.09
72.94 237.28
72.95 238.13
72.96 239.28
72.97 240.84
72.98 241.34
72.99 241.58
73.0 241.52
73.01 241.46
73.02 241.55
73.03 240.83
73.04 239.94
73.05 239.57
73.06 239.6
73.07 239.9
73.08 239.9
73.09 239.73
73.1 240.27
73.11 240.88
73.12 241.98
73.13 243.06
73.14 242.29
73.15 240.99
73.16 236.22
73.17 230.22
73.18 233.87
73.19 233.87
73.2 233.38
73.21 233.51
73.22 233.87
73.23 233.57
73.24 233.86
73.25 236.87
73.26 244.2
73.27 244.77
73.28 239.32
73.29 238.28
73.3 237.61
73.31 236.83
73.32 236.97
73.33 237.67
73.34 238.75
73.35 239.48
73.36 239.79
73.37 240.21
73.38 239.86
73.39 238.95
73.4 238.04
73.41 237.28
73.42 236.5
73.43 237.62
73.44 240.21
73.45 241.69
73.46 238.37
73.47 240.84
73.48 245.0
73.49 246.95
73.5 250.15
73.51 260.01
73.52 268.7
73.53 265.64
73.54 258.63
73.55 255.61
73.56 252.28
73.57 249.17
73.58 246.34
73.59 242.78
73.6 240.32
73.61 238.6
73.62 236.08
73.63 236.17
73.64 237.34
73.65 237.51
73.66 237.27
73.67 237.39
73.68 236.88
73.69 235.82
73.7 235.62
73.71 235.57
73.72 235.0
73.73 235.47
73.74 235.75
73.75 235.59
73.76 236.88
73.77 238.12
73.78 239.77
73.79 243.1
73.8 245.34
73.81 247.48
73.82 248.99
73.83 249.53
73.84 249.45
73.85 248.43
73.86 247.18
73.87 246.0
73.88 243.61
73.89 241.01
73.9 239.32
73.91 237.85
73.92 237.62
73.93 237.52
73.94 238.36
73.95 239.87
73.96 241.93
73.97 242.92
73.98 241.82
73.99 241.06
74.0 240.57
74.01 240.04
74.02 239.9
74.03 239.17
74.04 239.0
74.05 239.67
74.06 240.6
74.07 242.22
74.08 242.46
74.09 242.46
74.1 242.74
74.11 242.24
74.12 242.3
74.13 242.36
74.14 241.28
74.15 241.07
74.16 241.02
74.17 240.11
74.18 239.95
74.19 238.85
74.2 237.42
74.21 236.88
74.22 239.53
74.23 242.0
74.24 237.6
74.25 222.34
74.26 72.05
74.27 224.75
74.28 233.17
74.29 248.37
74.3 265.41
74.31 80.67
74.32 76.24
74.33 237.05
74.34 283.12
74.35 174.41
74.36 330.7
74.37 302.4
74.38 299.7
74.39 295.19
74.4 278.07
74.41 244.68
74.42 229.21
74.43 228.19
74.44 222.27
74.45 215.03
74.46 212.84
74.47 212.5
74.48 212.86
74.49 214.21
74.5 216.52
74.51 217.57
74.52 218.43
74.53 219.37
74.54 219.2
74.55 219.07
74.56 218.79
74.57 216.79
74.58 214.6
74.59 213.05
74.6 211.86
74.61 210.99
74.62 211.11
74.63 212.02
74.64 213.09
74.65 214.54
74.66 215.68
74.67 216.33
74.68 217.04
74.69 217.2
74.7 217.09
74.71 217.05
74.72 216.32
74.73 215.06
74.74 213.79
74.75 213.01
74.76 212.58
74.77 212.65
74.78 213.18
74.79 213.37
74.8 213.72
74.81 214.62
74.82 215.33
74.83 215.61
74.84 215.91
74.85 216.03
74.86 215.92
74.87 216.32
74.88 217.15
74.89 218.02
74.9 219.12
74.91 220.41
74.92 221.3
74.93 221.7
74.94 221.56
74.95 220.94
74.96 219.94
74.97 218.12
74.98 216.42
74.99 214.97
75.0 214.12
75.01 213.61
75.02 213.36
75.03 213.07
75.04 213.76
75.05 215.56
75.06 216.96
75.07 217.87
75.08 218.43
75.09 218.56
75.1 218.62
75.11 218.02
75.12 217.0
75.13 215.31
75.14 211.77
75.15 200.83
75.16 184.05
75.17 187.5
75.18 180.59
75.19 178.9
75.2 181.1
75.21 181.79
75.22 193.47
75.23 200.72
75.24 241.44
75.25 231.95
75.26 219.98
75.27 213.55
75.28 208.52
75.29 203.04
75.3 197.57
75.31 193.14
75.32 189.35
75.33 187.0
75.34 186.88
75.35 187.47
75.36 187.75
75.37 188.46
75.38 189.31
75.39 189.98
75.4 190.82
75.41 190.7
75.42 189.97
75.43 189.16
75.44 188.37
75.45 188.17
75.46 188.32
75.47 188.61
75.48 189.01
75.49 188.93
75.5 188.62
75.51 188.62
75.52 188.71
75.53 188.61
75.54 188.3
75.55 188.21
75.56 188.14
75.57 188.17
75.58 188.33
75.59 188.45
75.6 188.45
75.61 188.14
75.62 188.19
75.63 188.33
75.64 188.76
75.65 189.3
75.66 189.34
75.67 189.53
75.68 189.74
75.69 190.03
75.7 190.1
75.71 189.52
75.72 188.78
75.73 188.79
75.74 188.79
75.75 188.51
75.76 188.55
75.77 189.2
75.78 189.93
75.79 190.26
75.8 190.95
75.81 191.44
75.82 191.35
75.83 191.36
75.84 191.35
75.85 190.93
75.86 190.33
75.87 189.74
75.88 189.21
75.89 189.67
75.9 191.24
75.91 192.47
75.92 193.59
75.93 194.44
75.94 194.65
75.95 194.0
75.96 192.63
75.97 190.9
75.98 189.33
75.99 187.89
76.0 186.8
76.01 186.36
76.02 186.72
76.03 187.23
76.04 187.95
76.05 188.76
76.06 189.44
76.07 189.98
76.08 190.36
76.09 190.16
76.1 189.37
76.11 188.67
76.12 187.99
76.13 187.23
76.14 186.55
76.15 186.62
76.16 187.08
76.17 187.53
76.18 187.8
76.19 188.0
76.2 187.97
76.21 186.73
76.22 185.04
76.23 185.54
76.24 191.21
76.25 187.76
76.26 189.41
76.27 188.96
76.28 186.94
76.29 183.88
76.3 180.16
76.31 179.37
76.32 177.18
76.33 171.88
76.34 168.18
76.35 165.79
76.36 163.77
76.37 163.75
76.38 165.51
76.39 167.02
76.4 168.45
76.41 169.43
76.42 170.13
76.43 170.71
76.44 171.03
76.45 170.98
76.46 170.41
76.47 170.15
76.48 170.21
76.49 170.14
76.5 170.36
76.51 170.71
76.52 171.08
76.53 171.77
76.54 172.46
76.55 173.05
76.56 173.62
76.57 174.24
76.58 174.96
76.59 175.36
76.6 175.16
76.61 174.63
76.62 173.96
76.63 173.33
76.64 172.71
76.65 171.88
76.66 171.34
76.67 171.23
76.68 171.27
76.69 171.59
76.7 172.01
76.71 172.4
76.72 173.14
76.73 173.96
76.74 174.48
76.75 174.93
76.76 175.31
76.77 175.6
76.78 175.58
76.79 175.54
76.8 175.41
76.81 174.58
76.82 174.1
76.83 174.31
76.84 174.54
76.85 174.82
76.86 175.16
76.87 175.57
76.88 175.73
76.89 175.75
76.9 175.63
76.91 175.63
76.92 175.62
76.93 175.59
76.94 175.53
76.95 175.23
76.96 175.14
76.97 175.31
76.98 175.64
76.99 176.06
77.0 176.42
77.01 176.99
77.02 177.29
77.03 177.19
77.04 177.24
77.05 176.74
77.06 175.74
77.07 174.85
77.08 173.87
77.09 173.0
77.1 172.24
77.11 171.98
77.12 172.43
77.13 173.36
77.14 174.46
77.15 175.39
77.16 176.43
77.17 177.06
77.18 177.09
77.19 176.82
77.2 176.36
77.21 175.61
77.22 174.87
77.23 174.22
77.24 173.94
77.25 174.12
77.26 174.02
77.27 173.76
77.28 174.19
77.29 174.7
77.3 175.3
77.31 176.0
77.32 176.47
77.33 176.87
77.34 176.87
77.35 176.39
77.36 176.03
77.37 175.53
77.38 174.8
77.39 174.06
77.4 173.12
77.41 172.6
77.42 172.35
77.43 172.3
77.44 172.75
77.45 173.68
77.46 174.73
77.47 175.58
77.48 176.38
77.49 176.84
77.5 177.01
77.51 177.08
77.52 176.79
77.53 176.52
77.54 176.49
77.55 175.77
77.56 174.77
77.57 174.47
77.58 174.8
77.59 175.58
77.6 176.12
77.61 176.79
77.62 177.73
77.63 178.39
77.64 178.68
77.65 178.25
77.66 177.48
77.67 176.71
77.68 175.83
77.69 174.85
77.7 173.88
77.71 172.95
77.72 172.27
77.73 172.3
77.74 172.66
77.75 172.81
77.76 173.2
77.77 173.7
77.78 174.4
77.79 175.21
77.8 176.08
77.81 176.53
77.82 176.53
77.83 176.33
77.84 176.01
77.85 175.66
77.86 175.21
77.87 175.27
77.88 175.4
77.89 175.49
77.9 175.43
77.91 175.27
77.92 175.38
77.93 175.73
77.94 176.12
77.95 176.25
77.96 176.16
77.97 175.9
77.98 175.38
77.99 174.8
78.0 174.43
78.01 174.33
78.02 174.41
78.03 174.36
78.04 174.34
78.05 174.54
78.06 174.77
78.07 174.97
78.08 175.13
78.09 175.61
78.1 176.25
78.11 176.97
78.12 177.31
78.13 177.02
78.14 176.46
78.15 175.71
78.16 175.06
78.17 174.68
78.18 174.28
78.19 173.97
78.2 173.91
78.21 174.08
78.22 174.47
78.23 175.39
78.24 176.8
78.25 178.03
78.26 178.53
78.27 178.12
78.28 176.89
78.29 175.94
78.3 175.19
78.31 174.52
78.32 174.0
78.33 173.76
78.34 174.05
78.35 174.95
78.36 176.31
78.37 177.91
78.38 179.45
78.39 179.96
78.4 179.57
78.41 178.47
78.42 177.04
78.43 175.54
78.44 174.41
78.45 173.96
78.46 174.09
78.47 174.81
78.48 175.41
78.49 175.88
78.5 176.78
78.51 177.75
78.52 177.91
78.53 177.14
78.54 175.57
78.55 173.53
78.56 171.72
78.57 170.34
78.58 169.49
78.59 169.57
78.6 171.28
78.61 173.09
78.62 174.85
78.63 176.49
78.64 177.6
78.65 177.99
78.66 176.93
78.67 175.18
78.68 173.51
78.69 172.21
78.7 171.04
78.71 170.32
78.72 170.65
78.73 172.21
78.74 173.85
78.75 175.68
78.76 176.95
78.77 176.87
78.78 175.32
78.79 173.45
78.8 170.59
78.81 167.52
78.82 167.49
78.83 169.14
78.84 167.89
78.85 165.75
78.86 162.64
78.87 161.68
78.88 85.23
78.89 87.0
78.9 67.32
78.91 66.56
78.92 225.04
78.93 0.0
78.94 0.0
78.95 0.0
78.96 0.0
78.97 0.0
78.98 0.0
78.99 0.0
79.0 0.0
79.01 0.0
79.02 0.0
79.03 0.0
79.04 0.0
79.05 0.0
79.06 0.0
79.07 0.0
79.08 0.0
79.09 0.0
79.1 0.0
79.11 0.0
79.12 0.0
79.13 0.0
79.14 0.0
79.15 0.0
79.16 0.0
79.17 0.0
79.18 0.0
79.19 0.0
79.2 0.0
79.21 0.0
79.22 0.0
79.23 0.0
79.24 0.0
79.25 0.0
79.26 0.0
79.27 0.0
79.28 0.0
79.29 0.0
79.3 0.0
79.31 0.0
79.32 0.0
79.33 0.0
79.34 0.0
79.35 0.0
79.36 0.0
79.37 0.0
79.38 0.0
79.39 0.0
79.4 0.0
79.41 0.0
79.42 0.0
79.43 0.0
79.44 0.0
79.45 0.0
79.46 0.0
79.47 0.0
79.48 79.48
79.49 79.49
79.5 79.5
79.51 79.51
79.52 0.0
