0.0 0.0
0.01 1893.83
0.02 1377.78
0.03 1251.69
0.04 0.0
0.05 0.0
0.06 0.0
0.07 0.0
0.08 0.0
0.09 0.0
0.1 0.0
0.11 0.0
0.12 0.0
0.13 0.0
0.14 0.0
0.15 0.0
0.16 0.0
0.17 0.0
0.18 0.0
0.19 0.0
0.2 0.0
0.21 0.0
0.22 0.0
0.23 0.0
0.24 0.0
0.25 0.0
0.26 0.0
0.27 0.0
0.28 0.0
0.29 0.0
0.3 0.0
0.31 0.0
0.32 0.0
0.33 0.0
0.34 0.0
0.35 0.0
0.36 0.0
0.37 0.0
0.38 0.0
0.39 0.0
0.4 0.0
0.41 0.0
0.42 0.0
0.43 0.0
0.44 0.0
0.45 0.0
0.46 0.0
0.47 0.0
0.48 0.0
0.49 0.0
0.5 0.0
0.51 0.0
0.52 0.0
0.53 0.0
0.54 0.0
0.55 0.0
0.56 0.0
0.57 0.0
0.58 0.0
0.59 0.0
0.6 0.0
0.61 0.0
0.62 0.0
0.63 0.0
0.64 0.0
0.65 0.0
0.66 0.0
0.67 0.0
0.68 0.0
0.69 0.0
0.7 0.0
0.71 0.0
0.72 0.0
0.73 0.0
0.74 0.0
0.75 0.0
0.76 0.0
0.77 0.0
0.78 0.0
0.79 0.0
0.8 0.0
0.81 0.0
0.82 0.0
0.83 0.0
0.84 0.0
0.85 0.0
0.86 0.0
0.87 0.0
0.88 0.0
0.89 0.0
0.9 0.0
0.91 0.0
0.92 287.72
0.93 105.17
0.94 100.61
0.95 0.0
0.96 135.76
0.97 134.52
0.98 134.05
0.99 135.33
1.0 64.49
1.01 131.65
1.02 141.97
1.03 146.94
1.04 151.32
1.05 156.98
1.06 164.84
1.07 171.3
1.08 351.85
1.09 360.96
1.1 369.77
1.11 190.2
1.12 195.83
1.13 201.49
1.14 206.37
1.15 209.65
1.16 213.03
1.17 216.36
1.18 219.51
1.19 223.76
1.2 228.43
1.21 231.69
1.22 234.32
1.23 236.98
1.24 238.59
1.25 239.88
1.26 241.49
1.27 243.25
1.28 245.03
1.29 246.74
1.3 248.95
1.31 250.54
1.32 251.57
1.33 251.79
1.34 251.45
1.35 250.61
1.36 249.26
1.37 248.46
1.38 246.98
1.39 245.5
1.4 244.79
1.41 245.13
1.42 245.9
1.43 246.17
1.44 246.76
1.45 247.42
1.46 247.61
1.47 248.02
1.48 248.05
1.49 247.96
1.5 248.09
1.51 248.4
1.52 248.68
1.53 248.29
1.54 247.73
1.55 247.08
1.56 246.74
1.57 247.11
1.58 247.84
1.59 248.9
1.6 250.0
1.61 251.03
1.62 251.42
1.63 251.36
1.64 251.32
1.65 251.06
1.66 250.42
1.67 249.33
1.68 248.07
1.69 246.89
1.7 246.65
1.71 247.17
1.72 248.17
1.73 248.98
1.74 249.48
1.75 249.88
1.76 250.06
1.77 250.14
1.78 250.24
1.79 250.1
1.8 250.02
1.81 249.7
1.82 249.0
1.83 248.9
1.84 249.41
1.85 249.99
1.86 251.04
1.87 251.53
1.88 251.74
1.89 251.98
1.9 252.02
1.91 251.75
1.92 251.13
1.93 251.0
1.94 251.38
1.95 251.78
1.96 251.92
1.97 251.44
1.98 250.49
1.99 249.52
2.0 248.17
2.01 246.94
2.02 246.72
2.03 247.37
2.04 248.5
2.05 249.55
2.06 251.15
2.07 252.8
2.08 254.83
2.09 256.33
2.1 257.04
2.11 256.81
2.12 255.6
2.13 253.53
2.14 251.27
2.15 248.87
2.16 247.29
2.17 246.2
2.18 246.01
2.19 246.38
2.2 246.86
2.21 247.71
2.22 249.39
2.23 250.8
2.24 252.16
2.25 253.07
2.26 253.36
2.27 253.3
2.28 252.63
2.29 251.52
2.3 250.58
2.31 249.83
2.32 249.57
2.33 250.06
2.34 247.94
2.35 236.62
2.36 211.44
2.37 193.33
2.38 179.11
2.39 167.32
2.4 153.44
2.41 94.95
2.42 0.0
2.43 0.0
2.44 0.0
2.45 0.0
2.46 0.0
2.47 0.0
2.48 0.0
2.49 0.0
2.5 214.92
2.51 0.0
2.52 325.1
2.53 299.33
2.54 267.29
2.55 247.98
2.56 247.5
2.57 246.96
2.58 245.94
2.59 245.73
2.6 244.99
2.61 244.59
2.62 244.14
2.63 244.3
2.64 245.2
2.65 246.24
2.66 247.28
2.67 248.38
2.68 249.15
2.69 249.93
2.7 250.56
2.71 250.91
2.72 250.45
2.73 249.13
2.74 247.55
2.75 246.86
2.76 246.86
2.77 246.07
2.78 245.63
2.79 245.68
2.8 245.89
2.81 246.01
2.82 246.4
2.83 247.33
2.84 248.91
2.85 249.79
2.86 250.29
2.87 250.34
2.88 250.07
2.89 249.45
2.9 248.4
2.91 247.18
2.92 246.0
2.93 245.33
2.94 245.31
2.95 246.02
2.96 247.43
2.97 249.23
2.98 251.48
2.99 252.79
3.0 253.0
3.01 252.01
3.02 250.43
3.03 249.38
3.04 248.59
3.05 248.33
3.06 248.33
3.07 248.49
3.08 249.73
3.09 251.31
3.1 251.86
3.11 250.76
3.12 248.39
3.13 249.36
3.14 250.79
3.15 241.82
3.16 215.81
3.17 197.39
3.18 177.29
3.19 162.92
3.2 158.83
3.21 0.0
3.22 0.0
3.23 0.0
3.24 0.0
3.25 0.0
3.26 696.42
3.27 0.0
3.28 280.97
3.29 265.19
3.3 255.63
3.31 248.03
3.32 246.7
3.33 249.29
3.34 249.7
3.35 249.41
3.36 249.25
3.37 248.72
3.38 248.19
3.39 247.98
3.4 248.14
3.41 248.78
3.42 250.0
3.43 251.19
3.44 250.5
3.45 252.75
3.46 254.93
3.47 255.79
3.48 255.81
3.49 255.97
3.5 256.74
3.51 259.02
3.52 262.2
3.53 261.08
3.54 257.14
3.55 253.98
3.56 246.63
3.57 236.34
3.58 229.86
3.59 224.81
3.6 219.81
3.61 219.47
3.62 225.56
3.63 243.29
3.64 281.76
3.65 306.15
3.66 305.97
3.67 304.23
3.68 303.4
3.69 298.18
3.7 290.05
3.71 279.21
3.72 278.8
3.73 286.04
3.74 291.72
3.75 300.69
3.76 293.21
3.77 281.57
3.78 278.26
3.79 554.56
3.8 554.28
3.81 279.21
3.82 279.56
3.83 279.66
3.84 280.06
3.85 280.74
3.86 562.49
3.87 565.38
3.88 282.15
3.89 282.51
3.9 282.46
3.91 282.03
3.92 281.23
3.93 280.17
3.94 279.05
3.95 278.47
3.96 278.55
3.97 279.09
3.98 279.79
3.99 279.7
4.0 555.7
4.01 550.23
4.02 275.32
4.03 284.63
4.04 254.71
4.05 241.15
4.06 217.91
4.07 196.86
4.08 202.11
4.09 201.81
4.1 0.0
4.11 0.0
4.12 0.0
4.13 0.0
4.14 245.14
4.15 248.63
4.16 247.66
4.17 247.88
4.18 249.45
4.19 247.85
4.2 246.38
4.21 244.72
4.22 243.04
4.23 240.32
4.24 237.52
4.25 235.66
4.26 233.96
4.27 232.07
4.28 230.93
4.29 230.42
4.3 230.05
4.31 230.61
4.32 231.48
4.33 232.36
4.34 233.63
4.35 234.8
4.36 235.22
4.37 235.63
4.38 234.94
4.39 232.65
4.4 231.27
4.41 230.66
4.42 229.91
4.43 229.31
4.44 228.57
4.45 227.89
4.46 227.86
4.47 229.24
4.48 230.87
4.49 232.06
4.5 233.07
4.51 233.57
4.52 233.66
4.53 233.73
4.54 233.1
4.55 232.13
4.56 231.64
4.57 231.26
4.58 230.94
4.59 231.59
4.6 232.64
4.61 232.8
4.62 233.32
4.63 234.3
4.64 234.25
4.65 233.36
4.66 232.23
4.67 231.19
4.68 230.73
4.69 230.66
4.7 230.65
4.71 231.54
4.72 233.1
4.73 234.27
4.74 234.94
4.75 235.55
4.76 235.55
4.77 235.38
4.78 234.95
4.79 233.82
4.8 232.47
4.81 231.58
4.82 230.78
4.83 230.17
4.84 230.31
4.85 230.79
4.86 231.11
4.87 231.8
4.88 232.98
4.89 233.78
4.9 234.51
4.91 235.4
4.92 235.63
4.93 235.49
4.94 234.91
4.95 233.95
4.96 233.12
4.97 232.12
4.98 231.63
4.99 231.55
5.0 230.87
5.01 230.29
5.02 230.67
5.03 231.48
5.04 232.53
5.05 233.74
5.06 234.46
5.07 234.69
5.08 234.76
5.09 234.57
5.1 234.01
5.11 233.55
5.12 233.2
5.13 232.75
5.14 232.91
5.15 233.09
5.16 232.6
5.17 232.7
5.18 233.64
5.19 234.21
5.2 234.46
5.21 234.71
5.22 234.26
5.23 233.47
5.24 232.8
5.25 232.01
5.26 231.57
5.27 231.43
5.28 231.3
5.29 231.58
5.3 232.27
5.31 232.59
5.32 232.76
5.33 233.16
5.34 233.03
5.35 232.97
5.36 233.15
5.37 232.89
5.38 232.94
5.39 233.26
5.4 233.31
5.41 233.31
5.42 233.97
5.43 234.15
5.44 233.69
5.45 233.57
5.46 233.32
5.47 232.95
5.48 233.5
5.49 234.05
5.5 233.68
5.51 233.28
5.52 232.81
5.53 232.18
5.54 232.21
5.55 232.67
5.56 232.97
5.57 232.92
5.58 232.83
5.59 232.52
5.6 231.62
5.61 227.7
5.62 212.62
5.63 193.21
5.64 182.11
5.65 163.46
5.66 142.55
5.67 138.11
5.68 90.8
5.69 0.0
5.7 0.0
5.71 0.0
5.72 0.0
5.73 0.0
5.74 0.0
5.75 0.0
5.76 0.0
5.77 855.3
5.78 653.1
5.79 0.0
5.8 0.0
5.81 0.0
5.82 0.0
5.83 0.0
5.84 0.0
5.85 0.0
5.86 0.0
5.87 0.0
5.88 0.0
5.89 67.83
5.9 0.0
5.91 0.0
5.92 62.87
5.93 0.0
5.94 0.0
5.95 0.0
5.96 0.0
5.97 0.0
5.98 0.0
5.99 0.0
6.0 0.0
6.01 0.0
6.02 0.0
6.03 0.0
6.04 0.0
6.05 0.0
6.06 0.0
6.07 0.0
6.08 0.0
6.09 0.0
6.1 0.0
6.11 0.0
6.12 0.0
6.13 0.0
6.14 0.0
6.15 0.0
6.16 0.0
6.17 0.0
6.18 0.0
6.19 0.0
6.2 0.0
6.21 62.43
6.22 0.0
6.23 0.0
6.24 207.99
6.25 208.26
6.26 207.36
6.27 187.86
6.28 183.09
6.29 183.32
6.3 184.21
6.31 185.28
6.32 186.44
6.33 187.67
6.34 188.62
6.35 189.32
6.36 190.76
6.37 192.94
6.38 195.37
6.39 198.18
6.4 200.61
6.41 201.94
6.42 202.18
6.43 201.64
6.44 201.55
6.45 202.35
6.46 203.57
6.47 204.99
6.48 206.38
6.49 207.43
6.5 207.7
6.51 206.97
6.52 205.86
6.53 204.97
6.54 203.5
6.55 198.89
6.56 382.46
6.57 187.75
6.58 187.04
6.59 182.19
6.6 181.41
6.61 188.9
6.62 202.46
6.63 209.48
6.64 211.14
6.65 208.58
6.66 413.48
6.67 206.92
6.68 207.52
6.69 207.8
6.7 207.0
6.71 205.19
6.72 202.68
6.73 197.57
6.74 191.73
6.75 188.82
6.76 188.56
6.77 185.9
6.78 186.2
6.79 196.22
6.8 207.23
6.81 205.66
6.82 205.74
6.83 206.26
6.84 206.03
6.85 205.21
6.86 204.45
6.87 203.77
6.88 203.63
6.89 203.99
6.9 204.32
6.91 204.66
6.92 205.73
6.93 207.22
6.94 207.89
6.95 207.61
6.96 207.0
6.97 206.66
6.98 206.93
6.99 207.04
7.0 206.68
7.01 206.0
7.02 205.44
7.03 205.43
7.04 205.49
7.05 205.55
7.06 206.28
7.07 207.16
7.08 207.35
7.09 206.61
7.1 205.46
7.11 204.57
7.12 203.98
7.13 203.62
7.14 203.72
7.15 204.25
7.16 205.09
7.17 205.73
7.18 206.3
7.19 207.03
7.2 207.85
7.21 208.37
7.22 206.89
7.23 198.5
7.24 196.52
7.25 202.11
7.26 202.55
7.27 201.03
7.28 203.68
7.29 206.0
7.3 205.44
7.31 206.89
7.32 208.53
7.33 209.07
7.34 208.88
7.35 208.19
7.36 207.07
7.37 206.16
7.38 205.73
7.39 205.4
7.4 204.89
7.41 204.48
7.42 204.39
7.43 204.55
7.44 204.63
7.45 204.42
7.46 204.5
7.47 204.71
7.48 204.84
7.49 205.03
7.5 205.39
7.51 205.57
7.52 205.76
7.53 206.28
7.54 206.58
7.55 206.61
7.56 206.4
7.57 206.02
7.58 205.6
7.59 205.3
7.6 203.92
7.61 199.24
7.62 195.89
7.63 198.66
7.64 203.19
7.65 207.72
7.66 210.07
7.67 210.1
7.68 209.77
7.69 208.86
7.7 207.56
7.71 619.05
7.72 201.93
7.73 199.85
7.74 199.62
7.75 199.85
7.76 200.62
7.77 201.53
7.78 202.35
7.79 203.23
7.8 203.94
7.81 203.92
7.82 203.46
7.83 203.06
7.84 202.8
7.85 202.5
7.86 202.0
7.87 201.48
7.88 200.95
7.89 200.38
7.9 199.51
7.91 198.41
7.92 197.43
7.93 196.03
7.94 196.63
7.95 201.06
7.96 205.56
7.97 196.3
7.98 184.32
7.99 170.17
8.0 150.65
8.01 142.61
8.02 137.26
8.03 0.0
8.04 0.0
8.05 0.0
8.06 0.0
8.07 0.0
8.08 73.27
8.09 0.0
8.1 0.0
8.11 224.87
8.12 219.92
8.13 220.98
8.14 225.85
8.15 226.21
8.16 225.62
8.17 226.18
8.18 227.88
8.19 231.32
8.2 234.89
8.21 239.05
8.22 244.8
8.23 250.37
8.24 255.66
8.25 258.86
8.26 261.14
8.27 263.21
8.28 263.94
8.29 263.2
8.3 261.6
8.31 260.34
8.32 258.54
8.33 254.27
8.34 241.72
8.35 230.71
8.36 227.65
8.37 231.02
8.38 243.92
8.39 260.39
8.4 270.42
8.41 271.62
8.42 269.22
8.43 267.59
8.44 268.03
8.45 268.84
8.46 268.33
8.47 266.36
8.48 265.04
8.49 264.15
8.5 263.52
8.51 262.67
8.52 247.27
8.53 239.25
8.54 247.46
8.55 250.69
8.56 259.42
8.57 280.9
8.58 284.1
8.59 275.89
8.6 270.27
8.61 268.16
8.62 266.03
8.63 263.47
8.64 262.3
8.65 262.41
8.66 262.94
8.67 263.39
8.68 263.89
8.69 264.73
8.7 266.11
8.71 267.61
8.72 268.61
8.73 269.32
8.74 269.36
8.75 269.3
8.76 269.16
8.77 268.42
8.78 267.29
8.79 266.7
8.8 266.41
8.81 266.07
8.82 265.99
8.83 266.04
8.84 266.45
8.85 267.25
8.86 268.28
8.87 269.84
8.88 271.74
8.89 269.12
8.9 268.99
8.91 272.8
8.92 274.59
8.93 274.79
8.94 273.02
8.95 276.6
8.96 280.42
8.97 273.99
8.98 270.75
8.99 269.13
9.0 268.29
9.01 267.95
9.02 268.08
9.03 268.67
9.04 269.69
9.05 270.5
9.06 270.84
9.07 270.39
9.08 269.47
9.09 268.73
9.1 268.09
9.11 267.82
9.12 268.06
9.13 268.1
9.14 267.81
9.15 267.6
9.16 267.43
9.17 267.96
9.18 269.09
9.19 270.7
9.2 273.24
9.21 273.53
9.22 267.27
9.23 247.79
9.24 222.41
9.25 204.37
9.26 184.32
9.27 170.58
9.28 169.13
9.29 164.4
9.3 0.0
9.31 0.0
9.32 0.0
9.33 0.0
9.34 0.0
9.35 355.25
9.36 373.16
9.37 348.33
9.38 333.1
9.39 307.84
9.4 279.31
9.41 271.18
9.42 257.39
9.43 248.46
9.44 245.32
9.45 244.05
9.46 244.32
9.47 245.05
9.48 245.98
9.49 247.01
9.5 248.26
9.51 248.56
9.52 247.4
9.53 245.54
9.54 243.6
9.55 241.85
9.56 240.29
9.57 238.74
9.58 237.83
9.59 237.57
9.6 238.04
9.61 238.92
9.62 239.46
9.63 239.68
9.64 239.99
9.65 240.39
9.66 240.51
9.67 240.47
9.68 240.44
9.69 240.27
9.7 240.06
9.71 239.84
9.72 239.55
9.73 239.02
9.74 238.23
9.75 237.29
9.76 236.78
9.77 237.07
9.78 237.81
9.79 238.83
9.8 240.39
9.81 242.06
9.82 243.51
9.83 244.93
9.84 245.6
9.85 245.56
9.86 244.88
9.87 243.85
9.88 242.96
9.89 241.8
9.9 240.38
9.91 239.0
9.92 238.04
9.93 237.83
9.94 237.87
9.95 238.65
9.96 239.94
9.97 240.51
9.98 240.27
9.99 239.53
10.0 238.41
10.01 237.57
10.02 237.49
10.03 237.79
10.04 237.77
10.05 238.02
10.06 238.67
10.07 238.77
10.08 238.93
10.09 239.28
10.1 239.55
10.11 239.58
10.12 239.32
10.13 239.24
10.14 239.27
10.15 239.77
10.16 240.69
10.17 241.33
10.18 241.87
10.19 241.98
10.2 241.47
10.21 240.76
10.22 240.6
10.23 240.99
10.24 241.38
10.25 241.22
10.26 240.75
10.27 240.43
10.28 240.29
10.29 240.72
10.3 241.83
10.31 242.64
10.32 242.51
10.33 241.93
10.34 241.21
10.35 240.45
10.36 239.86
10.37 239.72
10.38 239.88
10.39 240.15
10.4 240.58
10.41 240.94
10.42 241.31
10.43 241.49
10.44 241.6
10.45 241.57
10.46 241.2
10.47 240.69
10.48 240.28
10.49 239.98
10.5 239.86
10.51 239.99
10.52 239.95
10.53 240.26
10.54 241.23
10.55 242.13
10.56 242.38
10.57 242.22
10.58 242.26
10.59 242.29
10.6 241.83
10.61 241.01
10.62 240.1
10.63 238.98
10.64 238.06
10.65 237.89
10.66 238.3
10.67 238.6
10.68 239.0
10.69 239.91
10.7 241.27
10.71 242.35
10.72 243.23
10.73 244.39
10.74 245.23
10.75 245.39
10.76 245.18
10.77 244.97
10.78 244.81
10.79 244.19
10.8 242.47
10.81 240.19
10.82 239.04
10.83 238.05
10.84 241.01
10.85 243.49
10.86 244.51
10.87 245.2
10.88 244.23
10.89 243.29
10.9 242.42
10.91 241.96
10.92 241.6
10.93 241.15
10.94 240.67
10.95 239.89
10.96 239.32
10.97 238.95
10.98 238.96
10.99 239.55
11.0 240.56
11.01 241.64
11.02 241.91
11.03 241.98
11.04 242.62
11.05 243.19
11.06 243.54
11.07 243.2
11.08 242.47
11.09 241.82
11.1 241.07
11.11 240.89
11.12 240.99
11.13 241.92
11.14 242.69
11.15 242.96
11.16 238.43
11.17 224.43
11.18 222.5
11.19 229.32
11.2 237.32
11.21 253.62
11.22 277.3
11.23 284.82
11.24 271.66
11.25 257.33
11.26 257.73
11.27 251.78
11.28 231.51
11.29 224.97
11.3 221.34
11.31 219.7
11.32 219.59
11.33 221.23
11.34 223.68
11.35 226.18
11.36 229.02
11.37 232.05
11.38 233.77
11.39 234.34
11.4 234.46
11.41 234.36
11.42 234.44
11.43 234.6
11.44 234.83
11.45 234.96
11.46 234.93
11.47 235.12
11.48 235.76
11.49 236.92
11.5 238.03
11.51 238.67
11.52 238.89
11.53 238.79
11.54 238.44
11.55 237.83
11.56 237.16
11.57 237.09
11.58 237.45
11.59 237.9
11.6 238.78
11.61 239.73
11.62 240.44
11.63 240.72
11.64 240.68
11.65 240.41
11.66 239.92
11.67 239.47
11.68 239.56
11.69 239.84
11.7 239.96
11.71 240.3
11.72 240.88
11.73 241.15
11.74 240.96
11.75 240.66
11.76 240.6
11.77 240.53
11.78 240.2
11.79 240.09
11.8 240.48
11.81 241.34
11.82 242.24
11.83 242.63
11.84 242.91
11.85 242.81
11.86 242.45
11.87 241.36
11.88 238.18
11.89 235.34
11.9 237.39
11.91 237.08
11.92 236.82
11.93 237.54
11.94 239.6
11.95 239.85
11.96 238.24
11.97 238.45
11.98 238.9
11.99 239.28
12.0 239.44
12.01 239.94
12.02 241.08
12.03 242.54
12.04 243.38
12.05 242.85
12.06 241.56
12.07 238.52
12.08 225.99
12.09 214.99
12.1 206.49
12.11 194.46
12.12 195.07
12.13 213.65
12.14 239.79
12.15 244.82
12.16 211.33
12.17 176.23
12.18 330.43
12.19 158.32
12.2 356.82
12.21 345.35
12.22 327.43
12.23 321.64
12.24 303.99
12.25 287.2
12.26 267.77
12.27 248.02
12.28 250.27
12.29 251.11
12.3 241.29
12.31 239.06
12.32 238.64
12.33 239.03
12.34 240.57
12.35 241.64
12.36 241.22
12.37 240.51
12.38 240.02
12.39 239.7
12.4 239.75
12.41 240.09
12.42 240.32
12.43 240.47
12.44 240.89
12.45 241.43
12.46 241.71
12.47 241.96
12.48 242.15
12.49 241.96
12.5 241.83
12.51 242.38
12.52 243.18
12.53 243.6
12.54 243.75
12.55 243.57
12.56 242.82
12.57 242.44
12.58 242.64
12.59 242.96
12.6 242.94
12.61 240.46
12.62 233.49
12.63 234.7
12.64 234.37
12.65 229.04
12.66 217.86
12.67 190.66
12.68 173.97
12.69 124.41
12.7 0.0
12.71 0.0
12.72 0.0
12.73 0.0
12.74 0.0
12.75 0.0
12.76 0.0
12.77 0.0
12.78 0.0
12.79 0.0
12.8 0.0
12.81 0.0
12.82 0.0
12.83 0.0
12.84 0.0
12.85 75.61
12.86 0.0
12.87 127.98
12.88 0.0
12.89 0.0
12.9 0.0
12.91 0.0
12.92 0.0
12.93 0.0
12.94 0.0
12.95 0.0
12.96 330.51
12.97 302.41
12.98 301.58
12.99 293.53
13.0 334.7
13.01 66.26
13.02 183.87
13.03 176.1
13.04 170.01
13.05 168.71
13.06 169.63
13.07 172.63
13.08 176.09
13.09 179.82
13.1 182.83
13.11 185.49
13.12 188.17
13.13 190.34
13.14 192.29
13.15 194.15
13.16 195.71
13.17 197.17
13.18 198.64
13.19 200.64
13.2 203.21
13.21 206.08
13.22 209.17
13.23 212.47
13.24 215.86
13.25 219.57
13.26 222.43
13.27 224.43
13.28 226.05
13.29 226.89
13.3 227.17
13.31 227.13
13.32 227.13
13.33 227.45
13.34 228.33
13.35 229.14
13.36 229.76
13.37 231.11
13.38 232.86
13.39 234.58
13.4 235.8
13.41 236.81
13.42 237.4
13.43 237.76
13.44 237.52
13.45 236.8
13.46 236.65
13.47 236.75
13.48 236.24
13.49 235.22
13.5 234.99
13.51 235.72
13.52 236.73
13.53 237.86
13.54 239.24
13.55 240.05
13.56 240.2
13.57 240.24
13.58 240.0
13.59 239.52
13.6 238.99
13.61 238.5
13.62 237.81
13.63 237.61
13.64 237.93
13.65 238.34
13.66 238.59
13.67 238.97
13.68 239.7
13.69 240.45
13.7 241.32
13.71 242.12
13.72 242.88
13.73 243.44
13.74 243.19
13.75 241.8
13.76 239.37
13.77 232.22
13.78 77.07
13.79 230.66
13.8 227.19
13.81 224.35
13.82 231.29
13.83 242.96
13.84 243.04
13.85 242.58
13.86 242.81
13.87 242.52
13.88 242.17
13.89 241.9
13.9 241.67
13.91 240.73
13.92 240.1
13.93 239.72
13.94 238.8
13.95 238.43
13.96 239.05
13.97 240.6
13.98 242.41
13.99 243.92
14.0 243.44
14.01 234.3
14.02 223.17
14.03 224.84
14.04 230.05
14.05 244.83
14.06 265.3
14.07 269.08
14.08 256.37
14.09 252.83
14.1 254.23
14.11 251.92
14.12 243.93
14.13 240.21
14.14 239.22
14.15 239.36
14.16 240.37
14.17 241.18
14.18 241.68
14.19 241.88
14.2 241.76
14.21 241.2
14.22 240.18
14.23 239.3
14.24 239.0
14.25 238.95
14.26 239.11
14.27 239.42
14.28 239.72
14.29 240.58
14.3 235.61
14.31 238.61
14.32 239.2
14.33 219.84
14.34 201.9
14.35 188.93
14.36 173.73
14.37 163.33
14.38 159.09
14.39 0.0
14.4 0.0
14.41 0.0
14.42 0.0
14.43 0.0
14.44 0.0
14.45 0.0
14.46 301.97
14.47 292.82
14.48 301.78
14.49 290.61
14.5 262.41
14.51 251.37
14.52 252.11
14.53 252.19
14.54 249.35
14.55 245.31
14.56 243.51
14.57 242.33
14.58 241.59
14.59 240.81
14.6 240.56
14.61 240.11
14.62 239.15
14.63 238.15
14.64 237.02
14.65 235.95
14.66 234.97
14.67 234.26
14.68 234.14
14.69 234.5
14.7 235.43
14.71 237.33
14.72 240.64
14.73 246.65
14.74 250.38
14.75 250.12
14.76 241.39
14.77 235.62
14.78 228.29
14.79 213.19
14.8 195.63
14.81 199.01
14.82 203.26
14.83 209.95
14.84 252.01
14.85 305.25
14.86 311.76
14.87 298.37
14.88 278.58
14.89 263.65
14.9 255.37
14.91 251.89
14.92 249.8
14.93 248.09
14.94 245.35
14.95 241.9
14.96 239.01
14.97 243.49
14.98 244.74
14.99 244.12
15.0 247.02
15.01 253.54
15.02 251.94
15.03 246.01
15.04 242.78
15.05 239.89
15.06 238.77
15.07 238.64
15.08 239.18
15.09 239.99
15.1 241.23
15.11 242.17
15.12 243.09
15.13 243.86
15.14 243.93
15.15 243.57
15.16 243.04
15.17 242.11
15.18 240.78
15.19 239.78
15.2 239.73
15.21 239.8
15.22 240.18
15.23 240.91
15.24 241.57
15.25 242.12
15.26 242.52
15.27 242.14
15.28 241.38
15.29 241.1
15.3 240.91
15.31 240.52
15.32 240.72
15.33 241.43
15.34 242.27
15.35 242.65
15.36 242.9
15.37 243.15
15.38 236.53
15.39 229.08
15.4 229.05
15.41 222.73
15.42 215.13
15.43 202.94
15.44 185.33
15.45 160.01
15.46 136.9
15.47 287.84
15.48 0.0
15.49 0.0
15.5 0.0
15.51 0.0
15.52 0.0
15.53 0.0
15.54 0.0
15.55 0.0
15.56 77.15
15.57 323.42
15.58 0.0
15.59 0.0
15.6 0.0
15.61 0.0
15.62 0.0
15.63 0.0
15.64 0.0
15.65 0.0
15.66 0.0
15.67 271.06
15.68 299.47
15.69 298.63
15.7 273.28
15.71 115.28
15.72 200.56
15.73 197.73
15.74 194.34
15.75 191.57
15.76 188.45
15.77 185.28
15.78 184.84
15.79 186.65
15.8 189.83
15.81 193.55
15.82 197.47
15.83 201.29
15.84 204.57
15.85 207.55
15.86 209.94
15.87 211.47
15.88 212.64
15.89 213.5
15.9 213.55
15.91 213.85
15.92 214.83
15.93 216.0
15.94 217.72
15.95 220.09
15.96 223.19
15.97 226.27
15.98 229.5
15.99 232.49
16.0 235.0
16.01 236.56
16.02 237.56
16.03 238.08
16.04 237.69
16.05 237.0
16.06 236.92
16.07 236.95
16.08 236.8
16.09 237.31
16.1 238.25
16.11 239.35
16.12 241.04
16.13 242.69
16.14 243.48
16.15 243.11
16.16 242.35
16.17 241.89
16.18 241.75
16.19 241.41
16.2 240.91
16.21 240.68
16.22 240.67
16.23 240.72
16.24 241.14
16.25 241.93
16.26 243.03
16.27 243.84
16.28 244.52
16.29 244.42
16.3 244.03
16.31 243.85
16.32 243.65
16.33 243.85
16.34 244.24
16.35 244.2
16.36 243.89
16.37 243.89
16.38 244.15
16.39 244.72
16.4 245.01
16.41 244.74
16.42 244.3
16.43 244.14
16.44 243.6
16.45 241.19
16.46 210.71
16.47 218.8
16.48 222.1
16.49 221.81
16.5 221.3
16.51 220.07
16.52 220.0
16.53 222.37
16.54 234.05
16.55 253.99
16.56 255.3
16.57 246.74
16.58 243.86
16.59 242.71
16.6 242.16
16.61 241.5
16.62 241.0
16.63 240.52
16.64 240.9
16.65 241.98
16.66 244.14
16.67 247.0
16.68 247.83
16.69 242.48
16.7 227.33
16.71 209.86
16.72 193.18
16.73 177.89
16.74 167.7
16.75 162.19
16.76 160.7
16.77 0.0
16.78 0.0
16.79 0.0
16.8 272.15
16.81 271.73
16.82 271.72
16.83 261.48
16.84 254.25
16.85 250.45
16.86 244.79
16.87 240.78
16.88 238.68
16.89 238.29
16.9 238.41
16.91 239.19
16.92 240.53
16.93 242.18
16.94 243.92
16.95 245.21
16.96 245.91
16.97 246.03
16.98 245.47
16.99 244.75
17.0 244.05
17.01 243.64
17.02 243.28
17.03 242.86
17.04 242.58
17.05 242.63
17.06 242.5
17.07 241.97
17.08 241.93
17.09 241.86
17.1 241.95
17.11 242.32
17.12 242.9
17.13 243.9
17.14 245.29
17.15 246.36
17.16 246.51
17.17 246.35
17.18 246.89
17.19 247.63
17.2 243.6
17.21 247.44
17.22 251.92
17.23 257.58
17.24 268.42
17.25 281.37
17.26 284.89
17.27 283.04
17.28 279.45
17.29 274.26
17.3 270.43
17.31 267.88
17.32 266.35
17.33 265.74
17.34 266.01
17.35 267.08
17.36 268.29
17.37 268.85
17.38 268.75
17.39 268.34
17.4 267.74
17.41 267.58
17.42 267.73
17.43 268.11
17.44 268.57
17.45 268.74
17.46 268.49
17.47 268.03
17.48 267.49
17.49 267.01
17.5 266.75
17.51 266.75
17.52 267.15
17.53 267.81
17.54 268.53
17.55 269.42
17.56 270.46
17.57 271.31
17.58 272.12
17.59 272.24
17.6 272.18
17.61 272.21
17.62 271.86
17.63 271.11
17.64 269.73
17.65 268.07
17.66 265.9
17.67 262.71
17.68 258.83
17.69 253.59
17.7 248.6
17.71 242.71
17.72 238.07
17.73 234.92
17.74 233.89
17.75 234.81
17.76 237.22
17.77 240.1
17.78 242.9
17.79 244.67
17.8 245.57
17.81 245.66
17.82 245.05
17.83 243.78
17.84 242.43
17.85 241.24
17.86 240.25
17.87 239.45
17.88 238.68
17.89 238.31
17.9 238.59
17.91 239.28
17.92 240.23
17.93 241.49
17.94 242.46
17.95 242.88
17.96 242.97
17.97 243.0
17.98 243.13
17.99 243.27
18.0 243.33
18.01 243.52
18.02 244.19
18.03 245.06
18.04 242.19
18.05 234.62
18.06 225.23
18.07 213.44
18.08 194.69
18.09 174.25
18.1 193.13
18.11 70.52
18.12 228.91
18.13 284.85
18.14 316.39
18.15 282.68
18.16 251.34
18.17 244.85
18.18 239.64
18.19 235.74
18.2 234.05
18.21 233.19
18.22 233.25
18.23 233.85
18.24 234.37
18.25 234.41
18.26 234.14
18.27 233.21
18.28 231.71
18.29 228.91
18.3 225.15
18.31 221.25
18.32 218.3
18.33 217.42
18.34 218.28
18.35 217.13
18.36 206.0
18.37 192.15
18.38 180.16
18.39 164.43
18.4 141.27
18.41 292.2
18.42 0.0
18.43 0.0
18.44 0.0
18.45 0.0
18.46 0.0
18.47 0.0
18.48 0.0
18.49 0.0
18.5 0.0
18.51 0.0
18.52 0.0
18.53 0.0
18.54 0.0
18.55 0.0
18.56 0.0
18.57 0.0
18.58 0.0
18.59 0.0
18.6 168.57
18.61 0.0
18.62 0.0
18.63 0.0
18.64 0.0
18.65 0.0
18.66 0.0
18.67 0.0
18.68 0.0
18.69 0.0
18.7 0.0
18.71 0.0
18.72 0.0
18.73 0.0
18.74 63.8
18.75 660.65
18.76 182.58
18.77 176.57
18.78 167.37
18.79 186.89
18.8 199.4
18.81 213.92
18.82 225.26
18.83 228.35
18.84 229.2
18.85 229.84
18.86 231.46
18.87 233.52
18.88 235.5
18.89 237.0
18.9 238.75
18.91 241.68
18.92 245.01
18.93 248.92
18.94 251.35
18.95 254.34
18.96 257.18
18.97 259.3
18.98 260.08
18.99 260.07
19.0 258.93
19.01 257.89
19.02 257.8
19.03 258.28
19.04 258.88
19.05 259.73
19.06 261.13
19.07 263.91
19.08 267.0
19.09 269.46
19.1 271.31
19.11 272.25
19.12 272.06
19.13 270.91
19.14 269.51
19.15 267.65
19.16 265.35
19.17 264.18
19.18 263.99
19.19 264.55
19.2 265.14
19.21 265.82
19.22 266.67
19.23 267.7
19.24 268.79
19.25 269.68
19.26 270.5
19.27 270.83
19.28 270.59
19.29 269.72
19.3 268.72
19.31 268.1
19.32 267.54
19.33 267.43
19.34 267.77
19.35 268.33
19.36 269.17
19.37 270.41
19.38 271.38
19.39 271.95
19.4 271.79
19.41 271.23
19.42 271.14
19.43 271.08
19.44 271.29
19.45 271.57
19.46 271.56
19.47 270.93
19.48 269.8
19.49 268.93
19.5 268.96
19.51 269.36
19.52 269.14
19.53 269.59
19.54 270.63
19.55 271.17
19.56 271.61
19.57 271.67
19.58 271.39
19.59 271.14
19.6 271.13
19.61 271.21
19.62 271.04
19.63 271.05
19.64 271.55
19.65 272.12
19.66 272.85
19.67 273.25
19.68 273.26
19.69 273.43
19.7 273.45
19.71 272.89
19.72 272.16
19.73 271.9
19.74 272.24
19.75 272.68
19.76 272.6
19.77 272.69
19.78 273.08
19.79 273.53
19.8 274.03
19.81 274.31
19.82 273.95
19.83 273.06
19.84 272.24
19.85 271.87
19.86 271.81
19.87 271.82
19.88 271.99
19.89 272.36
19.9 272.78
19.91 273.17
19.92 273.63
19.93 274.49
19.94 275.26
19.95 274.93
19.96 273.92
19.97 272.44
19.98 270.19
19.99 267.62
20.0 264.77
20.01 262.28
20.02 258.96
20.03 255.08
20.04 251.35
20.05 248.71
20.06 247.61
20.07 247.23
20.08 247.31
20.09 247.35
20.1 247.72
20.11 248.23
20.12 247.83
20.13 246.55
20.14 244.74
20.15 244.63
20.16 246.73
20.17 248.68
20.18 250.59
20.19 251.37
20.2 251.13
20.21 250.9
20.22 251.43
20.23 252.95
20.24 254.83
20.25 255.55
20.26 256.35
20.27 258.72
20.28 261.89
20.29 257.48
20.3 251.15
20.31 284.17
20.32 300.04
20.33 273.04
20.34 269.2
20.35 265.62
20.36 262.11
20.37 258.7
20.38 254.75
20.39 249.67
20.4 245.86
20.41 243.07
20.42 242.77
20.43 244.7
20.44 246.49
20.45 248.05
20.46 249.26
20.47 250.38
20.48 250.33
20.49 249.08
20.5 247.24
20.51 245.18
20.52 243.41
20.53 242.24
20.54 241.77
20.55 242.35
20.56 243.67
20.57 244.33
20.58 244.5
20.59 244.51
20.6 244.36
20.61 244.36
20.62 244.35
20.63 244.25
20.64 244.52
20.65 245.27
20.66 246.01
20.67 246.84
20.68 247.59
20.69 247.43
20.7 246.91
20.71 246.73
20.72 246.82
20.73 247.25
20.74 247.54
20.75 247.48
20.76 247.06
20.77 246.18
20.78 245.6
20.79 245.69
20.8 245.9
20.81 246.19
20.82 246.39
20.83 246.42
20.84 246.39
20.85 246.49
20.86 246.34
20.87 246.02
20.88 245.81
20.89 245.75
20.9 245.8
20.91 246.08
20.92 246.04
20.93 246.13
20.94 246.59
20.95 246.74
20.96 246.88
20.97 246.68
20.98 246.55
20.99 246.58
21.0 246.35
21.01 246.28
21.02 246.2
21.03 245.76
21.04 245.56
21.05 245.28
21.06 245.26
21.07 245.57
21.08 245.67
21.09 245.8
21.1 245.78
21.11 245.98
21.12 246.53
21.13 247.32
21.14 248.05
21.15 248.69
21.16 249.34
21.17 249.33
21.18 248.71
21.19 248.01
21.2 247.29
21.21 246.23
21.22 245.06
21.23 244.46
21.24 244.45
21.25 244.88
21.26 245.33
21.27 245.9
21.28 246.97
21.29 248.49
21.3 249.71
21.31 250.77
21.32 251.41
21.33 251.49
21.34 251.08
21.35 249.0
21.36 245.76
21.37 241.43
21.38 229.41
21.39 226.31
21.4 225.12
21.41 227.99
21.42 237.12
21.43 253.19
21.44 276.01
21.45 296.97
21.46 307.64
21.47 298.23
21.48 287.7
21.49 282.2
21.5 279.65
21.51 277.82
21.52 276.4
21.53 274.54
21.54 272.68
21.55 271.81
21.56 271.74
21.57 271.69
21.58 271.64
21.59 272.06
21.6 272.51
21.61 272.35
21.62 271.83
21.63 271.27
21.64 270.72
21.65 270.29
21.66 270.21
21.67 269.31
21.68 262.56
21.69 247.36
21.7 232.65
21.71 212.93
21.72 187.89
21.73 175.72
21.74 174.07
21.75 173.32
21.76 197.52
21.77 235.12
21.78 249.21
21.79 261.12
21.8 281.7
21.81 338.99
21.82 339.18
21.83 334.74
21.84 342.2
21.85 348.02
21.86 344.19
21.87 335.88
21.88 326.25
21.89 320.73
21.9 297.74
21.91 284.62
21.92 278.75
21.93 275.85
21.94 269.91
21.95 257.3
21.96 251.91
21.97 250.29
21.98 249.55
21.99 248.81
22.0 248.06
22.01 247.08
22.02 246.68
22.03 245.81
22.04 244.55
22.05 242.47
22.06 240.95
22.07 239.7
22.08 239.23
22.09 239.32
22.1 239.38
22.11 240.32
22.12 241.06
22.13 242.55
22.14 244.33
22.15 245.26
22.16 245.17
22.17 244.45
22.18 244.12
22.19 243.99
22.2 243.86
22.21 243.87
22.22 243.91
22.23 243.83
22.24 243.65
22.25 244.02
22.26 243.21
22.27 238.67
22.28 241.78
22.29 243.64
22.3 244.21
22.31 244.35
22.32 244.44
22.33 244.51
22.34 245.33
22.35 248.76
22.36 249.45
22.37 245.15
22.38 243.5
22.39 243.3
22.4 243.26
22.41 243.56
22.42 243.88
22.43 243.79
22.44 243.66
22.45 243.71
22.46 243.82
22.47 243.78
22.48 243.5
22.49 242.8
22.5 242.36
22.51 242.16
22.52 242.68
22.53 244.54
22.54 246.39
22.55 248.25
22.56 249.97
22.57 251.32
22.58 249.73
22.59 249.34
22.6 250.06
22.61 252.17
22.62 257.41
22.63 259.81
22.64 248.68
22.65 246.81
22.66 245.09
22.67 243.59
22.68 242.88
22.69 243.18
22.7 243.73
22.71 243.92
22.72 244.4
22.73 244.9
22.74 245.12
22.75 245.0
22.76 245.02
22.77 245.07
22.78 244.97
22.79 244.67
22.8 244.99
22.81 245.74
22.82 246.02
22.83 246.29
22.84 246.17
22.85 245.82
22.86 245.03
22.87 243.97
22.88 243.49
22.89 243.48
22.9 243.75
22.91 243.86
22.92 244.29
22.93 245.16
22.94 246.03
22.95 246.57
22.96 246.95
22.97 246.95
22.98 246.54
22.99 246.51
23.0 246.82
23.01 246.76
23.02 246.47
23.03 246.23
23.04 245.69
23.05 245.32
23.06 244.72
23.07 244.29
23.08 244.64
23.09 245.25
23.1 245.96
23.11 246.45
23.12 246.84
23.13 247.11
23.14 246.74
23.15 246.3
23.16 246.1
23.17 245.71
23.18 245.16
23.19 244.41
23.2 244.19
23.21 244.27
23.22 244.01
23.23 243.48
23.24 243.45
23.25 247.38
23.26 249.68
23.27 239.79
23.28 231.83
23.29 232.92
23.3 236.92
23.31 247.73
23.32 285.46
23.33 0.0
23.34 0.0
23.35 0.0
23.36 323.34
23.37 306.88
23.38 295.63
23.39 283.04
23.4 259.5
23.41 240.94
23.42 237.81
23.43 238.56
23.44 236.12
23.45 231.33
23.46 229.83
23.47 229.36
23.48 228.67
23.49 228.26
23.5 228.25
23.51 228.43
23.52 228.1
23.53 227.56
23.54 226.83
23.55 225.83
23.56 224.86
23.57 224.08
23.58 223.61
23.59 223.57
23.6 224.04
23.61 224.71
23.62 225.2
23.63 226.0
23.64 226.59
23.65 226.45
23.66 226.11
23.67 225.41
23.68 224.44
23.69 223.61
23.7 223.06
23.71 222.07
23.72 221.87
23.73 222.58
23.74 223.26
23.75 224.23
23.76 225.2
23.77 226.34
23.78 227.48
23.79 228.23
23.8 228.41
23.81 228.22
23.82 227.35
23.83 225.94
23.84 223.8
23.85 221.63
23.86 220.4
23.87 220.08
23.88 219.94
23.89 220.23
23.9 221.39
23.91 222.73
23.92 224.03
23.93 225.21
23.94 225.29
23.95 224.99
23.96 224.48
23.97 223.82
23.98 223.11
23.99 222.17
24.0 221.23
24.01 220.83
24.02 221.0
24.03 221.48
24.04 222.07
24.05 222.78
24.06 223.27
24.07 213.29
24.08 204.52
24.09 205.63
24.1 200.85
24.11 201.09
24.12 204.57
24.13 209.15
24.14 214.58
24.15 218.97
24.16 222.92
24.17 237.99
24.18 236.86
24.19 220.01
24.2 214.78
24.21 210.36
24.22 205.91
24.23 201.85
24.24 198.44
24.25 196.4
24.26 196.43
24.27 197.73
24.28 199.25
24.29 200.38
24.3 200.53
24.31 199.84
24.32 198.92
24.33 197.86
24.34 197.04
24.35 196.74
24.36 197.05
24.37 197.5
24.38 197.64
24.39 197.68
24.4 198.07
24.41 198.77
24.42 199.19
24.43 199.09
24.44 198.64
24.45 198.09
24.46 197.58
24.47 197.13
24.48 196.57
24.49 196.23
24.5 196.18
24.51 196.21
24.52 196.68
24.53 197.47
24.54 198.04
24.55 198.53
24.56 199.24
24.57 199.9
24.58 200.2
24.59 200.22
24.6 200.27
24.61 199.99
24.62 198.98
24.63 197.89
24.64 197.38
24.65 197.02
24.66 196.92
24.67 197.38
24.68 198.09
24.69 198.7
24.7 198.83
24.71 198.71
24.72 198.51
24.73 198.2
24.74 197.87
24.75 197.38
24.76 196.75
24.77 196.53
24.78 196.66
24.79 196.68
24.8 196.93
24.81 197.68
24.82 198.51
24.83 198.96
24.84 198.87
24.85 198.54
24.86 198.05
24.87 197.11
24.88 195.43
24.89 192.93
24.9 190.07
24.91 189.34
24.92 190.71
24.93 190.03
24.94 194.44
24.95 198.55
24.96 199.44
24.97 199.69
24.98 199.31
24.99 198.67
25.0 199.72
25.01 198.11
25.02 194.16
25.03 189.12
25.04 183.64
25.05 178.83
25.06 174.8
25.07 173.76
25.08 174.07
25.09 174.77
25.1 175.94
25.11 177.12
25.12 177.85
25.13 177.97
25.14 177.79
25.15 177.76
25.16 177.79
25.17 177.56
25.18 176.95
25.19 176.01
25.2 174.62
25.21 173.84
25.22 174.06
25.23 174.55
25.24 175.81
25.25 177.51
25.26 179.2
25.27 180.04
25.28 180.45
25.29 180.51
25.3 180.14
25.31 179.59
25.32 179.29
25.33 178.67
25.34 177.73
25.35 177.03
25.36 176.37
25.37 176.01
25.38 175.99
25.39 175.91
25.4 175.7
25.41 176.06
25.42 176.93
25.43 177.85
25.44 178.77
25.45 179.53
25.46 180.14
25.47 180.68
25.48 180.98
25.49 180.85
25.5 180.49
25.51 180.14
25.52 179.84
25.53 179.49
25.54 178.83
25.55 178.39
25.56 178.55
25.57 178.87
25.58 179.21
25.59 179.36
25.6 179.56
25.61 179.97
25.62 180.27
25.63 180.39
25.64 180.28
25.65 180.03
25.66 179.25
25.67 178.15
25.68 177.85
25.69 178.04
25.7 178.25
25.71 178.51
25.72 179.02
25.73 179.54
25.74 179.71
25.75 179.68
25.76 179.56
25.77 179.43
25.78 179.18
25.79 178.83
25.8 178.93
25.81 178.93
25.82 178.76
25.83 179.18
25.84 179.73
25.85 179.95
25.86 179.68
25.87 179.28
25.88 179.37
25.89 179.36
25.9 179.05
25.91 178.67
25.92 178.11
25.93 177.09
25.94 175.85
25.95 175.37
25.96 176.18
25.97 177.13
25.98 177.97
25.99 178.66
26.0 179.65
26.01 180.73
26.02 181.27
26.03 181.12
26.04 180.79
26.05 180.38
26.06 179.65
26.07 178.5
26.08 177.78
26.09 177.88
26.1 178.22
26.11 179.05
26.12 180.22
26.13 181.14
26.14 181.78
26.15 182.36
26.16 182.61
26.17 182.45
26.18 181.92
26.19 181.19
26.2 180.4
26.21 179.59
26.22 178.78
26.23 178.31
26.24 178.25
26.25 178.45
26.26 178.76
26.27 179.39
26.28 180.15
26.29 180.58
26.3 180.87
26.31 181.46
26.32 181.81
26.33 181.61
26.34 181.01
26.35 180.07
26.36 179.15
26.37 178.17
26.38 177.49
26.39 177.25
26.4 177.67
26.41 178.49
26.42 179.49
26.43 180.57
26.44 181.21
26.45 181.44
26.46 181.16
26.47 180.46
26.48 179.8
26.49 178.81
26.5 177.63
26.51 176.72
26.52 176.09
26.53 176.0
26.54 176.84
26.55 178.0
26.56 179.63
26.57 181.0
26.58 181.79
26.59 182.15
26.6 181.83
26.61 180.91
26.62 180.04
26.63 179.35
26.64 178.87
26.65 178.38
26.66 178.23
26.67 178.4
26.68 178.67
26.69 179.32
26.7 180.36
26.71 181.21
26.72 181.79
26.73 182.41
26.74 182.73
26.75 182.57
26.76 182.03
26.77 181.4
26.78 180.69
26.79 180.2
26.8 179.92
26.81 179.29
26.82 179.25
26.83 180.03
26.84 180.62
26.85 181.57
26.86 182.41
26.87 182.67
26.88 182.24
26.89 179.7
26.9 60.92
26.91 187.93
26.92 184.06
26.93 181.09
26.94 172.6
26.95 162.91
26.96 154.04
26.97 142.92
26.98 70.01
26.99 0.0
27.0 0.0
27.01 0.0
27.02 0.0
27.03 0.0
27.04 0.0
27.05 0.0
27.06 0.0
27.07 0.0
27.08 0.0
27.09 0.0
27.1 0.0
27.11 0.0
27.12 0.0
27.13 0.0
27.14 0.0
27.15 0.0
27.16 0.0
27.17 0.0
27.18 0.0
27.19 0.0
27.2 0.0
27.21 0.0
27.22 0.0
27.23 0.0
27.24 0.0
27.25 0.0
27.26 0.0
27.27 0.0
27.28 0.0
27.29 0.0
27.3 0.0
27.31 0.0
27.32 0.0
27.33 0.0
27.34 0.0
27.35 0.0
27.36 0.0
27.37 0.0
27.38 0.0
27.39 0.0
27.4 0.0
27.41 0.0
27.42 0.0
27.43 0.0
27.44 84.46
27.45 0.0
27.46 0.0
27.47 55.47
27.48 0.0
27.49 0.0
27.5 0.0
27.51 177.79
27.52 171.8
27.53 169.58
27.54 168.97
27.55 170.4
27.56 172.01
27.57 173.02
27.58 173.89
27.59 174.4
27.6 170.84
27.61 162.07
27.62 171.95
27.63 177.66
27.64 179.39
27.65 181.59
27.66 183.08
27.67 184.11
27.68 184.72
27.69 185.55
27.7 186.69
27.71 187.83
27.72 188.91
27.73 189.97
27.74 190.98
27.75 192.21
27.76 194.07
27.77 196.35
27.78 199.03
27.79 201.99
27.8 205.05
27.81 208.3
27.82 211.4
27.83 214.7
27.84 216.67
27.85 217.77
27.86 218.36
27.87 218.05
27.88 217.85
27.89 218.18
27.9 219.08
27.91 220.75
27.92 223.05
27.93 225.42
27.94 228.11
27.95 230.71
27.96 233.08
27.97 234.68
27.98 235.5
27.99 236.5
28.0 237.22
28.01 237.23
28.02 236.93
28.03 236.58
28.04 236.57
28.05 237.25
28.06 237.87
28.07 238.59
28.08 239.12
28.09 239.46
28.1 239.89
28.11 240.32
28.12 241.02
28.13 241.74
28.14 241.99
28.15 241.34
28.16 240.56
28.17 239.64
28.18 238.7
28.19 238.5
28.2 238.45
28.21 238.39
28.22 238.96
28.23 239.62
28.24 240.02
28.25 240.75
28.26 241.01
28.27 240.94
28.28 240.69
28.29 240.54
28.3 240.67
28.31 240.73
28.32 240.72
28.33 240.86
28.34 241.23
28.35 241.76
28.36 242.48
28.37 243.18
28.38 243.59
28.39 243.77
28.4 243.62
28.41 242.93
28.42 241.84
28.43 240.68
28.44 240.0
28.45 239.73
28.46 239.69
28.47 240.35
28.48 241.44
28.49 242.59
28.5 243.77
28.51 245.25
28.52 246.72
28.53 246.82
28.54 245.89
28.55 244.57
28.56 243.23
28.57 241.88
28.58 240.63
28.59 239.86
28.6 239.98
28.61 240.69
28.62 241.84
28.63 243.41
28.64 245.17
28.65 246.03
28.66 246.12
28.67 245.41
28.68 244.33
28.69 243.64
28.7 243.04
28.71 242.26
28.72 242.11
28.73 242.53
28.74 243.02
28.75 244.1
28.76 245.79
28.77 246.98
28.78 247.54
28.79 247.89
28.8 247.77
28.81 246.77
28.82 245.18
28.83 243.82
28.84 242.5
28.85 241.88
28.86 241.36
28.87 240.98
28.88 240.34
28.89 238.77
28.9 236.89
28.91 234.36
28.92 236.69
28.93 234.67
28.94 222.34
28.95 203.6
28.96 178.95
28.97 160.27
28.98 149.46
28.99 137.67
29.0 0.0
29.01 0.0
29.02 0.0
29.03 0.0
29.04 0.0
29.05 0.0
29.06 0.0
29.07 1507.96
29.08 1439.42
29.09 790.51
29.1 70.55
29.11 1410.53
29.12 318.44
29.13 0.0
29.14 381.22
29.15 314.08
29.16 275.89
29.17 251.56
29.18 247.39
29.19 247.0
29.2 245.76
29.21 244.16
29.22 243.05
29.23 243.23
29.24 244.65
29.25 245.58
29.26 246.32
29.27 246.47
29.28 245.67
29.29 244.48
29.3 243.37
29.31 243.02
29.32 242.66
29.33 242.15
29.34 241.72
29.35 241.33
29.36 241.53
29.37 241.89
29.38 242.26
29.39 242.65
29.4 242.93
29.41 242.8
29.42 242.07
29.43 241.31
29.44 240.91
29.45 240.55
29.46 240.67
29.47 241.16
29.48 242.07
29.49 243.25
29.5 244.13
29.51 244.69
29.52 245.02
29.53 244.68
29.54 243.98
29.55 243.28
29.56 242.87
29.57 242.34
29.58 241.68
29.59 240.74
29.6 239.39
29.61 238.99
29.62 240.15
29.63 242.96
29.64 244.99
29.65 246.3
29.66 249.26
29.67 252.6
29.68 253.98
29.69 250.85
29.7 123.23
29.71 246.63
29.72 246.47
29.73 245.99
29.74 245.44
29.75 244.24
29.76 243.27
29.77 242.48
29.78 241.9
29.79 241.67
29.8 241.17
29.81 238.81
29.82 229.43
29.83 224.51
29.84 219.86
29.85 212.08
29.86 198.38
29.87 178.45
29.88 174.41
29.89 171.54
29.9 166.86
29.91 162.41
29.92 287.78
29.93 0.0
29.94 0.0
29.95 0.0
29.96 75.2
29.97 0.0
29.98 306.65
29.99 305.26
30.0 283.82
30.01 249.71
30.02 246.79
30.03 250.56
30.04 252.95
30.05 251.83
30.06 249.76
30.07 249.25
30.08 248.73
30.09 247.92
30.1 247.57
30.11 247.76
30.12 247.92
30.13 247.71
30.14 244.95
30.15 241.52
30.16 242.63
30.17 242.73
30.18 241.86
30.19 241.66
30.2 243.01
30.21 243.56
30.22 240.71
30.23 232.85
30.24 227.49
30.25 226.6
30.26 229.99
30.27 249.93
30.28 291.87
30.29 318.75
30.3 330.82
30.31 338.02
30.32 340.56
30.33 334.35
30.34 326.43
30.35 318.16
30.36 304.8
30.37 273.13
30.38 288.42
30.39 298.96
30.4 274.87
30.41 271.07
30.42 270.48
30.43 272.04
30.44 274.45
30.45 276.65
30.46 278.28
30.47 279.82
30.48 280.92
30.49 281.19
30.5 280.35
30.51 279.09
30.52 278.13
30.53 277.57
30.54 276.82
30.55 276.13
30.56 275.52
30.57 275.11
30.58 275.1
30.59 275.12
30.6 275.16
30.61 274.88
30.62 273.42
30.63 271.54
30.64 269.65
30.65 266.45
30.66 261.85
30.67 262.84
30.68 275.44
30.69 257.53
30.7 245.47
30.71 235.83
30.72 219.77
30.73 223.88
30.74 0.0
30.75 0.0
30.76 0.0
30.77 0.0
30.78 300.35
30.79 278.41
30.8 264.15
30.81 245.74
30.82 230.7
30.83 224.11
30.84 221.18
30.85 220.34
30.86 221.58
30.87 222.56
30.88 222.51
30.89 222.49
30.9 223.19
30.91 223.77
30.92 224.75
30.93 225.03
30.94 223.87
30.95 222.36
30.96 220.89
30.97 219.42
30.98 218.35
30.99 218.05
31.0 218.8
31.01 219.83
31.02 221.12
31.03 222.67
31.04 224.22
31.05 225.22
31.06 225.9
31.07 225.86
31.08 225.46
31.09 225.27
31.1 225.08
31.11 224.53
31.12 223.63
31.13 222.85
31.14 222.25
31.15 222.13
31.16 222.0
31.17 222.3
31.18 223.3
31.19 224.21
31.2 224.9
31.21 225.56
31.22 225.89
31.23 225.79
31.24 225.43
31.25 225.07
31.26 224.69
31.27 224.04
31.28 223.25
31.29 222.67
31.3 222.71
31.31 222.86
31.32 222.73
31.33 223.1
31.34 224.12
31.35 224.65
31.36 224.77
31.37 224.57
31.38 224.59
31.39 224.48
31.4 223.93
31.41 223.72
31.42 223.62
31.43 223.64
31.44 223.54
31.45 223.49
31.46 223.9
31.47 224.67
31.48 225.22
31.49 225.36
31.5 225.68
31.51 226.07
31.52 225.93
31.53 225.23
31.54 224.47
31.55 223.69
31.56 222.18
31.57 218.49
31.58 215.09
31.59 208.97
31.6 201.35
31.61 189.65
31.62 172.01
31.63 157.03
31.64 146.93
31.65 140.63
31.66 0.0
31.67 0.0
31.68 0.0
31.69 0.0
31.7 0.0
31.71 0.0
31.72 0.0
31.73 0.0
31.74 0.0
31.75 0.0
31.76 0.0
31.77 0.0
31.78 0.0
31.79 0.0
31.8 456.36
31.81 0.0
31.82 63.53
31.83 376.33
31.84 208.6
31.85 0.0
31.86 0.0
31.87 0.0
31.88 0.0
31.89 0.0
31.9 0.0
31.91 0.0
31.92 0.0
31.93 0.0
31.94 0.0
31.95 0.0
31.96 0.0
31.97 0.0
31.98 0.0
31.99 0.0
32.0 0.0
32.01 0.0
32.02 0.0
32.03 0.0
32.04 0.0
32.05 0.0
32.06 0.0
32.07 0.0
32.08 0.0
32.09 71.46
32.1 0.0
32.11 0.0
32.12 0.0
32.13 0.0
32.14 218.56
32.15 215.64
32.16 218.65
32.17 183.48
32.18 176.49
32.19 174.81
32.2 174.05
32.21 174.9
32.22 178.01
32.23 181.69
32.24 185.95
32.25 190.09
32.26 192.76
32.27 194.1
32.28 195.04
32.29 195.66
32.3 195.91
32.31 196.49
32.32 197.43
32.33 198.7
32.34 200.29
32.35 202.1
32.36 203.8
32.37 204.67
32.38 203.57
32.39 199.85
32.4 385.53
32.41 186.03
32.42 180.81
32.43 174.04
32.44 168.27
32.45 170.48
32.46 180.21
32.47 188.37
32.48 193.91
32.49 196.78
32.5 395.06
32.51 393.59
32.52 395.86
32.53 396.5
32.54 392.14
32.55 191.57
32.56 188.35
32.57 192.27
32.58 194.54
32.59 196.49
32.6 197.51
32.61 198.83
32.62 199.39
32.63 199.11
32.64 198.62
32.65 198.84
32.66 199.61
32.67 200.67
32.68 202.04
32.69 203.38
32.7 204.35
32.71 205.07
32.72 205.5
32.73 205.46
32.74 205.02
32.75 204.36
32.76 203.87
32.77 203.56
32.78 203.35
32.79 203.44
32.8 203.65
32.81 203.95
32.82 204.26
32.83 204.79
32.84 205.72
32.85 206.25
32.86 206.06
32.87 205.53
32.88 204.79
32.89 204.09
32.9 203.59
32.91 203.15
32.92 202.59
32.93 202.03
32.94 201.68
32.95 201.68
32.96 201.95
32.97 197.67
32.98 191.79
32.99 192.69
33.0 200.25
33.01 198.85
33.02 198.19
33.03 201.43
33.04 201.3
33.05 201.06
33.06 201.24
33.07 201.28
33.08 201.84
33.09 201.9
33.1 201.53
33.11 201.47
33.12 201.51
33.13 201.37
33.14 201.15
33.15 201.51
33.16 202.06
33.17 202.22
33.18 201.77
33.19 200.82
33.2 199.9
33.21 199.16
33.22 198.79
33.23 198.67
33.24 195.92
33.25 192.68
33.26 188.7
33.27 182.93
33.28 176.58
33.29 169.07
33.3 163.61
33.31 165.47
33.32 186.61
33.33 204.61
33.34 211.33
33.35 215.3
33.36 213.29
33.37 210.39
33.38 207.41
33.39 204.41
33.4 201.6
33.41 198.35
33.42 196.23
33.43 196.64
33.44 196.73
33.45 196.87
33.46 197.35
33.47 198.14
33.48 199.11
33.49 199.64
33.5 199.46
33.51 198.78
33.52 197.88
33.53 196.95
33.54 196.15
33.55 195.79
33.56 195.7
33.57 195.38
33.58 194.39
33.59 193.08
33.6 194.69
33.61 104.43
33.62 206.32
33.63 198.65
33.64 189.29
33.65 176.45
33.66 159.48
33.67 144.96
33.68 135.9
33.69 0.0
33.7 0.0
33.71 0.0
33.72 0.0
33.73 0.0
33.74 0.0
33.75 244.66
33.76 231.87
33.77 232.2
33.78 240.42
33.79 242.28
33.8 243.33
33.81 246.46
33.82 251.04
33.83 255.37
33.84 260.46
33.85 264.79
33.86 268.4
33.87 271.87
33.88 273.96
33.89 274.33
33.9 273.21
33.91 271.31
33.92 267.56
33.93 255.6
33.94 230.44
33.95 228.11
33.96 231.73
33.97 248.44
33.98 268.32
33.99 276.04
34.0 276.58
34.01 274.47
34.02 271.63
34.03 270.54
34.04 270.34
34.05 269.26
34.06 267.37
34.07 267.15
34.08 266.78
34.09 266.54
34.1 263.52
34.11 246.02
34.12 243.83
34.13 251.93
34.14 252.54
34.15 253.34
34.16 273.9
34.17 288.67
34.18 282.76
34.19 272.43
34.2 267.75
34.21 265.23
34.22 264.41
34.23 264.08
34.24 264.57
34.25 265.25
34.26 265.67
34.27 265.58
34.28 265.18
34.29 265.04
34.3 264.93
34.31 265.38
34.32 265.94
34.33 266.84
34.34 268.23
34.35 269.43
34.36 270.03
34.37 269.9
34.38 270.0
34.39 269.92
34.4 269.37
34.41 268.91
34.42 268.0
34.43 267.36
34.44 267.27
34.45 266.97
34.46 264.71
34.47 265.44
34.48 266.1
34.49 265.86
34.5 265.8
34.51 265.11
34.52 263.75
34.53 272.22
34.54 283.89
34.55 282.8
34.56 275.47
34.57 273.33
34.58 270.83
34.59 269.31
34.6 268.26
34.61 267.39
34.62 266.72
34.63 266.52
34.64 266.43
34.65 266.72
34.66 267.45
34.67 267.42
34.68 267.29
34.69 267.69
34.7 267.92
34.71 268.62
34.72 269.88
34.73 269.3
34.74 261.75
34.75 242.1
34.76 219.97
34.77 203.78
34.78 185.38
34.79 170.95
34.8 167.5
34.81 161.33
34.82 0.0
34.83 0.0
34.84 0.0
34.85 0.0
34.86 0.0
34.87 0.0
34.88 419.6
34.89 387.55
34.9 391.66
34.91 397.98
34.92 340.07
34.93 294.23
34.94 282.15
34.95 260.67
34.96 245.22
34.97 239.08
34.98 237.1
34.99 237.2
35.0 237.53
35.01 237.07
35.02 235.62
35.03 234.35
35.04 233.91
35.05 233.82
35.06 233.41
35.07 232.39
35.08 231.66
35.09 231.81
35.1 232.27
35.11 232.8
35.12 233.66
35.13 234.71
35.14 236.18
35.15 237.41
35.16 238.24
35.17 239.32
35.18 240.13
35.19 240.08
35.2 239.38
35.21 237.8
35.22 235.8
35.23 234.37
35.24 233.2
35.25 232.52
35.26 232.4
35.27 232.5
35.28 232.56
35.29 232.87
35.3 233.41
35.31 234.46
35.32 235.82
35.33 236.85
35.34 237.67
35.35 238.19
35.36 238.71
35.37 239.26
35.38 239.25
35.39 238.48
35.4 237.85
35.41 237.41
35.42 236.9
35.43 236.65
35.44 236.53
35.45 236.49
35.46 236.57
35.47 236.85
35.48 237.38
35.49 237.48
35.5 237.38
35.51 237.61
35.52 237.55
35.53 237.11
35.54 236.87
35.55 236.83
35.56 236.56
35.57 237.05
35.58 238.16
35.59 238.57
35.6 239.13
35.61 239.78
35.62 239.85
35.63 239.54
35.64 239.31
35.65 239.56
35.66 239.84
35.67 239.64
35.68 239.58
35.69 239.85
35.7 239.64
35.71 239.27
35.72 239.35
35.73 239.38
35.74 239.18
35.75 239.29
35.76 239.54
35.77 239.5
35.78 239.13
35.79 238.59
35.8 238.38
35.81 238.85
35.82 239.22
35.83 239.06
35.84 239.01
35.85 238.7
35.86 237.79
35.87 237.29
35.88 237.02
35.89 237.16
35.9 237.64
35.91 237.87
35.92 238.05
35.93 238.38
35.94 238.52
35.95 238.12
35.96 237.31
35.97 236.38
35.98 235.97
35.99 236.17
36.0 236.75
36.01 237.41
36.02 238.44
36.03 239.83
36.04 240.88
36.05 238.44
36.06 222.3
36.07 221.04
36.08 226.89
36.09 224.96
36.1 216.89
36.11 201.78
36.12 171.26
36.13 140.39
36.14 285.75
36.15 0.0
36.16 0.0
36.17 0.0
36.18 0.0
36.19 0.0
36.2 0.0
36.21 0.0
36.22 0.0
36.23 0.0
36.24 0.0
36.25 92.71
36.26 68.5
36.27 0.0
36.28 0.0
36.29 64.31
36.3 64.58
36.31 345.74
36.32 334.04
36.33 332.48
36.34 116.57
36.35 65.35
36.36 62.8
36.37 0.0
36.38 0.0
36.39 0.0
36.4 0.0
36.41 0.0
36.42 0.0
36.43 0.0
36.44 0.0
36.45 293.4
36.46 265.96
36.47 262.3
36.48 262.58
36.49 72.43
36.5 71.18
36.51 194.33
36.52 175.74
36.53 177.34
36.54 179.49
36.55 180.71
36.56 182.03
36.57 184.93
36.58 187.31
36.59 188.15
36.6 187.97
36.61 187.93
36.62 189.41
36.63 192.41
36.64 196.58
36.65 202.11
36.66 207.84
36.67 210.16
36.68 212.73
36.69 215.26
36.7 217.08
36.71 218.66
36.72 220.09
36.73 220.79
36.74 221.25
36.75 222.22
36.76 223.86
36.77 225.83
36.78 227.3
36.79 229.1
36.8 230.88
36.81 232.3
36.82 233.1
36.83 233.25
36.84 232.8
36.85 232.69
36.86 233.08
36.87 233.21
36.88 233.17
36.89 233.7
36.9 234.49
36.91 234.82
36.92 234.89
36.93 235.01
36.94 235.19
36.95 235.24
36.96 235.2
36.97 235.2
36.98 235.43
36.99 235.55
37.0 235.67
37.01 236.41
37.02 237.36
37.03 237.66
37.04 237.46
37.05 237.52
37.06 238.22
37.07 239.19
37.08 239.8
37.09 239.55
37.1 239.2
37.11 239.03
37.12 238.5
37.13 237.71
37.14 237.0
37.15 236.59
37.16 236.63
37.17 236.61
37.18 235.04
37.19 232.4
37.2 230.17
37.21 232.08
37.22 234.05
37.23 236.11
37.24 237.2
37.25 237.3
37.26 236.62
37.27 235.95
37.28 235.85
37.29 236.14
37.3 236.79
37.31 238.12
37.32 238.83
37.33 238.01
37.34 240.63
37.35 236.64
37.36 212.81
37.37 197.08
37.38 177.44
37.39 171.1
37.4 180.47
37.41 204.45
37.42 217.02
37.43 222.59
37.44 163.32
37.45 275.29
37.46 0.0
37.47 320.29
37.48 294.52
37.49 338.94
37.5 317.98
37.51 307.43
37.52 281.23
37.53 256.7
37.54 245.9
37.55 239.77
37.56 236.22
37.57 238.47
37.58 237.29
37.59 231.6
37.6 231.41
37.61 233.61
37.62 235.27
37.63 236.07
37.64 236.28
37.65 236.12
37.66 235.39
37.67 234.88
37.68 234.85
37.69 235.16
37.7 235.51
37.71 235.6
37.72 235.38
37.73 235.3
37.74 235.56
37.75 236.32
37.76 237.21
37.77 237.91
37.78 238.44
37.79 238.98
37.8 239.47
37.81 239.8
37.82 240.02
37.83 240.27
37.84 240.54
37.85 240.29
37.86 239.55
37.87 238.78
37.88 237.9
37.89 237.22
37.9 236.7
37.91 236.39
37.92 236.83
37.93 237.76
37.94 238.65
37.95 239.36
37.96 239.28
37.97 238.65
37.98 237.94
37.99 237.15
38.0 236.44
38.01 236.35
38.02 236.91
38.03 238.13
38.04 239.93
38.05 241.84
38.06 242.37
38.07 240.6
38.08 241.51
38.09 242.06
38.1 242.53
38.11 243.48
38.12 245.88
38.13 248.31
38.14 242.7
38.15 240.4
38.16 238.47
38.17 237.09
38.18 236.61
38.19 236.91
38.2 237.77
38.21 238.56
38.22 239.24
38.23 239.78
38.24 239.21
38.25 237.99
38.26 236.97
38.27 236.25
38.28 236.08
38.29 236.37
38.3 236.89
38.31 237.87
38.32 239.28
38.33 240.91
38.34 241.72
38.35 240.8
38.36 238.38
38.37 235.85
38.38 232.68
38.39 228.5
38.4 224.05
38.41 215.9
38.42 205.75
38.43 197.5
38.44 191.73
38.45 189.34
38.46 189.92
38.47 192.72
38.48 197.41
38.49 203.84
38.5 210.39
38.51 216.52
38.52 222.47
38.53 227.46
38.54 232.14
38.55 235.92
38.56 237.94
38.57 238.06
38.58 237.4
38.59 236.43
38.6 235.15
38.61 233.84
38.62 232.67
38.63 231.98
38.64 232.39
38.65 233.37
38.66 234.33
38.67 235.42
38.68 236.66
38.69 237.65
38.7 237.7
38.71 237.52
38.72 237.37
38.73 236.97
38.74 236.34
38.75 235.96
38.76 236.12
38.77 236.76
38.78 238.08
38.79 239.76
38.8 240.86
38.81 240.64
38.82 240.12
38.83 239.89
38.84 239.78
38.85 239.08
38.86 237.8
38.87 236.91
38.88 236.9
38.89 237.02
38.9 237.31
38.91 238.03
38.92 239.32
38.93 240.39
38.94 239.82
38.95 234.2
38.96 77.02
38.97 232.32
38.98 228.26
38.99 225.32
39.0 222.59
39.01 223.96
39.02 235.26
39.03 245.72
39.04 238.23
39.05 237.75
39.06 237.63
39.07 238.06
39.08 237.66
39.09 237.52
39.1 237.1
39.11 236.57
39.12 236.16
39.13 235.09
39.14 234.68
39.15 235.04
39.16 235.5
39.17 235.6
39.18 233.21
39.19 216.69
39.2 207.89
39.21 208.67
39.22 210.34
39.23 229.39
39.24 261.76
39.25 266.49
39.26 250.83
39.27 253.35
39.28 254.95
39.29 245.68
39.3 119.46
39.31 237.82
39.32 236.74
39.33 236.11
39.34 235.93
39.35 236.23
39.36 236.47
39.37 236.59
39.38 236.49
39.39 236.33
39.4 236.68
39.41 237.35
39.42 238.02
39.43 238.59
39.44 238.59
39.45 237.98
39.46 237.1
39.47 236.1
39.48 236.01
39.49 236.82
39.5 236.1
39.51 235.21
39.52 234.41
39.53 217.26
39.54 197.07
39.55 180.41
39.56 168.87
39.57 172.21
39.58 0.0
39.59 0.0
39.6 0.0
39.61 0.0
39.62 0.0
39.63 304.5
39.64 348.38
39.65 359.32
39.66 340.56
39.67 250.92
39.68 245.92
39.69 247.38
39.7 247.67
39.71 243.32
39.72 238.98
39.73 237.86
39.74 237.42
39.75 237.12
39.76 236.84
39.77 236.97
39.78 236.98
39.79 236.18
39.8 235.25
39.81 234.6
39.82 234.26
39.83 234.67
39.84 235.56
39.85 237.6
39.86 240.96
39.87 242.65
39.88 238.89
39.89 226.1
39.9 220.56
39.91 210.63
39.92 200.49
39.93 197.24
39.94 202.32
39.95 215.91
39.96 228.5
39.97 332.26
39.98 333.16
39.99 275.18
40.0 260.71
40.01 254.7
40.02 251.21
40.03 247.93
40.04 244.76
40.05 241.15
40.06 230.81
40.07 231.61
40.08 236.76
40.09 235.53
40.1 236.03
40.11 240.45
40.12 242.51
40.13 239.95
40.14 237.96
40.15 237.24
40.16 235.7
40.17 234.28
40.18 233.33
40.19 232.66
40.2 232.91
40.21 233.97
40.22 235.07
40.23 235.87
40.24 236.43
40.25 236.7
40.26 236.52
40.27 236.43
40.28 236.67
40.29 237.13
40.3 237.5
40.31 237.62
40.32 237.78
40.33 237.86
40.34 237.94
40.35 238.49
40.36 238.95
40.37 239.14
40.38 239.25
40.39 238.87
40.4 237.54
40.41 228.84
40.42 216.81
40.43 216.24
40.44 211.88
40.45 203.82
40.46 188.41
40.47 161.15
40.48 145.97
40.49 130.0
40.5 0.0
40.51 0.0
40.52 0.0
40.53 0.0
40.54 0.0
40.55 71.91
40.56 71.41
40.57 70.31
40.58 297.07
40.59 0.0
40.6 93.97
40.61 89.95
40.62 0.0
40.63 0.0
40.64 0.0
40.65 0.0
40.66 62.17
40.67 0.0
40.68 0.0
40.69 0.0
40.7 0.0
40.71 0.0
40.72 0.0
40.73 0.0
40.74 0.0
40.75 0.0
40.76 0.0
40.77 0.0
40.78 0.0
40.79 218.06
40.8 235.42
40.81 127.02
40.82 66.82
40.83 66.85
40.84 134.28
40.85 138.67
40.86 144.56
40.87 153.87
40.88 161.02
40.89 167.76
40.9 173.1
40.91 178.53
40.92 183.42
40.93 186.87
40.94 189.51
40.95 190.66
40.96 190.89
40.97 191.43
40.98 193.46
40.99 196.33
41.0 198.91
41.01 201.29
41.02 204.1
41.03 207.78
41.04 212.14
41.05 216.41
41.06 220.08
41.07 223.35
41.08 225.66
41.09 227.58
41.1 228.78
41.11 229.27
41.12 229.69
41.13 230.59
41.14 231.81
41.15 233.17
41.16 234.32
41.17 235.36
41.18 236.27
41.19 236.73
41.2 236.84
41.21 236.66
41.22 236.43
41.23 236.39
41.24 236.65
41.25 237.1
41.26 237.59
41.27 238.19
41.28 238.81
41.29 239.1
41.3 238.92
41.31 238.52
41.32 238.08
41.33 237.5
41.34 237.23
41.35 237.33
41.36 237.64
41.37 238.24
41.38 238.92
41.39 239.53
41.4 239.48
41.41 238.93
41.42 238.07
41.43 237.31
41.44 237.35
41.45 238.11
41.46 238.84
41.47 239.55
41.48 240.07
41.49 240.57
41.5 241.19
41.51 241.66
41.52 241.64
41.53 240.43
41.54 238.3
41.55 229.39
41.56 216.6
41.57 214.33
41.58 213.24
41.59 210.96
41.6 208.8
41.61 207.52
41.62 207.57
41.63 212.25
41.64 235.44
41.65 251.69
41.66 245.37
41.67 240.62
41.68 239.23
41.69 238.24
41.7 238.09
41.71 239.04
41.72 241.03
41.73 239.93
41.74 232.41
41.75 215.66
41.76 199.42
41.77 184.34
41.78 173.17
41.79 167.39
41.8 161.03
41.81 161.1
41.82 1205.13
41.83 1072.72
41.84 253.82
41.85 261.61
41.86 246.62
41.87 242.72
41.88 247.69
41.89 249.04
41.9 245.06
41.91 239.5
41.92 234.9
41.93 233.88
41.94 234.83
41.95 235.29
41.96 236.57
41.97 238.35
41.98 239.31
41.99 240.18
42.0 240.61
42.01 240.79
42.02 240.99
42.03 240.7
42.04 240.64
42.05 240.43
42.06 239.63
42.07 239.25
42.08 239.3
42.09 239.98
42.1 240.56
42.11 240.54
42.12 240.34
42.13 239.95
42.14 239.69
42.15 239.3
42.16 238.74
42.17 238.97
42.18 238.93
42.19 238.78
42.2 239.02
42.21 239.45
42.22 240.75
42.23 242.59
42.24 246.36
42.25 248.59
42.26 244.89
42.27 250.14
42.28 257.37
42.29 266.33
42.3 278.54
42.31 282.08
42.32 277.97
42.33 275.31
42.34 271.47
42.35 267.19
42.36 264.47
42.37 262.74
42.38 261.19
42.39 259.91
42.4 259.34
42.41 259.89
42.42 261.17
42.43 262.75
42.44 263.69
42.45 264.09
42.46 264.35
42.47 264.9
42.48 265.21
42.49 265.16
42.5 264.62
42.51 263.49
42.52 261.94
42.53 260.75
42.54 259.88
42.55 259.53
42.56 259.83
42.57 260.42
42.58 260.8
42.59 261.5
42.6 262.34
42.61 262.99
42.62 263.63
42.63 263.97
42.64 264.11
42.65 264.05
42.66 263.47
42.67 262.42
42.68 261.25
42.69 259.62
42.7 256.4
42.71 251.94
42.72 245.63
42.73 238.82
42.74 233.0
42.75 229.85
42.76 228.62
42.77 229.25
42.78 231.59
42.79 235.21
42.8 239.0
42.81 240.54
42.82 240.2
42.83 238.95
42.84 237.52
42.85 235.98
42.86 234.07
42.87 232.1
42.88 230.55
42.89 229.75
42.9 229.93
42.91 231.28
42.92 233.45
42.93 235.36
42.94 236.59
42.95 237.86
42.96 239.82
42.97 241.71
42.98 242.75
42.99 243.6
43.0 244.7
43.01 245.23
43.02 243.35
43.03 239.01
43.04 229.09
43.05 214.73
43.06 202.68
43.07 182.09
43.08 172.67
43.09 218.96
43.1 72.78
43.11 299.86
43.12 317.52
43.13 305.34
43.14 259.06
43.15 235.25
43.16 230.02
43.17 225.1
43.18 221.37
43.19 217.6
43.2 214.33
43.21 212.98
43.22 213.75
43.23 215.43
43.24 217.34
43.25 217.76
43.26 216.51
43.27 214.41
43.28 213.43
43.29 214.28
43.3 209.27
43.31 193.22
43.32 179.37
43.33 163.79
43.34 140.98
43.35 128.25
43.36 0.0
43.37 0.0
43.38 0.0
43.39 59.87
43.4 65.14
43.41 802.67
43.42 634.7
43.43 0.0
43.44 0.0
43.45 0.0
43.46 0.0
43.47 0.0
43.48 0.0
43.49 0.0
43.5 61.4
43.51 0.0
43.52 65.55
43.53 69.58
43.54 0.0
43.55 0.0
43.56 0.0
43.57 0.0
43.58 0.0
43.59 0.0
43.6 0.0
43.61 0.0
43.62 0.0
43.63 0.0
43.64 0.0
43.65 0.0
43.66 342.61
43.67 135.13
43.68 153.08
43.69 188.48
43.7 233.47
43.71 274.3
43.72 264.49
43.73 226.78
43.74 218.2
43.75 218.03
43.76 217.62
43.77 217.38
43.78 217.82
43.79 219.02
43.8 220.9
43.81 223.48
43.82 226.56
43.83 228.89
43.84 230.71
43.85 232.8
43.86 235.01
43.87 236.98
43.88 239.33
43.89 241.87
43.9 244.05
43.91 246.28
43.92 248.66
43.93 249.87
43.94 250.68
43.95 251.12
43.96 251.29
43.97 252.06
43.98 253.54
43.99 254.84
44.0 256.6
44.01 257.82
44.02 258.93
44.03 259.66
44.04 260.23
44.05 260.1
44.06 259.79
44.07 259.58
44.08 259.3
44.09 259.46
44.1 260.72
44.11 261.71
44.12 261.78
44.13 262.04
44.14 262.94
44.15 264.22
44.16 264.73
44.17 265.03
44.18 265.86
44.19 266.03
44.2 265.63
44.21 264.92
44.22 263.86
44.23 262.71
44.24 262.39
44.25 262.67
44.26 262.67
44.27 262.51
44.28 262.65
44.29 263.03
44.3 263.81
44.31 264.72
44.32 265.06
44.33 265.12
44.34 264.67
44.35 263.61
44.36 262.72
44.37 262.43
44.38 262.22
44.39 262.36
44.4 262.88
44.41 263.75
44.42 264.51
44.43 264.96
44.44 265.06
44.45 264.58
44.46 263.7
44.47 262.78
44.48 263.04
44.49 263.25
44.5 263.31
44.51 263.54
44.52 263.63
44.53 263.92
44.54 264.48
44.55 265.29
44.56 266.02
44.57 266.17
44.58 265.69
44.59 264.87
44.6 264.36
44.61 264.01
44.62 263.54
44.63 263.36
44.64 263.4
44.65 263.63
44.66 264.11
44.67 264.7
44.68 265.37
44.69 266.18
44.7 266.46
44.71 266.24
44.72 265.84
44.73 265.31
44.74 264.8
44.75 264.38
44.76 264.06
44.77 263.99
44.78 264.1
44.79 264.39
44.8 264.68
44.81 265.0
44.82 265.66
44.83 266.67
44.84 267.58
44.85 268.48
44.86 269.09
44.87 268.48
44.88 267.14
44.89 265.69
44.9 264.62
44.91 263.99
44.92 264.07
44.93 264.6
44.94 264.77
44.95 264.93
44.96 265.33
44.97 265.48
44.98 264.95
44.99 264.56
45.0 264.53
45.01 264.56
45.02 264.26
45.03 263.52
45.04 262.81
45.05 262.09
45.06 260.91
45.07 259.29
45.08 257.08
45.09 254.73
45.1 251.7
45.11 248.22
45.12 245.3
45.13 243.27
45.14 242.29
45.15 242.73
45.16 244.19
45.17 245.57
45.18 246.21
45.19 245.37
45.2 246.59
45.21 249.55
45.22 248.79
45.23 246.77
45.24 245.13
45.25 244.12
45.26 243.63
45.27 243.53
45.28 244.09
45.29 245.12
45.3 246.34
45.31 246.59
45.32 246.11
45.33 244.74
45.34 243.06
45.35 241.46
45.36 240.8
45.37 240.83
45.38 241.9
45.39 244.66
45.4 247.1
45.41 235.73
45.42 233.41
45.43 252.34
45.44 271.04
45.45 265.03
45.46 266.35
45.47 262.74
45.48 257.26
45.49 254.13
45.5 252.99
45.51 251.69
45.52 248.59
45.53 240.9
45.54 236.13
45.55 234.23
45.56 234.75
45.57 236.83
45.58 239.47
45.59 240.85
45.6 241.92
45.61 243.09
45.62 243.93
45.63 243.77
45.64 242.45
45.65 240.79
45.66 239.88
45.67 239.24
45.68 238.68
45.69 238.19
45.7 237.61
45.71 237.43
45.72 237.95
45.73 238.53
45.74 239.11
45.75 240.22
45.76 241.61
45.77 242.66
45.78 243.48
45.79 244.16
45.8 244.53
45.81 244.64
45.82 244.75
45.83 244.82
45.84 244.9
45.85 244.5
45.86 244.05
45.87 243.74
45.88 243.56
45.89 243.53
45.9 242.61
45.91 241.77
45.92 241.36
45.93 240.98
45.94 240.44
45.95 239.79
45.96 239.62
45.97 239.65
45.98 239.47
45.99 239.56
46.0 239.89
46.01 240.22
46.02 240.78
46.03 240.96
46.04 241.34
46.05 242.07
46.06 242.82
46.07 243.79
46.08 244.24
46.09 244.87
46.1 245.23
46.11 245.06
46.12 244.34
46.13 243.41
46.14 242.95
46.15 242.46
46.16 241.52
46.17 240.58
46.18 239.71
46.19 239.42
46.2 239.66
46.21 240.35
46.22 241.31
46.23 242.13
46.24 242.59
46.25 242.98
46.26 243.02
46.27 243.06
46.28 243.08
46.29 242.52
46.3 241.57
46.31 240.66
46.32 239.79
46.33 239.23
46.34 239.1
46.35 239.52
46.36 240.46
46.37 241.6
46.38 242.88
46.39 243.37
46.4 243.43
46.41 242.63
46.42 241.29
46.43 240.3
46.44 239.32
46.45 237.89
46.46 237.07
46.47 237.13
46.48 237.97
46.49 239.03
46.5 240.71
46.51 243.72
46.52 246.74
46.53 249.04
46.54 246.38
46.55 229.33
46.56 235.9
46.57 245.36
46.58 256.58
46.59 262.9
46.6 266.31
46.61 265.6
46.62 263.18
46.63 263.63
46.64 281.63
46.65 281.58
46.66 272.55
46.67 267.66
46.68 264.58
46.69 263.58
46.7 262.62
46.71 262.32
46.72 262.21
46.73 262.12
46.74 262.78
46.75 263.29
46.76 263.96
46.77 265.45
46.78 266.62
46.79 263.08
46.8 249.36
46.81 216.36
46.82 190.61
46.83 168.79
46.84 145.46
46.85 0.0
46.86 0.0
46.87 0.0
46.88 0.0
46.89 0.0
46.9 0.0
46.91 0.0
46.92 0.0
46.93 0.0
46.94 0.0
46.95 0.0
46.96 0.0
46.97 0.0
46.98 0.0
46.99 0.0
47.0 0.0
47.01 0.0
47.02 0.0
47.03 0.0
47.04 0.0
47.05 264.45
47.06 282.09
47.07 273.89
47.08 254.48
47.09 240.82
47.1 232.65
47.11 229.45
47.12 227.68
47.13 226.48
47.14 225.2
47.15 225.42
47.16 226.75
47.17 225.92
47.18 224.75
47.19 225.75
47.2 227.92
47.21 230.38
47.22 231.74
47.23 233.48
47.24 235.95
47.25 237.4
47.26 237.85
47.27 237.71
47.28 237.3
47.29 237.06
47.3 236.93
47.31 236.73
47.32 236.97
47.33 237.74
47.34 238.1
47.35 237.97
47.36 237.52
47.37 236.63
47.38 235.82
47.39 235.3
47.4 235.24
47.41 235.72
47.42 236.32
47.43 236.8
47.44 237.49
47.45 238.11
47.46 238.46
47.47 238.58
47.48 238.8
47.49 238.96
47.5 239.2
47.51 239.59
47.52 239.88
47.53 237.0
47.54 235.23
47.55 234.92
47.56 232.88
47.57 231.42
47.58 230.54
47.59 230.21
47.6 230.05
47.61 230.18
47.62 232.89
47.63 239.31
47.64 238.1
47.65 237.87
47.66 238.28
47.67 238.97
47.68 239.46
47.69 239.86
47.7 239.88
47.71 239.71
47.72 239.3
47.73 238.95
47.74 238.58
47.75 238.24
47.76 238.4
47.77 239.03
47.78 239.97
47.79 241.01
47.8 241.92
47.81 242.42
47.82 242.25
47.83 239.6
47.84 238.94
47.85 238.66
47.86 238.68
47.87 243.91
47.88 250.22
47.89 246.32
47.9 243.55
47.91 241.78
47.92 239.97
47.93 238.55
47.94 237.01
47.95 236.08
47.96 236.16
47.97 236.92
47.98 238.03
47.99 239.0
48.0 240.03
48.01 240.76
48.02 240.76
48.03 240.31
48.04 239.84
48.05 239.2
48.06 238.66
48.07 238.36
48.08 238.17
48.09 237.95
48.1 237.81
48.11 238.12
48.12 238.68
48.13 239.21
48.14 239.79
48.15 240.29
48.16 240.88
48.17 241.41
48.18 241.52
48.19 241.55
48.2 241.59
48.21 241.6
48.22 241.46
48.23 241.38
48.24 241.48
48.25 241.78
48.26 242.15
48.27 242.15
48.28 241.88
48.29 241.59
48.3 241.2
48.31 240.64
48.32 239.99
48.33 239.99
48.34 240.6
48.35 240.86
48.36 240.97
48.37 241.09
48.38 241.28
48.39 241.72
48.4 241.96
48.41 242.02
48.42 241.78
48.43 241.82
48.44 241.76
48.45 241.54
48.46 241.84
48.47 242.34
48.48 243.26
48.49 244.4
48.5 245.01
48.51 244.63
48.52 243.73
48.53 243.34
48.54 244.0
48.55 242.8
48.56 229.37
48.57 215.64
48.58 209.15
48.59 201.62
48.6 200.55
48.61 81.82
48.62 305.11
48.63 111.29
48.64 311.24
48.65 294.8
48.66 280.96
48.67 270.22
48.68 253.65
48.69 233.9
48.7 226.46
48.71 227.62
48.72 224.69
48.73 219.8
48.74 218.25
48.75 218.84
48.76 219.81
48.77 220.39
48.78 220.67
48.79 221.26
48.8 221.61
48.81 221.74
48.82 221.07
48.83 219.69
48.84 218.22
48.85 216.65
48.86 215.92
48.87 216.28
48.88 217.26
48.89 218.15
48.9 218.97
48.91 220.01
48.92 220.69
48.93 220.47
48.94 219.49
48.95 218.45
48.96 217.76
48.97 217.11
48.98 216.42
48.99 216.22
49.0 216.48
49.01 217.23
49.02 217.99
49.03 218.33
49.04 219.06
49.05 219.71
49.06 219.48
49.07 218.99
49.08 218.33
49.09 217.14
49.1 216.41
49.11 216.18
49.12 215.81
49.13 215.39
49.14 215.32
49.15 215.92
49.16 217.2
49.17 219.3
49.18 221.85
49.19 224.09
49.2 225.65
49.21 226.6
49.22 227.26
49.23 226.92
49.24 225.95
49.25 224.65
49.26 222.58
49.27 220.15
49.28 217.98
49.29 215.77
49.3 213.92
49.31 213.01
49.32 213.21
49.33 214.56
49.34 216.79
49.35 218.82
49.36 220.28
49.37 221.49
49.38 221.5
49.39 215.83
49.4 210.22
49.41 204.54
49.42 191.44
49.43 186.66
49.44 184.46
49.45 184.33
49.46 184.37
49.47 190.66
49.48 209.03
49.49 210.39
49.5 206.67
49.51 203.14
49.52 199.48
49.53 196.23
49.54 192.41
49.55 190.93
49.56 190.82
49.57 191.29
49.58 191.68
49.59 192.3
49.6 192.93
49.61 193.4
49.62 194.04
49.63 194.14
49.64 194.09
49.65 194.61
49.66 195.06
49.67 195.25
49.68 195.44
49.69 195.8
49.7 196.11
49.71 196.17
49.72 195.95
49.73 195.26
49.74 194.22
49.75 193.16
49.76 192.31
49.77 191.74
49.78 191.92
49.79 192.33
49.8 192.39
49.81 192.66
49.82 193.05
49.83 193.11
49.84 193.29
49.85 193.8
49.86 194.05
49.87 193.86
49.88 193.3
49.89 192.88
49.9 193.08
49.91 193.49
49.92 194.18
49.93 194.44
49.94 194.14
49.95 194.25
49.96 194.59
49.97 195.08
49.98 195.32
49.99 194.98
50.0 194.86
50.01 194.71
50.02 194.14
50.03 193.9
50.04 193.73
50.05 193.76
50.06 193.95
50.07 193.95
50.08 193.96
50.09 194.1
50.1 194.36
50.11 194.6
50.12 194.42
50.13 193.53
50.14 192.84
50.15 192.56
50.16 192.23
50.17 191.88
50.18 191.8
50.19 191.72
50.2 190.55
50.21 187.81
50.22 187.18
50.23 188.37
50.24 189.32
50.25 194.66
50.26 196.46
50.27 194.05
50.28 191.83
50.29 189.29
50.3 189.7
50.31 188.79
50.32 182.38
50.33 178.64
50.34 174.75
50.35 171.24
50.36 170.31
50.37 171.11
50.38 171.81
50.39 172.44
50.4 173.02
50.41 173.61
50.42 174.32
50.43 174.8
50.44 174.88
50.45 174.69
50.46 174.42
50.47 174.01
50.48 173.96
50.49 174.37
50.5 175.17
50.51 176.07
50.52 176.66
50.53 177.57
50.54 178.12
50.55 178.2
50.56 178.28
50.57 178.3
50.58 178.2
50.59 178.09
50.6 178.15
50.61 178.15
50.62 178.44
50.63 179.17
50.64 179.51
50.65 179.53
50.66 179.49
50.67 179.4
50.68 179.27
50.69 179.28
50.7 179.59
50.71 179.96
50.72 180.41
50.73 181.05
50.74 181.65
50.75 181.87
50.76 181.96
50.77 182.01
50.78 181.92
50.79 181.61
50.8 180.92
50.81 180.03
50.82 179.27
50.83 178.86
50.84 178.37
50.85 177.86
50.86 177.92
50.87 178.11
50.88 178.19
50.89 177.94
50.9 177.63
50.91 177.68
50.92 178.1
50.93 178.54
50.94 178.8
50.95 179.03
50.96 179.28
50.97 179.08
50.98 178.41
50.99 178.0
51.0 177.77
51.01 177.19
51.02 176.32
51.03 175.6
51.04 175.48
51.05 175.63
51.06 175.84
51.07 176.63
51.08 177.55
51.09 178.46
51.1 179.41
51.11 180.02
51.12 180.28
51.13 180.47
51.14 180.12
51.15 179.47
51.16 178.88
51.17 178.22
51.18 177.32
51.19 176.37
51.2 175.59
51.21 175.35
51.22 175.89
51.23 176.93
51.24 177.59
51.25 178.32
51.26 179.22
51.27 179.58
51.28 179.16
51.29 178.1
51.3 176.93
51.31 175.61
51.32 174.56
51.33 173.61
51.34 173.45
51.35 173.61
51.36 173.9
51.37 174.89
51.38 176.01
51.39 177.9
51.4 179.4
51.41 180.31
51.42 180.78
51.43 180.75
51.44 180.16
51.45 178.98
51.46 177.62
51.47 176.38
51.48 176.08
51.49 176.47
51.5 176.65
51.51 177.86
51.52 179.02
51.53 179.47
51.54 179.74
51.55 179.92
51.56 180.11
51.57 180.33
51.58 179.98
51.59 179.34
51.6 178.47
51.61 177.58
51.62 177.07
51.63 177.11
51.64 177.26
51.65 177.44
51.66 177.76
51.67 178.14
51.68 178.57
51.69 179.04
51.7 179.36
51.71 179.44
51.72 179.23
51.73 178.96
51.74 178.65
51.75 178.13
51.76 177.33
51.77 176.58
51.78 176.27
51.79 176.67
51.8 177.77
51.81 178.94
51.82 179.99
51.83 180.78
51.84 181.33
51.85 181.54
51.86 181.32
51.87 180.22
51.88 178.87
51.89 177.87
51.9 177.32
51.91 176.7
51.92 176.48
51.93 177.06
51.94 177.94
51.95 178.54
51.96 178.83
51.97 179.32
51.98 179.63
51.99 179.69
52.0 179.7
52.01 179.18
52.02 178.66
52.03 178.22
52.04 177.78
52.05 177.4
52.06 176.99
52.07 177.34
52.08 178.28
52.09 179.48
52.1 180.88
52.11 182.13
52.12 182.61
52.13 182.74
52.14 182.66
52.15 181.8
52.16 181.41
52.17 181.08
52.18 180.49
52.19 179.51
52.2 178.74
52.21 178.65
52.22 178.73
52.23 178.18
52.24 176.48
52.25 176.11
52.26 183.42
52.27 187.47
52.28 182.96
52.29 175.04
52.3 166.38
52.31 157.86
52.32 161.6
52.33 0.0
52.34 0.0
52.35 0.0
52.36 0.0
52.37 0.0
52.38 0.0
52.39 0.0
52.4 0.0
52.41 0.0
52.42 0.0
52.43 0.0
52.44 0.0
52.45 0.0
52.46 0.0
52.47 0.0
52.48 0.0
52.49 0.0
52.5 0.0
52.51 0.0
52.52 0.0
52.53 0.0
52.54 0.0
52.55 0.0
52.56 0.0
52.57 0.0
52.58 63.95
52.59 0.0
52.6 0.0
52.61 0.0
52.62 0.0
52.63 0.0
52.64 0.0
52.65 0.0
52.66 0.0
52.67 0.0
52.68 0.0
52.69 0.0
52.7 0.0
52.71 0.0
52.72 0.0
52.73 0.0
52.74 0.0
52.75 0.0
52.76 0.0
52.77 0.0
52.78 0.0
52.79 0.0
52.8 0.0
52.81 0.0
52.82 0.0
52.83 0.0
52.84 0.0
52.85 295.5
52.86 179.58
52.87 160.07
52.88 77.01
52.89 154.2
52.9 156.06
52.91 156.28
52.92 157.61
52.93 158.71
52.94 160.97
52.95 158.83
52.96 150.29
52.97 155.01
52.98 165.55
52.99 166.55
53.0 167.56
53.01 168.71
53.02 170.69
53.03 173.13
53.04 175.0
53.05 176.84
53.06 178.39
53.07 180.27
53.08 182.12
53.09 183.57
53.1 184.51
53.11 185.42
53.12 186.34
53.13 187.82
53.14 190.05
53.15 192.75
53.16 195.47
53.17 198.43
53.18 201.27
53.19 203.98
53.2 206.54
53.21 209.12
53.22 211.22
53.23 212.87
53.24 214.46
53.25 216.4
53.26 218.61
53.27 220.59
53.28 222.0
53.29 223.14
53.3 224.32
53.31 225.69
53.32 227.08
53.33 228.59
53.34 229.8
53.35 230.7
53.36 231.55
53.37 232.27
53.38 232.45
53.39 232.35
53.4 232.36
53.41 232.56
53.42 232.82
53.43 233.36
53.44 234.87
53.45 236.68
53.46 237.98
53.47 239.23
53.48 239.53
53.49 239.6
53.5 239.53
53.51 239.14
53.52 238.4
53.53 238.02
53.54 238.12
53.55 237.73
53.56 237.0
53.57 236.63
53.58 236.41
53.59 236.69
53.6 237.69
53.61 238.37
53.62 238.16
53.63 237.99
53.64 238.15
53.65 238.09
53.66 238.06
53.67 238.68
53.68 240.19
53.69 241.12
53.7 240.97
53.71 240.93
53.72 240.98
53.73 240.99
53.74 240.78
53.75 240.02
53.76 239.15
53.77 239.06
53.78 239.08
53.79 239.02
53.8 239.2
53.81 239.7
53.82 240.55
53.83 241.56
53.84 242.22
53.85 242.3
53.86 242.24
53.87 241.99
53.88 241.27
53.89 240.43
53.9 239.99
53.91 239.7
53.92 239.64
53.93 239.79
53.94 240.12
53.95 240.47
53.96 241.04
53.97 241.4
53.98 241.6
53.99 241.59
54.0 241.47
54.01 241.47
54.02 241.66
54.03 241.54
54.04 241.33
54.05 241.47
54.06 241.86
54.07 242.15
54.08 242.48
54.09 242.96
54.1 243.13
54.11 242.81
54.12 242.43
54.13 241.99
54.14 241.62
54.15 241.63
54.16 242.02
54.17 242.24
54.18 242.48
54.19 242.95
54.2 243.36
54.21 243.58
54.22 243.61
54.23 243.62
54.24 243.8
54.25 243.75
54.26 243.05
54.27 242.23
54.28 241.5
54.29 240.49
54.3 239.24
54.31 233.66
54.32 218.98
54.33 215.89
54.34 205.56
54.35 186.22
54.36 167.03
54.37 152.56
54.38 144.22
54.39 0.0
54.4 0.0
54.41 0.0
54.42 0.0
54.43 0.0
54.44 0.0
54.45 0.0
54.46 0.0
54.47 0.0
54.48 0.0
54.49 0.0
54.5 0.0
54.51 782.81
54.52 42.48
54.53 345.98
54.54 312.52
54.55 262.16
54.56 246.09
54.57 241.8
54.58 240.0
54.59 238.51
54.6 237.89
54.61 238.05
54.62 238.54
54.63 238.9
54.64 238.99
54.65 238.93
54.66 238.44
54.67 237.73
54.68 237.54
54.69 237.63
54.7 237.61
54.71 237.32
54.72 237.06
54.73 237.3
54.74 237.77
54.75 237.91
54.76 238.19
54.77 239.12
54.78 240.07
54.79 240.89
54.8 241.63
54.81 242.05
54.82 242.0
54.83 241.63
54.84 241.11
54.85 240.65
54.86 240.09
54.87 239.19
54.88 238.67
54.89 238.75
54.9 238.93
54.91 239.49
54.92 240.39
54.93 240.72
54.94 240.88
54.95 240.81
54.96 240.53
54.97 240.66
54.98 240.88
54.99 240.8
55.0 240.72
55.01 240.27
55.02 239.93
55.03 240.06
55.04 240.76
55.05 241.8
55.06 242.84
55.07 243.93
55.08 244.3
55.09 243.91
55.1 243.09
55.11 241.81
55.12 240.04
55.13 238.13
55.14 235.6
55.15 228.07
55.16 219.05
55.17 217.32
55.18 212.7
55.19 205.63
55.2 192.49
55.21 173.53
55.22 166.21
55.23 157.03
55.24 161.17
55.25 0.0
55.26 0.0
55.27 0.0
55.28 0.0
55.29 0.0
55.3 0.0
55.31 102.51
55.32 236.32
55.33 279.98
55.34 313.32
55.35 294.74
55.36 269.7
55.37 248.99
55.38 244.06
55.39 247.44
55.4 248.38
55.41 246.32
55.42 245.21
55.43 244.01
55.44 242.48
55.45 241.06
55.46 239.83
55.47 238.9
55.48 238.34
55.49 237.81
55.5 237.3
55.51 236.93
55.52 236.66
55.53 235.58
55.54 233.84
55.55 234.55
55.56 240.59
55.57 244.89
55.58 247.98
55.59 241.28
55.6 232.73
55.61 228.85
55.62 226.9
55.63 230.06
55.64 239.6
55.65 273.65
55.66 344.39
55.67 339.56
55.68 340.18
55.69 335.45
55.7 311.69
55.71 290.55
55.72 277.47
55.73 274.37
55.74 275.72
55.75 266.9
55.76 261.61
55.77 261.03
55.78 261.99
55.79 263.35
55.8 264.78
55.81 265.87
55.82 266.8
55.83 267.51
55.84 268.02
55.85 268.31
55.86 267.63
55.87 266.65
55.88 266.45
55.89 266.63
55.9 266.6
55.91 266.41
55.92 266.06
55.93 265.17
55.94 264.42
55.95 265.19
55.96 266.23
55.97 266.77
55.98 266.34
55.99 264.02
56.0 260.71
56.01 262.56
56.02 263.89
56.03 245.97
56.04 242.5
56.05 231.3
56.06 224.4
56.07 235.03
56.08 222.29
56.09 0.0
56.1 0.0
56.11 0.0
56.12 339.88
56.13 347.17
56.14 313.4
56.15 296.4
56.16 248.86
56.17 115.12
56.18 227.09
56.19 224.18
56.2 223.1
56.21 222.57
56.22 223.09
56.23 224.23
56.24 224.73
56.25 224.13
56.26 223.24
56.27 222.46
56.28 221.4
56.29 220.96
56.3 221.64
56.31 221.94
56.32 221.66
56.33 222.26
56.34 223.5
56.35 224.54
56.36 224.85
56.37 224.72
56.38 224.99
56.39 225.53
56.4 225.4
56.41 224.38
56.42 222.51
56.43 220.19
56.44 218.08
56.45 217.15
56.46 216.99
56.47 217.55
56.48 218.59
56.49 220.21
56.5 222.07
56.51 223.56
56.52 224.57
56.53 224.63
56.54 223.89
56.55 223.23
56.56 222.92
56.57 222.84
56.58 223.05
56.59 223.26
56.6 223.41
56.61 223.45
56.62 223.26
56.63 222.34
56.64 221.36
56.65 220.92
56.66 221.04
56.67 221.09
56.68 221.02
56.69 221.13
56.7 221.35
56.71 221.65
56.72 222.0
56.73 222.24
56.74 222.53
56.75 223.1
56.76 223.78
56.77 224.47
56.78 224.72
56.79 224.51
56.8 224.35
56.81 224.16
56.82 223.82
56.83 223.84
56.84 224.02
56.85 223.76
56.86 223.57
56.87 223.86
56.88 224.29
56.89 224.69
56.9 225.06
56.91 225.6
56.92 226.06
56.93 224.55
56.94 220.86
56.95 220.5
56.96 211.23
56.97 194.99
56.98 183.42
56.99 167.43
57.0 151.0
57.01 143.84
57.02 0.0
57.03 0.0
57.04 117.4
57.05 0.0
57.06 0.0
57.07 0.0
57.08 0.0
57.09 0.0
57.1 0.0
57.11 0.0
57.12 0.0
57.13 0.0
57.14 0.0
57.15 0.0
57.16 0.0
57.17 0.0
57.18 0.0
57.19 0.0
57.2 0.0
57.21 0.0
57.22 0.0
57.23 0.0
57.24 0.0
57.25 0.0
57.26 77.52
57.27 0.0
57.28 0.0
57.29 0.0
57.3 0.0
57.31 0.0
57.32 0.0
57.33 0.0
57.34 0.0
57.35 0.0
57.36 0.0
57.37 0.0
57.38 0.0
57.39 0.0
57.4 0.0
57.41 0.0
57.42 0.0
57.43 0.0
57.44 0.0
57.45 0.0
57.46 0.0
57.47 0.0
57.48 0.0
57.49 0.0
57.5 214.48
57.51 110.04
57.52 225.83
57.53 229.06
57.54 112.88
57.55 169.05
57.56 167.36
57.57 167.75
57.58 170.92
57.59 175.64
57.6 180.59
57.61 184.61
57.62 187.97
57.63 189.78
57.64 190.35
57.65 190.37
57.66 190.37
57.67 190.84
57.68 192.03
57.69 193.32
57.7 194.28
57.71 195.37
57.72 196.49
57.73 197.5
57.74 199.27
57.75 201.9
57.76 204.43
57.77 206.12
57.78 205.44
57.79 199.74
57.8 193.53
57.81 190.22
57.82 186.42
57.83 178.14
57.84 177.21
57.85 182.92
57.86 191.99
57.87 198.0
57.88 200.25
57.89 199.37
57.9 198.15
57.91 394.75
57.92 390.02
57.93 190.68
57.94 191.3
57.95 196.6
57.96 197.52
57.97 197.64
57.98 197.4
57.99 393.64
58.0 392.87
58.01 392.6
58.02 392.57
58.03 196.4
58.04 197.25
58.05 198.55
58.06 199.73
58.07 200.21
58.08 200.06
58.09 200.0
58.1 200.34
58.11 200.95
58.12 201.51
58.13 201.7
58.14 201.57
58.15 201.0
58.16 200.21
58.17 199.43
58.18 198.2
58.19 196.95
58.2 196.68
58.21 197.47
58.22 198.65
58.23 199.87
58.24 201.07
58.25 201.84
58.26 202.35
58.27 202.64
58.28 202.32
58.29 201.24
58.3 199.65
58.31 196.77
58.32 188.52
58.33 187.05
58.34 187.8
58.35 188.11
58.36 188.6
58.37 191.1
58.38 196.51
58.39 198.53
58.4 199.66
58.41 200.7
58.42 201.06
58.43 201.26
58.44 200.9
58.45 200.26
58.46 199.51
58.47 199.39
58.48 200.22
58.49 201.28
58.5 202.13
58.51 202.79
58.52 203.27
58.53 203.84
58.54 203.86
58.55 202.8
58.56 201.23
58.57 199.83
58.58 198.02
58.59 194.1
58.6 187.48
58.61 180.46
58.62 171.15
58.63 163.38
58.64 154.94
58.65 150.26
58.66 146.81
58.67 152.48
58.68 177.79
58.69 191.59
58.7 207.42
58.71 208.37
58.72 207.5
58.73 206.26
58.74 204.0
58.75 201.08
58.76 197.49
58.77 194.37
58.78 193.66
58.79 193.96
58.8 194.56
58.81 195.28
58.82 196.07
58.83 196.92
58.84 197.98
58.85 198.76
58.86 198.68
58.87 197.95
58.88 196.93
58.89 195.72
58.9 194.1
58.91 191.64
58.92 188.81
58.93 189.77
58.94 193.93
58.95 189.68
58.96 182.5
58.97 170.23
58.98 159.37
58.99 146.32
59.0 134.03
59.01 123.03
59.02 0.0
59.03 0.0
59.04 0.0
59.05 0.0
59.06 63.06
59.07 0.0
59.08 0.0
59.09 240.04
59.1 237.48
59.11 245.39
59.12 255.63
59.13 256.39
59.14 254.08
59.15 252.91
59.16 253.32
59.17 255.68
59.18 257.43
59.19 260.09
59.2 262.04
59.21 263.95
59.22 265.92
59.23 267.2
59.24 266.97
59.25 261.31
59.26 243.28
59.27 223.08
59.28 217.22
59.29 214.03
59.3 227.34
59.31 257.86
59.32 274.77
59.33 275.02
59.34 271.95
59.35 271.14
59.36 270.87
59.37 268.98
59.38 267.24
59.39 265.12
59.4 262.98
59.41 259.79
59.42 244.7
59.43 236.79
59.44 242.59
59.45 248.49
59.46 266.24
59.47 280.31
59.48 276.81
59.49 271.46
59.5 268.69
59.51 266.73
59.52 265.37
59.53 264.2
59.54 264.11
59.55 264.55
59.56 264.88
59.57 265.17
59.58 265.39
59.59 266.2
59.6 267.61
59.61 268.85
59.62 269.59
59.63 269.37
59.64 268.39
59.65 266.81
59.66 265.23
59.67 264.74
59.68 264.82
59.69 265.35
59.7 265.38
59.71 265.31
59.72 265.67
59.73 266.15
59.74 267.03
59.75 268.84
59.76 271.51
59.77 274.34
59.78 272.47
59.79 275.82
59.8 278.31
59.81 279.1
59.82 277.17
59.83 277.59
59.84 280.15
59.85 276.86
59.86 270.99
59.87 268.67
59.88 266.59
59.89 265.42
59.9 266.06
59.91 267.07
59.92 268.47
59.93 269.65
59.94 270.15
59.95 270.37
59.96 269.73
59.97 268.49
59.98 267.4
59.99 266.05
60.0 264.74
60.01 263.95
60.02 263.13
60.03 262.43
60.04 263.43
60.05 264.84
60.06 264.93
60.07 259.69
60.08 244.88
60.09 226.47
60.1 213.16
60.11 198.66
60.12 188.38
60.13 185.95
60.14 185.48
60.15 221.1
60.16 0.0
60.17 0.0
60.18 0.0
60.19 390.07
60.2 399.38
60.21 398.46
60.22 398.05
60.23 376.11
60.24 309.92
60.25 283.2
60.26 268.18
60.27 239.02
60.28 235.36
60.29 232.61
60.3 231.39
60.31 232.11
60.32 233.38
60.33 234.23
60.34 234.91
60.35 234.96
60.36 234.01
60.37 232.13
60.38 230.24
60.39 229.58
60.4 229.62
60.41 229.73
60.42 230.44
60.43 232.0
60.44 233.2
60.45 233.69
60.46 233.65
60.47 233.42
60.48 233.0
60.49 232.75
60.5 232.67
60.51 232.8
60.52 233.26
60.53 234.01
60.54 235.0
60.55 235.55
60.56 235.62
60.57 235.58
60.58 235.29
60.59 234.03
60.6 232.35
60.61 231.33
60.62 230.74
60.63 230.68
60.64 231.03
60.65 231.29
60.66 231.85
60.67 232.84
60.68 233.58
60.69 233.98
60.7 234.33
60.71 234.16
60.72 233.62
60.73 232.94
60.74 232.39
60.75 232.39
60.76 232.6
60.77 232.98
60.78 233.64
60.79 234.42
60.8 235.24
60.81 236.17
60.82 236.79
60.83 237.13
60.84 237.17
60.85 236.51
60.86 235.4
60.87 234.15
60.88 233.76
60.89 234.07
60.9 234.22
60.91 233.97
60.92 233.68
60.93 233.74
60.94 234.44
60.95 235.43
60.96 236.44
60.97 236.93
60.98 236.79
60.99 236.23
61.0 235.79
61.01 236.09
61.02 236.45
61.03 236.5
61.04 236.41
61.05 236.18
61.06 236.07
61.07 236.55
61.08 237.06
61.09 237.21
61.1 237.6
61.11 237.91
61.12 238.06
61.13 238.16
61.14 238.26
61.15 237.98
61.16 237.21
61.17 236.5
61.18 235.52
61.19 234.42
61.2 233.57
61.21 232.9
61.22 232.34
61.23 232.73
61.24 233.89
61.25 234.23
61.26 234.13
61.27 234.42
61.28 234.67
61.29 235.3
61.3 236.88
61.31 238.0
61.32 238.23
61.33 238.24
61.34 238.23
61.35 237.81
61.36 237.58
61.37 237.83
61.38 237.34
61.39 236.05
61.4 231.52
61.41 221.65
61.42 224.02
61.43 120.48
61.44 239.18
61.45 231.18
61.46 200.78
61.47 184.85
61.48 179.61
61.49 91.44
61.5 0.0
61.51 0.0
61.52 0.0
61.53 0.0
61.54 0.0
61.55 0.0
61.56 0.0
61.57 0.0
61.58 98.27
61.59 86.03
61.6 0.0
61.61 0.0
61.62 0.0
61.63 0.0
61.64 0.0
61.65 0.0
61.66 0.0
61.67 119.53
61.68 593.19
61.69 0.0
61.7 0.0
61.71 0.0
61.72 0.0
61.73 0.0
61.74 0.0
61.75 0.0
61.76 64.17
61.77 63.95
61.78 382.91
61.79 379.32
61.8 370.04
61.81 188.97
61.82 321.19
61.83 293.25
61.84 75.6
61.85 208.84
61.86 209.34
61.87 198.06
61.88 191.08
61.89 187.96
61.9 186.19
61.91 185.73
61.92 186.52
61.93 188.8
61.94 192.81
61.95 197.79
61.96 201.05
61.97 203.71
61.98 206.34
61.99 208.71
62.0 210.79
62.01 212.81
62.02 215.32
62.03 218.48
62.04 221.02
62.05 222.93
62.06 224.76
62.07 226.72
62.08 228.69
62.09 230.16
62.1 231.17
62.11 231.75
62.12 232.2
62.13 232.53
62.14 232.24
62.15 231.39
62.16 230.31
62.17 229.52
62.18 229.19
62.19 229.35
62.2 229.98
62.21 230.86
62.22 231.72
62.23 232.93
62.24 234.16
62.25 235.25
62.26 236.09
62.27 236.19
62.28 235.93
62.29 235.57
62.3 234.78
62.31 233.85
62.32 233.13
62.33 232.63
62.34 232.1
62.35 232.15
62.36 232.79
62.37 233.25
62.38 233.33
62.39 233.07
62.4 232.85
62.41 232.61
62.42 232.03
62.43 231.34
62.44 231.16
62.45 231.52
62.46 232.28
62.47 233.5
62.48 234.55
62.49 235.49
62.5 236.38
62.51 236.37
62.52 234.52
62.53 232.74
62.54 232.59
62.55 232.75
62.56 234.49
62.57 237.13
62.58 237.33
62.59 234.95
62.6 233.76
62.61 234.38
62.62 236.8
62.63 239.31
62.64 241.05
62.65 243.96
62.66 237.97
62.67 218.68
62.68 208.73
62.69 193.1
62.7 183.2
62.71 196.17
62.72 211.43
62.73 220.6
62.74 220.86
62.75 213.21
62.76 194.46
62.77 315.14
62.78 260.41
62.79 199.46
62.8 331.37
62.81 307.32
62.82 294.84
62.83 265.78
62.84 251.31
62.85 239.19
62.86 229.61
62.87 233.1
62.88 232.0
62.89 225.23
62.9 226.07
62.91 226.15
62.92 225.8
62.93 227.56
62.94 229.53
62.95 230.24
62.96 230.24
62.97 230.71
62.98 231.46
62.99 233.11
63.0 235.65
63.01 237.62
63.02 239.1
63.03 239.44
63.04 239.04
63.05 238.0
63.06 236.62
63.07 235.28
63.08 234.68
63.09 234.59
63.1 234.72
63.11 235.05
63.12 234.91
63.13 234.33
63.14 233.88
63.15 233.44
63.16 233.36
63.17 233.75
63.18 234.25
63.19 234.94
63.2 235.33
63.21 235.44
63.22 235.53
63.23 235.69
63.24 235.57
63.25 235.5
63.26 235.67
63.27 235.74
63.28 235.81
63.29 236.27
63.3 236.65
63.31 236.73
63.32 237.18
63.33 237.64
63.34 237.45
63.35 236.03
63.36 233.34
63.37 233.18
63.38 233.18
63.39 232.63
63.4 232.86
63.41 233.54
63.42 234.83
63.43 238.46
63.44 239.6
63.45 234.0
63.46 233.41
63.47 232.94
63.48 232.68
63.49 232.98
63.5 233.58
63.51 234.19
63.52 234.92
63.53 235.36
63.54 235.77
63.55 236.39
63.56 236.61
63.57 236.35
63.58 235.27
63.59 233.61
63.6 231.84
63.61 229.7
63.62 227.7
63.63 225.48
63.64 221.26
63.65 213.3
63.66 204.21
63.67 196.15
63.68 190.87
63.69 188.21
63.7 188.0
63.71 189.56
63.72 192.42
63.73 196.38
63.74 201.1
63.75 206.71
63.76 212.22
63.77 217.57
63.78 221.5
63.79 223.92
63.8 226.3
63.81 228.4
63.82 229.57
63.83 229.61
63.84 229.52
63.85 229.57
63.86 229.6
63.87 229.85
63.88 230.28
63.89 231.01
63.9 232.12
63.91 233.34
63.92 234.13
63.93 234.45
63.94 234.47
63.95 234.33
63.96 234.43
63.97 234.62
63.98 234.67
63.99 234.96
64.0 234.81
64.01 233.89
64.02 233.12
64.03 233.03
64.04 233.73
64.05 234.32
64.06 234.39
64.07 234.67
64.08 235.43
64.09 235.98
64.1 235.92
64.11 235.43
64.12 234.94
64.13 234.66
64.14 234.63
64.15 234.83
64.16 235.71
64.17 236.77
64.18 237.62
64.19 238.77
64.2 239.39
64.21 238.93
64.22 237.88
64.23 236.69
64.24 235.19
64.25 233.89
64.26 233.29
64.27 232.86
64.28 233.14
64.29 234.04
64.3 234.85
64.31 235.23
64.32 232.09
64.33 234.31
64.34 239.65
64.35 238.32
64.36 235.04
64.37 231.92
64.38 228.4
64.39 234.21
64.4 241.73
64.41 235.96
64.42 235.48
64.43 235.56
64.44 234.9
64.45 234.71
64.46 235.59
64.47 236.36
64.48 237.52
64.49 237.41
64.5 234.46
64.51 222.17
64.52 211.1
64.53 211.91
64.54 213.43
64.55 224.64
64.56 246.32
64.57 254.03
64.58 244.05
64.59 240.87
64.6 244.65
64.61 242.94
64.62 235.1
64.63 234.27
64.64 234.29
64.65 234.64
64.66 235.4
64.67 235.73
64.68 235.64
64.69 235.16
64.7 234.22
64.71 233.3
64.72 232.51
64.73 232.25
64.74 231.51
64.75 228.8
64.76 228.65
64.77 225.27
64.78 216.01
64.79 203.4
64.8 181.01
64.81 169.68
64.82 171.21
64.83 0.0
64.84 0.0
64.85 0.0
64.86 0.0
64.87 0.0
64.88 0.0
64.89 0.0
64.9 0.0
64.91 319.16
64.92 301.44
64.93 282.81
64.94 259.41
64.95 246.84
64.96 245.84
64.97 242.81
64.98 235.9
64.99 233.98
65.0 233.8
65.01 233.77
65.02 233.76
65.03 233.87
65.04 234.2
65.05 234.27
65.06 234.21
65.07 234.28
65.08 234.35
65.09 235.44
65.1 237.43
65.11 232.68
65.12 226.55
65.13 225.28
65.14 220.14
65.15 214.76
65.16 209.43
65.17 204.65
65.18 204.91
65.19 215.71
65.2 237.18
65.21 250.68
65.22 250.69
65.23 248.25
65.24 246.59
65.25 245.51
65.26 243.98
65.27 242.23
65.28 239.37
65.29 235.34
65.3 230.38
65.31 233.13
65.32 237.75
65.33 238.13
65.34 237.68
65.35 237.94
65.36 238.51
65.37 240.57
65.38 240.6
65.39 236.4
65.4 232.42
65.41 231.05
65.42 230.73
65.43 230.02
65.44 229.55
65.45 229.76
65.46 230.29
65.47 230.88
65.48 231.7
65.49 232.89
65.5 233.81
65.51 234.44
65.52 235.11
65.53 235.59
65.54 235.77
65.55 235.98
65.56 236.31
65.57 236.51
65.58 236.31
65.59 235.76
65.6 233.19
65.61 221.04
65.62 211.88
65.63 207.34
65.64 193.4
65.65 172.35
65.66 144.52
65.67 144.53
65.68 0.0
65.69 0.0
65.7 0.0
65.71 0.0
65.72 0.0
65.73 0.0
65.74 63.43
65.75 64.26
65.76 0.0
65.77 0.0
65.78 64.04
65.79 0.0
65.8 0.0
65.81 104.55
65.82 0.0
65.83 63.83
65.84 0.0
65.85 96.87
65.86 63.46
65.87 0.0
65.88 0.0
65.89 0.0
65.9 0.0
65.91 0.0
65.92 0.0
65.93 0.0
65.94 0.0
65.95 0.0
65.96 0.0
65.97 0.0
65.98 0.0
65.99 0.0
66.0 0.0
66.01 0.0
66.02 255.03
66.03 202.21
66.04 204.47
66.05 143.06
66.06 169.39
66.07 67.47
66.08 136.04
66.09 141.55
66.1 146.12
66.11 154.09
66.12 163.44
66.13 170.54
66.14 174.21
66.15 177.72
66.16 180.8
66.17 183.35
66.18 185.25
66.19 186.83
66.2 188.46
66.21 189.95
66.22 191.76
66.23 194.02
66.24 196.34
66.25 199.07
66.26 201.85
66.27 204.67
66.28 207.76
66.29 210.72
66.3 213.21
66.31 215.41
66.32 217.83
66.33 220.45
66.34 222.78
66.35 224.44
66.36 225.72
66.37 226.93
66.38 228.12
66.39 228.78
66.4 229.36
66.41 229.93
66.42 230.59
66.43 231.54
66.44 232.28
66.45 232.45
66.46 232.63
66.47 233.3
66.48 234.15
66.49 234.99
66.5 235.32
66.51 235.21
66.52 235.58
66.53 236.42
66.54 237.41
66.55 238.26
66.56 238.76
66.57 239.08
66.58 239.17
66.59 238.79
66.6 237.67
66.61 236.32
66.62 235.43
66.63 235.4
66.64 235.76
66.65 236.15
66.66 236.45
66.67 236.75
66.68 237.21
66.69 237.42
66.7 237.06
66.71 236.39
66.72 236.41
66.73 236.88
66.74 236.73
66.75 235.9
66.76 229.55
66.77 219.28
66.78 215.35
66.79 216.0
66.8 214.86
66.81 214.25
66.82 215.5
66.83 219.8
66.84 231.16
66.85 247.76
66.86 248.3
66.87 239.66
66.88 237.52
66.89 236.49
66.9 235.5
66.91 235.15
66.92 236.14
66.93 238.68
66.94 239.82
66.95 234.42
66.96 216.76
66.97 200.78
66.98 184.03
66.99 171.49
67.0 165.09
67.01 159.6
67.02 150.32
67.03 0.0
67.04 63.38
67.05 0.0
67.06 0.0
67.07 260.69
67.08 281.08
67.09 295.02
67.1 281.75
67.11 252.32
67.12 246.68
67.13 240.62
67.14 236.63
67.15 235.11
67.16 234.8
67.17 234.91
67.18 235.23
67.19 236.09
67.2 236.58
67.21 237.02
67.22 237.29
67.23 237.6
67.24 238.62
67.25 239.03
67.26 238.72
67.27 238.09
67.28 236.88
67.29 236.09
67.3 235.92
67.31 236.01
67.32 236.47
67.33 236.7
67.34 236.96
67.35 237.81
67.36 238.86
67.37 239.95
67.38 241.13
67.39 241.82
67.4 242.43
67.41 243.25
67.42 245.02
67.43 247.56
67.44 242.74
67.45 244.29
67.46 251.0
67.47 258.69
67.48 270.91
67.49 278.51
67.5 274.29
67.51 271.94
67.52 269.01
67.53 266.29
67.54 263.56
67.55 261.87
67.56 260.72
67.57 259.96
67.58 259.71
67.59 260.17
67.6 261.19
67.61 262.44
67.62 263.59
67.63 263.8
67.64 263.09
67.65 262.41
67.66 261.88
67.67 261.04
67.68 260.3
67.69 259.62
67.7 259.06
67.71 258.55
67.72 258.02
67.73 258.08
67.74 258.4
67.75 258.93
67.76 259.72
67.77 260.33
67.78 261.13
67.79 262.32
67.8 262.99
67.81 263.46
67.82 263.39
67.83 262.7
67.84 261.85
67.85 261.42
67.86 261.39
67.87 261.43
67.88 261.0
67.89 259.94
67.9 258.11
67.91 255.6
67.92 251.81
67.93 247.35
67.94 240.77
67.95 234.5
67.96 228.98
67.97 224.77
67.98 222.43
67.99 222.08
68.0 223.42
68.01 225.87
68.02 228.03
68.03 229.3
68.04 230.3
68.05 231.03
68.06 231.4
68.07 231.38
68.08 231.12
68.09 230.54
68.1 229.86
68.11 229.57
68.12 229.78
68.13 230.28
68.14 230.67
68.15 230.93
68.16 230.75
68.17 230.26
68.18 230.1
68.19 230.47
68.2 231.35
68.21 232.35
68.22 233.37
68.23 234.65
68.24 237.04
68.25 241.62
68.26 246.15
68.27 243.55
68.28 230.95
68.29 214.88
68.3 201.2
68.31 175.42
68.32 160.81
68.33 179.45
68.34 0.0
68.35 0.0
68.36 273.99
68.37 256.99
68.38 232.16
68.39 226.03
68.4 224.21
68.41 223.15
68.42 219.37
68.43 214.89
68.44 212.18
68.45 212.44
68.46 213.09
68.47 213.7
68.48 213.63
68.49 212.6
68.5 212.07
68.51 213.52
68.52 218.53
68.53 205.57
68.54 189.06
68.55 173.8
68.56 153.84
68.57 128.87
68.58 59.03
68.59 0.0
68.6 0.0
68.61 0.0
68.62 0.0
68.63 0.0
68.64 0.0
68.65 0.0
68.66 0.0
68.67 0.0
68.68 0.0
68.69 0.0
68.7 0.0
68.71 0.0
68.72 0.0
68.73 0.0
68.74 0.0
68.75 0.0
68.76 0.0
68.77 0.0
68.78 0.0
68.79 77.3
68.8 0.0
68.81 0.0
68.82 0.0
68.83 0.0
68.84 0.0
68.85 0.0
68.86 0.0
68.87 0.0
68.88 0.0
68.89 0.0
68.9 0.0
68.91 0.0
68.92 0.0
68.93 0.0
68.94 0.0
68.95 1332.65
68.96 1286.7
68.97 0.0
68.98 143.54
68.99 167.13
69.0 278.06
69.01 281.44
69.02 274.16
69.03 250.51
69.04 226.63
69.05 220.79
69.06 215.84
69.07 212.3
69.08 210.17
69.09 209.17
69.1 209.22
69.11 210.47
69.12 212.7
69.13 215.41
69.14 218.46
69.15 221.72
69.16 225.17
69.17 228.24
69.18 230.44
69.19 232.02
69.2 233.05
69.21 234.02
69.22 235.45
69.23 236.78
69.24 237.94
69.25 239.52
69.26 241.3
69.27 242.91
69.28 244.32
69.29 246.08
69.3 248.4
69.31 249.85
69.32 251.03
69.33 251.68
69.34 251.73
69.35 251.56
69.36 251.76
69.37 252.03
69.38 252.82
69.39 254.57
69.4 256.77
69.41 258.52
69.42 259.83
69.43 260.81
69.44 261.19
69.45 260.94
69.46 260.12
69.47 259.23
69.48 258.15
69.49 257.65
69.5 257.6
69.51 257.84
69.52 258.47
69.53 259.19
69.54 259.9
69.55 261.18
69.56 262.51
69.57 263.28
69.58 263.65
69.59 263.53
69.6 263.01
69.61 262.44
69.62 261.68
69.63 261.57
69.64 262.07
69.65 262.45
69.66 262.77
69.67 263.22
69.68 263.67
69.69 264.13
69.7 264.2
69.71 264.03
69.72 264.19
69.73 264.34
69.74 264.23
69.75 264.07
69.76 263.97
69.77 263.81
69.78 263.54
69.79 263.52
69.8 264.16
69.81 264.84
69.82 265.48
69.83 266.06
69.84 266.1
69.85 265.26
69.86 263.9
69.87 262.32
69.88 261.16
69.89 260.9
69.9 261.35
69.91 261.96
69.92 262.86
69.93 264.07
69.94 265.17
69.95 266.14
69.96 266.67
69.97 266.95
69.98 266.58
69.99 265.4
70.0 263.72
70.01 262.11
70.02 261.61
70.03 261.65
70.04 261.96
70.05 262.7
70.06 263.99
70.07 265.47
70.08 266.88
70.09 268.05
70.1 268.24
70.11 267.64
70.12 266.11
70.13 264.12
70.14 262.78
70.15 262.22
70.16 261.99
70.17 262.36
70.18 262.83
70.19 262.91
70.2 263.26
70.21 264.14
70.22 265.19
70.23 266.15
70.24 266.55
70.25 266.2
70.26 265.07
70.27 263.74
70.28 262.81
70.29 262.7
70.3 262.51
70.31 262.4
70.32 263.0
70.33 263.84
70.34 264.58
70.35 264.99
70.36 265.17
70.37 265.36
70.38 265.45
70.39 265.24
70.4 265.08
70.41 264.93
70.42 264.63
70.43 264.75
70.44 265.09
70.45 264.9
70.46 264.37
70.47 263.54
70.48 262.58
70.49 262.49
70.5 262.22
70.51 261.18
70.52 260.06
70.53 258.51
70.54 256.32
70.55 253.74
70.56 251.92
70.57 249.61
70.58 248.07
70.59 246.78
70.6 246.05
70.61 246.4
70.62 246.97
70.63 246.64
70.64 245.84
70.65 242.63
70.66 238.69
70.67 243.23
70.68 245.75
70.69 243.83
70.7 243.85
70.71 243.35
70.72 243.05
70.73 243.2
70.74 243.55
70.75 243.65
70.76 243.19
70.77 242.36
70.78 241.15
70.79 239.93
70.8 239.15
70.81 239.32
70.82 240.69
70.83 243.58
70.84 246.86
70.85 246.96
70.86 232.95
70.87 250.65
70.88 265.01
70.89 261.72
70.9 256.7
70.91 254.26
70.92 252.24
70.93 250.59
70.94 249.69
70.95 248.66
70.96 246.59
70.97 242.15
70.98 238.73
70.99 236.02
71.0 235.2
71.01 235.75
71.02 237.3
71.03 239.02
71.04 239.95
71.05 240.46
71.06 240.9
71.07 240.89
71.08 240.04
71.09 239.1
71.1 237.48
71.11 236.05
71.12 235.76
71.13 236.45
71.14 237.35
71.15 238.39
71.16 239.68
71.17 240.46
71.18 240.84
71.19 241.29
71.2 241.55
71.21 241.63
71.22 241.59
71.23 240.96
71.24 239.92
71.25 239.01
71.26 238.91
71.27 239.3
71.28 239.61
71.29 239.95
71.3 240.56
71.31 241.13
71.32 241.6
71.33 241.83
71.34 241.92
71.35 241.95
71.36 241.87
71.37 241.62
71.38 240.92
71.39 240.39
71.4 240.2
71.41 240.38
71.42 240.78
71.43 241.39
71.44 242.01
71.45 242.64
71.46 242.82
71.47 242.41
71.48 242.18
71.49 241.75
71.5 240.95
71.51 240.44
71.52 240.25
71.53 240.23
71.54 240.32
71.55 240.94
71.56 241.66
71.57 242.06
71.58 242.12
71.59 241.94
71.6 241.19
71.61 240.17
71.62 239.1
71.63 238.32
71.64 237.86
71.65 237.58
71.66 237.8
71.67 238.42
71.68 239.33
71.69 240.66
71.7 242.13
71.71 243.08
71.72 243.3
71.73 243.27
71.74 243.43
71.75 243.4
71.76 242.94
71.77 242.38
71.78 242.13
71.79 241.95
71.8 241.84
71.81 241.71
71.82 241.64
71.83 241.77
71.84 241.75
71.85 242.11
71.86 242.6
71.87 242.28
71.88 241.79
71.89 241.23
71.9 240.45
71.91 240.09
71.92 239.85
71.93 239.47
71.94 239.19
71.95 239.52
71.96 240.28
71.97 241.4
71.98 242.59
71.99 243.63
72.0 244.3
72.01 244.59
72.02 244.49
72.03 243.74
72.04 242.71
72.05 242.02
72.06 241.74
72.07 242.36
72.08 70.42
72.09 218.84
72.1 222.36
72.11 228.1
72.12 245.05
72.13 267.76
72.14 288.07
72.15 300.29
72.16 306.04
72.17 298.73
72.18 284.78
72.19 274.99
72.2 271.61
72.21 269.79
72.22 268.68
72.23 267.83
72.24 267.81
72.25 268.36
72.26 268.69
72.27 269.48
72.28 270.43
72.29 271.43
72.3 272.3
72.31 269.6
72.32 255.4
72.33 223.4
72.34 197.7
72.35 170.35
72.36 150.05
72.37 275.4
72.38 0.0
72.39 0.0
72.4 0.0
72.41 0.0
72.42 0.0
72.43 118.17
72.44 0.0
72.45 0.0
72.46 64.89
72.47 0.0
72.48 0.0
72.49 0.0
72.5 0.0
72.51 0.0
72.52 0.0
72.53 0.0
72.54 0.0
72.55 0.0
72.56 561.76
72.57 535.94
72.58 0.0
72.59 0.0
72.6 0.0
72.61 0.0
72.62 268.88
72.63 288.84
72.64 289.22
72.65 261.77
72.66 242.83
72.67 233.54
72.68 231.03
72.69 229.45
72.7 228.17
72.71 227.11
72.72 229.41
72.73 228.04
72.74 218.02
72.75 220.37
72.76 223.17
72.77 225.19
72.78 226.96
72.79 228.4
72.8 229.04
72.81 229.12
72.82 229.52
72.83 230.05
72.84 230.54
72.85 231.37
72.86 232.29
72.87 233.05
72.88 233.69
72.89 234.15
72.9 234.55
72.91 235.13
72.92 235.76
72.93 236.43
72.94 237.2
72.95 238.15
72.96 239.33
72.97 240.85
72.98 241.72
72.99 241.75
73.0 241.64
73.01 241.57
73.02 241.39
73.03 240.8
73.04 240.15
73.05 239.63
73.06 239.35
73.07 239.62
73.08 239.78
73.09 239.84
73.1 240.16
73.11 240.74
73.12 241.89
73.13 242.63
73.14 242.19
73.15 241.03
73.16 235.67
73.17 232.75
73.18 233.36
73.19 233.44
73.2 233.97
73.21 233.95
73.22 233.67
73.23 233.67
73.24 233.77
73.25 234.89
73.26 238.97
73.27 244.74
73.28 239.66
73.29 238.46
73.3 237.65
73.31 237.22
73.32 236.84
73.33 237.01
73.34 238.03
73.35 238.83
73.36 239.71
73.37 240.43
73.38 239.84
73.39 238.74
73.4 237.79
73.41 237.04
73.42 236.94
73.43 237.84
73.44 239.89
73.45 242.53
73.46 241.18
73.47 243.39
73.48 245.51
73.49 247.37
73.5 250.23
73.51 256.58
73.52 266.13
73.53 267.43
73.54 258.59
73.55 255.36
73.56 252.2
73.57 249.27
73.58 245.75
73.59 242.59
73.6 239.97
73.61 237.86
73.62 236.64
73.63 236.53
73.64 237.0
73.65 237.3
73.66 237.41
73.67 237.17
73.68 236.72
73.69 236.3
73.7 235.75
73.71 235.17
73.72 235.08
73.73 235.11
73.74 235.32
73.75 235.93
73.76 236.55
73.77 237.79
73.78 239.79
73.79 242.34
73.8 245.3
73.81 247.56
73.82 249.02
73.83 249.51
73.84 249.23
73.85 248.49
73.86 247.28
73.87 245.63
73.88 243.32
73.89 241.04
73.9 239.0
73.91 237.72
73.92 237.23
73.93 237.38
73.94 238.59
73.95 240.01
73.96 241.56
73.97 242.48
73.98 242.18
73.99 241.2
74.0 240.36
74.01 240.01
74.02 239.47
74.03 238.96
74.04 239.11
74.05 239.48
74.06 240.38
74.07 241.56
74.08 242.26
74.09 242.38
74.1 242.27
74.11 242.37
74.12 242.21
74.13 241.98
74.14 241.37
74.15 240.77
74.16 240.54
74.17 239.8
74.18 239.13
74.19 238.11
74.2 236.96
74.21 237.41
74.22 240.22
74.23 239.38
74.24 229.01
74.25 221.36
74.26 220.4
74.27 220.66
74.28 225.73
74.29 234.99
74.3 222.73
74.31 426.05
74.32 0.0
74.33 0.0
74.34 0.0
74.35 348.22
74.36 339.33
74.37 312.53
74.38 303.03
74.39 298.38
74.4 286.64
74.41 248.9
74.42 233.45
74.43 232.2
74.44 222.88
74.45 214.9
74.46 212.88
74.47 212.34
74.48 212.54
74.49 214.22
74.5 216.64
74.51 217.8
74.52 218.44
74.53 219.16
74.54 219.43
74.55 219.17
74.56 218.41
74.57 216.86
74.58 214.97
74.59 213.09
74.6 211.71
74.61 211.04
74.62 211.13
74.63 211.97
74.64 213.17
74.65 214.46
74.66 215.63
74.67 216.45
74.68 217.08
74.69 217.29
74.7 217.09
74.71 217.02
74.72 216.14
74.73 214.91
74.74 213.77
74.75 212.95
74.76 212.74
74.77 212.75
74.78 213.06
74.79 213.38
74.8 213.93
74.81 214.63
74.82 215.24
74.83 215.59
74.84 215.73
74.85 215.89
74.86 215.91
74.87 216.35
74.88 217.21
74.89 218.09
74.9 219.1
74.91 220.39
74.92 221.53
74.93 221.74
74.94 221.59
74.95 220.93
74.96 219.69
74.97 218.27
74.98 216.65
74.99 214.94
75.0 214.05
75.01 213.57
75.02 213.54
75.03 213.25
75.04 213.63
75.05 215.26
75.06 216.74
75.07 217.87
75.08 218.37
75.09 218.58
75.1 218.56
75.11 218.14
75.12 217.2
75.13 215.55
75.14 207.75
75.15 195.68
75.16 189.3
75.17 185.99
75.18 180.44
75.19 178.32
75.2 179.94
75.21 184.96
75.22 191.28
75.23 199.28
75.24 216.92
75.25 233.82
75.26 222.15
75.27 214.31
75.28 208.64
75.29 202.97
75.3 197.79
75.31 193.49
75.32 189.78
75.33 187.36
75.34 186.88
75.35 187.34
75.36 187.72
75.37 188.46
75.38 189.24
75.39 189.99
75.4 190.82
75.41 190.67
75.42 190.05
75.43 189.34
75.44 188.45
75.45 188.08
75.46 188.29
75.47 188.69
75.48 188.99
75.49 188.93
75.5 188.68
75.51 188.47
75.52 188.66
75.53 188.68
75.54 188.36
75.55 188.15
75.56 188.12
75.57 188.22
75.58 188.29
75.59 188.39
75.6 188.48
75.61 188.29
75.62 188.13
75.63 188.25
75.64 188.74
75.65 189.24
75.66 189.37
75.67 189.47
75.68 189.7
75.69 190.05
75.7 190.15
75.71 189.5
75.72 188.93
75.73 188.87
75.74 188.61
75.75 188.46
75.76 188.65
75.77 189.15
75.78 189.74
75.79 190.34
75.8 190.97
75.81 191.34
75.82 191.35
75.83 191.36
75.84 191.31
75.85 191.0
75.86 190.51
75.87 189.84
75.88 189.2
75.89 189.57
75.9 191.05
75.91 192.47
75.92 193.57
75.93 194.39
75.94 194.64
75.95 194.1
75.96 192.86
75.97 191.16
75.98 189.55
75.99 188.02
76.0 186.82
76.01 186.33
76.02 186.69
76.03 187.21
76.04 187.92
76.05 188.63
76.06 189.34
76.07 189.95
76.08 190.27
76.09 190.16
76.1 189.49
76.11 188.67
76.12 187.99
76.13 187.3
76.14 186.6
76.15 186.57
76.16 187.13
76.17 187.53
76.18 187.65
76.19 187.94
76.2 187.84
76.21 186.43
76.22 184.79
76.23 186.16
76.24 190.72
76.25 186.86
76.26 188.72
76.27 189.26
76.28 187.15
76.29 184.11
76.3 180.6
76.31 178.85
76.32 179.28
76.33 175.3
76.34 168.78
76.35 166.0
76.36 164.07
76.37 163.69
76.38 165.17
76.39 166.79
76.4 168.28
76.41 169.33
76.42 170.14
76.43 170.87
76.44 171.32
76.45 171.24
76.46 170.84
76.47 170.25
76.48 169.87
76.49 169.91
76.5 170.22
76.51 170.74
76.52 171.23
76.53 171.78
76.54 172.49
76.55 173.06
76.56 173.68
76.57 174.36
76.58 175.06
76.59 175.43
76.6 175.31
76.61 174.77
76.62 174.04
76.63 173.39
76.64 172.61
76.65 171.68
76.66 171.23
76.67 171.12
76.68 171.15
76.69 171.46
76.7 171.96
76.71 172.5
76.72 173.3
76.73 174.06
76.74 174.64
76.75 175.05
76.76 175.43
76.77 175.63
76.78 175.67
76.79 175.53
76.8 175.12
76.81 174.51
76.82 174.12
76.83 174.25
76.84 174.51
76.85 174.89
76.86 175.28
76.87 175.53
76.88 175.8
76.89 175.88
76.9 175.69
76.91 175.52
76.92 175.63
76.93 175.71
76.94 175.49
76.95 175.22
76.96 175.22
76.97 175.39
76.98 175.64
76.99 176.01
77.0 176.4
77.01 176.78
77.02 177.13
77.03 177.32
77.04 177.31
77.05 176.76
77.06 175.78
77.07 174.75
77.08 173.77
77.09 172.88
77.1 172.2
77.11 171.94
77.12 172.46
77.13 173.41
77.14 174.51
77.15 175.58
77.16 176.44
77.17 177.01
77.18 177.19
77.19 176.89
77.2 176.38
77.21 175.77
77.22 174.89
77.23 174.07
77.24 173.82
77.25 174.04
77.26 174.07
77.27 173.95
77.28 174.2
77.29 174.62
77.3 175.27
77.31 175.92
77.32 176.5
77.33 176.83
77.34 176.83
77.35 176.52
77.36 176.16
77.37 175.62
77.38 174.84
77.39 173.98
77.4 172.97
77.41 172.36
77.42 172.26
77.43 172.37
77.44 172.81
77.45 173.84
77.46 174.84
77.47 175.65
77.48 176.29
77.49 176.82
77.5 177.07
77.51 177.03
77.52 176.8
77.53 176.55
77.54 176.36
77.55 175.81
77.56 174.87
77.57 174.59
77.58 174.86
77.59 175.48
77.6 176.1
77.61 176.72
77.62 177.6
77.63 178.27
77.64 178.58
77.65 178.27
77.66 177.56
77.67 176.82
77.68 175.88
77.69 174.96
77.7 173.86
77.71 172.79
77.72 172.14
77.73 172.23
77.74 172.55
77.75 172.83
77.76 173.35
77.77 173.89
77.78 174.52
77.79 175.2
77.8 175.83
77.81 176.41
77.82 176.59
77.83 176.35
77.84 176.02
77.85 175.69
77.86 175.39
77.87 175.36
77.88 175.27
77.89 175.38
77.9 175.47
77.91 175.31
77.92 175.42
77.93 175.81
77.94 176.02
77.95 176.09
77.96 176.15
77.97 175.85
77.98 175.37
77.99 174.84
78.0 174.4
78.01 174.38
78.02 174.54
78.03 174.53
78.04 174.42
78.05 174.45
78.06 174.68
78.07 175.0
78.08 175.14
78.09 175.51
78.1 176.27
78.11 177.03
78.12 177.24
78.13 177.03
78.14 176.5
78.15 175.87
78.16 175.18
78.17 174.62
78.18 174.2
78.19 173.96
78.2 173.97
78.21 174.16
78.22 174.44
78.23 175.41
78.24 176.76
78.25 177.98
78.26 178.41
78.27 178.0
78.28 177.05
78.29 176.04
78.3 175.09
78.31 174.49
78.32 173.92
78.33 173.7
78.34 174.18
78.35 175.04
78.36 176.52
78.37 177.93
78.38 179.21
78.39 179.92
78.4 179.67
78.41 178.61
78.42 177.11
78.43 175.58
78.44 174.49
78.45 174.13
78.46 174.16
78.47 174.67
78.48 175.43
78.49 175.89
78.5 176.73
78.51 177.63
78.52 177.92
78.53 177.41
78.54 175.69
78.55 173.47
78.56 171.55
78.57 170.07
78.58 169.27
78.59 169.78
78.6 171.28
78.61 173.25
78.62 175.13
78.63 176.78
78.64 177.81
78.65 178.22
78.66 177.23
78.67 175.4
78.68 173.68
78.69 172.03
78.7 170.77
78.71 170.17
78.72 170.64
78.73 171.99
78.74 173.86
78.75 175.75
78.76 176.88
78.77 176.79
78.78 175.61
78.79 173.63
78.8 170.68
78.81 167.51
78.82 167.12
78.83 168.59
78.84 168.03
78.85 165.88
78.86 162.8
78.87 160.87
78.88 273.14
78.89 256.94
78.9 266.6
78.91 263.94
78.92 239.38
78.93 248.69
78.94 79.79
78.95 242.28
78.96 0.0
78.97 0.0
78.98 0.0
78.99 0.0
79.0 0.0
79.01 0.0
79.02 0.0
79.03 0.0
79.04 0.0
79.05 0.0
79.06 0.0
79.07 0.0
79.08 0.0
79.09 0.0
79.1 0.0
79.11 0.0
79.12 0.0
79.13 0.0
79.14 0.0
79.15 0.0
79.16 0.0
79.17 0.0
79.18 0.0
79.19 0.0
79.2 0.0
79.21 0.0
79.22 0.0
79.23 0.0
79.24 0.0
79.25 0.0
79.26 0.0
79.27 0.0
79.28 0.0
79.29 0.0
79.3 0.0
79.31 0.0
79.32 0.0
79.33 0.0
79.34 0.0
79.35 0.0
79.36 0.0
79.37 0.0
79.38 0.0
79.39 0.0
79.4 0.0
79.41 0.0
79.42 0.0
79.43 0.0
79.44 0.0
79.45 0.0
79.46 0.0
79.47 0.0
79.48 79.48
79.49 79.49
79.5 79.5
79.51 79.51
79.52 0.0
