0.0 0.0
0.01 0.0
0.02 69.17
0.03 139.36
0.04 139.65
0.05 76.78
0.06 75.65
0.07 76.02
0.08 72.46
0.09 69.85
0.1 136.77
0.11 142.1
0.12 158.63
0.13 134.98
0.14 75.33
0.15 76.97
0.16 164.09
0.17 0.0
0.18 74.6
0.19 153.45
0.2 155.87
0.21 0.0
0.22 113.28
0.23 63.52
0.24 0.0
0.25 120.83
0.26 65.43
0.27 68.76
0.28 77.25
0.29 0.0
0.3 122.53
0.31 0.0
0.32 0.0
0.33 0.0
0.34 0.0
0.35 0.0
0.36 0.0
0.37 0.0
0.38 129.41
0.39 74.48
0.4 77.48
0.41 0.0
0.42 126.83
0.43 126.9
0.44 64.15
0.45 62.24
0.46 121.84
0.47 59.49
0.48 62.59
0.49 64.62
0.5 127.68
0.51 101.9
0.52 67.23
0.53 0.0
0.54 112.39
0.55 61.88
0.56 121.4
0.57 0.0
0.58 61.6
0.59 118.3
0.6 68.75
0.61 63.28
0.62 129.36
0.63 125.2
0.64 0.0
0.65 60.44
0.66 0.0
0.67 93.96
0.68 65.73
0.69 0.0
0.7 0.0
0.71 101.79
0.72 0.0
0.73 120.73
0.74 119.37
0.75 0.0
0.76 82.9
0.77 0.0
0.78 0.0
0.79 61.47
0.8 62.35
0.81 117.06
0.82 109.91
0.83 125.21
0.84 129.87
0.85 0.0
0.86 0.0
0.87 0.0
0.88 66.67
0.89 69.62
0.9 129.63
0.91 78.92
0.92 63.23
0.93 85.01
0.94 136.61
0.95 133.43
0.96 133.99
0.97 65.84
0.98 59.84
0.99 118.19
1.0 65.88
1.01 73.47
1.02 147.09
1.03 143.35
1.04 143.99
1.05 148.74
1.06 71.27
1.07 70.48
1.08 120.78
1.09 121.05
1.1 162.54
1.11 130.5
1.12 123.54
1.13 128.15
1.14 140.44
1.15 0.0
1.16 0.0
1.17 0.0
1.18 0.0
1.19 133.36
1.2 62.2
1.21 125.96
1.22 60.59
1.23 119.09
1.24 125.25
1.25 60.76
1.26 60.87
1.27 62.19
1.28 61.78
1.29 61.86
1.3 62.22
1.31 62.16
1.32 62.62
1.33 62.39
1.34 62.27
1.35 62.24
1.36 62.85
1.37 63.87
1.38 63.17
1.39 122.68
1.4 121.6
1.41 60.86
1.42 62.11
1.43 61.76
1.44 61.36
1.45 62.58
1.46 61.9
1.47 61.25
1.48 62.5
1.49 63.13
1.5 62.86
1.51 61.52
1.52 61.28
1.53 62.41
1.54 62.14
1.55 61.46
1.56 62.29
1.57 63.09
1.58 62.5
1.59 61.84
1.6 61.77
1.61 62.82
1.62 61.58
1.63 124.3
1.64 63.08
1.65 64.36
1.66 62.73
1.67 60.85
1.68 61.27
1.69 63.43
1.7 62.84
1.71 124.63
1.72 60.17
1.73 62.64
1.74 63.41
1.75 61.74
1.76 61.02
1.77 62.44
1.78 62.35
1.79 61.95
1.8 63.48
1.81 64.32
1.82 60.98
1.83 0.0
1.84 62.81
1.85 72.55
1.86 144.02
1.87 78.36
1.88 83.45
1.89 63.1
1.9 131.47
1.91 65.62
1.92 67.6
1.93 68.12
1.94 128.02
1.95 0.0
1.96 0.0
1.97 0.0
1.98 147.89
1.99 87.47
2.0 143.39
2.01 138.88
2.02 142.69
2.03 138.04
2.04 114.72
2.05 122.3
2.06 64.34
2.07 60.13
2.08 118.85
2.09 63.18
2.1 63.75
2.11 62.43
2.12 62.2
2.13 123.63
2.14 62.6
2.15 61.05
2.16 61.13
2.17 62.47
2.18 62.66
2.19 63.24
2.2 126.52
2.21 125.89
2.22 62.4
2.23 62.33
2.24 61.86
2.25 62.41
2.26 62.96
2.27 63.12
2.28 61.46
2.29 121.98
2.3 63.16
2.31 62.75
2.32 62.03
2.33 61.76
2.34 62.3
2.35 62.95
2.36 63.39
2.37 120.93
2.38 63.29
2.39 0.0
2.4 118.52
2.41 61.15
2.42 64.55
2.43 67.37
2.44 59.8
2.45 119.43
2.46 63.35
2.47 63.15
2.48 62.49
2.49 60.27
2.5 125.21
2.51 64.86
2.52 61.99
2.53 121.61
2.54 63.07
2.55 61.6
2.56 61.26
2.57 62.62
2.58 62.49
2.59 123.98
2.6 117.31
2.61 60.63
2.62 61.41
2.63 62.48
2.64 62.23
2.65 60.42
2.66 61.08
2.67 63.75
2.68 62.23
2.69 61.6
2.7 62.7
2.71 62.7
2.72 62.67
2.73 62.25
2.74 62.45
2.75 67.7
2.76 73.57
2.77 61.95
2.78 0.0
2.79 0.0
2.8 0.0
2.81 0.0
2.82 75.27
2.83 72.57
2.84 149.97
2.85 123.5
2.86 122.97
2.87 122.54
2.88 62.51
2.89 62.85
2.9 65.74
2.91 138.52
2.92 60.04
2.93 62.57
2.94 129.96
2.95 62.8
2.96 61.13
2.97 61.74
2.98 62.23
2.99 62.61
3.0 62.79
3.01 123.96
3.02 125.45
3.03 63.85
3.04 63.31
3.05 60.63
3.06 114.7
3.07 130.46
3.08 62.85
3.09 123.76
3.1 123.24
3.11 62.88
3.12 62.24
3.13 62.02
3.14 62.17
3.15 63.43
3.16 63.59
3.17 62.77
3.18 62.98
3.19 63.04
3.2 61.6
3.21 120.31
3.22 60.17
3.23 63.11
3.24 62.04
3.25 60.87
3.26 63.14
3.27 62.92
3.28 65.15
3.29 64.36
3.3 60.72
3.31 62.73
3.32 61.87
3.33 118.88
3.34 123.35
3.35 63.18
3.36 62.91
3.37 62.03
3.38 61.5
3.39 61.75
3.4 63.0
3.41 62.93
3.42 61.99
3.43 61.69
3.44 61.9
3.45 62.92
3.46 126.89
3.47 63.39
3.48 63.21
3.49 126.79
3.5 62.34
3.51 63.93
3.52 64.2
3.53 121.0
3.54 111.37
3.55 62.86
3.56 63.66
3.57 123.12
3.58 118.62
3.59 65.37
3.6 63.67
3.61 59.96
3.62 60.94
3.63 65.43
3.64 63.07
3.65 133.08
3.66 103.25
3.67 59.85
3.68 61.64
3.69 67.33
3.7 65.51
3.71 65.31
3.72 69.97
3.73 60.08
3.74 61.23
3.75 60.87
3.76 61.12
3.77 66.97
3.78 68.45
3.79 67.09
3.8 130.74
3.81 127.61
3.82 64.44
3.83 139.7
3.84 145.42
3.85 0.0
3.86 62.03
3.87 67.92
3.88 64.92
3.89 133.85
3.9 59.97
3.91 135.46
3.92 137.22
3.93 135.34
3.94 137.05
3.95 67.99
3.96 67.87
3.97 139.53
3.98 66.59
3.99 65.3
4.0 66.39
4.01 66.56
4.02 66.66
4.03 57.75
4.04 62.45
4.05 132.65
4.06 60.72
4.07 61.99
4.08 62.35
4.09 62.45
4.1 64.12
4.11 63.92
4.12 62.52
4.13 118.89
4.14 110.96
4.15 64.29
4.16 143.87
4.17 60.42
4.18 60.48
4.19 62.11
4.2 62.38
4.21 61.54
4.22 61.23
4.23 61.9
4.24 61.68
4.25 61.24
4.26 60.94
4.27 61.79
4.28 119.46
4.29 0.0
4.3 0.0
4.31 0.0
4.32 0.0
4.33 0.0
4.34 127.05
4.35 137.74
4.36 0.0
4.37 0.0
4.38 128.31
4.39 125.52
4.4 62.3
4.41 111.83
4.42 120.05
4.43 123.61
4.44 61.66
4.45 68.12
4.46 122.75
4.47 60.88
4.48 61.99
4.49 64.44
4.5 61.54
4.51 60.48
4.52 62.33
4.53 63.72
4.54 123.04
4.55 60.15
4.56 65.71
4.57 0.0
4.58 118.35
4.59 60.85
4.6 130.79
4.61 134.8
4.62 128.05
4.63 61.68
4.64 63.23
4.65 129.45
4.66 135.64
4.67 0.0
4.68 61.2
4.69 63.23
4.7 142.7
4.71 132.77
4.72 134.8
4.73 142.7
4.74 190.95
4.75 130.66
4.76 130.35
4.77 141.29
4.78 116.88
4.79 117.24
4.8 119.4
4.81 68.3
4.82 0.0
4.83 114.42
4.84 60.54
4.85 64.42
4.86 65.31
4.87 128.27
4.88 121.43
4.89 64.17
4.9 61.99
4.91 116.95
4.92 61.24
4.93 64.02
4.94 122.82
4.95 119.3
4.96 118.26
4.97 67.43
4.98 61.71
4.99 61.15
5.0 61.23
5.01 64.91
5.02 63.03
5.03 117.08
5.04 116.5
5.05 63.41
5.06 63.07
5.07 61.18
5.08 61.46
5.09 137.5
5.1 124.19
5.11 114.83
5.12 61.76
5.13 63.19
5.14 62.36
5.15 61.64
5.16 61.08
5.17 130.31
5.18 151.37
5.19 0.0
5.2 0.0
5.21 0.0
5.22 0.0
5.23 0.0
5.24 126.9
5.25 135.04
5.26 127.36
5.27 121.96
5.28 115.97
5.29 63.86
5.3 61.3
5.31 114.81
5.32 61.2
5.33 62.99
5.34 61.67
5.35 60.57
5.36 122.87
5.37 63.62
5.38 0.0
5.39 117.46
5.4 61.98
5.41 63.69
5.42 65.58
5.43 61.63
5.44 129.96
5.45 127.45
5.46 60.47
5.47 117.07
5.48 118.55
5.49 65.65
5.5 66.17
5.51 133.21
5.52 131.94
5.53 139.74
5.54 176.41
5.55 143.64
5.56 139.27
5.57 76.44
5.58 69.82
5.59 70.17
5.6 60.76
5.61 64.23
5.62 66.88
5.63 65.19
5.64 62.21
5.65 128.57
5.66 70.73
5.67 105.18
5.68 108.37
5.69 62.45
5.7 65.03
5.71 0.0
5.72 123.5
5.73 62.73
5.74 64.63
5.75 107.3
5.76 114.55
5.77 64.28
5.78 0.0
5.79 0.0
5.8 112.91
5.81 115.18
5.82 70.74
5.83 140.09
5.84 111.95
5.85 106.08
5.86 63.87
5.87 65.46
5.88 59.76
5.89 61.88
5.9 66.48
5.91 139.58
5.92 0.0
5.93 0.0
5.94 184.96
5.95 69.74
5.96 0.0
5.97 0.0
5.98 68.73
5.99 68.05
6.0 59.88
6.01 118.27
6.02 129.2
6.03 0.0
6.04 0.0
6.05 0.0
6.06 0.0
6.07 0.0
6.08 126.06
6.09 0.0
6.1 0.0
6.11 0.0
6.12 0.0
6.13 0.0
6.14 0.0
6.15 0.0
6.16 0.0
6.17 59.94
6.18 132.47
6.19 69.15
6.2 101.36
6.21 99.25
6.22 68.73
6.23 68.23
6.24 66.98
6.25 67.02
6.26 66.46
6.27 102.05
6.28 115.97
6.29 124.3
6.3 0.0
6.31 150.5
6.32 137.11
6.33 133.81
6.34 133.64
6.35 136.44
6.36 139.72
6.37 143.25
6.38 146.91
6.39 150.49
6.4 153.27
6.41 157.54
6.42 161.25
6.43 165.01
6.44 168.25
6.45 170.2
6.46 171.86
6.47 173.31
6.48 173.4
6.49 174.15
6.5 175.14
6.51 175.14
6.52 175.67
6.53 176.68
6.54 178.74
6.55 181.18
6.56 182.53
6.57 184.59
6.58 187.21
6.59 189.13
6.6 190.09
6.61 191.19
6.62 191.38
6.63 189.32
6.64 188.31
6.65 187.61
6.66 188.5
6.67 192.41
6.68 197.58
6.69 198.64
6.7 197.87
6.71 197.47
6.72 197.34
6.73 197.19
6.74 196.81
6.75 196.86
6.76 196.47
6.77 194.78
6.78 191.58
6.79 190.84
6.8 191.74
6.81 194.05
6.82 198.31
6.83 201.33
6.84 202.3
6.85 203.46
6.86 203.85
6.87 204.02
6.88 204.15
6.89 204.01
6.9 203.83
6.91 203.68
6.92 203.66
6.93 203.91
6.94 203.67
6.95 203.55
6.96 204.12
6.97 204.15
6.98 203.75
6.99 202.86
7.0 202.3
7.01 202.14
7.02 202.3
7.03 202.07
7.04 201.71
7.05 202.43
7.06 203.19
7.07 203.54
7.08 203.66
7.09 203.74
7.1 204.26
7.11 204.49
7.12 204.17
7.13 204.64
7.14 204.09
7.15 201.71
7.16 202.55
7.17 205.66
7.18 204.82
7.19 203.04
7.2 202.58
7.21 202.09
7.22 202.2
7.23 203.61
7.24 203.52
7.25 202.62
7.26 201.96
7.27 201.92
7.28 201.87
7.29 201.53
7.3 201.27
7.31 201.17
7.32 201.89
7.33 202.75
7.34 202.65
7.35 202.34
7.36 202.06
7.37 201.98
7.38 202.47
7.39 202.44
7.4 202.11
7.41 202.22
7.42 202.15
7.43 202.22
7.44 202.08
7.45 202.49
7.46 203.3
7.47 203.41
7.48 202.43
7.49 200.12
7.5 198.69
7.51 195.18
7.52 185.56
7.53 177.85
7.54 171.84
7.55 164.2
7.56 157.81
7.57 151.67
7.58 144.24
7.59 152.12
7.6 166.2
7.61 175.89
7.62 185.12
7.63 192.29
7.64 194.0
7.65 193.93
7.66 194.31
7.67 195.09
7.68 195.13
7.69 195.51
7.7 196.09
7.71 196.34
7.72 197.24
7.73 198.65
7.74 199.07
7.75 198.51
7.76 198.11
7.77 197.93
7.78 197.62
7.79 197.5
7.8 198.1
7.81 198.52
7.82 199.09
7.83 200.02
7.84 200.72
7.85 200.78
7.86 200.0
7.87 199.52
7.88 200.07
7.89 200.52
7.9 200.36
7.91 200.14
7.92 200.25
7.93 200.22
7.94 199.92
7.95 200.31
7.96 201.21
7.97 201.43
7.98 100.26
7.99 199.27
8.0 197.27
8.01 195.07
8.02 191.03
8.03 186.17
8.04 178.11
8.05 166.57
8.06 154.71
8.07 144.46
8.08 138.06
8.09 136.63
8.1 138.26
8.11 146.95
8.12 156.87
8.13 168.05
8.14 180.04
8.15 187.72
8.16 190.7
8.17 192.04
8.18 193.19
8.19 193.68
8.2 193.46
8.21 194.23
8.22 194.81
8.23 195.73
8.24 196.42
8.25 197.08
8.26 197.29
8.27 197.47
8.28 196.93
8.29 193.98
8.3 191.82
8.31 190.46
8.32 187.44
8.33 183.51
8.34 182.02
8.35 183.53
8.36 189.64
8.37 198.85
8.38 200.21
8.39 197.62
8.4 194.92
8.41 193.7
8.42 192.75
8.43 191.12
8.44 190.2
8.45 187.35
8.46 183.76
8.47 182.17
8.48 182.43
8.49 184.79
8.5 188.56
8.51 192.21
8.52 194.48
8.53 195.9
8.54 196.65
8.55 197.64
8.56 198.05
8.57 197.42
8.58 197.71
8.59 197.76
8.6 196.99
8.61 196.94
8.62 197.67
8.63 196.66
8.64 195.85
8.65 196.64
8.66 197.3
8.67 197.02
8.68 197.52
8.69 198.28
8.7 198.16
8.71 198.21
8.72 198.03
8.73 65.8
8.74 196.87
8.75 196.97
8.76 197.07
8.77 197.37
8.78 197.52
8.79 196.65
8.8 195.95
8.81 196.06
8.82 194.29
8.83 189.97
8.84 190.62
8.85 195.07
8.86 195.31
8.87 195.47
8.88 194.94
8.89 194.25
8.9 194.95
8.91 193.93
8.92 193.02
8.93 195.05
8.94 198.87
8.95 199.05
8.96 197.25
8.97 195.97
8.98 196.06
8.99 196.69
9.0 196.92
9.01 197.04
9.02 196.97
9.03 196.59
9.04 196.8
9.05 197.25
9.06 196.79
9.07 197.41
9.08 198.75
9.09 198.59
9.1 197.75
9.11 197.26
9.12 195.87
9.13 192.36
9.14 189.05
9.15 186.1
9.16 182.4
9.17 178.81
9.18 173.1
9.19 165.82
9.2 158.99
9.21 152.01
9.22 143.87
9.23 133.9
9.24 126.0
9.25 120.9
9.26 117.74
9.27 114.54
9.28 104.56
9.29 117.92
9.3 124.37
9.31 130.11
9.32 142.48
9.33 154.95
9.34 161.65
9.35 166.16
9.36 165.78
9.37 162.57
9.38 156.49
9.39 149.96
9.4 147.65
9.41 147.09
9.42 147.69
9.43 148.25
9.44 149.39
9.45 150.94
9.46 152.96
9.47 154.67
9.48 155.79
9.49 157.0
9.5 158.13
9.51 158.16
9.52 158.32
9.53 158.3
9.54 157.56
9.55 157.28
9.56 157.03
9.57 156.28
9.58 156.16
9.59 156.6
9.6 156.83
9.61 157.12
9.62 157.37
9.63 157.4
9.64 157.73
9.65 157.94
9.66 157.16
9.67 156.83
9.68 157.74
9.69 158.38
9.7 158.24
9.71 158.99
9.72 159.74
9.73 160.49
9.74 160.52
9.75 159.34
9.76 158.9
9.77 158.74
9.78 158.37
9.79 158.74
9.8 158.86
9.81 158.57
9.82 159.15
9.83 159.46
9.84 158.5
9.85 158.17
9.86 158.57
9.87 158.59
9.88 158.68
9.89 158.87
9.9 159.33
9.91 159.51
9.92 158.42
9.93 158.4
9.94 159.43
9.95 159.35
9.96 158.86
9.97 158.63
9.98 158.78
9.99 159.03
10.0 159.77
10.01 159.31
10.02 158.78
10.03 159.13
10.04 158.83
10.05 159.5
10.06 160.07
10.07 160.13
10.08 160.82
10.09 160.43
10.1 159.41
10.11 159.2
10.12 158.91
10.13 158.91
10.14 159.48
10.15 158.99
10.16 158.18
10.17 158.05
10.18 157.63
10.19 157.08
10.2 156.71
10.21 156.62
10.22 157.08
10.23 157.94
10.24 79.19
10.25 157.87
10.26 158.22
10.27 158.72
10.28 158.84
10.29 159.63
10.3 159.9
10.31 159.73
10.32 160.04
10.33 159.98
10.34 159.87
10.35 160.08
10.36 160.09
10.37 160.15
10.38 160.1
10.39 159.82
10.4 159.63
10.41 159.12
10.42 158.49
10.43 158.13
10.44 158.09
10.45 158.05
10.46 157.96
10.47 158.12
10.48 158.38
10.49 158.59
10.5 158.58
10.51 158.52
10.52 158.49
10.53 158.85
10.54 158.52
10.55 158.01
10.56 158.39
10.57 158.47
10.58 158.47
10.59 158.24
10.6 157.89
10.61 158.16
10.62 158.02
10.63 157.59
10.64 157.9
10.65 158.48
10.66 158.11
10.67 157.59
10.68 158.21
10.69 158.35
10.7 159.0
10.71 159.74
10.72 159.28
10.73 159.74
10.74 159.62
10.75 159.29
10.76 159.45
10.77 159.34
10.78 79.18
10.79 157.83
10.8 157.9
10.81 157.66
10.82 157.89
10.83 157.6
10.84 157.09
10.85 157.97
10.86 158.09
10.87 157.62
10.88 158.5
10.89 159.65
10.9 159.86
10.91 160.08
10.92 161.33
10.93 162.22
10.94 163.1
10.95 163.27
10.96 163.47
10.97 163.64
10.98 163.14
10.99 162.72
11.0 162.49
11.01 161.72
11.02 158.77
11.03 152.61
11.04 149.19
11.05 150.31
11.06 148.42
11.07 142.74
11.08 137.87
11.09 134.93
11.1 132.44
11.11 130.79
11.12 127.73
11.13 125.36
11.14 124.39
11.15 123.71
11.16 126.25
11.17 129.34
11.18 134.11
11.19 138.75
11.2 141.9
11.21 142.25
11.22 140.74
11.23 138.98
11.24 139.32
11.25 139.09
11.26 138.22
11.27 137.94
11.28 137.87
11.29 138.16
11.3 139.12
11.31 141.79
11.32 144.79
11.33 147.8
11.34 151.95
11.35 155.09
11.36 158.5
11.37 161.86
11.38 164.36
11.39 166.26
11.4 168.14
11.41 169.35
11.42 169.92
11.43 170.24
11.44 170.4
11.45 170.71
11.46 170.9
11.47 170.9
11.48 171.4
11.49 172.14
11.5 172.93
11.51 173.37
11.52 173.75
11.53 174.08
11.54 174.58
11.55 175.17
11.56 175.64
11.57 176.2
11.58 176.75
11.59 176.91
11.6 176.55
11.61 176.18
11.62 176.0
11.63 175.78
11.64 175.13
11.65 174.66
11.66 175.05
11.67 175.92
11.68 176.38
11.69 176.56
11.7 177.25
11.71 177.82
11.72 177.91
11.73 177.96
11.74 177.44
11.75 177.01
11.76 177.19
11.77 177.07
11.78 177.01
11.79 177.41
11.8 177.73
11.81 177.43
11.82 177.15
11.83 177.36
11.84 177.84
11.85 177.93
11.86 177.65
11.87 177.28
11.88 176.31
11.89 176.05
11.9 89.42
11.91 177.52
11.92 177.22
11.93 176.23
11.94 174.83
11.95 171.02
11.96 168.15
11.97 169.95
11.98 174.34
11.99 175.63
12.0 175.65
12.01 176.0
12.02 175.7
12.03 174.44
12.04 174.69
12.05 174.15
12.06 173.28
12.07 172.52
12.08 171.79
12.09 172.17
12.1 169.89
12.11 167.18
12.12 164.62
12.13 160.73
12.14 159.93
12.15 164.21
12.16 168.5
12.17 171.01
12.18 172.22
12.19 172.28
12.2 172.03
12.21 171.97
12.22 171.52
12.23 171.95
12.24 172.56
12.25 172.68
12.26 173.55
12.27 173.77
12.28 173.95
12.29 173.99
12.3 174.27
12.31 174.99
12.32 175.5
12.33 176.01
12.34 175.76
12.35 175.84
12.36 176.48
12.37 176.64
12.38 176.69
12.39 176.45
12.4 176.3
12.41 176.49
12.42 176.22
12.43 175.68
12.44 175.57
12.45 175.81
12.46 174.93
12.47 174.48
12.48 174.98
12.49 175.4
12.5 175.55
12.51 175.17
12.52 175.34
12.53 175.54
12.54 175.8
12.55 176.57
12.56 177.56
12.57 177.86
12.58 178.72
12.59 180.07
12.6 180.65
12.61 181.12
12.62 180.38
12.63 176.19
12.64 165.92
12.65 148.39
12.66 136.35
12.67 67.56
12.68 66.33
12.69 65.74
12.7 0.0
12.71 63.29
12.72 64.44
12.73 62.7
12.74 62.19
12.75 124.15
12.76 61.22
12.77 65.87
12.78 66.65
12.79 64.37
12.8 68.12
12.81 68.54
12.82 66.53
12.83 0.0
12.84 66.06
12.85 66.1
12.86 64.88
12.87 64.72
12.88 141.3
12.89 126.59
12.9 66.51
12.91 65.88
12.92 66.38
12.93 75.54
12.94 0.0
12.95 68.17
12.96 136.02
12.97 136.75
12.98 75.7
12.99 0.0
13.0 0.0
13.01 94.0
13.02 122.71
13.03 157.0
13.04 168.24
13.05 71.71
13.06 141.89
13.07 143.05
13.08 143.42
13.09 144.16
13.1 145.58
13.11 146.67
13.12 146.58
13.13 147.0
13.14 148.74
13.15 150.56
13.16 151.88
13.17 152.7
13.18 154.45
13.19 156.1
13.2 157.42
13.21 158.84
13.22 160.36
13.23 161.34
13.24 162.83
13.25 164.21
13.26 165.1
13.27 166.2
13.28 166.67
13.29 166.92
13.3 166.95
13.31 167.38
13.32 168.03
13.33 168.12
13.34 168.38
13.35 168.31
13.36 168.49
13.37 169.34
13.38 169.84
13.39 170.3
13.4 170.97
13.41 172.17
13.42 173.03
13.43 173.2
13.44 172.67
13.45 172.94
13.46 173.3
13.47 172.96
13.48 172.59
13.49 172.06
13.5 171.76
13.51 172.13
13.52 172.36
13.53 172.15
13.54 171.75
13.55 171.93
13.56 171.81
13.57 171.71
13.58 86.3
13.59 172.68
13.6 171.91
13.61 172.29
13.62 172.88
13.63 173.23
13.64 172.8
13.65 172.19
13.66 173.05
13.67 173.34
13.68 173.16
13.69 172.53
13.7 172.99
13.71 174.31
13.72 173.11
13.73 171.78
13.74 172.44
13.75 173.42
13.76 173.91
13.77 173.72
13.78 173.95
13.79 173.61
13.8 174.98
13.81 179.9
13.82 181.17
13.83 179.81
13.84 176.83
13.85 174.49
13.86 175.75
13.87 178.2
13.88 177.87
13.89 177.51
13.9 178.38
13.91 178.9
13.92 179.31
13.93 179.93
13.94 179.92
13.95 180.21
13.96 180.32
13.97 180.28
13.98 181.04
13.99 181.12
14.0 180.56
14.01 178.85
14.02 175.72
14.03 171.94
14.04 170.33
14.05 171.72
14.06 174.26
14.07 178.78
14.08 181.89
14.09 184.1
14.1 184.64
14.11 184.13
14.12 182.23
14.13 175.21
14.14 171.36
14.15 171.25
14.16 170.82
14.17 170.98
14.18 170.86
14.19 171.11
14.2 171.31
14.21 171.29
14.22 172.31
14.23 172.18
14.24 171.12
14.25 171.6
14.26 171.89
14.27 172.07
14.28 173.37
14.29 172.74
14.3 165.32
14.31 157.02
14.32 149.92
14.33 133.11
14.34 120.39
14.35 108.32
14.36 98.1
14.37 117.78
14.38 60.01
14.39 62.19
14.4 67.46
14.41 137.82
14.42 61.57
14.43 63.36
14.44 63.81
14.45 62.05
14.46 100.79
14.47 0.0
14.48 222.94
14.49 188.53
14.5 179.57
14.51 176.89
14.52 172.4
14.53 169.96
14.54 169.64
14.55 169.7
14.56 170.65
14.57 171.32
14.58 171.91
14.59 172.48
14.6 173.35
14.61 173.69
14.62 87.31
14.63 87.77
14.64 88.14
14.65 88.37
14.66 176.59
14.67 175.6
14.68 174.64
14.69 174.77
14.7 174.91
14.71 171.22
14.72 164.5
14.73 151.17
14.74 149.42
14.75 101.01
14.76 93.35
14.77 0.0
14.78 69.34
14.79 147.91
14.8 143.72
14.81 93.55
14.82 0.0
14.83 183.32
14.84 173.88
14.85 171.62
14.86 171.96
14.87 171.89
14.88 171.25
14.89 172.28
14.9 174.59
14.91 176.6
14.92 177.64
14.93 178.88
14.94 179.72
14.95 180.37
14.96 183.36
14.97 184.76
14.98 182.61
14.99 180.38
15.0 177.73
15.01 88.21
15.02 176.2
15.03 175.69
15.04 175.65
15.05 175.56
15.06 174.53
15.07 173.95
15.08 174.24
15.09 174.49
15.1 174.11
15.11 173.29
15.12 86.58
15.13 173.33
15.14 172.96
15.15 172.87
15.16 172.73
15.17 172.67
15.18 172.8
15.19 172.76
15.2 173.19
15.21 174.5
15.22 175.35
15.23 176.02
15.24 174.27
15.25 167.54
15.26 155.56
15.27 142.66
15.28 126.93
15.29 119.21
15.3 72.41
15.31 59.85
15.32 120.45
15.33 65.81
15.34 60.6
15.35 60.64
15.36 60.96
15.37 60.84
15.38 122.21
15.39 121.11
15.4 127.56
15.41 61.91
15.42 56.0
15.43 62.96
15.44 61.67
15.45 62.75
15.46 62.69
15.47 124.76
15.48 61.02
15.49 62.89
15.5 63.6
15.51 65.64
15.52 67.15
15.53 192.9
15.54 0.0
15.55 132.78
15.56 132.02
15.57 61.53
15.58 60.92
15.59 64.58
15.6 67.11
15.61 66.93
15.62 61.48
15.63 119.55
15.64 113.6
15.65 0.0
15.66 70.08
15.67 65.91
15.68 114.77
15.69 152.53
15.7 150.81
15.71 68.64
15.72 139.13
15.73 68.88
15.74 63.47
15.75 63.35
15.76 165.23
15.77 161.32
15.78 135.98
15.79 134.09
15.8 133.92
15.81 134.94
15.82 136.3
15.83 138.15
15.84 139.48
15.85 141.41
15.86 143.58
15.87 145.42
15.88 147.38
15.89 148.49
15.9 149.6
15.91 150.31
15.92 151.61
15.93 153.08
15.94 154.35
15.95 155.87
15.96 157.25
15.97 158.37
15.98 159.69
15.99 161.37
16.0 162.72
16.01 163.98
16.02 165.25
16.03 166.11
16.04 167.35
16.05 168.26
16.06 169.18
16.07 170.04
16.08 170.08
16.09 170.8
16.1 171.66
16.11 171.62
16.12 171.49
16.13 171.28
16.14 170.85
16.15 171.39
16.16 171.32
16.17 171.03
16.18 171.69
16.19 171.98
16.2 172.14
16.21 172.43
16.22 172.99
16.23 173.08
16.24 173.22
16.25 172.65
16.26 172.67
16.27 172.46
16.28 172.86
16.29 173.95
16.3 173.68
16.31 173.94
16.32 174.62
16.33 174.96
16.34 174.9
16.35 175.21
16.36 175.47
16.37 175.45
16.38 175.92
16.39 175.5
16.4 174.91
16.41 175.15
16.42 174.51
16.43 173.57
16.44 173.15
16.45 172.22
16.46 171.12
16.47 172.46
16.48 172.85
16.49 172.28
16.5 173.45
16.51 173.63
16.52 175.56
16.53 179.79
16.54 182.18
16.55 183.2
16.56 182.46
16.57 177.65
16.58 171.73
16.59 168.72
16.6 170.68
16.61 174.63
16.62 179.91
16.63 181.88
16.64 179.06
16.65 178.27
16.66 177.77
16.67 177.7
16.68 178.29
16.69 178.3
16.7 174.7
16.71 166.64
16.72 155.26
16.73 133.02
16.74 116.55
16.75 100.82
16.76 100.12
16.77 113.28
16.78 65.31
16.79 94.8
16.8 0.0
16.81 121.46
16.82 0.0
16.83 175.08
16.84 164.13
16.85 163.92
16.86 165.23
16.87 166.95
16.88 168.88
16.89 171.12
16.9 173.34
16.91 175.54
16.92 177.01
16.93 177.62
16.94 178.1
16.95 178.61
16.96 178.76
16.97 178.52
16.98 178.67
16.99 179.09
17.0 179.1
17.01 179.07
17.02 179.1
17.03 179.23
17.04 179.24
17.05 179.01
17.06 178.32
17.07 178.25
17.08 179.28
17.09 179.85
17.1 179.91
17.11 179.88
17.12 178.67
17.13 176.28
17.14 175.46
17.15 179.38
17.16 183.03
17.17 183.31
17.18 184.12
17.19 184.94
17.2 184.95
17.21 184.19
17.22 181.41
17.23 180.68
17.24 183.39
17.25 183.23
17.26 182.49
17.27 180.55
17.28 179.82
17.29 179.66
17.3 179.11
17.31 178.76
17.32 178.68
17.33 178.32
17.34 177.97
17.35 89.04
17.36 88.93
17.37 178.47
17.38 178.63
17.39 178.48
17.4 177.85
17.41 89.06
17.42 177.74
17.43 176.96
17.44 177.07
17.45 88.86
17.46 178.02
17.47 177.91
17.48 88.93
17.49 88.84
17.5 89.06
17.51 178.63
17.52 178.38
17.53 89.47
17.54 89.65
17.55 178.54
17.56 178.33
17.57 177.96
17.58 177.91
17.59 178.27
17.6 178.22
17.61 89.22
17.62 178.51
17.63 178.64
17.64 179.01
17.65 179.04
17.66 178.74
17.67 178.46
17.68 178.44
17.69 178.01
17.7 177.46
17.71 178.0
17.72 178.56
17.73 178.31
17.74 177.62
17.75 177.44
17.76 178.05
17.77 179.16
17.78 179.43
17.79 179.53
17.8 179.17
17.81 178.28
17.82 178.4
17.83 178.95
17.84 179.55
17.85 89.75
17.86 179.37
17.87 179.32
17.88 178.78
17.89 178.67
17.9 178.91
17.91 178.83
17.92 178.89
17.93 179.22
17.94 180.14
17.95 180.95
17.96 177.42
17.97 165.03
17.98 158.99
17.99 155.11
18.0 143.9
18.01 138.79
18.02 138.36
18.03 137.47
18.04 79.94
18.05 117.88
18.06 125.27
18.07 159.01
18.08 157.42
18.09 149.85
18.1 130.79
18.11 76.53
18.12 0.0
18.13 0.0
18.14 0.0
18.15 0.0
18.16 0.0
18.17 60.55
18.18 64.26
18.19 138.45
18.2 77.89
18.21 117.16
18.22 117.05
18.23 63.65
18.24 63.7
18.25 63.58
18.26 63.58
18.27 117.41
18.28 138.97
18.29 138.09
18.3 60.31
18.31 110.07
18.32 109.77
18.33 65.93
18.34 131.86
18.35 65.33
18.36 65.35
18.37 64.03
18.38 109.94
18.39 68.67
18.4 69.13
18.41 104.59
18.42 136.23
18.43 139.74
18.44 0.0
18.45 67.28
18.46 137.26
18.47 62.77
18.48 64.4
18.49 60.51
18.5 129.12
18.51 61.49
18.52 65.6
18.53 62.57
18.54 114.56
18.55 60.32
18.56 62.31
18.57 64.86
18.58 62.94
18.59 122.34
18.6 117.02
18.61 117.63
18.62 117.36
18.63 135.65
18.64 124.99
18.65 121.53
18.66 121.67
18.67 122.85
18.68 125.18
18.69 127.84
18.7 130.97
18.71 134.81
18.72 139.24
18.73 142.92
18.74 146.83
18.75 150.44
18.76 154.12
18.77 157.5
18.78 160.95
18.79 164.31
18.8 167.43
18.81 170.01
18.82 172.32
18.83 174.68
18.84 177.1
18.85 179.32
18.86 181.27
18.87 182.74
18.88 184.48
18.89 186.78
18.9 189.08
18.91 190.02
18.92 191.1
18.93 191.98
18.94 192.36
18.95 192.69
18.96 192.75
18.97 193.28
18.98 194.08
18.99 193.98
19.0 194.43
19.01 194.7
19.02 194.24
19.03 194.29
19.04 194.42
19.05 194.6
19.06 194.78
19.07 194.35
19.08 194.02
19.09 193.93
19.1 194.1
19.11 195.06
19.12 196.53
19.13 197.59
19.14 197.34
19.15 197.03
19.16 196.39
19.17 195.83
19.18 195.82
19.19 196.14
19.2 196.63
19.21 196.61
19.22 196.9
19.23 197.14
19.24 197.13
19.25 98.91
19.26 198.21
19.27 198.65
19.28 99.17
19.29 198.33
19.3 66.0
19.31 65.98
19.32 99.02
19.33 198.88
19.34 198.83
19.35 198.37
19.36 66.23
19.37 198.77
19.38 198.26
19.39 198.25
19.4 198.12
19.41 198.06
19.42 197.63
19.43 197.08
19.44 197.1
19.45 197.38
19.46 197.93
19.47 198.47
19.48 198.73
19.49 198.79
19.5 198.41
19.51 198.29
19.52 198.05
19.53 196.96
19.54 196.44
19.55 196.73
19.56 196.85
19.57 197.07
19.58 197.8
19.59 198.08
19.6 197.8
19.61 197.69
19.62 197.79
19.63 197.72
19.64 197.99
19.65 198.49
19.66 198.73
19.67 198.72
19.68 198.06
19.69 197.92
19.7 198.65
19.71 198.16
19.72 197.54
19.73 197.86
19.74 197.96
19.75 197.86
19.76 197.9
19.77 198.19
19.78 197.98
19.79 197.66
19.8 198.12
19.81 198.5
19.82 198.44
19.83 198.89
19.84 199.25
19.85 199.49
19.86 199.9
19.87 199.51
19.88 199.39
19.89 199.15
19.9 198.99
19.91 198.77
19.92 198.97
19.93 199.46
19.94 199.36
19.95 199.42
19.96 199.67
19.97 199.72
19.98 199.09
19.99 198.77
20.0 199.74
20.01 200.18
20.02 199.26
20.03 199.31
20.04 200.02
20.05 200.65
20.06 201.06
20.07 202.22
20.08 204.11
20.09 203.87
20.1 202.81
20.11 67.11
20.12 67.08
20.13 67.1
20.14 201.66
20.15 67.16
20.16 67.28
20.17 202.33
20.18 202.65
20.19 203.11
20.2 202.77
20.21 203.77
20.22 202.63
20.23 67.32
20.24 201.87
20.25 200.67
20.26 201.01
20.27 201.29
20.28 201.84
20.29 202.02
20.3 202.73
20.31 203.88
20.32 203.24
20.33 204.11
20.34 206.05
20.35 207.47
20.36 208.77
20.37 208.68
20.38 204.39
20.39 201.48
20.4 204.36
20.41 208.22
20.42 207.83
20.43 206.48
20.44 102.78
20.45 102.04
20.46 101.78
20.47 203.26
20.48 203.21
20.49 101.46
20.5 101.2
20.51 202.95
20.52 67.61
20.53 67.54
20.54 67.51
20.55 101.5
20.56 101.52
20.57 101.58
20.58 101.6
20.59 202.82
20.6 202.12
20.61 201.39
20.62 200.67
20.63 66.85
20.64 66.83
20.65 100.34
20.66 100.22
20.67 200.34
20.68 67.11
20.69 101.15
20.7 202.58
20.71 202.74
20.72 203.14
20.73 101.44
20.74 101.57
20.75 203.09
20.76 67.78
20.77 67.42
20.78 67.07
20.79 100.32
20.8 200.19
20.81 200.47
20.82 200.74
20.83 201.67
20.84 202.55
20.85 67.92
20.86 68.1
20.87 102.25
20.88 203.79
20.89 202.73
20.9 203.02
20.91 202.58
20.92 67.36
20.93 100.93
20.94 67.08
20.95 100.44
20.96 200.64
20.97 200.78
20.98 201.19
20.99 202.18
21.0 203.45
21.01 67.94
21.02 67.88
21.03 67.84
21.04 202.84
21.05 202.98
21.06 67.46
21.07 67.34
21.08 67.41
21.09 67.51
21.1 67.69
21.11 67.84
21.12 203.76
21.13 67.99
21.14 68.1
21.15 68.49
21.16 68.68
21.17 68.72
21.18 68.68
21.19 68.5
21.2 204.79
21.21 204.59
21.22 205.22
21.23 205.67
21.24 68.19
21.25 68.15
21.26 102.33
21.27 205.27
21.28 205.15
21.29 102.41
21.3 102.22
21.31 203.74
21.32 67.53
21.33 67.52
21.34 67.61
21.35 67.68
21.36 203.28
21.37 203.15
21.38 201.71
21.39 201.06
21.4 201.29
21.41 66.98
21.42 66.73
21.43 199.53
21.44 198.92
21.45 199.45
21.46 99.98
21.47 199.77
21.48 200.95
21.49 197.56
21.5 191.77
21.51 187.03
21.52 181.18
21.53 177.45
21.54 175.91
21.55 176.02
21.56 182.47
21.57 191.2
21.58 192.66
21.59 190.8
21.6 189.24
21.61 188.11
21.62 186.91
21.63 186.69
21.64 186.96
21.65 186.27
21.66 185.88
21.67 185.12
21.68 184.58
21.69 185.01
21.7 183.83
21.71 182.02
21.72 178.4
21.73 171.1
21.74 160.21
21.75 142.55
21.76 130.62
21.77 121.2
21.78 114.08
21.79 125.0
21.8 66.57
21.81 63.84
21.82 66.59
21.83 109.38
21.84 177.64
21.85 221.47
21.86 206.15
21.87 80.75
21.88 161.28
21.89 160.44
21.9 157.77
21.91 155.91
21.92 154.84
21.93 155.66
21.94 155.64
21.95 152.96
21.96 151.84
21.97 152.28
21.98 152.85
21.99 153.9
22.0 155.18
22.01 156.81
22.02 157.74
22.03 158.8
22.04 159.59
22.05 159.66
22.06 160.1
22.07 160.81
22.08 160.34
22.09 160.35
22.1 160.31
22.11 160.21
22.12 160.62
22.13 160.85
22.14 159.99
22.15 159.5
22.16 159.82
22.17 159.05
22.18 159.33
22.19 159.31
22.2 159.2
22.21 159.66
22.22 158.83
22.23 157.88
22.24 158.5
22.25 158.15
22.26 157.96
22.27 159.33
22.28 159.69
22.29 159.22
22.3 159.32
22.31 79.64
22.32 159.48
22.33 158.37
22.34 153.66
22.35 157.39
22.36 160.27
22.37 160.28
22.38 161.68
22.39 162.45
22.4 161.6
22.41 162.17
22.42 164.32
22.43 162.5
22.44 160.45
22.45 160.26
22.46 158.93
22.47 158.98
22.48 159.77
22.49 159.51
22.5 159.84
22.51 159.15
22.52 159.56
22.53 161.53
22.54 162.01
22.55 162.66
22.56 162.62
22.57 163.1
22.58 164.56
22.59 163.12
22.6 165.82
22.61 167.98
22.62 167.47
22.63 167.65
22.64 166.38
22.65 165.08
22.66 164.8
22.67 166.22
22.68 166.72
22.69 164.6
22.7 164.86
22.71 164.44
22.72 163.42
22.73 163.8
22.74 164.1
22.75 164.4
22.76 164.65
22.77 164.82
22.78 165.35
22.79 164.42
22.8 164.25
22.81 164.82
22.82 164.36
22.83 164.07
22.84 163.89
22.85 164.57
22.86 165.22
22.87 165.22
22.88 166.16
22.89 166.12
22.9 165.68
22.91 165.49
22.92 164.7
22.93 164.34
22.94 164.24
22.95 164.28
22.96 164.02
22.97 164.42
22.98 165.94
22.99 165.27
23.0 165.92
23.01 167.85
23.02 169.01
23.03 170.15
23.04 170.39
23.05 170.13
23.06 168.77
23.07 168.22
23.08 168.43
23.09 168.94
23.1 169.27
23.11 169.03
23.12 169.37
23.13 168.43
23.14 167.75
23.15 166.68
23.16 166.25
23.17 166.05
23.18 165.39
23.19 165.6
23.2 164.94
23.21 164.57
23.22 164.83
23.23 165.87
23.24 166.78
23.25 167.04
23.26 168.06
23.27 166.41
23.28 165.37
23.29 165.8
23.3 165.1
23.31 163.93
23.32 162.19
23.33 159.77
23.34 158.03
23.35 154.46
23.36 148.41
23.37 143.41
23.38 147.68
23.39 157.35
23.4 158.94
23.41 193.29
23.42 188.06
23.43 172.0
23.44 167.05
23.45 163.47
23.46 159.54
23.47 156.08
23.48 153.67
23.49 154.25
23.5 155.26
23.51 155.64
23.52 155.72
23.53 156.81
23.54 157.11
23.55 156.69
23.56 157.39
23.57 157.74
23.58 157.96
23.59 158.06
23.6 158.05
23.61 157.54
23.62 157.63
23.63 158.52
23.64 158.74
23.65 159.45
23.66 160.69
23.67 160.34
23.68 80.53
23.69 161.64
23.7 160.32
23.71 160.92
23.72 160.58
23.73 79.83
23.74 159.77
23.75 160.56
23.76 162.11
23.77 161.47
23.78 160.85
23.79 162.79
23.8 81.58
23.81 162.69
23.82 162.28
23.83 161.68
23.84 81.45
23.85 81.55
23.86 162.49
23.87 162.67
23.88 162.46
23.89 80.82
23.9 161.41
23.91 161.16
23.92 80.77
23.93 161.92
23.94 161.66
23.95 161.0
23.96 160.84
23.97 160.38
23.98 160.15
23.99 160.18
24.0 79.9
24.01 159.87
24.02 159.25
24.03 146.63
24.04 151.84
24.05 153.39
24.06 150.65
24.07 149.6
24.08 150.26
24.09 153.29
24.1 153.3
24.11 154.46
24.12 159.53
24.13 164.84
24.14 173.75
24.15 177.71
24.16 173.37
24.17 168.42
24.18 164.19
24.19 162.44
24.2 159.86
24.21 158.67
24.22 159.17
24.23 160.26
24.24 81.09
24.25 81.57
24.26 163.05
24.27 164.87
24.28 165.08
24.29 165.44
24.3 165.95
24.31 165.12
24.32 164.97
24.33 164.09
24.34 163.92
24.35 164.66
24.36 164.16
24.37 164.82
24.38 165.89
24.39 165.83
24.4 164.5
24.41 163.31
24.42 163.86
24.43 163.86
24.44 164.09
24.45 81.81
24.46 162.83
24.47 163.05
24.48 162.83
24.49 163.45
24.5 164.94
24.51 165.32
24.52 165.8
24.53 165.65
24.54 164.8
24.55 82.58
24.56 164.2
24.57 162.96
24.58 81.22
24.59 162.53
24.6 163.57
24.61 163.15
24.62 163.24
24.63 163.9
24.64 162.9
24.65 162.67
24.66 161.88
24.67 161.42
24.68 162.04
24.69 162.59
24.7 163.67
24.71 163.8
24.72 162.39
24.73 81.71
24.74 81.81
24.75 163.82
24.76 164.05
24.77 163.61
24.78 163.82
24.79 82.16
24.8 164.68
24.81 82.33
24.82 81.64
24.83 163.43
24.84 162.17
24.85 161.38
24.86 160.94
24.87 160.04
24.88 160.92
24.89 161.35
24.9 161.05
24.91 162.32
24.92 159.16
24.93 160.77
24.94 163.89
24.95 166.47
24.96 170.6
24.97 175.28
24.98 178.29
24.99 181.98
25.0 185.25
25.01 186.64
25.02 187.92
25.03 186.85
25.04 185.67
25.05 184.33
25.06 183.46
25.07 181.43
25.08 180.18
25.09 179.7
25.1 180.08
25.11 181.49
25.12 182.68
25.13 183.55
25.14 184.0
25.15 184.39
25.16 183.66
25.17 183.19
25.18 183.3
25.19 182.49
25.2 182.09
25.21 181.57
25.22 180.73
25.23 180.77
25.24 181.48
25.25 181.29
25.26 180.73
25.27 180.74
25.28 179.69
25.29 179.31
25.3 89.37
25.31 178.25
25.32 178.98
25.33 179.29
25.34 179.38
25.35 179.32
25.36 180.24
25.37 60.08
25.38 90.09
25.39 180.22
25.4 179.19
25.41 179.16
25.42 179.6
25.43 178.83
25.44 178.51
25.45 179.12
25.46 178.93
25.47 179.31
25.48 179.22
25.49 178.99
25.5 179.12
25.51 179.43
25.52 179.05
25.53 179.19
25.54 179.12
25.55 178.7
25.56 179.5
25.57 178.88
25.58 176.14
25.59 176.29
25.6 89.03
25.61 177.11
25.62 177.09
25.63 179.39
25.64 179.85
25.65 178.91
25.66 60.15
25.67 59.94
25.68 179.13
25.69 178.69
25.7 178.11
25.71 177.24
25.72 177.09
25.73 178.09
25.74 177.82
25.75 178.82
25.76 179.11
25.77 178.84
25.78 180.43
25.79 60.31
25.8 181.07
25.81 181.35
25.82 181.68
25.83 180.94
25.84 180.44
25.85 180.01
25.86 180.51
25.87 60.09
25.88 90.08
25.89 180.12
25.9 89.63
25.91 89.73
25.92 180.52
25.93 90.1
25.94 89.78
25.95 178.63
25.96 179.65
25.97 179.41
25.98 179.36
25.99 178.82
26.0 178.96
26.01 179.74
26.02 59.99
26.03 59.99
26.04 60.04
26.05 180.72
26.06 180.19
26.07 180.39
26.08 180.32
26.09 179.54
26.1 179.61
26.11 59.91
26.12 179.38
26.13 180.6
26.14 179.47
26.15 60.39
26.16 60.26
26.17 60.14
26.18 60.02
26.19 59.85
26.2 179.36
26.21 180.04
26.22 179.77
26.23 179.09
26.24 60.03
26.25 90.23
26.26 60.24
26.27 60.4
26.28 60.51
26.29 60.41
26.3 90.58
26.31 181.51
26.32 180.51
26.33 60.31
26.34 180.65
26.35 60.53
26.36 181.77
26.37 181.28
26.38 60.34
26.39 60.08
26.4 59.93
26.41 89.96
26.42 179.93
26.43 60.01
26.44 59.92
26.45 179.22
26.46 179.31
26.47 179.98
26.48 181.36
26.49 60.16
26.5 60.25
26.51 60.54
26.52 60.26
26.53 60.27
26.54 60.46
26.55 60.45
26.56 181.75
26.57 180.21
26.58 180.96
26.59 60.29
26.6 60.49
26.61 182.26
26.62 181.46
26.63 91.07
26.64 60.32
26.65 180.72
26.66 180.46
26.67 179.19
26.68 178.71
26.69 178.6
26.7 88.78
26.71 89.09
26.72 89.65
26.73 179.46
26.74 180.11
26.75 180.17
26.76 60.11
26.77 180.33
26.78 180.88
26.79 180.07
26.8 180.26
26.81 180.96
26.82 180.41
26.83 180.78
26.84 60.13
26.85 60.27
26.86 180.8
26.87 181.66
26.88 182.1
26.89 60.46
26.9 60.38
26.91 60.45
26.92 60.41
26.93 181.09
26.94 91.1
26.95 91.39
26.96 91.15
26.97 182.68
26.98 185.05
26.99 62.64
27.0 188.17
27.01 186.72
27.02 182.86
27.03 175.56
27.04 169.28
27.05 161.93
27.06 135.0
27.07 89.38
27.08 0.0
27.09 0.0
27.1 0.0
27.11 112.6
27.12 116.35
27.13 87.77
27.14 0.0
27.15 0.0
27.16 60.44
27.17 62.75
27.18 61.72
27.19 111.47
27.2 116.64
27.21 63.8
27.22 64.45
27.23 63.67
27.24 124.35
27.25 0.0
27.26 0.0
27.27 125.52
27.28 110.78
27.29 63.81
27.3 63.68
27.31 60.3
27.32 0.0
27.33 0.0
27.34 0.0
27.35 93.51
27.36 0.0
27.37 0.0
27.38 60.89
27.39 69.79
27.4 133.07
27.41 128.79
27.42 131.94
27.43 117.98
27.44 69.91
27.45 136.91
27.46 127.29
27.47 109.39
27.48 0.0
27.49 137.52
27.5 88.99
27.51 78.55
27.52 74.09
27.53 146.72
27.54 119.3
27.55 73.4
27.56 73.14
27.57 75.54
27.58 118.77
27.59 0.0
27.6 160.2
27.61 141.44
27.62 140.21
27.63 141.65
27.64 143.43
27.65 145.18
27.66 146.2
27.67 146.17
27.68 144.48
27.69 142.73
27.7 144.46
27.71 146.92
27.72 148.22
27.73 148.72
27.74 149.08
27.75 149.43
27.76 149.52
27.77 149.78
27.78 150.81
27.79 151.77
27.8 153.03
27.81 154.32
27.82 155.63
27.83 157.05
27.84 158.81
27.85 160.3
27.86 161.98
27.87 163.26
27.88 164.27
27.89 165.43
27.9 166.64
27.91 167.99
27.92 168.75
27.93 169.05
27.94 169.21
27.95 170.1
27.96 171.57
27.97 172.77
27.98 173.72
27.99 174.51
28.0 175.08
28.01 176.2
28.02 177.07
28.03 177.35
28.04 177.51
28.05 177.79
28.06 177.69
28.07 177.24
28.08 177.21
28.09 177.8
28.1 178.64
28.11 179.03
28.12 179.01
28.13 178.81
28.14 178.7
28.15 179.02
28.16 179.04
28.17 179.07
28.18 179.19
28.19 179.18
28.2 179.63
28.21 180.08
28.22 180.09
28.23 180.18
28.24 180.28
28.25 180.8
28.26 181.34
28.27 181.65
28.28 181.88
28.29 181.62
28.3 181.32
28.31 180.74
28.32 179.67
28.33 179.3
28.34 179.37
28.35 179.44
28.36 179.25
28.37 179.04
28.38 179.32
28.39 179.51
28.4 179.73
28.41 179.94
28.42 180.36
28.43 181.16
28.44 181.67
28.45 181.91
28.46 181.7
28.47 181.47
28.48 181.5
28.49 181.3
28.5 181.4
28.51 181.56
28.52 181.18
28.53 180.79
28.54 180.15
28.55 179.23
28.56 179.07
28.57 179.49
28.58 179.71
28.59 180.12
28.6 180.32
28.61 180.41
28.62 180.61
28.63 180.92
28.64 180.88
28.65 180.98
28.66 181.03
28.67 180.74
28.68 180.8
28.69 180.39
28.7 179.74
28.71 179.16
28.72 178.8
28.73 178.51
28.74 178.38
28.75 178.49
28.76 178.69
28.77 179.35
28.78 179.52
28.79 179.21
28.8 178.95
28.81 178.64
28.82 178.55
28.83 178.46
28.84 178.23
28.85 177.94
28.86 177.87
28.87 177.71
28.88 177.49
28.89 177.29
28.9 177.17
28.91 176.93
28.92 176.67
28.93 176.65
28.94 176.41
28.95 175.02
28.96 170.91
28.97 165.39
28.98 157.41
28.99 149.49
29.0 132.81
29.01 118.92
29.02 111.92
29.03 103.56
29.04 100.24
29.05 106.63
29.06 109.56
29.07 108.09
29.08 157.96
29.09 141.74
29.1 137.72
29.11 135.99
29.12 136.62
29.13 135.96
29.14 135.29
29.15 135.16
29.16 135.1
29.17 136.85
29.18 141.79
29.19 147.12
29.2 157.74
29.21 167.18
29.22 171.6
29.23 172.52
29.24 173.29
29.25 173.5
29.26 173.83
29.27 174.11
29.28 173.96
29.29 174.39
29.3 175.05
29.31 174.78
29.32 174.6
29.33 174.25
29.34 87.71
29.35 175.14
29.36 175.18
29.37 174.71
29.38 87.61
29.39 175.25
29.4 175.92
29.41 176.45
29.42 88.73
29.43 88.74
29.44 177.36
29.45 177.59
29.46 177.01
29.47 177.08
29.48 178.06
29.49 178.18
29.5 177.19
29.51 176.62
29.52 177.12
29.53 177.24
29.54 176.91
29.55 177.36
29.56 177.93
29.57 177.26
29.58 175.94
29.59 174.74
29.6 174.43
29.61 174.36
29.62 174.53
29.63 174.99
29.64 174.96
29.65 174.66
29.66 174.76
29.67 175.24
29.68 175.53
29.69 175.52
29.7 176.15
29.71 178.15
29.72 179.44
29.73 176.15
29.74 170.23
29.75 158.59
29.76 147.16
29.77 135.46
29.78 124.63
29.79 118.35
29.8 114.32
29.81 113.85
29.82 90.41
29.83 0.0
29.84 62.39
29.85 63.01
29.86 126.09
29.87 0.0
29.88 0.0
29.89 161.77
29.9 165.39
29.91 157.3
29.92 152.21
29.93 153.38
29.94 155.06
29.95 158.02
29.96 165.43
29.97 172.34
29.98 176.2
29.99 176.71
30.0 175.95
30.01 175.33
30.02 174.8
30.03 175.63
30.04 176.46
30.05 176.89
30.06 176.69
30.07 176.87
30.08 178.11
30.09 178.81
30.1 178.61
30.11 178.08
30.12 178.01
30.13 177.47
30.14 177.12
30.15 177.14
30.16 178.7
30.17 175.43
30.18 170.2
30.19 163.09
30.2 157.62
30.21 156.12
30.22 159.05
30.23 166.9
30.24 171.97
30.25 170.8
30.26 168.08
30.27 164.92
30.28 160.51
30.29 154.83
30.3 152.19
30.31 151.11
30.32 155.4
30.33 162.59
30.34 174.78
30.35 178.13
30.36 176.16
30.37 175.58
30.38 174.76
30.39 166.36
30.4 162.84
30.41 166.42
30.42 170.53
30.43 175.25
30.44 175.9
30.45 176.74
30.46 177.06
30.47 176.02
30.48 174.98
30.49 173.77
30.5 172.75
30.51 173.11
30.52 173.43
30.53 174.01
30.54 175.0
30.55 175.17
30.56 174.57
30.57 173.77
30.58 173.1
30.59 173.19
30.6 173.88
30.61 174.87
30.62 176.64
30.63 179.37
30.64 181.89
30.65 181.7
30.66 169.93
30.67 165.92
30.68 158.74
30.69 146.37
30.7 128.82
30.71 110.87
30.72 60.18
30.73 114.85
30.74 63.75
30.75 64.63
30.76 132.03
30.77 131.63
30.78 0.0
30.79 174.91
30.8 166.33
30.81 166.84
30.82 168.51
30.83 169.14
30.84 170.01
30.85 170.93
30.86 171.62
30.87 172.13
30.88 172.58
30.89 172.91
30.9 172.77
30.91 172.75
30.92 172.76
30.93 173.01
30.94 173.62
30.95 174.09
30.96 174.51
30.97 174.84
30.98 175.54
30.99 176.43
31.0 177.01
31.01 177.52
31.02 178.13
31.03 178.53
31.04 178.83
31.05 178.62
31.06 177.95
31.07 177.86
31.08 177.5
31.09 177.34
31.1 177.86
31.11 178.17
31.12 177.69
31.13 177.2
31.14 177.48
31.15 177.4
31.16 177.36
31.17 177.99
31.18 177.8
31.19 177.69
31.2 178.74
31.21 178.86
31.22 179.62
31.23 180.4
31.24 179.98
31.25 179.95
31.26 180.39
31.27 180.63
31.28 180.52
31.29 179.83
31.3 179.2
31.31 178.58
31.32 178.61
31.33 178.77
31.34 179.15
31.35 179.72
31.36 180.13
31.37 179.74
31.38 179.92
31.39 180.3
31.4 178.08
31.41 173.59
31.42 166.36
31.43 156.32
31.44 136.81
31.45 122.34
31.46 114.08
31.47 60.68
31.48 118.94
31.49 61.56
31.5 64.59
31.51 62.43
31.52 59.73
31.53 60.14
31.54 65.82
31.55 124.15
31.56 125.46
31.57 64.33
31.58 67.02
31.59 60.26
31.6 63.35
31.61 61.89
31.62 62.98
31.63 64.03
31.64 62.12
31.65 0.0
31.66 0.0
31.67 61.7
31.68 60.84
31.69 61.75
31.7 63.28
31.71 62.78
31.72 126.97
31.73 61.05
31.74 63.44
31.75 61.5
31.76 112.24
31.77 0.0
31.78 62.15
31.79 61.72
31.8 112.51
31.81 116.51
31.82 66.1
31.83 63.57
31.84 60.5
31.85 106.82
31.86 61.01
31.87 63.09
31.88 0.0
31.89 118.42
31.9 62.47
31.91 144.1
31.92 66.65
31.93 0.0
31.94 60.5
31.95 61.09
31.96 62.09
31.97 68.47
31.98 64.86
31.99 61.32
32.0 0.0
32.01 0.0
32.02 135.76
32.03 76.65
32.04 79.68
32.05 76.49
32.06 70.25
32.07 71.83
32.08 71.03
32.09 71.85
32.1 74.0
32.11 71.94
32.12 142.92
32.13 136.34
32.14 80.76
32.15 143.07
32.16 142.49
32.17 0.0
32.18 0.0
32.19 173.66
32.2 150.39
32.21 150.71
32.22 155.45
32.23 158.84
32.24 163.36
32.25 168.6
32.26 173.99
32.27 179.0
32.28 183.33
32.29 186.64
32.3 189.27
32.31 191.74
32.32 193.89
32.33 194.92
32.34 195.93
32.35 196.71
32.36 197.09
32.37 196.83
32.38 194.44
32.39 191.22
32.4 188.71
32.41 185.54
32.42 181.59
32.43 176.89
32.44 172.14
32.45 171.04
32.46 176.8
32.47 193.52
32.48 207.22
32.49 209.97
32.5 209.61
32.51 207.57
32.52 205.54
32.53 198.65
32.54 189.04
32.55 186.09
32.56 182.39
32.57 177.79
32.58 174.96
32.59 175.66
32.6 181.47
32.61 191.96
32.62 201.16
32.63 204.73
32.64 204.49
32.65 204.38
32.66 203.71
32.67 201.81
32.68 201.04
32.69 200.84
32.7 200.75
32.71 200.86
32.72 200.99
32.73 201.56
32.74 202.03
32.75 201.98
32.76 202.19
32.77 201.99
32.78 201.66
32.79 201.23
32.8 200.72
32.81 200.5
32.82 200.43
32.83 200.33
32.84 200.2
32.85 200.45
32.86 201.15
32.87 201.73
32.88 202.0
32.89 201.7
32.9 202.17
32.91 201.21
32.92 199.53
32.93 205.11
32.94 205.72
32.95 203.02
32.96 201.02
32.97 198.16
32.98 199.34
32.99 200.29
33.0 199.11
33.01 201.11
33.02 201.43
33.03 201.41
33.04 201.64
33.05 201.15
33.06 200.91
33.07 201.14
33.08 201.32
33.09 201.32
33.1 201.69
33.11 202.16
33.12 201.64
33.13 200.46
33.14 200.12
33.15 200.52
33.16 200.98
33.17 200.93
33.18 200.81
33.19 200.82
33.2 200.56
33.21 199.34
33.22 196.31
33.23 192.49
33.24 180.59
33.25 173.12
33.26 161.84
33.27 149.68
33.28 139.34
33.29 131.87
33.3 121.26
33.31 121.27
33.32 0.0
33.33 186.59
33.34 190.68
33.35 193.02
33.36 194.37
33.37 195.67
33.38 195.41
33.39 194.53
33.4 193.42
33.41 193.8
33.42 195.35
33.43 196.12
33.44 196.91
33.45 196.95
33.46 196.46
33.47 196.42
33.48 195.67
33.49 194.75
33.5 194.47
33.51 194.47
33.52 194.76
33.53 195.07
33.54 195.58
33.55 196.15
33.56 197.67
33.57 200.08
33.58 198.72
33.59 193.35
33.6 187.79
33.61 181.3
33.62 172.81
33.63 159.16
33.64 139.9
33.65 127.74
33.66 117.43
33.67 116.6
33.68 65.9
33.69 0.0
33.7 110.62
33.71 0.0
33.72 0.0
33.73 0.0
33.74 189.88
33.75 190.71
33.76 194.41
33.77 197.52
33.78 199.35
33.79 199.9
33.8 199.41
33.81 199.36
33.82 66.98
33.83 201.36
33.84 200.44
33.85 200.79
33.86 100.55
33.87 200.7
33.88 197.46
33.89 192.1
33.9 187.72
33.91 184.97
33.92 181.12
33.93 176.41
33.94 172.98
33.95 171.06
33.96 176.8
33.97 189.85
33.98 195.74
33.99 195.91
34.0 195.38
34.01 194.58
34.02 193.18
34.03 191.61
34.04 189.59
34.05 188.27
34.06 185.27
34.07 179.49
34.08 176.73
34.09 173.96
34.1 171.86
34.11 174.14
34.12 180.56
34.13 189.26
34.14 193.57
34.15 195.84
34.16 196.58
34.17 195.98
34.18 196.64
34.19 197.12
34.2 196.67
34.21 197.35
34.22 197.53
34.23 197.86
34.24 198.52
34.25 198.77
34.26 198.86
34.27 199.22
34.28 199.02
34.29 199.76
34.3 200.12
34.31 199.28
34.32 199.28
34.33 199.47
34.34 199.02
34.35 198.38
34.36 198.43
34.37 196.59
34.38 195.46
34.39 190.26
34.4 192.22
34.41 199.02
34.42 196.93
34.43 197.64
34.44 198.96
34.45 198.67
34.46 197.84
34.47 197.37
34.48 198.81
34.49 199.56
34.5 199.75
34.51 200.17
34.52 200.54
34.53 199.58
34.54 198.69
34.55 198.95
34.56 198.81
34.57 197.44
34.58 196.62
34.59 194.98
34.6 192.42
34.61 189.5
34.62 185.04
34.63 177.79
34.64 170.35
34.65 160.64
34.66 148.61
34.67 138.32
34.68 121.5
34.69 112.33
34.7 107.98
34.71 127.16
34.72 129.59
34.73 132.99
34.74 136.97
34.75 0.0
34.76 63.71
34.77 67.52
34.78 138.21
34.79 134.31
34.8 0.0
34.81 193.55
34.82 193.92
34.83 172.93
34.84 167.1
34.85 171.42
34.86 172.14
34.87 170.08
34.88 164.69
34.89 156.23
34.9 150.9
34.91 151.65
34.92 151.43
34.93 151.33
34.94 151.67
34.95 152.41
34.96 153.67
34.97 154.22
34.98 154.86
34.99 154.95
35.0 154.75
35.01 155.05
35.02 155.13
35.03 155.27
35.04 155.35
35.05 155.37
35.06 155.65
35.07 155.62
35.08 156.07
35.09 156.18
35.1 156.27
35.11 157.02
35.12 157.27
35.13 157.48
35.14 157.65
35.15 157.68
35.16 157.78
35.17 158.12
35.18 158.25
35.19 158.43
35.2 159.26
35.21 159.58
35.22 158.82
35.23 158.68
35.24 158.54
35.25 158.23
35.26 158.46
35.27 158.44
35.28 158.04
35.29 158.3
35.3 158.87
35.31 159.57
35.32 160.68
35.33 160.65
35.34 160.71
35.35 161.36
35.36 160.81
35.37 160.58
35.38 160.82
35.39 160.45
35.4 160.16
35.41 159.93
35.42 159.78
35.43 160.06
35.44 159.83
35.45 159.65
35.46 160.46
35.47 160.62
35.48 160.64
35.49 161.23
35.5 160.85
35.51 160.2
35.52 160.07
35.53 160.34
35.54 160.68
35.55 161.22
35.56 161.08
35.57 160.83
35.58 160.57
35.59 160.19
35.6 159.86
35.61 158.62
35.62 158.59
35.63 159.59
35.64 159.68
35.65 79.5
35.66 79.45
35.67 158.41
35.68 158.43
35.69 158.88
35.7 158.86
35.71 159.59
35.72 159.58
35.73 159.06
35.74 159.75
35.75 160.55
35.76 160.07
35.77 160.23
35.78 160.34
35.79 159.19
35.8 158.61
35.81 158.2
35.82 157.32
35.83 157.1
35.84 157.11
35.85 156.95
35.86 156.97
35.87 157.43
35.88 158.3
35.89 160.59
35.9 160.99
35.91 157.82
35.92 151.57
35.93 142.48
35.94 129.54
35.95 78.32
35.96 435.62
35.97 62.73
35.98 64.68
35.99 64.25
36.0 117.91
36.01 60.28
36.02 64.87
36.03 61.33
36.04 60.54
36.05 61.42
36.06 61.66
36.07 63.06
36.08 63.87
36.09 61.96
36.1 61.76
36.11 63.72
36.12 61.81
36.13 61.69
36.14 64.09
36.15 63.67
36.16 145.74
36.17 0.0
36.18 0.0
36.19 0.0
36.2 0.0
36.21 60.5
36.22 60.51
36.23 62.65
36.24 62.97
36.25 119.99
36.26 125.37
36.27 0.0
36.28 0.0
36.29 0.0
36.3 64.69
36.31 152.33
36.32 61.92
36.33 60.57
36.34 60.88
36.35 65.14
36.36 63.61
36.37 135.95
36.38 0.0
36.39 147.68
36.4 136.53
36.41 132.81
36.42 131.27
36.43 128.44
36.44 124.43
36.45 120.18
36.46 115.65
36.47 111.71
36.48 108.46
36.49 108.08
36.5 117.46
36.51 131.76
36.52 137.73
36.53 139.29
36.54 138.21
36.55 138.37
36.56 137.47
36.57 136.56
36.58 137.34
36.59 138.87
36.6 141.02
36.61 142.67
36.62 145.02
36.63 147.58
36.64 150.56
36.65 152.85
36.66 155.47
36.67 157.82
36.68 159.39
36.69 161.14
36.7 163.94
36.71 166.07
36.72 167.91
36.73 169.11
36.74 170.85
36.75 172.59
36.76 172.77
36.77 173.11
36.78 172.88
36.79 172.44
36.8 172.35
36.81 172.65
36.82 173.08
36.83 173.6
36.84 174.56
36.85 175.46
36.86 176.16
36.87 176.9
36.88 177.77
36.89 178.44
36.9 179.1
36.91 179.46
36.92 179.57
36.93 179.33
36.94 179.59
36.95 180.25
36.96 180.51
36.97 180.71
36.98 180.48
36.99 180.14
37.0 179.99
37.01 179.59
37.02 178.42
37.03 177.53
37.04 177.02
37.05 176.53
37.06 175.98
37.07 175.96
37.08 176.58
37.09 177.16
37.1 177.49
37.11 176.19
37.12 177.84
37.13 180.33
37.14 178.41
37.15 172.81
37.16 161.68
37.17 151.31
37.18 141.57
37.19 135.5
37.2 129.17
37.21 136.28
37.22 151.43
37.23 162.84
37.24 169.99
37.25 173.21
37.26 174.65
37.27 169.51
37.28 163.79
37.29 168.49
37.3 176.57
37.31 177.01
37.32 177.12
37.33 176.77
37.34 175.52
37.35 174.24
37.36 174.94
37.37 174.22
37.38 171.14
37.39 169.18
37.4 167.41
37.41 165.05
37.42 162.99
37.43 165.76
37.44 169.81
37.45 173.14
37.46 175.05
37.47 175.57
37.48 177.1
37.49 178.27
37.5 179.36
37.51 179.69
37.52 179.99
37.53 181.53
37.54 181.72
37.55 180.83
37.56 180.18
37.57 180.01
37.58 179.57
37.59 178.84
37.6 178.51
37.61 178.41
37.62 178.76
37.63 179.07
37.64 178.79
37.65 178.54
37.66 178.58
37.67 178.35
37.68 177.86
37.69 178.02
37.7 178.3
37.71 178.46
37.72 178.42
37.73 178.55
37.74 178.13
37.75 177.86
37.76 178.19
37.77 177.91
37.78 177.94
37.79 178.34
37.8 178.63
37.81 178.71
37.82 178.91
37.83 178.56
37.84 178.04
37.85 177.62
37.86 177.18
37.87 176.66
37.88 176.56
37.89 176.33
37.9 176.23
37.91 176.68
37.92 177.24
37.93 177.6
37.94 177.58
37.95 178.45
37.96 178.83
37.97 178.38
37.98 178.59
37.99 179.09
38.0 179.26
38.01 179.51
38.02 179.59
38.03 179.36
38.04 179.02
38.05 178.78
38.06 178.39
38.07 177.14
38.08 175.4
38.09 176.71
38.1 179.11
38.11 178.88
38.12 179.16
38.13 178.32
38.14 177.71
38.15 178.94
38.16 178.9
38.17 177.57
38.18 178.01
38.19 177.19
38.2 176.76
38.21 177.27
38.22 177.32
38.23 177.32
38.24 177.3
38.25 177.58
38.26 177.12
38.27 177.2
38.28 177.41
38.29 177.13
38.3 177.22
38.31 177.3
38.32 177.04
38.33 177.09
38.34 176.55
38.35 176.24
38.36 175.29
38.37 172.55
38.38 171.2
38.39 171.12
38.4 170.99
38.41 171.14
38.42 171.5
38.43 172.18
38.44 173.18
38.45 174.09
38.46 174.52
38.47 174.85
38.48 175.3
38.49 175.16
38.5 175.81
38.51 175.3
38.52 87.97
38.53 176.21
38.54 176.09
38.55 88.26
38.56 176.73
38.57 176.82
38.58 176.47
38.59 175.78
38.6 175.41
38.61 176.1
38.62 176.19
38.63 176.64
38.64 176.82
38.65 176.91
38.66 176.98
38.67 176.36
38.68 175.79
38.69 175.28
38.7 174.66
38.71 174.77
38.72 87.27
38.73 174.08
38.74 174.6
38.75 174.58
38.76 174.66
38.77 175.12
38.78 175.21
38.79 174.67
38.8 87.61
38.81 87.59
38.82 174.59
38.83 87.4
38.84 87.57
38.85 174.41
38.86 175.09
38.87 174.68
38.88 173.87
38.89 174.74
38.9 175.28
38.91 175.04
38.92 174.95
38.93 174.84
38.94 174.6
38.95 174.27
38.96 174.35
38.97 174.23
38.98 175.04
38.99 174.66
39.0 168.25
39.01 170.7
39.02 174.52
39.03 174.85
39.04 174.15
39.05 171.53
39.06 172.91
39.07 175.07
39.08 175.37
39.09 176.66
39.1 177.03
39.11 176.34
39.12 176.5
39.13 177.22
39.14 177.39
39.15 177.71
39.16 177.6
39.17 177.63
39.18 177.74
39.19 177.1
39.2 173.25
39.21 170.0
39.22 168.59
39.23 168.41
39.24 168.72
39.25 168.97
39.26 171.67
39.27 176.14
39.28 179.44
39.29 180.13
39.3 179.5
39.31 179.09
39.32 176.57
39.33 175.04
39.34 87.46
39.35 175.13
39.36 175.52
39.37 175.18
39.38 175.6
39.39 88.06
39.4 176.0
39.41 175.89
39.42 176.33
39.43 177.11
39.44 177.11
39.45 172.82
39.46 163.49
39.47 154.47
39.48 147.37
39.49 130.99
39.5 115.92
39.51 107.79
39.52 127.89
39.53 60.18
39.54 64.44
39.55 63.42
39.56 61.9
39.57 63.19
39.58 63.69
39.59 61.63
39.6 61.55
39.61 116.49
39.62 0.0
39.63 213.42
39.64 60.95
39.65 181.51
39.66 183.2
39.67 180.7
39.68 177.83
39.69 175.75
39.7 174.91
39.71 174.99
39.72 175.23
39.73 175.9
39.74 176.43
39.75 176.77
39.76 177.26
39.77 177.33
39.78 176.8
39.79 176.32
39.8 176.35
39.81 177.11
39.82 177.74
39.83 177.88
39.84 175.85
39.85 153.67
39.86 157.39
39.87 153.12
39.88 137.27
39.89 126.38
39.9 107.99
39.91 82.31
39.92 132.59
39.93 152.9
39.94 184.45
39.95 173.7
39.96 173.36
39.97 174.02
39.98 173.47
39.99 173.96
40.0 173.44
40.01 172.02
40.02 173.17
40.03 174.33
40.04 175.15
40.05 175.48
40.06 175.02
40.07 175.3
40.08 176.38
40.09 175.83
40.1 173.3
40.11 171.95
40.12 171.76
40.13 172.42
40.14 173.03
40.15 173.56
40.16 86.6
40.17 86.53
40.18 86.47
40.19 173.2
40.2 172.59
40.21 86.34
40.22 173.31
40.23 173.53
40.24 173.36
40.25 87.46
40.26 175.06
40.27 175.86
40.28 177.59
40.29 175.97
40.3 172.62
40.31 168.62
40.32 149.74
40.33 138.03
40.34 120.94
40.35 121.71
40.36 64.63
40.37 119.89
40.38 119.1
40.39 61.11
40.4 62.26
40.41 59.71
40.42 62.01
40.43 64.77
40.44 62.61
40.45 119.2
40.46 65.01
40.47 63.66
40.48 60.32
40.49 60.75
40.5 63.86
40.51 73.88
40.52 0.0
40.53 61.36
40.54 62.26
40.55 61.71
40.56 61.6
40.57 61.48
40.58 62.09
40.59 63.04
40.6 62.29
40.61 62.32
40.62 62.42
40.63 59.7
40.64 60.61
40.65 61.88
40.66 63.38
40.67 62.36
40.68 60.5
40.69 111.18
40.7 109.34
40.71 114.19
40.72 64.6
40.73 62.31
40.74 62.83
40.75 62.64
40.76 62.97
40.77 62.18
40.78 115.79
40.79 61.57
40.8 0.0
40.81 168.08
40.82 74.33
40.83 72.46
40.84 71.66
40.85 142.64
40.86 145.01
40.87 146.46
40.88 147.76
40.89 148.85
40.9 150.18
40.91 151.78
40.92 152.61
40.93 153.09
40.94 153.88
40.95 154.69
40.96 154.81
40.97 154.54
40.98 155.02
40.99 155.16
41.0 155.62
41.01 157.43
41.02 159.05
41.03 160.36
41.04 160.99
41.05 162.09
41.06 163.63
41.07 165.17
41.08 166.16
41.09 167.73
41.1 168.22
41.11 168.71
41.12 85.6
41.13 171.58
41.14 172.08
41.15 171.64
41.16 172.2
41.17 173.15
41.18 173.49
41.19 173.87
41.2 174.01
41.21 174.38
41.22 174.25
41.23 173.76
41.24 173.6
41.25 173.06
41.26 173.61
41.27 173.91
41.28 173.85
41.29 174.34
41.3 174.29
41.31 174.23
41.32 175.13
41.33 175.91
41.34 176.31
41.35 176.47
41.36 176.17
41.37 175.61
41.38 175.21
41.39 174.64
41.4 174.6
41.41 174.96
41.42 175.13
41.43 175.43
41.44 175.57
41.45 175.81
41.46 176.3
41.47 176.61
41.48 176.56
41.49 176.71
41.5 176.93
41.51 176.91
41.52 176.98
41.53 177.23
41.54 177.19
41.55 177.37
41.56 178.04
41.57 178.58
41.58 177.55
41.59 171.49
41.6 165.97
41.61 164.99
41.62 163.08
41.63 159.12
41.64 157.48
41.65 161.81
41.66 169.0
41.67 175.02
41.68 176.02
41.69 176.96
41.7 177.62
41.71 177.44
41.72 177.1
41.73 176.81
41.74 177.23
41.75 177.18
41.76 174.52
41.77 168.4
41.78 158.34
41.79 136.4
41.8 121.75
41.81 111.18
41.82 102.22
41.83 82.28
41.84 62.84
41.85 0.0
41.86 62.98
41.87 60.86
41.88 68.15
41.89 0.0
41.9 187.47
41.91 163.55
41.92 164.26
41.93 167.44
41.94 168.86
41.95 170.36
41.96 171.53
41.97 172.81
41.98 174.18
41.99 175.5
42.0 176.14
42.01 176.37
42.02 177.19
42.03 177.88
42.04 178.16
42.05 178.11
42.06 177.87
42.07 177.41
42.08 177.67
42.09 178.09
42.1 178.39
42.11 178.15
42.12 177.56
42.13 177.29
42.14 175.88
42.15 175.37
42.16 179.77
42.17 182.41
42.18 181.86
42.19 182.53
42.2 180.89
42.21 180.32
42.22 179.98
42.23 179.18
42.24 179.72
42.25 178.7
42.26 176.12
42.27 175.69
42.28 88.22
42.29 176.9
42.3 176.89
42.31 177.46
42.32 178.13
42.33 178.37
42.34 178.08
42.35 177.66
42.36 177.36
42.37 176.75
42.38 176.38
42.39 176.05
42.4 176.0
42.41 176.0
42.42 176.22
42.43 176.65
42.44 177.15
42.45 177.56
42.46 177.49
42.47 177.5
42.48 177.62
42.49 177.74
42.5 177.96
42.51 177.81
42.52 177.45
42.53 177.02
42.54 177.35
42.55 177.71
42.56 176.83
42.57 176.26
42.58 176.29
42.59 175.52
42.6 175.31
42.61 87.79
42.62 175.68
42.63 176.51
42.64 176.97
42.65 177.3
42.66 177.75
42.67 177.58
42.68 177.18
42.69 177.1
42.7 176.8
42.71 176.62
42.72 176.33
42.73 175.85
42.74 175.36
42.75 175.56
42.76 175.93
42.77 175.71
42.78 176.03
42.79 176.49
42.8 176.84
42.81 176.99
42.82 177.08
42.83 176.71
42.84 88.28
42.85 88.27
42.86 176.91
42.87 177.19
42.88 177.35
42.89 176.88
42.9 176.43
42.91 176.62
42.92 177.49
42.93 178.17
42.94 178.46
42.95 177.98
42.96 177.6
42.97 177.8
42.98 178.49
42.99 171.63
43.0 157.59
43.01 149.52
43.02 138.98
43.03 126.45
43.04 122.3
43.05 78.35
43.06 80.7
43.07 70.02
43.08 66.05
43.09 67.09
43.1 168.09
43.11 180.44
43.12 178.79
43.13 176.71
43.14 175.17
43.15 173.5
43.16 172.52
43.17 172.74
43.18 172.51
43.19 172.54
43.2 172.44
43.21 172.54
43.22 173.94
43.23 173.75
43.24 171.0
43.25 164.89
43.26 157.03
43.27 128.42
43.28 126.7
43.29 72.77
43.3 65.01
43.31 64.09
43.32 63.58
43.33 63.85
43.34 64.5
43.35 63.22
43.36 61.5
43.37 62.47
43.38 64.71
43.39 63.29
43.4 60.96
43.41 61.2
43.42 60.88
43.43 62.39
43.44 65.78
43.45 123.4
43.46 65.26
43.47 67.21
43.48 61.69
43.49 186.8
43.5 60.27
43.51 62.59
43.52 62.54
43.53 117.17
43.54 61.38
43.55 63.21
43.56 63.7
43.57 61.29
43.58 60.85
43.59 63.84
43.6 129.7
43.61 122.28
43.62 63.0
43.63 62.42
43.64 60.81
43.65 126.37
43.66 62.89
43.67 68.79
43.68 63.57
43.69 110.78
43.7 66.0
43.71 67.61
43.72 110.6
43.73 59.25
43.74 67.54
43.75 70.95
43.76 113.54
43.77 146.92
43.78 151.21
43.79 143.11
43.8 144.03
43.81 147.37
43.82 148.3
43.83 149.63
43.84 151.17
43.85 152.91
43.86 155.83
43.87 158.52
43.88 160.51
43.89 162.3
43.9 165.0
43.91 167.27
43.92 169.45
43.93 171.37
43.94 173.92
43.95 176.28
43.96 178.06
43.97 179.82
43.98 181.47
43.99 184.07
44.0 185.89
44.01 186.95
44.02 187.72
44.03 188.37
44.04 189.54
44.05 190.34
44.06 190.51
44.07 190.85
44.08 191.24
44.09 191.52
44.1 191.84
44.11 192.15
44.12 192.5
44.13 192.87
44.14 193.57
44.15 193.65
44.16 194.0
44.17 195.34
44.18 195.57
44.19 195.23
44.2 194.9
44.21 195.16
44.22 195.65
44.23 196.22
44.24 196.84
44.25 197.13
44.26 197.41
44.27 197.4
44.28 196.84
44.29 196.6
44.3 196.37
44.31 195.99
44.32 195.94
44.33 196.19
44.34 197.34
44.35 198.49
44.36 198.59
44.37 198.63
44.38 199.07
44.39 199.26
44.4 199.08
44.41 199.44
44.42 199.23
44.43 198.28
44.44 197.75
44.45 197.26
44.46 197.24
44.47 197.33
44.48 197.15
44.49 197.07
44.5 196.94
44.51 197.01
44.52 197.2
44.53 197.35
44.54 197.42
44.55 197.39
44.56 197.53
44.57 198.21
44.58 198.1
44.59 197.2
44.6 197.02
44.61 197.26
44.62 196.93
44.63 197.36
44.64 198.26
44.65 198.21
44.66 198.56
44.67 198.46
44.68 197.73
44.69 197.41
44.7 197.2
44.71 197.09
44.72 197.42
44.73 197.45
44.74 197.5
44.75 198.17
44.76 198.0
44.77 197.9
44.78 199.11
44.79 198.85
44.8 198.37
44.81 198.61
44.82 198.16
44.83 197.91
44.84 197.7
44.85 98.59
44.86 98.68
44.87 197.68
44.88 198.26
44.89 198.09
44.9 197.75
44.91 197.04
44.92 196.2
44.93 196.1
44.94 195.94
44.95 195.73
44.96 195.57
44.97 196.03
44.98 196.24
44.99 196.71
45.0 196.71
45.01 195.76
45.02 195.75
45.03 196.47
45.04 197.01
45.05 197.18
45.06 197.17
45.07 197.76
45.08 197.56
45.09 196.69
45.1 197.3
45.11 197.85
45.12 197.91
45.13 198.04
45.14 198.66
45.15 199.16
45.16 198.99
45.17 199.55
45.18 200.19
45.19 200.3
45.2 200.46
45.21 201.24
45.22 201.93
45.23 202.21
45.24 201.44
45.25 201.07
45.26 201.23
45.27 201.19
45.28 200.9
45.29 200.41
45.3 200.08
45.31 199.96
45.32 199.78
45.33 199.27
45.34 199.52
45.35 199.68
45.36 199.89
45.37 200.55
45.38 200.89
45.39 201.4
45.4 201.32
45.41 200.51
45.42 196.51
45.43 192.34
45.44 195.7
45.45 203.07
45.46 203.44
45.47 203.28
45.48 203.1
45.49 203.16
45.5 202.48
45.51 201.4
45.52 200.42
45.53 199.35
45.54 199.12
45.55 198.88
45.56 198.61
45.57 198.35
45.58 99.67
45.59 66.5
45.6 99.91
45.61 199.51
45.62 99.73
45.63 66.52
45.64 66.41
45.65 66.41
45.66 199.66
45.67 66.51
45.68 66.58
45.69 66.55
45.7 199.56
45.71 66.45
45.72 66.43
45.73 66.21
45.74 99.12
45.75 98.84
45.76 65.81
45.77 65.75
45.78 65.75
45.79 65.91
45.8 66.01
45.81 66.15
45.82 66.15
45.83 65.96
45.84 98.89
45.85 197.31
45.86 197.39
45.87 197.21
45.88 197.54
45.89 198.17
45.9 198.55
45.91 99.43
45.92 99.54
45.93 199.23
45.94 66.4
45.95 66.42
45.96 66.51
45.97 66.52
45.98 66.43
45.99 66.39
46.0 66.54
46.01 66.88
46.02 100.78
46.03 67.22
46.04 100.78
46.05 100.76
46.06 67.23
46.07 67.28
46.08 67.3
46.09 67.45
46.1 101.6
46.11 101.92
46.12 67.75
46.13 67.39
46.14 67.0
46.15 66.95
46.16 67.09
46.17 67.27
46.18 101.24
46.19 101.58
46.2 101.93
46.21 204.22
46.22 204.65
46.23 68.14
46.24 68.32
46.25 68.8
46.26 103.77
46.27 207.46
46.28 207.2
46.29 205.73
46.3 67.64
46.31 67.61
46.32 67.92
46.33 68.21
46.34 205.09
46.35 102.55
46.36 102.08
46.37 67.65
46.38 67.38
46.39 67.36
46.4 202.26
46.41 202.54
46.42 203.52
46.43 101.7
46.44 101.57
46.45 203.01
46.46 67.98
46.47 68.21
46.48 102.62
46.49 205.1
46.5 205.28
46.51 204.64
46.52 102.35
46.53 102.13
46.54 67.69
46.55 202.76
46.56 198.45
46.57 186.62
46.58 182.9
46.59 177.22
46.6 171.49
46.61 169.8
46.62 169.52
46.63 171.74
46.64 176.71
46.65 186.35
46.66 190.71
46.67 189.7
46.68 188.94
46.69 188.87
46.7 188.0
46.71 185.25
46.72 179.67
46.73 168.35
46.74 153.11
46.75 137.74
46.76 132.14
46.77 63.79
46.78 62.66
46.79 62.61
46.8 130.24
46.81 0.0
46.82 65.37
46.83 64.03
46.84 62.52
46.85 61.88
46.86 61.96
46.87 63.65
46.88 60.29
46.89 60.32
46.9 65.34
46.91 130.03
46.92 113.85
46.93 64.4
46.94 66.18
46.95 62.13
46.96 61.01
46.97 61.83
46.98 65.29
46.99 65.33
47.0 122.68
47.01 77.0
47.02 72.55
47.03 0.0
47.04 162.06
47.05 69.18
47.06 67.79
47.07 66.07
47.08 66.21
47.09 133.97
47.1 134.76
47.11 136.73
47.12 137.5
47.13 138.11
47.14 139.27
47.15 141.82
47.16 145.2
47.17 143.16
47.18 142.16
47.19 142.47
47.2 143.31
47.21 144.32
47.22 145.21
47.23 146.93
47.24 148.17
47.25 149.8
47.26 150.96
47.27 151.37
47.28 152.02
47.29 153.2
47.3 154.83
47.31 155.99
47.32 157.18
47.33 158.47
47.34 159.06
47.35 158.76
47.36 159.36
47.37 159.64
47.38 159.18
47.39 158.74
47.4 157.52
47.41 156.95
47.42 157.46
47.43 157.45
47.44 157.73
47.45 157.88
47.46 158.06
47.47 158.64
47.48 159.07
47.49 159.45
47.5 159.45
47.51 159.5
47.52 159.67
47.53 158.68
47.54 158.11
47.55 157.55
47.56 157.24
47.57 157.53
47.58 157.87
47.59 158.65
47.6 155.7
47.61 151.47
47.62 78.99
47.63 159.0
47.64 158.76
47.65 158.77
47.66 157.77
47.67 156.84
47.68 158.55
47.69 161.45
47.7 156.94
47.71 155.48
47.72 156.16
47.73 156.34
47.74 156.47
47.75 157.1
47.76 157.38
47.77 157.27
47.78 157.26
47.79 156.88
47.8 156.26
47.81 156.51
47.82 157.21
47.83 157.85
47.84 158.46
47.85 154.82
47.86 158.43
47.87 163.13
47.88 162.27
47.89 161.32
47.9 159.34
47.91 160.3
47.92 162.09
47.93 159.33
47.94 158.98
47.95 159.2
47.96 159.15
47.97 159.13
47.98 159.71
47.99 159.93
48.0 159.54
48.01 159.71
48.02 160.14
48.03 159.96
48.04 159.93
48.05 159.56
48.06 159.13
48.07 159.48
48.08 159.94
48.09 159.87
48.1 160.1
48.11 160.55
48.12 160.52
48.13 160.54
48.14 160.6
48.15 160.16
48.16 159.68
48.17 159.58
48.18 159.97
48.19 160.24
48.2 160.04
48.21 159.93
48.22 160.02
48.23 159.8
48.24 159.62
48.25 159.13
48.26 159.01
48.27 159.89
48.28 160.07
48.29 160.09
48.3 161.49
48.31 162.32
48.32 162.92
48.33 163.39
48.34 164.17
48.35 165.63
48.36 166.01
48.37 166.59
48.38 166.59
48.39 165.16
48.4 164.73
48.41 163.7
48.42 163.22
48.43 163.05
48.44 161.22
48.45 160.22
48.46 160.15
48.47 160.15
48.48 160.42
48.49 159.8
48.5 159.32
48.51 159.38
48.52 158.73
48.53 157.95
48.54 158.37
48.55 158.35
48.56 156.92
48.57 155.69
48.58 152.95
48.59 151.33
48.6 153.41
48.61 150.57
48.62 144.33
48.63 145.41
48.64 157.91
48.65 166.8
48.66 173.2
48.67 174.42
48.68 164.58
48.69 159.23
48.7 152.47
48.71 143.71
48.72 137.81
48.73 137.83
48.74 138.39
48.75 138.84
48.76 139.01
48.77 139.37
48.78 139.88
48.79 140.4
48.8 141.15
48.81 142.01
48.82 143.26
48.83 143.79
48.84 144.17
48.85 144.79
48.86 145.56
48.87 145.49
48.88 144.63
48.89 144.05
48.9 144.2
48.91 144.22
48.92 144.15
48.93 144.37
48.94 145.02
48.95 145.71
48.96 145.87
48.97 146.5
48.98 147.07
48.99 146.28
49.0 146.15
49.01 146.71
49.02 146.59
49.03 146.14
49.04 146.64
49.05 147.7
49.06 148.66
49.07 148.25
49.08 147.33
49.09 147.72
49.1 147.96
49.11 146.95
49.12 146.51
49.13 145.79
49.14 145.86
49.15 146.49
49.16 146.0
49.17 146.1
49.18 147.11
49.19 147.98
49.2 148.43
49.21 149.26
49.22 149.52
49.23 149.99
49.24 150.17
49.25 149.34
49.26 149.3
49.27 149.53
49.28 147.33
49.29 147.1
49.3 147.61
49.31 146.51
49.32 146.36
49.33 146.33
49.34 145.59
49.35 144.7
49.36 143.81
49.37 142.87
49.38 142.66
49.39 143.76
49.4 143.37
49.41 140.12
49.42 138.07
49.43 141.29
49.44 142.96
49.45 142.72
49.46 144.05
49.47 145.84
49.48 151.09
49.49 157.28
49.5 162.18
49.51 161.35
49.52 159.46
49.53 157.81
49.54 157.44
49.55 156.98
49.56 157.02
49.57 157.2
49.58 156.9
49.59 157.5
49.6 159.08
49.61 159.73
49.62 160.75
49.63 161.7
49.64 162.19
49.65 162.8
49.66 162.39
49.67 161.96
49.68 162.07
49.69 161.4
49.7 160.51
49.71 160.76
49.72 159.84
49.73 158.89
49.74 159.23
49.75 158.38
49.76 158.52
49.77 160.1
49.78 160.16
49.79 160.74
49.8 161.86
49.81 160.85
49.82 160.39
49.83 160.39
49.84 159.99
49.85 160.31
49.86 159.84
49.87 159.8
49.88 160.4
49.89 159.37
49.9 158.98
49.91 159.0
49.92 158.37
49.93 158.28
49.94 158.66
49.95 158.16
49.96 157.94
49.97 158.73
49.98 158.27
49.99 158.11
50.0 158.81
50.01 158.95
50.02 159.69
50.03 160.64
50.04 160.5
50.05 160.52
50.06 160.81
50.07 159.9
50.08 160.27
50.09 160.45
50.1 159.46
50.11 159.49
50.12 159.91
50.13 159.61
50.14 159.76
50.15 159.84
50.16 159.47
50.17 158.99
50.18 157.21
50.19 157.07
50.2 157.52
50.21 78.06
50.22 156.26
50.23 156.03
50.24 155.97
50.25 156.6
50.26 153.14
50.27 153.53
50.28 157.78
50.29 161.29
50.3 165.42
50.31 169.27
50.32 171.92
50.33 174.18
50.34 179.05
50.35 183.14
50.36 183.66
50.37 183.19
50.38 180.91
50.39 179.24
50.4 178.5
50.41 177.93
50.42 178.33
50.43 178.68
50.44 179.65
50.45 180.77
50.46 181.68
50.47 183.81
50.48 184.32
50.49 184.71
50.5 184.7
50.51 183.92
50.52 183.06
50.53 182.03
50.54 181.05
50.55 180.63
50.56 180.56
50.57 180.15
50.58 180.49
50.59 180.71
50.6 180.67
50.61 181.01
50.62 180.99
50.63 180.95
50.64 180.55
50.65 180.21
50.66 180.4
50.67 180.7
50.68 180.73
50.69 180.53
50.7 179.56
50.71 179.19
50.72 179.28
50.73 179.02
50.74 179.12
50.75 179.36
50.76 179.97
50.77 180.16
50.78 180.69
50.79 180.55
50.8 180.72
50.81 181.84
50.82 182.18
50.83 182.84
50.84 182.54
50.85 182.36
50.86 181.88
50.87 181.24
50.88 180.55
50.89 179.97
50.9 179.9
50.91 179.85
50.92 180.14
50.93 179.92
50.94 180.37
50.95 180.65
50.96 180.6
50.97 180.65
50.98 180.69
50.99 181.15
51.0 181.01
51.01 181.4
51.02 181.7
51.03 181.4
51.04 180.9
51.05 180.89
51.06 180.73
51.07 180.49
51.08 181.46
51.09 181.64
51.1 182.45
51.11 60.64
51.12 181.17
51.13 182.01
51.14 60.53
51.15 60.62
51.16 60.64
51.17 60.5
51.18 60.41
51.19 181.19
51.2 179.7
51.21 179.85
51.22 178.3
51.23 177.08
51.24 178.77
51.25 176.91
51.26 175.45
51.27 177.75
51.28 89.31
51.29 178.63
51.3 180.22
51.31 180.2
51.32 180.17
51.33 182.34
51.34 183.52
51.35 184.65
51.36 184.14
51.37 183.87
51.38 183.68
51.39 182.17
51.4 181.6
51.41 180.89
51.42 180.19
51.43 179.84
51.44 179.66
51.45 179.41
51.46 179.41
51.47 178.63
51.48 178.04
51.49 178.99
51.5 178.91
51.51 178.77
51.52 178.69
51.53 178.37
51.54 178.4
51.55 179.6
51.56 180.62
51.57 181.45
51.58 182.54
51.59 182.46
51.6 183.26
51.61 182.68
51.62 182.95
51.63 182.99
51.64 181.42
51.65 180.88
51.66 180.5
51.67 179.68
51.68 179.47
51.69 179.71
51.7 178.73
51.71 178.34
51.72 178.44
51.73 178.87
51.74 179.21
51.75 179.28
51.76 179.23
51.77 179.15
51.78 179.12
51.79 178.78
51.8 178.9
51.81 178.88
51.82 178.64
51.83 178.33
51.84 178.54
51.85 178.14
51.86 178.48
51.87 179.27
51.88 178.96
51.89 178.82
51.9 177.86
51.91 177.06
51.92 176.74
51.93 176.03
51.94 176.0
51.95 176.61
51.96 177.27
51.97 178.29
51.98 178.86
51.99 179.29
52.0 179.52
52.01 179.71
52.02 179.93
52.03 180.68
52.04 180.48
52.05 179.76
52.06 180.47
52.07 180.03
52.08 179.75
52.09 180.43
52.1 179.39
52.11 178.67
52.12 178.06
52.13 176.11
52.14 175.75
52.15 176.49
52.16 176.11
52.17 174.45
52.18 175.15
52.19 176.8
52.2 177.2
52.21 177.87
52.22 178.58
52.23 178.78
52.24 178.06
52.25 178.49
52.26 178.97
52.27 178.77
52.28 178.97
52.29 179.66
52.3 179.75
52.31 180.06
52.32 180.24
52.33 180.11
52.34 181.23
52.35 181.91
52.36 181.7
52.37 175.81
52.38 163.31
52.39 158.09
52.4 150.96
52.41 144.36
52.42 132.73
52.43 113.23
52.44 63.23
52.45 62.59
52.46 64.21
52.47 134.23
52.48 63.96
52.49 115.96
52.5 111.42
52.51 64.71
52.52 61.6
52.53 61.69
52.54 63.42
52.55 63.24
52.56 62.05
52.57 60.78
52.58 62.47
52.59 65.15
52.6 63.59
52.61 61.92
52.62 59.98
52.63 61.82
52.64 61.08
52.65 114.42
52.66 99.76
52.67 166.93
52.68 62.37
52.69 60.78
52.7 61.32
52.71 62.37
52.72 57.92
52.73 0.0
52.74 0.0
52.75 0.0
52.76 0.0
52.77 0.0
52.78 0.0
52.79 0.0
52.8 83.76
52.81 0.0
52.82 0.0
52.83 0.0
52.84 0.0
52.85 72.4
52.86 0.0
52.87 0.0
52.88 0.0
52.89 104.59
52.9 0.0
52.91 0.0
52.92 144.54
52.93 141.37
52.94 85.3
52.95 70.04
52.96 62.55
52.97 107.89
52.98 232.27
52.99 85.45
53.0 355.27
53.01 179.73
53.02 165.63
53.03 158.66
53.04 158.59
53.05 159.95
53.06 160.96
53.07 161.43
53.08 161.74
53.09 161.67
53.1 160.8
53.11 160.0
53.12 160.12
53.13 160.43
53.14 160.47
53.15 160.38
53.16 160.91
53.17 161.51
53.18 162.06
53.19 162.62
53.2 163.16
53.21 163.65
53.22 164.05
53.23 164.63
53.24 165.54
53.25 166.54
53.26 167.73
53.27 168.54
53.28 169.31
53.29 170.18
53.3 170.56
53.31 341.63
53.32 338.94
53.33 169.71
53.34 169.19
53.35 169.06
53.36 169.41
53.37 170.15
53.38 339.78
53.39 339.51
53.4 170.76
53.41 342.13
53.42 171.68
53.43 344.34
53.44 347.01
53.45 345.2
53.46 345.49
53.47 349.38
53.48 349.44
53.49 347.04
53.5 347.21
53.51 350.01
53.52 350.93
53.53 350.34
53.54 350.57
53.55 351.55
53.56 175.44
53.57 175.21
53.58 175.13
53.59 175.14
53.6 175.55
53.61 176.14
53.62 176.3
53.63 176.31
53.64 353.1
53.65 352.46
53.66 177.11
53.67 177.34
53.68 177.82
53.69 355.11
53.7 354.31
53.71 357.22
53.72 178.49
53.73 178.85
53.74 179.03
53.75 179.22
53.76 179.42
53.77 179.54
53.78 179.18
53.79 178.98
53.8 178.85
53.81 178.84
53.82 178.87
53.83 178.49
53.84 178.8
53.85 179.38
53.86 179.35
53.87 179.14
53.88 178.74
53.89 178.47
53.9 178.26
53.91 178.01
53.92 177.6
53.93 177.6
53.94 177.78
53.95 177.65
53.96 177.7
53.97 178.23
53.98 178.59
53.99 178.75
54.0 179.16
54.01 179.56
54.02 179.73
54.03 179.77
54.04 179.45
54.05 178.9
54.06 178.36
54.07 177.68
54.08 177.23
54.09 177.37
54.1 177.66
54.11 178.04
54.12 178.5
54.13 179.37
54.14 179.65
54.15 179.73
54.16 180.37
54.17 180.54
54.18 180.64
54.19 180.61
54.2 180.47
54.21 180.83
54.22 180.75
54.23 180.5
54.24 180.22
54.25 179.65
54.26 178.74
54.27 177.81
54.28 177.61
54.29 178.38
54.3 179.26
54.31 175.34
54.32 166.41
54.33 155.47
54.34 145.94
54.35 135.19
54.36 128.32
54.37 124.71
54.38 124.22
54.39 124.96
54.4 128.62
54.41 133.2
54.42 136.53
54.43 141.75
54.44 144.79
54.45 147.76
54.46 149.03
54.47 149.1
54.48 149.08
54.49 149.43
54.5 149.4
54.51 149.0
54.52 148.46
54.53 149.69
54.54 153.31
54.55 158.41
54.56 163.28
54.57 168.67
54.58 170.55
54.59 171.43
54.6 172.06
54.61 172.43
54.62 172.43
54.63 172.42
54.64 173.13
54.65 173.34
54.66 173.4
54.67 174.14
54.68 174.9
54.69 174.97
54.7 174.77
54.71 174.89
54.72 174.78
54.73 174.19
54.74 173.61
54.75 172.9
54.76 172.1
54.77 171.72
54.78 171.44
54.79 171.55
54.8 172.65
54.81 173.65
54.82 175.25
54.83 175.99
54.84 176.09
54.85 176.22
54.86 176.27
54.87 176.27
54.88 175.88
54.89 175.26
54.9 175.31
54.91 175.39
54.92 173.99
54.93 172.87
54.94 172.27
54.95 172.21
54.96 171.89
54.97 171.97
54.98 172.97
54.99 173.63
55.0 174.5
55.01 175.31
55.02 176.11
55.03 176.68
55.04 176.87
55.05 177.2
55.06 177.37
55.07 178.08
55.08 177.48
55.09 174.36
55.1 166.57
55.11 154.31
55.12 142.22
55.13 132.95
55.14 123.59
55.15 114.34
55.16 110.39
55.17 108.12
55.18 110.85
55.19 116.34
55.2 123.63
55.21 131.57
55.22 140.19
55.23 142.23
55.24 143.2
55.25 145.4
55.26 147.4
55.27 150.3
55.28 153.95
55.29 160.12
55.3 173.49
55.31 180.37
55.32 181.28
55.33 180.37
55.34 179.74
55.35 178.92
55.36 178.76
55.37 178.92
55.38 179.08
55.39 180.04
55.4 180.9
55.41 180.39
55.42 179.67
55.43 178.97
55.44 178.59
55.45 177.81
55.46 178.24
55.47 180.39
55.48 180.48
55.49 177.95
55.5 176.04
55.51 174.5
55.52 173.86
55.53 174.56
55.54 175.73
55.55 176.68
55.56 175.77
55.57 172.76
55.58 168.67
55.59 164.4
55.6 161.58
55.61 158.64
55.62 158.3
55.63 163.11
55.64 171.3
55.65 177.24
55.66 178.06
55.67 177.65
55.68 177.58
55.69 177.72
55.7 178.35
55.71 174.52
55.72 164.95
55.73 82.99
55.74 172.37
55.75 176.4
55.76 176.61
55.77 176.48
55.78 175.65
55.79 174.86
55.8 174.51
55.81 173.8
55.82 174.38
55.83 175.04
55.84 175.22
55.85 175.96
55.86 177.33
55.87 178.74
55.88 179.13
55.89 179.31
55.9 179.21
55.91 178.9
55.92 178.76
55.93 178.95
55.94 179.5
55.95 180.62
55.96 183.04
55.97 182.59
55.98 172.35
55.99 167.83
56.0 164.08
56.01 147.17
56.02 136.21
56.03 123.64
56.04 98.31
56.05 62.03
56.06 60.72
56.07 64.99
56.08 0.0
56.09 218.65
56.1 74.07
56.11 0.0
56.12 144.75
56.13 149.65
56.14 149.69
56.15 151.62
56.16 155.14
56.17 159.54
56.18 163.98
56.19 167.8
56.2 170.49
56.21 171.76
56.22 172.27
56.23 172.3
56.24 172.38
56.25 172.62
56.26 172.68
56.27 172.35
56.28 171.96
56.29 172.08
56.3 172.39
56.31 172.49
56.32 172.61
56.33 173.05
56.34 174.07
56.35 174.92
56.36 175.49
56.37 175.92
56.38 176.6
56.39 177.07
56.4 177.07
56.41 176.89
56.42 176.64
56.43 176.2
56.44 175.71
56.45 175.03
56.46 173.95
56.47 173.46
56.48 173.8
56.49 174.44
56.5 175.17
56.51 176.06
56.52 176.74
56.53 177.2
56.54 177.61
56.55 177.72
56.56 177.85
56.57 178.06
56.58 177.92
56.59 177.69
56.6 177.26
56.61 176.67
56.62 176.25
56.63 175.38
56.64 175.09
56.65 175.4
56.66 174.7
56.67 174.58
56.68 175.44
56.69 175.99
56.7 176.66
56.71 177.08
56.72 177.43
56.73 177.66
56.74 177.58
56.75 178.1
56.76 178.0
56.77 177.42
56.78 177.64
56.79 177.73
56.8 177.42
56.81 177.31
56.82 177.59
56.83 177.78
56.84 178.07
56.85 178.74
56.86 178.97
56.87 176.5
56.88 169.59
56.89 156.71
56.9 145.1
56.91 134.67
56.92 136.26
56.93 136.53
56.94 68.1
56.95 65.28
56.96 59.55
56.97 116.03
56.98 63.49
56.99 0.0
57.0 0.0
57.01 129.13
57.02 122.41
57.03 0.0
57.04 0.0
57.05 0.0
57.06 0.0
57.07 0.0
57.08 0.0
57.09 0.0
57.1 0.0
57.11 0.0
57.12 0.0
57.13 0.0
57.14 0.0
57.15 61.03
57.16 64.08
57.17 0.0
57.18 0.0
57.19 0.0
57.2 0.0
57.21 60.48
57.22 60.59
57.23 61.9
57.24 65.36
57.25 118.71
57.26 118.79
57.27 127.12
57.28 0.0
57.29 0.0
57.3 0.0
57.31 0.0
57.32 0.0
57.33 136.57
57.34 116.48
57.35 0.0
57.36 0.0
57.37 0.0
57.38 0.0
57.39 60.02
57.4 68.17
57.41 0.0
57.42 0.0
57.43 0.0
57.44 0.0
57.45 0.0
57.46 60.95
57.47 0.0
57.48 0.0
57.49 66.0
57.5 140.04
57.51 142.96
57.52 0.0
57.53 69.76
57.54 66.49
57.55 0.0
57.56 173.55
57.57 158.75
57.58 156.11
57.59 158.02
57.6 161.46
57.61 167.33
57.62 172.69
57.63 176.76
57.64 180.86
57.65 183.96
57.66 185.91
57.67 187.63
57.68 188.85
57.69 190.06
57.7 191.35
57.71 192.33
57.72 193.41
57.73 194.37
57.74 194.8
57.75 193.25
57.76 191.06
57.77 189.7
57.78 186.06
57.79 182.87
57.8 179.15
57.81 175.21
57.82 175.36
57.83 182.41
57.84 197.66
57.85 204.91
57.86 204.62
57.87 202.96
57.88 201.39
57.89 199.88
57.9 198.87
57.91 197.03
57.92 191.37
57.93 186.89
57.94 185.31
57.95 185.48
57.96 188.14
57.97 193.77
57.98 199.77
57.99 201.62
58.0 201.6
58.01 201.79
58.02 202.18
58.03 201.92
58.04 201.22
58.05 200.64
58.06 200.1
58.07 199.97
58.08 199.78
58.09 199.64
58.1 199.77
58.11 200.02
58.12 200.36
58.13 200.55
58.14 200.56
58.15 200.33
58.16 200.16
58.17 200.24
58.18 200.04
58.19 199.81
58.2 199.42
58.21 198.9
58.22 198.54
58.23 197.83
58.24 197.0
58.25 196.28
58.26 193.73
58.27 194.24
58.28 199.18
58.29 198.89
58.3 197.99
58.31 197.64
58.32 197.42
58.33 197.38
58.34 197.96
58.35 198.93
58.36 199.99
58.37 199.71
58.38 199.6
58.39 200.11
58.4 199.9
58.41 199.06
58.42 198.94
58.43 199.9
58.44 200.06
58.45 199.72
58.46 199.83
58.47 199.95
58.48 200.0
58.49 198.96
58.5 198.6
58.51 198.94
58.52 198.3
58.53 197.29
58.54 195.97
58.55 193.53
58.56 189.14
58.57 178.56
58.58 171.12
58.59 164.12
58.6 156.33
58.61 147.96
58.62 143.17
58.63 146.6
58.64 154.97
58.65 163.35
58.66 173.92
58.67 186.5
58.68 191.98
58.69 193.78
58.7 195.31
58.71 196.43
58.72 197.21
58.73 197.36
58.74 196.77
58.75 196.39
58.76 197.09
58.77 197.81
58.78 197.91
58.79 197.92
58.8 198.09
58.81 197.06
58.82 196.21
58.83 196.15
58.84 195.99
58.85 196.5
58.86 198.26
58.87 200.03
58.88 200.62
58.89 200.28
58.9 195.78
58.91 189.04
58.92 182.77
58.93 174.49
58.94 160.36
58.95 142.41
58.96 130.9
58.97 120.16
58.98 114.53
58.99 64.38
59.0 62.27
59.01 71.99
59.02 0.0
59.03 0.0
59.04 188.91
59.05 188.77
59.06 191.92
59.07 195.32
59.08 197.8
59.09 198.7
59.1 198.57
59.11 198.18
59.12 197.94
59.13 198.31
59.14 198.49
59.15 198.04
59.16 198.0
59.17 198.3
59.18 196.97
59.19 191.91
59.2 188.61
59.21 186.93
59.22 183.89
59.23 180.47
59.24 176.96
59.25 174.47
59.26 178.6
59.27 190.91
59.28 199.26
59.29 199.46
59.3 198.07
59.31 196.94
59.32 195.83
59.33 195.51
59.34 195.09
59.35 194.18
59.36 193.6
59.37 193.06
59.38 192.8
59.39 194.07
59.4 191.78
59.41 187.18
59.42 184.82
59.43 181.34
59.44 179.62
59.45 180.63
59.46 186.11
59.47 193.34
59.48 196.06
59.49 198.32
59.5 199.25
59.51 199.1
59.52 198.37
59.53 197.47
59.54 197.36
59.55 197.35
59.56 197.51
59.57 197.8
59.58 197.66
59.59 197.98
59.6 198.19
59.61 197.75
59.62 197.46
59.63 197.32
59.64 196.93
59.65 196.47
59.66 196.45
59.67 196.67
59.68 196.38
59.69 195.6
59.7 195.33
59.71 195.65
59.72 195.62
59.73 195.21
59.74 190.48
59.75 187.79
59.76 193.01
59.77 197.95
59.78 197.42
59.79 195.99
59.8 194.69
59.81 193.85
59.82 196.15
59.83 199.25
59.84 198.76
59.85 199.44
59.86 200.45
59.87 200.33
59.88 199.54
59.89 198.59
59.9 197.06
59.91 195.6
59.92 193.75
59.93 191.59
59.94 190.0
59.95 187.93
59.96 185.16
59.97 181.54
59.98 176.52
59.99 169.88
60.0 162.02
60.01 152.61
60.02 142.48
60.03 127.9
60.04 116.35
60.05 105.22
60.06 92.51
60.07 90.57
60.08 99.73
60.09 121.04
60.1 120.37
60.11 63.88
60.12 59.75
60.13 119.62
60.14 0.0
60.15 154.81
60.16 149.46
60.17 149.5
60.18 148.23
60.19 143.97
60.2 141.7
60.21 142.86
60.22 143.67
60.23 144.28
60.24 145.19
60.25 146.59
60.26 147.88
60.27 149.32
60.28 150.92
60.29 152.34
60.3 153.55
60.31 154.17
60.32 154.68
60.33 154.87
60.34 154.51
60.35 154.28
60.36 154.2
60.37 154.14
60.38 153.95
60.39 154.05
60.4 153.55
60.41 153.11
60.42 153.45
60.43 153.92
60.44 154.24
60.45 154.46
60.46 154.82
60.47 154.55
60.48 154.24
60.49 154.4
60.5 154.6
60.51 154.63
60.52 154.76
60.53 154.67
60.54 154.12
60.55 153.41
60.56 152.73
60.57 152.08
60.58 151.81
60.59 152.11
60.6 152.73
60.61 153.11
60.62 152.86
60.63 152.54
60.64 152.59
60.65 152.95
60.66 153.72
60.67 154.83
60.68 155.75
60.69 156.04
60.7 156.19
60.71 155.96
60.72 155.13
60.73 154.54
60.74 154.1
60.75 154.02
60.76 154.29
60.77 154.76
60.78 155.07
60.79 155.11
60.8 155.44
60.81 155.72
60.82 156.15
60.83 157.09
60.84 157.35
60.85 157.16
60.86 157.59
60.87 157.63
60.88 156.72
60.89 156.44
60.9 156.29
60.91 155.23
60.92 154.57
60.93 154.54
60.94 154.86
60.95 155.9
60.96 156.62
60.97 156.98
60.98 157.55
60.99 158.07
61.0 157.92
61.01 157.41
61.02 157.01
61.03 156.93
61.04 156.5
61.05 156.61
61.06 157.2
61.07 157.63
61.08 158.48
61.09 158.91
61.1 158.52
61.11 158.07
61.12 157.72
61.13 156.87
61.14 156.15
61.15 78.23
61.16 156.66
61.17 78.66
61.18 157.05
61.19 156.6
61.2 157.18
61.21 157.56
61.22 157.58
61.23 157.69
61.24 158.38
61.25 158.08
61.26 158.54
61.27 159.98
61.28 160.44
61.29 162.28
61.3 160.29
61.31 152.19
61.32 139.59
61.33 129.73
61.34 114.77
61.35 65.29
61.36 63.83
61.37 62.81
61.38 60.65
61.39 62.38
61.4 63.13
61.41 61.12
61.42 63.31
61.43 64.05
61.44 0.0
61.45 0.0
61.46 0.0
61.47 0.0
61.48 0.0
61.49 61.26
61.5 111.56
61.51 62.32
61.52 63.59
61.53 122.33
61.54 61.19
61.55 0.0
61.56 0.0
61.57 59.78
61.58 60.76
61.59 64.7
61.6 64.61
61.61 118.93
61.62 0.0
61.63 0.0
61.64 0.0
61.65 59.74
61.66 60.83
61.67 0.0
61.68 0.0
61.69 61.91
61.7 62.81
61.71 64.72
61.72 62.88
61.73 123.7
61.74 116.2
61.75 64.21
61.76 131.28
61.77 154.49
61.78 147.47
61.79 132.05
61.8 127.73
61.81 125.41
61.82 122.78
61.83 118.56
61.84 114.92
61.85 111.33
61.86 117.36
61.87 136.45
61.88 143.08
61.89 142.98
61.9 141.14
61.91 143.67
61.92 144.81
61.93 145.38
61.94 147.08
61.95 149.09
61.96 151.17
61.97 154.36
61.98 157.36
61.99 160.04
62.0 162.29
62.01 164.4
62.02 166.15
62.03 167.86
62.04 169.51
62.05 170.78
62.06 171.06
62.07 171.06
62.08 172.01
62.09 172.11
62.1 172.09
62.11 172.27
62.12 172.13
62.13 171.78
62.14 171.34
62.15 171.39
62.16 171.62
62.17 171.59
62.18 172.24
62.19 173.18
62.2 174.06
62.21 175.14
62.22 175.86
62.23 175.41
62.24 175.18
62.25 175.22
62.26 175.1
62.27 175.38
62.28 176.01
62.29 176.65
62.3 176.63
62.31 176.18
62.32 175.78
62.33 175.27
62.34 174.71
62.35 174.34
62.36 174.26
62.37 174.39
62.38 174.56
62.39 174.77
62.4 175.08
62.41 175.52
62.42 175.87
62.43 175.77
62.44 175.84
62.45 173.37
62.46 176.6
62.47 178.73
62.48 173.9
62.49 168.75
62.5 162.93
62.51 153.33
62.52 147.22
62.53 137.57
62.54 128.84
62.55 127.14
62.56 132.68
62.57 146.85
62.58 158.47
62.59 167.25
62.6 172.19
62.61 172.62
62.62 172.49
62.63 172.46
62.64 167.99
62.65 165.41
62.66 172.45
62.67 177.09
62.68 176.61
62.69 175.86
62.7 173.28
62.71 169.89
62.72 170.0
62.73 172.24
62.74 168.25
62.75 166.16
62.76 162.93
62.77 161.58
62.78 165.67
62.79 171.99
62.8 174.38
62.81 175.48
62.82 174.62
62.83 173.62
62.84 173.67
62.85 174.04
62.86 174.73
62.87 175.07
62.88 175.15
62.89 175.63
62.9 176.27
62.91 176.77
62.92 177.27
62.93 177.62
62.94 177.26
62.95 176.53
62.96 175.86
62.97 175.42
62.98 175.19
62.99 175.91
63.0 176.0
63.01 176.28
63.02 176.87
63.03 177.08
63.04 177.49
63.05 177.39
63.06 176.55
63.07 176.15
63.08 175.76
63.09 175.43
63.1 175.55
63.11 175.97
63.12 176.23
63.13 176.84
63.14 177.65
63.15 178.06
63.16 178.17
63.17 177.59
63.18 177.66
63.19 177.63
63.2 177.62
63.21 177.75
63.22 177.76
63.23 177.28
63.24 177.16
63.25 177.0
63.26 176.86
63.27 176.67
63.28 176.66
63.29 176.18
63.3 175.83
63.31 176.31
63.32 176.04
63.33 175.7
63.34 175.89
63.35 176.1
63.36 176.56
63.37 172.75
63.38 174.8
63.39 177.63
63.4 177.69
63.41 177.73
63.42 177.29
63.43 177.11
63.44 177.2
63.45 178.35
63.46 178.29
63.47 178.4
63.48 178.3
63.49 178.71
63.5 178.77
63.51 178.82
63.52 178.8
63.53 178.51
63.54 178.25
63.55 178.08
63.56 178.46
63.57 178.4
63.58 178.3
63.59 178.57
63.6 178.85
63.61 179.34
63.62 180.51
63.63 180.72
63.64 180.22
63.65 179.0
63.66 177.09
63.67 175.2
63.68 173.85
63.69 173.13
63.7 173.64
63.71 174.12
63.72 174.53
63.73 175.31
63.74 175.59
63.75 175.67
63.76 176.35
63.77 177.41
63.78 177.69
63.79 177.66
63.8 177.63
63.81 177.11
63.82 175.98
63.83 175.05
63.84 175.06
63.85 175.21
63.86 175.33
63.87 175.76
63.88 175.99
63.89 176.39
63.9 176.17
63.91 175.82
63.92 174.7
63.93 174.8
63.94 87.79
63.95 175.32
63.96 175.26
63.97 174.94
63.98 174.71
63.99 175.15
64.0 175.42
64.01 174.89
64.02 174.9
64.03 87.65
64.04 87.57
64.05 175.2
64.06 174.57
64.07 173.84
64.08 174.06
64.09 174.61
64.1 87.66
64.11 174.52
64.12 175.41
64.13 175.72
64.14 174.96
64.15 87.86
64.16 175.54
64.17 175.6
64.18 175.39
64.19 175.02
64.2 174.89
64.21 174.66
64.22 174.64
64.23 87.47
64.24 87.46
64.25 174.89
64.26 174.89
64.27 174.75
64.28 175.07
64.29 175.26
64.3 175.06
64.31 175.74
64.32 175.35
64.33 171.82
64.34 171.43
64.35 172.75
64.36 174.56
64.37 173.58
64.38 172.24
64.39 173.22
64.4 175.57
64.41 176.26
64.42 176.93
64.43 177.65
64.44 178.08
64.45 177.82
64.46 177.05
64.47 176.65
64.48 174.29
64.49 170.45
64.5 168.8
64.51 169.4
64.52 169.83
64.53 170.99
64.54 172.9
64.55 176.76
64.56 181.12
64.57 184.05
64.58 184.16
64.59 182.25
64.6 179.09
64.61 175.28
64.62 173.16
64.63 173.23
64.64 173.37
64.65 173.8
64.66 174.84
64.67 175.48
64.68 176.05
64.69 176.36
64.7 176.87
64.71 178.38
64.72 179.61
64.73 180.41
64.74 175.45
64.75 169.01
64.76 160.23
64.77 149.03
64.78 136.07
64.79 125.82
64.8 115.72
64.81 68.44
64.82 76.83
64.83 0.0
64.84 96.53
64.85 67.29
64.86 69.68
64.87 64.31
64.88 0.0
64.89 59.94
64.9 0.0
64.91 220.82
64.92 91.0
64.93 181.66
64.94 180.15
64.95 60.0
64.96 179.85
64.97 88.39
64.98 175.81
64.99 175.59
65.0 175.59
65.01 176.42
65.02 176.84
65.03 177.84
65.04 178.0
65.05 89.05
65.06 178.35
65.07 178.4
65.08 178.62
65.09 178.85
65.1 175.36
65.11 168.01
65.12 156.35
65.13 146.09
65.14 134.64
65.15 121.04
65.16 114.43
65.17 112.38
65.18 147.11
65.19 131.86
65.2 162.73
65.21 174.33
65.22 173.83
65.23 172.72
65.24 171.83
65.25 172.05
65.26 173.76
65.27 175.71
65.28 176.73
65.29 176.68
65.3 176.78
65.31 177.56
65.32 177.94
65.33 178.16
65.34 179.89
65.35 181.18
65.36 178.96
65.37 177.42
65.38 87.92
65.39 176.04
65.4 176.23
65.41 176.01
65.42 175.89
65.43 175.85
65.44 175.63
65.45 87.77
65.46 175.13
65.47 174.91
65.48 175.28
65.49 174.58
65.5 174.06
65.51 174.4
65.52 174.36
65.53 87.56
65.54 175.56
65.55 177.02
65.56 178.51
65.57 179.23
65.58 178.48
65.59 175.36
65.6 169.5
65.61 154.44
65.62 140.23
65.63 127.67
65.64 66.96
65.65 66.72
65.66 65.06
65.67 63.61
65.68 61.36
65.69 63.5
65.7 63.1
65.71 0.0
65.72 134.01
65.73 132.19
65.74 125.33
65.75 135.22
65.76 65.3
65.77 126.53
65.78 136.08
65.79 84.99
65.8 76.51
65.81 63.22
65.82 141.99
65.83 63.45
65.84 65.65
65.85 61.96
65.86 125.1
65.87 126.87
65.88 81.14
65.89 118.27
65.9 117.03
65.91 125.31
65.92 63.25
65.93 60.29
65.94 127.96
65.95 118.57
65.96 76.3
65.97 116.87
65.98 118.48
65.99 0.0
66.0 0.0
66.01 0.0
66.02 63.94
66.03 60.5
66.04 67.97
66.05 122.32
66.06 158.19
66.07 171.95
66.08 74.76
66.09 71.96
66.1 71.2
66.11 70.54
66.12 70.96
66.13 144.24
66.14 144.78
66.15 145.4
66.16 146.53
66.17 146.91
66.18 147.3
66.19 148.07
66.2 149.14
66.21 150.46
66.22 151.67
66.23 152.55
66.24 154.18
66.25 155.89
66.26 157.22
66.27 158.14
66.28 159.93
66.29 161.37
66.3 162.65
66.31 163.83
66.32 164.53
66.33 164.95
66.34 165.36
66.35 166.45
66.36 167.44
66.37 167.77
66.38 168.36
66.39 168.69
66.4 169.11
66.41 170.02
66.42 170.55
66.43 170.84
66.44 171.76
66.45 172.57
66.46 172.69
66.47 173.52
66.48 174.11
66.49 174.13
66.5 173.7
66.51 173.95
66.52 174.58
66.53 174.46
66.54 174.33
66.55 174.64
66.56 174.39
66.57 174.17
66.58 174.11
66.59 173.99
66.6 174.53
66.61 174.81
66.62 175.03
66.63 175.77
66.64 176.2
66.65 175.54
66.66 174.93
66.67 175.28
66.68 175.53
66.69 175.06
66.7 175.02
66.71 175.6
66.72 175.57
66.73 175.89
66.74 176.69
66.75 177.04
66.76 176.39
66.77 168.75
66.78 165.11
66.79 166.15
66.8 163.17
66.81 159.53
66.82 157.56
66.83 156.86
66.84 161.01
66.85 169.07
66.86 172.43
66.87 172.51
66.88 173.09
66.89 173.71
66.9 173.59
66.91 173.43
66.92 173.33
66.93 173.46
66.94 174.11
66.95 174.62
66.96 173.12
66.97 168.18
66.98 159.39
66.99 139.08
67.0 127.2
67.01 121.29
67.02 115.95
67.03 64.92
67.04 66.65
67.05 146.77
67.06 0.0
67.07 60.34
67.08 66.88
67.09 72.26
67.1 0.0
67.11 207.86
67.12 169.46
67.13 168.58
67.14 170.39
67.15 171.47
67.16 172.03
67.17 172.5
67.18 173.43
67.19 173.82
67.2 174.09
67.21 174.33
67.22 174.24
67.23 173.91
67.24 174.02
67.25 174.41
67.26 174.76
67.27 175.11
67.28 175.39
67.29 175.8
67.3 175.69
67.31 175.44
67.32 175.95
67.33 176.4
67.34 175.79
67.35 175.31
67.36 174.72
67.37 173.76
67.38 176.1
67.39 177.44
67.4 177.32
67.41 177.32
67.42 176.8
67.43 176.49
67.44 175.93
67.45 175.14
67.46 174.51
67.47 174.04
67.48 173.56
67.49 173.62
67.5 173.1
67.51 171.52
67.52 170.28
67.53 170.65
67.54 171.41
67.55 86.86
67.56 174.42
67.57 88.05
67.58 176.76
67.59 176.13
67.6 175.49
67.61 175.76
67.62 175.5
67.63 174.37
67.64 173.58
67.65 173.75
67.66 174.25
67.67 174.36
67.68 174.41
67.69 174.33
67.7 174.19
67.71 175.2
67.72 87.59
67.73 87.62
67.74 175.55
67.75 175.63
67.76 175.65
67.77 175.82
67.78 175.22
67.79 175.37
67.8 175.48
67.81 174.83
67.82 174.45
67.83 174.43
67.84 174.46
67.85 174.66
67.86 175.1
67.87 175.89
67.88 176.38
67.89 176.21
67.9 175.93
67.91 175.6
67.92 175.21
67.93 174.31
67.94 173.44
67.95 172.93
67.96 172.6
67.97 172.62
67.98 172.39
67.99 173.24
68.0 174.15
68.01 174.33
68.02 174.91
68.03 175.33
68.04 175.51
68.05 175.1
68.06 174.63
68.07 174.95
68.08 174.28
68.09 174.07
68.1 175.27
68.11 175.63
68.12 175.6
68.13 175.69
68.14 176.22
68.15 176.94
68.16 177.89
68.17 178.23
68.18 178.99
68.19 178.85
68.2 179.62
68.21 178.98
68.22 167.58
68.23 155.32
68.24 149.74
68.25 141.94
68.26 129.64
68.27 114.73
68.28 118.43
68.29 64.44
68.3 65.2
68.31 117.55
68.32 124.04
68.33 144.11
68.34 0.0
68.35 175.64
68.36 175.68
68.37 176.67
68.38 177.19
68.39 176.36
68.4 174.98
68.41 174.03
68.42 173.51
68.43 173.61
68.44 174.6
68.45 175.21
68.46 174.62
68.47 173.92
68.48 173.16
68.49 170.66
68.5 165.96
68.51 159.9
68.52 138.26
68.53 122.59
68.54 133.94
68.55 126.14
68.56 63.24
68.57 63.1
68.58 89.39
68.59 0.0
68.6 0.0
68.61 0.0
68.62 60.01
68.63 59.89
68.64 109.43
68.65 60.18
68.66 65.51
68.67 64.57
68.68 62.24
68.69 61.2
68.7 0.0
68.71 63.13
68.72 119.16
68.73 119.0
68.74 62.33
68.75 60.22
68.76 59.89
68.77 61.74
68.78 63.99
68.79 63.26
68.8 107.33
68.81 0.0
68.82 0.0
68.83 0.0
68.84 60.09
68.85 61.51
68.86 61.82
68.87 61.3
68.88 61.6
68.89 122.93
68.9 64.28
68.91 62.95
68.92 63.5
68.93 63.08
68.94 62.48
68.95 60.27
68.96 115.51
68.97 112.16
68.98 66.08
68.99 0.0
69.0 0.0
69.01 63.93
69.02 61.3
69.03 60.39
69.04 108.96
69.05 0.0
69.06 140.97
69.07 132.63
69.08 133.43
69.09 137.6
69.1 140.16
69.11 144.04
69.12 146.89
69.13 150.11
69.14 153.4
69.15 157.07
69.16 160.96
69.17 164.42
69.18 167.55
69.19 169.95
69.2 173.1
69.21 176.2
69.22 179.46
69.23 182.67
69.24 185.31
69.25 188.02
69.26 190.19
69.27 191.1
69.28 192.66
69.29 193.97
69.3 193.92
69.31 193.93
69.32 194.09
69.33 194.06
69.34 194.28
69.35 195.21
69.36 195.65
69.37 195.6
69.38 196.25
69.39 196.9
69.4 197.37
69.41 197.63
69.42 197.6
69.43 197.74
69.44 197.96
69.45 197.87
69.46 198.31
69.47 66.39
69.48 99.53
69.49 198.77
69.5 198.77
69.51 66.34
69.52 66.32
69.53 199.0
69.54 198.16
69.55 197.34
69.56 197.08
69.57 197.24
69.58 196.98
69.59 196.7
69.6 197.19
69.61 197.42
69.62 197.37
69.63 198.13
69.64 199.28
69.65 199.9
69.66 200.04
69.67 199.76
69.68 199.18
69.69 198.74
69.7 198.59
69.71 198.37
69.72 198.46
69.73 198.68
69.74 198.45
69.75 198.85
69.76 198.74
69.77 197.92
69.78 197.55
69.79 197.75
69.8 197.68
69.81 197.6
69.82 198.25
69.83 198.39
69.84 197.86
69.85 198.04
69.86 198.41
69.87 198.51
69.88 198.75
69.89 198.37
69.9 197.73
69.91 197.33
69.92 196.37
69.93 195.17
69.94 194.93
69.95 195.04
69.96 195.18
69.97 195.27
69.98 195.34
69.99 195.55
70.0 196.19
70.01 196.37
70.02 195.43
70.03 194.97
70.04 195.7
70.05 195.99
70.06 195.97
70.07 196.76
70.08 197.54
70.09 198.06
70.1 198.26
70.11 198.74
70.12 198.85
70.13 198.68
70.14 198.02
70.15 196.64
70.16 195.8
70.17 195.26
70.18 195.19
70.19 195.82
70.2 195.58
70.21 195.97
70.22 197.2
70.23 197.01
70.24 197.18
70.25 197.57
70.26 197.63
70.27 66.06
70.28 99.14
70.29 198.14
70.3 198.07
70.31 197.96
70.32 198.03
70.33 198.85
70.34 198.61
70.35 197.99
70.36 199.63
70.37 66.71
70.38 66.76
70.39 66.75
70.4 66.85
70.41 201.4
70.42 66.51
70.43 66.36
70.44 66.34
70.45 199.71
70.46 199.73
70.47 199.59
70.48 199.79
70.49 201.08
70.5 201.35
70.51 200.25
70.52 200.64
70.53 201.47
70.54 201.5
70.55 200.01
70.56 199.18
70.57 200.7
70.58 200.5
70.59 199.23
70.6 199.49
70.61 200.09
70.62 199.84
70.63 199.03
70.64 198.96
70.65 199.98
70.66 200.05
70.67 199.45
70.68 199.51
70.69 199.38
70.7 198.81
70.71 198.81
70.72 199.25
70.73 199.42
70.74 199.04
70.75 199.21
70.76 199.57
70.77 200.32
70.78 200.56
70.79 200.59
70.8 201.79
70.81 202.23
70.82 203.66
70.83 205.16
70.84 205.56
70.85 205.72
70.86 205.36
70.87 201.4
70.88 201.84
70.89 206.32
70.9 206.82
70.91 207.12
70.92 206.99
70.93 207.12
70.94 206.78
70.95 205.84
70.96 205.11
70.97 203.99
70.98 203.17
70.99 101.59
71.0 203.0
71.01 101.78
71.02 102.1
71.03 68.19
71.04 204.71
71.05 205.63
71.06 206.19
71.07 102.79
71.08 204.56
71.09 204.64
71.1 204.98
71.11 67.86
71.12 101.52
71.13 201.95
71.14 201.97
71.15 100.88
71.16 100.83
71.17 67.26
71.18 67.34
71.19 67.52
71.2 67.7
71.21 67.74
71.22 67.6
71.23 67.46
71.24 101.08
71.25 67.07
71.26 66.94
71.27 200.5
71.28 200.61
71.29 66.56
71.3 66.19
71.31 197.13
71.32 198.09
71.33 198.11
71.34 198.21
71.35 66.33
71.36 66.36
71.37 66.52
71.38 100.2
71.39 100.87
71.4 201.94
71.41 66.66
71.42 66.25
71.43 66.13
71.44 99.27
71.45 198.69
71.46 198.74
71.47 199.26
71.48 199.16
71.49 199.0
71.5 66.21
71.51 66.33
71.52 99.73
71.53 199.77
71.54 200.04
71.55 200.71
71.56 201.78
71.57 202.14
71.58 201.77
71.59 66.97
71.6 100.26
71.61 200.2
71.62 200.13
71.63 200.52
71.64 201.06
71.65 201.23
71.66 201.41
71.67 67.22
71.68 100.88
71.69 201.72
71.7 201.77
71.71 201.83
71.72 201.82
71.73 201.08
71.74 200.01
71.75 66.42
71.76 99.46
71.77 198.76
71.78 198.27
71.79 198.26
71.8 198.01
71.81 197.75
71.82 197.71
71.83 99.21
71.84 99.29
71.85 198.13
71.86 197.43
71.87 99.1
71.88 198.75
71.89 198.08
71.9 198.61
71.91 66.23
71.92 99.37
71.93 198.07
71.94 197.95
71.95 98.97
71.96 98.95
71.97 98.99
71.98 198.43
71.99 66.23
72.0 198.36
72.01 198.77
72.02 198.65
72.03 182.54
72.04 183.58
72.05 181.49
72.06 176.04
72.07 174.8
72.08 175.02
72.09 179.4
72.1 188.22
72.11 190.38
72.12 192.38
72.13 192.59
72.14 192.21
72.15 191.22
72.16 186.62
72.17 177.99
72.18 165.42
72.19 143.91
72.2 115.75
72.21 99.91
72.22 0.0
72.23 0.0
72.24 0.0
72.25 77.06
72.26 76.55
72.27 239.86
72.28 118.82
72.29 63.88
72.3 62.65
72.31 60.78
72.32 63.19
72.33 65.09
72.34 63.26
72.35 115.74
72.36 0.0
72.37 123.54
72.38 63.84
72.39 63.44
72.4 60.84
72.41 62.53
72.42 62.56
72.43 62.05
72.44 124.48
72.45 124.19
72.46 62.24
72.47 60.17
72.48 60.31
72.49 61.97
72.5 116.25
72.51 0.0
72.52 0.0
72.53 116.95
72.54 0.0
72.55 0.0
72.56 191.74
72.57 72.97
72.58 70.94
72.59 69.78
72.6 70.06
72.61 141.05
72.62 142.09
72.63 144.18
72.64 146.09
72.65 147.4
72.66 148.05
72.67 148.81
72.68 151.31
72.69 151.11
72.7 147.92
72.71 146.65
72.72 146.31
72.73 145.97
72.74 145.96
72.75 146.04
72.76 146.59
72.77 147.49
72.78 148.13
72.79 148.7
72.8 149.08
72.81 149.38
72.82 150.56
72.83 151.56
72.84 152.44
72.85 153.11
72.86 154.61
72.87 154.82
72.88 154.56
72.89 153.89
72.9 153.54
72.91 154.35
72.92 154.53
72.93 154.4
72.94 154.5
72.95 155.11
72.96 154.99
72.97 155.34
72.98 155.94
72.99 156.27
73.0 155.65
73.01 155.01
73.02 155.56
73.03 154.87
73.04 153.8
73.05 153.74
73.06 154.02
73.07 154.3
73.08 155.11
73.09 155.92
73.1 156.89
73.11 157.55
73.12 157.56
73.13 156.94
73.14 156.87
73.15 159.24
73.16 160.24
73.17 159.8
73.18 160.45
73.19 161.09
73.2 161.18
73.21 159.87
73.22 156.05
73.23 155.27
73.24 159.06
73.25 159.9
73.26 159.11
73.27 158.82
73.28 158.58
73.29 159.49
73.3 160.81
73.31 161.41
73.32 159.42
73.33 157.28
73.34 156.4
73.35 156.85
73.36 157.9
73.37 158.28
73.38 158.23
73.39 158.21
73.4 158.59
73.41 159.17
73.42 159.03
73.43 158.77
73.44 158.27
73.45 155.62
73.46 158.56
73.47 161.43
73.48 160.85
73.49 160.03
73.5 160.22
73.51 158.6
73.52 159.22
73.53 161.5
73.54 159.76
73.55 159.75
73.56 159.84
73.57 159.46
73.58 159.7
73.59 159.82
73.6 159.76
73.61 160.22
73.62 161.01
73.63 161.16
73.64 160.85
73.65 160.63
73.66 160.11
73.67 160.04
73.68 159.63
73.69 159.47
73.7 159.79
73.71 160.14
73.72 160.48
73.73 160.93
73.74 161.2
73.75 161.29
73.76 161.89
73.77 161.47
73.78 161.38
73.79 162.45
73.8 162.31
73.81 161.64
73.82 161.03
73.83 160.2
73.84 160.04
73.85 160.24
73.86 160.41
73.87 160.39
73.88 160.77
73.89 161.51
73.9 161.64
73.91 162.13
73.92 162.79
73.93 163.04
73.94 163.25
73.95 163.66
73.96 163.17
73.97 162.75
73.98 163.41
73.99 164.13
74.0 164.39
74.01 163.91
74.02 163.77
74.03 164.25
74.04 164.96
74.05 166.03
74.06 165.41
74.07 165.46
74.08 165.99
74.09 165.44
74.1 164.76
74.11 164.18
74.12 164.29
74.13 163.91
74.14 163.47
74.15 163.69
74.16 163.76
74.17 163.61
74.18 163.16
74.19 163.26
74.2 163.87
74.21 162.83
74.22 162.76
74.23 162.81
74.24 162.41
74.25 161.55
74.26 158.86
74.27 155.56
74.28 153.54
74.29 152.57
74.3 149.79
74.31 146.76
74.32 151.06
74.33 158.51
74.34 165.56
74.35 179.06
74.36 178.23
74.37 167.18
74.38 162.33
74.39 157.33
74.4 151.29
74.41 143.63
74.42 140.06
74.43 140.61
74.44 141.5
74.45 142.28
74.46 142.51
74.47 142.97
74.48 143.52
74.49 143.86
74.5 144.71
74.51 146.03
74.52 146.15
74.53 145.38
74.54 145.41
74.55 145.54
74.56 145.45
74.57 145.38
74.58 145.45
74.59 145.51
74.6 145.2
74.61 145.55
74.62 146.05
74.63 145.82
74.64 145.75
74.65 146.16
74.66 147.04
74.67 147.72
74.68 147.67
74.69 147.57
74.7 147.4
74.71 147.17
74.72 147.47
74.73 147.86
74.74 149.01
74.75 149.82
74.76 149.64
74.77 149.47
74.78 149.31
74.79 148.85
74.8 148.12
74.81 147.41
74.82 146.59
74.83 73.15
74.84 146.61
74.85 145.56
74.86 145.6
74.87 146.11
74.88 146.32
74.89 147.2
74.9 147.16
74.91 147.58
74.92 148.48
74.93 149.11
74.94 149.26
74.95 150.12
74.96 150.75
74.97 150.68
74.98 150.17
74.99 150.04
75.0 149.95
75.01 149.6
75.02 149.48
75.03 149.22
75.04 149.45
75.05 148.94
75.06 148.44
75.07 148.96
75.08 148.77
75.09 148.61
75.1 148.37
75.11 148.02
75.12 147.99
75.13 147.7
75.14 147.17
75.15 146.91
75.16 143.11
75.17 138.76
75.18 142.61
75.19 144.92
75.2 144.31
75.21 144.49
75.22 144.88
75.23 145.14
75.24 145.12
75.25 145.6
75.26 147.52
75.27 153.36
75.28 156.43
75.29 155.02
75.3 153.84
75.31 152.13
75.32 151.61
75.33 151.77
75.34 153.43
75.35 153.71
75.36 153.81
75.37 154.94
75.38 156.38
75.39 156.65
75.4 156.75
75.41 157.36
75.42 157.57
75.43 157.67
75.44 157.74
75.45 157.78
75.46 158.22
75.47 157.85
75.48 156.86
75.49 156.45
75.5 156.22
75.51 155.5
75.52 155.3
75.53 155.42
75.54 155.1
75.55 155.3
75.56 156.04
75.57 156.12
75.58 155.38
75.59 155.28
75.6 155.48
75.61 155.03
75.62 155.23
75.63 155.94
75.64 155.91
75.65 155.72
75.66 155.95
75.67 155.79
75.68 155.3
75.69 156.15
75.7 156.42
75.71 155.85
75.72 156.91
75.73 157.94
75.74 158.25
75.75 158.6
75.76 158.37
75.77 158.01
75.78 158.01
75.79 156.92
75.8 77.76
75.81 78.0
75.82 155.62
75.83 154.1
75.84 153.64
75.85 153.97
75.86 76.93
75.87 76.83
75.88 153.62
75.89 153.87
75.9 154.15
75.91 154.69
75.92 155.45
75.93 155.31
75.94 155.39
75.95 155.99
75.96 155.52
75.97 155.35
75.98 155.91
75.99 155.66
76.0 155.4
76.01 155.27
76.02 155.49
76.03 155.37
76.04 155.32
76.05 155.55
76.06 154.76
76.07 153.69
76.08 153.06
76.09 151.87
76.1 150.62
76.11 150.12
76.12 150.31
76.13 148.59
76.14 145.03
76.15 148.62
76.16 152.09
76.17 154.8
76.18 156.62
76.19 158.49
76.2 161.03
76.21 162.84
76.22 165.78
76.23 167.22
76.24 168.02
76.25 169.1
76.26 169.79
76.27 170.43
76.28 170.96
76.29 171.62
76.3 172.22
76.31 172.68
76.32 173.21
76.33 174.05
76.34 175.07
76.35 175.59
76.36 175.44
76.37 175.05
76.38 175.04
76.39 175.26
76.4 175.21
76.41 174.8
76.42 174.6
76.43 174.57
76.44 174.55
76.45 174.98
76.46 175.41
76.47 175.61
76.48 175.6
76.49 175.57
76.5 175.75
76.51 176.01
76.52 176.21
76.53 176.0
76.54 175.8
76.55 175.51
76.56 175.15
76.57 175.03
76.58 174.98
76.59 175.19
76.6 175.38
76.61 175.58
76.62 176.36
76.63 177.06
76.64 176.98
76.65 177.26
76.66 177.33
76.67 176.81
76.68 176.81
76.69 177.0
76.7 177.76
76.71 178.23
76.72 178.81
76.73 179.22
76.74 178.36
76.75 177.7
76.76 177.43
76.77 177.39
76.78 177.25
76.79 177.59
76.8 177.59
76.81 176.6
76.82 176.62
76.83 177.12
76.84 176.73
76.85 176.63
76.86 176.3
76.87 175.69
76.88 175.37
76.89 175.47
76.9 175.9
76.91 176.21
76.92 176.72
76.93 177.52
76.94 178.37
76.95 179.05
76.96 179.49
76.97 179.25
76.98 178.8
76.99 177.79
77.0 176.75
77.01 175.86
77.02 175.52
77.03 176.14
77.04 176.35
77.05 176.04
77.06 176.09
77.07 176.34
77.08 176.23
77.09 176.07
77.1 176.78
77.11 177.36
77.12 177.57
77.13 177.65
77.14 177.86
77.15 177.4
77.16 176.98
77.17 177.24
77.18 177.1
77.19 177.22
77.2 177.86
77.21 178.42
77.22 178.26
77.23 178.01
77.24 178.29
77.25 178.7
77.26 178.32
77.27 178.04
77.28 177.14
77.29 176.64
77.3 177.03
77.31 176.9
77.32 176.62
77.33 177.43
77.34 177.91
77.35 177.78
77.36 178.05
77.37 179.25
77.38 180.64
77.39 181.81
77.4 183.45
77.41 183.27
77.42 182.96
77.43 182.53
77.44 181.93
77.45 181.33
77.46 180.39
77.47 179.81
77.48 179.71
77.49 179.97
77.5 179.88
77.51 179.6
77.52 179.03
77.53 179.29
77.54 179.58
77.55 178.71
77.56 178.06
77.57 177.25
77.58 177.1
77.59 177.24
77.6 177.63
77.61 176.44
77.62 177.39
77.63 180.42
77.64 180.14
77.65 180.5
77.66 181.99
77.67 60.84
77.68 91.26
77.69 182.58
77.7 180.91
77.71 181.0
77.72 60.41
77.73 90.26
77.74 181.16
77.75 180.9
77.76 180.51
77.77 179.89
77.78 179.42
77.79 179.25
77.8 179.26
77.81 178.1
77.82 177.32
77.83 177.38
77.84 177.38
77.85 177.34
77.86 177.16
77.87 177.16
77.88 177.09
77.89 177.49
77.9 177.49
77.91 176.96
77.92 176.89
77.93 177.08
77.94 176.5
77.95 176.1
77.96 175.96
77.97 175.9
77.98 175.61
77.99 175.63
78.0 176.1
78.01 176.34
78.02 175.7
78.03 174.99
78.04 175.59
78.05 176.08
78.06 176.34
78.07 177.3
78.08 178.42
78.09 178.87
78.1 179.13
78.11 179.42
78.12 179.91
78.13 179.95
78.14 180.22
78.15 180.19
78.16 180.26
78.17 180.8
78.18 181.72
78.19 181.62
78.2 180.86
78.21 179.98
78.22 179.12
78.23 178.52
78.24 177.65
78.25 177.44
78.26 177.17
78.27 176.91
78.28 177.02
78.29 177.41
78.3 177.45
78.31 177.67
78.32 178.04
78.33 178.17
78.34 179.0
78.35 180.11
78.36 180.68
78.37 180.82
78.38 181.05
78.39 180.43
78.4 179.84
78.41 179.51
78.42 178.93
78.43 178.9
78.44 179.77
78.45 179.45
78.46 178.81
78.47 179.26
78.48 177.88
78.49 177.28
78.5 177.8
78.51 177.51
78.52 177.74
78.53 178.62
78.54 179.33
78.55 179.86
78.56 180.52
78.57 180.87
78.58 180.54
78.59 181.28
78.6 182.07
78.61 181.62
78.62 182.01
78.63 60.22
78.64 179.49
78.65 179.78
78.66 179.23
78.67 179.63
78.68 179.91
78.69 179.59
78.7 179.33
78.71 179.44
78.72 179.01
78.73 179.22
78.74 178.43
78.75 177.65
78.76 177.3
78.77 176.74
78.78 175.51
78.79 173.52
78.8 170.6
78.81 165.7
78.82 158.21
78.83 151.0
78.84 147.66
78.85 143.47
78.86 139.5
78.87 141.98
78.88 65.91
78.89 65.05
78.9 61.66
78.91 143.29
78.92 71.27
78.93 71.09
78.94 61.0
78.95 64.41
78.96 61.5
78.97 59.77
78.98 60.54
78.99 0.0
79.0 0.0
79.01 0.0
79.02 61.79
79.03 64.54
79.04 0.0
79.05 0.0
79.06 0.0
79.07 0.0
79.08 0.0
79.09 0.0
79.1 63.21
79.11 65.7
79.12 0.0
79.13 0.0
79.14 0.0
79.15 0.0
79.16 0.0
79.17 0.0
79.18 0.0
79.19 0.0
79.2 0.0
79.21 0.0
79.22 118.91
79.23 122.67
79.24 0.0
79.25 0.0
79.26 122.45
79.27 0.0
79.28 0.0
79.29 0.0
79.3 0.0
79.31 0.0
79.32 0.0
79.33 0.0
79.34 0.0
79.35 62.57
79.36 67.32
79.37 0.0
79.38 73.5
79.39 70.1
79.4 69.78
79.41 74.85
79.42 70.35
79.43 140.04
79.44 79.08
79.45 78.34
79.46 132.68
79.47 74.52
79.48 79.48
79.49 79.49
79.5 79.5
79.51 79.51
79.52 0.0
