0.0 0.0
0.01 0.0
0.02 0.0
0.03 0.0
0.04 0.0
0.05 0.0
0.06 0.0
0.07 0.0
0.08 0.0
0.09 0.0
0.1 0.0
0.11 0.0
0.12 0.0
0.13 0.0
0.14 0.0
0.15 0.0
0.16 0.0
0.17 0.0
0.18 0.0
0.19 0.0
0.2 0.0
0.21 0.0
0.22 0.0
0.23 0.0
0.24 0.0
0.25 0.0
0.26 0.0
0.27 0.0
0.28 0.0
0.29 0.0
0.3 0.0
0.31 0.0
0.32 0.0
0.33 0.0
0.34 0.0
0.35 0.0
0.36 0.0
0.37 0.0
0.38 0.0
0.39 0.0
0.4 0.0
0.41 0.0
0.42 0.0
0.43 0.0
0.44 0.0
0.45 0.0
0.46 0.0
0.47 0.0
0.48 0.0
0.49 0.0
0.5 0.0
0.51 0.0
0.52 0.0
0.53 0.0
0.54 0.0
0.55 0.0
0.56 0.0
0.57 0.0
0.58 0.0
0.59 0.0
0.6 0.0
0.61 0.0
0.62 0.0
0.63 0.0
0.64 0.0
0.65 0.0
0.66 0.0
0.67 0.0
0.68 0.0
0.69 0.0
0.7 0.0
0.71 0.0
0.72 0.0
0.73 0.0
0.74 0.0
0.75 0.0
0.76 0.0
0.77 0.0
0.78 0.0
0.79 0.0
0.8 0.0
0.81 0.0
0.82 0.0
0.83 0.0
0.84 0.0
0.85 0.0
0.86 0.0
0.87 0.0
0.88 0.0
0.89 0.0
0.9 0.0
0.91 0.0
0.92 0.0
0.93 98.43
0.94 99.05
0.95 0.0
0.96 133.68
0.97 133.84
0.98 133.99
0.99 136.36
1.0 135.26
1.01 130.11
1.02 137.85
1.03 142.86
1.04 150.09
1.05 156.94
1.06 165.89
1.07 171.57
1.08 175.7
1.09 179.65
1.1 185.12
1.11 190.57
1.12 193.63
1.13 197.02
1.14 200.96
1.15 204.86
1.16 209.01
1.17 213.91
1.18 218.74
1.19 222.84
1.2 227.89
1.21 232.22
1.22 230.17
1.23 233.48
1.24 236.16
1.25 236.15
1.26 239.49
1.27 242.72
1.28 245.22
1.29 247.1
1.3 247.37
1.31 248.57
1.32 250.53
1.33 251.43
1.34 251.22
1.35 250.36
1.36 249.48
1.37 248.87
1.38 247.58
1.39 246.12
1.4 245.11
1.41 245.45
1.42 246.35
1.43 246.5
1.44 246.87
1.45 247.09
1.46 247.2
1.47 247.61
1.48 247.77
1.49 247.76
1.5 248.14
1.51 248.39
1.52 248.28
1.53 248.85
1.54 247.85
1.55 247.34
1.56 246.44
1.57 247.07
1.58 248.58
1.59 249.18
1.6 249.38
1.61 250.36
1.62 251.5
1.63 251.02
1.64 251.36
1.65 250.86
1.66 250.47
1.67 249.73
1.68 248.32
1.69 247.36
1.7 247.25
1.71 247.11
1.72 247.74
1.73 249.64
1.74 250.0
1.75 249.78
1.76 249.49
1.77 249.69
1.78 250.21
1.79 250.42
1.8 250.21
1.81 249.1
1.82 248.58
1.83 249.33
1.84 249.73
1.85 249.88
1.86 250.45
1.87 250.93
1.88 251.4
1.89 251.35
1.9 252.0
1.91 251.51
1.92 251.08
1.93 251.3
1.94 251.37
1.95 251.67
1.96 251.69
1.97 251.52
1.98 250.68
1.99 249.86
2.0 248.77
2.01 247.71
2.02 247.32
2.03 247.9
2.04 248.91
2.05 249.26
2.06 250.72
2.07 252.79
2.08 254.11
2.09 256.14
2.1 257.59
2.11 256.97
2.12 255.42
2.13 253.81
2.14 252.94
2.15 251.5
2.16 249.83
2.17 248.6
2.18 247.36
2.19 247.18
2.2 246.92
2.21 247.78
2.22 249.89
2.23 250.63
2.24 251.82
2.25 252.64
2.26 253.57
2.27 253.73
2.28 252.39
2.29 251.39
2.3 250.74
2.31 250.29
2.32 250.15
2.33 250.99
2.34 250.17
2.35 240.7
2.36 224.17
2.37 63.45
2.38 186.48
2.39 198.37
2.4 226.56
2.41 222.33
2.42 196.41
2.43 200.48
2.44 239.34
2.45 226.24
2.46 63.92
2.47 0.0
2.48 205.81
2.49 216.1
2.5 0.0
2.51 0.0
2.52 0.0
2.53 278.31
2.54 259.55
2.55 248.93
2.56 244.39
2.57 245.59
2.58 246.2
2.59 245.79
2.6 245.28
2.61 244.25
2.62 244.13
2.63 244.39
2.64 244.98
2.65 246.0
2.66 247.18
2.67 248.55
2.68 249.44
2.69 249.79
2.7 250.14
2.71 250.41
2.72 250.38
2.73 249.54
2.74 247.79
2.75 246.97
2.76 246.82
2.77 245.97
2.78 245.63
2.79 245.94
2.8 245.93
2.81 245.7
2.82 246.42
2.83 247.28
2.84 249.21
2.85 250.15
2.86 250.2
2.87 250.2
2.88 250.06
2.89 249.66
2.9 248.61
2.91 247.43
2.92 245.96
2.93 245.14
2.94 245.21
2.95 246.05
2.96 247.62
2.97 249.32
2.98 251.07
2.99 252.96
3.0 253.19
3.01 252.61
3.02 251.48
3.03 249.87
3.04 249.22
3.05 248.98
3.06 248.8
3.07 248.64
3.08 249.46
3.09 251.17
3.1 251.92
3.11 251.51
3.12 250.21
3.13 250.16
3.14 252.26
3.15 246.4
3.16 224.85
3.17 63.11
3.18 65.33
3.19 215.76
3.2 220.78
3.21 231.28
3.22 220.8
3.23 217.89
3.24 247.69
3.25 237.58
3.26 225.67
3.27 208.59
3.28 270.54
3.29 258.1
3.3 253.64
3.31 247.87
3.32 245.81
3.33 247.39
3.34 247.96
3.35 248.52
3.36 249.08
3.37 249.03
3.38 248.15
3.39 247.75
3.4 248.04
3.41 248.95
3.42 250.57
3.43 251.4
3.44 251.14
3.45 252.59
3.46 255.13
3.47 257.42
3.48 258.64
3.49 257.61
3.5 260.62
3.51 264.63
3.52 262.34
3.53 259.59
3.54 257.13
3.55 255.11
3.56 252.9
3.57 249.98
3.58 241.46
3.59 237.91
3.6 234.24
3.61 241.47
3.62 240.53
3.63 241.86
3.64 256.56
3.65 293.71
3.66 295.97
3.67 299.2
3.68 301.1
3.69 295.08
3.7 291.29
3.71 286.7
3.72 278.02
3.73 283.61
3.74 287.94
3.75 297.87
3.76 288.78
3.77 280.96
3.78 277.31
3.79 276.97
3.8 278.18
3.81 279.0
3.82 279.2
3.83 557.2
3.84 558.85
3.85 561.01
3.86 562.7
3.87 562.2
3.88 561.16
3.89 563.86
3.9 282.47
3.91 282.11
3.92 281.54
3.93 280.43
3.94 279.4
3.95 279.04
3.96 279.0
3.97 279.25
3.98 557.13
3.99 558.85
4.0 557.97
4.01 552.96
4.02 276.92
4.03 280.85
4.04 276.74
4.05 277.74
4.06 279.52
4.07 277.59
4.08 69.91
4.09 276.68
4.1 275.38
4.11 276.32
4.12 271.43
4.13 275.27
4.14 262.16
4.15 253.18
4.16 244.6
4.17 243.78
4.18 246.19
4.19 245.08
4.2 244.64
4.21 245.46
4.22 244.03
4.23 242.71
4.24 240.57
4.25 237.54
4.26 234.49
4.27 231.98
4.28 231.69
4.29 231.77
4.3 230.5
4.31 230.06
4.32 230.85
4.33 231.84
4.34 232.69
4.35 233.11
4.36 233.91
4.37 234.75
4.38 234.46
4.39 233.38
4.4 232.52
4.41 231.98
4.42 231.11
4.43 230.23
4.44 229.64
4.45 229.0
4.46 229.23
4.47 229.69
4.48 229.97
4.49 230.95
4.5 231.8
4.51 231.94
4.52 232.24
4.53 232.5
4.54 232.59
4.55 232.42
4.56 231.66
4.57 232.01
4.58 231.56
4.59 231.48
4.6 232.45
4.61 232.64
4.62 232.95
4.63 233.45
4.64 233.81
4.65 233.23
4.66 232.85
4.67 232.05
4.68 231.42
4.69 231.29
4.7 231.34
4.71 231.11
4.72 232.28
4.73 233.51
4.74 233.5
4.75 234.22
4.76 235.19
4.77 235.26
4.78 234.63
4.79 234.64
4.8 233.93
4.81 232.18
4.82 231.48
4.83 231.1
4.84 230.61
4.85 230.86
4.86 231.58
4.87 231.58
4.88 231.57
4.89 232.65
4.9 233.36
4.91 233.97
4.92 235.0
4.93 235.15
4.94 234.89
4.95 234.4
4.96 233.68
4.97 233.31
4.98 232.8
4.99 231.7
5.0 231.12
5.01 231.03
5.02 230.95
5.03 231.15
5.04 231.83
5.05 232.51
5.06 233.14
5.07 234.06
5.08 234.17
5.09 234.36
5.1 234.25
5.11 233.9
5.12 233.65
5.13 233.05
5.14 233.25
5.15 233.2
5.16 232.98
5.17 232.66
5.18 233.18
5.19 234.1
5.2 234.25
5.21 233.9
5.22 234.14
5.23 233.97
5.24 233.18
5.25 232.65
5.26 232.4
5.27 231.57
5.28 231.41
5.29 231.88
5.3 232.4
5.31 232.38
5.32 232.23
5.33 232.43
5.34 232.62
5.35 233.2
5.36 233.07
5.37 232.64
5.38 232.89
5.39 233.32
5.4 233.28
5.41 233.28
5.42 233.89
5.43 233.94
5.44 233.59
5.45 233.69
5.46 233.46
5.47 233.33
5.48 233.73
5.49 233.77
5.5 233.62
5.51 233.37
5.52 232.77
5.53 232.81
5.54 232.62
5.55 232.61
5.56 233.02
5.57 233.13
5.58 232.91
5.59 232.62
5.6 232.68
5.61 229.88
5.62 223.97
5.63 210.41
5.64 192.1
5.65 202.15
5.66 112.73
5.67 226.59
5.68 211.51
5.69 209.58
5.7 226.16
5.71 216.7
5.72 207.26
5.73 190.56
5.74 0.0
5.75 0.0
5.76 0.0
5.77 0.0
5.78 0.0
5.79 0.0
5.8 0.0
5.81 0.0
5.82 0.0
5.83 0.0
5.84 0.0
5.85 0.0
5.86 0.0
5.87 0.0
5.88 0.0
5.89 0.0
5.9 0.0
5.91 0.0
5.92 0.0
5.93 0.0
5.94 0.0
5.95 0.0
5.96 0.0
5.97 0.0
5.98 0.0
5.99 0.0
6.0 0.0
6.01 0.0
6.02 0.0
6.03 0.0
6.04 0.0
6.05 0.0
6.06 0.0
6.07 0.0
6.08 0.0
6.09 0.0
6.1 0.0
6.11 0.0
6.12 0.0
6.13 0.0
6.14 0.0
6.15 0.0
6.16 0.0
6.17 238.92
6.18 227.09
6.19 223.97
6.2 213.95
6.21 203.17
6.22 203.95
6.23 203.49
6.24 200.33
6.25 201.49
6.26 205.66
6.27 205.43
6.28 193.12
6.29 190.71
6.3 188.23
6.31 180.43
6.32 127.37
6.33 129.56
6.34 131.89
6.35 135.73
6.36 138.24
6.37 142.81
6.38 147.09
6.39 151.08
6.4 153.38
6.41 159.01
6.42 161.46
6.43 164.21
6.44 169.15
6.45 171.43
6.46 171.81
6.47 173.3
6.48 174.49
6.49 173.54
6.5 175.13
6.51 176.8
6.52 174.9
6.53 177.58
6.54 180.26
6.55 180.83
6.56 182.48
6.57 184.83
6.58 187.34
6.59 189.34
6.6 190.65
6.61 191.24
6.62 193.44
6.63 191.26
6.64 93.97
6.65 191.46
6.66 193.25
6.67 195.26
6.68 197.47
6.69 198.64
6.7 198.28
6.71 197.12
6.72 196.35
6.73 196.44
6.74 197.07
6.75 197.51
6.76 198.47
6.77 198.17
6.78 192.94
6.79 191.19
6.8 191.66
6.81 194.67
6.82 197.35
6.83 198.66
6.84 201.02
6.85 202.52
6.86 203.07
6.87 203.91
6.88 204.32
6.89 204.13
6.9 203.74
6.91 203.34
6.92 203.43
6.93 203.7
6.94 204.13
6.95 204.23
6.96 204.17
6.97 204.42
6.98 204.05
6.99 203.35
7.0 202.74
7.01 202.03
7.02 201.84
7.03 202.09
7.04 202.13
7.05 202.31
7.06 203.02
7.07 203.67
7.08 203.98
7.09 204.4
7.1 204.76
7.11 204.73
7.12 204.76
7.13 205.18
7.14 204.34
7.15 202.99
7.16 203.42
7.17 204.69
7.18 204.77
7.19 204.41
7.2 204.07
7.21 202.86
7.22 201.38
7.23 201.23
7.24 201.84
7.25 202.08
7.26 201.87
7.27 201.53
7.28 201.6
7.29 201.44
7.3 200.71
7.31 200.82
7.32 201.67
7.33 202.61
7.34 203.13
7.35 203.16
7.36 202.79
7.37 202.18
7.38 202.3
7.39 202.53
7.4 202.49
7.41 202.45
7.42 202.06
7.43 201.92
7.44 202.5
7.45 203.07
7.46 203.13
7.47 203.19
7.48 202.66
7.49 201.46
7.5 200.57
7.51 198.96
7.52 189.8
7.53 176.56
7.54 174.11
7.55 162.97
7.56 157.96
7.57 71.92
7.58 74.88
7.59 156.98
7.6 172.22
7.61 178.09
7.62 184.79
7.63 190.54
7.64 192.86
7.65 194.38
7.66 194.48
7.67 195.16
7.68 194.87
7.69 196.68
7.7 197.64
7.71 196.92
7.72 198.07
7.73 198.37
7.74 198.79
7.75 198.96
7.76 198.53
7.77 198.59
7.78 198.82
7.79 198.77
7.8 198.29
7.81 197.75
7.82 199.31
7.83 200.76
7.84 201.27
7.85 201.06
7.86 200.72
7.87 200.46
7.88 200.22
7.89 200.37
7.9 200.26
7.91 199.65
7.92 199.29
7.93 199.38
7.94 199.95
7.95 200.84
7.96 201.41
7.97 201.72
7.98 200.79
7.99 198.55
8.0 197.18
8.01 196.64
8.02 194.29
8.03 188.57
8.04 180.04
8.05 167.85
8.06 153.3
8.07 142.37
8.08 139.77
8.09 67.12
8.1 133.25
8.11 144.77
8.12 79.0
8.13 86.1
8.14 182.06
8.15 186.44
8.16 190.22
8.17 192.51
8.18 192.92
8.19 194.07
8.2 196.08
8.21 194.72
8.22 195.64
8.23 196.76
8.24 196.0
8.25 197.68
8.26 197.74
8.27 197.23
8.28 198.55
8.29 196.43
8.3 191.81
8.31 191.96
8.32 191.53
8.33 183.12
8.34 182.4
8.35 186.21
8.36 191.78
8.37 198.35
8.38 199.14
8.39 197.54
8.4 197.39
8.41 96.77
8.42 95.89
8.43 95.53
8.44 95.14
8.45 93.02
8.46 91.39
8.47 90.67
8.48 90.66
8.49 92.79
8.5 95.05
8.51 64.0
8.52 192.58
8.53 195.16
8.54 196.65
8.55 197.6
8.56 197.63
8.57 197.8
8.58 197.63
8.59 98.4
8.6 198.28
8.61 98.77
8.62 98.22
8.63 196.95
8.64 98.24
8.65 98.31
8.66 196.3
8.67 98.71
8.68 65.83
8.69 98.41
8.7 98.95
8.71 66.0
8.72 98.54
8.73 98.44
8.74 199.64
8.75 98.53
8.76 97.96
8.77 199.42
8.78 98.72
8.79 98.09
8.8 65.43
8.81 97.91
8.82 97.26
8.83 192.11
8.84 94.75
8.85 64.95
8.86 65.38
8.87 96.39
8.88 97.35
8.89 96.84
8.9 65.09
8.91 96.13
8.92 97.43
8.93 65.7
8.94 97.21
8.95 98.01
8.96 98.03
8.97 196.84
8.98 196.09
8.99 98.16
9.0 196.75
9.01 196.94
9.02 196.16
9.03 195.59
9.04 98.17
9.05 198.01
9.06 98.69
9.07 98.63
9.08 198.69
9.09 99.08
9.1 98.79
9.11 65.49
9.12 97.21
9.13 95.69
9.14 191.09
9.15 186.69
9.16 183.44
9.17 178.3
9.18 171.71
9.19 167.48
9.2 158.88
9.21 147.82
9.22 140.6
9.23 131.6
9.24 126.17
9.25 61.61
9.26 105.16
9.27 106.83
9.28 102.68
9.29 59.99
9.3 61.17
9.31 145.4
9.32 143.68
9.33 154.3
9.34 161.79
9.35 164.24
9.36 164.59
9.37 161.67
9.38 154.66
9.39 150.33
9.4 147.76
9.41 146.8
9.42 147.21
9.43 148.05
9.44 149.53
9.45 151.16
9.46 152.85
9.47 154.49
9.48 155.38
9.49 156.72
9.5 158.08
9.51 158.12
9.52 158.23
9.53 158.21
9.54 157.84
9.55 156.66
9.56 156.15
9.57 155.81
9.58 155.89
9.59 156.7
9.6 78.67
9.61 78.95
9.62 78.86
9.63 157.31
9.64 157.55
9.65 157.56
9.66 78.6
9.67 78.68
9.68 79.14
9.69 79.31
9.7 157.74
9.71 158.29
9.72 160.11
9.73 160.95
9.74 160.19
9.75 159.38
9.76 79.46
9.77 79.33
9.78 79.21
9.79 79.24
9.8 79.5
9.81 79.65
9.82 158.81
9.83 158.05
9.84 158.06
9.85 158.51
9.86 158.24
9.87 158.04
9.88 79.61
9.89 79.74
9.9 79.73
9.91 79.59
9.92 79.37
9.93 79.35
9.94 79.44
9.95 79.45
9.96 79.51
9.97 79.63
9.98 79.71
9.99 159.52
10.0 79.54
10.01 79.61
10.02 79.62
10.03 79.43
10.04 79.42
10.05 79.67
10.06 79.95
10.07 80.18
10.08 80.25
10.09 80.13
10.1 159.55
10.11 159.09
10.12 79.59
10.13 79.54
10.14 79.55
10.15 158.66
10.16 158.0
10.17 157.65
10.18 157.55
10.19 156.77
10.2 78.55
10.21 78.7
10.22 78.97
10.23 79.2
10.24 79.39
10.25 79.25
10.26 79.12
10.27 79.34
10.28 79.7
10.29 79.96
10.3 159.9
10.31 79.94
10.32 80.05
10.33 80.25
10.34 80.21
10.35 80.03
10.36 80.0
10.37 80.06
10.38 80.01
10.39 79.91
10.4 79.8
10.41 79.62
10.42 79.47
10.43 79.38
10.44 79.27
10.45 79.22
10.46 79.29
10.47 79.27
10.48 79.34
10.49 79.46
10.5 79.52
10.51 79.4
10.52 79.29
10.53 158.74
10.54 158.26
10.55 158.16
10.56 79.47
10.57 79.65
10.58 79.45
10.59 79.32
10.6 79.5
10.61 79.51
10.62 79.14
10.63 78.98
10.64 79.09
10.65 79.01
10.66 79.07
10.67 79.21
10.68 79.31
10.69 79.48
10.7 79.68
10.71 158.54
10.72 159.32
10.73 80.1
10.74 80.13
10.75 79.92
10.76 79.87
10.77 79.66
10.78 79.47
10.79 79.31
10.8 158.28
10.81 157.89
10.82 156.97
10.83 157.13
10.84 157.98
10.85 157.88
10.86 158.09
10.87 158.31
10.88 158.39
10.89 158.98
10.9 159.54
10.91 160.23
10.92 161.55
10.93 162.31
10.94 162.58
10.95 163.29
10.96 163.45
10.97 163.05
10.98 163.3
10.99 164.42
11.0 163.83
11.01 161.83
11.02 158.47
11.03 155.74
11.04 152.85
11.05 143.14
11.06 140.05
11.07 131.46
11.08 127.88
11.09 127.07
11.1 127.05
11.11 126.02
11.12 123.84
11.13 123.21
11.14 122.5
11.15 123.1
11.16 123.43
11.17 128.92
11.18 135.36
11.19 138.49
11.2 140.62
11.21 140.66
11.22 140.13
11.23 139.36
11.24 138.5
11.25 139.03
11.26 138.76
11.27 137.6
11.28 137.9
11.29 137.96
11.3 138.34
11.31 141.27
11.32 145.15
11.33 147.35
11.34 151.83
11.35 155.49
11.36 158.51
11.37 161.73
11.38 163.96
11.39 166.13
11.4 168.7
11.41 169.76
11.42 169.56
11.43 170.22
11.44 171.05
11.45 171.11
11.46 170.64
11.47 170.51
11.48 171.83
11.49 172.94
11.5 173.43
11.51 173.0
11.52 173.16
11.53 174.63
11.54 175.17
11.55 175.36
11.56 175.95
11.57 176.16
11.58 176.5
11.59 176.64
11.6 176.2
11.61 176.03
11.62 176.15
11.63 176.14
11.64 175.34
11.65 174.4
11.66 175.15
11.67 176.07
11.68 176.59
11.69 176.92
11.7 177.52
11.71 178.01
11.72 177.5
11.73 177.23
11.74 177.44
11.75 177.19
11.76 177.39
11.77 177.41
11.78 177.14
11.79 177.31
11.8 177.43
11.81 176.98
11.82 177.17
11.83 177.71
11.84 178.13
11.85 178.66
11.86 177.83
11.87 176.63
11.88 176.68
11.89 174.83
11.9 177.56
11.91 179.16
11.92 87.91
11.93 180.99
11.94 177.94
11.95 84.9
11.96 171.38
11.97 170.72
11.98 171.79
11.99 174.96
12.0 175.87
12.01 175.93
12.02 175.74
12.03 174.62
12.04 174.49
12.05 174.8
12.06 174.09
12.07 174.91
12.08 175.77
12.09 170.04
12.1 168.01
12.11 165.36
12.12 168.08
12.13 161.35
12.14 161.21
12.15 165.25
12.16 167.05
12.17 170.13
12.18 172.31
12.19 172.81
12.2 171.85
12.21 170.8
12.22 171.53
12.23 172.04
12.24 172.45
12.25 172.52
12.26 172.84
12.27 174.11
12.28 174.28
12.29 174.4
12.3 174.59
12.31 87.58
12.32 88.05
12.33 175.88
12.34 175.63
12.35 87.94
12.36 175.88
12.37 175.5
12.38 88.24
12.39 177.08
12.4 176.94
12.41 176.41
12.42 88.05
12.43 175.14
12.44 174.75
12.45 175.1
12.46 175.59
12.47 174.39
12.48 175.49
12.49 175.11
12.5 174.74
12.51 175.85
12.52 175.31
12.53 175.29
12.54 175.42
12.55 176.9
12.56 177.77
12.57 178.55
12.58 179.09
12.59 180.0
12.6 180.62
12.61 179.72
12.62 180.93
12.63 178.79
12.64 79.02
12.65 74.11
12.66 64.71
12.67 65.09
12.68 191.39
12.69 109.88
12.7 216.17
12.71 211.72
12.72 213.53
12.73 223.56
12.74 236.9
12.75 219.66
12.76 213.14
12.77 0.0
12.78 208.04
12.79 215.91
12.8 242.88
12.81 205.59
12.82 205.62
12.83 250.13
12.84 243.93
12.85 212.58
12.86 0.0
12.87 0.0
12.88 0.0
12.89 0.0
12.9 0.0
12.91 0.0
12.92 0.0
12.93 0.0
12.94 0.0
12.95 0.0
12.96 0.0
12.97 0.0
12.98 0.0
12.99 302.46
13.0 272.59
13.01 66.34
13.02 187.02
13.03 179.79
13.04 171.78
13.05 148.32
13.06 143.68
13.07 71.59
13.08 71.26
13.09 72.29
13.1 73.36
13.11 146.94
13.12 73.7
13.13 74.03
13.14 75.08
13.15 150.65
13.16 151.91
13.17 153.24
13.18 154.06
13.19 156.79
13.2 157.97
13.21 158.9
13.22 160.94
13.23 80.79
13.24 162.29
13.25 164.79
13.26 165.33
13.27 166.02
13.28 167.16
13.29 167.18
13.3 167.2
13.31 167.2
13.32 167.88
13.33 168.72
13.34 168.18
13.35 168.64
13.36 169.15
13.37 169.72
13.38 170.24
13.39 85.21
13.4 85.87
13.41 172.88
13.42 173.55
13.43 173.64
13.44 172.7
13.45 173.84
13.46 174.71
13.47 86.46
13.48 86.07
13.49 85.88
13.5 86.21
13.51 86.51
13.52 86.53
13.53 86.14
13.54 86.22
13.55 86.45
13.56 172.09
13.57 171.74
13.58 171.89
13.59 172.91
13.6 172.94
13.61 172.5
13.62 173.33
13.63 173.8
13.64 172.88
13.65 171.68
13.66 172.89
13.67 174.35
13.68 173.82
13.69 172.83
13.7 173.6
13.71 172.8
13.72 172.81
13.73 173.1
13.74 171.7
13.75 172.86
13.76 174.15
13.77 173.96
13.78 174.54
13.79 87.17
13.8 175.23
13.81 60.27
13.82 60.39
13.83 181.79
13.84 178.41
13.85 177.85
13.86 175.96
13.87 177.17
13.88 177.85
13.89 177.71
13.9 178.61
13.91 178.39
13.92 178.51
13.93 180.27
13.94 180.59
13.95 180.7
13.96 180.19
13.97 180.15
13.98 181.46
13.99 180.78
14.0 181.05
14.01 179.91
14.02 177.01
14.03 173.5
14.04 169.1
14.05 172.12
14.06 172.45
14.07 177.58
14.08 180.1
14.09 181.84
14.1 182.58
14.11 183.34
14.12 183.44
14.13 176.58
14.14 172.11
14.15 172.07
14.16 170.7
14.17 171.23
14.18 171.51
14.19 171.67
14.2 171.63
14.21 171.59
14.22 173.54
14.23 172.94
14.24 85.54
14.25 172.38
14.26 172.43
14.27 171.97
14.28 173.09
14.29 173.48
14.3 169.1
14.31 159.65
14.32 150.11
14.33 125.97
14.34 62.68
14.35 65.37
14.36 99.95
14.37 104.82
14.38 174.83
14.39 0.0
14.4 71.68
14.41 70.03
14.42 69.44
14.43 129.73
14.44 90.63
14.45 114.81
14.46 112.51
14.47 0.0
14.48 223.78
14.49 182.25
14.5 178.34
14.51 176.33
14.52 172.26
14.53 169.77
14.54 169.6
14.55 169.69
14.56 171.02
14.57 172.25
14.58 171.73
14.59 172.32
14.6 173.85
14.61 174.17
14.62 173.73
14.63 174.58
14.64 175.81
14.65 176.91
14.66 176.12
14.67 175.96
14.68 176.09
14.69 175.08
14.7 174.13
14.71 173.02
14.72 167.95
14.73 154.23
14.74 138.39
14.75 124.45
14.76 119.59
14.77 238.0
14.78 242.39
14.79 239.97
14.8 232.14
14.81 104.05
14.82 221.26
14.83 175.63
14.84 170.86
14.85 170.66
14.86 172.08
14.87 173.01
14.88 86.13
14.89 86.75
14.9 173.3
14.91 175.28
14.92 177.09
14.93 89.44
14.94 89.94
14.95 180.7
14.96 183.56
14.97 91.43
14.98 91.05
14.99 179.97
15.0 177.82
15.01 177.04
15.02 175.97
15.03 175.93
15.04 176.6
15.05 175.96
15.06 87.31
15.07 174.27
15.08 174.05
15.09 174.78
15.1 174.95
15.11 173.66
15.12 173.24
15.13 173.93
15.14 172.95
15.15 173.36
15.16 174.21
15.17 173.13
15.18 173.58
15.19 174.1
15.2 173.42
15.21 174.33
15.22 175.71
15.23 176.11
15.24 174.53
15.25 169.05
15.26 151.23
15.27 148.28
15.28 121.35
15.29 120.7
15.3 120.46
15.31 241.18
15.32 241.26
15.33 241.22
15.34 242.13
15.35 242.31
15.36 242.42
15.37 243.56
15.38 243.53
15.39 235.75
15.4 231.25
15.41 228.54
15.42 221.46
15.43 93.15
15.44 185.97
15.45 69.14
15.46 262.21
15.47 273.08
15.48 68.85
15.49 92.09
15.5 273.84
15.51 69.1
15.52 92.07
15.53 275.84
15.54 276.98
15.55 276.24
15.56 276.03
15.57 277.51
15.58 277.68
15.59 275.92
15.6 275.87
15.61 276.77
15.62 276.53
15.63 276.06
15.64 274.54
15.65 273.44
15.66 273.68
15.67 273.37
15.68 276.06
15.69 279.57
15.7 274.04
15.71 275.84
15.72 279.35
15.73 96.33
15.74 96.19
15.75 94.98
15.76 185.96
15.77 73.25
15.78 133.41
15.79 133.52
15.8 133.51
15.81 134.06
15.82 136.36
15.83 69.16
15.84 69.98
15.85 70.87
15.86 72.09
15.87 73.04
15.88 147.98
15.89 148.2
15.9 149.63
15.91 150.43
15.92 152.36
15.93 153.73
15.94 154.06
15.95 156.3
15.96 157.31
15.97 158.41
15.98 160.31
15.99 161.03
16.0 162.45
16.01 165.15
16.02 165.08
16.03 166.03
16.04 168.5
16.05 168.45
16.06 169.79
16.07 170.51
16.08 170.11
16.09 170.57
16.1 171.65
16.11 171.86
16.12 171.24
16.13 171.81
16.14 171.42
16.15 170.98
16.16 171.7
16.17 172.08
16.18 171.15
16.19 172.16
16.2 173.29
16.21 172.31
16.22 172.85
16.23 173.67
16.24 173.22
16.25 172.95
16.26 173.21
16.27 172.58
16.28 173.05
16.29 174.42
16.3 173.74
16.31 174.16
16.32 174.86
16.33 174.95
16.34 174.97
16.35 175.48
16.36 175.64
16.37 175.12
16.38 176.04
16.39 176.11
16.4 175.16
16.41 174.92
16.42 175.01
16.43 174.02
16.44 172.73
16.45 172.52
16.46 172.5
16.47 86.34
16.48 172.57
16.49 172.7
16.5 173.13
16.51 173.59
16.52 175.81
16.53 179.53
16.54 182.22
16.55 183.03
16.56 182.96
16.57 179.71
16.58 175.94
16.59 170.32
16.6 85.54
16.61 87.6
16.62 181.75
16.63 180.9
16.64 179.41
16.65 177.08
16.66 177.48
16.67 178.46
16.68 178.64
16.69 179.11
16.7 176.67
16.71 169.68
16.72 155.45
16.73 140.12
16.74 105.75
16.75 97.83
16.76 85.76
16.77 60.77
16.78 0.0
16.79 0.0
16.8 0.0
16.81 292.53
16.82 0.0
16.83 203.41
16.84 162.89
16.85 163.06
16.86 164.62
16.87 166.41
16.88 168.93
16.89 171.8
16.9 173.83
16.91 175.75
16.92 177.12
16.93 178.31
16.94 179.11
16.95 178.56
16.96 177.82
16.97 178.43
16.98 179.15
16.99 179.37
17.0 179.98
17.01 179.51
17.02 178.99
17.03 179.06
17.04 178.5
17.05 179.02
17.06 179.22
17.07 178.69
17.08 179.46
17.09 179.86
17.1 179.24
17.11 179.63
17.12 179.26
17.13 177.79
17.14 175.45
17.15 175.13
17.16 180.66
17.17 184.41
17.18 183.93
17.19 185.42
17.2 186.24
17.21 184.96
17.22 90.85
17.23 91.45
17.24 181.71
17.25 183.99
17.26 90.7
17.27 89.86
17.28 180.13
17.29 180.23
17.3 179.64
17.31 178.78
17.32 178.38
17.33 178.32
17.34 177.97
17.35 178.17
17.36 178.59
17.37 178.46
17.38 179.08
17.39 178.67
17.4 178.12
17.41 178.28
17.42 178.02
17.43 178.13
17.44 177.71
17.45 177.93
17.46 178.45
17.47 177.9
17.48 177.6
17.49 177.6
17.5 89.03
17.51 178.51
17.52 178.89
17.53 178.71
17.54 179.16
17.55 179.23
17.56 178.65
17.57 89.15
17.58 89.11
17.59 177.93
17.6 89.21
17.61 89.37
17.62 178.76
17.63 179.07
17.64 179.1
17.65 179.18
17.66 179.34
17.67 89.15
17.68 88.76
17.69 88.64
17.7 178.63
17.71 178.68
17.72 178.13
17.73 178.1
17.74 176.98
17.75 177.34
17.76 178.23
17.77 178.75
17.78 179.79
17.79 180.31
17.8 179.6
17.81 178.12
17.82 179.21
17.83 179.97
17.84 180.26
17.85 180.32
17.86 179.88
17.87 179.27
17.88 178.73
17.89 178.42
17.9 178.63
17.91 179.11
17.92 179.72
17.93 180.22
17.94 180.59
17.95 181.23
17.96 181.19
17.97 180.64
17.98 80.79
17.99 145.81
18.0 145.74
18.01 145.8
18.02 146.04
18.03 121.83
18.04 242.56
18.05 237.87
18.06 235.15
18.07 217.39
18.08 153.61
18.09 140.76
18.1 124.07
18.11 113.79
18.12 92.23
18.13 224.85
18.14 288.76
18.15 264.03
18.16 252.95
18.17 244.39
18.18 238.79
18.19 233.18
18.2 232.08
18.21 233.32
18.22 232.26
18.23 232.16
18.24 233.62
18.25 234.99
18.26 234.06
18.27 233.29
18.28 232.59
18.29 229.36
18.3 223.76
18.31 221.27
18.32 659.52
18.33 657.96
18.34 222.11
18.35 223.68
18.36 219.76
18.37 98.19
18.38 191.93
18.39 198.97
18.4 212.41
18.41 212.55
18.42 213.4
18.43 217.63
18.44 217.64
18.45 217.0
18.46 220.95
18.47 219.27
18.48 214.48
18.49 215.15
18.5 0.0
18.51 218.58
18.52 163.77
18.53 0.0
18.54 0.0
18.55 0.0
18.56 73.27
18.57 1572.63
18.58 1804.66
18.59 1795.51
18.6 1490.64
18.61 129.81
18.62 147.79
18.63 143.62
18.64 124.73
18.65 122.21
18.66 122.55
18.67 123.42
18.68 125.36
18.69 127.61
18.7 130.87
18.71 134.95
18.72 139.24
18.73 142.72
18.74 146.4
18.75 150.32
18.76 154.0
18.77 157.39
18.78 160.68
18.79 164.32
18.8 167.43
18.81 169.91
18.82 172.44
18.83 175.05
18.84 177.03
18.85 178.87
18.86 181.06
18.87 183.06
18.88 184.09
18.89 186.55
18.9 188.63
18.91 189.02
18.92 190.91
18.93 192.14
18.94 192.62
18.95 192.45
18.96 192.71
18.97 193.49
18.98 194.04
18.99 194.49
19.0 194.46
19.01 194.16
19.02 194.33
19.03 194.09
19.04 194.5
19.05 195.32
19.06 194.81
19.07 194.81
19.08 194.06
19.09 96.97
19.1 97.27
19.11 97.91
19.12 98.67
19.13 98.91
19.14 98.72
19.15 98.15
19.16 98.01
19.17 196.11
19.18 196.18
19.19 195.73
19.2 196.41
19.21 196.81
19.22 196.97
19.23 196.95
19.24 98.42
19.25 98.85
19.26 99.16
19.27 99.39
19.28 99.32
19.29 99.14
19.3 98.9
19.31 98.35
19.32 66.23
19.33 66.37
19.34 66.49
19.35 66.43
19.36 66.38
19.37 66.38
19.38 99.07
19.39 98.94
19.4 98.92
19.41 99.06
19.42 98.92
19.43 98.63
19.44 98.55
19.45 98.8
19.46 99.15
19.47 99.29
19.48 99.0
19.49 99.07
19.5 99.0
19.51 98.92
19.52 98.58
19.53 98.19
19.54 98.26
19.55 98.76
19.56 98.96
19.57 98.93
19.58 98.87
19.59 98.64
19.6 98.78
19.61 98.84
19.62 98.76
19.63 99.0
19.64 99.32
19.65 99.54
19.66 99.54
19.67 99.31
19.68 99.07
19.69 99.18
19.7 99.13
19.71 197.53
19.72 99.33
19.73 99.41
19.74 198.24
19.75 98.54
19.76 98.91
19.77 66.41
19.78 198.33
19.79 98.72
19.8 197.06
19.81 197.37
19.82 66.53
19.83 66.71
19.84 66.8
19.85 66.62
19.86 66.59
19.87 66.84
19.88 66.92
19.89 66.74
19.9 99.57
19.91 197.84
19.92 66.4
19.93 66.75
19.94 198.77
19.95 199.24
19.96 99.88
19.97 99.24
19.98 66.58
19.99 66.59
20.0 66.67
20.01 199.92
20.02 199.82
20.03 199.83
20.04 198.88
20.05 198.66
20.06 67.3
20.07 67.69
20.08 101.8
20.09 204.04
20.1 202.63
20.11 202.07
20.12 100.94
20.13 100.63
20.14 100.82
20.15 67.49
20.16 203.18
20.17 202.02
20.18 202.11
20.19 202.52
20.2 203.45
20.21 203.61
20.22 202.72
20.23 202.19
20.24 201.74
20.25 201.41
20.26 200.7
20.27 201.72
20.28 201.12
20.29 201.8
20.3 203.46
20.31 203.03
20.32 203.66
20.33 102.62
20.34 68.57
20.35 104.35
20.36 104.47
20.37 104.04
20.38 103.19
20.39 101.7
20.4 102.4
20.41 102.71
20.42 102.65
20.43 208.9
20.44 102.78
20.45 102.28
20.46 101.73
20.47 202.66
20.48 203.5
20.49 203.3
20.5 203.24
20.51 202.82
20.52 202.48
20.53 202.34
20.54 203.22
20.55 204.31
20.56 202.87
20.57 201.99
20.58 202.25
20.59 203.21
20.6 202.6
20.61 201.0
20.62 201.05
20.63 199.88
20.64 199.57
20.65 200.57
20.66 200.46
20.67 200.31
20.68 201.41
20.69 202.81
20.7 203.86
20.71 204.11
20.72 202.57
20.73 202.32
20.74 203.12
20.75 203.52
20.76 204.0
20.77 203.73
20.78 202.45
20.79 200.46
20.8 199.98
20.81 199.91
20.82 200.54
20.83 202.23
20.84 203.0
20.85 203.82
20.86 205.06
20.87 205.21
20.88 204.47
20.89 203.55
20.9 202.71
20.91 202.77
20.92 202.21
20.93 201.65
20.94 201.73
20.95 201.11
20.96 200.75
20.97 200.46
20.98 201.22
20.99 202.54
21.0 203.51
21.01 203.86
21.02 203.64
21.03 204.16
21.04 203.78
21.05 203.45
21.06 202.7
21.07 201.84
21.08 201.96
21.09 202.65
21.1 203.62
21.11 204.05
21.12 204.31
21.13 203.97
21.14 204.48
21.15 205.61
21.16 206.2
21.17 206.12
21.18 205.31
21.19 205.15
21.2 205.41
21.21 205.28
21.22 204.67
21.23 204.36
21.24 204.91
21.25 204.86
21.26 204.73
21.27 204.71
21.28 204.75
21.29 205.12
21.3 204.76
21.31 204.01
21.32 203.17
21.33 202.78
21.34 202.68
21.35 203.02
21.36 203.22
21.37 202.96
21.38 202.6
21.39 201.76
21.4 201.29
21.41 200.99
21.42 200.49
21.43 199.13
21.44 198.31
21.45 199.33
21.46 199.97
21.47 200.01
21.48 200.62
21.49 201.17
21.5 196.02
21.51 182.06
21.52 90.85
21.53 90.09
21.54 89.96
21.55 90.85
21.56 184.54
21.57 189.74
21.58 190.54
21.59 189.79
21.6 189.31
21.61 187.98
21.62 187.45
21.63 186.71
21.64 185.94
21.65 185.96
21.66 186.27
21.67 185.84
21.68 184.49
21.69 183.9
21.7 184.17
21.71 183.31
21.72 179.8
21.73 172.52
21.74 164.85
21.75 140.96
21.76 131.3
21.77 122.14
21.78 118.55
21.79 246.78
21.8 67.06
21.81 67.12
21.82 66.61
21.83 332.24
21.84 339.22
21.85 350.86
21.86 188.58
21.87 82.16
21.88 161.66
21.89 157.09
21.9 156.53
21.91 156.91
21.92 156.37
21.93 155.69
21.94 154.63
21.95 152.24
21.96 151.1
21.97 151.89
21.98 153.08
21.99 154.72
22.0 155.33
22.01 156.64
22.02 158.11
22.03 158.1
22.04 158.75
22.05 160.11
22.06 160.95
22.07 159.99
22.08 159.45
22.09 160.53
22.1 161.1
22.11 160.26
22.12 159.48
22.13 160.16
22.14 160.4
22.15 160.26
22.16 160.18
22.17 158.95
22.18 158.56
22.19 159.67
22.2 159.73
22.21 159.0
22.22 158.84
22.23 158.85
22.24 158.05
22.25 157.25
22.26 158.81
22.27 160.23
22.28 160.18
22.29 79.76
22.3 79.64
22.31 79.65
22.32 80.06
22.33 79.43
22.34 77.42
22.35 158.48
22.36 159.21
22.37 160.02
22.38 161.96
22.39 163.74
22.4 163.31
22.41 162.18
22.42 162.45
22.43 162.07
22.44 160.95
22.45 159.75
22.46 159.2
22.47 159.65
22.48 159.93
22.49 159.33
22.5 158.78
22.51 159.72
22.52 161.39
22.53 161.47
22.54 161.16
22.55 162.01
22.56 163.29
22.57 163.87
22.58 164.13
22.59 162.81
22.6 82.55
22.61 166.34
22.62 166.31
22.63 166.93
22.64 167.19
22.65 166.28
22.66 166.61
22.67 167.09
22.68 165.61
22.69 164.12
22.7 164.06
22.71 164.23
22.72 163.42
22.73 163.03
22.74 163.61
22.75 165.38
22.76 164.4
22.77 162.7
22.78 164.35
22.79 166.15
22.8 164.81
22.81 163.61
22.82 163.54
22.83 163.59
22.84 163.46
22.85 164.81
22.86 165.98
22.87 166.39
22.88 166.65
22.89 165.71
22.9 165.44
22.91 165.47
22.92 164.43
22.93 163.48
22.94 163.72
22.95 164.94
22.96 163.97
22.97 162.97
22.98 164.49
22.99 166.85
23.0 167.46
23.01 167.55
23.02 168.8
23.03 170.22
23.04 170.8
23.05 169.74
23.06 168.13
23.07 167.77
23.08 168.6
23.09 169.39
23.1 169.52
23.11 169.48
23.12 169.59
23.13 168.86
23.14 167.74
23.15 166.64
23.16 165.97
23.17 165.86
23.18 165.63
23.19 165.62
23.2 165.38
23.21 165.15
23.22 165.21
23.23 165.28
23.24 165.52
23.25 166.69
23.26 167.72
23.27 167.74
23.28 166.31
23.29 165.62
23.3 165.37
23.31 164.45
23.32 163.11
23.33 160.44
23.34 158.09
23.35 154.95
23.36 152.36
23.37 150.51
23.38 146.69
23.39 87.47
23.4 255.32
23.41 238.39
23.42 173.82
23.43 169.29
23.44 166.0
23.45 162.85
23.46 78.87
23.47 154.92
23.48 76.99
23.49 154.66
23.5 154.69
23.51 155.56
23.52 156.26
23.53 157.23
23.54 157.01
23.55 157.45
23.56 158.3
23.57 157.6
23.58 158.7
23.59 158.58
23.6 158.97
23.61 158.87
23.62 158.2
23.63 158.86
23.64 79.27
23.65 79.83
23.66 160.29
23.67 160.32
23.68 162.05
23.69 162.0
23.7 160.68
23.71 161.53
23.72 162.02
23.73 160.94
23.74 159.64
23.75 161.35
23.76 161.98
23.77 161.87
23.78 163.17
23.79 163.89
23.8 162.44
23.81 163.86
23.82 164.79
23.83 164.64
23.84 164.4
23.85 164.57
23.86 164.33
23.87 163.69
23.88 162.4
23.89 162.02
23.9 161.6
23.91 160.81
23.92 162.31
23.93 163.05
23.94 162.0
23.95 160.66
23.96 161.88
23.97 161.89
23.98 160.56
23.99 159.85
24.0 161.15
24.01 161.42
24.02 159.88
24.03 155.98
24.04 74.2
24.05 74.57
24.06 74.25
24.07 74.04
24.08 74.75
24.09 75.15
24.1 76.05
24.11 79.89
24.12 162.8
24.13 168.43
24.14 176.14
24.15 176.17
24.16 172.14
24.17 168.54
24.18 166.06
24.19 162.81
24.2 79.96
24.21 158.92
24.22 158.1
24.23 157.44
24.24 156.31
24.25 82.65
24.26 82.38
24.27 82.61
24.28 83.48
24.29 83.53
24.3 83.23
24.31 83.1
24.32 82.91
24.33 82.59
24.34 82.91
24.35 83.0
24.36 82.9
24.37 83.43
24.38 83.49
24.39 83.15
24.4 83.28
24.41 83.27
24.42 83.02
24.43 83.38
24.44 83.01
24.45 82.57
24.46 82.55
24.47 81.91
24.48 82.34
24.49 82.71
24.5 82.81
24.51 83.03
24.52 83.33
24.53 83.19
24.54 83.0
24.55 83.48
24.56 83.06
24.57 82.68
24.58 158.92
24.59 158.89
24.6 159.41
24.61 83.04
24.62 82.89
24.63 82.2
24.64 82.38
24.65 81.73
24.66 81.61
24.67 82.02
24.68 82.07
24.69 82.73
24.7 82.77
24.71 82.66
24.72 82.92
24.73 82.51
24.74 82.49
24.75 82.98
24.76 82.83
24.77 82.74
24.78 83.18
24.79 83.12
24.8 83.01
24.81 83.32
24.82 83.2
24.83 155.94
24.84 82.68
24.85 156.71
24.86 155.76
24.87 82.32
24.88 81.88
24.89 81.49
24.9 81.16
24.91 80.63
24.92 162.92
24.93 163.22
24.94 163.67
24.95 166.21
24.96 172.6
24.97 179.03
24.98 183.25
24.99 181.36
25.0 185.79
25.01 187.66
25.02 191.0
25.03 189.09
25.04 185.38
25.05 183.83
25.06 182.94
25.07 181.32
25.08 179.55
25.09 178.95
25.1 179.39
25.11 180.42
25.12 181.84
25.13 182.9
25.14 183.07
25.15 182.91
25.16 183.11
25.17 183.11
25.18 182.59
25.19 181.0
25.2 180.27
25.21 180.64
25.22 181.33
25.23 181.05
25.24 180.82
25.25 180.67
25.26 180.36
25.27 180.29
25.28 179.86
25.29 178.95
25.3 178.53
25.31 178.81
25.32 179.37
25.33 179.73
25.34 179.52
25.35 179.15
25.36 179.21
25.37 179.51
25.38 179.41
25.39 179.42
25.4 179.67
25.41 179.75
25.42 179.14
25.43 178.99
25.44 179.3
25.45 179.23
25.46 179.34
25.47 179.37
25.48 179.16
25.49 178.81
25.5 179.14
25.51 179.42
25.52 179.37
25.53 179.65
25.54 179.4
25.55 179.03
25.56 178.9
25.57 178.27
25.58 177.38
25.59 177.47
25.6 177.73
25.61 177.88
25.62 178.27
25.63 179.05
25.64 179.72
25.65 179.97
25.66 180.23
25.67 180.16
25.68 179.5
25.69 178.61
25.7 178.13
25.71 177.84
25.72 177.92
25.73 178.48
25.74 178.64
25.75 179.17
25.76 179.81
25.77 180.0
25.78 180.37
25.79 180.72
25.8 180.88
25.81 180.88
25.82 181.36
25.83 181.38
25.84 180.7
25.85 180.32
25.86 180.58
25.87 180.42
25.88 180.03
25.89 179.8
25.9 179.31
25.91 179.01
25.92 179.46
25.93 179.43
25.94 179.09
25.95 179.22
25.96 179.6
25.97 179.43
25.98 179.15
25.99 179.14
26.0 178.7
26.01 178.93
26.02 179.34
26.03 179.62
26.04 180.23
26.05 180.87
26.06 180.94
26.07 180.85
26.08 180.69
26.09 179.79
26.1 179.02
26.11 179.16
26.12 180.05
26.13 180.83
26.14 181.08
26.15 181.57
26.16 181.42
26.17 180.72
26.18 180.4
26.19 179.86
26.2 179.23
26.21 179.44
26.22 179.59
26.23 179.66
26.24 180.28
26.25 180.81
26.26 180.96
26.27 180.95
26.28 181.26
26.29 181.29
26.3 180.79
26.31 180.58
26.32 180.81
26.33 180.8
26.34 180.73
26.35 181.71
26.36 181.97
26.37 180.94
26.38 180.42
26.39 179.93
26.4 179.25
26.41 179.2
26.42 179.84
26.43 180.19
26.44 180.25
26.45 180.37
26.46 180.73
26.47 180.64
26.48 180.52
26.49 180.68
26.5 180.34
26.51 180.28
26.52 180.98
26.53 181.34
26.54 180.88
26.55 180.26
26.56 180.62
26.57 181.16
26.58 181.17
26.59 181.22
26.6 181.49
26.61 181.78
26.62 181.64
26.63 181.14
26.64 180.52
26.65 179.98
26.66 179.48
26.67 179.19
26.68 178.86
26.69 178.66
26.7 178.42
26.71 178.68
26.72 179.64
26.73 180.44
26.74 180.9
26.75 181.26
26.76 181.05
26.77 180.58
26.78 180.42
26.79 180.16
26.8 180.07
26.81 180.09
26.82 180.0
26.83 180.02
26.84 180.63
26.85 181.2
26.86 181.57
26.87 181.34
26.88 181.5
26.89 181.82
26.9 180.78
26.91 181.15
26.92 181.91
26.93 181.77
26.94 181.67
26.95 182.51
26.96 183.31
26.97 183.92
26.98 185.41
26.99 186.84
27.0 187.81
27.01 186.66
27.02 183.44
27.03 177.69
27.04 170.42
27.05 161.32
27.06 138.58
27.07 134.59
27.08 0.0
27.09 178.95
27.1 181.83
27.11 181.43
27.12 0.0
27.13 0.0
27.14 0.0
27.15 0.0
27.16 0.0
27.17 0.0
27.18 0.0
27.19 0.0
27.2 1029.94
27.21 1629.24
27.22 0.0
27.23 0.0
27.24 0.0
27.25 0.0
27.26 0.0
27.27 171.69
27.28 65.37
27.29 159.73
27.3 0.0
27.31 161.02
27.32 74.48
27.33 96.93
27.34 0.0
27.35 123.08
27.36 66.29
27.37 99.15
27.38 185.19
27.39 173.88
27.4 0.0
27.41 0.0
27.42 0.0
27.43 0.0
27.44 0.0
27.45 0.0
27.46 0.0
27.47 0.0
27.48 0.0
27.49 0.0
27.5 1596.46
27.51 174.57
27.52 171.91
27.53 170.0
27.54 169.48
27.55 170.87
27.56 172.61
27.57 173.08
27.58 173.22
27.59 173.91
27.6 173.72
27.61 147.93
27.62 141.55
27.63 142.0
27.64 142.72
27.65 145.52
27.66 147.27
27.67 147.5
27.68 145.96
27.69 142.29
27.7 144.92
27.71 147.16
27.72 148.39
27.73 148.77
27.74 148.27
27.75 149.41
27.76 149.55
27.77 150.35
27.78 150.99
27.79 151.33
27.8 153.4
27.81 154.18
27.82 155.4
27.83 157.52
27.84 159.32
27.85 160.05
27.86 162.1
27.87 163.04
27.88 163.59
27.89 165.3
27.9 166.92
27.91 167.95
27.92 169.11
27.93 169.2
27.94 169.58
27.95 170.36
27.96 170.96
27.97 172.63
27.98 173.9
27.99 174.5
28.0 175.86
28.01 176.64
28.02 177.02
28.03 177.21
28.04 177.22
28.05 177.86
28.06 177.61
28.07 177.68
28.08 177.05
28.09 177.34
28.1 179.29
28.11 179.34
28.12 179.11
28.13 178.43
28.14 178.84
28.15 179.24
28.16 178.82
28.17 179.1
28.18 179.12
28.19 179.52
28.2 179.66
28.21 179.47
28.22 180.44
28.23 180.34
28.24 180.22
28.25 180.96
28.26 180.8
28.27 182.06
28.28 181.98
28.29 181.16
28.3 181.33
28.31 180.17
28.32 180.0
28.33 179.33
28.34 178.9
28.35 179.95
28.36 178.91
28.37 178.97
28.38 179.83
28.39 179.46
28.4 179.55
28.41 179.11
28.42 180.33
28.43 181.93
28.44 181.83
28.45 181.59
28.46 180.92
28.47 181.64
28.48 181.96
28.49 181.41
28.5 180.99
28.51 180.57
28.52 180.99
28.53 180.79
28.54 179.96
28.55 179.18
28.56 179.4
28.57 178.91
28.58 179.58
28.59 180.79
28.6 180.74
28.61 180.83
28.62 180.01
28.63 180.38
28.64 181.17
28.65 181.17
28.66 180.22
28.67 180.68
28.68 180.67
28.69 179.71
28.7 179.49
28.71 179.51
28.72 179.29
28.73 178.24
28.74 178.02
28.75 178.37
28.76 178.69
28.77 179.01
28.78 179.84
28.79 179.3
28.8 178.61
28.81 178.72
28.82 178.16
28.83 178.45
28.84 178.2
28.85 177.77
28.86 177.49
28.87 178.15
28.88 178.17
28.89 177.54
28.9 177.03
28.91 176.4
28.92 177.56
28.93 177.98
28.94 178.42
28.95 177.88
28.96 170.8
28.97 164.03
28.98 158.91
28.99 148.87
29.0 132.83
29.01 117.3
29.02 112.16
29.03 101.06
29.04 94.29
29.05 127.67
29.06 123.38
29.07 116.01
29.08 131.95
29.09 136.71
29.1 136.76
29.11 135.78
29.12 135.72
29.13 136.39
29.14 136.02
29.15 135.64
29.16 133.85
29.17 130.17
29.18 71.78
29.19 156.94
29.2 159.92
29.21 165.8
29.22 170.86
29.23 172.49
29.24 172.85
29.25 173.63
29.26 173.54
29.27 173.65
29.28 174.08
29.29 175.57
29.3 87.11
29.31 87.3
29.32 87.47
29.33 87.49
29.34 176.27
29.35 174.71
29.36 175.47
29.37 175.74
29.38 174.65
29.39 174.96
29.4 175.91
29.41 177.44
29.42 178.01
29.43 177.37
29.44 177.85
29.45 178.66
29.46 177.73
29.47 176.97
29.48 178.16
29.49 178.52
29.5 177.6
29.51 177.23
29.52 178.8
29.53 177.6
29.54 177.44
29.55 178.51
29.56 177.76
29.57 177.05
29.58 177.18
29.59 174.8
29.6 173.33
29.61 87.32
29.62 174.53
29.63 174.79
29.64 174.48
29.65 174.51
29.66 174.9
29.67 174.9
29.68 174.74
29.69 175.28
29.7 176.71
29.71 177.95
29.72 179.52
29.73 178.96
29.74 174.87
29.75 157.65
29.76 150.57
29.77 145.08
29.78 121.44
29.79 120.87
29.8 120.74
29.81 121.09
29.82 242.14
29.83 972.33
29.84 808.14
29.85 889.2
29.86 91.52
29.87 85.1
29.88 64.13
29.89 0.0
29.9 160.62
29.91 155.15
29.92 154.09
29.93 154.04
29.94 155.65
29.95 159.67
29.96 166.5
29.97 171.8
29.98 174.95
29.99 177.95
30.0 177.3
30.01 175.02
30.02 175.33
30.03 175.89
30.04 176.19
30.05 176.39
30.06 177.03
30.07 177.26
30.08 178.36
30.09 179.36
30.1 178.79
30.11 178.11
30.12 177.88
30.13 177.32
30.14 88.15
30.15 88.04
30.16 88.44
30.17 182.24
30.18 82.06
30.19 79.48
30.2 79.66
30.21 80.05
30.22 82.24
30.23 85.31
30.24 86.09
30.25 170.96
30.26 168.55
30.27 160.34
30.28 157.76
30.29 156.66
30.3 156.9
30.31 158.93
30.32 162.37
30.33 168.24
30.34 174.01
30.35 176.61
30.36 176.16
30.37 174.94
30.38 173.8
30.39 172.23
30.4 172.47
30.41 178.45
30.42 177.96
30.43 178.38
30.44 179.32
30.45 179.05
30.46 179.47
30.47 180.49
30.48 180.21
30.49 177.43
30.5 177.8
30.51 177.87
30.52 176.72
30.53 178.1
30.54 177.55
30.55 176.36
30.56 177.32
30.57 176.5
30.58 173.63
30.59 174.29
30.6 174.8
30.61 174.44
30.62 175.53
30.63 177.91
30.64 179.85
30.65 180.39
30.66 177.91
30.67 172.17
30.68 147.25
30.69 140.62
30.7 135.46
30.71 133.45
30.72 265.53
30.73 268.67
30.74 269.99
30.75 272.8
30.76 0.0
30.77 0.0
30.78 0.0
30.79 170.96
30.8 164.93
30.81 166.44
30.82 168.01
30.83 169.43
30.84 170.84
30.85 171.13
30.86 171.27
30.87 172.15
30.88 173.1
30.89 172.71
30.9 172.65
30.91 172.71
30.92 173.0
30.93 173.45
30.94 173.51
30.95 173.71
30.96 174.47
30.97 175.22
30.98 175.57
30.99 175.79
31.0 176.74
31.01 177.21
31.02 178.19
31.03 179.09
31.04 179.06
31.05 178.48
31.06 177.86
31.07 177.56
31.08 177.67
31.09 178.07
31.1 178.02
31.11 177.84
31.12 177.77
31.13 178.15
31.14 177.61
31.15 177.48
31.16 177.5
31.17 176.91
31.18 177.36
31.19 178.47
31.2 178.72
31.21 179.07
31.22 179.87
31.23 179.45
31.24 179.9
31.25 180.54
31.26 180.97
31.27 180.82
31.28 180.73
31.29 179.73
31.3 178.74
31.31 178.93
31.32 178.63
31.33 179.19
31.34 179.4
31.35 179.51
31.36 179.58
31.37 179.56
31.38 180.14
31.39 180.34
31.4 178.08
31.41 172.35
31.42 166.71
31.43 161.2
31.44 145.54
31.45 130.33
31.46 131.7
31.47 68.31
31.48 237.24
31.49 236.6
31.5 239.7
31.51 237.04
31.52 231.94
31.53 233.19
31.54 231.64
31.55 229.76
31.56 225.85
31.57 223.95
31.58 222.17
31.59 220.17
31.6 202.33
31.61 197.5
31.62 195.07
31.63 186.43
31.64 66.27
31.65 197.05
31.66 93.68
31.67 188.46
31.68 203.7
31.69 197.94
31.7 93.42
31.71 191.23
31.72 197.64
31.73 210.71
31.74 230.45
31.75 60.94
31.76 0.0
31.77 0.0
31.78 274.57
31.79 97.29
31.8 61.36
31.81 63.36
31.82 69.88
31.83 69.48
31.84 209.05
31.85 177.42
31.86 0.0
31.87 0.0
31.88 312.13
31.89 107.74
31.9 681.32
31.91 0.0
31.92 0.0
31.93 78.18
31.94 77.44
31.95 76.99
31.96 0.0
31.97 0.0
31.98 0.0
31.99 0.0
32.0 0.0
32.01 0.0
32.02 70.28
32.03 70.97
32.04 66.42
32.05 89.23
32.06 103.38
32.07 0.0
32.08 0.0
32.09 0.0
32.1 74.63
32.11 0.0
32.12 0.0
32.13 95.67
32.14 105.02
32.15 0.0
32.16 0.0
32.17 0.0
32.18 181.26
32.19 176.96
32.2 153.76
32.21 155.15
32.22 156.25
32.23 158.85
32.24 163.22
32.25 169.16
32.26 175.85
32.27 180.24
32.28 183.03
32.29 186.61
32.3 189.56
32.31 191.75
32.32 193.97
32.33 195.11
32.34 195.84
32.35 196.87
32.36 197.22
32.37 197.22
32.38 196.28
32.39 194.59
32.4 193.36
32.41 189.73
32.42 182.73
32.43 178.37
32.44 167.95
32.45 169.68
32.46 183.01
32.47 194.68
32.48 202.09
32.49 207.64
32.5 209.37
32.51 208.97
32.52 207.36
32.53 202.46
32.54 194.48
32.55 183.33
32.56 174.92
32.57 175.78
32.58 176.89
32.59 181.23
32.6 188.41
32.61 193.74
32.62 198.12
32.63 201.5
32.64 202.62
32.65 202.93
32.66 202.52
32.67 201.66
32.68 201.39
32.69 200.97
32.7 200.83
32.71 201.29
32.72 201.57
32.73 201.66
32.74 202.09
32.75 202.32
32.76 202.16
32.77 201.71
32.78 201.32
32.79 201.24
32.8 201.13
32.81 200.56
32.82 200.42
32.83 200.65
32.84 200.53
32.85 200.63
32.86 201.2
32.87 201.65
32.88 201.89
32.89 202.14
32.9 202.76
32.91 202.27
32.92 199.42
32.93 201.32
32.94 203.73
32.95 203.0
32.96 201.61
32.97 199.48
32.98 200.85
32.99 198.62
33.0 198.74
33.01 200.63
33.02 201.37
33.03 201.52
33.04 201.77
33.05 201.36
33.06 200.98
33.07 201.18
33.08 201.22
33.09 201.5
33.1 201.99
33.11 202.12
33.12 201.44
33.13 200.62
33.14 200.3
33.15 200.52
33.16 200.75
33.17 200.94
33.18 200.86
33.19 200.66
33.2 200.48
33.21 199.35
33.22 197.62
33.23 196.4
33.24 185.71
33.25 176.29
33.26 173.22
33.27 70.87
33.28 151.88
33.29 137.65
33.3 94.91
33.31 194.47
33.32 0.0
33.33 185.38
33.34 189.01
33.35 191.38
33.36 193.2
33.37 195.39
33.38 196.09
33.39 194.56
33.4 193.23
33.41 194.66
33.42 196.01
33.43 196.71
33.44 196.78
33.45 197.04
33.46 196.66
33.47 196.26
33.48 196.49
33.49 196.11
33.5 194.73
33.51 193.89
33.52 194.4
33.53 195.06
33.54 196.02
33.55 196.58
33.56 196.74
33.57 197.55
33.58 198.59
33.59 195.92
33.6 194.33
33.61 89.32
33.62 176.28
33.63 181.34
33.64 67.63
33.65 154.25
33.66 238.03
33.67 171.07
33.68 0.0
33.69 104.33
33.7 217.59
33.71 100.16
33.72 100.84
33.73 0.0
33.74 192.69
33.75 191.36
33.76 193.95
33.77 196.41
33.78 199.02
33.79 199.6
33.8 199.25
33.81 200.47
33.82 200.71
33.83 200.84
33.84 201.19
33.85 200.9
33.86 200.92
33.87 201.15
33.88 199.78
33.89 195.15
33.9 190.86
33.91 92.25
33.92 90.04
33.93 87.72
33.94 172.2
33.95 173.7
33.96 184.1
33.97 192.51
33.98 195.44
33.99 194.62
34.0 193.9
34.01 194.68
34.02 193.69
34.03 191.87
34.04 190.39
34.05 94.56
34.06 92.73
34.07 88.7
34.08 88.05
34.09 87.74
34.1 87.29
34.11 89.48
34.12 184.44
34.13 189.1
34.14 192.44
34.15 194.43
34.16 195.69
34.17 195.86
34.18 196.09
34.19 196.59
34.2 196.71
34.21 197.74
34.22 198.31
34.23 197.28
34.24 198.39
34.25 99.28
34.26 198.21
34.27 198.9
34.28 200.82
34.29 199.06
34.3 99.42
34.31 201.31
34.32 199.43
34.33 99.23
34.34 200.67
34.35 199.01
34.36 98.57
34.37 98.38
34.38 198.31
34.39 193.58
34.4 187.22
34.41 66.15
34.42 66.13
34.43 66.26
34.44 66.49
34.45 66.33
34.46 66.3
34.47 66.12
34.48 66.03
34.49 66.39
34.5 66.59
34.51 66.62
34.52 66.56
34.53 99.19
34.54 199.68
34.55 99.2
34.56 99.17
34.57 98.48
34.58 195.83
34.59 194.62
34.6 192.9
34.61 190.34
34.62 185.3
34.63 178.53
34.64 171.45
34.65 160.58
34.66 150.85
34.67 140.22
34.68 130.19
34.69 126.79
34.7 89.3
34.71 273.82
34.72 273.13
34.73 273.59
34.74 271.77
34.75 267.68
34.76 108.16
34.77 62.87
34.78 63.73
34.79 212.53
34.8 284.16
34.81 0.0
34.82 206.55
34.83 181.22
34.84 168.98
34.85 170.24
34.86 170.77
34.87 169.13
34.88 161.83
34.89 154.26
34.9 151.7
34.91 151.67
34.92 151.79
34.93 151.11
34.94 151.35
34.95 153.08
34.96 153.44
34.97 154.3
34.98 153.96
34.99 154.32
35.0 155.16
35.01 155.11
35.02 154.77
35.03 154.34
35.04 154.97
35.05 155.57
35.06 155.19
35.07 155.31
35.08 155.65
35.09 156.25
35.1 156.87
35.11 156.87
35.12 157.02
35.13 157.67
35.14 157.55
35.15 157.75
35.16 157.68
35.17 157.17
35.18 157.98
35.19 158.68
35.2 158.73
35.21 159.4
35.22 79.54
35.23 78.98
35.24 79.02
35.25 78.93
35.26 158.21
35.27 159.24
35.28 158.15
35.29 158.15
35.3 159.41
35.31 159.17
35.32 160.76
35.33 161.07
35.34 160.66
35.35 80.36
35.36 80.33
35.37 80.46
35.38 160.73
35.39 160.55
35.4 160.39
35.41 159.56
35.42 159.84
35.43 80.01
35.44 79.84
35.45 79.79
35.46 80.12
35.47 80.27
35.48 80.31
35.49 80.3
35.5 80.17
35.51 79.99
35.52 79.91
35.53 80.26
35.54 80.32
35.55 80.32
35.56 80.36
35.57 80.28
35.58 80.12
35.59 80.01
35.6 79.73
35.61 158.99
35.62 159.14
35.63 158.98
35.64 159.09
35.65 159.62
35.66 158.41
35.67 157.47
35.68 158.6
35.69 159.03
35.7 158.63
35.71 79.73
35.72 79.8
35.73 159.28
35.74 160.63
35.75 160.83
35.76 159.96
35.77 159.91
35.78 159.83
35.79 159.59
35.8 79.4
35.81 79.01
35.82 156.38
35.83 156.52
35.84 157.13
35.85 157.32
35.86 78.53
35.87 78.47
35.88 79.14
35.89 79.93
35.9 79.58
35.91 78.83
35.92 147.19
35.93 143.88
35.94 120.64
35.95 119.67
35.96 119.26
35.97 118.89
35.98 118.56
35.99 118.59
36.0 118.96
36.01 118.95
36.02 118.8
36.03 118.79
36.04 239.41
36.05 243.23
36.06 242.75
36.07 241.43
36.08 235.52
36.09 228.5
36.1 219.44
36.11 192.4
36.12 204.32
36.13 217.79
36.14 226.43
36.15 228.91
36.16 229.03
36.17 235.86
36.18 240.96
36.19 244.87
36.2 234.31
36.21 234.15
36.22 232.77
36.23 234.98
36.24 238.98
36.25 239.57
36.26 243.78
36.27 249.49
36.28 250.69
36.29 250.79
36.3 252.1
36.31 252.79
36.32 251.88
36.33 250.68
36.34 250.06
36.35 249.92
36.36 249.16
36.37 248.5
36.38 231.09
36.39 152.87
36.4 141.85
36.41 133.12
36.42 130.1
36.43 126.64
36.44 124.5
36.45 121.55
36.46 119.27
36.47 117.69
36.48 115.46
36.49 117.58
36.5 120.43
36.51 131.9
36.52 135.7
36.53 137.81
36.54 138.44
36.55 138.49
36.56 138.36
36.57 136.97
36.58 137.03
36.59 138.54
36.6 140.92
36.61 142.64
36.62 145.18
36.63 147.56
36.64 151.36
36.65 153.47
36.66 155.18
36.67 157.43
36.68 159.62
36.69 161.6
36.7 163.44
36.71 165.86
36.72 167.56
36.73 168.47
36.74 170.17
36.75 172.61
36.76 172.54
36.77 172.23
36.78 172.33
36.79 172.59
36.8 172.69
36.81 172.81
36.82 173.01
36.83 173.64
36.84 174.45
36.85 175.38
36.86 176.0
36.87 176.58
36.88 177.36
36.89 178.38
36.9 179.3
36.91 179.64
36.92 179.78
36.93 179.64
36.94 179.37
36.95 179.41
36.96 179.83
36.97 180.57
36.98 180.83
36.99 180.37
37.0 179.62
37.01 179.22
37.02 178.37
37.03 177.77
37.04 177.14
37.05 176.59
37.06 176.71
37.07 176.28
37.08 176.35
37.09 177.47
37.1 177.05
37.11 176.67
37.12 176.24
37.13 88.61
37.14 177.85
37.15 175.72
37.16 172.87
37.17 171.04
37.18 141.95
37.19 139.79
37.2 136.14
37.21 141.84
37.22 154.96
37.23 162.07
37.24 167.19
37.25 86.32
37.26 175.63
37.27 172.55
37.28 168.62
37.29 169.49
37.3 174.7
37.31 176.86
37.32 177.31
37.33 177.47
37.34 176.84
37.35 175.82
37.36 175.29
37.37 172.66
37.38 173.14
37.39 170.0
37.4 166.47
37.41 164.18
37.42 168.13
37.43 167.27
37.44 169.15
37.45 172.81
37.46 174.98
37.47 176.07
37.48 177.57
37.49 178.97
37.5 178.71
37.51 178.48
37.52 180.36
37.53 181.2
37.54 181.87
37.55 181.21
37.56 180.73
37.57 180.4
37.58 179.68
37.59 179.41
37.6 178.43
37.61 177.87
37.62 178.11
37.63 179.31
37.64 179.13
37.65 179.23
37.66 178.9
37.67 178.15
37.68 178.07
37.69 177.72
37.7 178.19
37.71 178.28
37.72 178.93
37.73 178.73
37.74 178.33
37.75 177.95
37.76 177.52
37.77 178.37
37.78 178.31
37.79 178.12
37.8 178.36
37.81 178.42
37.82 179.17
37.83 178.53
37.84 177.6
37.85 177.44
37.86 177.05
37.87 176.82
37.88 176.33
37.89 176.15
37.9 176.8
37.91 177.19
37.92 177.52
37.93 177.54
37.94 177.51
37.95 178.9
37.96 178.77
37.97 178.67
37.98 178.95
37.99 178.22
38.0 179.04
38.01 179.37
38.02 179.41
38.03 179.21
38.04 178.39
38.05 178.63
38.06 178.47
38.07 178.96
38.08 176.25
38.09 87.11
38.1 89.19
38.11 178.61
38.12 178.42
38.13 179.42
38.14 177.65
38.15 181.21
38.16 180.83
38.17 176.52
38.18 177.24
38.19 177.64
38.2 177.95
38.21 178.02
38.22 177.11
38.23 177.71
38.24 177.48
38.25 177.05
38.26 177.74
38.27 177.65
38.28 177.76
38.29 177.67
38.3 177.03
38.31 177.28
38.32 177.21
38.33 177.83
38.34 177.23
38.35 175.64
38.36 174.84
38.37 173.64
38.38 171.65
38.39 171.35
38.4 171.24
38.41 171.16
38.42 171.74
38.43 86.2
38.44 174.05
38.45 174.5
38.46 175.47
38.47 175.73
38.48 87.36
38.49 87.42
38.5 88.06
38.51 176.46
38.52 175.59
38.53 175.75
38.54 176.39
38.55 176.43
38.56 177.54
38.57 177.12
38.58 87.68
38.59 87.79
38.6 87.81
38.61 175.9
38.62 177.33
38.63 176.87
38.64 176.45
38.65 177.1
38.66 88.3
38.67 88.15
38.68 87.81
38.69 87.7
38.7 87.39
38.71 174.48
38.72 174.54
38.73 174.25
38.74 175.08
38.75 175.22
38.76 175.62
38.77 175.63
38.78 174.97
38.79 175.2
38.8 174.76
38.81 175.01
38.82 175.31
38.83 174.37
38.84 174.77
38.85 175.51
38.86 175.31
38.87 174.39
38.88 174.35
38.89 175.1
38.9 175.02
38.91 175.14
38.92 175.32
38.93 175.28
38.94 175.04
38.95 174.93
38.96 174.16
38.97 173.83
38.98 87.32
38.99 87.55
39.0 85.62
39.01 85.23
39.02 86.56
39.03 86.84
39.04 85.22
39.05 87.02
39.06 172.34
39.07 173.49
39.08 175.45
39.09 176.02
39.1 176.25
39.11 176.16
39.12 176.25
39.13 177.68
39.14 177.93
39.15 177.07
39.16 176.94
39.17 178.11
39.18 178.31
39.19 177.08
39.2 175.73
39.21 171.76
39.22 166.51
39.23 168.02
39.24 168.46
39.25 167.45
39.26 171.36
39.27 175.36
39.28 178.0
39.29 179.65
39.3 179.44
39.31 178.39
39.32 177.94
39.33 175.79
39.34 174.46
39.35 175.51
39.36 175.54
39.37 175.36
39.38 175.87
39.39 176.11
39.4 176.24
39.41 176.35
39.42 176.64
39.43 177.77
39.44 178.48
39.45 176.26
39.46 170.35
39.47 157.2
39.48 143.65
39.49 136.41
39.5 119.27
39.51 119.97
39.52 76.59
39.53 68.15
39.54 216.4
39.55 0.0
39.56 66.74
39.57 70.75
39.58 0.0
39.59 0.0
39.6 0.0
39.61 40.73
39.62 0.0
39.63 211.65
39.64 182.73
39.65 180.96
39.66 181.93
39.67 178.9
39.68 177.38
39.69 175.25
39.7 174.92
39.71 175.83
39.72 175.27
39.73 175.1
39.74 175.55
39.75 176.56
39.76 177.36
39.77 177.06
39.78 176.56
39.79 176.59
39.8 176.65
39.81 176.68
39.82 177.57
39.83 178.45
39.84 177.04
39.85 173.86
39.86 78.13
39.87 145.83
39.88 133.03
39.89 120.74
39.9 104.02
39.91 101.25
39.92 199.54
39.93 203.78
39.94 179.88
39.95 169.92
39.96 171.27
39.97 173.11
39.98 174.1
39.99 174.37
40.0 86.26
40.01 171.43
40.02 173.67
40.03 174.11
40.04 173.91
40.05 175.3
40.06 175.62
40.07 174.87
40.08 175.96
40.09 174.86
40.1 173.63
40.11 172.53
40.12 172.31
40.13 173.1
40.14 173.27
40.15 173.1
40.16 173.28
40.17 173.05
40.18 173.16
40.19 173.09
40.2 173.08
40.21 173.36
40.22 173.29
40.23 173.52
40.24 174.15
40.25 174.53
40.26 174.88
40.27 175.79
40.28 176.96
40.29 177.09
40.3 174.47
40.31 170.94
40.32 147.35
40.33 142.38
40.34 120.25
40.35 118.98
40.36 239.54
40.37 240.41
40.38 239.92
40.39 239.2
40.4 239.23
40.41 237.0
40.42 232.35
40.43 228.52
40.44 226.39
40.45 208.21
40.46 192.69
40.47 188.82
40.48 109.35
40.49 63.31
40.5 89.66
40.51 64.12
40.52 232.25
40.53 0.0
40.54 200.5
40.55 195.84
40.56 189.01
40.57 65.01
40.58 0.0
40.59 0.0
40.6 1240.49
40.61 64.1
40.62 0.0
40.63 0.0
40.64 197.31
40.65 1317.13
40.66 64.93
40.67 60.29
40.68 67.67
40.69 104.66
40.7 0.0
40.71 0.0
40.72 0.0
40.73 0.0
40.74 0.0
40.75 0.0
40.76 0.0
40.77 0.0
40.78 0.0
40.79 244.54
40.8 205.19
40.81 183.43
40.82 74.63
40.83 72.4
40.84 71.19
40.85 142.38
40.86 144.89
40.87 147.22
40.88 148.02
40.89 148.76
40.9 150.58
40.91 151.83
40.92 153.27
40.93 153.25
40.94 154.15
40.95 154.6
40.96 154.29
40.97 155.82
40.98 155.11
40.99 155.16
41.0 156.3
41.01 156.38
41.02 159.29
41.03 161.14
41.04 160.98
41.05 162.46
41.06 163.68
41.07 165.29
41.08 166.08
41.09 167.89
41.1 169.13
41.11 170.01
41.12 171.06
41.13 171.75
41.14 172.57
41.15 172.71
41.16 173.06
41.17 173.04
41.18 173.06
41.19 174.04
41.2 174.4
41.21 174.93
41.22 174.8
41.23 174.04
41.24 174.02
41.25 173.13
41.26 173.41
41.27 174.41
41.28 174.65
41.29 174.64
41.3 174.04
41.31 173.99
41.32 174.99
41.33 176.03
41.34 176.51
41.35 176.53
41.36 176.51
41.37 175.88
41.38 175.25
41.39 174.37
41.4 174.33
41.41 175.05
41.42 175.58
41.43 175.72
41.44 175.3
41.45 175.6
41.46 176.19
41.47 176.67
41.48 177.17
41.49 176.92
41.5 176.73
41.51 177.1
41.52 177.13
41.53 176.99
41.54 177.06
41.55 177.09
41.56 178.06
41.57 179.31
41.58 178.09
41.59 173.99
41.6 166.34
41.61 160.02
41.62 162.82
41.63 160.46
41.64 159.25
41.65 164.38
41.66 170.95
41.67 173.05
41.68 175.45
41.69 177.07
41.7 177.75
41.71 177.85
41.72 176.99
41.73 176.73
41.74 177.49
41.75 177.82
41.76 174.45
41.77 168.19
41.78 159.3
41.79 136.83
41.8 123.16
41.81 101.36
41.82 63.6
41.83 71.6
41.84 0.0
41.85 0.0
41.86 58.88
41.87 76.57
41.88 61.35
41.89 265.52
41.9 194.94
41.91 164.08
41.92 82.53
41.93 83.7
41.94 169.12
41.95 169.69
41.96 171.5
41.97 173.55
41.98 174.26
41.99 175.19
42.0 176.58
42.01 177.35
42.02 177.16
42.03 176.89
42.04 177.66
42.05 178.81
42.06 178.75
42.07 178.23
42.08 177.75
42.09 176.92
42.1 177.84
42.11 179.08
42.12 179.05
42.13 178.25
42.14 175.63
42.15 174.33
42.16 178.83
42.17 180.94
42.18 183.25
42.19 182.97
42.2 181.59
42.21 179.92
42.22 179.74
42.23 182.49
42.24 179.31
42.25 176.24
42.26 176.56
42.27 87.96
42.28 176.27
42.29 176.67
42.3 88.63
42.31 88.8
42.32 89.24
42.33 179.33
42.34 178.39
42.35 177.7
42.36 177.32
42.37 176.76
42.38 176.31
42.39 175.92
42.4 176.36
42.41 176.33
42.42 176.09
42.43 176.62
42.44 177.44
42.45 177.97
42.46 177.69
42.47 177.39
42.48 177.4
42.49 177.89
42.5 178.01
42.51 177.99
42.52 177.58
42.53 176.83
42.54 177.31
42.55 177.71
42.56 176.76
42.57 176.25
42.58 176.98
42.59 176.49
42.6 87.67
42.61 87.7
42.62 175.55
42.63 176.74
42.64 88.59
42.65 177.76
42.66 177.72
42.67 177.41
42.68 177.2
42.69 177.36
42.7 176.64
42.71 177.01
42.72 177.11
42.73 175.5
42.74 175.06
42.75 175.72
42.76 175.22
42.77 174.59
42.78 175.68
42.79 177.25
42.8 177.52
42.81 176.96
42.82 176.79
42.83 176.82
42.84 176.73
42.85 176.7
42.86 176.5
42.87 176.72
42.88 177.06
42.89 176.54
42.9 176.11
42.91 176.53
42.92 177.58
42.93 178.29
42.94 178.82
42.95 178.14
42.96 178.11
42.97 178.68
42.98 178.75
42.99 178.43
43.0 174.51
43.01 143.81
43.02 125.86
43.03 121.31
43.04 115.84
43.05 211.56
43.06 194.0
43.07 189.6
43.08 208.68
43.09 0.0
43.1 0.0
43.11 178.54
43.12 175.54
43.13 175.75
43.14 174.89
43.15 173.6
43.16 172.44
43.17 172.93
43.18 171.68
43.19 170.6
43.2 169.17
43.21 170.98
43.22 171.41
43.23 170.25
43.24 171.23
43.25 167.01
43.26 159.92
43.27 131.37
43.28 129.56
43.29 111.27
43.3 224.05
43.31 225.62
43.32 221.5
43.33 219.04
43.34 78.9
43.35 223.2
43.36 224.42
43.37 227.26
43.38 225.04
43.39 224.09
43.4 223.7
43.41 222.71
43.42 221.4
43.43 221.54
43.44 222.3
43.45 222.51
43.46 219.23
43.47 68.83
43.48 205.67
43.49 207.39
43.5 209.97
43.51 214.48
43.52 200.05
43.53 196.24
43.54 202.35
43.55 0.0
43.56 0.0
43.57 0.0
43.58 0.0
43.59 0.0
43.6 0.0
43.61 0.0
43.62 219.28
43.63 220.98
43.64 0.0
43.65 0.0
43.66 0.0
43.67 0.0
43.68 316.43
43.69 200.45
43.7 222.43
43.71 68.05
43.72 220.16
43.73 215.34
43.74 216.56
43.75 219.14
43.76 218.22
43.77 219.06
43.78 161.24
43.79 72.75
43.8 73.41
43.81 74.25
43.82 75.0
43.83 75.31
43.84 76.03
43.85 77.06
43.86 78.27
43.87 79.31
43.88 80.43
43.89 81.35
43.9 82.51
43.91 168.01
43.92 169.7
43.93 171.59
43.94 174.91
43.95 176.8
43.96 177.8
43.97 180.78
43.98 181.78
43.99 183.04
44.0 186.39
44.01 187.75
44.02 187.89
44.03 188.22
44.04 189.78
44.05 190.91
44.06 191.34
44.07 191.26
44.08 190.65
44.09 190.92
44.1 191.33
44.11 192.26
44.12 192.77
44.13 193.45
44.14 193.75
44.15 193.36
44.16 194.3
44.17 194.68
44.18 195.21
44.19 195.12
44.2 195.09
44.21 195.11
44.22 196.06
44.23 196.96
44.24 197.07
44.25 198.08
44.26 197.63
44.27 196.43
44.28 197.24
44.29 196.48
44.3 195.66
44.31 195.66
44.32 195.88
44.33 197.02
44.34 197.58
44.35 198.37
44.36 199.28
44.37 198.44
44.38 197.67
44.39 199.21
44.4 200.13
44.41 199.33
44.42 199.18
44.43 199.2
44.44 198.34
44.45 197.73
44.46 197.63
44.47 196.64
44.48 196.83
44.49 196.82
44.5 196.23
44.51 197.59
44.52 198.18
44.53 197.4
44.54 197.66
44.55 197.47
44.56 197.25
44.57 198.08
44.58 197.85
44.59 197.95
44.6 197.56
44.61 197.29
44.62 197.93
44.63 197.71
44.64 197.52
44.65 198.51
44.66 198.23
44.67 198.06
44.68 198.36
44.69 197.79
44.7 197.89
44.71 197.81
44.72 196.7
44.73 197.63
44.74 197.72
44.75 198.23
44.76 198.64
44.77 198.45
44.78 199.07
44.79 199.46
44.8 198.84
44.81 198.45
44.82 198.0
44.83 196.97
44.84 198.18
44.85 198.34
44.86 98.75
44.87 98.7
44.88 98.62
44.89 98.98
44.9 197.97
44.91 197.82
44.92 196.7
44.93 195.23
44.94 196.78
44.95 196.67
44.96 195.88
44.97 195.81
44.98 196.87
44.99 197.79
45.0 196.81
45.01 196.47
45.02 196.04
45.03 195.76
45.04 197.39
45.05 197.54
45.06 197.51
45.07 198.37
45.08 197.53
45.09 196.02
45.1 196.57
45.11 197.42
45.12 197.62
45.13 197.71
45.14 66.27
45.15 66.42
45.16 66.54
45.17 66.59
45.18 199.96
45.19 200.41
45.2 200.81
45.21 201.17
45.22 201.94
45.23 202.33
45.24 201.91
45.25 201.95
45.26 201.46
45.27 201.74
45.28 200.82
45.29 201.26
45.3 200.41
45.31 200.11
45.32 200.35
45.33 199.88
45.34 200.37
45.35 200.49
45.36 200.75
45.37 199.87
45.38 201.16
45.39 201.54
45.4 201.28
45.41 201.66
45.42 199.71
45.43 196.52
45.44 197.48
45.45 199.81
45.46 202.55
45.47 101.77
45.48 101.8
45.49 101.2
45.5 101.01
45.51 100.48
45.52 199.63
45.53 199.68
45.54 199.25
45.55 198.8
45.56 197.91
45.57 198.19
45.58 199.15
45.59 200.17
45.6 200.51
45.61 200.04
45.62 199.95
45.63 199.5
45.64 198.46
45.65 198.65
45.66 199.52
45.67 199.75
45.68 199.28
45.69 199.44
45.7 199.22
45.71 199.2
45.72 199.72
45.73 199.2
45.74 198.43
45.75 197.94
45.76 198.08
45.77 197.93
45.78 197.16
45.79 196.91
45.8 197.22
45.81 198.38
45.82 198.71
45.83 198.37
45.84 198.06
45.85 197.78
45.86 197.5
45.87 197.36
45.88 196.87
45.89 197.06
45.9 198.03
45.91 198.41
45.92 199.12
45.93 199.43
45.94 199.28
45.95 198.85
45.96 198.96
45.97 199.81
45.98 199.82
45.99 199.44
46.0 199.07
46.01 199.76
46.02 201.38
46.03 202.09
46.04 201.81
46.05 200.99
46.06 201.18
46.07 202.23
46.08 202.15
46.09 202.55
46.1 202.97
46.11 203.48
46.12 203.88
46.13 202.69
46.14 201.34
46.15 200.54
46.16 200.73
46.17 201.34
46.18 201.76
46.19 202.54
46.2 203.14
46.21 204.28
46.22 205.75
46.23 204.91
46.24 205.03
46.25 206.33
46.26 206.26
46.27 206.41
46.28 206.88
46.29 205.9
46.3 203.47
46.31 202.45
46.32 203.11
46.33 204.46
46.34 204.59
46.35 204.49
46.36 204.58
46.37 204.14
46.38 203.16
46.39 201.6
46.4 201.46
46.41 202.65
46.42 203.5
46.43 203.44
46.44 202.32
46.45 202.58
46.46 204.24
46.47 204.56
46.48 204.94
46.49 205.58
46.5 205.38
46.51 205.02
46.52 204.9
46.53 204.29
46.54 203.8
46.55 203.37
46.56 200.1
46.57 191.08
46.58 176.32
46.59 178.07
46.6 173.77
46.61 169.8
46.62 172.91
46.63 177.35
46.64 181.1
46.65 185.47
46.66 187.84
46.67 188.76
46.68 188.94
46.69 189.08
46.7 188.62
46.71 186.82
46.72 182.71
46.73 174.47
46.74 149.26
46.75 132.14
46.76 87.49
46.77 262.75
46.78 263.16
46.79 265.07
46.8 259.97
46.81 229.33
46.82 63.47
46.83 66.17
46.84 220.5
46.85 193.78
46.86 189.51
46.87 236.32
46.88 244.42
46.89 278.23
46.9 235.94
46.91 220.88
46.92 94.56
46.93 95.53
46.94 183.99
46.95 0.0
46.96 0.0
46.97 0.0
46.98 0.0
46.99 0.0
47.0 0.0
47.01 0.0
47.02 0.0
47.03 0.0
47.04 168.75
47.05 163.05
47.06 68.19
47.07 65.79
47.08 66.19
47.09 135.6
47.1 134.93
47.11 135.75
47.12 69.15
47.13 69.78
47.14 70.87
47.15 72.39
47.16 72.04
47.17 142.18
47.18 143.65
47.19 141.78
47.2 142.14
47.21 143.13
47.22 145.2
47.23 146.52
47.24 75.04
47.25 75.55
47.26 150.68
47.27 150.42
47.28 151.8
47.29 153.42
47.3 153.53
47.31 156.25
47.32 158.31
47.33 158.31
47.34 158.25
47.35 158.65
47.36 159.95
47.37 159.83
47.38 158.63
47.39 157.53
47.4 157.23
47.41 157.02
47.42 156.99
47.43 157.37
47.44 157.72
47.45 158.15
47.46 158.57
47.47 158.66
47.48 158.88
47.49 159.0
47.5 159.76
47.51 159.96
47.52 159.46
47.53 158.9
47.54 158.22
47.55 157.58
47.56 157.48
47.57 78.71
47.58 78.84
47.59 78.81
47.6 77.63
47.61 76.54
47.62 78.99
47.63 79.48
47.64 157.56
47.65 158.58
47.66 158.58
47.67 159.19
47.68 159.88
47.69 157.24
47.7 156.18
47.71 156.48
47.72 156.28
47.73 156.26
47.74 156.49
47.75 156.7
47.76 156.99
47.77 157.28
47.78 157.51
47.79 157.27
47.8 156.47
47.81 156.49
47.82 157.4
47.83 158.59
47.84 158.06
47.85 77.75
47.86 79.32
47.87 81.17
47.88 161.64
47.89 160.59
47.9 160.11
47.91 161.75
47.92 80.3
47.93 158.86
47.94 159.08
47.95 159.74
47.96 159.6
47.97 159.52
47.98 159.04
47.99 158.87
48.0 159.64
48.01 160.3
48.02 160.05
48.03 159.38
48.04 158.99
48.05 158.91
48.06 159.5
48.07 160.08
48.08 160.1
48.09 159.72
48.1 159.7
48.11 160.62
48.12 161.34
48.13 161.33
48.14 160.17
48.15 159.09
48.16 159.43
48.17 159.86
48.18 159.82
48.19 159.79
48.2 160.19
48.21 160.18
48.22 159.78
48.23 159.14
48.24 158.67
48.25 159.04
48.26 159.78
48.27 159.74
48.28 159.7
48.29 160.0
48.3 161.3
48.31 162.1
48.32 162.67
48.33 163.93
48.34 163.55
48.35 163.43
48.36 166.1
48.37 167.24
48.38 165.6
48.39 165.5
48.4 165.45
48.41 164.01
48.42 162.44
48.43 161.62
48.44 161.03
48.45 161.17
48.46 160.93
48.47 159.48
48.48 158.93
48.49 160.04
48.5 160.42
48.51 158.65
48.52 157.48
48.53 158.12
48.54 158.99
48.55 157.9
48.56 157.02
48.57 156.17
48.58 154.27
48.59 153.28
48.6 153.11
48.61 148.93
48.62 145.89
48.63 147.29
48.64 158.84
48.65 166.34
48.66 174.17
48.67 168.91
48.68 162.1
48.69 158.34
48.7 152.25
48.71 141.22
48.72 137.39
48.73 138.04
48.74 138.28
48.75 138.45
48.76 138.56
48.77 139.05
48.78 139.66
48.79 140.5
48.8 140.92
48.81 141.86
48.82 143.35
48.83 143.39
48.84 72.4
48.85 72.55
48.86 72.5
48.87 72.32
48.88 72.35
48.89 72.22
48.9 72.11
48.91 72.15
48.92 143.34
48.93 72.53
48.94 72.71
48.95 72.94
48.96 73.11
48.97 146.43
48.98 147.25
48.99 73.28
49.0 73.24
49.01 73.21
49.02 73.17
49.03 73.32
49.04 73.64
49.05 73.82
49.06 73.95
49.07 74.01
49.08 73.67
49.09 73.52
49.1 73.4
49.11 73.1
49.12 73.0
49.13 72.84
49.14 72.85
49.15 73.0
49.16 73.04
49.17 146.73
49.18 147.45
49.19 147.55
49.2 74.41
49.21 74.76
49.22 149.48
49.23 150.14
49.24 74.75
49.25 74.71
49.26 74.32
49.27 73.91
49.28 73.5
49.29 73.45
49.3 73.36
49.31 73.13
49.32 73.04
49.33 72.96
49.34 145.81
49.35 144.97
49.36 143.69
49.37 142.23
49.38 142.85
49.39 144.0
49.4 143.93
49.41 143.69
49.42 140.59
49.43 138.37
49.44 143.87
49.45 142.86
49.46 145.17
49.47 147.17
49.48 153.82
49.49 158.27
49.5 159.79
49.51 158.54
49.52 155.72
49.53 154.11
49.54 155.52
49.55 156.91
49.56 157.29
49.57 78.38
49.58 157.18
49.59 157.46
49.6 158.09
49.61 159.42
49.62 160.54
49.63 161.41
49.64 161.46
49.65 81.46
49.66 81.43
49.67 81.39
49.68 81.06
49.69 160.52
49.7 160.38
49.71 160.01
49.72 157.23
49.73 158.58
49.74 158.57
49.75 79.47
49.76 158.49
49.77 158.81
49.78 80.46
49.79 80.81
49.8 80.75
49.81 80.76
49.82 80.64
49.83 80.27
49.84 80.42
49.85 80.42
49.86 80.26
49.87 80.15
49.88 80.08
49.89 158.51
49.9 79.65
49.91 79.82
49.92 157.62
49.93 156.98
49.94 157.17
49.95 156.79
49.96 157.09
49.97 157.44
49.98 156.77
49.99 156.47
50.0 157.31
50.01 157.04
50.02 80.4
50.03 80.64
50.04 80.75
50.05 80.85
50.06 80.7
50.07 80.48
50.08 80.71
50.09 80.41
50.1 80.31
50.11 80.64
50.12 80.27
50.13 80.39
50.14 80.61
50.15 80.12
50.16 79.78
50.17 79.53
50.18 79.25
50.19 79.01
50.2 78.8
50.21 78.64
50.22 78.38
50.23 78.32
50.24 156.73
50.25 157.13
50.26 156.95
50.27 155.52
50.28 164.43
50.29 163.67
50.3 163.87
50.31 170.54
50.32 174.42
50.33 177.73
50.34 178.49
50.35 181.32
50.36 182.26
50.37 181.63
50.38 180.95
50.39 179.54
50.4 177.57
50.41 177.43
50.42 177.99
50.43 178.79
50.44 179.12
50.45 179.69
50.46 180.77
50.47 182.93
50.48 184.93
50.49 184.09
50.5 183.58
50.51 184.28
50.52 183.05
50.53 180.93
50.54 180.43
50.55 180.18
50.56 180.01
50.57 180.12
50.58 180.41
50.59 180.68
50.6 180.64
50.61 181.06
50.62 181.21
50.63 180.71
50.64 180.36
50.65 180.36
50.66 180.28
50.67 180.3
50.68 180.36
50.69 180.19
50.7 179.9
50.71 179.55
50.72 179.3
50.73 179.37
50.74 179.56
50.75 179.74
50.76 180.09
50.77 180.48
50.78 180.9
50.79 180.86
50.8 180.67
50.81 181.2
50.82 181.99
50.83 182.69
50.84 182.14
50.85 181.05
50.86 180.48
50.87 180.38
50.88 180.17
50.89 179.84
50.9 179.92
50.91 179.86
50.92 179.96
50.93 180.39
50.94 180.52
50.95 181.0
50.96 180.95
50.97 180.65
50.98 180.37
50.99 180.05
51.0 180.24
51.01 180.26
51.02 180.19
51.03 180.84
51.04 181.49
51.05 180.74
51.06 180.02
51.07 179.58
51.08 180.26
51.09 181.42
51.1 181.45
51.11 181.1
51.12 181.55
51.13 181.43
51.14 181.59
51.15 181.73
51.16 181.38
51.17 180.64
51.18 180.14
51.19 179.73
51.2 179.31
51.21 179.52
51.22 179.2
51.23 178.35
51.24 177.93
51.25 177.62
51.26 177.58
51.27 177.91
51.28 178.58
51.29 179.3
51.3 179.9
51.31 180.39
51.32 180.68
51.33 180.89
51.34 182.12
51.35 184.6
51.36 184.19
51.37 182.8
51.38 182.43
51.39 181.84
51.4 180.87
51.41 180.61
51.42 180.89
51.43 180.53
51.44 179.76
51.45 179.21
51.46 178.54
51.47 177.7
51.48 178.0
51.49 178.48
51.5 178.28
51.51 178.73
51.52 179.08
51.53 178.95
51.54 179.14
51.55 179.66
51.56 180.44
51.57 181.09
51.58 181.81
51.59 182.55
51.6 182.87
51.61 183.2
51.62 183.2
51.63 182.01
51.64 180.87
51.65 179.96
51.66 179.45
51.67 179.27
51.68 179.27
51.69 179.24
51.7 179.03
51.71 178.98
51.72 178.89
51.73 178.87
51.74 178.81
51.75 178.68
51.76 178.65
51.77 178.75
51.78 178.89
51.79 179.29
51.8 179.26
51.81 179.24
51.82 179.33
51.83 178.87
51.84 178.26
51.85 178.3
51.86 179.25
51.87 179.42
51.88 178.91
51.89 178.58
51.9 178.61
51.91 177.59
51.92 176.47
51.93 175.97
51.94 176.08
51.95 177.38
51.96 178.15
51.97 178.66
51.98 179.25
51.99 179.65
52.0 179.66
52.01 179.6
52.02 179.69
52.03 179.46
52.04 179.35
52.05 180.01
52.06 180.49
52.07 180.9
52.08 180.99
52.09 180.77
52.1 180.46
52.11 178.99
52.12 176.7
52.13 176.9
52.14 178.0
52.15 177.82
52.16 176.82
52.17 175.59
52.18 175.48
52.19 176.31
52.2 177.4
52.21 178.47
52.22 179.02
52.23 178.82
52.24 178.77
52.25 178.7
52.26 178.27
52.27 178.77
52.28 179.41
52.29 179.64
52.3 180.08
52.31 180.5
52.32 180.39
52.33 180.5
52.34 181.22
52.35 182.5
52.36 182.74
52.37 176.72
52.38 168.04
52.39 157.26
52.4 150.09
52.41 145.08
52.42 139.88
52.43 93.14
52.44 284.82
52.45 92.64
52.46 281.05
52.47 290.04
52.48 0.0
52.49 68.75
52.5 174.78
52.51 0.0
52.52 0.0
52.53 0.0
52.54 62.07
52.55 129.77
52.56 0.0
52.57 0.0
52.58 0.0
52.59 0.0
52.6 0.0
52.61 103.66
52.62 102.33
52.63 60.31
52.64 309.43
52.65 97.63
52.66 99.75
52.67 100.44
52.68 101.05
52.69 109.85
52.7 59.86
52.71 74.15
52.72 75.55
52.73 80.23
52.74 80.84
52.75 0.0
52.76 0.0
52.77 0.0
52.78 0.0
52.79 311.04
52.8 103.75
52.81 113.79
52.82 132.54
52.83 0.0
52.84 0.0
52.85 0.0
52.86 175.93
52.87 158.62
52.88 152.95
52.89 153.79
52.9 156.01
52.91 156.28
52.92 158.26
52.93 159.36
52.94 161.35
52.95 161.7
52.96 160.71
52.97 171.75
52.98 160.72
52.99 166.38
53.0 170.13
53.01 173.6
53.02 163.61
53.03 158.98
53.04 158.64
53.05 161.69
53.06 162.52
53.07 161.71
53.08 162.67
53.09 162.2
53.1 162.06
53.11 160.51
53.12 160.86
53.13 160.95
53.14 160.3
53.15 161.36
53.16 161.25
53.17 161.39
53.18 162.4
53.19 163.16
53.2 163.1
53.21 163.57
53.22 163.94
53.23 164.7
53.24 165.67
53.25 166.15
53.26 167.18
53.27 168.61
53.28 169.86
53.29 170.6
53.3 170.92
53.31 170.25
53.32 169.52
53.33 169.55
53.34 169.44
53.35 168.99
53.36 169.71
53.37 170.43
53.38 170.27
53.39 170.42
53.4 170.82
53.41 170.94
53.42 171.47
53.43 171.81
53.44 172.72
53.45 173.74
53.46 174.06
53.47 174.63
53.48 174.16
53.49 173.57
53.5 174.32
53.51 174.56
53.52 175.0
53.53 175.61
53.54 175.24
53.55 175.62
53.56 175.55
53.57 175.35
53.58 174.78
53.59 175.05
53.6 175.74
53.61 176.47
53.62 176.46
53.63 176.28
53.64 176.43
53.65 176.53
53.66 177.15
53.67 177.25
53.68 177.78
53.69 178.37
53.7 178.32
53.71 178.19
53.72 178.24
53.73 178.45
53.74 179.45
53.75 179.47
53.76 179.45
53.77 179.17
53.78 179.16
53.79 179.82
53.8 178.88
53.81 178.72
53.82 178.64
53.83 178.64
53.84 179.16
53.85 179.05
53.86 179.22
53.87 179.62
53.88 179.45
53.89 178.39
53.9 177.83
53.91 177.87
53.92 177.93
53.93 177.52
53.94 177.41
53.95 177.78
53.96 177.73
53.97 178.13
53.98 178.4
53.99 179.29
54.0 179.89
54.01 179.61
54.02 179.49
54.03 179.5
54.04 179.75
54.05 178.94
54.06 178.31
54.07 177.63
54.08 177.26
54.09 177.28
54.1 177.39
54.11 178.4
54.12 178.51
54.13 179.26
54.14 179.63
54.15 179.89
54.16 180.25
54.17 180.12
54.18 180.97
54.19 180.79
54.2 180.68
54.21 180.5
54.22 180.24
54.23 181.14
54.24 180.31
54.25 179.47
54.26 178.86
54.27 177.98
54.28 177.7
54.29 178.51
54.3 180.68
54.31 176.28
54.32 164.92
54.33 156.92
54.34 67.63
54.35 66.09
54.36 63.18
54.37 117.87
54.38 123.29
54.39 63.49
54.4 64.8
54.41 134.29
54.42 138.57
54.43 142.98
54.44 146.39
54.45 147.64
54.46 148.38
54.47 148.82
54.48 147.98
54.49 148.88
54.5 148.56
54.51 149.08
54.52 148.53
54.53 150.93
54.54 154.78
54.55 159.43
54.56 163.0
54.57 168.06
54.58 169.87
54.59 170.64
54.6 172.1
54.61 172.21
54.62 172.1
54.63 172.53
54.64 172.52
54.65 173.13
54.66 174.14
54.67 174.62
54.68 174.8
54.69 175.51
54.7 175.26
54.71 174.06
54.72 174.63
54.73 175.26
54.74 86.73
54.75 86.48
54.76 86.11
54.77 85.84
54.78 85.98
54.79 85.92
54.8 172.97
54.81 174.73
54.82 175.29
54.83 176.32
54.84 177.06
54.85 176.48
54.86 176.5
54.87 176.45
54.88 176.33
54.89 176.11
54.9 87.38
54.91 87.29
54.92 175.15
54.93 173.99
54.94 172.52
54.95 171.81
54.96 172.0
54.97 172.36
54.98 173.52
54.99 174.31
55.0 174.64
55.01 175.26
55.02 175.95
55.03 176.54
55.04 177.1
55.05 177.61
55.06 178.09
55.07 178.37
55.08 178.38
55.09 176.93
55.1 173.29
55.11 150.46
55.12 145.83
55.13 143.92
55.14 119.55
55.15 117.9
55.16 116.86
55.17 98.5
55.18 98.64
55.19 99.03
55.2 99.02
55.21 66.16
55.22 144.87
55.23 143.03
55.24 143.52
55.25 144.09
55.26 144.76
55.27 148.49
55.28 156.98
55.29 165.01
55.3 174.3
55.31 179.24
55.32 180.81
55.33 180.5
55.34 180.14
55.35 179.3
55.36 178.94
55.37 179.02
55.38 179.39
55.39 180.08
55.4 180.36
55.41 180.48
55.42 179.92
55.43 179.19
55.44 178.91
55.45 177.94
55.46 178.53
55.47 180.16
55.48 181.36
55.49 88.85
55.5 87.77
55.51 86.82
55.52 86.97
55.53 87.09
55.54 87.87
55.55 88.15
55.56 176.26
55.57 174.29
55.58 168.48
55.59 160.03
55.6 161.0
55.61 78.97
55.62 158.74
55.63 164.49
55.64 171.32
55.65 175.83
55.66 177.39
55.67 176.9
55.68 176.74
55.69 177.85
55.7 178.28
55.71 177.29
55.72 172.33
55.73 158.45
55.74 173.93
55.75 174.98
55.76 175.05
55.77 175.17
55.78 175.52
55.79 175.53
55.8 175.46
55.81 175.37
55.82 174.34
55.83 173.36
55.84 174.08
55.85 176.3
55.86 177.93
55.87 178.99
55.88 179.78
55.89 179.92
55.9 89.53
55.91 89.6
55.92 89.7
55.93 89.78
55.94 90.15
55.95 90.66
55.96 90.82
55.97 90.13
55.98 177.27
55.99 172.82
56.0 170.59
56.01 134.11
56.02 135.13
56.03 132.79
56.04 109.21
56.05 266.35
56.06 265.37
56.07 272.28
56.08 270.81
56.09 63.18
56.1 69.96
56.11 0.0
56.12 144.69
56.13 146.72
56.14 148.52
56.15 152.57
56.16 155.6
56.17 159.89
56.18 164.03
56.19 167.04
56.2 170.16
56.21 171.99
56.22 172.44
56.23 172.52
56.24 172.84
56.25 172.66
56.26 171.98
56.27 172.09
56.28 172.22
56.29 172.21
56.3 172.11
56.31 172.65
56.32 173.0
56.33 173.5
56.34 174.35
56.35 174.96
56.36 175.38
56.37 175.8
56.38 176.35
56.39 177.1
56.4 177.54
56.41 177.03
56.42 176.42
56.43 176.36
56.44 175.81
56.45 174.8
56.46 174.09
56.47 173.42
56.48 173.42
56.49 174.26
56.5 175.38
56.51 175.98
56.52 177.08
56.53 177.46
56.54 177.75
56.55 177.7
56.56 177.93
56.57 178.31
56.58 177.87
56.59 177.67
56.6 177.03
56.61 176.52
56.62 175.97
56.63 175.67
56.64 175.52
56.65 175.21
56.66 174.91
56.67 175.01
56.68 175.1
56.69 176.01
56.7 177.12
56.71 177.31
56.72 177.74
56.73 177.98
56.74 177.68
56.75 177.04
56.76 177.38
56.77 177.44
56.78 177.99
56.79 178.27
56.8 177.81
56.81 177.52
56.82 177.62
56.83 177.95
56.84 177.55
56.85 178.46
56.86 178.74
56.87 176.29
56.88 170.83
56.89 162.64
56.9 151.37
56.91 113.98
56.92 112.73
56.93 224.19
56.94 222.83
56.95 225.71
56.96 223.23
56.97 203.69
56.98 198.43
56.99 198.41
57.0 124.17
57.01 216.46
57.02 208.61
57.03 198.64
57.04 0.0
57.05 217.95
57.06 211.13
57.07 191.76
57.08 202.38
57.09 209.52
57.1 0.0
57.11 0.0
57.12 0.0
57.13 0.0
57.14 0.0
57.15 0.0
57.16 0.0
57.17 0.0
57.18 134.79
57.19 1292.71
57.2 0.0
57.21 0.0
57.22 0.0
57.23 0.0
57.24 0.0
57.25 0.0
57.26 0.0
57.27 0.0
57.28 0.0
57.29 0.0
57.3 0.0
57.31 973.92
57.32 715.9
57.33 0.0
57.34 0.0
57.35 0.0
57.36 0.0
57.37 0.0
57.38 0.0
57.39 0.0
57.4 0.0
57.41 0.0
57.42 0.0
57.43 0.0
57.44 0.0
57.45 0.0
57.46 0.0
57.47 552.4
57.48 1107.23
57.49 692.84
57.5 0.0
57.51 217.45
57.52 215.88
57.53 114.54
57.54 204.27
57.55 169.54
57.56 170.15
57.57 159.93
57.58 154.31
57.59 157.72
57.6 163.52
57.61 167.73
57.62 173.07
57.63 178.02
57.64 181.5
57.65 184.01
57.66 186.13
57.67 188.0
57.68 189.14
57.69 190.03
57.7 191.42
57.71 192.29
57.72 193.28
57.73 194.29
57.74 195.25
57.75 194.73
57.76 193.52
57.77 193.97
57.78 193.55
57.79 182.94
57.8 176.17
57.81 176.18
57.82 177.93
57.83 187.67
57.84 196.74
57.85 201.72
57.86 204.38
57.87 203.18
57.88 201.53
57.89 200.23
57.9 199.89
57.91 199.9
57.92 195.1
57.93 186.22
57.94 183.29
57.95 185.07
57.96 190.31
57.97 194.53
57.98 197.29
57.99 199.07
58.0 200.15
58.01 200.79
58.02 201.4
58.03 201.78
58.04 201.44
58.05 200.73
58.06 200.26
58.07 200.12
58.08 199.95
58.09 199.92
58.1 199.84
58.11 199.92
58.12 200.13
58.13 200.35
58.14 200.43
58.15 200.32
58.16 200.2
58.17 199.99
58.18 199.94
58.19 199.73
58.2 199.45
58.21 199.31
58.22 198.84
58.23 198.09
58.24 197.54
58.25 196.98
58.26 194.94
58.27 193.37
58.28 197.38
58.29 198.34
58.3 198.26
58.31 197.88
58.32 196.96
58.33 196.67
58.34 198.0
58.35 199.15
58.36 198.91
58.37 198.99
58.38 199.65
58.39 199.82
58.4 199.46
58.41 199.34
58.42 199.42
58.43 199.79
58.44 200.12
58.45 199.93
58.46 199.93
58.47 199.79
58.48 199.56
58.49 199.4
58.5 199.12
58.51 198.75
58.52 198.22
58.53 197.53
58.54 196.45
58.55 195.36
58.56 193.2
58.57 179.56
58.58 172.48
58.59 175.49
58.6 73.5
58.61 74.69
58.62 149.53
58.63 147.94
58.64 157.41
58.65 166.6
58.66 176.93
58.67 185.63
58.68 190.82
58.69 193.5
58.7 195.0
58.71 196.19
58.72 197.45
58.73 198.04
58.74 197.89
58.75 196.96
58.76 197.17
58.77 198.6
58.78 198.36
58.79 197.91
58.8 197.41
58.81 196.78
58.82 196.35
58.83 195.94
58.84 196.01
58.85 197.08
58.86 198.51
58.87 199.49
58.88 199.57
58.89 198.91
58.9 197.27
58.91 192.89
58.92 187.47
58.93 184.89
58.94 157.03
58.95 66.84
58.96 151.05
58.97 194.35
58.98 61.54
58.99 152.25
59.0 0.0
59.01 0.0
59.02 0.0
59.03 0.0
59.04 195.67
59.05 94.32
59.06 190.31
59.07 195.0
59.08 197.56
59.09 197.97
59.1 198.27
59.11 198.59
59.12 198.81
59.13 198.49
59.14 198.41
59.15 198.29
59.16 197.91
59.17 198.11
59.18 196.9
59.19 194.05
59.2 190.99
59.21 188.89
59.22 90.56
59.23 89.45
59.24 87.72
59.25 89.06
59.26 93.47
59.27 96.65
59.28 196.67
59.29 198.54
59.3 197.92
59.31 197.06
59.32 195.68
59.33 194.35
59.34 194.91
59.35 195.41
59.36 193.74
59.37 192.68
59.38 194.73
59.39 195.98
59.4 95.64
59.41 93.33
59.42 187.32
59.43 183.86
59.44 90.28
59.45 91.47
59.46 186.35
59.47 192.77
59.48 97.04
59.49 98.24
59.5 197.28
59.51 199.6
59.52 198.75
59.53 196.84
59.54 197.51
59.55 198.55
59.56 196.9
59.57 197.21
59.58 199.65
59.59 197.58
59.6 196.63
59.61 98.59
59.62 198.32
59.63 195.73
59.64 97.81
59.65 98.4
59.66 196.05
59.67 97.97
59.68 98.01
59.69 195.98
59.7 97.94
59.71 65.5
59.72 196.62
59.73 195.22
59.74 191.75
59.75 190.32
59.76 95.94
59.77 96.96
59.78 97.1
59.79 97.51
59.8 97.29
59.81 96.82
59.82 97.21
59.83 197.08
59.84 198.95
59.85 200.36
59.86 100.18
59.87 199.33
59.88 200.22
59.89 198.16
59.9 196.73
59.91 196.58
59.92 194.99
59.93 95.58
59.94 189.15
59.95 188.81
59.96 186.43
59.97 182.05
59.98 177.65
59.99 168.28
60.0 161.26
60.01 151.94
60.02 140.77
60.03 129.74
60.04 126.15
60.05 90.97
60.06 88.81
60.07 130.72
60.08 262.13
60.09 245.48
60.1 231.15
60.11 63.64
60.12 197.01
60.13 203.57
60.14 189.52
60.15 153.49
60.16 147.56
60.17 148.14
60.18 146.71
60.19 142.95
60.2 141.98
60.21 143.08
60.22 144.06
60.23 144.43
60.24 145.33
60.25 146.05
60.26 147.39
60.27 149.58
60.28 150.45
60.29 152.07
60.3 153.68
60.31 154.05
60.32 154.56
60.33 155.16
60.34 154.41
60.35 153.92
60.36 154.41
60.37 154.6
60.38 153.82
60.39 153.47
60.4 153.82
60.41 153.66
60.42 153.23
60.43 153.57
60.44 154.26
60.45 154.21
60.46 154.31
60.47 154.9
60.48 154.8
60.49 154.12
60.5 153.96
60.51 154.54
60.52 155.17
60.53 154.57
60.54 154.02
60.55 153.73
60.56 152.64
60.57 151.61
60.58 151.29
60.59 151.92
60.6 152.81
60.61 153.02
60.62 153.03
60.63 152.61
60.64 152.19
60.65 152.45
60.66 153.84
60.67 155.47
60.68 155.7
60.69 155.44
60.7 155.63
60.71 156.26
60.72 156.13
60.73 154.69
60.74 153.48
60.75 153.41
60.76 154.06
60.77 155.11
60.78 155.42
60.79 154.69
60.8 154.64
60.81 155.47
60.82 78.38
60.83 78.49
60.84 156.87
60.85 78.87
60.86 78.81
60.87 78.47
60.88 156.74
60.89 155.89
60.9 155.57
60.91 155.91
60.92 155.13
60.93 154.22
60.94 153.89
60.95 155.15
60.96 156.76
60.97 78.56
60.98 78.73
60.99 79.14
61.0 78.89
61.01 157.41
61.02 78.64
61.03 78.52
61.04 78.21
61.05 155.99
61.06 156.71
61.07 79.12
61.08 79.04
61.09 79.19
61.1 79.43
61.11 79.05
61.12 78.41
61.13 156.21
61.14 156.06
61.15 155.87
61.16 156.4
61.17 156.57
61.18 156.97
61.19 157.22
61.2 78.73
61.21 78.98
61.22 158.69
61.23 157.4
61.24 157.31
61.25 158.61
61.26 159.54
61.27 79.32
61.28 160.46
61.29 163.37
61.3 78.91
61.31 149.11
61.32 143.73
61.33 120.32
61.34 119.59
61.35 119.01
61.36 118.29
61.37 117.92
61.38 118.44
61.39 119.47
61.4 242.41
61.41 235.44
61.42 79.45
61.43 242.51
61.44 238.46
61.45 228.96
61.46 63.27
61.47 187.04
61.48 193.51
61.49 231.83
61.5 234.88
61.51 234.86
61.52 229.43
61.53 229.92
61.54 232.72
61.55 227.63
61.56 77.67
61.57 232.37
61.58 230.41
61.59 235.98
61.6 238.95
61.61 244.38
61.62 248.94
61.63 247.78
61.64 246.73
61.65 247.59
61.66 248.36
61.67 247.81
61.68 245.96
61.69 242.52
61.7 238.77
61.71 232.77
61.72 231.87
61.73 234.54
61.74 235.39
61.75 232.69
61.76 233.97
61.77 162.03
61.78 146.43
61.79 65.37
61.8 127.84
61.81 124.98
61.82 122.04
61.83 119.19
61.84 115.77
61.85 111.84
61.86 120.01
61.87 139.92
61.88 140.77
61.89 140.54
61.9 141.74
61.91 144.09
61.92 144.48
61.93 144.65
61.94 146.26
61.95 149.12
61.96 151.07
61.97 153.81
61.98 157.01
61.99 160.66
62.0 162.81
62.01 164.55
62.02 165.74
62.03 167.53
62.04 169.23
62.05 170.48
62.06 171.32
62.07 171.57
62.08 171.75
62.09 171.84
62.1 171.88
62.11 171.95
62.12 172.08
62.13 171.88
62.14 172.02
62.15 171.52
62.16 171.58
62.17 172.17
62.18 172.52
62.19 173.2
62.2 174.1
62.21 174.77
62.22 175.44
62.23 175.59
62.24 175.61
62.25 175.44
62.26 175.33
62.27 175.69
62.28 176.01
62.29 176.44
62.3 176.6
62.31 176.36
62.32 175.9
62.33 175.42
62.34 174.93
62.35 174.13
62.36 174.15
62.37 174.5
62.38 174.38
62.39 174.63
62.4 174.59
62.41 175.38
62.42 176.35
62.43 175.99
62.44 175.91
62.45 175.15
62.46 175.66
62.47 175.66
62.48 174.94
62.49 173.2
62.5 166.84
62.51 155.43
62.52 72.17
62.53 136.78
62.54 121.08
62.55 119.11
62.56 122.2
62.57 130.81
62.58 164.72
62.59 166.4
62.6 170.2
62.61 172.56
62.62 172.85
62.63 172.47
62.64 171.35
62.65 168.23
62.66 171.22
62.67 176.63
62.68 177.19
62.69 176.13
62.7 174.21
62.71 171.37
62.72 168.47
62.73 84.08
62.74 166.92
62.75 165.83
62.76 162.29
62.77 162.01
62.78 168.11
62.79 171.33
62.8 173.86
62.81 174.9
62.82 174.13
62.83 173.8
62.84 173.75
62.85 174.16
62.86 174.69
62.87 176.07
62.88 175.72
62.89 175.34
62.9 175.87
62.91 177.08
62.92 177.48
62.93 177.9
62.94 178.03
62.95 177.37
62.96 176.46
62.97 175.22
62.98 175.62
62.99 175.69
63.0 176.76
63.01 177.17
63.02 176.74
63.03 177.06
63.04 176.76
63.05 177.98
63.06 177.58
63.07 176.28
63.08 175.67
63.09 174.71
63.1 175.44
63.11 176.25
63.12 177.03
63.13 177.47
63.14 177.48
63.15 178.09
63.16 178.19
63.17 178.29
63.18 177.87
63.19 177.6
63.2 177.81
63.21 177.81
63.22 177.97
63.23 177.42
63.24 177.15
63.25 176.7
63.26 177.0
63.27 177.41
63.28 176.81
63.29 176.4
63.3 175.74
63.31 175.75
63.32 176.05
63.33 175.86
63.34 176.39
63.35 176.35
63.36 176.7
63.37 174.9
63.38 174.68
63.39 178.62
63.4 182.02
63.41 182.14
63.42 178.96
63.43 88.01
63.44 181.23
63.45 179.28
63.46 177.86
63.47 177.53
63.48 178.65
63.49 179.14
63.5 179.66
63.51 179.3
63.52 179.23
63.53 179.31
63.54 179.08
63.55 178.33
63.56 177.91
63.57 179.08
63.58 179.07
63.59 178.92
63.6 178.65
63.61 180.03
63.62 180.94
63.63 181.12
63.64 180.61
63.65 178.61
63.66 177.95
63.67 176.18
63.68 174.46
63.69 173.83
63.7 173.77
63.71 174.79
63.72 175.64
63.73 175.83
63.74 87.62
63.75 87.96
63.76 176.83
63.77 177.83
63.78 177.67
63.79 176.95
63.8 88.73
63.81 88.46
63.82 176.18
63.83 175.04
63.84 87.29
63.85 87.45
63.86 175.28
63.87 175.95
63.88 176.34
63.89 87.94
63.9 176.02
63.91 175.8
63.92 87.62
63.93 176.28
63.94 87.41
63.95 87.37
63.96 87.41
63.97 87.26
63.98 87.18
63.99 87.39
64.0 87.46
64.01 87.55
64.02 87.64
64.03 87.7
64.04 87.67
64.05 87.55
64.06 87.34
64.07 87.1
64.08 173.6
64.09 174.3
64.1 175.01
64.11 175.62
64.12 175.83
64.13 175.87
64.14 175.49
64.15 175.35
64.16 175.28
64.17 176.02
64.18 176.51
64.19 175.57
64.2 175.5
64.21 87.36
64.22 87.66
64.23 87.63
64.24 87.46
64.25 87.52
64.26 175.52
64.27 175.12
64.28 175.3
64.29 174.98
64.3 175.0
64.31 176.03
64.32 176.15
64.33 173.68
64.34 86.33
64.35 86.55
64.36 174.64
64.37 85.81
64.38 179.84
64.39 174.55
64.4 173.57
64.41 87.88
64.42 176.67
64.43 177.04
64.44 178.4
64.45 177.82
64.46 178.04
64.47 176.34
64.48 174.59
64.49 171.67
64.5 169.25
64.51 171.33
64.52 170.06
64.53 171.77
64.54 172.17
64.55 178.48
64.56 183.33
64.57 183.97
64.58 184.28
64.59 182.58
64.6 178.93
64.61 176.7
64.62 174.47
64.63 172.34
64.64 173.29
64.65 174.02
64.66 174.87
64.67 175.91
64.68 176.32
64.69 176.57
64.7 176.61
64.71 177.24
64.72 178.81
64.73 181.56
64.74 179.13
64.75 171.7
64.76 163.38
64.77 152.11
64.78 127.93
64.79 124.4
64.8 89.94
64.81 235.77
64.82 228.21
64.83 228.7
64.84 89.6
64.85 245.73
64.86 252.56
64.87 257.82
64.88 261.74
64.89 248.5
64.9 229.82
64.91 215.07
64.92 181.61
64.93 90.34
64.94 180.35
64.95 181.08
64.96 179.25
64.97 177.29
64.98 176.11
64.99 175.52
65.0 175.71
65.01 176.28
65.02 177.2
65.03 177.75
65.04 178.12
65.05 178.16
65.06 178.21
65.07 178.05
65.08 177.84
65.09 178.57
65.1 179.07
65.11 177.29
65.12 76.12
65.13 144.01
65.14 131.11
65.15 116.65
65.16 105.28
65.17 103.97
65.18 205.73
65.19 212.11
65.2 192.87
65.21 171.17
65.22 171.47
65.23 171.53
65.24 171.52
65.25 171.56
65.26 172.62
65.27 176.03
65.28 175.9
65.29 176.14
65.3 177.96
65.31 177.99
65.32 178.58
65.33 177.91
65.34 179.96
65.35 181.35
65.36 179.86
65.37 178.67
65.38 176.59
65.39 176.19
65.4 176.26
65.41 176.44
65.42 177.07
65.43 175.94
65.44 175.24
65.45 175.26
65.46 175.36
65.47 175.15
65.48 174.67
65.49 174.56
65.5 174.45
65.51 174.96
65.52 175.05
65.53 175.3
65.54 175.87
65.55 176.84
65.56 178.19
65.57 178.8
65.58 178.38
65.59 176.02
65.6 171.19
65.61 154.14
65.62 143.15
65.63 119.96
65.64 95.0
65.65 65.87
65.66 226.37
65.67 234.94
65.68 238.22
65.69 63.11
65.7 242.64
65.71 64.8
65.72 248.47
65.73 249.26
65.74 180.12
65.75 181.62
65.76 187.78
65.77 102.15
65.78 67.51
65.79 67.4
65.8 0.0
65.81 0.0
65.82 0.0
65.83 0.0
65.84 0.0
65.85 0.0
65.86 0.0
65.87 309.08
65.88 66.99
65.89 132.13
65.9 130.25
65.91 0.0
65.92 0.0
65.93 0.0
65.94 0.0
65.95 0.0
65.96 0.0
65.97 0.0
65.98 0.0
65.99 0.0
66.0 0.0
66.01 0.0
66.02 0.0
66.03 0.0
66.04 203.13
66.05 216.48
66.06 185.01
66.07 173.72
66.08 74.57
66.09 71.84
66.1 70.71
66.11 70.32
66.12 70.94
66.13 144.09
66.14 144.02
66.15 148.02
66.16 146.44
66.17 145.14
66.18 148.47
66.19 74.46
66.2 75.04
66.21 149.88
66.22 150.82
66.23 154.04
66.24 154.85
66.25 154.91
66.26 156.67
66.27 158.95
66.28 160.77
66.29 160.91
66.3 162.83
66.31 163.4
66.32 163.61
66.33 165.19
66.34 165.31
66.35 166.48
66.36 167.47
66.37 167.73
66.38 168.78
66.39 168.82
66.4 169.2
66.41 169.65
66.42 170.68
66.43 170.9
66.44 171.19
66.45 173.25
66.46 173.5
66.47 173.72
66.48 174.1
66.49 173.78
66.5 174.01
66.51 173.62
66.52 174.76
66.53 174.79
66.54 174.69
66.55 175.17
66.56 174.54
66.57 174.02
66.58 174.07
66.59 174.18
66.6 174.86
66.61 175.32
66.62 175.38
66.63 175.87
66.64 176.13
66.65 175.68
66.66 175.22
66.67 174.71
66.68 175.36
66.69 175.31
66.7 175.15
66.71 175.25
66.72 175.19
66.73 175.92
66.74 176.56
66.75 177.64
66.76 177.01
66.77 173.81
66.78 165.03
66.79 161.51
66.8 163.96
66.81 159.74
66.82 158.44
66.83 158.44
66.84 163.59
66.85 169.49
66.86 170.28
66.87 171.84
66.88 172.89
66.89 173.55
66.9 173.55
66.91 173.59
66.92 173.73
66.93 173.66
66.94 174.83
66.95 174.98
66.96 173.84
66.97 169.5
66.98 162.12
66.99 136.27
67.0 131.52
67.01 126.88
67.02 0.0
67.03 0.0
67.04 137.72
67.05 0.0
67.06 190.53
67.07 257.93
67.08 293.48
67.09 294.49
67.1 272.33
67.11 211.18
67.12 170.53
67.13 167.92
67.14 170.87
67.15 171.8
67.16 171.75
67.17 172.62
67.18 172.7
67.19 173.41
67.2 174.74
67.21 174.72
67.22 174.52
67.23 174.43
67.24 174.22
67.25 174.83
67.26 174.98
67.27 174.61
67.28 175.1
67.29 175.44
67.3 176.04
67.31 176.49
67.32 176.04
67.33 176.07
67.34 175.47
67.35 175.5
67.36 176.0
67.37 174.72
67.38 174.59
67.39 88.32
67.4 88.56
67.41 179.14
67.42 178.56
67.43 174.58
67.44 176.06
67.45 176.12
67.46 87.33
67.47 87.74
67.48 175.94
67.49 86.48
67.5 86.16
67.51 173.6
67.52 172.62
67.53 170.26
67.54 170.65
67.55 86.98
67.56 87.63
67.57 87.89
67.58 87.96
67.59 87.87
67.6 87.75
67.61 175.45
67.62 175.4
67.63 87.16
67.64 86.95
67.65 174.47
67.66 174.8
67.67 87.17
67.68 87.12
67.69 173.58
67.7 87.15
67.71 87.33
67.72 87.52
67.73 87.56
67.74 175.41
67.75 176.3
67.76 87.87
67.77 175.78
67.78 87.62
67.79 87.57
67.8 175.74
67.81 175.02
67.82 87.25
67.83 174.7
67.84 87.33
67.85 87.41
67.86 175.22
67.87 176.33
67.88 176.6
67.89 176.07
67.9 87.79
67.91 176.72
67.92 175.36
67.93 174.42
67.94 174.91
67.95 174.31
67.96 173.65
67.97 171.81
67.98 170.77
67.99 171.5
68.0 173.15
68.01 173.59
68.02 173.58
68.03 174.37
68.04 175.38
68.05 175.69
68.06 174.89
68.07 86.95
68.08 87.23
68.09 175.4
68.1 176.34
68.11 175.56
68.12 175.22
68.13 175.75
68.14 176.22
68.15 176.54
68.16 177.68
68.17 178.86
68.18 178.31
68.19 177.82
68.2 177.65
68.21 177.81
68.22 175.5
68.23 172.82
68.24 142.78
68.25 143.99
68.26 142.64
68.27 117.06
68.28 234.34
68.29 232.93
68.3 230.73
68.31 185.93
68.32 221.39
68.33 232.06
68.34 0.0
68.35 175.73
68.36 174.67
68.37 174.87
68.38 176.6
68.39 177.1
68.4 175.22
68.41 173.14
68.42 172.27
68.43 171.65
68.44 87.51
68.45 87.95
68.46 87.85
68.47 171.9
68.48 170.4
68.49 167.96
68.5 164.67
68.51 158.25
68.52 149.65
68.53 127.93
68.54 63.9
68.55 204.43
68.56 211.06
68.57 162.66
68.58 212.35
68.59 163.48
68.6 161.96
68.61 322.95
68.62 212.73
68.63 213.23
68.64 212.54
68.65 212.44
68.66 213.42
68.67 655.14
68.68 91.48
68.69 77.72
68.7 0.0
68.71 0.0
68.72 0.0
68.73 106.73
68.74 106.86
68.75 87.76
68.76 0.0
68.77 80.65
68.78 79.78
68.79 0.0
68.8 0.0
68.81 0.0
68.82 0.0
68.83 0.0
68.84 0.0
68.85 0.0
68.86 0.0
68.87 0.0
68.88 0.0
68.89 0.0
68.9 0.0
68.91 0.0
68.92 0.0
68.93 0.0
68.94 0.0
68.95 0.0
68.96 0.0
68.97 0.0
68.98 0.0
68.99 1152.2
69.0 0.0
69.01 67.58
69.02 261.98
69.03 232.93
69.04 226.62
69.05 216.42
69.06 151.24
69.07 129.8
69.08 68.19
69.09 69.38
69.1 70.46
69.11 71.56
69.12 73.76
69.13 151.2
69.14 156.42
69.15 157.51
69.16 162.94
69.17 166.63
69.18 168.07
69.19 169.39
69.2 172.91
69.21 176.06
69.22 179.82
69.23 182.94
69.24 184.4
69.25 186.9
69.26 189.65
69.27 190.55
69.28 192.39
69.29 193.17
69.3 193.78
69.31 193.88
69.32 193.84
69.33 193.88
69.34 194.3
69.35 195.08
69.36 195.1
69.37 195.04
69.38 195.67
69.39 197.15
69.4 197.49
69.41 197.1
69.42 197.21
69.43 197.8
69.44 197.92
69.45 197.66
69.46 198.71
69.47 200.24
69.48 199.67
69.49 197.87
69.5 197.39
69.51 198.98
69.52 199.9
69.53 199.14
69.54 197.8
69.55 197.16
69.56 197.79
69.57 98.59
69.58 98.36
69.59 197.3
69.6 197.07
69.61 197.01
69.62 197.85
69.63 198.01
69.64 198.72
69.65 200.15
69.66 200.97
69.67 199.71
69.68 198.53
69.69 199.45
69.7 199.06
69.71 197.84
69.72 198.7
69.73 199.14
69.74 198.3
69.75 199.08
69.76 198.99
69.77 197.8
69.78 198.12
69.79 197.72
69.8 197.27
69.81 198.43
69.82 198.37
69.83 198.12
69.84 98.9
69.85 98.9
69.86 199.14
69.87 199.68
69.88 198.54
69.89 197.88
69.9 198.22
69.91 197.22
69.92 65.31
69.93 97.77
69.94 97.81
69.95 195.36
69.96 97.56
69.97 97.33
69.98 97.52
69.99 97.84
70.0 196.96
70.01 195.73
70.02 196.0
70.03 195.6
70.04 195.06
70.05 196.2
70.06 196.76
70.07 98.54
70.08 99.02
70.09 98.9
70.1 99.03
70.11 99.12
70.12 99.24
70.13 199.28
70.14 197.71
70.15 197.01
70.16 195.78
70.17 194.85
70.18 195.97
70.19 195.79
70.2 196.33
70.21 197.2
70.22 196.51
70.23 197.84
70.24 198.07
70.25 98.39
70.26 98.53
70.27 198.06
70.28 65.92
70.29 198.82
70.3 197.89
70.31 198.13
70.32 199.06
70.33 198.84
70.34 198.75
70.35 199.65
70.36 199.86
70.37 66.64
70.38 66.75
70.39 66.72
70.4 66.68
70.41 66.57
70.42 66.33
70.43 66.17
70.44 66.25
70.45 66.46
70.46 200.22
70.47 200.81
70.48 201.03
70.49 201.28
70.5 201.08
70.51 201.14
70.52 200.95
70.53 201.33
70.54 201.41
70.55 199.05
70.56 198.37
70.57 198.58
70.58 66.8
70.59 66.72
70.6 99.9
70.61 199.8
70.62 99.83
70.63 99.61
70.64 99.74
70.65 99.83
70.66 200.02
70.67 200.59
70.68 200.59
70.69 199.59
70.7 200.1
70.71 198.72
70.72 199.41
70.73 200.05
70.74 199.11
70.75 199.84
70.76 199.97
70.77 200.99
70.78 200.46
70.79 201.43
70.8 201.72
70.81 202.41
70.82 204.59
70.83 204.8
70.84 206.08
70.85 206.27
70.86 204.87
70.87 204.38
70.88 204.35
70.89 204.57
70.9 206.24
70.91 103.37
70.92 103.22
70.93 103.28
70.94 102.23
70.95 101.83
70.96 205.1
70.97 205.07
70.98 203.02
70.99 202.24
71.0 203.11
71.01 205.56
71.02 102.04
71.03 102.04
71.04 204.09
71.05 205.11
71.06 205.53
71.07 206.37
71.08 205.74
71.09 204.37
71.1 204.4
71.11 203.82
71.12 203.39
71.13 203.33
71.14 201.79
71.15 200.97
71.16 201.43
71.17 201.8
71.18 202.05
71.19 202.78
71.2 203.25
71.21 203.37
71.22 202.67
71.23 202.21
71.24 202.09
71.25 201.34
71.26 200.86
71.27 200.3
71.28 200.14
71.29 200.31
71.3 199.24
71.31 198.32
71.32 198.03
71.33 198.02
71.34 198.39
71.35 198.69
71.36 198.95
71.37 199.12
71.38 199.61
71.39 200.51
71.4 201.18
71.41 201.14
71.42 199.5
71.43 198.33
71.44 198.25
71.45 198.51
71.46 198.59
71.47 198.64
71.48 199.19
71.49 198.84
71.5 198.29
71.51 198.44
71.52 199.24
71.53 199.84
71.54 199.88
71.55 200.79
71.56 201.8
71.57 202.35
71.58 201.98
71.59 201.03
71.6 200.22
71.61 199.46
71.62 200.09
71.63 200.92
71.64 200.8
71.65 201.15
71.66 201.31
71.67 201.27
71.68 201.53
71.69 201.29
71.7 201.28
71.71 201.72
71.72 201.72
71.73 201.24
71.74 200.2
71.75 199.11
71.76 198.07
71.77 197.78
71.78 198.08
71.79 197.77
71.8 197.85
71.81 197.8
71.82 197.48
71.83 197.85
71.84 198.65
71.85 198.15
71.86 197.39
71.87 197.87
71.88 198.18
71.89 197.92
71.9 198.59
71.91 198.98
71.92 197.96
71.93 197.31
71.94 197.98
71.95 197.99
71.96 197.35
71.97 197.45
71.98 198.29
71.99 198.52
72.0 197.88
72.01 198.81
72.02 197.82
72.03 189.61
72.04 60.08
72.05 181.3
72.06 178.96
72.07 178.2
72.08 178.75
72.09 183.23
72.1 186.9
72.11 189.64
72.12 191.56
72.13 192.18
72.14 192.15
72.15 191.09
72.16 186.99
72.17 179.48
72.18 166.81
72.19 145.78
72.2 131.78
72.21 90.7
72.22 269.86
72.23 268.75
72.24 266.54
72.25 267.76
72.26 268.52
72.27 269.62
72.28 270.5
72.29 270.88
72.3 272.02
72.31 270.99
72.32 265.43
72.33 248.0
72.34 63.74
72.35 64.25
72.36 67.69
72.37 69.03
72.38 92.04
72.39 90.73
72.4 87.94
72.41 136.31
72.42 255.95
72.43 249.23
72.44 92.78
72.45 66.51
72.46 0.0
72.47 0.0
72.48 0.0
72.49 0.0
72.5 0.0
72.51 0.0
72.52 0.0
72.53 0.0
72.54 0.0
72.55 183.28
72.56 174.82
72.57 73.02
72.58 70.95
72.59 69.96
72.6 70.07
72.61 141.62
72.62 142.22
72.63 144.23
72.64 146.15
72.65 147.2
72.66 148.67
72.67 150.01
72.68 149.38
72.69 149.48
72.7 73.67
72.71 73.37
72.72 73.05
72.73 73.07
72.74 73.05
72.75 146.67
72.76 147.69
72.77 146.47
72.78 147.03
72.79 149.56
72.8 149.72
72.81 148.75
72.82 149.22
72.83 150.48
72.84 152.93
72.85 153.64
72.86 77.17
72.87 77.12
72.88 153.09
72.89 153.56
72.9 154.24
72.91 154.19
72.92 153.3
72.93 154.12
72.94 155.51
72.95 154.92
72.96 154.7
72.97 155.46
72.98 155.71
72.99 155.72
73.0 156.17
73.01 155.95
73.02 155.09
73.03 154.7
73.04 154.56
73.05 153.9
73.06 153.73
73.07 154.81
73.08 155.54
73.09 155.73
73.1 156.46
73.11 157.14
73.12 157.27
73.13 157.47
73.14 158.64
73.15 159.22
73.16 158.94
73.17 160.25
73.18 161.23
73.19 80.42
73.2 80.33
73.21 80.02
73.22 78.5
73.23 77.31
73.24 78.66
73.25 79.34
73.26 79.35
73.27 158.45
73.28 158.46
73.29 159.81
73.3 161.2
73.31 160.75
73.32 158.35
73.33 156.41
73.34 156.01
73.35 157.27
73.36 158.57
73.37 158.53
73.38 157.9
73.39 157.97
73.4 158.56
73.41 159.69
73.42 159.8
73.43 158.15
73.44 157.85
73.45 157.05
73.46 157.17
73.47 80.3
73.48 159.82
73.49 160.06
73.5 158.49
73.51 159.21
73.52 161.96
73.53 161.75
73.54 159.84
73.55 159.27
73.56 159.24
73.57 159.2
73.58 159.52
73.59 160.19
73.6 159.93
73.61 160.08
73.62 160.45
73.63 160.5
73.64 160.45
73.65 160.22
73.66 160.54
73.67 160.76
73.68 160.29
73.69 159.56
73.7 158.96
73.71 159.24
73.72 160.62
73.73 161.39
73.74 160.62
73.75 160.98
73.76 161.79
73.77 161.84
73.78 161.58
73.79 161.62
73.8 162.09
73.81 161.91
73.82 160.82
73.83 159.98
73.84 160.13
73.85 160.58
73.86 160.68
73.87 160.37
73.88 160.63
73.89 161.02
73.9 161.49
73.91 162.19
73.92 162.16
73.93 162.74
73.94 163.49
73.95 162.88
73.96 162.6
73.97 163.71
73.98 163.63
73.99 162.64
74.0 163.2
74.01 164.52
74.02 164.93
74.03 164.16
74.04 164.57
74.05 166.31
74.06 165.1
74.07 164.15
74.08 165.58
74.09 164.87
74.1 164.8
74.11 164.7
74.12 163.47
74.13 163.83
74.14 164.05
74.15 162.43
74.16 162.23
74.17 163.92
74.18 163.99
74.19 162.97
74.2 163.22
74.21 163.79
74.22 162.69
74.23 161.63
74.24 162.62
74.25 162.26
74.26 159.62
74.27 157.86
74.28 156.58
74.29 152.01
74.3 147.24
74.31 147.75
74.32 153.93
74.33 160.2
74.34 165.02
74.35 180.56
74.36 178.07
74.37 165.72
74.38 162.13
74.39 155.83
74.4 148.91
74.41 142.13
74.42 140.04
74.43 140.58
74.44 141.48
74.45 141.69
74.46 142.57
74.47 143.64
74.48 143.36
74.49 144.24
74.5 145.37
74.51 145.44
74.52 145.4
74.53 145.77
74.54 146.11
74.55 145.27
74.56 145.05
74.57 72.63
74.58 72.59
74.59 72.58
74.6 72.7
74.61 72.69
74.62 146.35
74.63 145.89
74.64 145.83
74.65 146.6
74.66 147.37
74.67 147.6
74.68 147.68
74.69 148.01
74.7 147.05
74.71 147.73
74.72 73.76
74.73 148.36
74.74 149.16
74.75 150.16
74.76 150.12
74.77 149.55
74.78 150.03
74.79 149.08
74.8 148.63
74.81 147.94
74.82 146.8
74.83 146.85
74.84 145.99
74.85 145.41
74.86 146.28
74.87 146.23
74.88 146.24
74.89 147.55
74.9 73.68
74.91 73.88
74.92 74.15
74.93 74.46
74.94 74.72
74.95 151.03
74.96 150.91
74.97 151.17
74.98 151.09
74.99 150.65
75.0 150.79
75.01 149.7
75.02 149.95
75.03 149.41
75.04 74.42
75.05 74.36
75.06 74.25
75.07 74.35
75.08 74.12
75.09 148.65
75.1 148.61
75.11 147.96
75.12 148.1
75.13 147.43
75.14 147.1
75.15 147.31
75.16 147.47
75.17 69.58
75.18 71.75
75.19 146.8
75.2 143.82
75.21 144.41
75.22 144.76
75.23 145.7
75.24 144.83
75.25 148.29
75.26 150.04
75.27 152.46
75.28 154.38
75.29 154.0
75.3 151.11
75.31 148.98
75.32 149.63
75.33 150.96
75.34 152.26
75.35 77.23
75.36 77.38
75.37 77.92
75.38 155.27
75.39 156.22
75.4 156.68
75.41 157.17
75.42 156.94
75.43 157.26
75.44 158.52
75.45 157.08
75.46 79.06
75.47 78.97
75.48 78.62
75.49 155.55
75.5 155.8
75.51 155.53
75.52 155.5
75.53 154.76
75.54 155.45
75.55 154.99
75.56 155.32
75.57 155.97
75.58 155.27
75.59 155.32
75.6 154.24
75.61 154.73
75.62 154.99
75.63 155.55
75.64 155.64
75.65 155.32
75.66 155.61
75.67 155.38
75.68 155.78
75.69 155.54
75.7 155.69
75.71 156.05
75.72 156.77
75.73 157.19
75.74 79.32
75.75 79.4
75.76 79.24
75.77 79.23
75.78 79.07
75.79 78.62
75.8 78.39
75.81 155.43
75.82 155.32
75.83 154.06
75.84 153.44
75.85 152.83
75.86 152.71
75.87 153.75
75.88 153.14
75.89 153.24
75.9 152.62
75.91 153.77
75.92 154.04
75.93 153.05
75.94 155.25
75.95 154.27
75.96 153.97
75.97 155.59
75.98 155.76
75.99 155.72
76.0 154.66
76.01 77.75
76.02 77.95
76.03 77.9
76.04 78.02
76.05 77.77
76.06 77.47
76.07 153.68
76.08 151.82
76.09 151.79
76.1 150.73
76.11 148.92
76.12 148.54
76.13 148.61
76.14 146.01
76.15 145.41
76.16 77.73
76.17 78.68
76.18 79.13
76.19 79.89
76.2 80.6
76.21 80.67
76.22 181.62
76.23 176.59
76.24 169.37
76.25 170.18
76.26 169.33
76.27 170.89
76.28 171.93
76.29 170.8
76.3 171.82
76.31 173.17
76.32 173.49
76.33 173.99
76.34 174.69
76.35 175.49
76.36 175.88
76.37 174.88
76.38 174.34
76.39 174.72
76.4 174.97
76.41 174.76
76.42 174.53
76.43 174.42
76.44 174.72
76.45 175.1
76.46 175.3
76.47 175.05
76.48 174.93
76.49 175.12
76.5 175.42
76.51 175.8
76.52 176.03
76.53 176.32
76.54 176.12
76.55 175.72
76.56 175.23
76.57 174.78
76.58 174.77
76.59 174.92
76.6 175.1
76.61 175.65
76.62 176.03
76.63 176.38
76.64 176.67
76.65 176.79
76.66 177.19
76.67 176.82
76.68 176.35
76.69 176.85
76.7 177.68
76.71 178.57
76.72 178.67
76.73 178.1
76.74 177.63
76.75 177.14
76.76 176.82
76.77 176.87
76.78 176.9
76.79 176.98
76.8 177.01
76.81 176.95
76.82 176.79
76.83 176.63
76.84 176.73
76.85 176.29
76.86 175.68
76.87 175.38
76.88 175.28
76.89 175.72
76.9 176.04
76.91 176.32
76.92 176.8
76.93 177.02
76.94 177.58
76.95 178.36
76.96 178.75
76.97 178.67
76.98 178.28
76.99 177.47
77.0 176.54
77.01 176.11
77.02 175.89
77.03 176.11
77.04 176.42
77.05 176.33
77.06 176.24
77.07 176.33
77.08 176.01
77.09 175.73
77.1 176.2
77.11 176.75
77.12 177.03
77.13 177.4
77.14 177.07
77.15 176.7
77.16 176.64
77.17 176.63
77.18 177.02
77.19 177.64
77.2 177.93
77.21 177.72
77.22 177.91
77.23 177.89
77.24 177.22
77.25 177.56
77.26 177.73
77.27 176.99
77.28 176.47
77.29 176.09
77.3 176.14
77.31 176.54
77.32 177.03
77.33 177.46
77.34 177.53
77.35 177.56
77.36 178.06
77.37 179.12
77.38 180.46
77.39 181.14
77.4 181.5
77.41 182.64
77.42 182.32
77.43 181.2
77.44 180.57
77.45 180.1
77.46 179.26
77.47 178.64
77.48 178.72
77.49 179.24
77.5 179.47
77.51 179.58
77.52 179.39
77.53 178.92
77.54 178.74
77.55 178.22
77.56 177.37
77.57 177.01
77.58 176.83
77.59 176.9
77.6 177.03
77.61 177.24
77.62 177.86
77.63 178.99
77.64 180.02
77.65 180.81
77.66 181.88
77.67 182.07
77.68 181.42
77.69 180.98
77.7 180.61
77.71 180.33
77.72 179.72
77.73 179.29
77.74 179.56
77.75 180.54
77.76 180.05
77.77 178.52
77.78 178.01
77.79 177.91
77.8 178.1
77.81 178.25
77.82 177.62
77.83 177.41
77.84 177.43
77.85 177.01
77.86 176.78
77.87 176.74
77.88 176.7
77.89 177.11
77.9 177.38
77.91 177.21
77.92 176.79
77.93 176.54
77.94 176.31
77.95 175.93
77.96 175.67
77.97 175.83
77.98 175.92
77.99 175.98
78.0 175.78
78.01 175.57
78.02 175.35
78.03 175.22
78.04 175.49
78.05 175.78
78.06 176.28
78.07 176.38
78.08 177.04
78.09 177.9
78.1 178.69
78.11 179.0
78.12 179.09
78.13 179.41
78.14 179.21
78.15 179.42
78.16 180.07
78.17 180.85
78.18 181.26
78.19 180.2
78.2 179.56
78.21 179.01
78.22 177.77
78.23 177.81
78.24 177.95
78.25 177.64
78.26 177.71
78.27 177.18
78.28 176.79
78.29 177.33
78.3 177.31
78.31 177.19
78.32 177.43
78.33 177.5
78.34 178.49
78.35 179.44
78.36 179.3
78.37 180.08
78.38 180.58
78.39 180.3
78.4 179.89
78.41 179.08
78.42 178.42
78.43 178.4
78.44 178.67
78.45 178.88
78.46 178.99
78.47 179.12
78.48 178.83
78.49 177.95
78.5 177.39
78.51 177.3
78.52 178.08
78.53 178.69
78.54 179.0
78.55 179.16
78.56 179.31
78.57 180.41
78.58 182.04
78.59 182.36
78.6 181.24
78.61 180.4
78.62 180.44
78.63 180.84
78.64 180.79
78.65 179.73
78.66 179.31
78.67 179.57
78.68 179.86
78.69 179.73
78.7 178.8
78.71 178.53
78.72 179.21
78.73 179.6
78.74 179.29
78.75 178.48
78.76 177.24
78.77 176.36
78.78 175.61
78.79 173.68
78.8 170.95
78.81 166.91
78.82 159.71
78.83 151.82
78.84 146.9
78.85 142.42
78.86 139.46
78.87 68.54
78.88 65.31
78.89 64.51
78.9 164.22
78.91 88.33
78.92 136.26
78.93 275.84
78.94 79.02
78.95 290.51
78.96 257.05
78.97 68.71
78.98 289.3
78.99 0.0
79.0 196.76
79.01 200.4
79.02 0.0
79.03 210.73
79.04 199.56
79.05 194.59
79.06 188.26
79.07 188.05
79.08 0.0
79.09 0.0
79.1 0.0
79.11 0.0
79.12 0.0
79.13 0.0
79.14 0.0
79.15 0.0
79.16 0.0
79.17 0.0
79.18 0.0
79.19 0.0
79.2 0.0
79.21 0.0
79.22 0.0
79.23 0.0
79.24 0.0
79.25 0.0
79.26 0.0
79.27 0.0
79.28 0.0
79.29 0.0
79.3 0.0
79.31 0.0
79.32 0.0
79.33 0.0
79.34 0.0
79.35 0.0
79.36 0.0
79.37 0.0
79.38 0.0
79.39 0.0
79.4 0.0
79.41 0.0
79.42 0.0
79.43 0.0
79.44 0.0
79.45 0.0
79.46 0.0
79.47 0.0
79.48 79.48
79.49 79.49
79.5 79.5
79.51 79.51
79.52 0.0
