0.0 0.0
0.01 0.0
0.02 0.0
0.03 0.0
0.04 0.0
0.05 0.0
0.06 0.0
0.07 0.0
0.08 0.0
0.09 0.0
0.1 0.0
0.11 0.0
0.12 0.0
0.13 0.0
0.14 0.0
0.15 0.0
0.16 0.0
0.17 0.0
0.18 0.0
0.19 0.0
0.2 0.0
0.21 0.0
0.22 0.0
0.23 0.0
0.24 0.0
0.25 0.0
0.26 0.0
0.27 0.0
0.28 0.0
0.29 0.0
0.3 0.0
0.31 0.0
0.32 0.0
0.33 0.0
0.34 0.0
0.35 0.0
0.36 0.0
0.37 0.0
0.38 0.0
0.39 0.0
0.4 0.0
0.41 0.0
0.42 0.0
0.43 0.0
0.44 0.0
0.45 0.0
0.46 0.0
0.47 0.0
0.48 0.0
0.49 0.0
0.5 0.0
0.51 0.0
0.52 0.0
0.53 0.0
0.54 0.0
0.55 0.0
0.56 0.0
0.57 0.0
0.58 0.0
0.59 0.0
0.6 0.0
0.61 0.0
0.62 0.0
0.63 0.0
0.64 0.0
0.65 0.0
0.66 0.0
0.67 0.0
0.68 0.0
0.69 0.0
0.7 0.0
0.71 0.0
0.72 0.0
0.73 0.0
0.74 0.0
0.75 0.0
0.76 0.0
0.77 0.0
0.78 0.0
0.79 0.0
0.8 0.0
0.81 0.0
0.82 0.0
0.83 0.0
0.84 0.0
0.85 0.0
0.86 0.0
0.87 0.0
0.88 0.0
0.89 0.0
0.9 0.0
0.91 0.0
0.92 0.0
0.93 0.0
0.94 0.0
0.95 0.0
0.96 136.27
0.97 133.87
0.98 133.87
0.99 136.18
1.0 136.6
1.01 264.54
1.02 263.79
1.03 146.3
1.04 149.18
1.05 153.34
1.06 161.51
1.07 171.43
1.08 170.54
1.09 171.06
1.1 182.17
1.11 185.59
1.12 100.48
1.13 201.55
1.14 201.76
1.15 204.39
1.16 208.34
1.17 211.61
1.18 217.11
1.19 222.27
1.2 224.46
1.21 229.69
1.22 231.72
1.23 231.5
1.24 233.95
1.25 238.7
1.26 238.46
1.27 238.08
1.28 241.08
1.29 242.64
1.3 245.62
1.31 253.16
1.32 251.11
1.33 249.72
1.34 249.67
1.35 250.53
1.36 250.42
1.37 248.59
1.38 247.87
1.39 246.97
1.4 246.31
1.41 246.28
1.42 245.85
1.43 245.49
1.44 245.9
1.45 246.88
1.46 247.39
1.47 247.73
1.48 247.92
1.49 247.71
1.5 247.85
1.51 248.34
1.52 248.91
1.53 248.77
1.54 247.47
1.55 247.42
1.56 247.41
1.57 247.0
1.58 247.47
1.59 248.69
1.6 249.32
1.61 250.43
1.62 251.4
1.63 250.85
1.64 251.17
1.65 251.36
1.66 250.38
1.67 249.7
1.68 248.85
1.69 247.89
1.7 247.66
1.71 247.91
1.72 248.23
1.73 248.4
1.74 248.92
1.75 249.5
1.76 249.69
1.77 249.92
1.78 249.85
1.79 249.99
1.8 250.22
1.81 249.9
1.82 249.27
1.83 249.02
1.84 249.47
1.85 250.0
1.86 250.68
1.87 251.14
1.88 251.36
1.89 251.53
1.9 251.81
1.91 251.82
1.92 251.23
1.93 251.07
1.94 251.52
1.95 251.79
1.96 251.61
1.97 251.31
1.98 251.04
1.99 250.19
2.0 248.76
2.01 247.89
2.02 247.59
2.03 247.5
2.04 248.3
2.05 249.25
2.06 250.52
2.07 251.86
2.08 253.26
2.09 255.29
2.1 256.7
2.11 256.76
2.12 255.3
2.13 252.97
2.14 251.3
2.15 249.89
2.16 248.52
2.17 248.16
2.18 247.85
2.19 247.74
2.2 247.5
2.21 247.0
2.22 248.07
2.23 249.92
2.24 251.2
2.25 252.61
2.26 252.79
2.27 252.37
2.28 252.75
2.29 252.08
2.3 251.14
2.31 250.42
2.32 249.76
2.33 250.34
2.34 250.15
2.35 244.2
2.36 218.81
2.37 205.04
2.38 207.62
2.39 77.33
2.4 178.13
2.41 220.52
2.42 0.0
2.43 0.0
2.44 223.35
2.45 231.07
2.46 0.0
2.47 0.0
2.48 0.0
2.49 0.0
2.5 0.0
2.51 0.0
2.52 0.0
2.53 283.98
2.54 265.2
2.55 250.26
2.56 242.11
2.57 243.23
2.58 245.13
2.59 246.05
2.6 245.79
2.61 244.84
2.62 244.28
2.63 244.33
2.64 244.96
2.65 245.78
2.66 246.44
2.67 247.12
2.68 247.93
2.69 249.51
2.7 250.53
2.71 250.36
2.72 250.41
2.73 249.47
2.74 248.09
2.75 247.66
2.76 247.34
2.77 246.58
2.78 246.04
2.79 245.91
2.8 245.98
2.81 246.17
2.82 246.47
2.83 247.17
2.84 248.45
2.85 249.66
2.86 250.36
2.87 250.4
2.88 250.34
2.89 249.95
2.9 248.98
2.91 248.18
2.92 247.22
2.93 246.45
2.94 246.11
2.95 245.68
2.96 246.2
2.97 247.48
2.98 249.44
2.99 251.59
3.0 252.65
3.01 252.13
3.02 250.97
3.03 249.88
3.04 249.36
3.05 249.32
3.06 249.22
3.07 249.31
3.08 250.1
3.09 251.5
3.1 251.92
3.11 251.64
3.12 250.83
3.13 251.56
3.14 252.67
3.15 245.11
3.16 227.07
3.17 211.09
3.18 221.42
3.19 246.79
3.2 249.62
3.21 246.96
3.22 244.53
3.23 242.69
3.24 232.57
3.25 239.64
3.26 0.0
3.27 0.0
3.28 0.0
3.29 260.34
3.3 256.16
3.31 248.74
3.32 242.74
3.33 243.81
3.34 247.94
3.35 249.36
3.36 249.19
3.37 248.68
3.38 248.15
3.39 247.95
3.4 248.18
3.41 248.75
3.42 249.89
3.43 251.16
3.44 247.54
3.45 250.17
3.46 255.72
3.47 256.48
3.48 254.24
3.49 254.5
3.5 257.33
3.51 259.24
3.52 261.96
3.53 264.11
3.54 259.05
3.55 255.69
3.56 252.07
3.57 240.77
3.58 240.42
3.59 240.87
3.6 234.21
3.61 232.99
3.62 225.84
3.63 232.17
3.64 240.1
3.65 76.5
3.66 75.4
3.67 291.99
3.68 298.98
3.69 300.25
3.7 296.63
3.71 292.71
3.72 285.35
3.73 288.42
3.74 292.5
3.75 298.25
3.76 292.88
3.77 282.49
3.78 278.15
3.79 277.46
3.8 278.24
3.81 279.4
3.82 279.06
3.83 279.1
3.84 279.88
3.85 280.47
3.86 281.0
3.87 281.64
3.88 282.07
3.89 282.44
3.9 282.56
3.91 282.05
3.92 281.45
3.93 280.57
3.94 279.51
3.95 278.87
3.96 278.88
3.97 279.14
3.98 279.46
3.99 279.57
4.0 278.01
4.01 275.81
4.02 276.15
4.03 280.75
4.04 272.3
4.05 267.45
4.06 69.72
4.07 70.2
4.08 267.23
4.09 270.93
4.1 0.0
4.11 0.0
4.12 0.0
4.13 0.0
4.14 248.27
4.15 252.14
4.16 248.67
4.17 246.34
4.18 248.27
4.19 247.74
4.2 245.98
4.21 245.59
4.22 244.43
4.23 241.56
4.24 237.09
4.25 234.03
4.26 232.87
4.27 231.35
4.28 230.08
4.29 229.63
4.3 229.79
4.31 230.19
4.32 230.43
4.33 230.82
4.34 231.92
4.35 233.89
4.36 236.51
4.37 237.08
4.38 235.22
4.39 232.05
4.4 228.85
4.41 228.88
4.42 229.63
4.43 228.89
4.44 227.84
4.45 227.25
4.46 227.06
4.47 227.64
4.48 228.9
4.49 230.24
4.5 231.29
4.51 232.23
4.52 233.37
4.53 235.06
4.54 235.12
4.55 233.29
4.56 232.11
4.57 231.74
4.58 231.04
4.59 231.18
4.6 231.86
4.61 232.36
4.62 233.29
4.63 234.22
4.64 235.33
4.65 234.05
4.66 232.14
4.67 230.81
4.68 230.27
4.69 230.36
4.7 230.12
4.71 230.31
4.72 231.54
4.73 233.14
4.74 235.39
4.75 236.75
4.76 236.21
4.77 235.41
4.78 233.94
4.79 233.39
4.8 231.79
4.81 230.13
4.82 229.87
4.83 229.66
4.84 229.77
4.85 230.09
4.86 230.35
4.87 230.51
4.88 231.19
4.89 232.71
4.9 234.76
4.91 236.03
4.92 236.5
4.93 235.78
4.94 234.45
4.95 233.06
4.96 231.98
4.97 231.12
4.98 231.41
4.99 231.92
5.0 230.68
5.01 230.01
5.02 229.88
5.03 230.4
5.04 231.51
5.05 232.2
5.06 233.97
5.07 235.63
5.08 235.53
5.09 234.46
5.1 233.96
5.11 233.25
5.12 232.12
5.13 232.22
5.14 232.28
5.15 232.13
5.16 232.44
5.17 232.66
5.18 233.22
5.19 234.58
5.2 235.31
5.21 234.99
5.22 234.83
5.23 233.77
5.24 232.43
5.25 231.52
5.26 231.38
5.27 231.15
5.28 231.13
5.29 231.2
5.3 231.59
5.31 232.27
5.32 232.49
5.33 232.79
5.34 233.22
5.35 233.72
5.36 233.4
5.37 232.98
5.38 232.77
5.39 233.17
5.4 233.84
5.41 233.71
5.42 234.01
5.43 234.55
5.44 233.86
5.45 233.24
5.46 233.11
5.47 232.96
5.48 233.24
5.49 234.0
5.5 233.84
5.51 232.88
5.52 232.5
5.53 232.59
5.54 232.25
5.55 232.31
5.56 232.81
5.57 233.07
5.58 233.05
5.59 233.09
5.6 232.52
5.61 228.89
5.62 217.67
5.63 210.13
5.64 211.07
5.65 77.71
5.66 76.33
5.67 75.38
5.68 229.32
5.69 228.24
5.7 225.55
5.71 224.04
5.72 0.0
5.73 0.0
5.74 0.0
5.75 0.0
5.76 0.0
5.77 0.0
5.78 0.0
5.79 0.0
5.8 0.0
5.81 0.0
5.82 0.0
5.83 0.0
5.84 0.0
5.85 0.0
5.86 0.0
5.87 0.0
5.88 0.0
5.89 0.0
5.9 0.0
5.91 0.0
5.92 0.0
5.93 0.0
5.94 0.0
5.95 0.0
5.96 0.0
5.97 0.0
5.98 0.0
5.99 0.0
6.0 0.0
6.01 0.0
6.02 0.0
6.03 0.0
6.04 0.0
6.05 0.0
6.06 0.0
6.07 0.0
6.08 0.0
6.09 0.0
6.1 0.0
6.11 70.52
6.12 283.9
6.13 0.0
6.14 0.0
6.15 0.0
6.16 256.97
6.17 231.0
6.18 224.85
6.19 216.05
6.2 205.82
6.21 201.11
6.22 200.8
6.23 203.02
6.24 205.45
6.25 207.94
6.26 211.51
6.27 215.33
6.28 220.62
6.29 225.6
6.3 230.24
6.31 236.28
6.32 240.26
6.33 243.74
6.34 248.06
6.35 251.04
6.36 252.31
6.37 257.88
6.38 261.34
6.39 264.9
6.4 271.63
6.41 279.28
6.42 285.48
6.43 290.34
6.44 293.18
6.45 298.55
6.46 302.63
6.47 305.7
6.48 310.3
6.49 312.02
6.5 313.41
6.51 315.53
6.52 315.22
6.53 317.25
6.54 318.6
6.55 316.19
6.56 315.56
6.57 316.05
6.58 314.53
6.59 311.54
6.6 309.17
6.61 305.79
6.62 300.5
6.63 297.07
6.64 295.5
6.65 294.54
6.66 293.79
6.67 294.43
6.68 295.69
6.69 296.64
6.7 295.2
6.71 289.46
6.72 285.22
6.73 291.86
6.74 101.76
6.75 158.25
6.76 160.8
6.77 317.64
6.78 314.09
6.79 308.58
6.8 302.72
6.81 298.41
6.82 295.83
6.83 296.09
6.84 300.22
6.85 305.63
6.86 310.93
6.87 316.03
6.88 317.9
6.89 314.53
6.9 310.27
6.91 306.18
6.92 302.36
6.93 299.69
6.94 298.62
6.95 299.85
6.96 302.26
6.97 303.82
6.98 305.46
6.99 307.1
7.0 307.46
7.01 307.51
7.02 307.52
7.03 307.37
7.04 307.09
7.05 306.45
7.06 305.63
7.07 305.31
7.08 305.34
7.09 305.61
7.1 306.35
7.11 307.27
7.12 307.98
7.13 309.31
7.14 311.23
7.15 310.77
7.16 306.35
7.17 303.99
7.18 303.66
7.19 302.13
7.2 302.33
7.21 303.44
7.22 303.6
7.23 304.38
7.24 306.6
7.25 307.75
7.26 306.93
7.27 306.3
7.28 307.54
7.29 308.87
7.3 309.83
7.31 311.01
7.32 310.83
7.33 309.44
7.34 307.49
7.35 306.03
7.36 306.41
7.37 307.97
7.38 310.41
7.39 313.95
7.4 316.81
7.41 317.55
7.42 316.4
7.43 313.95
7.44 311.65
7.45 311.95
7.46 312.68
7.47 312.04
7.48 311.05
7.49 310.29
7.5 310.03
7.51 309.24
7.52 307.5
7.53 304.67
7.54 299.06
7.55 289.86
7.56 276.74
7.57 263.87
7.58 243.86
7.59 229.52
7.6 218.81
7.61 206.54
7.62 189.08
7.63 188.51
7.64 197.44
7.65 205.0
7.66 209.83
7.67 215.24
7.68 273.0
7.69 296.38
7.7 303.4
7.71 301.93
7.72 298.68
7.73 293.68
7.74 288.15
7.75 288.28
7.76 290.44
7.77 293.52
7.78 297.12
7.79 299.44
7.8 300.16
7.81 301.49
7.82 304.01
7.83 305.73
7.84 305.35
7.85 303.55
7.86 301.88
7.87 301.07
7.88 301.32
7.89 303.18
7.9 306.78
7.91 309.73
7.92 310.49
7.93 312.8
7.94 315.79
7.95 315.87
7.96 316.47
7.97 315.43
7.98 312.27
7.99 309.13
8.0 305.38
8.01 302.06
8.02 299.93
8.03 299.22
8.04 297.35
8.05 287.55
8.06 272.33
8.07 250.88
8.08 225.05
8.09 187.37
8.1 182.9
8.11 71.69
8.12 107.87
8.13 214.59
8.14 217.45
8.15 225.89
8.16 229.11
8.17 260.67
8.18 273.98
8.19 278.55
8.2 277.41
8.21 277.52
8.22 281.11
8.23 282.46
8.24 286.34
8.25 290.93
8.26 292.76
8.27 297.89
8.28 301.95
8.29 301.99
8.3 303.85
8.31 303.97
8.32 303.37
8.33 302.6
8.34 300.33
8.35 298.4
8.36 293.32
8.37 291.65
8.38 295.17
8.39 299.43
8.4 301.75
8.41 302.18
8.42 305.41
8.43 303.39
8.44 300.93
8.45 301.7
8.46 299.44
8.47 296.54
8.48 297.08
8.49 297.52
8.5 298.15
8.51 301.08
8.52 298.77
8.53 294.22
8.54 296.48
8.55 302.48
8.56 311.28
8.57 316.09
8.58 312.74
8.59 308.73
8.6 307.12
8.61 302.79
8.62 299.68
8.63 300.45
8.64 300.86
8.65 302.14
8.66 302.43
8.67 302.71
8.68 304.34
8.69 303.03
8.7 303.4
8.71 303.44
8.72 302.56
8.73 302.72
8.74 300.44
8.75 298.09
8.76 298.23
8.77 299.02
8.78 299.19
8.79 301.33
8.8 303.82
8.81 304.04
8.82 305.49
8.83 306.7
8.84 308.0
8.85 309.55
8.86 308.78
8.87 308.32
8.88 307.14
8.89 307.17
8.9 307.82
8.91 306.71
8.92 306.63
8.93 305.59
8.94 300.01
8.95 298.79
8.96 301.75
8.97 302.71
8.98 301.09
8.99 302.23
9.0 307.95
9.01 308.2
9.02 308.2
9.03 306.23
9.04 305.01
9.05 306.52
9.06 303.26
9.07 302.21
9.08 304.18
9.09 302.34
9.1 302.12
9.11 303.82
9.12 303.34
9.13 305.72
9.14 308.69
9.15 310.06
9.16 312.29
9.17 313.47
9.18 314.74
9.19 315.85
9.2 316.63
9.21 313.58
9.22 312.69
9.23 311.68
9.24 307.35
9.25 306.99
9.26 308.1
9.27 308.54
9.28 308.31
9.29 305.6
9.3 300.25
9.31 296.33
9.32 289.18
9.33 277.61
9.34 260.29
9.35 239.83
9.36 224.75
9.37 106.1
9.38 107.78
9.39 304.38
9.4 286.57
9.41 283.1
9.42 321.73
9.43 323.32
9.44 319.51
9.45 313.93
9.46 306.21
9.47 300.83
9.48 300.44
9.49 301.8
9.5 303.31
9.51 304.08
9.52 303.79
9.53 305.13
9.54 307.0
9.55 308.3
9.56 308.71
9.57 308.37
9.58 307.62
9.59 305.54
9.6 303.74
9.61 302.73
9.62 300.68
9.63 299.76
9.64 300.24
9.65 301.12
9.66 302.38
9.67 303.18
9.68 303.24
9.69 303.17
9.7 303.34
9.71 305.24
9.72 308.67
9.73 310.79
9.74 310.92
9.75 309.95
9.76 309.39
9.77 307.01
9.78 303.96
9.79 302.96
9.8 304.19
9.81 306.42
9.82 307.1
9.83 306.54
9.84 305.89
9.85 305.9
9.86 306.85
9.87 308.09
9.88 310.16
9.89 312.28
9.9 312.08
9.91 311.83
9.92 311.64
9.93 310.83
9.94 310.14
9.95 309.32
9.96 309.25
9.97 309.04
9.98 309.56
9.99 309.91
10.0 308.85
10.01 307.6
10.02 307.67
10.03 308.49
10.04 308.96
10.05 309.93
10.06 311.96
10.07 313.01
10.08 312.45
10.09 311.9
10.1 310.44
10.11 309.61
10.12 310.42
10.13 310.83
10.14 311.3
10.15 311.3
10.16 311.65
10.17 311.26
10.18 310.17
10.19 310.71
10.2 311.5
10.21 311.78
10.22 310.44
10.23 308.76
10.24 308.91
10.25 310.16
10.26 310.82
10.27 309.77
10.28 308.55
10.29 308.95
10.3 309.78
10.31 309.53
10.32 309.34
10.33 309.21
10.34 309.13
10.35 309.38
10.36 308.32
10.37 307.97
10.38 308.76
10.39 307.99
10.4 307.4
10.41 308.14
10.42 309.86
10.43 311.72
10.44 314.04
10.45 316.23
10.46 316.69
10.47 316.09
10.48 315.41
10.49 316.02
10.5 315.7
10.51 314.61
10.52 313.31
10.53 312.64
10.54 311.93
10.55 309.51
10.56 307.4
10.57 305.82
10.58 304.15
10.59 302.32
10.6 302.06
10.61 302.44
10.62 301.26
10.63 300.4
10.64 301.88
10.65 301.54
10.66 291.37
10.67 277.33
10.68 261.37
10.69 250.7
10.7 239.87
10.71 231.97
10.72 232.41
10.73 233.17
10.74 235.52
10.75 240.75
10.76 246.79
10.77 252.49
10.78 257.2
10.79 261.02
10.8 264.63
10.81 267.14
10.82 266.31
10.83 262.95
10.84 258.41
10.85 255.1
10.86 250.83
10.87 246.13
10.88 243.36
10.89 242.11
10.9 241.96
10.91 242.71
10.92 243.38
10.93 242.88
10.94 241.76
10.95 240.9
10.96 240.91
10.97 241.52
10.98 242.14
10.99 242.55
11.0 241.94
11.01 242.05
11.02 244.63
11.03 246.13
11.04 247.05
11.05 248.9
11.06 251.2
11.07 252.58
11.08 254.5
11.09 257.42
11.1 261.6
11.11 265.13
11.12 263.56
11.13 259.93
11.14 258.22
11.15 260.6
11.16 268.54
11.17 269.03
11.18 269.68
11.19 274.22
11.2 273.47
11.21 264.66
11.22 255.81
11.23 247.66
11.24 241.37
11.25 240.65
11.26 241.71
11.27 243.15
11.28 245.74
11.29 250.24
11.3 252.87
11.31 256.77
11.32 260.26
11.33 261.15
11.34 260.6
11.35 130.57
11.36 130.77
11.37 260.95
11.38 262.68
11.39 264.0
11.4 265.13
11.41 266.38
11.42 268.93
11.43 270.21
11.44 135.57
11.45 135.35
11.46 270.1
11.47 270.04
11.48 268.39
11.49 268.73
11.5 270.12
11.51 271.46
11.52 136.72
11.53 136.9
11.54 272.53
11.55 271.9
11.56 272.37
11.57 273.93
11.58 275.13
11.59 275.31
11.6 275.5
11.61 276.2
11.62 277.81
11.63 279.08
11.64 279.98
11.65 280.83
11.66 280.43
11.67 280.18
11.68 281.27
11.69 282.34
11.7 281.9
11.71 280.82
11.72 281.05
11.73 281.45
11.74 281.67
11.75 280.93
11.76 279.89
11.77 279.7
11.78 279.61
11.79 279.41
11.8 278.56
11.81 277.07
11.82 276.43
11.83 277.67
11.84 279.65
11.85 280.96
11.86 281.98
11.87 282.56
11.88 282.28
11.89 280.33
11.9 277.34
11.91 274.42
11.92 272.71
11.93 274.3
11.94 275.9
11.95 276.14
11.96 277.38
11.97 277.59
11.98 274.63
11.99 272.34
12.0 269.73
12.01 266.82
12.02 260.33
12.03 255.33
12.04 253.36
12.05 248.22
12.06 243.29
12.07 113.04
12.08 212.41
12.09 201.67
12.1 194.31
12.11 266.55
12.12 273.46
12.13 272.06
12.14 265.82
12.15 261.3
12.16 259.46
12.17 257.33
12.18 260.47
12.19 264.05
12.2 263.78
12.21 261.98
12.22 261.0
12.23 262.06
12.24 265.11
12.25 267.54
12.26 267.43
12.27 266.36
12.28 267.69
12.29 268.99
12.3 268.78
12.31 268.26
12.32 268.47
12.33 269.75
12.34 270.58
12.35 270.32
12.36 270.0
12.37 269.32
12.38 268.45
12.39 269.84
12.4 271.69
12.41 273.44
12.42 274.59
12.43 273.06
12.44 270.98
12.45 268.66
12.46 266.67
12.47 265.18
12.48 264.68
12.49 264.39
12.5 265.37
12.51 268.95
12.52 271.34
12.53 273.79
12.54 275.85
12.55 276.56
12.56 275.61
12.57 274.34
12.58 271.75
12.59 269.16
12.6 264.73
12.61 247.85
12.62 212.25
12.63 238.38
12.64 237.84
12.65 228.94
12.66 213.78
12.67 208.92
12.68 76.31
12.69 77.99
12.7 226.02
12.71 233.0
12.72 75.93
12.73 226.23
12.74 224.94
12.75 222.56
12.76 0.0
12.77 0.0
12.78 0.0
12.79 224.6
12.8 243.27
12.81 0.0
12.82 0.0
12.83 0.0
12.84 0.0
12.85 0.0
12.86 0.0
12.87 0.0
12.88 0.0
12.89 0.0
12.9 0.0
12.91 0.0
12.92 0.0
12.93 0.0
12.94 0.0
12.95 0.0
12.96 0.0
12.97 0.0
12.98 0.0
12.99 0.0
13.0 257.24
13.01 66.91
13.02 191.06
13.03 173.47
13.04 169.62
13.05 168.71
13.06 169.38
13.07 170.82
13.08 173.92
13.09 178.19
13.1 181.29
13.11 183.65
13.12 186.27
13.13 188.19
13.14 189.82
13.15 192.67
13.16 191.68
13.17 289.87
13.18 288.91
13.19 290.28
13.2 286.16
13.21 267.25
13.22 261.32
13.23 260.22
13.24 259.23
13.25 258.08
13.26 257.82
13.27 258.91
13.28 259.49
13.29 259.66
13.3 258.55
13.31 257.82
13.32 258.76
13.33 260.11
13.34 262.14
13.35 264.95
13.36 267.83
13.37 271.4
13.38 273.83
13.39 275.58
13.4 278.05
13.41 279.96
13.42 281.99
13.43 285.79
13.44 290.19
13.45 293.23
13.46 296.28
13.47 298.52
13.48 299.85
13.49 301.65
13.5 303.5
13.51 304.86
13.52 306.86
13.53 308.51
13.54 309.56
13.55 310.87
13.56 311.88
13.57 312.39
13.58 313.83
13.59 316.12
13.6 317.8
13.61 318.39
13.62 319.59
13.63 322.07
13.64 323.19
13.65 323.16
13.66 322.34
13.67 321.07
13.68 320.53
13.69 320.98
13.7 323.47
13.71 326.23
13.72 327.43
13.73 326.85
13.74 325.72
13.75 324.85
13.76 322.69
13.77 319.93
13.78 317.31
13.79 312.68
13.8 305.81
13.81 298.65
13.82 293.01
13.83 286.79
13.84 281.4
13.85 278.74
13.86 279.52
13.87 283.12
13.88 291.45
13.89 302.54
13.9 312.14
13.91 321.99
13.92 329.93
13.93 332.65
13.94 331.37
13.95 328.25
13.96 322.06
13.97 313.12
13.98 305.68
13.99 299.87
14.0 298.03
14.01 298.78
14.02 302.26
14.03 306.48
14.04 310.16
14.05 313.22
14.06 313.45
14.07 311.44
14.08 306.98
14.09 299.87
14.1 297.5
14.11 301.59
14.12 302.24
14.13 291.58
14.14 284.6
14.15 279.22
14.16 272.04
14.17 265.14
14.18 265.69
14.19 269.95
14.2 273.21
14.21 274.23
14.22 274.87
14.23 273.83
14.24 274.0
14.25 274.44
14.26 274.49
14.27 275.21
14.28 275.12
14.29 274.83
14.3 275.8
14.31 277.84
14.32 278.97
14.33 280.2
14.34 282.27
14.35 282.34
14.36 282.25
14.37 282.75
14.38 281.52
14.39 279.32
14.4 277.43
14.41 277.96
14.42 274.85
14.43 265.07
14.44 249.99
14.45 222.18
14.46 184.52
14.47 137.35
14.48 75.05
14.49 62.25
14.5 120.88
14.51 117.43
14.52 0.0
14.53 271.09
14.54 262.74
14.55 250.12
14.56 232.32
14.57 225.19
14.58 221.19
14.59 219.96
14.6 223.35
14.61 227.03
14.62 230.72
14.63 235.09
14.64 239.58
14.65 242.19
14.66 243.25
14.67 242.82
14.68 241.16
14.69 239.77
14.7 238.87
14.71 238.44
14.72 238.6
14.73 239.87
14.74 242.49
14.75 242.59
14.76 237.21
14.77 226.88
14.78 206.22
14.79 190.77
14.8 188.28
14.81 94.01
14.82 194.45
14.83 206.28
14.84 225.15
14.85 242.75
14.86 254.93
14.87 263.72
14.88 269.38
14.89 272.21
14.9 271.58
14.91 271.61
14.92 270.67
14.93 267.97
14.94 267.6
14.95 269.75
14.96 272.65
14.97 272.46
14.98 269.57
14.99 264.07
15.0 263.69
15.01 263.17
15.02 264.62
15.03 267.47
15.04 270.04
15.05 271.76
15.06 271.91
15.07 272.07
15.08 272.11
15.09 271.32
15.1 270.83
15.11 270.84
15.12 271.85
15.13 273.66
15.14 275.37
15.15 275.56
15.16 275.42
15.17 275.01
15.18 273.09
15.19 271.49
15.2 271.67
15.21 271.61
15.22 270.65
15.23 270.52
15.24 270.47
15.25 270.29
15.26 271.1
15.27 271.78
15.28 272.61
15.29 273.56
15.3 275.62
15.31 278.19
15.32 280.69
15.33 281.52
15.34 280.7
15.35 279.63
15.36 278.44
15.37 277.26
15.38 276.91
15.39 276.22
15.4 275.53
15.41 275.68
15.42 275.81
15.43 276.15
15.44 275.83
15.45 275.3
15.46 274.96
15.47 275.04
15.48 275.61
15.49 275.61
15.5 275.45
15.51 276.19
15.52 276.97
15.53 277.08
15.54 277.04
15.55 277.17
15.56 277.77
15.57 277.93
15.58 276.82
15.59 275.31
15.6 275.1
15.61 275.93
15.62 276.19
15.63 275.37
15.64 274.04
15.65 272.75
15.66 273.25
15.67 274.58
15.68 276.23
15.69 277.76
15.7 277.86
15.71 278.43
15.72 278.19
15.73 277.45
15.74 277.59
15.75 276.64
15.76 274.89
15.77 273.52
15.78 272.67
15.79 271.45
15.8 269.15
15.81 267.18
15.82 264.35
15.83 262.26
15.84 261.15
15.85 260.26
15.86 258.58
15.87 256.15
15.88 254.65
15.89 255.68
15.9 258.19
15.91 261.94
15.92 266.76
15.93 271.62
15.94 276.74
15.95 279.73
15.96 282.43
15.97 284.58
15.98 286.89
15.99 289.47
16.0 291.98
16.01 293.83
16.02 295.28
16.03 297.28
16.04 299.69
16.05 301.69
16.06 303.14
16.07 305.46
16.08 308.14
16.09 309.74
16.1 311.61
16.11 312.44
16.12 311.68
16.13 310.6
16.14 309.24
16.15 308.77
16.16 309.15
16.17 309.65
16.18 310.9
16.19 312.32
16.2 313.49
16.21 315.18
16.22 316.57
16.23 317.52
16.24 318.13
16.25 318.45
16.26 318.73
16.27 319.4
16.28 320.04
16.29 319.34
16.3 318.81
16.31 318.64
16.32 318.61
16.33 319.49
16.34 320.49
16.35 321.07
16.36 321.21
16.37 320.95
16.38 320.82
16.39 321.55
16.4 321.89
16.41 321.19
16.42 319.7
16.43 317.48
16.44 313.76
16.45 307.59
16.46 299.39
16.47 290.51
16.48 283.55
16.49 284.53
16.5 270.51
16.51 281.68
16.52 286.62
16.53 291.64
16.54 308.53
16.55 326.17
16.56 333.05
16.57 334.29
16.58 332.66
16.59 331.66
16.6 330.99
16.61 327.22
16.62 322.03
16.63 314.28
16.64 308.32
16.65 305.98
16.66 305.14
16.67 305.28
16.68 307.26
16.69 307.59
16.7 308.3
16.71 308.86
16.72 307.28
16.73 304.08
16.74 296.34
16.75 284.43
16.76 266.57
16.77 243.08
16.78 217.12
16.79 194.42
16.8 186.08
16.81 235.37
16.82 278.05
16.83 268.9
16.84 264.05
16.85 265.46
16.86 78.85
16.87 81.02
16.88 267.08
16.89 324.22
16.9 308.18
16.91 292.19
16.92 280.64
16.93 275.79
16.94 272.01
16.95 271.94
16.96 272.63
16.97 271.69
16.98 270.18
16.99 269.68
17.0 270.31
17.01 269.64
17.02 269.38
17.03 271.48
17.04 272.13
17.05 270.7
17.06 271.45
17.07 272.25
17.08 270.28
17.09 270.36
17.1 273.54
17.11 277.06
17.12 279.24
17.13 281.44
17.14 280.33
17.15 277.76
17.16 278.15
17.17 278.86
17.18 279.32
17.19 281.63
17.2 283.53
17.21 287.71
17.22 293.15
17.23 296.92
17.24 305.11
17.25 309.65
17.26 313.95
17.27 320.56
17.28 327.9
17.29 327.7
17.3 326.46
17.31 322.06
17.32 315.54
17.33 308.12
17.34 303.72
17.35 300.47
17.36 297.77
17.37 296.19
17.38 296.47
17.39 297.63
17.4 298.48
17.41 299.36
17.42 299.51
17.43 298.21
17.44 298.61
17.45 299.74
17.46 299.43
17.47 299.56
17.48 298.54
17.49 297.11
17.5 297.13
17.51 297.78
17.52 299.39
17.53 300.02
17.54 298.76
17.55 298.0
17.56 296.7
17.57 296.39
17.58 296.56
17.59 296.32
17.6 295.97
17.61 294.18
17.62 291.51
17.63 288.37
17.64 285.41
17.65 280.79
17.66 272.54
17.67 261.3
17.68 251.24
17.69 240.15
17.7 233.03
17.71 226.19
17.72 223.39
17.73 222.81
17.74 222.12
17.75 225.04
17.76 228.08
17.77 229.94
17.78 233.92
17.79 238.62
17.8 241.55
17.81 242.74
17.82 242.59
17.83 241.82
17.84 241.57
17.85 241.81
17.86 241.3
17.87 240.57
17.88 239.54
17.89 238.4
17.9 237.75
17.91 237.87
17.92 238.84
17.93 240.28
17.94 240.97
17.95 240.91
17.96 241.54
17.97 241.81
17.98 241.67
17.99 242.84
18.0 244.41
18.01 246.25
18.02 245.13
18.03 238.94
18.04 226.43
18.05 217.56
18.06 203.58
18.07 189.42
18.08 200.59
18.09 212.87
18.1 235.85
18.11 242.91
18.12 0.0
18.13 237.9
18.14 257.37
18.15 241.93
18.16 227.67
18.17 221.98
18.18 220.76
18.19 219.98
18.2 221.65
18.21 225.08
18.22 228.37
18.23 231.53
18.24 234.16
18.25 235.14
18.26 234.56
18.27 227.01
18.28 223.51
18.29 225.95
18.3 171.04
18.31 680.77
18.32 222.61
18.33 221.3
18.34 225.23
18.35 221.12
18.36 219.88
18.37 218.64
18.38 217.74
18.39 220.19
18.4 220.71
18.41 223.64
18.42 221.56
18.43 220.56
18.44 224.18
18.45 338.03
18.46 108.8
18.47 110.93
18.48 330.35
18.49 0.0
18.5 0.0
18.51 0.0
18.52 0.0
18.53 0.0
18.54 0.0
18.55 0.0
18.56 0.0
18.57 0.0
18.58 0.0
18.59 0.0
18.6 0.0
18.61 0.0
18.62 0.0
18.63 0.0
18.64 0.0
18.65 0.0
18.66 0.0
18.67 62.07
18.68 62.28
18.69 125.3
18.7 128.17
18.71 132.03
18.72 0.0
18.73 139.77
18.74 277.19
18.75 146.8
18.76 150.78
18.77 152.98
18.78 155.12
18.79 157.1
18.8 167.65
18.81 218.35
18.82 220.9
18.83 74.45
18.84 75.4
18.85 114.6
18.86 77.21
18.87 233.2
18.88 244.1
18.89 241.49
18.9 239.22
18.91 243.08
18.92 249.53
18.93 254.3
18.94 258.6
18.95 259.79
18.96 261.4
18.97 263.44
18.98 265.57
18.99 267.01
19.0 268.89
19.01 270.78
19.02 271.98
19.03 273.92
19.04 275.9
19.05 277.73
19.06 278.87
19.07 279.88
19.08 282.77
19.09 285.96
19.1 290.11
19.11 294.37
19.12 295.15
19.13 294.69
19.14 292.72
19.15 290.64
19.16 289.75
19.17 289.59
19.18 290.04
19.19 291.31
19.2 292.39
19.21 291.97
19.22 292.79
19.23 295.14
19.24 298.03
19.25 300.71
19.26 301.12
19.27 301.76
19.28 302.2
19.29 302.04
19.3 301.41
19.31 299.64
19.32 298.36
19.33 296.37
19.34 293.68
19.35 293.1
19.36 294.23
19.37 295.16
19.38 295.45
19.39 295.72
19.4 296.31
19.41 297.69
19.42 298.72
19.43 298.9
19.44 298.2
19.45 297.97
19.46 297.2
19.47 297.26
19.48 297.66
19.49 298.31
19.5 299.65
19.51 300.48
19.52 302.53
19.53 304.1
19.54 303.92
19.55 303.43
19.56 302.3
19.57 301.76
19.58 301.51
19.59 300.93
19.6 301.6
19.61 301.97
19.62 302.04
19.63 302.75
19.64 302.71
19.65 302.84
19.66 303.55
19.67 303.61
19.68 304.02
19.69 303.72
19.7 303.9
19.71 304.52
19.72 304.65
19.73 306.3
19.74 307.27
19.75 307.19
19.76 307.9
19.77 309.17
19.78 309.25
19.79 308.25
19.8 308.19
19.81 306.88
19.82 304.74
19.83 305.15
19.84 305.79
19.85 306.93
19.86 308.9
19.87 309.53
19.88 308.94
19.89 307.27
19.9 306.4
19.91 306.29
19.92 306.14
19.93 307.69
19.94 308.67
19.95 308.47
19.96 308.6
19.97 307.04
19.98 305.18
19.99 305.13
20.0 305.05
20.01 304.21
20.02 302.64
20.03 302.24
20.04 304.19
20.05 306.69
20.06 308.61
20.07 309.7
20.08 310.3
20.09 310.14
20.1 309.56
20.11 308.75
20.12 307.6
20.13 305.79
20.14 303.76
20.15 302.07
20.16 299.73
20.17 296.61
20.18 295.06
20.19 298.14
20.2 304.08
20.21 303.77
20.22 305.26
20.23 307.45
20.24 308.79
20.25 310.8
20.26 313.35
20.27 313.72
20.28 315.68
20.29 315.7
20.3 314.57
20.31 313.58
20.32 310.66
20.33 308.86
20.34 307.14
20.35 303.02
20.36 299.5
20.37 296.85
20.38 296.65
20.39 293.21
20.4 292.06
20.41 292.6
20.42 287.33
20.43 284.66
20.44 298.32
20.45 314.8
20.46 318.93
20.47 321.2
20.48 321.81
20.49 320.42
20.5 315.97
20.51 309.99
20.52 304.06
20.53 299.28
20.54 295.93
20.55 292.56
20.56 291.85
20.57 293.44
20.58 296.1
20.59 299.48
20.6 301.71
20.61 302.71
20.62 302.7
20.63 302.13
20.64 301.78
20.65 301.82
20.66 301.2
20.67 299.69
20.68 298.34
20.69 296.71
20.7 295.19
20.71 295.25
20.72 296.49
20.73 297.47
20.74 298.81
20.75 300.19
20.76 301.23
20.77 301.61
20.78 301.52
20.79 302.15
20.8 302.8
20.81 303.25
20.82 303.67
20.83 303.69
20.84 302.58
20.85 301.52
20.86 301.38
20.87 301.26
20.88 302.15
20.89 303.15
20.9 303.06
20.91 303.02
20.92 303.56
20.93 304.4
20.94 305.41
20.95 306.07
20.96 306.68
20.97 306.99
20.98 306.72
20.99 305.95
21.0 304.87
21.01 303.81
21.02 303.51
21.03 303.9
21.04 304.44
21.05 305.14
21.06 305.18
21.07 304.51
21.08 303.08
21.09 301.83
21.1 300.72
21.11 300.48
21.12 302.42
21.13 303.93
21.14 304.38
21.15 305.01
21.16 305.57
21.17 306.07
21.18 306.66
21.19 306.71
21.2 306.09
21.21 305.4
21.22 304.81
21.23 304.77
21.24 305.52
21.25 306.67
21.26 307.72
21.27 307.74
21.28 306.77
21.29 305.89
21.3 305.36
21.31 305.07
21.32 305.21
21.33 305.63
21.34 306.68
21.35 307.58
21.36 307.43
21.37 306.12
21.38 304.02
21.39 302.28
21.4 300.64
21.41 298.56
21.42 296.01
21.43 293.74
21.44 290.88
21.45 286.25
21.46 281.37
21.47 279.07
21.48 277.27
21.49 270.17
21.5 286.83
21.51 304.73
21.52 302.26
21.53 312.19
21.54 322.51
21.55 325.45
21.56 327.7
21.57 318.25
21.58 307.24
21.59 300.76
21.6 294.79
21.61 288.58
21.62 284.32
21.63 281.4
21.64 280.19
21.65 279.98
21.66 279.95
21.67 280.95
21.68 282.55
21.69 283.92
21.7 285.62
21.71 284.86
21.72 280.94
21.73 277.55
21.74 275.0
21.75 270.36
21.76 262.54
21.77 251.46
21.78 238.39
21.79 226.22
21.8 216.95
21.81 211.72
21.82 208.37
21.83 212.18
21.84 228.94
21.85 245.57
21.86 265.27
21.87 276.75
21.88 279.6
21.89 280.29
21.9 279.17
21.91 275.65
21.92 270.88
21.93 266.77
21.94 265.18
21.95 262.61
21.96 262.86
21.97 263.66
21.98 263.35
21.99 263.6
22.0 263.48
22.01 264.95
22.02 266.91
22.03 268.84
22.04 270.97
22.05 275.92
22.06 280.93
22.07 283.54
22.08 286.82
22.09 289.82
22.1 293.49
22.11 298.06
22.12 302.69
22.13 306.8
22.14 310.18
22.15 312.16
22.16 313.26
22.17 314.05
22.18 314.67
22.19 314.12
22.2 313.23
22.21 313.36
22.22 314.48
22.23 316.92
22.24 319.32
22.25 319.69
22.26 319.23
22.27 319.96
22.28 320.46
22.29 321.12
22.3 323.89
22.31 327.19
22.32 329.87
22.33 331.67
22.34 331.37
22.35 330.17
22.36 329.22
22.37 328.5
22.38 327.52
22.39 326.9
22.4 326.34
22.41 324.09
22.42 323.68
22.43 330.53
22.44 330.27
22.45 329.57
22.46 328.96
22.47 327.5
22.48 327.06
22.49 327.56
22.5 328.66
22.51 328.89
22.52 329.28
22.53 330.51
22.54 331.08
22.55 331.46
22.56 331.93
22.57 331.88
22.58 332.11
22.59 332.31
22.6 332.52
22.61 333.65
22.62 333.9
22.63 332.99
22.64 331.66
22.65 324.71
22.66 317.5
22.67 316.48
22.68 316.16
22.69 310.35
22.7 306.78
22.71 303.7
22.72 300.56
22.73 301.29
22.74 302.36
22.75 302.95
22.76 303.69
22.77 303.21
22.78 302.94
22.79 300.54
22.8 300.1
22.81 301.9
22.82 303.66
22.83 307.55
22.84 311.38
22.85 314.56
22.86 313.27
22.87 307.71
22.88 304.77
22.89 302.14
22.9 301.53
22.91 303.18
22.92 303.91
22.93 304.5
22.94 304.22
22.95 304.66
22.96 305.98
22.97 305.63
22.98 306.8
22.99 304.59
23.0 290.37
23.01 275.1
23.02 104.49
23.03 250.27
23.04 274.31
23.05 300.53
23.06 257.96
23.07 252.37
23.08 82.19
23.09 82.48
23.1 82.6
23.11 82.7
23.12 82.73
23.13 82.84
23.14 82.9
23.15 82.57
23.16 82.33
23.17 82.02
23.18 81.69
23.19 81.68
23.2 81.58
23.21 81.7
23.22 81.82
23.23 81.49
23.24 81.32
23.25 81.76
23.26 82.47
23.27 249.7
23.28 78.4
23.29 77.83
23.3 80.08
23.31 80.52
23.32 80.16
23.33 162.23
23.34 160.28
23.35 79.55
23.36 160.06
23.37 151.14
23.38 142.14
23.39 277.79
23.4 263.07
23.41 241.95
23.42 235.81
23.43 236.03
23.44 116.32
23.45 115.69
23.46 230.42
23.47 224.55
23.48 210.45
23.49 181.71
23.5 181.3
23.51 180.97
23.52 181.3
23.53 183.82
23.54 188.24
23.55 193.45
23.56 198.75
23.57 203.7
23.58 206.3
23.59 205.57
23.6 206.1
23.61 207.91
23.62 210.81
23.63 213.13
23.64 214.39
23.65 214.39
23.66 212.81
23.67 212.13
23.68 211.59
23.69 211.35
23.7 212.55
23.71 212.76
23.72 212.34
23.73 211.95
23.74 211.54
23.75 211.61
23.76 214.72
23.77 218.56
23.78 221.87
23.79 224.61
23.8 225.82
23.81 225.47
23.82 225.17
23.83 224.52
23.84 223.25
23.85 221.58
23.86 219.61
23.87 216.6
23.88 212.88
23.89 209.75
23.9 209.53
23.91 211.46
23.92 213.56
23.93 216.36
23.94 219.35
23.95 221.47
23.96 222.43
23.97 222.4
23.98 222.12
23.99 221.71
24.0 220.99
24.01 219.58
24.02 217.74
24.03 216.06
24.04 215.84
24.05 217.37
24.06 218.88
24.07 219.73
24.08 221.3
24.09 222.98
24.1 223.54
24.11 223.21
24.12 226.64
24.13 236.32
24.14 246.0
24.15 253.64
24.16 264.27
24.17 270.69
24.18 273.08
24.19 269.42
24.2 263.85
24.21 258.72
24.22 250.89
24.23 242.9
24.24 117.28
24.25 232.13
24.26 232.49
24.27 232.77
24.28 233.05
24.29 234.01
24.3 234.51
24.31 235.19
24.32 236.51
24.33 237.58
24.34 238.43
24.35 239.41
24.36 238.13
24.37 236.99
24.38 238.2
24.39 240.68
24.4 241.32
24.41 240.0
24.42 120.29
24.43 120.16
24.44 240.56
24.45 239.15
24.46 239.01
24.47 239.62
24.48 238.69
24.49 239.11
24.5 241.47
24.51 244.33
24.52 245.81
24.53 246.63
24.54 245.71
24.55 244.24
24.56 241.9
24.57 240.38
24.58 241.47
24.59 120.6
24.6 120.9
24.61 240.69
24.62 241.34
24.63 241.5
24.64 240.07
24.65 239.25
24.66 239.91
24.67 241.41
24.68 242.88
24.69 246.61
24.7 247.91
24.71 247.67
24.72 248.24
24.73 248.89
24.74 248.47
24.75 248.27
24.76 248.07
24.77 247.53
24.78 246.61
24.79 244.01
24.8 243.39
24.81 241.78
24.82 242.05
24.83 120.6
24.84 240.96
24.85 240.6
24.86 242.5
24.87 243.26
24.88 244.62
24.89 246.58
24.9 247.37
24.91 247.04
24.92 245.48
24.93 244.51
24.94 244.13
24.95 242.82
24.96 241.87
24.97 243.7
24.98 244.66
24.99 245.47
25.0 246.24
25.01 247.21
25.02 249.64
25.03 252.75
25.04 256.89
25.05 261.56
25.06 266.13
25.07 269.09
25.08 270.53
25.09 269.82
25.1 268.63
25.11 266.73
25.12 264.2
25.13 261.85
25.14 259.55
25.15 257.98
25.16 257.18
25.17 257.59
25.18 258.6
25.19 258.98
25.2 259.56
25.21 261.74
25.22 264.78
25.23 267.85
25.24 269.95
25.25 270.98
25.26 272.66
25.27 274.43
25.28 274.52
25.29 273.84
25.3 272.79
25.31 271.71
25.32 271.26
25.33 270.98
25.34 270.39
25.35 269.29
25.36 267.8
25.37 266.85
25.38 266.76
25.39 266.49
25.4 266.71
25.41 267.33
25.42 267.37
25.43 267.4
25.44 267.12
25.45 267.33
25.46 268.13
25.47 269.05
25.48 270.87
25.49 273.19
25.5 274.39
25.51 274.0
25.52 272.61
25.53 271.78
25.54 271.52
25.55 271.35
25.56 270.59
25.57 268.72
25.58 266.56
25.59 266.2
25.6 267.77
25.61 269.68
25.62 270.57
25.63 271.07
25.64 271.7
25.65 270.92
25.66 269.67
25.67 268.75
25.68 269.0
25.69 269.66
25.7 270.47
25.71 271.7
25.72 272.8
25.73 273.75
25.74 274.4
25.75 274.75
25.76 274.14
25.77 272.49
25.78 270.86
25.79 269.67
25.8 269.52
25.81 269.52
25.82 269.77
25.83 270.19
25.84 270.38
25.85 270.73
25.86 269.85
25.87 269.17
25.88 269.95
25.89 270.45
25.9 270.57
25.91 270.58
25.92 270.63
25.93 271.0
25.94 270.79
25.95 269.9
25.96 268.76
25.97 267.04
25.98 267.0
25.99 268.56
26.0 269.31
26.01 268.06
26.02 266.3
26.03 265.52
26.04 265.72
26.05 267.0
26.06 269.14
26.07 271.97
26.08 273.22
26.09 273.5
26.1 272.93
26.11 271.3
26.12 270.26
26.13 269.98
26.14 270.88
26.15 272.14
26.16 272.44
26.17 271.91
26.18 271.78
26.19 272.27
26.2 272.94
26.21 272.91
26.22 271.64
26.23 270.06
26.24 268.75
26.25 267.99
26.26 268.38
26.27 269.29
26.28 270.69
26.29 271.78
26.3 272.14
26.31 271.06
26.32 269.38
26.33 268.1
26.34 267.8
26.35 269.0
26.36 270.42
26.37 271.3
26.38 271.04
26.39 269.7
26.4 268.81
26.41 268.98
26.42 269.18
26.43 268.8
26.44 267.88
26.45 267.42
26.46 267.72
26.47 269.36
26.48 270.93
26.49 272.03
26.5 271.57
26.51 270.02
26.52 268.48
26.53 267.0
26.54 267.7
26.55 270.09
26.56 272.21
26.57 273.66
26.58 273.92
26.59 272.55
26.6 270.4
26.61 268.89
26.62 268.81
26.63 269.69
26.64 270.53
26.65 271.14
26.66 271.31
26.67 272.69
26.68 274.39
26.69 274.38
26.7 273.94
26.71 273.25
26.72 272.84
26.73 272.79
26.74 273.19
26.75 274.02
26.76 274.29
26.77 274.3
26.78 273.33
26.79 271.56
26.8 269.76
26.81 268.56
26.82 267.86
26.83 268.84
26.84 272.1
26.85 275.91
26.86 279.75
26.87 284.86
26.88 289.06
26.89 289.79
26.9 287.67
26.91 284.25
26.92 281.57
26.93 280.59
26.94 278.2
26.95 275.64
26.96 273.61
26.97 267.97
26.98 260.91
26.99 61.73
27.0 61.84
27.01 0.0
27.02 0.0
27.03 0.0
27.04 0.0
27.05 0.0
27.06 175.37
27.07 0.0
27.08 0.0
27.09 0.0
27.1 0.0
27.11 0.0
27.12 0.0
27.13 0.0
27.14 0.0
27.15 0.0
27.16 0.0
27.17 0.0
27.18 0.0
27.19 0.0
27.2 0.0
27.21 0.0
27.22 0.0
27.23 0.0
27.24 0.0
27.25 0.0
27.26 0.0
27.27 0.0
27.28 0.0
27.29 0.0
27.3 0.0
27.31 0.0
27.32 0.0
27.33 0.0
27.34 0.0
27.35 0.0
27.36 0.0
27.37 0.0
27.38 0.0
27.39 0.0
27.4 0.0
27.41 0.0
27.42 0.0
27.43 0.0
27.44 0.0
27.45 0.0
27.46 0.0
27.47 0.0
27.48 0.0
27.49 0.0
27.5 0.0
27.51 177.98
27.52 172.19
27.53 168.36
27.54 168.08
27.55 168.81
27.56 169.86
27.57 171.89
27.58 174.47
27.59 175.33
27.6 173.05
27.61 171.13
27.62 85.52
27.63 86.96
27.64 175.65
27.65 179.35
27.66 180.59
27.67 61.55
27.68 183.52
27.69 183.31
27.7 185.92
27.71 277.03
27.72 250.75
27.73 248.88
27.74 250.32
27.75 245.11
27.76 239.22
27.77 239.36
27.78 236.29
27.79 238.45
27.8 239.98
27.81 240.21
27.82 244.8
27.83 247.51
27.84 251.87
27.85 256.9
27.86 257.14
27.87 260.25
27.88 262.4
27.89 264.65
27.9 268.63
27.91 271.35
27.92 274.9
27.93 278.16
27.94 279.05
27.95 281.42
27.96 281.2
27.97 281.42
27.98 284.01
27.99 283.87
28.0 285.51
28.01 285.99
28.02 287.91
28.03 291.95
28.04 294.66
28.05 299.29
28.06 303.07
28.07 304.32
28.08 304.67
28.09 302.8
28.1 301.67
28.11 301.12
28.12 299.11
28.13 296.94
28.14 295.37
28.15 296.24
28.16 298.29
28.17 298.11
28.18 296.71
28.19 295.99
28.2 295.67
28.21 295.54
28.22 297.55
28.23 298.36
28.24 300.31
28.25 302.44
28.26 302.42
28.27 303.62
28.28 303.9
28.29 301.84
28.3 299.48
28.31 296.95
28.32 295.47
28.33 295.42
28.34 296.67
28.35 297.58
28.36 297.16
28.37 298.89
28.38 300.19
28.39 300.45
28.4 301.66
28.41 302.18
28.42 303.07
28.43 303.56
28.44 304.38
28.45 305.26
28.46 305.14
28.47 306.05
28.48 308.0
28.49 310.13
28.5 310.39
28.51 308.84
28.52 306.16
28.53 304.4
28.54 302.93
28.55 302.47
28.56 304.07
28.57 304.42
28.58 303.87
28.59 302.57
28.6 303.81
28.61 305.69
28.62 305.12
28.63 305.01
28.64 306.22
28.65 308.38
28.66 308.55
28.67 307.57
28.68 307.45
28.69 306.9
28.7 304.59
28.71 303.34
28.72 303.77
28.73 303.89
28.74 303.01
28.75 301.39
28.76 302.04
28.77 303.12
28.78 303.74
28.79 303.08
28.8 302.42
28.81 301.78
28.82 300.27
28.83 300.15
28.84 299.55
28.85 300.25
28.86 300.28
28.87 301.1
28.88 302.1
28.89 300.99
28.9 301.22
28.91 302.96
28.92 305.32
28.93 306.7
28.94 305.75
28.95 302.71
28.96 296.56
28.97 292.38
28.98 290.9
28.99 285.34
29.0 276.05
29.01 261.23
29.02 246.11
29.03 211.47
29.04 178.85
29.05 165.03
29.06 249.35
29.07 68.12
29.08 211.89
29.09 64.04
29.1 71.53
29.11 69.69
29.12 251.12
29.13 81.78
29.14 0.0
29.15 355.73
29.16 338.2
29.17 331.55
29.18 323.34
29.19 318.18
29.2 312.56
29.21 309.82
29.22 309.1
29.23 306.99
29.24 306.53
29.25 305.52
29.26 304.99
29.27 305.01
29.28 303.95
29.29 302.53
29.3 301.28
29.31 300.06
29.32 298.37
29.33 296.42
29.34 295.34
29.35 295.51
29.36 296.68
29.37 298.64
29.38 301.48
29.39 304.66
29.4 306.2
29.41 306.23
29.42 305.66
29.43 304.01
29.44 301.77
29.45 301.09
29.46 301.91
29.47 302.36
29.48 302.55
29.49 302.83
29.5 301.71
29.51 299.56
29.52 298.88
29.53 299.32
29.54 299.6
29.55 299.48
29.56 299.17
29.57 299.82
29.58 301.23
29.59 301.77
29.6 302.19
29.61 303.68
29.62 304.38
29.63 305.52
29.64 308.18
29.65 309.99
29.66 310.63
29.67 310.74
29.68 310.04
29.69 308.8
29.7 307.97
29.71 306.64
29.72 304.0
29.73 301.78
29.74 298.87
29.75 296.67
29.76 297.3
29.77 298.82
29.78 288.86
29.79 271.92
29.8 255.84
29.81 240.04
29.82 218.72
29.83 66.99
29.84 200.03
29.85 204.42
29.86 207.04
29.87 207.54
29.88 81.1
29.89 194.3
29.9 194.63
29.91 76.74
29.92 0.0
29.93 340.9
29.94 331.48
29.95 325.91
29.96 323.07
29.97 324.31
29.98 325.33
29.99 322.65
30.0 321.45
30.01 320.05
30.02 314.74
30.03 308.42
30.04 303.24
30.05 302.66
30.06 302.95
30.07 303.56
30.08 304.74
30.09 304.65
30.1 305.22
30.11 305.96
30.12 305.08
30.13 303.59
30.14 302.0
30.15 300.89
30.16 300.58
30.17 303.73
30.18 310.57
30.19 313.74
30.2 314.9
30.21 316.15
30.22 318.25
30.23 316.0
30.24 312.13
30.25 309.83
30.26 310.24
30.27 322.47
30.28 341.05
30.29 167.02
30.3 159.41
30.31 165.13
30.32 165.38
30.33 326.25
30.34 319.85
30.35 310.45
30.36 294.73
30.37 285.06
30.38 276.62
30.39 269.04
30.4 266.14
30.41 265.26
30.42 265.56
30.43 267.51
30.44 269.81
30.45 270.48
30.46 268.88
30.47 266.64
30.48 269.11
30.49 271.57
30.5 272.15
30.51 270.89
30.52 272.36
30.53 274.95
30.54 276.09
30.55 277.17
30.56 277.6
30.57 276.62
30.58 275.08
30.59 274.18
30.6 273.6
30.61 273.51
30.62 275.12
30.63 276.44
30.64 277.11
30.65 275.97
30.66 273.24
30.67 272.69
30.68 274.13
30.69 277.93
30.7 282.12
30.71 281.55
30.72 272.08
30.73 266.92
30.74 267.4
30.75 275.78
30.76 271.9
30.77 264.95
30.78 269.67
30.79 264.2
30.8 256.01
30.81 252.52
30.82 112.95
30.83 278.79
30.84 274.95
30.85 273.77
30.86 266.0
30.87 260.84
30.88 264.86
30.89 263.79
30.9 264.38
30.91 266.57
30.92 267.31
30.93 271.58
30.94 269.92
30.95 268.06
30.96 265.53
30.97 266.63
30.98 267.43
30.99 268.19
31.0 269.7
31.01 271.04
31.02 274.5
31.03 275.13
31.04 275.85
31.05 275.55
31.06 275.61
31.07 275.55
31.08 276.24
31.09 275.13
31.1 272.93
31.11 272.24
31.12 272.25
31.13 272.57
31.14 271.78
31.15 271.61
31.16 271.08
31.17 271.64
31.18 273.36
31.19 273.27
31.2 273.56
31.21 274.39
31.22 274.03
31.23 274.07
31.24 274.03
31.25 273.7
31.26 273.09
31.27 272.91
31.28 271.96
31.29 272.29
31.3 272.3
31.31 271.82
31.32 271.24
31.33 271.98
31.34 274.19
31.35 275.51
31.36 277.61
31.37 278.14
31.38 278.72
31.39 276.4
31.4 274.85
31.41 273.66
31.42 273.46
31.43 273.44
31.44 272.43
31.45 273.1
31.46 273.63
31.47 272.3
31.48 270.23
31.49 269.71
31.5 267.27
31.51 267.03
31.52 268.64
31.53 272.89
31.54 277.79
31.55 278.53
31.56 278.33
31.57 276.15
31.58 273.25
31.59 265.81
31.6 248.66
31.61 219.95
31.62 186.98
31.63 70.78
31.64 206.85
31.65 234.71
31.66 0.0
31.67 0.0
31.68 0.0
31.69 0.0
31.7 0.0
31.71 0.0
31.72 0.0
31.73 0.0
31.74 0.0
31.75 0.0
31.76 0.0
31.77 0.0
31.78 0.0
31.79 0.0
31.8 0.0
31.81 0.0
31.82 0.0
31.83 0.0
31.84 0.0
31.85 0.0
31.86 0.0
31.87 0.0
31.88 0.0
31.89 0.0
31.9 0.0
31.91 0.0
31.92 0.0
31.93 0.0
31.94 0.0
31.95 0.0
31.96 0.0
31.97 0.0
31.98 0.0
31.99 0.0
32.0 0.0
32.01 0.0
32.02 0.0
32.03 0.0
32.04 0.0
32.05 0.0
32.06 0.0
32.07 0.0
32.08 0.0
32.09 0.0
32.1 0.0
32.11 0.0
32.12 0.0
32.13 0.0
32.14 212.35
32.15 212.15
32.16 217.1
32.17 201.13
32.18 180.45
32.19 173.03
32.2 171.38
32.21 173.76
32.22 179.96
32.23 156.84
32.24 250.74
32.25 233.02
32.26 228.21
32.27 223.02
32.28 226.87
32.29 235.2
32.3 241.87
32.31 249.9
32.32 256.63
32.33 261.82
32.34 269.16
32.35 274.54
32.36 278.6
32.37 282.26
32.38 284.58
32.39 286.74
32.4 289.21
32.41 291.74
32.42 292.99
32.43 292.05
32.44 291.32
32.45 292.79
32.46 294.71
32.47 296.24
32.48 296.16
32.49 294.34
32.5 294.0
32.51 294.79
32.52 296.48
32.53 298.56
32.54 298.94
32.55 299.15
32.56 297.77
32.57 291.87
32.58 281.14
32.59 274.71
32.6 276.05
32.61 102.18
32.62 102.52
32.63 162.67
32.64 321.24
32.65 318.18
32.66 308.12
32.67 301.82
32.68 298.04
32.69 297.18
32.7 298.32
32.71 298.35
32.72 297.24
32.73 295.36
32.74 294.61
32.75 295.47
32.76 295.98
32.77 294.91
32.78 294.07
32.79 295.27
32.8 297.61
32.81 300.04
32.82 301.25
32.83 301.9
32.84 302.91
32.85 304.12
32.86 305.22
32.87 305.12
32.88 304.56
32.89 305.66
32.9 306.65
32.91 305.82
32.92 303.48
32.93 301.19
32.94 300.32
32.95 299.98
32.96 300.15
32.97 299.97
32.98 299.7
32.99 298.34
33.0 296.62
33.01 296.78
33.02 297.65
33.03 300.15
33.04 303.73
33.05 304.07
33.06 303.59
33.07 303.98
33.08 303.65
33.09 301.42
33.1 299.35
33.11 298.68
33.12 298.58
33.13 299.79
33.14 302.27
33.15 304.62
33.16 306.85
33.17 307.65
33.18 307.9
33.19 308.32
33.2 308.41
33.21 308.04
33.22 307.85
33.23 306.79
33.24 302.64
33.25 294.37
33.26 282.79
33.27 271.85
33.28 265.52
33.29 260.46
33.3 209.8
33.31 195.12
33.32 77.6
33.33 0.0
33.34 198.94
33.35 217.66
33.36 221.12
33.37 260.55
33.38 267.54
33.39 272.76
33.4 277.6
33.41 287.01
33.42 293.14
33.43 300.06
33.44 305.26
33.45 307.33
33.46 305.83
33.47 304.93
33.48 305.89
33.49 307.44
33.5 308.23
33.51 308.56
33.52 308.89
33.53 308.96
33.54 309.59
33.55 309.4
33.56 307.95
33.57 307.78
33.58 308.84
33.59 308.98
33.6 308.93
33.61 307.6
33.62 304.34
33.63 302.11
33.64 303.19
33.65 307.92
33.66 305.84
33.67 297.22
33.68 282.71
33.69 257.49
33.7 222.63
33.71 188.28
33.72 175.2
33.73 112.25
33.74 274.88
33.75 243.9
33.76 233.38
33.77 227.98
33.78 228.95
33.79 120.55
33.8 251.42
33.81 0.0
33.82 303.72
33.83 290.49
33.84 280.17
33.85 277.09
33.86 277.35
33.87 279.97
33.88 284.81
33.89 289.38
33.9 292.87
33.91 294.94
33.92 295.71
33.93 295.6
33.94 294.33
33.95 291.51
33.96 288.48
33.97 283.87
33.98 277.82
33.99 275.7
34.0 277.6
34.01 282.49
34.02 291.11
34.03 299.31
34.04 299.25
34.05 297.58
34.06 297.84
34.07 298.5
34.08 293.95
34.09 285.81
34.1 283.62
34.11 294.05
34.12 304.63
34.13 311.26
34.14 313.32
34.15 311.71
34.16 305.54
34.17 301.16
34.18 297.46
34.19 297.02
34.2 299.03
34.21 297.91
34.22 298.74
34.23 301.79
34.24 301.68
34.25 302.48
34.26 303.68
34.27 302.9
34.28 301.97
34.29 300.02
34.3 300.73
34.31 301.78
34.32 298.72
34.33 298.95
34.34 301.23
34.35 299.69
34.36 300.18
34.37 302.13
34.38 302.19
34.39 303.51
34.4 305.29
34.41 305.54
34.42 306.36
34.43 305.96
34.44 302.44
34.45 300.7
34.46 299.92
34.47 299.17
34.48 301.92
34.49 302.45
34.5 301.91
34.51 303.12
34.52 301.85
34.53 302.57
34.54 303.7
34.55 303.04
34.56 302.07
34.57 301.31
34.58 301.83
34.59 301.05
34.6 301.05
34.61 302.91
34.62 301.4
34.63 301.27
34.64 303.07
34.65 302.29
34.66 302.97
34.67 302.66
34.68 302.68
34.69 303.97
34.7 302.44
34.71 301.69
34.72 303.06
34.73 300.98
34.74 296.52
34.75 292.62
34.76 288.35
34.77 281.75
34.78 268.16
34.79 251.33
34.8 229.33
34.81 191.26
34.82 139.73
34.83 127.67
34.84 91.39
34.85 89.26
34.86 68.84
34.87 68.07
34.88 83.85
34.89 291.16
34.9 78.29
34.91 150.12
34.92 334.31
34.93 320.22
34.94 308.04
34.95 303.75
34.96 300.57
34.97 297.6
34.98 294.83
34.99 294.61
35.0 296.16
35.01 297.37
35.02 298.61
35.03 298.84
35.04 299.19
35.05 299.72
35.06 299.77
35.07 299.97
35.08 300.0
35.09 299.97
35.1 299.65
35.11 299.28
35.12 298.91
35.13 298.54
35.14 298.09
35.15 297.48
35.16 298.33
35.17 300.91
35.18 303.34
35.19 303.94
35.2 303.43
35.21 302.78
35.22 301.48
35.23 299.65
35.24 298.21
35.25 297.93
35.26 298.81
35.27 299.4
35.28 299.91
35.29 299.78
35.3 298.56
35.31 298.53
35.32 299.33
35.33 299.95
35.34 300.71
35.35 301.38
35.36 301.62
35.37 301.87
35.38 303.09
35.39 305.2
35.4 306.2
35.41 305.68
35.42 305.19
35.43 303.99
35.44 302.45
35.45 301.75
35.46 301.56
35.47 301.33
35.48 300.9
35.49 300.56
35.5 300.31
35.51 299.65
35.52 299.09
35.53 298.34
35.54 297.41
35.55 297.25
35.56 296.8
35.57 296.52
35.58 297.13
35.59 298.5
35.6 299.78
35.61 300.35
35.62 300.87
35.63 301.38
35.64 301.43
35.65 300.92
35.66 300.78
35.67 301.21
35.68 302.01
35.69 302.48
35.7 302.77
35.71 303.48
35.72 304.0
35.73 303.21
35.74 302.28
35.75 302.6
35.76 303.76
35.77 304.58
35.78 304.62
35.79 303.35
35.8 302.01
35.81 301.86
35.82 302.25
35.83 303.54
35.84 304.77
35.85 304.68
35.86 303.18
35.87 301.5
35.88 300.65
35.89 300.4
35.9 300.97
35.91 302.45
35.92 303.37
35.93 303.56
35.94 303.74
35.95 303.14
35.96 301.99
35.97 301.94
35.98 303.07
35.99 303.57
36.0 301.98
36.01 297.98
36.02 290.87
36.03 285.45
36.04 283.18
36.05 275.95
36.06 264.67
36.07 255.51
36.08 240.35
36.09 230.0
36.1 225.64
36.11 226.46
36.12 226.5
36.13 226.28
36.14 229.96
36.15 234.44
36.16 238.22
36.17 240.45
36.18 240.16
36.19 238.81
36.2 236.81
36.21 236.17
36.22 236.75
36.23 237.66
36.24 239.42
36.25 242.58
36.26 246.44
36.27 249.55
36.28 252.58
36.29 253.46
36.3 252.3
36.31 250.82
36.32 249.68
36.33 249.65
36.34 249.75
36.35 248.79
36.36 246.75
36.37 244.25
36.38 241.01
36.39 238.72
36.4 237.98
36.41 239.61
36.42 242.93
36.43 248.59
36.44 251.92
36.45 253.09
36.46 253.64
36.47 254.85
36.48 257.66
36.49 266.23
36.5 279.95
36.51 295.58
36.52 159.53
36.53 298.24
36.54 291.84
36.55 283.12
36.56 274.75
36.57 270.16
36.58 260.12
36.59 247.15
36.6 244.85
36.61 241.72
36.62 240.8
36.63 241.14
36.64 242.56
36.65 244.31
36.66 246.04
36.67 250.42
36.68 253.84
36.69 254.94
36.7 255.72
36.71 257.3
36.72 130.98
36.73 131.82
36.74 132.93
36.75 133.67
36.76 133.81
36.77 133.74
36.78 133.64
36.79 133.66
36.8 133.4
36.81 133.35
36.82 133.54
36.83 266.18
36.84 266.81
36.85 268.4
36.86 270.26
36.87 271.81
36.88 136.21
36.89 136.7
36.9 137.4
36.91 274.93
36.92 276.9
36.93 277.88
36.94 278.09
36.95 278.55
36.96 278.22
36.97 275.99
36.98 274.01
36.99 272.21
37.0 271.52
37.01 271.65
37.02 271.64
37.03 272.3
37.04 272.27
37.05 136.43
37.06 136.25
37.07 269.07
37.08 266.95
37.09 267.92
37.1 270.3
37.11 274.12
37.12 277.41
37.13 279.71
37.14 140.56
37.15 139.76
37.16 277.74
37.17 275.83
37.18 275.42
37.19 274.53
37.2 273.95
37.21 274.97
37.22 275.07
37.23 273.16
37.24 271.62
37.25 269.01
37.26 265.55
37.27 261.15
37.28 261.47
37.29 260.03
37.3 260.03
37.31 271.29
37.32 277.73
37.33 256.25
37.34 119.74
37.35 118.44
37.36 203.69
37.37 205.18
37.38 272.19
37.39 273.81
37.4 265.39
37.41 258.36
37.42 254.95
37.43 254.83
37.44 252.52
37.45 249.01
37.46 241.27
37.47 240.46
37.48 251.14
37.49 259.28
37.5 268.99
37.51 272.4
37.52 271.15
37.53 269.91
37.54 268.26
37.55 267.41
37.56 267.63
37.57 267.01
37.58 267.84
37.59 268.81
37.6 269.24
37.61 271.44
37.62 273.03
37.63 272.57
37.64 272.71
37.65 271.94
37.66 268.65
37.67 265.9
37.68 264.64
37.69 263.12
37.7 259.41
37.71 237.43
37.72 233.25
37.73 118.49
37.74 237.13
37.75 236.11
37.76 118.68
37.77 118.83
37.78 118.86
37.79 119.22
37.8 119.25
37.81 119.33
37.82 59.97
37.83 60.03
37.84 60.0
37.85 59.92
37.86 119.79
37.87 119.22
37.88 118.87
37.89 118.83
37.9 118.67
37.91 118.38
37.92 118.44
37.93 118.88
37.94 119.0
37.95 119.4
37.96 119.28
37.97 119.2
37.98 119.02
37.99 118.56
38.0 118.57
38.01 118.28
38.02 118.42
38.03 119.06
38.04 59.89
38.05 59.88
38.06 119.92
38.07 118.08
38.08 118.82
38.09 60.5
38.1 242.4
38.11 242.34
38.12 251.23
38.13 249.17
38.14 239.33
38.15 240.48
38.16 119.53
38.17 118.7
38.18 118.56
38.19 118.7
38.2 119.12
38.21 119.41
38.22 119.28
38.23 119.24
38.24 119.14
38.25 238.47
38.26 239.15
38.27 238.24
38.28 118.25
38.29 118.38
38.3 118.76
38.31 119.25
38.32 119.71
38.33 120.18
38.34 119.61
38.35 294.43
38.36 268.81
38.37 265.39
38.38 266.49
38.39 257.42
38.4 247.39
38.41 243.72
38.42 244.92
38.43 245.59
38.44 247.91
38.45 249.63
38.46 250.89
38.47 252.18
38.48 253.61
38.49 258.38
38.5 263.68
38.51 269.33
38.52 274.81
38.53 279.24
38.54 283.29
38.55 287.78
38.56 291.55
38.57 294.9
38.58 297.76
38.59 299.18
38.6 299.02
38.61 299.83
38.62 300.53
38.63 301.26
38.64 302.08
38.65 302.98
38.66 304.61
38.67 306.49
38.68 308.4
38.69 310.49
38.7 312.71
38.71 314.46
38.72 315.17
38.73 315.69
38.74 316.92
38.75 317.81
38.76 317.84
38.77 316.93
38.78 315.43
38.79 314.85
38.8 314.82
38.81 313.56
38.82 312.98
38.83 315.14
38.84 318.46
38.85 320.59
38.86 321.42
38.87 321.38
38.88 320.59
38.89 319.67
38.9 318.93
38.91 317.92
38.92 316.88
38.93 315.96
38.94 315.18
38.95 314.4
38.96 313.36
38.97 311.18
38.98 307.63
38.99 304.14
39.0 299.72
39.01 297.12
39.02 297.75
39.03 298.5
39.04 295.99
39.05 295.7
39.06 298.52
39.07 303.54
39.08 309.22
39.09 313.81
39.1 318.19
39.11 321.02
39.12 319.73
39.13 317.22
39.14 315.24
39.15 311.83
39.16 307.91
39.17 306.17
39.18 305.92
39.19 305.56
39.2 305.76
39.21 306.07
39.22 306.73
39.23 307.93
39.24 307.95
39.25 304.33
39.26 297.91
39.27 293.91
39.28 301.07
39.29 308.08
39.3 305.39
39.31 296.55
39.32 291.56
39.33 287.69
39.34 281.5
39.35 271.05
39.36 270.27
39.37 271.66
39.38 272.96
39.39 275.77
39.4 277.96
39.41 278.85
39.42 278.12
39.43 275.3
39.44 273.57
39.45 272.15
39.46 272.14
39.47 273.47
39.48 273.57
39.49 273.5
39.5 273.52
39.51 274.38
39.52 277.88
39.53 281.46
39.54 277.01
39.55 272.59
39.56 263.31
39.57 246.42
39.58 217.01
39.59 186.39
39.6 76.09
39.61 72.52
39.62 107.25
39.63 107.79
39.64 104.25
39.65 94.09
39.66 93.88
39.67 278.02
39.68 265.62
39.69 252.36
39.7 237.8
39.71 232.27
39.72 230.2
39.73 228.77
39.74 228.73
39.75 231.05
39.76 234.64
39.77 238.17
39.78 240.84
39.79 242.32
39.8 243.27
39.81 245.19
39.82 246.55
39.83 245.39
39.84 244.23
39.85 242.41
39.86 240.97
39.87 241.28
39.88 237.1
39.89 221.6
39.9 210.44
39.91 188.93
39.92 170.46
39.93 167.72
39.94 162.6
39.95 192.29
39.96 195.72
39.97 215.46
39.98 244.31
39.99 262.06
40.0 275.42
40.01 285.8
40.02 291.07
40.03 293.52
40.04 296.12
40.05 295.62
40.06 292.48
40.07 288.06
40.08 284.06
40.09 279.78
40.1 275.82
40.11 273.64
40.12 270.69
40.13 266.91
40.14 266.54
40.15 266.6
40.16 267.46
40.17 267.32
40.18 267.8
40.19 268.99
40.2 270.61
40.21 271.4
40.22 270.64
40.23 270.87
40.24 272.21
40.25 272.39
40.26 271.43
40.27 271.24
40.28 272.7
40.29 276.09
40.3 277.83
40.31 276.73
40.32 275.81
40.33 273.4
40.34 270.75
40.35 269.9
40.36 268.89
40.37 267.05
40.38 265.09
40.39 262.42
40.4 256.75
40.41 251.03
40.42 245.76
40.43 238.81
40.44 224.41
40.45 214.15
40.46 198.05
40.47 164.65
40.48 177.57
40.49 183.98
40.5 0.0
40.51 27.43
40.52 227.43
40.53 216.94
40.54 0.0
40.55 0.0
40.56 0.0
40.57 0.0
40.58 0.0
40.59 0.0
40.6 0.0
40.61 0.0
40.62 0.0
40.63 0.0
40.64 0.0
40.65 0.0
40.66 0.0
40.67 0.0
40.68 0.0
40.69 0.0
40.7 0.0
40.71 0.0
40.72 0.0
40.73 0.0
40.74 0.0
40.75 0.0
40.76 0.0
40.77 0.0
40.78 0.0
40.79 0.0
40.8 218.17
40.81 66.73
40.82 287.45
40.83 289.38
40.84 288.26
40.85 141.39
40.86 145.72
40.87 150.32
40.88 159.95
40.89 166.4
40.9 164.75
40.91 165.79
40.92 177.29
40.93 287.53
40.94 281.39
40.95 286.2
40.96 278.92
40.97 265.76
40.98 260.69
40.99 257.54
41.0 254.91
41.01 256.32
41.02 259.33
41.03 262.07
41.04 264.68
41.05 267.06
41.06 270.15
41.07 272.89
41.08 274.89
41.09 277.61
41.1 282.46
41.11 286.44
41.12 289.56
41.13 293.51
41.14 298.51
41.15 303.14
41.16 306.23
41.17 309.25
41.18 312.92
41.19 315.12
41.2 316.43
41.21 318.03
41.22 318.8
41.23 317.95
41.24 317.08
41.25 317.35
41.26 318.53
41.27 318.38
41.28 317.95
41.29 319.19
41.3 320.21
41.31 320.02
41.32 319.38
41.33 320.59
41.34 322.51
41.35 323.68
41.36 324.67
41.37 325.4
41.38 325.25
41.39 325.43
41.4 325.29
41.41 323.76
41.42 322.07
41.43 319.78
41.44 315.84
41.45 311.33
41.46 309.01
41.47 311.73
41.48 313.07
41.49 304.59
41.5 303.46
41.51 309.45
41.52 308.17
41.53 311.85
41.54 318.41
41.55 319.28
41.56 322.74
41.57 326.34
41.58 328.04
41.59 327.31
41.6 325.0
41.61 323.25
41.62 319.95
41.63 316.56
41.64 313.28
41.65 312.04
41.66 309.8
41.67 307.11
41.68 307.36
41.69 308.08
41.7 308.68
41.71 310.26
41.72 310.03
41.73 307.85
41.74 300.92
41.75 281.69
41.76 259.11
41.77 234.73
41.78 206.96
41.79 183.69
41.8 203.29
41.81 268.71
41.82 72.64
41.83 59.86
41.84 61.2
41.85 0.0
41.86 286.83
41.87 323.72
41.88 315.39
41.89 301.6
41.9 282.77
41.91 275.16
41.92 270.07
41.93 267.64
41.94 268.99
41.95 268.55
41.96 269.54
41.97 272.56
41.98 273.35
41.99 274.06
42.0 276.81
42.01 277.9
42.02 276.86
42.03 275.74
42.04 273.92
42.05 273.12
42.06 272.17
42.07 270.34
42.08 270.73
42.09 272.19
42.1 272.34
42.11 272.96
42.12 274.15
42.13 273.88
42.14 274.51
42.15 277.81
42.16 281.07
42.17 285.06
42.18 289.09
42.19 294.01
42.2 299.32
42.21 299.92
42.22 300.31
42.23 299.87
42.24 304.7
42.25 313.56
42.26 321.66
42.27 323.29
42.28 319.37
42.29 314.37
42.3 310.97
42.31 306.55
42.32 301.49
42.33 298.07
42.34 297.23
42.35 297.25
42.36 295.76
42.37 296.76
42.38 298.88
42.39 299.49
42.4 299.58
42.41 299.55
42.42 299.2
42.43 299.94
42.44 301.39
42.45 303.28
42.46 305.3
42.47 305.6
42.48 304.22
42.49 301.94
42.5 301.73
42.51 303.31
42.52 303.12
42.53 303.04
42.54 304.09
42.55 305.09
42.56 306.11
42.57 306.79
42.58 306.1
42.59 304.77
42.6 304.02
42.61 303.08
42.62 301.72
42.63 300.16
42.64 296.87
42.65 292.77
42.66 288.41
42.67 283.47
42.68 276.68
42.69 269.78
42.7 261.61
42.71 250.2
42.72 239.3
42.73 231.57
42.74 226.5
42.75 224.05
42.76 224.98
42.77 226.77
42.78 228.42
42.79 229.64
42.8 229.45
42.81 228.7
42.82 230.74
42.83 232.15
42.84 232.4
42.85 233.16
42.86 234.06
42.87 234.95
42.88 236.37
42.89 236.2
42.9 235.81
42.91 236.67
42.92 239.16
42.93 239.85
42.94 239.4
42.95 240.51
42.96 242.27
42.97 244.21
42.98 246.5
42.99 249.93
43.0 251.99
43.01 251.62
43.02 246.93
43.03 236.15
43.04 224.1
43.05 213.44
43.06 203.78
43.07 183.57
43.08 181.9
43.09 230.89
43.1 211.61
43.11 206.87
43.12 0.0
43.13 0.0
43.14 276.24
43.15 251.34
43.16 231.59
43.17 226.99
43.18 225.03
43.19 223.83
43.2 225.21
43.21 226.09
43.22 226.16
43.23 228.23
43.24 228.73
43.25 226.96
43.26 226.07
43.27 225.4
43.28 225.46
43.29 226.46
43.3 227.3
43.31 229.66
43.32 232.44
43.33 234.23
43.34 233.96
43.35 231.68
43.36 228.82
43.37 226.32
43.38 223.75
43.39 221.74
43.4 220.17
43.41 220.18
43.42 221.2
43.43 221.13
43.44 220.42
43.45 219.24
43.46 215.82
43.47 208.45
43.48 197.53
43.49 184.64
43.5 175.75
43.51 159.81
43.52 67.09
43.53 195.11
43.54 207.68
43.55 0.0
43.56 0.0
43.57 0.0
43.58 0.0
43.59 0.0
43.6 0.0
43.61 0.0
43.62 0.0
43.63 72.6
43.64 71.42
43.65 122.58
43.66 0.0
43.67 0.0
43.68 210.79
43.69 202.91
43.7 201.55
43.71 203.11
43.72 205.13
43.73 212.22
43.74 221.78
43.75 230.76
43.76 233.84
43.77 234.84
43.78 238.13
43.79 243.24
43.8 248.95
43.81 253.42
43.82 257.01
43.83 131.77
43.84 264.78
43.85 269.4
43.86 272.95
43.87 275.29
43.88 278.4
43.89 279.92
43.9 281.28
43.91 282.35
43.92 282.28
43.93 283.19
43.94 284.42
43.95 285.15
43.96 287.59
43.97 290.16
43.98 292.93
43.99 295.87
44.0 295.33
44.01 293.53
44.02 292.74
44.03 291.67
44.04 292.54
44.05 292.98
44.06 292.72
44.07 293.55
44.08 293.14
44.09 292.36
44.1 293.52
44.11 294.05
44.12 293.9
44.13 294.59
44.14 294.97
44.15 295.31
44.16 296.54
44.17 296.2
44.18 296.56
44.19 298.13
44.2 297.34
44.21 297.67
44.22 300.22
44.23 300.85
44.24 300.4
44.25 300.27
44.26 299.21
44.27 296.99
44.28 296.74
44.29 298.78
44.3 299.52
44.31 299.69
44.32 300.88
44.33 301.54
44.34 300.85
44.35 301.78
44.36 304.46
44.37 305.56
44.38 304.49
44.39 303.68
44.4 303.1
44.41 302.15
44.42 301.99
44.43 301.69
44.44 301.32
44.45 301.77
44.46 302.17
44.47 301.24
44.48 299.3
44.49 300.05
44.5 302.98
44.51 304.36
44.52 303.78
44.53 302.04
44.54 301.03
44.55 300.86
44.56 299.88
44.57 299.63
44.58 301.23
44.59 302.53
44.6 302.37
44.61 302.29
44.62 303.12
44.63 303.3
44.64 302.52
44.65 302.31
44.66 302.3
44.67 303.02
44.68 303.32
44.69 302.2
44.7 302.23
44.71 303.06
44.72 303.42
44.73 302.37
44.74 301.1
44.75 301.66
44.76 301.71
44.77 301.16
44.78 301.49
44.79 302.59
44.8 303.1
44.81 303.22
44.82 304.3
44.83 306.07
44.84 307.58
44.85 306.8
44.86 305.88
44.87 306.02
44.88 305.79
44.89 305.9
44.9 306.1
44.91 306.34
44.92 306.39
44.93 305.97
44.94 306.19
44.95 306.3
44.96 304.55
44.97 302.81
44.98 303.19
44.99 302.82
45.0 300.99
45.01 300.45
45.02 301.68
45.03 302.69
45.04 302.43
45.05 302.32
45.06 304.1
45.07 306.68
45.08 308.33
45.09 306.94
45.1 306.93
45.11 310.88
45.12 309.07
45.13 309.7
45.14 313.27
45.15 313.18
45.16 315.31
45.17 315.27
45.18 311.06
45.19 310.7
45.2 309.1
45.21 305.72
45.22 304.7
45.23 301.9
45.24 301.37
45.25 301.64
45.26 302.01
45.27 302.52
45.28 301.37
45.29 302.15
45.3 302.83
45.31 306.1
45.32 308.24
45.33 307.37
45.34 307.89
45.35 306.45
45.36 306.25
45.37 311.11
45.38 314.34
45.39 315.36
45.4 317.09
45.41 317.26
45.42 317.88
45.43 316.01
45.44 311.71
45.45 306.44
45.46 301.98
45.47 300.06
45.48 297.48
45.49 295.92
45.5 295.3
45.51 293.75
45.52 294.08
45.53 295.86
45.54 298.43
45.55 300.97
45.56 302.45
45.57 303.14
45.58 303.74
45.59 304.73
45.6 305.59
45.61 305.43
45.62 304.92
45.63 303.72
45.64 301.93
45.65 300.18
45.66 299.15
45.67 299.66
45.68 300.6
45.69 301.62
45.7 302.82
45.71 303.74
45.72 303.84
45.73 303.08
45.74 302.66
45.75 302.95
45.76 302.44
45.77 301.31
45.78 300.9
45.79 301.11
45.8 301.32
45.81 302.26
45.82 303.14
45.83 302.37
45.84 301.35
45.85 301.8
45.86 302.57
45.87 302.52
45.88 302.31
45.89 302.37
45.9 302.46
45.91 301.88
45.92 300.68
45.93 299.92
45.94 298.55
45.95 296.95
45.96 296.31
45.97 296.43
45.98 297.37
45.99 298.04
46.0 298.66
46.01 300.01
46.02 301.33
46.03 302.65
46.04 303.15
46.05 302.58
46.06 302.13
46.07 301.61
46.08 300.68
46.09 300.72
46.1 301.63
46.11 301.16
46.12 300.61
46.13 300.45
46.14 299.92
46.15 299.79
46.16 300.42
46.17 300.68
46.18 300.6
46.19 300.32
46.2 299.78
46.21 300.36
46.22 301.44
46.23 302.09
46.24 302.02
46.25 301.28
46.26 300.64
46.27 300.28
46.28 299.98
46.29 300.14
46.3 300.84
46.31 302.28
46.32 303.55
46.33 302.79
46.34 300.32
46.35 297.95
46.36 296.06
46.37 294.46
46.38 294.27
46.39 294.68
46.4 294.3
46.41 294.68
46.42 293.71
46.43 291.73
46.44 290.12
46.45 286.96
46.46 283.52
46.47 284.12
46.48 287.82
46.49 290.23
46.5 287.1
46.51 282.93
46.52 271.77
46.53 250.64
46.54 99.55
46.55 100.44
46.56 204.65
46.57 210.37
46.58 214.9
46.59 215.54
46.6 233.43
46.61 0.0
46.62 0.0
46.63 0.0
46.64 275.03
46.65 272.6
46.66 90.15
46.67 88.8
46.68 88.92
46.69 65.66
46.7 65.21
46.71 65.43
46.72 87.58
46.73 87.77
46.74 131.14
46.75 87.75
46.76 87.92
46.77 132.56
46.78 263.69
46.79 264.85
46.8 260.17
46.81 234.72
46.82 196.45
46.83 203.81
46.84 0.0
46.85 66.53
46.86 251.5
46.87 0.0
46.88 0.0
46.89 0.0
46.9 255.04
46.91 255.27
46.92 0.0
46.93 0.0
46.94 0.0
46.95 0.0
46.96 0.0
46.97 0.0
46.98 0.0
46.99 0.0
47.0 0.0
47.01 0.0
47.02 0.0
47.03 0.0
47.04 0.0
47.05 130.47
47.06 72.07
47.07 263.27
47.08 258.04
47.09 235.22
47.1 239.29
47.11 241.29
47.12 245.34
47.13 276.59
47.14 287.68
47.15 283.69
47.16 275.37
47.17 271.44
47.18 268.63
47.19 259.14
47.2 255.54
47.21 254.5
47.22 251.3
47.23 251.44
47.24 255.06
47.25 258.89
47.26 259.47
47.27 262.39
47.28 266.83
47.29 271.27
47.3 277.6
47.31 282.77
47.32 285.54
47.33 288.76
47.34 292.99
47.35 296.59
47.36 298.67
47.37 301.33
47.38 304.96
47.39 306.96
47.4 308.18
47.41 310.13
47.42 312.94
47.43 314.56
47.44 315.0
47.45 316.33
47.46 317.81
47.47 319.1
47.48 318.93
47.49 317.84
47.5 317.19
47.51 316.74
47.52 317.15
47.53 318.01
47.54 319.21
47.55 319.67
47.56 319.62
47.57 319.86
47.58 319.25
47.59 319.42
47.6 321.14
47.61 322.04
47.62 322.59
47.63 323.88
47.64 325.54
47.65 326.56
47.66 325.26
47.67 324.15
47.68 323.65
47.69 322.26
47.7 322.88
47.71 322.86
47.72 321.59
47.73 322.25
47.74 323.6
47.75 323.27
47.76 324.77
47.77 327.28
47.78 325.83
47.79 321.96
47.8 319.99
47.81 318.89
47.82 317.9
47.83 317.59
47.84 317.7
47.85 318.49
47.86 318.21
47.87 318.32
47.88 317.58
47.89 315.35
47.9 315.9
47.91 315.51
47.92 313.35
47.93 309.59
47.94 306.37
47.95 302.65
47.96 297.89
47.97 296.31
47.98 298.08
47.99 299.34
48.0 299.67
48.01 300.26
48.02 303.46
48.03 306.9
48.04 309.86
48.05 313.01
48.06 314.5
48.07 314.93
48.08 316.16
48.09 317.95
48.1 317.98
48.11 316.0
48.12 312.58
48.13 310.1
48.14 308.12
48.15 307.23
48.16 306.54
48.17 304.92
48.18 304.24
48.19 304.44
48.2 304.0
48.21 303.12
48.22 304.08
48.23 305.81
48.24 306.39
48.25 306.41
48.26 306.59
48.27 307.41
48.28 307.95
48.29 307.77
48.3 307.45
48.31 306.7
48.32 304.41
48.33 302.46
48.34 301.67
48.35 300.7
48.36 300.81
48.37 301.15
48.38 301.8
48.39 301.67
48.4 300.67
48.41 301.9
48.42 303.47
48.43 304.59
48.44 305.38
48.45 304.46
48.46 303.14
48.47 301.73
48.48 300.53
48.49 298.91
48.5 297.69
48.51 297.99
48.52 298.84
48.53 300.35
48.54 300.55
48.55 300.05
48.56 297.16
48.57 290.14
48.58 285.42
48.59 281.9
48.6 274.49
48.61 274.44
48.62 271.46
48.63 254.88
48.64 152.79
48.65 146.28
48.66 140.97
48.67 133.37
48.68 254.5
48.69 278.61
48.7 232.44
48.71 214.8
48.72 196.15
48.73 187.31
48.74 187.74
48.75 189.07
48.76 190.12
48.77 192.67
48.78 195.74
48.79 198.85
48.8 202.39
48.81 204.78
48.82 205.92
48.83 206.81
48.84 207.95
48.85 208.38
48.86 207.97
48.87 207.56
48.88 208.47
48.89 210.44
48.9 212.07
48.91 214.01
48.92 216.02
48.93 218.45
48.94 220.68
48.95 221.71
48.96 222.42
48.97 222.95
48.98 223.87
48.99 225.6
49.0 226.99
49.01 226.05
49.02 223.79
49.03 221.31
49.04 219.22
49.05 216.79
49.06 214.32
49.07 212.94
49.08 213.45
49.09 215.12
49.1 217.32
49.11 219.81
49.12 221.98
49.13 223.0
49.14 223.31
49.15 222.8
49.16 221.29
49.17 220.19
49.18 219.1
49.19 217.67
49.2 217.62
49.21 218.4
49.22 219.0
49.23 219.61
49.24 220.15
49.25 220.57
49.26 220.75
49.27 221.3
49.28 222.3
49.29 223.32
49.3 223.21
49.31 222.44
49.32 223.08
49.33 224.14
49.34 222.89
49.35 222.76
49.36 223.37
49.37 222.04
49.38 216.85
49.39 213.02
49.4 221.92
49.41 233.4
49.42 238.63
49.43 245.01
49.44 253.28
49.45 252.36
49.46 249.68
49.47 244.69
49.48 240.38
49.49 236.59
49.5 228.6
49.51 222.89
49.52 221.99
49.53 223.31
49.54 224.4
49.55 226.47
49.56 229.22
49.57 231.32
49.58 234.18
49.59 235.69
49.6 234.61
49.61 233.07
49.62 231.91
49.63 230.93
49.64 229.73
49.65 228.34
49.66 228.26
49.67 229.18
49.68 229.12
49.69 230.28
49.7 232.82
49.71 234.75
49.72 235.51
49.73 235.96
49.74 238.8
49.75 240.09
49.76 240.77
49.77 242.01
49.78 244.22
49.79 245.84
49.8 246.97
49.81 248.7
49.82 247.46
49.83 245.39
49.84 242.27
49.85 238.69
49.86 237.16
49.87 235.97
49.88 234.69
49.89 234.68
49.9 235.75
49.91 236.7
49.92 237.93
49.93 240.28
49.94 242.36
49.95 245.07
49.96 247.48
49.97 247.8
49.98 246.06
49.99 245.35
50.0 244.61
50.01 243.96
50.02 242.2
50.03 239.08
50.04 237.43
50.05 235.47
50.06 234.56
50.07 234.88
50.08 235.64
50.09 236.36
50.1 237.88
50.11 240.4
50.12 241.63
50.13 242.08
50.14 241.89
50.15 241.65
50.16 241.87
50.17 241.49
50.18 240.11
50.19 238.97
50.2 238.87
50.21 238.03
50.22 237.91
50.23 238.23
50.24 237.01
50.25 236.48
50.26 235.67
50.27 234.34
50.28 234.08
50.29 234.21
50.3 233.83
50.31 234.12
50.32 234.69
50.33 235.16
50.34 236.85
50.35 239.4
50.36 242.19
50.37 245.99
50.38 250.32
50.39 254.84
50.4 260.77
50.41 265.5
50.42 268.39
50.43 270.78
50.44 273.12
50.45 272.8
50.46 270.86
50.47 268.84
50.48 265.29
50.49 260.54
50.5 257.84
50.51 257.39
50.52 258.42
50.53 259.69
50.54 261.5
50.55 263.41
50.56 264.36
50.57 263.68
50.58 262.26
50.59 261.4
50.6 261.58
50.61 262.09
50.62 263.73
50.63 265.15
50.64 265.41
50.65 264.28
50.66 262.8
50.67 261.7
50.68 260.32
50.69 260.22
50.7 260.71
50.71 260.43
50.72 260.48
50.73 260.91
50.74 262.6
50.75 264.91
50.76 265.2
50.77 264.64
50.78 263.99
50.79 263.83
50.8 263.99
50.81 264.12
50.82 264.5
50.83 265.15
50.84 265.64
50.85 265.77
50.86 265.11
50.87 264.49
50.88 264.69
50.89 264.41
50.9 264.24
50.91 264.46
50.92 264.37
50.93 264.38
50.94 263.91
50.95 262.99
50.96 262.24
50.97 262.14
50.98 261.97
50.99 262.1
51.0 263.42
51.01 264.84
51.02 266.99
51.03 268.73
51.04 268.96
51.05 268.29
51.06 267.58
51.07 267.43
51.08 267.61
51.09 267.81
51.1 268.14
51.11 268.59
51.12 269.25
51.13 269.53
51.14 269.1
51.15 267.59
51.16 265.49
51.17 264.03
51.18 264.02
51.19 264.6
51.2 264.59
51.21 264.03
51.22 263.92
51.23 264.92
51.24 265.98
51.25 265.75
51.26 265.23
51.27 264.89
51.28 263.92
51.29 263.06
51.3 264.6
51.31 266.8
51.32 267.74
51.33 267.7
51.34 267.8
51.35 268.38
51.36 269.51
51.37 270.14
51.38 270.05
51.39 269.37
51.4 268.19
51.41 268.07
51.42 268.84
51.43 268.89
51.44 268.24
51.45 267.03
51.46 265.64
51.47 265.19
51.48 265.94
51.49 266.71
51.5 266.83
51.51 266.15
51.52 265.37
51.53 264.35
51.54 264.17
51.55 265.33
51.56 266.28
51.57 266.6
51.58 267.87
51.59 269.24
51.6 269.16
51.61 267.95
51.62 265.85
51.63 264.91
51.64 265.49
51.65 266.54
51.66 267.93
51.67 268.88
51.68 269.2
51.69 269.38
51.7 268.08
51.71 265.37
51.72 263.64
51.73 263.23
51.74 264.88
51.75 266.75
51.76 268.26
51.77 268.79
51.78 268.02
51.79 267.29
51.8 267.59
51.81 268.4
51.82 269.13
51.83 269.31
51.84 268.93
51.85 268.42
51.86 268.06
51.87 267.55
51.88 267.06
51.89 266.97
51.9 267.42
51.91 267.45
51.92 267.31
51.93 268.08
51.94 268.51
51.95 268.98
51.96 268.52
51.97 267.1
51.98 266.44
51.99 266.62
52.0 267.6
52.01 269.24
52.02 271.11
52.03 271.25
52.04 270.29
52.05 270.17
52.06 270.02
52.07 269.48
52.08 268.96
52.09 269.45
52.1 271.28
52.11 272.25
52.12 271.96
52.13 271.61
52.14 271.99
52.15 272.42
52.16 271.86
52.17 270.78
52.18 269.53
52.19 268.56
52.2 268.16
52.21 267.13
52.22 266.4
52.23 265.71
52.24 265.26
52.25 264.58
52.26 264.46
52.27 264.56
52.28 263.85
52.29 265.44
52.3 267.83
52.31 268.98
52.32 269.37
52.33 269.08
52.34 269.02
52.35 269.75
52.36 273.13
52.37 279.05
52.38 284.97
52.39 289.42
52.4 291.7
52.41 289.93
52.42 282.88
52.43 269.73
52.44 208.85
52.45 0.0
52.46 0.0
52.47 0.0
52.48 0.0
52.49 0.0
52.5 0.0
52.51 0.0
52.52 0.0
52.53 0.0
52.54 0.0
52.55 0.0
52.56 0.0
52.57 0.0
52.58 0.0
52.59 0.0
52.6 0.0
52.61 0.0
52.62 0.0
52.63 0.0
52.64 0.0
52.65 0.0
52.66 0.0
52.67 0.0
52.68 0.0
52.69 0.0
52.7 0.0
52.71 0.0
52.72 0.0
52.73 0.0
52.74 0.0
52.75 0.0
52.76 0.0
52.77 0.0
52.78 0.0
52.79 0.0
52.8 0.0
52.81 0.0
52.82 0.0
52.83 0.0
52.84 0.0
52.85 0.0
52.86 0.0
52.87 159.33
52.88 153.6
52.89 153.8
52.9 154.02
52.91 154.96
52.92 156.85
52.93 157.82
52.94 160.46
52.95 161.73
52.96 157.92
52.97 81.19
52.98 163.63
52.99 166.18
53.0 169.58
53.01 167.43
53.02 167.62
53.03 168.67
53.04 171.03
53.05 172.07
53.06 174.04
53.07 178.35
53.08 179.02
53.09 181.31
53.1 176.98
53.11 175.37
53.12 181.56
53.13 176.46
53.14 177.79
53.15 179.61
53.16 185.69
53.17 206.38
53.18 274.57
53.19 261.97
53.2 254.86
53.21 247.8
53.22 246.23
53.23 245.49
53.24 244.27
53.25 246.14
53.26 247.73
53.27 248.17
53.28 251.89
53.29 257.73
53.3 260.5
53.31 264.82
53.32 268.27
53.33 270.9
53.34 276.75
53.35 279.66
53.36 280.5
53.37 282.18
53.38 284.33
53.39 286.78
53.4 289.02
53.41 290.67
53.42 292.48
53.43 294.39
53.44 295.78
53.45 296.57
53.46 297.77
53.47 300.35
53.48 304.3
53.49 305.12
53.5 304.77
53.51 305.11
53.52 305.01
53.53 304.09
53.54 304.11
53.55 306.18
53.56 305.56
53.57 305.41
53.58 306.39
53.59 306.04
53.6 304.54
53.61 302.66
53.62 300.27
53.63 299.5
53.64 300.63
53.65 303.01
53.66 304.11
53.67 302.96
53.68 302.64
53.69 302.85
53.7 304.21
53.71 305.73
53.72 306.61
53.73 306.78
53.74 306.25
53.75 304.17
53.76 301.31
53.77 298.61
53.78 297.51
53.79 298.33
53.8 298.85
53.81 297.96
53.82 295.36
53.83 293.36
53.84 293.85
53.85 293.64
53.86 294.24
53.87 296.52
53.88 299.66
53.89 303.79
53.9 307.15
53.91 308.81
53.92 308.41
53.93 306.95
53.94 305.41
53.95 304.07
53.96 302.06
53.97 300.99
53.98 300.06
53.99 299.23
54.0 298.61
54.01 298.55
54.02 300.24
54.03 301.53
54.04 302.87
54.05 303.27
54.06 301.55
54.07 300.08
54.08 299.98
54.09 300.31
54.1 298.91
54.11 298.32
54.12 298.62
54.13 298.77
54.14 299.41
54.15 300.76
54.16 302.06
54.17 301.97
54.18 301.39
54.19 300.14
54.2 299.81
54.21 300.5
54.22 300.34
54.23 300.75
54.24 299.84
54.25 298.03
54.26 296.88
54.27 296.8
54.28 298.81
54.29 300.75
54.3 301.98
54.31 302.06
54.32 300.81
54.33 299.05
54.34 298.07
54.35 297.4
54.36 297.39
54.37 297.98
54.38 296.84
54.39 294.97
54.4 295.22
54.41 296.08
54.42 291.04
54.43 278.53
54.44 264.18
54.45 249.59
54.46 234.01
54.47 212.0
54.48 196.84
54.49 179.58
54.5 186.17
54.51 194.06
54.52 74.63
54.53 122.48
54.54 137.33
54.55 139.12
54.56 80.16
54.57 80.16
54.58 80.55
54.59 119.47
54.6 118.4
54.61 117.52
54.62 118.54
54.63 118.59
54.64 120.36
54.65 355.2
54.66 336.34
54.67 324.33
54.68 317.32
54.69 312.3
54.7 308.23
54.71 304.37
54.72 301.69
54.73 300.61
54.74 301.05
54.75 301.67
54.76 301.39
54.77 300.65
54.78 300.69
54.79 301.1
54.8 300.61
54.81 299.98
54.82 299.93
54.83 300.21
54.84 300.36
54.85 300.52
54.86 300.75
54.87 301.66
54.88 303.39
54.89 304.34
54.9 303.92
54.91 304.23
54.92 305.11
54.93 305.12
54.94 304.31
54.95 303.33
54.96 302.8
54.97 301.61
54.98 299.9
54.99 298.49
55.0 297.97
55.01 297.96
55.02 297.42
55.03 296.34
55.04 296.32
55.05 295.8
55.06 293.98
55.07 293.78
55.08 294.29
55.09 295.76
55.1 297.28
55.11 297.32
55.12 296.96
55.13 296.98
55.14 296.55
55.15 295.3
55.16 293.89
55.17 293.5
55.18 295.87
55.19 299.83
55.2 300.25
55.21 294.79
55.22 288.04
55.23 278.34
55.24 270.27
55.25 264.89
55.26 259.58
55.27 253.96
55.28 248.13
55.29 241.87
55.3 234.7
55.31 233.33
55.32 238.08
55.33 248.84
55.34 264.26
55.35 285.96
55.36 313.53
55.37 321.44
55.38 321.19
55.39 322.76
55.4 321.55
55.41 317.32
55.42 310.87
55.43 305.74
55.44 303.77
55.45 302.54
55.46 301.79
55.47 301.58
55.48 302.11
55.49 302.51
55.5 301.84
55.51 301.0
55.52 301.2
55.53 303.81
55.54 307.52
55.55 307.22
55.56 304.52
55.57 301.85
55.58 298.64
55.59 298.0
55.6 299.11
55.61 297.77
55.62 298.09
55.63 301.15
55.64 304.09
55.65 303.18
55.66 304.37
55.67 303.76
55.68 308.2
55.69 303.93
55.7 298.92
55.71 303.84
55.72 292.24
55.73 278.31
55.74 268.19
55.75 259.82
55.76 255.26
55.77 252.0
55.78 252.75
55.79 256.38
55.8 258.59
55.81 259.72
55.82 260.35
55.83 260.75
55.84 262.05
55.85 264.61
55.86 266.99
55.87 268.53
55.88 269.58
55.89 270.34
55.9 269.91
55.91 269.09
55.92 268.51
55.93 267.31
55.94 266.53
55.95 266.37
55.96 267.41
55.97 269.39
55.98 272.22
55.99 276.04
56.0 278.43
56.01 277.15
56.02 276.39
56.03 276.52
56.04 275.84
56.05 274.51
56.06 274.55
56.07 274.71
56.08 269.29
56.09 260.61
56.1 252.16
56.11 240.7
56.12 224.37
56.13 121.48
56.14 129.91
56.15 84.35
56.16 77.56
56.17 76.6
56.18 115.35
56.19 306.58
56.2 265.16
56.21 255.64
56.22 251.68
56.23 249.86
56.24 247.78
56.25 249.77
56.26 256.88
56.27 257.58
56.28 255.7
56.29 258.05
56.3 256.37
56.31 254.7
56.32 256.81
56.33 255.57
56.34 257.56
56.35 263.26
56.36 264.08
56.37 266.42
56.38 267.36
56.39 267.96
56.4 267.83
56.41 264.78
56.42 265.46
56.43 263.74
56.44 264.78
56.45 265.53
56.46 265.78
56.47 265.91
56.48 263.93
56.49 262.39
56.5 260.28
56.51 260.94
56.52 261.14
56.53 262.87
56.54 263.23
56.55 260.35
56.56 261.31
56.57 260.87
56.58 260.85
56.59 262.84
56.6 262.73
56.61 264.55
56.62 265.11
56.63 266.84
56.64 268.86
56.65 269.72
56.66 270.66
56.67 268.95
56.68 267.43
56.69 265.55
56.7 265.6
56.71 264.86
56.72 266.46
56.73 267.24
56.74 267.61
56.75 267.5
56.76 265.57
56.77 263.76
56.78 259.34
56.79 260.02
56.8 261.94
56.81 262.53
56.82 265.77
56.83 263.18
56.84 258.56
56.85 256.48
56.86 233.21
56.87 221.33
56.88 111.84
56.89 112.22
56.9 224.78
56.91 224.22
56.92 224.1
56.93 113.36
56.94 226.09
56.95 223.32
56.96 219.67
56.97 212.4
56.98 206.68
56.99 74.94
57.0 74.71
57.01 74.74
57.02 76.0
57.03 231.38
57.04 228.96
57.05 0.0
57.06 0.0
57.07 0.0
57.08 76.4
57.09 110.41
57.1 0.0
57.11 0.0
57.12 0.0
57.13 0.0
57.14 0.0
57.15 0.0
57.16 0.0
57.17 0.0
57.18 0.0
57.19 0.0
57.2 0.0
57.21 0.0
57.22 0.0
57.23 0.0
57.24 0.0
57.25 0.0
57.26 0.0
57.27 0.0
57.28 0.0
57.29 0.0
57.3 0.0
57.31 0.0
57.32 0.0
57.33 0.0
57.34 0.0
57.35 0.0
57.36 0.0
57.37 0.0
57.38 0.0
57.39 0.0
57.4 0.0
57.41 0.0
57.42 0.0
57.43 0.0
57.44 0.0
57.45 0.0
57.46 0.0
57.47 0.0
57.48 0.0
57.49 0.0
57.5 0.0
57.51 218.39
57.52 219.3
57.53 222.16
57.54 223.8
57.55 113.17
57.56 84.0
57.57 119.69
57.58 249.45
57.59 241.38
57.6 234.35
57.61 230.47
57.62 231.76
57.63 236.02
57.64 242.36
57.65 249.0
57.66 255.83
57.67 258.71
57.68 263.85
57.69 269.21
57.7 273.33
57.71 276.63
57.72 279.22
57.73 282.05
57.74 285.75
57.75 288.66
57.76 288.06
57.77 285.56
57.78 284.86
57.79 284.96
57.8 285.3
57.81 285.24
57.82 285.73
57.83 286.77
57.84 288.41
57.85 290.01
57.86 291.36
57.87 292.24
57.88 292.69
57.89 292.87
57.9 291.02
57.91 288.81
57.92 287.21
57.93 284.11
57.94 281.13
57.95 281.36
57.96 285.77
57.97 100.04
57.98 100.78
57.99 99.78
58.0 297.1
58.01 294.82
58.02 291.85
58.03 290.92
58.04 290.82
58.05 291.1
58.06 292.26
58.07 293.02
58.08 294.2
58.09 296.27
58.1 297.63
58.11 297.8
58.12 296.92
58.13 296.29
58.14 295.8
58.15 295.84
58.16 296.52
58.17 297.42
58.18 297.38
58.19 296.71
58.2 297.78
58.21 299.99
58.22 301.4
58.23 302.49
58.24 302.7
58.25 301.98
58.26 302.33
58.27 302.55
58.28 302.02
58.29 301.67
58.3 300.54
58.31 298.69
58.32 295.74
58.33 293.8
58.34 293.7
58.35 294.49
58.36 296.81
58.37 298.0
58.38 298.15
58.39 298.06
58.4 298.4
58.41 298.48
58.42 298.28
58.43 298.64
58.44 298.83
58.45 298.96
58.46 299.74
58.47 300.52
58.48 300.22
58.49 299.77
58.5 299.61
58.51 300.49
58.52 302.56
58.53 304.16
58.54 303.18
58.55 300.56
58.56 297.99
58.57 295.34
58.58 293.73
58.59 290.35
58.6 280.31
58.61 267.47
58.62 264.29
58.63 254.47
58.64 193.65
58.65 175.2
58.66 148.51
58.67 145.61
58.68 179.39
58.69 0.0
58.7 0.0
58.71 283.4
58.72 271.6
58.73 276.87
58.74 278.69
58.75 284.51
58.76 287.99
58.77 290.27
58.78 294.1
58.79 297.39
58.8 299.16
58.81 299.53
58.82 299.18
58.83 299.23
58.84 300.43
58.85 301.61
58.86 302.19
58.87 302.6
58.88 303.33
58.89 304.01
58.9 304.46
58.91 303.73
58.92 301.04
58.93 300.72
58.94 300.24
58.95 298.18
58.96 299.24
58.97 304.13
58.98 303.77
58.99 296.53
59.0 281.89
59.01 260.01
59.02 237.76
59.03 205.21
59.04 189.14
59.05 179.28
59.06 198.77
59.07 64.07
59.08 97.03
59.09 74.87
59.1 225.88
59.11 243.34
59.12 251.33
59.13 340.57
59.14 299.43
59.15 291.11
59.16 282.94
59.17 278.66
59.18 278.46
59.19 280.65
59.2 285.02
59.21 288.38
59.22 289.97
59.23 291.61
59.24 294.18
59.25 295.41
59.26 295.65
59.27 294.1
59.28 288.9
59.29 281.69
59.3 274.67
59.31 276.91
59.32 283.64
59.33 290.79
59.34 298.04
59.35 304.45
59.36 305.45
59.37 302.3
59.38 303.27
59.39 305.58
59.4 303.62
59.41 302.25
59.42 299.06
59.43 291.59
59.44 285.45
59.45 287.99
59.46 296.37
59.47 297.78
59.48 297.1
59.49 297.7
59.5 297.17
59.51 294.13
59.52 293.76
59.53 296.91
59.54 297.91
59.55 297.79
59.56 300.27
59.57 300.3
59.58 300.59
59.59 301.68
59.6 299.49
59.61 299.52
59.62 301.49
59.63 300.63
59.64 299.66
59.65 299.27
59.66 297.55
59.67 297.01
59.68 296.94
59.69 296.95
59.7 296.96
59.71 298.05
59.72 299.98
59.73 299.16
59.74 299.41
59.75 300.56
59.76 299.24
59.77 298.7
59.78 298.15
59.79 294.61
59.8 293.0
59.81 294.14
59.82 296.79
59.83 299.0
59.84 297.9
59.85 294.77
59.86 293.48
59.87 295.59
59.88 297.5
59.89 296.05
59.9 297.01
59.91 298.56
59.92 297.77
59.93 299.14
59.94 300.97
59.95 301.12
59.96 303.03
59.97 304.22
59.98 302.48
59.99 301.92
60.0 301.3
60.01 297.74
60.02 295.33
60.03 294.01
60.04 288.46
60.05 283.0
60.06 281.73
60.07 279.5
60.08 264.73
60.09 245.47
60.1 223.87
60.11 191.36
60.12 87.7
60.13 244.72
60.14 260.29
60.15 261.88
60.16 131.27
60.17 72.58
60.18 74.82
60.19 76.19
60.2 151.6
60.21 137.91
60.22 413.24
60.23 331.45
60.24 315.71
60.25 303.21
60.26 297.43
60.27 293.07
60.28 293.57
60.29 294.07
60.3 293.95
60.31 294.31
60.32 294.14
60.33 293.67
60.34 294.31
60.35 295.97
60.36 296.58
60.37 295.52
60.38 293.57
60.39 292.07
60.4 292.07
60.41 292.88
60.42 293.72
60.43 294.47
60.44 295.2
60.45 296.13
60.46 296.87
60.47 297.14
60.48 297.49
60.49 297.83
60.5 297.35
60.51 295.75
60.52 294.1
60.53 293.81
60.54 293.85
60.55 293.43
60.56 293.74
60.57 295.25
60.58 296.11
60.59 296.09
60.6 296.41
60.61 296.84
60.62 297.27
60.63 297.42
60.64 297.78
60.65 298.23
60.66 298.71
60.67 300.26
60.68 302.18
60.69 304.11
60.7 304.76
60.71 304.31
60.72 303.96
60.73 303.13
60.74 301.65
60.75 299.91
60.76 298.11
60.77 296.9
60.78 297.22
60.79 298.37
60.8 299.34
60.81 299.73
60.82 300.95
60.83 302.05
60.84 302.54
60.85 303.51
60.86 304.49
60.87 304.96
60.88 304.65
60.89 303.94
60.9 303.06
60.91 301.77
60.92 300.45
60.93 300.04
60.94 299.78
60.95 299.52
60.96 299.19
60.97 299.0
60.98 299.59
60.99 299.91
61.0 299.96
61.01 300.5
61.02 301.68
61.03 302.72
61.04 302.39
61.05 301.72
61.06 301.56
61.07 301.69
61.08 302.48
61.09 303.78
61.1 304.63
61.11 304.02
61.12 302.92
61.13 302.99
61.14 304.5
61.15 305.95
61.16 306.39
61.17 306.16
61.18 305.78
61.19 306.19
61.2 305.93
61.21 305.24
61.22 304.78
61.23 304.39
61.24 304.18
61.25 303.54
61.26 302.92
61.27 302.96
61.28 304.49
61.29 306.19
61.3 307.56
61.31 308.31
61.32 306.98
61.33 303.58
61.34 298.96
61.35 293.66
61.36 287.95
61.37 283.88
61.38 277.67
61.39 265.41
61.4 255.29
61.41 245.92
61.42 236.67
61.43 232.79
61.44 232.62
61.45 233.26
61.46 236.13
61.47 238.82
61.48 239.21
61.49 239.95
61.5 239.65
61.51 237.98
61.52 234.51
61.53 232.21
61.54 231.09
61.55 230.63
61.56 231.54
61.57 232.8
61.58 233.99
61.59 235.8
61.6 239.15
61.61 243.65
61.62 248.05
61.63 249.71
61.64 249.85
61.65 248.52
61.66 246.51
61.67 244.11
61.68 241.01
61.69 238.02
61.7 235.14
61.71 233.05
61.72 233.08
61.73 233.99
61.74 232.75
61.75 231.2
61.76 231.77
61.77 234.11
61.78 238.13
61.79 244.54
61.8 87.66
61.81 134.89
61.82 282.47
61.83 322.39
61.84 294.44
61.85 280.9
61.86 273.42
61.87 263.71
61.88 253.85
61.89 252.44
61.9 249.66
61.91 247.48
61.92 246.22
61.93 246.33
61.94 247.46
61.95 249.28
61.96 250.8
61.97 251.76
61.98 126.04
61.99 126.8
62.0 127.46
62.01 255.67
62.02 259.14
62.03 261.05
62.04 262.17
62.05 263.39
62.06 265.67
62.07 268.11
62.08 269.87
62.09 270.84
62.1 272.44
62.11 273.98
62.12 274.01
62.13 272.42
62.14 270.23
62.15 134.23
62.16 133.22
62.17 132.59
62.18 132.8
62.19 132.98
62.2 133.05
62.21 133.47
62.22 134.16
62.23 268.96
62.24 270.44
62.25 272.1
62.26 273.18
62.27 273.51
62.28 273.35
62.29 273.64
62.3 274.1
62.31 274.53
62.32 275.07
62.33 274.66
62.34 273.41
62.35 270.99
62.36 268.91
62.37 269.43
62.38 270.37
62.39 271.18
62.4 272.21
62.41 272.75
62.42 273.87
62.43 275.3
62.44 277.95
62.45 279.33
62.46 279.38
62.47 279.66
62.48 278.78
62.49 280.02
62.5 283.01
62.51 282.5
62.52 281.44
62.53 279.46
62.54 276.35
62.55 271.32
62.56 264.56
62.57 261.5
62.58 259.54
62.59 256.49
62.6 257.75
62.61 252.62
62.62 251.69
62.63 257.76
62.64 261.57
62.65 262.96
62.66 255.88
62.67 241.71
62.68 237.22
62.69 240.32
62.7 249.34
62.71 257.85
62.72 265.96
62.73 271.86
62.74 278.38
62.75 280.24
62.76 275.73
62.77 271.83
62.78 269.63
62.79 268.43
62.8 266.8
62.81 265.93
62.82 266.06
62.83 267.75
62.84 268.54
62.85 267.24
62.86 267.0
62.87 267.69
62.88 267.64
62.89 267.87
62.9 266.26
62.91 264.63
62.92 263.78
62.93 259.64
62.94 254.84
62.95 253.39
62.96 252.83
62.97 240.92
62.98 176.4
62.99 230.2
63.0 117.5
63.01 236.18
63.02 240.97
63.03 119.49
63.04 118.93
63.05 118.57
63.06 237.84
63.07 117.92
63.08 117.41
63.09 117.02
63.1 117.36
63.11 117.5
63.12 117.56
63.13 117.13
63.14 116.78
63.15 116.82
63.16 77.64
63.17 77.8
63.18 117.42
63.19 117.27
63.2 117.88
63.21 118.12
63.22 117.97
63.23 117.81
63.24 117.77
63.25 117.9
63.26 117.89
63.27 117.8
63.28 117.72
63.29 117.99
63.3 118.25
63.31 118.18
63.32 118.22
63.33 118.32
63.34 118.29
63.35 117.73
63.36 233.9
63.37 229.72
63.38 115.93
63.39 115.53
63.4 231.95
63.41 116.41
63.42 230.54
63.43 237.64
63.44 229.57
63.45 232.91
63.46 116.24
63.47 116.19
63.48 116.38
63.49 116.38
63.5 116.6
63.51 117.01
63.52 117.81
63.53 118.27
63.54 118.38
63.55 119.01
63.56 118.51
63.57 118.45
63.58 117.65
63.59 117.44
63.6 232.59
63.61 115.13
63.62 113.99
63.63 112.61
63.64 111.69
63.65 214.59
63.66 210.68
63.67 206.1
63.68 186.48
63.69 185.62
63.7 174.17
63.71 291.28
63.72 283.75
63.73 271.23
63.74 259.27
63.75 253.13
63.76 249.54
63.77 248.1
63.78 250.94
63.79 252.97
63.8 253.25
63.81 254.49
63.82 256.51
63.83 256.98
63.84 259.68
63.85 262.22
63.86 264.25
63.87 267.79
63.88 271.72
63.89 277.47
63.9 283.02
63.91 287.66
63.92 291.48
63.93 294.07
63.94 296.59
63.95 298.32
63.96 298.93
63.97 299.41
63.98 300.7
63.99 302.88
64.0 304.81
64.01 306.39
64.02 307.86
64.03 309.02
64.04 309.39
64.05 310.17
64.06 311.49
64.07 312.73
64.08 314.89
64.09 316.62
64.1 316.65
64.11 317.23
64.12 318.01
64.13 318.15
64.14 318.82
64.15 320.31
64.16 321.87
64.17 321.84
64.18 320.81
64.19 319.68
64.2 317.47
64.21 314.71
64.22 311.31
64.23 308.03
64.24 308.42
64.25 312.21
64.26 311.85
64.27 308.07
64.28 303.23
64.29 300.82
64.3 300.27
64.31 299.45
64.32 300.14
64.33 301.68
64.34 302.78
64.35 304.69
64.36 307.52
64.37 307.93
64.38 306.36
64.39 304.15
64.4 301.49
64.41 299.59
64.42 297.64
64.43 295.18
64.44 295.05
64.45 296.0
64.46 297.26
64.47 299.18
64.48 298.85
64.49 296.55
64.5 293.29
64.51 294.13
64.52 304.35
64.53 306.45
64.54 302.53
64.55 299.91
64.56 296.72
64.57 293.86
64.58 289.04
64.59 276.42
64.6 274.31
64.61 273.87
64.62 274.82
64.63 275.54
64.64 276.2
64.65 277.21
64.66 278.01
64.67 278.77
64.68 278.18
64.69 276.25
64.7 275.08
64.71 273.98
64.72 273.35
64.73 272.77
64.74 271.74
64.75 270.98
64.76 272.11
64.77 274.84
64.78 273.49
64.79 269.18
64.8 260.98
64.81 243.69
64.82 218.08
64.83 195.06
64.84 59.8
64.85 97.45
64.86 62.13
64.87 62.28
64.88 105.68
64.89 110.48
64.9 0.0
64.91 271.06
64.92 283.62
64.93 279.35
64.94 272.02
64.95 256.36
64.96 248.03
64.97 238.13
64.98 233.87
64.99 232.63
65.0 232.6
65.01 233.11
65.02 234.38
65.03 235.34
65.04 235.95
65.05 236.71
65.06 237.57
65.07 239.73
65.08 242.93
65.09 244.36
65.1 244.56
65.11 245.36
65.12 246.02
65.13 246.38
65.14 241.78
65.15 225.67
65.16 202.73
65.17 185.19
65.18 180.51
65.19 180.51
65.2 199.71
65.21 215.9
65.22 198.11
65.23 227.14
65.24 245.82
65.25 263.69
65.26 275.75
65.27 284.91
65.28 291.43
65.29 294.88
65.3 294.58
65.31 293.99
65.32 291.22
65.33 287.41
65.34 283.71
65.35 282.25
65.36 279.6
65.37 275.13
65.38 270.57
65.39 268.64
65.4 267.38
65.41 267.31
65.42 268.65
65.43 269.67
65.44 271.75
65.45 273.8
65.46 274.8
65.47 274.68
65.48 274.04
65.49 273.0
65.5 271.36
65.51 270.38
65.52 270.0
65.53 270.02
65.54 270.57
65.55 271.6
65.56 271.43
65.57 270.79
65.58 270.92
65.59 271.96
65.6 272.75
65.61 271.85
65.62 269.49
65.63 267.21
65.64 263.41
65.65 257.69
65.66 253.15
65.67 250.03
65.68 245.45
65.69 235.85
65.7 218.61
65.71 204.83
65.72 123.48
65.73 0.0
65.74 0.0
65.75 0.0
65.76 235.5
65.77 387.82
65.78 0.0
65.79 0.0
65.8 0.0
65.81 0.0
65.82 0.0
65.83 0.0
65.84 0.0
65.85 0.0
65.86 0.0
65.87 0.0
65.88 0.0
65.89 0.0
65.9 0.0
65.91 0.0
65.92 0.0
65.93 0.0
65.94 0.0
65.95 0.0
65.96 0.0
65.97 0.0
65.98 0.0
65.99 0.0
66.0 0.0
66.01 0.0
66.02 0.0
66.03 0.0
66.04 0.0
66.05 0.0
66.06 0.0
66.07 0.0
66.08 130.26
66.09 72.32
66.1 148.81
66.11 161.21
66.12 318.61
66.13 304.85
66.14 289.53
66.15 278.72
66.16 276.29
66.17 277.04
66.18 278.87
66.19 279.2
66.2 279.28
66.21 279.75
66.22 279.56
66.23 279.42
66.24 279.93
66.25 280.71
66.26 282.67
66.27 286.04
66.28 287.86
66.29 291.48
66.3 295.64
66.31 298.41
66.32 300.36
66.33 301.84
66.34 302.67
66.35 302.24
66.36 301.77
66.37 301.5
66.38 300.71
66.39 301.57
66.4 303.78
66.41 305.62
66.42 307.04
66.43 307.98
66.44 310.98
66.45 315.07
66.46 317.14
66.47 319.52
66.48 321.97
66.49 324.11
66.5 325.51
66.51 325.73
66.52 326.49
66.53 325.93
66.54 322.92
66.55 320.43
66.56 319.31
66.57 318.83
66.58 318.45
66.59 317.49
66.6 315.81
66.61 314.44
66.62 313.07
66.63 311.86
66.64 310.9
66.65 311.35
66.66 314.48
66.67 316.63
66.68 307.79
66.69 302.9
66.7 306.27
66.71 308.28
66.72 309.44
66.73 311.18
66.74 315.2
66.75 318.37
66.76 317.51
66.77 316.31
66.78 314.93
66.79 313.0
66.8 309.76
66.81 306.21
66.82 303.79
66.83 301.2
66.84 300.51
66.85 299.27
66.86 298.52
66.87 298.92
66.88 297.84
66.89 298.61
66.9 298.56
66.91 299.16
66.92 301.04
66.93 301.2
66.94 301.34
66.95 300.49
66.96 297.8
66.97 290.67
66.98 277.48
66.99 256.14
67.0 229.03
67.01 197.28
67.02 178.4
67.03 169.23
67.04 73.35
67.05 94.28
67.06 76.46
67.07 233.55
67.08 246.31
67.09 277.41
67.1 283.71
67.11 280.94
67.12 273.48
67.13 268.66
67.14 266.17
67.15 262.58
67.16 261.2
67.17 262.56
67.18 262.52
67.19 262.02
67.2 261.76
67.21 261.18
67.22 260.73
67.23 259.58
67.24 257.43
67.25 255.31
67.26 255.12
67.27 257.4
67.28 258.11
67.29 259.13
67.3 261.82
67.31 264.08
67.32 264.8
67.33 263.95
67.34 264.87
67.35 267.05
67.36 269.27
67.37 272.49
67.38 276.19
67.39 278.89
67.4 280.67
67.41 281.63
67.42 278.03
67.43 276.18
67.44 287.3
67.45 298.74
67.46 301.35
67.47 306.27
67.48 313.11
67.49 316.31
67.5 318.39
67.51 317.29
67.52 317.22
67.53 314.91
67.54 310.73
67.55 304.61
67.56 300.11
67.57 298.38
67.58 298.2
67.59 297.65
67.6 296.8
67.61 297.27
67.62 298.48
67.63 298.24
67.64 297.73
67.65 295.44
67.66 291.28
67.67 289.31
67.68 289.4
67.69 290.18
67.7 290.41
67.71 290.04
67.72 289.63
67.73 289.79
67.74 292.25
67.75 295.07
67.76 296.72
67.77 296.8
67.78 296.11
67.79 296.14
67.8 296.61
67.81 297.22
67.82 297.53
67.83 296.45
67.84 294.77
67.85 293.2
67.86 289.98
67.87 286.61
67.88 282.54
67.89 278.17
67.9 271.63
67.91 264.8
67.92 256.91
67.93 249.58
67.94 241.97
67.95 237.03
67.96 235.45
67.97 234.79
67.98 234.68
67.99 236.13
68.0 236.58
68.01 237.9
68.02 239.0
68.03 237.72
68.04 239.82
68.05 241.09
68.06 240.37
68.07 241.43
68.08 241.52
68.09 239.71
68.1 240.35
68.11 241.73
68.12 240.85
68.13 240.96
68.14 239.82
68.15 237.4
68.16 237.4
68.17 240.23
68.18 240.6
68.19 239.0
68.2 239.1
68.21 239.64
68.22 237.71
68.23 237.27
68.24 237.59
68.25 237.41
68.26 233.12
68.27 226.26
68.28 219.45
68.29 210.19
68.3 183.63
68.31 218.68
68.32 231.43
68.33 230.99
68.34 227.9
68.35 225.85
68.36 0.0
68.37 268.45
68.38 266.45
68.39 255.61
68.4 242.34
68.41 237.33
68.42 233.79
68.43 233.08
68.44 234.44
68.45 233.26
68.46 232.69
68.47 233.78
68.48 231.89
68.49 229.58
68.5 222.48
68.51 214.05
68.52 196.24
68.53 186.23
68.54 202.06
68.55 159.87
68.56 159.12
68.57 160.59
68.58 322.52
68.59 70.9
68.6 71.48
68.61 215.64
68.62 211.1
68.63 0.0
68.64 0.0
68.65 0.0
68.66 0.0
68.67 0.0
68.68 0.0
68.69 0.0
68.7 0.0
68.71 0.0
68.72 0.0
68.73 0.0
68.74 0.0
68.75 0.0
68.76 0.0
68.77 0.0
68.78 0.0
68.79 0.0
68.8 0.0
68.81 0.0
68.82 0.0
68.83 0.0
68.84 0.0
68.85 0.0
68.86 0.0
68.87 0.0
68.88 0.0
68.89 0.0
68.9 0.0
68.91 0.0
68.92 0.0
68.93 0.0
68.94 0.0
68.95 0.0
68.96 0.0
68.97 0.0
68.98 0.0
68.99 0.0
69.0 0.0
69.01 0.0
69.02 0.0
69.03 0.0
69.04 226.94
69.05 220.68
69.06 216.46
69.07 212.81
69.08 211.83
69.09 210.17
69.1 208.45
69.11 105.07
69.12 105.62
69.13 304.67
69.14 287.27
69.15 280.11
69.16 279.24
69.17 135.08
69.18 132.2
69.19 257.1
69.2 254.5
69.21 253.17
69.22 254.18
69.23 257.83
69.24 259.89
69.25 260.92
69.26 262.54
69.27 263.76
69.28 266.06
69.29 268.51
69.3 269.52
69.31 270.06
69.32 270.04
69.33 271.14
69.34 272.94
69.35 275.03
69.36 277.46
69.37 280.71
69.38 282.56
69.39 282.98
69.4 282.86
69.41 282.71
69.42 282.78
69.43 283.6
69.44 284.7
69.45 286.47
69.46 287.64
69.47 288.82
69.48 289.9
69.49 289.53
69.5 289.29
69.51 289.52
69.52 290.65
69.53 291.68
69.54 292.54
69.55 294.35
69.56 295.54
69.57 294.97
69.58 293.94
69.59 293.64
69.6 293.69
69.61 294.71
69.62 296.16
69.63 295.78
69.64 295.43
69.65 295.91
69.66 295.32
69.67 295.53
69.68 296.84
69.69 296.42
69.7 296.55
69.71 297.23
69.72 296.68
69.73 297.24
69.74 298.74
69.75 298.59
69.76 298.29
69.77 298.43
69.78 297.18
69.79 296.41
69.8 296.6
69.81 295.15
69.82 294.81
69.83 295.57
69.84 294.97
69.85 295.64
69.86 296.05
69.87 295.67
69.88 296.76
69.89 297.12
69.9 297.77
69.91 300.12
69.92 301.75
69.93 301.35
69.94 300.87
69.95 300.81
69.96 299.57
69.97 296.82
69.98 295.65
69.99 295.39
70.0 295.19
70.01 296.03
70.02 295.15
70.03 294.85
70.04 295.43
70.05 296.0
70.06 297.99
70.07 300.1
70.08 299.88
70.09 299.14
70.1 298.92
70.11 298.69
70.12 299.24
70.13 300.27
70.14 299.73
70.15 298.12
70.16 298.23
70.17 299.13
70.18 299.2
70.19 299.32
70.2 300.65
70.21 300.57
70.22 299.24
70.23 299.8
70.24 299.95
70.25 298.94
70.26 299.74
70.27 301.05
70.28 300.57
70.29 299.89
70.3 300.84
70.31 302.78
70.32 302.39
70.33 301.52
70.34 302.35
70.35 303.39
70.36 303.46
70.37 302.34
70.38 300.96
70.39 301.13
70.4 301.67
70.41 301.33
70.42 302.14
70.43 303.89
70.44 305.17
70.45 304.51
70.46 303.1
70.47 302.96
70.48 303.78
70.49 305.22
70.5 306.58
70.51 307.11
70.52 306.94
70.53 306.04
70.54 307.31
70.55 307.14
70.56 306.37
70.57 306.45
70.58 303.79
70.59 304.38
70.6 304.54
70.61 303.63
70.62 305.72
70.63 304.82
70.64 303.49
70.65 302.73
70.66 303.57
70.67 304.11
70.68 303.0
70.69 303.09
70.7 302.62
70.71 302.64
70.72 301.77
70.73 300.08
70.74 299.82
70.75 299.94
70.76 300.53
70.77 299.37
70.78 298.29
70.79 298.39
70.8 299.86
70.81 304.1
70.82 308.66
70.83 312.51
70.84 315.98
70.85 317.81
70.86 318.18
70.87 317.04
70.88 315.5
70.89 314.54
70.9 312.78
70.91 309.65
70.92 306.25
70.93 302.31
70.94 297.15
70.95 291.75
70.96 288.38
70.97 289.7
70.98 292.69
70.99 294.16
71.0 295.47
71.01 297.45
71.02 299.34
71.03 300.24
71.04 300.36
71.05 299.96
71.06 299.79
71.07 299.92
71.08 299.93
71.09 298.78
71.1 297.34
71.11 296.27
71.12 295.07
71.13 294.07
71.14 293.19
71.15 294.07
71.16 295.84
71.17 296.89
71.18 296.62
71.19 296.9
71.2 298.84
71.21 300.03
71.22 299.69
71.23 299.06
71.24 299.43
71.25 299.84
71.26 299.57
71.27 299.12
71.28 299.09
71.29 298.88
71.3 297.07
71.31 293.84
71.32 292.32
71.33 292.05
71.34 291.83
71.35 292.32
71.36 293.92
71.37 296.41
71.38 297.81
71.39 297.93
71.4 298.66
71.41 299.52
71.42 299.32
71.43 298.2
71.44 297.29
71.45 297.79
71.46 298.1
71.47 297.65
71.48 297.96
71.49 298.01
71.5 296.91
71.51 296.96
71.52 298.28
71.53 299.17
71.54 298.96
71.55 298.8
71.56 299.82
71.57 299.99
71.58 299.6
71.59 299.61
71.6 300.22
71.61 300.49
71.62 299.49
71.63 298.15
71.64 297.22
71.65 298.46
71.66 300.37
71.67 300.7
71.68 299.9
71.69 298.83
71.7 299.03
71.71 299.63
71.72 298.91
71.73 298.35
71.74 298.2
71.75 298.67
71.76 299.36
71.77 299.63
71.78 299.23
71.79 298.27
71.8 297.22
71.81 295.91
71.82 295.65
71.83 296.33
71.84 296.12
71.85 295.42
71.86 295.73
71.87 295.8
71.88 295.23
71.89 294.9
71.9 293.28
71.91 292.4
71.92 295.28
71.93 297.28
71.94 294.03
71.95 292.68
71.96 291.64
71.97 290.6
71.98 291.05
71.99 290.67
72.0 290.82
72.01 290.09
72.02 289.11
72.03 286.48
72.04 278.83
72.05 259.69
72.06 242.4
72.07 238.22
72.08 241.31
72.09 231.39
72.1 215.57
72.11 214.4
72.12 239.83
72.13 195.31
72.14 0.0
72.15 192.25
72.16 187.4
72.17 94.68
72.18 93.24
72.19 138.91
72.2 90.8
72.21 90.86
72.22 134.94
72.23 266.51
72.24 267.14
72.25 268.54
72.26 268.35
72.27 269.27
72.28 270.3
72.29 271.04
72.3 273.15
72.31 272.67
72.32 264.9
72.33 232.21
72.34 202.9
72.35 206.01
72.36 253.92
72.37 0.0
72.38 68.17
72.39 259.97
72.4 244.0
72.41 68.71
72.42 0.0
72.43 0.0
72.44 0.0
72.45 0.0
72.46 0.0
72.47 0.0
72.48 0.0
72.49 0.0
72.5 0.0
72.51 0.0
72.52 0.0
72.53 0.0
72.54 0.0
72.55 0.0
72.56 0.0
72.57 0.0
72.58 72.58
72.59 71.34
72.6 69.04
72.61 70.25
72.62 71.7
72.63 72.12
72.64 73.88
72.65 133.7
72.66 78.27
72.67 76.16
72.68 75.64
72.69 75.53
72.7 76.19
72.71 110.74
72.72 300.58
72.73 294.6
72.74 289.91
72.75 280.85
72.76 277.68
72.77 273.51
72.78 272.98
72.79 274.93
72.8 277.02
72.81 275.17
72.82 274.95
72.83 279.34
72.84 283.15
72.85 288.74
72.86 290.12
72.87 293.45
72.88 297.2
72.89 299.5
72.9 302.27
72.91 303.75
72.92 306.31
72.93 309.5
72.94 310.65
72.95 314.25
72.96 316.77
72.97 316.97
72.98 316.25
72.99 313.94
73.0 312.63
73.01 310.94
73.02 309.49
73.03 309.9
73.04 311.87
73.05 314.3
73.06 316.83
73.07 319.76
73.08 321.25
73.09 323.3
73.1 327.97
73.11 331.67
73.12 335.01
73.13 336.33
73.14 337.17
73.15 336.05
73.16 331.49
73.17 327.54
73.18 323.96
73.19 318.93
73.2 311.96
73.21 303.73
73.22 297.89
73.23 296.92
73.24 295.88
73.25 299.35
73.26 303.01
73.27 307.75
73.28 316.64
73.29 322.08
73.3 325.93
73.31 325.01
73.32 323.32
73.33 321.69
73.34 320.31
73.35 320.98
73.36 319.09
73.37 315.83
73.38 313.45
73.39 310.55
73.4 307.76
73.41 305.4
73.42 305.09
73.43 305.35
73.44 303.79
73.45 305.5
73.46 307.92
73.47 307.82
73.48 310.88
73.49 314.11
73.5 311.88
73.51 312.67
73.52 310.26
73.53 308.46
73.54 306.95
73.55 303.73
73.56 302.58
73.57 301.18
73.58 300.5
73.59 302.02
73.6 303.61
73.61 304.93
73.62 307.49
73.63 309.22
73.64 309.17
73.65 309.98
73.66 310.85
73.67 308.68
73.68 305.33
73.69 302.67
73.7 300.76
73.71 299.35
73.72 298.0
73.73 297.35
73.74 298.55
73.75 300.12
73.76 301.98
73.77 304.97
73.78 308.45
73.79 310.52
73.8 313.0
73.81 314.89
73.82 314.99
73.83 313.84
73.84 310.87
73.85 307.89
73.86 305.63
73.87 302.31
73.88 298.99
73.89 296.37
73.9 295.12
73.91 294.92
73.92 295.52
73.93 296.97
73.94 297.82
73.95 299.64
73.96 301.23
73.97 302.28
73.98 303.58
73.99 303.8
74.0 303.93
74.01 302.8
74.02 300.59
74.03 299.09
74.04 298.55
74.05 298.38
74.06 296.28
74.07 293.37
74.08 292.35
74.09 293.05
74.1 294.5
74.11 296.48
74.12 298.59
74.13 298.04
74.14 297.57
74.15 298.53
74.16 299.05
74.17 299.03
74.18 299.76
74.19 300.44
74.2 299.15
74.21 297.5
74.22 295.27
74.23 293.9
74.24 294.0
74.25 290.29
74.26 284.54
74.27 278.4
74.28 269.72
74.29 265.04
74.3 260.2
74.31 257.86
74.32 250.77
74.33 237.55
74.34 253.31
74.35 251.39
74.36 249.99
74.37 267.06
74.38 247.2
74.39 236.02
74.4 217.34
74.41 195.67
74.42 183.22
74.43 183.7
74.44 185.79
74.45 187.03
74.46 190.76
74.47 195.0
74.48 200.11
74.49 204.85
74.5 206.43
74.51 206.82
74.52 207.09
74.53 206.55
74.54 207.2
74.55 208.6
74.56 209.59
74.57 210.25
74.58 211.13
74.59 213.12
74.6 215.04
74.61 215.57
74.62 215.29
74.63 214.81
74.64 214.37
74.65 214.58
74.66 215.41
74.67 216.88
74.68 218.44
74.69 219.69
74.7 220.1
74.71 219.8
74.72 218.7
74.73 216.55
74.74 214.46
74.75 213.28
74.76 212.59
74.77 212.35
74.78 212.43
74.79 212.31
74.8 211.9
74.81 211.21
74.82 211.35
74.83 212.06
74.84 212.54
74.85 213.94
74.86 215.73
74.87 216.24
74.88 215.42
74.89 215.2
74.9 216.35
74.91 217.54
74.92 218.33
74.93 217.74
74.94 216.23
74.95 214.44
74.96 212.88
74.97 212.89
74.98 213.75
74.99 215.06
75.0 216.74
75.01 218.75
75.02 220.51
75.03 220.66
75.04 221.1
75.05 222.0
75.06 221.07
75.07 219.74
75.08 219.37
75.09 219.41
75.1 219.53
75.11 219.17
75.12 217.87
75.13 216.45
75.14 215.5
75.15 214.85
75.16 214.68
75.17 215.33
75.18 215.95
75.19 217.21
75.2 218.58
75.21 225.55
75.22 239.51
75.23 248.86
75.24 255.88
75.25 260.85
75.26 266.34
75.27 264.9
75.28 259.33
75.29 254.67
75.3 121.72
75.31 115.82
75.32 225.29
75.33 221.36
75.34 219.22
75.35 221.23
75.36 225.6
75.37 228.14
75.38 228.88
75.39 230.97
75.4 235.11
75.41 237.75
75.42 237.52
75.43 237.38
75.44 237.27
75.45 237.78
75.46 235.65
75.47 234.35
75.48 234.66
75.49 233.15
75.5 233.01
75.51 234.28
75.52 235.08
75.53 237.56
75.54 239.37
75.55 240.59
75.56 242.04
75.57 244.48
75.58 246.72
75.59 246.64
75.6 243.87
75.61 241.36
75.62 237.86
75.63 235.5
75.64 234.36
75.65 232.29
75.66 230.58
75.67 228.3
75.68 227.76
75.69 229.11
75.7 230.52
75.71 232.23
75.72 234.11
75.73 235.1
75.74 237.57
75.75 241.41
75.76 245.65
75.77 246.96
75.78 245.6
75.79 244.44
75.8 242.08
75.81 238.11
75.82 235.88
75.83 233.71
75.84 231.12
75.85 230.71
75.86 232.43
75.87 231.46
75.88 229.74
75.89 231.18
75.9 234.37
75.91 236.23
75.92 237.59
75.93 119.75
75.94 120.66
75.95 243.27
75.96 242.42
75.97 240.18
75.98 236.92
75.99 234.11
76.0 233.82
76.01 233.88
76.02 232.48
76.03 233.58
76.04 233.75
76.05 233.04
76.06 233.49
76.07 232.57
76.08 232.24
76.09 234.3
76.1 236.06
76.11 233.73
76.12 231.41
76.13 229.04
76.14 226.42
76.15 225.66
76.16 224.83
76.17 224.37
76.18 225.51
76.19 226.0
76.2 227.47
76.21 231.62
76.22 237.18
76.23 238.2
76.24 238.35
76.25 242.2
76.26 247.55
76.27 249.23
76.28 250.9
76.29 251.1
76.3 250.54
76.31 250.36
76.32 249.1
76.33 247.31
76.34 247.43
76.35 248.79
76.36 249.97
76.37 252.74
76.38 253.65
76.39 253.19
76.4 253.61
76.41 256.87
76.42 260.45
76.43 262.49
76.44 262.85
76.45 263.08
76.46 262.16
76.47 261.09
76.48 260.83
76.49 260.75
76.5 260.36
76.51 259.55
76.52 259.63
76.53 259.67
76.54 260.15
76.55 262.09
76.56 263.41
76.57 263.53
76.58 263.17
76.59 263.11
76.6 263.04
76.61 262.67
76.62 262.99
76.63 263.46
76.64 262.69
76.65 261.69
76.66 260.54
76.67 259.37
76.68 260.08
76.69 262.51
76.7 264.47
76.71 265.13
76.72 264.6
76.73 264.73
76.74 265.57
76.75 266.43
76.76 267.27
76.77 267.41
76.78 266.85
76.79 266.66
76.8 266.38
76.81 265.56
76.82 265.03
76.83 265.23
76.84 266.0
76.85 266.81
76.86 266.66
76.87 266.07
76.88 265.31
76.89 264.3
76.9 263.4
76.91 262.76
76.92 262.75
76.93 263.06
76.94 263.7
76.95 264.0
76.96 264.28
76.97 264.67
76.98 264.74
76.99 265.59
77.0 268.75
77.01 270.85
77.02 270.8
77.03 268.42
77.04 265.79
77.05 264.05
77.06 263.55
77.07 264.41
77.08 264.69
77.09 264.48
77.1 263.62
77.11 262.21
77.12 261.93
77.13 262.26
77.14 263.39
77.15 264.42
77.16 264.8
77.17 264.58
77.18 264.61
77.19 264.92
77.2 265.96
77.21 267.31
77.22 269.06
77.23 270.3
77.24 269.58
77.25 268.6
77.26 267.35
77.27 266.81
77.28 267.48
77.29 268.43
77.3 268.55
77.31 266.31
77.32 264.22
77.33 263.58
77.34 262.79
77.35 261.55
77.36 261.16
77.37 260.95
77.38 261.58
77.39 263.89
77.4 265.75
77.41 266.51
77.42 266.55
77.43 264.98
77.44 264.13
77.45 263.16
77.46 261.79
77.47 261.92
77.48 262.28
77.49 263.0
77.5 264.38
77.51 265.38
77.52 265.37
77.53 265.48
77.54 265.5
77.55 264.69
77.56 264.5
77.57 265.21
77.58 265.27
77.59 265.86
77.6 267.55
77.61 269.03
77.62 269.84
77.63 269.15
77.64 267.9
77.65 266.52
77.66 265.11
77.67 264.08
77.68 264.06
77.69 264.11
77.7 264.09
77.71 262.93
77.72 261.96
77.73 262.4
77.74 262.29
77.75 261.61
77.76 261.6
77.77 262.29
77.78 262.2
77.79 262.24
77.8 263.09
77.81 263.34
77.82 263.65
77.83 264.41
77.84 265.56
77.85 266.49
77.86 266.93
77.87 267.0
77.88 266.96
77.89 266.49
77.9 265.89
77.91 266.37
77.92 267.34
77.93 266.26
77.94 264.85
77.95 263.83
77.96 263.6
77.97 263.46
77.98 264.42
77.99 266.24
78.0 267.46
78.01 268.04
78.02 267.61
78.03 267.92
78.04 269.09
78.05 270.56
78.06 270.28
78.07 268.1
78.08 266.79
78.09 266.28
78.1 266.02
78.11 267.11
78.12 268.23
78.13 268.65
78.14 268.63
78.15 269.91
78.16 271.48
78.17 270.14
78.18 268.23
78.19 266.75
78.2 266.72
78.21 267.15
78.22 267.33
78.23 267.02
78.24 266.19
78.25 266.51
78.26 266.94
78.27 267.27
78.28 266.77
78.29 265.64
78.3 265.86
78.31 265.73
78.32 265.76
78.33 265.4
78.34 263.6
78.35 263.21
78.36 264.86
78.37 266.12
78.38 266.64
78.39 266.72
78.4 266.8
78.41 266.97
78.42 267.11
78.43 267.26
78.44 268.33
78.45 270.01
78.46 272.27
78.47 273.78
78.48 271.65
78.49 268.68
78.5 265.37
78.51 262.26
78.52 259.92
78.53 259.66
78.54 261.32
78.55 263.99
78.56 264.94
78.57 265.64
78.58 266.2
78.59 266.38
78.6 265.65
78.61 263.64
78.62 262.94
78.63 261.13
78.64 260.6
78.65 262.57
78.66 263.47
78.67 263.79
78.68 263.9
78.69 263.84
78.7 267.02
78.71 272.8
78.72 278.11
78.73 284.2
78.74 289.8
78.75 287.37
78.76 280.44
78.77 273.84
78.78 274.55
78.79 279.96
78.8 153.12
78.81 164.9
78.82 170.83
78.83 170.17
78.84 165.75
78.85 163.91
78.86 163.21
78.87 162.84
78.88 84.91
78.89 83.76
78.9 163.24
78.91 107.54
78.92 107.21
78.93 0.0
78.94 0.0
78.95 0.0
78.96 0.0
78.97 0.0
78.98 0.0
78.99 0.0
79.0 0.0
79.01 0.0
79.02 0.0
79.03 0.0
79.04 0.0
79.05 0.0
79.06 0.0
79.07 0.0
79.08 0.0
79.09 0.0
79.1 0.0
79.11 0.0
79.12 0.0
79.13 0.0
79.14 0.0
79.15 0.0
79.16 0.0
79.17 0.0
79.18 0.0
79.19 0.0
79.2 0.0
79.21 0.0
79.22 0.0
79.23 0.0
79.24 0.0
79.25 0.0
79.26 0.0
79.27 0.0
79.28 0.0
79.29 0.0
79.3 0.0
79.31 0.0
79.32 0.0
79.33 0.0
79.34 0.0
79.35 0.0
79.36 0.0
79.37 0.0
79.38 0.0
79.39 0.0
79.4 0.0
79.41 0.0
79.42 0.0
79.43 0.0
79.44 0.0
79.45 0.0
79.46 0.0
79.47 0.0
79.48 79.48
79.49 79.49
79.5 79.5
79.51 79.51
79.52 0.0
