0 0
0.01 0
0.02 0
0.03 0
0.04 0
0.05 0
0.06 0
0.07 18.1332
0.08 0
0.09 0
0.1 0
0.11 0
0.12 50.0568
0.13 0
0.14 0
0.15 50.4192
0.16 0
0.17 0
0.18 0
0.19 0
0.2 0
0.21 0
0.22 0
0.23 551.25
0.24 0
0.25 0
0.26 0
0.27 0
0.28 38.0829
0.29 0
0.3 38.0829
0.31 0
0.32 25.3448
0.33 25.3448
0.34 25.4032
0.35 25.2288
0.36 25.2288
0.37 25.2288
0.38 25.2288
0.39 0
0.4 0
0.41 0
0.42 0
0.43 0
0.44 0
0.45 0
0.46 25.1712
0.47 0
0.48 47.6242
0.49 47.6242
0.5 47.6242
0.51 49.9434
0.52 49.9434
0.53 0
0.54 0
0.55 0
0.56 0
0.57 0
0.58 174.079
0.59 0
0.6 0
0.61 0
0.62 0
0.63 200.455
0.64 0
0.65 197.758
0.66 0
0.67 24.7197
0.68 0
0.69 0
0.7 0
0.71 0
0.72 0
0.73 0
0.74 169.615
0.75 0
0.76 501.136
0.77 0
0.78 253.448
0.79 263.069
0.8 265.434
0.81 285.437
0.82 290.678
0.83 297.113
0.84 298.78
0.85 302.055
0.86 302.055
0.87 302.055
0.88 302.055
0.89 316.129
0.9 316.129
0.91 316.129
0.92 316.129
0.93 316.129
0.94 306.25
0.95 313.321
0.96 313.321
0.97 313.321
0.98 262.5
0.99 320.598
1 294
1.01 288.613
1.02 288.613
1.03 301.642
1.04 286.364
1.05 303.242
1.06 312.766
1.07 290.132
1.08 306.25
1.09 318.029
1.1 339.231
1.11 338.19
1.12 335.543
1.13 335.942
1.14 336
1.15 336.32
1.16 335.887
1.17 336.32
1.18 335.887
1.19 336.641
1.2 335.616
1.21 339.978
1.22 341.482
1.23 340.979
1.24 337.344
1.25 337.672
1.26 337.703
1.27 366.56
1.28 380.994
1.29 380.994
1.3 351.394
1.31 349.147
1.32 347.083
1.33 346.638
1.34 347.792
1.35 344.531
1.36 344.531
1.37 376.923
1.38 375.174
1.39 375.174
1.4 372.466
1.41 372.466
1.42 342.391
1.43 342.303
1.44 342.585
1.45 343.764
1.46 344.531
1.47 345.495
1.48 345.882
1.49 346.721
1.5 347.034
1.51 347.472
1.52 348.42
1.53 348.561
1.54 348.692
1.55 348.78
1.56 348.572
1.57 348.05
1.58 347.461
1.59 346.828
1.6 346.335
1.61 343.24
1.62 341.86
1.63 340.887
1.64 339.231
1.65 337.201
1.66 335.586
1.67 338.652
1.68 338.652
1.69 344.531
1.7 344.831
1.71 344.531
1.72 344.531
1.73 344.531
1.74 344.531
1.75 344.531
1.76 344.531
1.77 344.531
1.78 344.043
1.79 345.689
1.8 349.208
1.81 347.244
1.82 347.244
1.83 352.236
1.84 352.236
1.85 352.236
1.86 340.278
1.87 336.641
1.88 349.692
1.89 349.307
1.9 355.645
1.91 346.335
1.92 346.335
1.93 346.335
1.94 345.882
1.95 343.764
1.96 343.191
1.97 343.191
1.98 342.155
1.99 338.487
2 340.103
2.01 340.103
2.02 340.103
2.03 340.103
2.04 340.103
2.05 0
2.06 0
2.07 143.182
2.08 147.987
2.09 151.027
2.1 152.595
2.11 160.949
2.12 161.835
2.13 162.132
2.14 165.375
2.15 166.039
2.16 166.415
2.17 167.045
2.18 167.681
2.19 168.087
2.2 169.378
2.21 169.917
2.22 170.647
2.23 170.93
2.24 171.818
2.25 172.355
2.26 172.844
2.27 173.168
2.28 173.531
2.29 173.896
2.3 174.079
2.31 174.354
2.32 174.63
2.33 175
2.34 175.371
2.35 175.751
2.36 176.016
2.37 176.243
2.38 178.543
2.39 179.268
2.4 179.944
2.41 180.966
2.42 181.162
2.43 182
2.44 182.285
2.45 182.335
2.46 182.335
2.47 182.432
2.48 182.501
2.49 183.016
2.5 183.546
2.51 183.997
2.52 183.75
2.53 183.75
2.54 183.903
2.55 184.262
2.56 184.74
2.57 185.153
2.58 185.294
2.59 185.294
2.6 183.178
2.61 182.634
2.62 182.231
2.63 182.231
2.64 182.643
2.65 182.643
2.66 182.643
2.67 183.444
2.68 183.942
2.69 184.519
2.7 185.02
2.71 185.661
2.72 186.076
2.73 186.469
2.74 186.568
2.75 186.469
2.76 186.371
2.77 186.122
2.78 185.978
2.79 185.587
2.8 185.003
2.81 184.326
2.82 184.038
2.83 183.852
2.84 183.859
2.85 183.969
2.86 184.409
2.87 184.961
2.88 185.164
2.89 186.29
2.9 188.169
2.91 188.586
2.92 190.321
2.93 191.075
2.94 192.576
2.95 192.217
2.96 182.231
2.97 177.465
2.98 175.232
2.99 174.802
3 173.793
3.01 174.171
3.02 175
3.03 175.797
3.04 176.4
3.05 177.156
3.06 178.646
3.07 179.79
3.08 181.802
3.09 183.205
3.1 183.532
3.11 184.111
3.12 184.115
3.13 184.459
3.14 184.017
3.15 183.617
3.16 183.75
3.17 184.262
3.18 184.262
3.19 184.163
3.2 184.648
3.21 184.859
3.22 185.294
3.23 185.107
3.24 185.594
3.25 185.573
3.26 185.596
3.27 185.489
3.28 185.436
3.29 185.341
3.3 185.436
3.31 185.684
3.32 185.88
3.33 186.125
3.34 186.322
3.35 186.625
3.36 186.771
3.37 186.864
3.38 186.914
3.39 186.765
3.4 186.568
3.41 186.322
3.42 186.29
3.43 186.243
3.44 185.957
3.45 185.733
3.46 185.606
3.47 185.684
3.48 185.796
3.49 185.989
3.5 186.103
3.51 185.995
3.52 186.076
3.53 185.705
3.54 186.076
3.55 186.611
3.56 186.658
3.57 186.658
3.58 186.532
3.59 186.548
3.6 186.378
3.61 186.548
3.62 186.188
3.63 187.926
3.64 196
3.65 185.294
3.66 188.232
3.67 188.462
3.68 185.467
3.69 185.72
3.7 185.945
3.71 186.024
3.72 186.076
3.73 186.076
3.74 186.391
3.75 185.964
3.76 185.945
3.77 185.919
3.78 185.684
3.79 185.517
3.8 184.777
3.81 184.134
3.82 183.241
3.83 183.241
3.84 182.231
3.85 182.231
3.86 184.519
3.87 187.008
3.88 199.849
3.89 190.086
3.9 198.649
3.91 196.524
3.92 195.421
3.93 195.627
3.94 193.421
3.95 191.739
3.96 185.294
3.97 183.096
3.98 183.75
3.99 183.878
4 183.878
4.01 183.878
4.02 183.986
4.03 183.878
4.04 183.444
4.05 182.42
4.06 186.005
4.07 187.115
4.08 187.41
4.09 187.394
4.1 186.921
4.11 186.751
4.12 186.695
4.13 186.02
4.14 185.74
4.15 185.767
4.16 185.815
4.17 186.243
4.18 186.617
4.19 186.519
4.2 186.815
4.21 186.667
4.22 186.638
4.23 185.684
4.24 185.455
4.25 185.617
4.26 184.859
4.27 183.849
4.28 183.654
4.29 183.701
4.3 183.467
4.31 184.189
4.32 185.072
4.33 185.635
4.34 185.782
4.35 185.88
4.36 186.147
4.37 186.434
4.38 186.673
4.39 186.864
4.4 187.013
4.41 186.568
4.42 186.42
4.43 186.052
4.44 186.051
4.45 186.322
4.46 186.266
4.47 186.163
4.48 185.684
4.49 186.638
4.5 188.834
4.51 188.692
4.52 190.556
4.53 190.666
4.54 190.579
4.55 190.515
4.56 190.415
4.57 190.291
4.58 188.707
4.59 188.707
4.6 188.707
4.61 185.146
4.62 183.798
4.63 183.199
4.64 183.589
4.65 182.988
4.66 182.76
4.67 183.835
4.68 183.92
4.69 183.92
4.7 184.104
4.71 185.153
4.72 186.743
4.73 187.261
4.74 187.598
4.75 187.926
4.76 188.117
4.77 188.06
4.78 188.14
4.79 185.391
4.8 189
4.81 189.068
4.82 189.27
4.83 189.27
4.84 195.133
4.85 196.485
4.86 197.758
4.87 195.565
4.88 191.406
4.89 192.787
4.9 190.817
4.91 190.534
4.92 190.592
4.93 190.673
4.94 190.673
4.95 190.673
4.96 190.235
4.97 190.235
4.98 190.235
4.99 0
5 95.8375
5.01 0
5.02 192.234
5.03 192.447
5.04 192.258
5.05 189.852
5.06 188.06
5.07 181.481
5.08 178.182
5.09 178.182
5.1 178.182
5.11 178.182
5.12 178.182
5.13 178.182
5.14 178.182
5.15 176.872
5.16 173.622
5.17 168.321
5.18 163.333
5.19 163.333
5.2 163.333
5.21 163.333
5.22 163.333
5.23 0
5.24 279.114
5.25 0
5.26 0
5.27 119.837
5.28 119.837
5.29 119.837
5.3 0
5.31 49.4395
5.32 0
5.33 262.5
5.34 256.993
5.35 258.499
5.36 258.499
5.37 254.423
5.38 263.546
5.39 263.546
5.4 265.206
5.41 265.663
5.42 265.663
5.43 265.663
5.44 265.663
5.45 265.663
5.46 265.663
5.47 265.663
5.48 265.663
5.49 0
5.5 136.111
5.51 148.485
5.52 150.512
5.53 158.919
5.54 164.348
5.55 166.685
5.56 179.817
5.57 181.034
5.58 181.549
5.59 181.856
5.6 183.397
5.61 179.581
5.62 185.774
5.63 186.469
5.64 183.986
5.65 184.697
5.66 184.655
5.67 178.462
5.68 183.546
5.69 182.031
5.7 182.703
5.71 183.654
5.72 184.299
5.73 185.294
5.74 186.391
5.75 186.864
5.76 188.462
5.77 188.462
5.78 186.03
5.79 185.477
5.8 184.906
5.81 184.473
5.82 185.294
5.83 185.294
5.84 184.615
5.85 184.519
5.86 184.615
5.87 186.568
5.88 186.978
5.89 187.353
5.9 185.554
5.91 185.554
5.92 185.45
5.93 186.391
5.94 225
5.95 225
5.96 225
5.97 225
5.98 225
5.99 0
6 168.204
6.01 168.204
6.02 168.204
6.03 167.681
6.04 168.463
6.05 170.176
6.06 172.266
6.07 173.281
6.08 172.941
6.09 172.941
6.1 184.104
6.11 180.59
6.12 180.13
6.13 175.931
6.14 175.309
6.15 176.029
6.16 176.528
6.17 175.643
6.18 174.618
6.19 175.174
6.2 174.481
6.21 174.513
6.22 174.645
6.23 174.366
6.24 173.818
6.25 173.72
6.26 173.485
6.27 173.226
6.28 173.415
6.29 172.941
6.3 172.782
6.31 172.42
6.32 172.429
6.33 172.667
6.34 172.715
6.35 172.896
6.36 172.968
6.37 173.394
6.38 175.643
6.39 177.823
6.4 176.872
6.41 176.872
6.42 176.872
6.43 176.872
6.44 176.872
6.45 176.872
6.46 176.872
6.47 176.4
6.48 175
6.49 157.594
6.5 155.68
6.51 155.534
6.52 155.51
6.53 155.619
6.54 155.769
6.55 155.72
6.56 155.556
6.57 155.619
6.58 155.752
6.59 155.788
6.6 155.516
6.61 155.282
6.62 155.114
6.63 155.114
6.64 154.779
6.65 154.814
6.66 154.695
6.67 154.97
6.68 155.03
6.69 157.179
6.7 157.822
6.71 157.876
6.72 157.782
6.73 157.782
6.74 157.782
6.75 158.254
6.76 158.178
6.77 158.254
6.78 158.254
6.79 157.641
6.8 156.244
6.81 155.282
6.82 154.331
6.83 154.076
6.84 153.525
6.85 154.737
6.86 155.063
6.87 155.988
6.88 156.506
6.89 156.506
6.9 157.5
6.91 157.5
6.92 157.625
6.93 157.923
6.94 157.923
6.95 157.661
6.96 157.822
6.97 157.688
6.98 156.014
6.99 155.83
7 155.909
7.01 155.909
7.02 156.161
7.03 156.94
7.04 154.737
7.05 158.919
7.06 168.966
7.07 168.966
7.08 168.966
7.09 166.625
7.1 172.266
7.11 164.86
7.12 164.86
7.13 164.86
7.14 164.86
7.15 164.86
7.16 0
7.17 78.9615
7.18 0
7.19 79.8913
7.2 79.8913
7.21 80.6216
7.22 81.4254
7.23 81.4254
7.24 81.4254
7.25 0
7.26 202.294
7.27 188.283
7.28 192.998
7.29 169.615
7.3 170.27
7.31 168.321
7.32 167.299
7.33 167.045
7.34 166.572
7.35 166.919
7.36 167.045
7.37 167.534
7.38 168.064
7.39 168.025
7.4 168.321
7.41 168.907
7.42 169.76
7.43 170.552
7.44 170.93
7.45 171.93
7.46 173.168
7.47 173.168
7.48 174.262
7.49 174.079
7.5 173.805
7.51 173.531
7.52 173.077
7.53 172.896
7.54 172.535
7.55 172.445
7.56 172.625
7.57 172.535
7.58 172.458
7.59 172.535
7.6 172.715
7.61 172.603
7.62 172.434
7.63 170.666
7.64 169.615
7.65 169.615
7.66 169.452
7.67 169.355
7.68 169.26
7.69 168.916
7.7 168.492
7.71 167.954
7.72 167.408
7.73 166.961
7.74 166.505
7.75 165.789
7.76 165.127
7.77 164.552
7.78 163.854
7.79 163.42
7.8 162.731
7.81 161.877
7.82 161.454
7.83 161.13
7.84 160.629
7.85 160.48
7.86 160.218
7.87 159.948
7.88 159.783
7.89 159.783
7.9 160.364
7.91 153.125
7.92 154.918
7.93 157.5
7.94 146.512
7.95 147
7.96 141.953
7.97 140.895
7.98 139.557
7.99 128.571
8 121.154
8.01 121.154
8.02 121.154
8.03 121.154
8.04 121.154
8.05 121.154
8.06 104.009
8.07 123.184
8.08 123.184
8.09 114.545
8.1 114.545
8.11 114.545
8.12 0
8.13 469.149
8.14 469.149
8.15 469.149
8.16 482.847
8.17 484.615
8.18 484.615
8.19 488.192
8.2 488.192
8.21 493.657
8.22 493.657
8.23 493.657
8.24 465.845
8.25 465.845
8.26 501.136
8.27 495.506
8.28 495.506
8.29 495.506
8.3 495.506
8.31 495.506
8.32 0
8.33 25.3303
8.34 25.3303
8.35 25.3303
8.36 0
8.37 0
8.38 0
8.39 493.657
8.4 501.136
8.41 501.136
8.42 0
8.43 0
8.44 501.136
8.45 0
8.46 235.577
8.47 0
8.48 0
8.49 0
8.5 0
8.51 0
8.52 75
8.53 75
8.54 78.6096
8.55 85.9649
8.56 78.6096
8.57 78.6096
8.58 78.6096
8.59 78.6096
8.6 78.6096
8.61 0
8.62 55.5416
8.63 55.4717
8.64 56.6838
8.65 56.6838
8.66 55.8228
8.67 55.8228
8.68 55.8228
8.69 55.8228
8.7 55.8228
8.71 0
8.72 145.066
8.73 145.066
8.74 145.305
8.75 145.305
8.76 145.305
8.77 145.305
8.78 145.305
8.79 145.353
8.8 145.613
8.81 145.946
8.82 147
8.83 147.492
8.84 147
8.85 147
8.86 148.111
8.87 148.111
8.88 149.576
8.89 150.073
8.9 150.855
8.91 150.855
8.92 150.855
8.93 151.807
8.94 151.807
8.95 151.807
8.96 151.807
8.97 0
8.98 76.1921
8.99 76.0345
9 76.1095
9.01 76.2976
9.02 76.2536
9.03 76.2536
9.04 76.2536
9.05 76.2536
9.06 76.2536
9.07 0
9.08 158.776
9.09 0
9.1 76.9634
9.11 0
9.12 52.3132
9.13 51.9435
9.14 51.9435
9.15 51.9435
9.16 51.9435
9.17 0
9.18 0
9.19 0
9.2 75.3846
9.21 75.3846
9.22 75.3846
9.23 0
9.24 160.51
9.25 163.68
9.26 167.045
9.27 164.062
9.28 164.86
9.29 163.68
9.3 161.623
9.31 159.911
9.32 158.426
9.33 157.594
9.34 155.581
9.35 156.661
9.36 155.282
9.37 156.468
9.38 155.36
9.39 155.36
9.4 155.36
9.41 156.161
9.42 161.687
9.43 162.265
9.44 162.265
9.45 163.114
9.46 163.114
9.47 160.994
9.48 162.688
9.49 162.645
9.5 161.623
9.51 161.623
9.52 160.991
9.53 159.37
9.54 160.169
9.55 159.993
9.56 158.633
9.57 156.383
9.58 153.028
9.59 159.142
9.6 151.807
9.61 154.316
9.62 152.595
9.63 158.145
9.64 151.938
9.65 159.783
9.66 153.243
9.67 155.282
9.68 157.625
9.69 160.949
9.7 160.949
9.71 157.661
9.72 152.595
9.73 154.737
9.74 156.383
9.75 158.178
9.76 156.605
9.77 155.381
9.78 158.976
9.79 158.254
9.8 156.137
9.81 157.002
9.82 157.275
9.83 161.454
9.84 161.454
9.85 161.454
9.86 161.454
9.87 161.538
9.88 163.199
9.89 162.491
9.9 162.797
9.91 162.398
9.92 152.771
9.93 152.771
9.94 165.789
9.95 165.789
9.96 164.307
9.97 164.552
9.98 161.117
9.99 157.126
10 157.984
10.01 167.521
10.02 160.949
10.03 161.302
10.04 161.916
10.05 158.002
10.06 157.179
10.07 162.132
10.08 162.132
10.09 159.566
10.1 159.566
10.11 156.081
10.12 155.282
10.13 155.16
10.14 156.716
10.15 158.065
10.16 158.76
10.17 160.614
10.18 158.206
10.19 156.383
10.2 156.661
10.21 156.506
10.22 156.014
10.23 156.383
10.24 151.373
10.25 150
10.26 148.819
10.27 148.819
10.28 148.861
10.29 147.821
10.3 147.821
10.31 154.196
10.32 158.633
10.33 159.976
10.34 159.976
10.35 159.976
10.36 159.976
10.37 159.976
10.38 163.333
10.39 164.093
10.4 167.045
10.41 166.73
10.42 168.107
10.43 168.816
10.44 168.137
10.45 168.235
10.46 168.795
10.47 168.75
10.48 168.496
10.49 169.182
10.5 167.681
10.51 170.534
10.52 169.553
10.53 170.427
10.54 171.912
10.55 171.429
10.56 173.061
10.57 172.345
10.58 172.266
10.59 172.266
10.6 171.64
10.61 171.243
10.62 170.49
10.63 170.721
10.64 170.356
10.65 170.106
10.66 170.032
10.67 169.058
10.68 169.556
10.69 169.615
10.7 169.846
10.71 170.119
10.72 169.095
10.73 170.741
10.74 171.409
10.75 170.988
10.76 171.171
10.77 171.871
10.78 172.355
10.79 173.44
10.8 172.124
10.81 172.198
10.82 172.266
10.83 171.627
10.84 171.818
10.85 171.373
10.86 171.207
10.87 171.196
10.88 170.741
10.89 170.513
10.9 170.857
10.91 170.49
10.92 170.464
10.93 170.563
10.94 170.6
10.95 171.595
10.96 171.025
10.97 172.34
10.98 171.225
10.99 171.792
11 171.818
11.01 172.583
11.02 172.742
11.03 172.35
11.04 172.577
11.05 172.266
11.06 172.715
11.07 172.098
11.08 171.893
11.09 171.129
11.1 170.71
11.11 170.697
11.12 169.833
11.13 169.615
11.14 170.127
11.15 169.729
11.16 170.151
11.17 170.302
11.18 170.87
11.19 170.615
11.2 171.051
11.21 171.997
11.22 171.64
11.23 173.281
11.24 172.941
11.25 173.622
11.26 174.371
11.27 180.245
11.28 182.988
11.29 185.815
11.3 190.909
11.31 215.005
11.32 218.711
11.33 221.181
11.34 222.446
11.35 225.135
11.36 224.745
11.37 225.484
11.38 224.879
11.39 222.727
11.4 220.037
11.41 220.037
11.42 214.736
11.43 214.322
11.44 218.317
11.45 220.5
11.46 222.166
11.47 223.596
11.48 225
11.49 224.672
11.5 224.193
11.51 223.744
11.52 223.372
11.53 222.615
11.54 221.497
11.55 220.991
11.56 219.524
11.57 218.063
11.58 216.648
11.59 215.707
11.6 213.683
11.61 212.53
11.62 211.511
11.63 210.845
11.64 210.105
11.65 209.81
11.66 209.366
11.67 208.433
11.68 208.128
11.69 208.237
11.7 208.675
11.71 208.895
11.72 209.18
11.73 209.601
11.74 209.071
11.75 206.332
11.76 202.559
11.77 196.624
11.78 192.217
11.79 191.925
11.8 192.043
11.81 192.383
11.82 192.632
11.83 192.787
11.84 192.157
11.85 192.998
11.86 193.3
11.87 193.139
11.88 194.616
11.89 193.846
11.9 193.988
11.91 192.408
11.92 189.18
11.93 188.902
11.94 187.394
11.95 187.926
11.96 187.895
11.97 188.22
11.98 188.315
11.99 188.529
12 189.27
12.01 189
12.02 190.086
12.03 191.406
12.04 190.268
12.05 191.012
12.06 188.784
12.07 188.784
12.08 178.977
12.09 177.584
12.1 175.797
12.11 175.797
12.12 175.797
12.13 175.797
12.14 174.827
12.15 174.446
12.16 173.622
12.17 170.93
12.18 171.462
12.19 171.997
12.2 172.266
12.21 172.806
12.22 172.715
12.23 172.355
12.24 172.086
12.25 171.997
12.26 172.086
12.27 172.266
12.28 172.625
12.29 172.715
12.3 172.715
12.31 172.715
12.32 172.715
12.33 172.806
12.34 172.715
12.35 172.014
12.36 171.447
12.37 171.004
12.38 171.063
12.39 171.004
12.4 171.013
12.41 170.93
12.42 170.727
12.43 170.69
12.44 170.93
12.45 171.196
12.46 169.615
12.47 169.615
12.48 172.941
12.49 172.941
12.5 172.941
12.51 172.941
12.52 172.941
12.53 170.93
12.54 170.93
12.55 173.622
12.56 163.333
12.57 157.25
12.58 157.25
12.59 157.25
12.6 157.25
12.61 156.067
12.62 156.067
12.63 156.067
12.64 0
12.65 77.1879
12.66 76.8293
12.67 76.8293
12.68 77.1654
12.69 77.1654
12.7 76.8293
12.71 76.8293
12.72 76.2976
12.73 75.5137
12.74 72.0588
12.75 72.0588
12.76 72.0588
12.77 69.5584
12.78 69.5584
12.79 69.5584
12.8 69.5584
12.81 70.3723
12.82 72.0588
12.83 72.1177
12.84 72.1177
12.85 72.1177
12.86 0
12.87 143.648
12.88 143.182
12.89 143.182
12.9 139.227
12.91 135.514
12.92 135.395
12.93 132.698
12.94 132.565
12.95 133.166
12.96 133.277
12.97 132.911
12.98 133.009
12.99 133.233
13 132.671
13.01 132.632
13.02 132.036
13.03 132.036
13.04 132.036
13.05 132.432
13.06 132.432
13.07 132.432
13.08 134.451
13.09 131.12
13.1 130.667
13.11 130.731
13.12 130.99
13.13 130.99
13.14 132.565
13.15 134.451
13.16 142.488
13.17 143.182
13.18 155.83
13.19 157.5
13.2 155.83
13.21 155.282
13.22 155.83
13.23 155.83
13.24 150.409
13.25 149.709
13.26 147.14
13.27 145.833
13.28 138.898
13.29 140.267
13.3 140.267
13.31 140.267
13.32 140.267
13.33 139.778
13.34 139.852
13.35 139.852
13.36 140.446
13.37 143.089
13.38 143.275
13.39 143.883
13.4 143.531
13.41 143.182
13.42 142.565
13.43 142.565
13.44 142.565
13.45 142.565
13.46 142.258
13.47 142.996
13.48 144.252
13.49 144.354
13.5 149.709
13.51 152.302
13.52 153.338
13.53 155.009
13.54 155.009
13.55 156.383
13.56 158.824
13.57 159.398
13.58 159.783
13.59 158.985
13.6 157.903
13.61 155.282
13.62 155.464
13.63 155.673
13.64 157.126
13.65 159.091
13.66 157.876
13.67 158.633
13.68 158.76
13.69 158.76
13.7 158.405
13.71 157.876
13.72 157.033
13.73 156.585
13.74 156.042
13.75 156.067
13.76 155.282
13.77 154.827
13.78 154.946
13.79 154.946
13.8 155.114
13.81 155.282
13.82 155.481
13.83 155.61
13.84 155.693
13.85 155.909
13.86 156.161
13.87 156.383
13.88 160.949
13.89 162.132
13.9 163.333
13.91 164.963
13.92 165.612
13.93 167.327
13.94 168.672
13.95 169.073
13.96 169.802
13.97 170.754
13.98 171.818
13.99 172.176
14 172.625
14.01 172.535
14.02 172.17
14.03 171.551
14.04 170.93
14.05 170.666
14.06 170.741
14.07 170.93
14.08 170.93
14.09 171.441
14.1 171.595
14.11 172.143
14.12 173.126
14.13 173.915
14.14 174.149
14.15 173.427
14.16 172.651
14.17 171.262
14.18 170.71
14.19 171.691
14.2 174.079
14.21 178.362
14.22 180.409
14.23 180.409
14.24 180.409
14.25 180.409
14.26 181.856
14.27 186.338
14.28 189.108
14.29 194.559
14.3 201.37
14.31 210.286
14.32 208.346
14.33 206.627
14.34 206.719
14.35 206.954
14.36 208.17
14.37 208.44
14.38 209.129
14.39 209.889
14.4 210.501
14.41 211.294
14.42 212.189
14.43 213.25
14.44 213.818
14.45 214.646
14.46 209.456
14.47 205.594
14.48 204.167
14.49 204.167
14.5 204.167
14.51 204.167
14.52 204.167
14.53 203.852
14.54 203.695
14.55 202.294
14.56 189.542
14.57 189.542
14.58 220.5
14.59 220.5
14.6 220.5
14.61 220.5
14.62 225.768
14.63 203.695
14.64 203.695
14.65 187.129
14.66 185.1
14.67 182.064
14.68 182.231
14.69 181.885
14.7 182.634
14.71 182.634
14.72 181.654
14.73 181.822
14.74 183.654
14.75 183.954
14.76 185.628
14.77 186.706
14.78 188.923
14.79 189.852
14.8 189.969
14.81 189.813
14.82 189.813
14.83 189.831
14.84 189.942
14.85 189.846
14.86 189.626
14.87 189.626
14.88 189.626
14.89 189.831
14.9 189.591
14.91 187.926
14.92 185.815
14.93 187.819
14.94 185.294
14.95 184.983
14.96 184.262
14.97 184.262
14.98 184.262
14.99 184.262
15 184.262
15.01 184.262
15.02 183.368
15.03 178.623
15.04 176.494
15.05 176.4
15.06 177.108
15.07 178.002
15.08 178.11
15.09 177.536
15.1 176.754
15.11 175.96
15.12 175.278
15.13 174.538
15.14 173.531
15.15 173.258
15.16 172.625
15.17 171.997
15.18 171.818
15.19 171.64
15.2 171.284
15.21 170.754
15.22 170.552
15.23 170.364
15.24 170.018
15.25 169.942
15.26 169.716
15.27 169.515
15.28 168.689
15.29 167.226
15.3 166.877
15.31 165.968
15.32 164.29
15.33 162.816
15.34 161.37
15.35 158.633
15.36 158.633
15.37 153.793
15.38 153.48
15.39 153.028
15.4 152.86
15.41 152.52
15.42 152.144
15.43 150.806
15.44 150.219
15.45 149.915
15.46 148.986
15.47 148.54
15.48 148.235
15.49 147.327
15.5 147.327
15.51 143.531
15.52 143.049
15.53 140.267
15.54 139.951
15.55 138.804
15.56 139.218
15.57 139.693
15.58 141.687
15.59 142.718
15.6 142.718
15.61 144.401
15.62 144.461
15.63 144.97
15.64 145.385
15.65 145.785
15.66 146.188
15.67 145.385
15.68 143.492
15.69 142.811
15.7 135.276
15.71 132.565
15.72 130.165
15.73 131.12
15.74 132.149
15.75 132.149
15.76 132.149
15.77 132.149
15.78 133.099
15.79 135.484
15.8 136.111
15.81 137.383
15.82 134.451
15.83 132.432
15.84 130.645
15.85 129.401
15.86 129.579
15.87 129.815
15.88 130.302
15.89 130.319
15.9 130.319
15.91 130.57
15.92 130.805
15.93 130.99
15.94 131.25
15.95 131.511
15.96 131.25
15.97 128.571
15.98 126.724
15.99 125.522
16 124.401
16.01 123.876
16.02 123.876
16.03 124.811
16.04 126.103
16.05 126.103
16.06 127.773
16.07 133.799
16.08 140.745
16.09 141.573
16.1 142.182
16.11 143.555
16.12 143.315
16.13 143.066
16.14 142.976
16.15 143.097
16.16 143.104
16.17 143.11
16.18 143.027
16.19 143.027
16.2 143.027
16.21 143.182
16.22 143.961
16.23 144.032
16.24 144.024
16.25 144.024
16.26 144.024
16.27 144.024
16.28 145.066
16.29 147
16.3 147
16.31 147
16.32 143.531
16.33 143.275
16.34 142.903
16.35 142.442
16.36 142.156
16.37 142.35
16.38 142.166
16.39 142.35
16.4 142.373
16.41 142.488
16.42 142.77
16.43 143.298
16.44 143.285
16.45 143.182
16.46 142.903
16.47 142.718
16.48 142.488
16.49 142.258
16.5 141.953
16.51 141.649
16.52 141.649
16.53 140.772
16.54 140.645
16.55 140.089
16.56 139.951
16.57 138.418
16.58 137.812
16.59 136.862
16.6 135.776
16.61 135.461
16.62 134.803
16.63 134.803
16.64 134.588
16.65 134.287
16.66 133.839
16.67 134.862
16.68 136.111
16.69 127.457
16.7 127.457
16.71 127.457
16.72 127.457
16.73 127.457
16.74 0
16.75 580.263
16.76 0
16.77 0
16.78 81.3653
16.79 0
16.8 81.3653
16.81 0
16.82 459.375
16.83 459.375
16.84 459.375
16.85 0
16.86 134.043
16.87 0
16.88 0
16.89 0
16.9 0
16.91 137.812
16.92 137.812
16.93 137.812
16.94 0
16.95 319.565
16.96 0
16.97 247.059
16.98 0
16.99 0
17 117.914
17.01 0
17.02 609.116
17.03 612.5
17.04 612.5
17.05 612.5
17.06 612.5
17.07 650.923
17.08 638.103
17.09 638.103
17.1 638.103
17.11 0
17.12 0
17.13 0
17.14 577.225
17.15 577.225
17.16 525
17.17 518.824
17.18 518.824
17.19 518.824
17.2 518.824
17.21 0
17.22 0
17.23 167.045
17.24 167.045
17.25 167.045
17.26 179.755
17.27 168.321
17.28 169.615
17.29 169.615
17.3 169.615
17.31 169.615
17.32 0
17.33 256.395
17.34 0
17.35 0
17.36 102.558
17.37 0
17.38 58.3333
17.39 58.3333
17.4 62.642
17.41 62.642
17.42 62.642
17.43 63.6364
17.44 62.642
17.45 62.642
17.46 62.642
17.47 62.642
17.48 62.642
17.49 67.0213
17.5 67.0213
17.51 0
17.52 132.831
17.53 0
17.54 131.642
17.55 131.642
17.56 131.642
17.57 131.642
17.58 131.055
17.59 130.694
17.6 129.706
17.61 129.706
17.62 129.452
17.63 129.452
17.64 129.897
17.65 129.897
17.66 129.897
17.67 129.897
17.68 129.961
17.69 129.961
17.7 129.961
17.71 129.961
17.72 129.961
17.73 0
17.74 32.7475
17.75 0
17.76 127.826
17.77 127.826
17.78 131.446
17.79 129.706
17.8 128.947
17.81 128.198
17.82 127.273
17.83 126.562
17.84 127.309
17.85 127.641
17.86 127.826
17.87 128.571
17.88 128.198
17.89 128.198
17.9 128.198
17.91 128.198
17.92 128.198
17.93 128.198
17.94 126.361
17.95 128.571
17.96 128.571
17.97 128.272
17.98 128.281
17.99 128.732
18 128.947
18.01 129.63
18.02 129.859
18.03 130.886
18.04 130.796
18.05 131.446
18.06 131.19
18.07 131.749
18.08 136.111
18.09 142.718
18.1 151.027
18.11 151.027
18.12 151.027
18.13 155.83
18.14 156.161
18.15 156.161
18.16 156.161
18.17 157.5
18.18 158.065
18.19 157.923
18.2 159.783
18.21 158.633
18.22 153.125
18.23 141.801
18.24 141.801
18.25 139.704
18.26 140.745
18.27 141.996
18.28 142.258
18.29 142.258
18.3 141.256
18.31 142.58
18.32 142.383
18.33 141.953
18.34 142.79
18.35 142.488
18.36 142.718
18.37 142.811
18.38 142.565
18.39 143.049
18.4 142.95
18.41 142.652
18.42 143.448
18.43 144.118
18.44 143.436
18.45 143.742
18.46 144.354
18.47 144.472
18.48 144.354
18.49 143.298
18.5 143.298
18.51 141.67
18.52 141.67
18.53 141.866
18.54 140.574
18.55 140.936
18.56 141.346
18.57 141.766
18.58 141.906
18.59 143.397
18.6 143.253
18.61 144.275
18.62 144.432
18.63 143.804
18.64 143.182
18.65 145.066
18.66 144.118
18.67 143.351
18.68 141.801
18.69 142.845
18.7 143.298
18.71 143.59
18.72 144.118
18.73 144.354
18.74 143.742
18.75 143.765
18.76 143.765
18.77 143.765
18.78 143.765
18.79 158.633
18.8 160.114
18.81 160.51
18.82 162.132
18.83 163.885
18.84 163.535
18.85 162.241
18.86 161.949
18.87 161.675
18.88 159.783
18.89 159.7
18.9 157.58
18.91 155.481
18.92 155.282
18.93 154.543
18.94 153.96
18.95 153.96
18.96 154.556
18.97 154.395
18.98 155.282
18.99 155.384
19 156.088
19.01 155.209
19.02 155.282
19.03 155.68
19.04 155.464
19.05 155.172
19.06 155.039
19.07 154.659
19.08 158.348
19.09 160.267
19.1 162.331
19.11 166.56
19.12 173.622
19.13 178.663
19.14 182.357
19.15 180
19.16 172.715
19.17 171.691
19.18 171.225
19.19 171.521
19.2 168
19.21 168.128
19.22 170.008
19.23 169.912
19.24 169.344
19.25 169.29
19.26 169.065
19.27 170.6
19.28 172.143
19.29 172.143
19.3 172.143
19.31 173.72
19.32 174.255
19.33 174.361
19.34 174.467
19.35 175.967
19.36 175.619
19.37 174.308
19.38 169.895
19.39 171.013
19.4 170.93
19.41 168.966
19.42 169.142
19.43 169.26
19.44 171.196
19.45 169.746
19.46 171.462
19.47 171.462
19.48 172.074
19.49 174.802
19.5 185.964
19.51 201.985
19.52 219.767
19.53 219.767
19.54 219.767
19.55 219.767
19.56 219.767
19.57 219.767
19.58 219.767
19.59 202.665
19.6 190.086
19.61 190.086
19.62 181.332
19.63 181.162
19.64 181.233
19.65 180.738
19.66 179.944
19.67 179.268
19.68 176.99
19.69 173.485
19.7 173.417
19.71 170.211
19.72 170.211
19.73 163.819
19.74 163.819
19.75 163.819
19.76 163.065
19.77 161.623
19.78 160.753
19.79 158.348
19.8 155.282
19.81 153.125
19.82 153.125
19.83 153.125
19.84 153.125
19.85 153.125
19.86 0
19.87 214.078
19.88 214.078
19.89 214.078
19.9 0
19.91 54.5792
19.92 0
19.93 294
19.94 293.023
19.95 293.023
19.96 290.982
19.97 288.471
19.98 288.047
19.99 287.174
20 285.814
20.01 286.066
20.02 284.916
20.03 285.437
20.04 285.437
20.05 285.437
20.06 285.583
20.07 285.657
20.08 285.745
20.09 286.57
20.1 286.702
20.11 287.722
20.12 287.359
20.13 287.109
20.14 286.364
20.15 285.992
20.16 285.992
20.17 285.9
20.18 285.9
20.19 285.9
20.2 289.37
20.21 289.37
20.22 289.37
20.23 0
20.24 22.2278
20.25 0
20.26 145.385
20.27 144.275
20.28 143.804
20.29 142.258
20.3 143.337
20.31 143.337
20.32 142.784
20.33 142.834
20.34 142.77
20.35 142.534
20.36 142.258
20.37 142.075
20.38 144.511
20.39 144.263
20.4 141.953
20.41 143.182
20.42 143.182
20.43 144.032
20.44 143.266
20.45 143.266
20.46 143.266
20.47 142.873
20.48 142.667
20.49 141.687
20.5 141.606
20.51 141.346
20.52 141.71
20.53 141.953
20.54 141.892
20.55 142.389
20.56 142.258
20.57 142.873
20.58 142.166
20.59 142.008
20.6 141.801
20.61 142.008
20.62 142.008
20.63 141.801
20.64 141.594
20.65 140.446
20.66 140.609
20.67 141.996
20.68 142.718
20.69 143.648
20.7 142.976
20.71 143.089
20.72 143.089
20.73 143.182
20.74 143.298
20.75 143.337
20.76 143.182
20.77 144.252
20.78 141.996
20.79 141.447
20.8 141.447
20.81 139.557
20.82 140.782
20.83 142.156
20.84 142.462
20.85 143.013
20.86 143.013
20.87 143.013
20.88 143.104
20.89 143.337
20.9 143.581
20.91 143.861
20.92 143.804
20.93 142.008
20.94 141.618
20.95 141.045
20.96 141.045
20.97 142.95
20.98 142.95
20.99 142.95
21 164.921
21.01 165.066
21.02 165.066
21.03 164.115
21.04 164.115
21.05 164.552
21.06 165.478
21.07 165.478
21.08 165.478
21.09 165.478
21.1 0
21.11 51.3986
21.12 51.3986
21.13 51.3986
21.14 51.3986
21.15 51.3986
21.16 0
21.17 79.7757
21.18 80.2548
21.19 81.4856
21.2 79.7468
21.21 80.6707
21.22 80.2791
21.23 80.2791
21.24 80.2791
21.25 80.2791
21.26 80.2791
21.27 79.4118
21.28 79.4118
21.29 79.4118
21.3 80.3279
21.31 79.8913
21.32 80.3767
21.33 80.4745
21.34 80.3767
21.35 80.4255
21.36 80.4255
21.37 81.3053
21.38 81.3053
21.39 81.3053
21.4 81.3053
21.41 81.3053
21.42 81.3053
21.43 0
21.44 52.0047
21.45 51.8417
21.46 51.8417
21.47 51.3587
21.48 51.3587
21.49 51.4386
21.5 51.4386
21.51 51.4786
21.52 51.4786
21.53 51.6595
21.54 51.6999
21.55 51.791
21.56 51.8011
21.57 51.8011
21.58 52.0047
21.59 52.0047
21.6 51.791
21.61 51.791
21.62 51.6797
21.63 51.6797
21.64 51.6797
21.65 51.6797
21.66 51.6797
21.67 0
21.68 151.027
21.69 158.919
21.7 158.919
21.71 162.611
21.72 162.611
21.73 162.611
21.74 177.108
21.75 180.738
21.76 180.738
21.77 180.738
21.78 180.738
21.79 180.738
21.8 180.738
21.81 187.926
21.82 185.74
21.83 184.712
21.84 183.75
21.85 183.75
21.86 179.43
21.87 179.123
21.88 179.123
21.89 180.923
21.9 179.755
21.91 180.923
21.92 180.923
21.93 180.923
21.94 180.923
21.95 180.923
21.96 0
21.97 185.684
21.98 183.969
21.99 185.489
22 185.815
22.01 185.815
22.02 186.601
22.03 186.601
22.04 186.601
22.05 186.601
22.06 186.601
22.07 186.601
22.08 184.712
22.09 187.46
22.1 187.46
22.11 187.46
22.12 0
22.13 57.3224
22.14 57.3472
22.15 57.3472
22.16 56.9767
22.17 56.7568
22.18 56.7568
22.19 56.7568
22.2 0
22.21 190.744
22.22 186.864
22.23 186.864
22.24 0
22.25 58.1538
22.26 57.7225
22.27 57.7225
22.28 57.7225
22.29 57.1984
22.3 57.1984
22.31 56.8299
22.32 57.1244
22.33 57.1244
22.34 57.1244
22.35 57.1244
22.36 57.1244
22.37 0
22.38 167.045
22.39 175.199
22.4 186.076
22.41 187.5
22.42 187.5
22.43 187.5
22.44 188.865
22.45 188.865
22.46 188.865
22.47 187.394
22.48 187.394
22.49 185.294
22.5 185.74
22.51 188.623
22.52 190.984
22.53 190.465
22.54 190.086
22.55 190.086
22.56 190.973
22.57 191.891
22.58 189.789
22.59 190.451
22.6 187.66
22.61 187.819
22.62 187.66
22.63 187.66
22.64 179.755
22.65 173.168
22.66 163.576
22.67 161.736
22.68 162.132
22.69 138.679
22.7 138.679
22.71 138.679
22.72 138.679
22.73 138.679
22.74 0
22.75 275.625
22.76 282.692
22.77 282.692
22.78 253.033
22.79 253.033
22.8 253.033
22.81 0
22.82 12.6615
22.83 0
22.84 282.692
22.85 0
22.86 52.0047
22.87 52.0047
22.88 52.0047
22.89 0
22.9 0
22.91 176.4
22.92 0
22.93 192.857
22.94 197.581
22.95 205.116
22.96 205.116
22.97 205.116
22.98 0
22.99 163.333
23 163.333
23.01 167.681
23.02 169.182
23.03 173.47
23.04 177.703
23.05 177.382
23.06 178.749
23.07 178.749
23.08 179.171
23.09 181.654
23.1 189.96
23.11 198.873
23.12 206.332
23.13 209.288
23.14 207.15
23.15 208.17
23.16 209.282
23.17 207.94
23.18 207.94
23.19 206.811
23.2 207.725
23.21 209.335
23.22 210.125
23.23 210.118
23.24 211.117
23.25 211.714
23.26 212.019
23.27 212.019
23.28 212.473
23.29 211.612
23.3 210.517
23.31 210.345
23.32 210.484
23.33 210.69
23.34 214.338
23.35 213.137
23.36 213.689
23.37 213.732
23.38 213.87
23.39 213.646
23.4 214.413
23.41 214.831
23.42 214.666
23.43 215.064
23.44 215.753
23.45 215.491
23.46 215.633
23.47 215.978
23.48 215.874
23.49 215.992
23.5 215.06
23.51 213.559
23.52 213.387
23.53 212.665
23.54 212.139
23.55 211.698
23.56 211.698
23.57 211.698
23.58 211.698
23.59 211.765
23.6 211.728
23.61 212.5
23.62 213.221
23.63 213.095
23.64 212.179
23.65 212.763
23.66 212.394
23.67 212.38
23.68 212.333
23.69 212.232
23.7 212.114
23.71 210
23.72 210.222
23.73 211.834
23.74 212.205
23.75 211.55
23.76 211.207
23.77 211.66
23.78 213.301
23.79 213.289
23.8 213.146
23.81 213.325
23.82 212.735
23.83 212.838
23.84 213.225
23.85 213.225
23.86 212.897
23.87 211.511
23.88 210.861
23.89 213.387
23.9 204.167
23.91 233.952
23.92 233.952
23.93 233.671
23.94 222.727
23.95 222.727
23.96 222.727
23.97 222.727
23.98 222.727
23.99 216.176
24 216.176
24.01 220.5
24.02 227.32
24.03 226.541
24.04 221.608
24.05 220.5
24.06 212.701
24.07 215.272
24.08 211.257
24.09 209.601
24.1 205.594
24.11 204.482
24.12 203.538
24.13 203.538
24.14 202.914
24.15 202.692
24.16 202.41
24.17 202.294
24.18 201.574
24.19 201.472
24.2 201.424
24.21 201.316
24.22 201.166
24.23 201.158
24.24 201.299
24.25 201.119
24.26 200.455
24.27 199.895
24.28 200.846
24.29 200.911
24.3 200.82
24.31 199.161
24.32 201.554
24.33 198.202
24.34 197.315
24.35 197.315
24.36 194.788
24.37 195.38
24.38 196.582
24.39 199.548
24.4 199.548
24.41 196.875
24.42 196.875
24.43 196.875
24.44 196.437
24.45 196.437
24.46 193.421
24.47 191.62
24.48 191.62
24.49 175.398
24.5 174.079
24.51 174.079
24.52 174.604
24.53 172.941
24.54 173.017
24.55 173.077
24.56 174.308
24.57 170.534
24.58 172.266
24.59 175.497
24.6 175.497
24.61 175.464
24.62 174.222
24.63 172.986
24.64 172.806
24.65 172.445
24.66 172.086
24.67 171.551
24.68 172.17
24.69 171.93
24.7 171.93
24.71 166.541
24.72 153.125
24.73 153.125
24.74 153.125
24.75 152.86
24.76 152.913
24.77 153.735
24.78 153.927
24.79 153.362
24.8 154.316
24.81 154.827
24.82 155.282
24.83 156.182
24.84 157.406
24.85 158.322
24.86 158.824
24.87 159.398
24.88 160.04
24.89 160.428
24.9 160.48
24.91 160.461
24.92 160.461
24.93 161.056
24.94 160.417
24.95 160.015
24.96 159.59
24.97 158.835
24.98 158.065
24.99 157.323
25 156.78
25.01 157.149
25.02 157.126
25.03 157.5
25.04 157.725
25.05 157.587
25.06 157.876
25.07 158.862
25.08 160.614
25.09 162.797
25.1 165.323
25.11 168.804
25.12 169.058
25.13 169.058
25.14 171.5
25.15 170.93
25.16 170.93
25.17 171.051
25.18 170.93
25.19 170.93
25.2 170.93
25.21 172.098
25.22 172.445
25.23 172.651
25.24 172.748
25.25 172.896
25.26 173.135
25.27 173.307
25.28 173.531
25.29 173.987
25.3 173.987
25.31 173.44
25.32 173.374
25.33 173.746
25.34 173.871
25.35 173.871
25.36 175.278
25.37 173.622
25.38 173.508
25.39 174.014
25.4 174.014
25.41 174.653
25.42 174.653
25.43 170.93
25.44 174.653
25.45 174.653
25.46 174.653
25.47 174.079
25.48 170.93
25.49 170.93
25.5 170.93
25.51 170.93
25.52 170.93
25.53 0
25.54 56.8299
25.55 56.8299
25.56 56.8299
25.57 56.8299
25.58 56.8299
25.59 56.8299
25.6 56.8299
25.61 0
25.62 283.906
25.63 0
25.64 283.906
25.65 283.906
25.66 283.906
25.67 0
25.68 186.076
25.69 184.134
25.7 178.346
25.71 179.004
25.72 179.8
25.73 184.906
25.74 190.086
25.75 191.501
25.76 188.784
25.77 190.556
25.78 186.864
25.79 166.415
25.8 165.169
25.81 164.963
25.82 164.904
25.83 164.921
25.84 165.272
25.85 164.465
25.86 164.914
25.87 164.914
25.88 164.716
25.89 164.86
25.9 164.689
25.91 164.689
25.92 167.574
25.93 168.137
25.94 171.595
25.95 171.595
25.96 171.679
25.97 170.6
25.98 170.6
25.99 170.6
26 171.535
26.01 171.151
26.02 172.059
26.03 172.176
26.04 172.355
26.05 172.445
26.06 172.445
26.07 172.772
26.08 172.828
26.09 172.007
26.1 172.993
26.11 172.021
26.12 171.818
26.13 171.67
26.14 172.074
26.15 172.191
26.16 171.656
26.17 171.846
26.18 170.765
26.19 169.989
26.2 169.724
26.21 169.724
26.22 169.724
26.23 172.266
26.24 171.818
26.25 172.67
26.26 170.81
26.27 171.484
26.28 172.266
26.29 172.266
26.3 174.308
26.31 174.079
26.32 174.136
26.33 174.136
26.34 173.622
26.35 175.931
26.36 173.622
26.37 173.622
26.38 173.622
26.39 173.622
26.4 173.622
26.41 0
26.42 57.1878
26.43 57.1878
26.44 57.3472
26.45 57.3472
26.46 57.3472
26.47 0
26.48 172.651
26.49 172.873
26.5 172.818
26.51 172.88
26.52 172.909
26.53 173.003
26.54 173.385
26.55 172.715
26.56 172.643
26.57 172.11
26.58 172.21
26.59 171.915
26.6 172.941
26.61 172.525
26.62 173.675
26.63 173.098
26.64 172.966
26.65 166.625
26.66 164.798
26.67 163.535
26.68 163.333
26.69 162.611
26.7 164.144
26.71 168.321
26.72 168.321
26.73 168.321
26.74 168.966
26.75 170.176
26.76 172.49
26.77 174.171
26.78 176.048
26.79 178.302
26.8 178.302
26.81 178.302
26.82 200.455
26.83 189
26.84 189
26.85 189
26.86 189
26.87 189
26.88 0
26.89 0
26.9 0
26.91 96.4286
26.92 96.7105
26.93 96.5693
26.94 95.8055
26.95 96.4989
26.96 90.3689
26.97 90.3689
26.98 91.4938
26.99 91.875
27 91.875
27.01 91.875
27.02 91.875
27.03 91.875
27.04 94.08
27.05 93.9097
27.06 94.5
27.07 99.3243
27.08 101.413
27.09 103.037
27.1 102.083
27.11 100.915
27.12 99.9245
27.13 99.4523
27.14 99.4523
27.15 98.7682
27.16 98.7682
27.17 98.7682
27.18 97.6744
27.19 96.0784
27.2 95.1799
27.21 94.554
27.22 94.554
27.23 94.554
27.24 94.6352
27.25 95.0431
27.26 95.0431
27.27 95.2484
27.28 96.5975
27.29 96.654
27.3 96.5412
27.31 96.2042
27.32 95.8055
27.33 95.5925
27.34 95.2484
27.35 94.9067
27.36 94.729
27.37 94.7461
27.38 94.7461
27.39 94.9172
27.4 94.8944
27.41 94.9687
27.42 95.0431
27.43 95.1923
27.44 95.4087
27.45 95.3956
27.46 95.3514
27.47 95.4087
27.48 95.2778
27.49 95.2073
27.5 95.4545
27.51 95.4545
27.52 95.4545
27.53 0
27.54 189.27
27.55 191.739
27.56 189.108
27.57 189.108
27.58 189
27.59 189.433
27.6 189.813
27.61 190.086
27.62 190.086
27.63 190.415
27.64 190.415
27.65 190.415
27.66 190.415
27.67 190.415
27.68 192.697
27.69 192.857
27.7 192.857
27.71 192.857
27.72 0
27.73 172.941
27.74 170.93
27.75 170.6
27.76 172.042
27.77 177.823
27.78 183.368
27.79 184.906
27.8 184.906
27.81 185.467
27.82 184.906
27.83 184.906
27.84 189.542
27.85 192.408
27.86 198.054
27.87 204.167
27.88 204.167
27.89 204.167
27.9 217.028
27.91 215.753
27.92 204.167
27.93 211.438
27.94 210
27.95 208.863
27.96 208.456
27.97 208.197
27.98 208.17
27.99 208.17
28 208.17
28.01 207.855
28.02 207.823
28.03 207.042
28.04 207.367
28.05 207.774
28.06 207.237
28.07 207.529
28.08 207.529
28.09 211.005
28.1 208.019
28.11 186.864
28.12 186.864
28.13 186.864
28.14 186.864
28.15 186.864
28.16 0
28.17 130.025
28.18 130.088
28.19 129.791
28.2 129.621
28.21 129.626
28.22 129.706
28.23 130.19
28.24 130.19
28.25 130.306
28.26 130.172
28.27 130.239
28.28 130.038
28.29 129.706
28.3 129.626
28.31 129.527
28.32 125.641
28.33 124.63
28.34 123.624
28.35 121.488
28.36 118.975
28.37 118.548
28.38 115.809
28.39 104.502
28.4 112.119
28.41 112.119
28.42 112.119
28.43 112.119
28.44 0
28.45 200.455
28.46 196.875
28.47 201.677
28.48 202.665
28.49 202.665
28.5 202.665
28.51 202.665
28.52 202.665
28.53 202.665
28.54 202.665
28.55 204.167
28.56 204.167
28.57 204.167
28.58 204.167
28.59 204.167
28.6 204.167
28.61 207.774
28.62 207.774
28.63 0
28.64 209.556
28.65 209.818
28.66 209.818
28.67 0
28.68 210.182
28.69 0
28.7 104.602
28.71 104.432
28.72 104.173
28.73 104.009
28.74 103.911
28.75 104.009
28.76 103.911
28.77 104.502
28.78 105.334
28.79 105.502
28.8 105.755
28.81 106.01
28.82 106.078
28.83 106.078
28.84 105.942
28.85 106.419
28.86 106.01
28.87 106.088
28.88 105.457
28.89 105.1
28.9 104.8
28.91 104.592
28.92 104.668
28.93 104.581
28.94 104.372
28.95 104.372
28.96 104.338
28.97 104.403
28.98 104.502
28.99 104.502
29 104.255
29.01 104.255
29.02 104.255
29.03 104.255
29.04 104.009
29.05 104.009
29.06 0
29.07 208.019
29.08 0
29.09 208.44
29.1 0
29.11 69.705
29.12 0
29.13 104.206
29.14 0
29.15 206.777
29.16 0
29.17 194.702
29.18 190.415
29.19 186.413
29.2 186.413
29.21 185.641
29.22 183.559
29.23 178.302
29.24 178.302
29.25 178.302
29.26 178.977
29.27 181.233
29.28 191.027
29.29 191.027
29.3 193.591
29.31 193.082
29.32 192.241
29.33 191.24
29.34 190.973
29.35 190.497
29.36 190.497
29.37 190.719
29.38 190.771
29.39 190.771
29.4 191.6
29.41 192.043
29.42 192.408
29.43 192.073
29.44 192.408
29.45 192.347
29.46 192.408
29.47 192.408
29.48 193.704
29.49 193.988
29.5 193.988
29.51 193.988
29.52 193.988
29.53 193.988
29.54 193.988
29.55 195.133
29.56 195.71
29.57 195.133
29.58 195.133
29.59 201.299
29.6 197.252
29.61 195.133
29.62 191.878
29.63 189.197
29.64 189.969
29.65 188.71
29.66 189.619
29.67 191.146
29.68 192.073
29.69 193.648
29.7 195.479
29.71 194.223
29.72 194.525
29.73 194.525
29.74 195.336
29.75 195.031
29.76 195.438
29.77 195.846
29.78 196.359
29.79 196.154
29.8 196.69
29.81 196.612
29.82 196.875
29.83 195.876
29.84 196.407
29.85 196.359
29.86 193.785
29.87 190.634
29.88 185.654
29.89 185.294
29.9 184.449
29.91 186.207
29.92 188.71
29.93 190.791
29.94 197.81
29.95 209.335
29.96 211.793
29.97 213.281
29.98 213.44
29.99 215.122
30 215.927
30.01 216.442
30.02 216.176
30.03 217.053
30.04 215.332
30.05 214.633
30.06 214.398
30.07 214.972
30.08 216.784
30.09 217.456
30.1 215.792
30.11 217.523
30.12 217.185
30.13 216.814
30.14 217.004
30.15 216.841
30.16 216.743
30.17 217.654
30.18 217.339
30.19 217.241
30.2 217.028
30.21 214.568
30.22 214.846
30.23 215.122
30.24 215.297
30.25 215.409
30.26 215.409
30.27 214.238
30.28 214.494
30.29 215.431
30.3 215.398
30.31 216.065
30.32 214.322
30.33 213.301
30.34 214.078
30.35 213.801
30.36 214.626
30.37 214.516
30.38 214.375
30.39 214.375
30.4 214.456
30.41 214.551
30.42 214.646
30.43 214.172
30.44 214.267
30.45 214.375
30.46 215.227
30.47 215.288
30.48 215.385
30.49 215.385
30.5 215.35
30.51 215.313
30.52 215.355
30.53 214.276
30.54 214.276
30.55 180.738
30.56 183.75
30.57 185.294
30.58 185.294
30.59 185.294
30.6 185.294
30.61 185.294
30.62 185.294
30.63 187.182
30.64 190.086
30.65 193.421
30.66 241.664
30.67 241.605
30.68 242.874
30.69 242.033
30.7 240.242
30.71 236.733
30.72 234.337
30.73 233.457
30.74 234.1
30.75 234.056
30.76 234.466
30.77 235.485
30.78 236.654
30.79 237.391
30.8 238.045
30.81 238.137
30.82 237.77
30.83 237.736
30.84 237.72
30.85 237.561
30.86 237.485
30.87 237.368
30.88 237.097
30.89 236.794
30.9 236.64
30.91 236.722
30.92 236.824
30.93 236.842
30.94 242.924
30.95 235.538
30.96 234.574
30.97 234.574
30.98 234.021
30.99 233.428
31 233.333
31.01 233.333
31.02 233.172
31.03 232.958
31.04 232.718
31.05 232.649
31.06 232.411
31.07 232.293
31.08 233.333
31.09 233.746
31.1 235.118
31.11 235.559
31.12 236.349
31.13 236.64
31.14 236.634
31.15 236.532
31.16 236.673
31.17 234.1
31.18 234.1
31.19 234.1
31.2 195.133
31.21 203.226
31.22 204.545
31.23 204.545
31.24 204.545
31.25 204.545
31.26 204.545
31.27 204.545
31.28 204.545
31.29 205.435
31.3 210
31.31 210
31.32 210
31.33 262.5
31.34 258.582
31.35 255.652
31.36 251.942
31.37 251.782
31.38 251.668
31.39 252.903
31.4 254.063
31.41 254.721
31.42 255.687
31.43 255.878
31.44 255.989
31.45 256.52
31.46 255.62
31.47 256.136
31.48 254.983
31.49 255.061
31.5 254.136
31.51 254.681
31.52 254.379
31.53 254.472
31.54 254.977
31.55 254.646
31.56 254.849
31.57 255.363
31.58 255.62
31.59 255.62
31.6 255.585
31.61 255.62
31.62 255.047
31.63 255.168
31.64 255.168
31.65 255.241
31.66 255.224
31.67 254.876
31.68 255.033
31.69 254.913
31.7 255.047
31.71 255.005
31.72 255.97
31.73 256.675
31.74 257.508
31.75 258.307
31.76 258.746
31.77 259.316
31.78 260.045
31.79 260.269
31.8 260.515
31.81 260.612
31.82 260.21
31.83 259.829
31.84 259.412
31.85 258.348
31.86 257.744
31.87 256.993
31.88 256.395
31.89 256.157
31.9 256.395
31.91 256.993
31.92 257.629
31.93 258.054
31.94 258.444
31.95 258.684
31.96 259.273
31.97 259.703
31.98 260.039
31.99 260.132
32 260.004
32.01 259.622
32.02 259.517
32.03 259.06
32.04 258.75
32.05 258.75
32.06 258.618
32.07 258.75
32.08 258.36
32.09 258.439
32.1 258.326
32.11 258.155
32.12 258.197
32.13 258.215
32.14 258.511
32.15 258.702
32.16 258.936
32.17 259.325
32.18 259.666
32.19 259.99
32.2 260.092
32.21 260.111
32.22 260.154
32.23 260.103
32.24 260.024
32.25 259.882
32.26 259.412
32.27 259.014
32.28 258.618
32.29 258.444
32.3 258.092
32.31 257.769
32.32 257.829
32.33 257.829
32.34 257.698
32.35 257.698
32.36 257.621
32.37 257.567
32.38 257.644
32.39 257.829
32.4 258.092
32.41 258.307
32.42 258.223
32.43 258.092
32.44 258.092
32.45 258.092
32.46 258.092
32.47 258.092
32.48 258.032
32.49 257.895
32.5 257.465
32.51 257.547
32.52 257.593
32.53 257.593
32.54 257.714
32.55 257.769
32.56 257.834
32.57 257.834
32.58 257.834
32.59 258.076
32.6 258.169
32.61 258.197
32.62 258.161
32.63 258.462
32.64 257.779
32.65 258.476
32.66 258.803
32.67 259.412
32.68 260.433
32.69 252.481
32.7 249.434
32.71 248.684
32.72 248.684
32.73 248.684
32.74 258.803
32.75 258.803
32.76 258.803
32.77 258.803
32.78 258.803
32.79 255.899
32.8 258.977
32.81 258.977
32.82 258.943
32.83 258.735
32.84 258.543
32.85 258.486
32.86 258.348
32.87 258.11
32.88 258.062
32.89 257.679
32.9 257.679
32.91 257.679
32.92 257.895
32.93 258.398
32.94 257.895
32.95 242.975
32.96 256.395
32.97 256.395
32.98 255.405
32.99 250.568
33 255.405
33.01 255.546
33.02 250.568
33.03 254.913
33.04 253.813
33.05 250.568
33.06 250.568
33.07 250.568
33.08 275.625
33.09 275.625
33.1 275.625
33.11 275.625
33.12 0
33.13 542.213
33.14 539.831
33.15 565.385
33.16 565.385
33.17 565.385
33.18 0
33.19 0
33.2 0
33.21 0
33.22 0
33.23 561.783
33.24 630
33.25 630
33.26 0
33.27 0
33.28 0
33.29 0
33.3 256.395
33.31 0
33.32 0
33.33 495.506
33.34 551.25
33.35 529.73
33.36 529.73
33.37 529.73
33.38 0
33.39 0
33.4 0
33.41 60.9116
33.42 0
33.43 77.6408
33.44 77.6408
33.45 77.6408
33.46 0
33.47 52.8777
33.48 0
33.49 441
33.5 0
33.51 134.862
33.52 136.111
33.53 136.111
33.54 152.069
33.55 152.069
33.56 159.783
33.57 160.073
33.58 160.48
33.59 160.48
33.6 160.073
33.61 160.48
33.62 160.48
33.63 160.073
33.64 160.949
33.65 167.299
33.66 168.16
33.67 169.429
33.68 169.429
33.69 169.746
33.7 170.458
33.71 170.842
33.72 171.462
33.73 172.086
33.74 172.535
33.75 172.535
33.76 175.298
33.77 176.683
33.78 174.354
33.79 174.63
33.8 174.815
33.81 175.931
33.82 174.63
33.83 174.262
33.84 173.896
33.85 174.74
33.86 172.266
33.87 172.176
33.88 172.176
33.89 173.349
33.9 173.47
33.91 172.603
33.92 172.772
33.93 173.017
33.94 173.464
33.95 173.565
33.96 173.622
33.97 174.377
33.98 174.079
33.99 171.818
34 173.046
34.01 173.675
34.02 172.756
34.03 174.308
34.04 174.692
34.05 173.793
34.06 174.05
34.07 174.584
34.08 174.584
34.09 176.282
34.1 176.282
34.11 175.099
34.12 176.212
34.13 176.212
34.14 173.938
34.15 173.675
34.16 173.517
34.17 173.964
34.18 173.622
34.19 173.36
34.2 173.338
34.21 173.188
34.22 173.126
34.23 173.524
34.24 173.524
34.25 172.007
34.26 170.93
34.27 170.49
34.28 170.49
34.29 170.49
34.3 0
34.31 0
34.32 86.625
34.33 86.5979
34.34 86.5979
34.35 0
34.36 180.738
34.37 179.026
34.38 179.026
34.39 0
34.4 179.8
34.41 179.8
34.42 179.8
34.43 178.302
34.44 178.002
34.45 179.086
34.46 177.21
34.47 176.224
34.48 174.079
34.49 169.615
34.5 169.615
34.51 169.615
34.52 169.058
34.53 168.222
34.54 168.535
34.55 168.907
34.56 170.051
34.57 169.615
34.58 170.842
34.59 171.64
34.6 172.986
34.61 173.258
34.62 173.349
34.63 173.135
34.64 172.986
34.65 172.896
34.66 172.715
34.67 172.715
34.68 172.535
34.69 172.625
34.7 172.625
34.71 172.625
34.72 172.651
34.73 172.577
34.74 172.715
34.75 173.077
34.76 173.168
34.77 173.896
34.78 175.464
34.79 175.967
34.8 176.528
34.81 177.188
34.82 177.644
34.83 177.644
34.84 190.634
34.85 176.872
34.86 182.231
34.87 171.595
34.88 170.139
34.89 169.779
34.9 169.76
34.91 169.009
34.92 169.55
34.93 169.163
34.94 169.163
34.95 169.095
34.96 168.931
34.97 168.931
34.98 168.922
34.99 168.836
35 170.847
35.01 170.847
35.02 171.871
35.03 172.362
35.04 172.266
35.05 170.402
35.06 171.762
35.07 171.762
35.08 170.197
35.09 173.126
35.1 173.996
35.11 173.996
35.12 173.759
35.13 174.246
35.14 174.308
35.15 174.232
35.16 174.272
35.17 173.687
35.18 173.746
35.19 173.682
35.2 173.56
35.21 173.436
35.22 173.232
35.23 173.048
35.24 172.941
35.25 172.844
35.26 172.369
35.27 173.366
35.28 173.427
35.29 173.883
35.3 174.055
35.31 173.406
35.32 173.12
35.33 173.563
35.34 173.736
35.35 172.266
35.36 172.176
35.37 172.124
35.38 171.701
35.39 171.413
35.4 171.45
35.41 171.622
35.42 172.007
35.43 172.266
35.44 172.464
35.45 173.026
35.46 173.168
35.47 173.537
35.48 173.793
35.49 174.216
35.5 174.687
35.51 174.079
35.52 173.827
35.53 173.933
35.54 172.912
35.55 172.794
35.56 173.117
35.57 173.513
35.58 173.679
35.59 173.622
35.6 173.338
35.61 173.29
35.62 172.922
35.63 173.077
35.64 172.728
35.65 172.85
35.66 172.625
35.67 172.445
35.68 172.614
35.69 172.224
35.7 171.972
35.71 172.049
35.72 172.309
35.73 172.515
35.74 172.971
35.75 173.557
35.76 173.417
35.77 173.85
35.78 174.05
35.79 174.769
35.8 174.446
35.81 175.744
35.82 178.092
35.83 177.738
35.84 177.554
35.85 186.469
35.86 232.923
35.87 235.829
35.88 236.673
35.89 236.145
35.9 236.145
35.91 236.145
35.92 236.145
35.93 236.145
35.94 236.145
35.95 236.673
35.96 239.674
35.97 239.674
35.98 217.599
35.99 210.669
36 205.69
36.01 207.692
36.02 208.215
36.03 209.275
36.04 209.081
36.05 208.714
36.06 208.848
36.07 208.675
36.08 208.429
36.09 208.333
36.1 208.112
36.11 207.903
36.12 207.627
36.13 207.567
36.14 207.286
36.15 207.042
36.16 207.181
36.17 205.8
36.18 203.807
36.19 202.779
36.2 198.985
36.21 198.543
36.22 198.202
36.23 196.506
36.24 194.368
36.25 193.421
36.26 193.421
36.27 195
36.28 195
36.29 193.633
36.3 192.787
36.31 193.962
36.32 193.962
36.33 193.931
36.34 195.009
36.35 195.009
36.36 195.009
36.37 188.755
36.38 188.755
36.39 0
36.4 62.793
36.41 62.8589
36.42 62.8042
36.43 63.0164
36.44 63.3621
36.45 63.4989
36.46 63.618
36.47 64.1299
36.48 64.1299
36.49 64.1299
36.5 64.1299
36.51 64.1299
36.52 0
36.53 172.49
36.54 170.93
36.55 170.636
36.56 170.45
36.57 170.018
36.58 169.709
36.59 169.147
36.6 170.191
36.61 170.38
36.62 170.993
36.63 171.95
36.64 172.445
36.65 173.25
36.66 174.407
36.67 175.348
36.68 176.4
36.69 175.409
36.7 175.428
36.71 174.827
36.72 176.118
36.73 172.651
36.74 175
36.75 172.021
36.76 172.059
36.77 172.889
36.78 171.484
36.79 171.484
36.8 173.498
36.81 174.584
36.82 174.755
36.83 175.464
36.84 177.21
36.85 174.893
36.86 174.006
36.87 171.512
36.88 171.544
36.89 169.26
36.9 159.398
36.91 153.48
36.92 153.48
36.93 153.48
36.94 153.48
36.95 153.48
36.96 148.235
36.97 148.235
36.98 148.235
36.99 148.235
37 148.652
37.01 155.282
37.02 155.282
37.03 147
37.04 143.961
37.05 145.705
37.06 144.643
37.07 144.794
37.08 147.164
37.09 147.327
37.1 145.449
37.11 143.804
37.12 142.746
37.13 142.976
37.14 143.233
37.15 144.284
37.16 144.354
37.17 145.516
37.18 147.722
37.19 146.774
37.2 147.196
37.21 147.492
37.22 146.026
37.23 145.491
37.24 142.143
37.25 139.889
37.26 137.276
37.27 134.921
37.28 134.698
37.29 134.698
37.3 134.634
37.31 134.006
37.32 134.088
37.33 133.546
37.34 132.283
37.35 133.099
37.36 132.725
37.37 132.409
37.38 131.948
37.39 131.787
37.4 131.367
37.41 130.963
37.42 131.094
37.43 131.928
37.44 133.082
37.45 133.868
37.46 133.405
37.47 134.162
37.48 136.251
37.49 140.446
37.5 157.5
37.51 157.5
37.52 151.027
37.53 151.027
37.54 151.027
37.55 151.027
37.56 152.069
37.57 152.069
37.58 151.027
37.59 145.641
37.6 140.446
37.61 141.46
37.62 139.889
37.63 137.526
37.64 137.526
37.65 137.526
37.66 137.526
37.67 137.383
37.68 143.11
37.69 143.849
37.7 143.849
37.71 144.862
37.72 144.658
37.73 144.669
37.74 144.828
37.75 146.35
37.76 148.385
37.77 148.385
37.78 158.065
37.79 158.348
37.8 159.321
37.81 159.976
37.82 160.656
37.83 160.688
37.84 160.579
37.85 160.742
37.86 160.884
37.87 159.783
37.88 159.35
37.89 158.529
37.9 157.275
37.91 156.106
37.92 155.595
37.93 154.628
37.94 155.282
37.95 154.466
37.96 156.383
37.97 156.383
37.98 156.198
37.99 156.661
38 156.568
38.01 157.5
38.02 156.383
38.03 157.126
38.04 157.5
38.05 157.5
38.06 151.027
38.07 151.027
38.08 151.027
38.09 155.83
38.1 157.5
38.11 157.5
38.12 163.941
38.13 169.615
38.14 169.615
38.15 169.615
38.16 169.615
38.17 169.615
38.18 169.615
38.19 169.615
38.2 169.615
38.21 170.93
38.22 175.697
38.23 175.931
38.24 174.136
38.25 173.47
38.26 173.25
38.27 173.622
38.28 173.622
38.29 173.412
38.3 173.374
38.31 173.498
38.32 173.47
38.33 173.818
38.34 174.723
38.35 173.964
38.36 173.964
38.37 175.697
38.38 178.362
38.39 181.631
38.4 185.035
38.41 185.035
38.42 185.035
38.43 186.147
38.44 189.18
38.45 193.421
38.46 200.151
38.47 204.167
38.48 211.511
38.49 213.387
38.5 217.063
38.51 215.824
38.52 214.267
38.53 214.267
38.54 214.267
38.55 214.267
38.56 214.309
38.57 214.375
38.58 215.184
38.59 216.176
38.6 213.559
38.61 211.238
38.62 208.675
38.63 208.757
38.64 208.757
38.65 208.757
38.66 208.757
38.67 210.803
38.68 210.501
38.69 210
38.7 212.473
38.71 213.043
38.72 213.485
38.73 213.485
38.74 213.485
38.75 213.485
38.76 214.078
38.77 215.472
38.78 202.665
38.79 199.322
38.8 198.243
38.81 197.227
38.82 196.485
38.83 195.751
38.84 194.04
38.85 193.931
38.86 193.931
38.87 193.704
38.88 194.228
38.89 194.045
38.9 192.745
38.91 193.917
38.92 193.421
38.93 192.817
38.94 191.027
38.95 191.055
38.96 191.978
38.97 191.878
38.98 191.878
38.99 194.017
39 195.399
39.01 194.273
39.02 191.739
39.03 187.66
39.04 185.815
39.05 185.815
39.06 185.815
39.07 185.815
39.08 185.815
39.09 185.815
39.1 185.815
39.11 185.815
39.12 182.231
39.13 176.165
39.14 176.165
39.15 176.683
39.16 178.362
39.17 178.633
39.18 178.687
39.19 178.591
39.2 177.918
39.21 177.376
39.22 176.683
39.23 175.931
39.24 175.278
39.25 174.907
39.26 174.723
39.27 174.907
39.28 175.278
39.29 175.837
39.3 175.872
39.31 176.024
39.32 175.837
39.33 175.278
39.34 174.815
39.35 173.44
39.36 171.997
39.37 170.741
39.38 169.989
39.39 169.073
39.4 168.321
39.41 166.541
39.42 165.665
39.43 165.014
39.44 164.348
39.45 164.348
39.46 162.531
39.47 161.962
39.48 161.962
39.49 152.279
39.5 145.545
39.51 145.066
39.52 144.387
39.53 144.387
39.54 144.387
39.55 144.907
39.56 144.907
39.57 144.275
39.58 144.275
39.59 144.275
39.6 144.495
39.61 144.495
39.62 142.667
39.63 142.462
39.64 141.447
39.65 141.256
39.66 140.805
39.67 140.446
39.68 140.148
39.69 138.679
39.7 138.245
39.71 138.245
39.72 138.245
39.73 138.245
39.74 138.245
39.75 138.245
39.76 138.245
39.77 137.812
39.78 136.957
39.79 136.957
39.8 136.957
39.81 130.217
39.82 131.839
39.83 132.831
39.84 133.032
39.85 133.009
39.86 133.152
39.87 133.738
39.88 133.738
39.89 133.738
39.9 132.946
39.91 132.432
39.92 132.3
39.93 132.512
39.94 133.636
39.95 135.069
39.96 135.069
39.97 135.069
39.98 135.069
39.99 135.069
40 135.069
40.01 135.553
40.02 134.451
40.03 129.579
40.04 130.473
40.05 132.036
40.06 133.032
40.07 142.718
40.08 142.718
40.09 142.718
40.1 142.873
40.11 142.652
40.12 142.105
40.13 141.892
40.14 142.488
40.15 142.95
40.16 142.976
40.17 142.976
40.18 142.976
40.19 143.315
40.2 143.648
40.21 143.93
40.22 144.828
40.23 144.748
40.24 144.748
40.25 149.365
40.26 149.492
40.27 149.873
40.28 149.618
40.29 150.455
40.3 149.112
40.31 149.112
40.32 148.843
40.33 148.208
40.34 148.111
40.35 147.863
40.36 146.878
40.37 147.987
40.38 147.368
40.39 147.196
40.4 147.196
40.41 147.739
40.42 147.196
40.43 146.674
40.44 146.674
40.45 147.196
40.46 146.674
40.47 145.066
40.48 142.873
40.49 143.804
40.5 142.425
40.51 141.801
40.52 141.075
40.53 140.772
40.54 140.446
40.55 139.667
40.56 139.557
40.57 139.41
40.58 138.898
40.59 138.389
40.6 137.812
40.61 132.3
40.62 130.861
40.63 128.198
40.64 128.198
40.65 128.198
40.66 128.198
40.67 128.198
40.68 0
40.69 0
40.7 250.568
40.71 0
40.72 109.158
40.73 0
40.74 0
40.75 0
40.76 551.25
40.77 0
40.78 225
40.79 225
40.8 225
40.81 0
40.82 79.6029
40.83 0
40.84 329.104
40.85 367.5
40.86 367.5
40.87 0
40.88 43.4055
40.89 0
40.9 104.009
40.91 0
40.92 54.0441
40.93 54.0441
40.94 54.0441
40.95 49.3289
40.96 49.3289
40.97 49.3289
40.98 49.3289
40.99 0
41 0
41.01 193.704
41.02 0
41.03 0
41.04 160.015
41.05 0
41.06 0
41.07 0
41.08 0
41.09 0
41.1 0
41.11 0
41.12 204.167
41.13 204.167
41.14 204.167
41.15 0
41.16 198.649
41.17 0
41.18 0
41.19 0
41.2 0
41.21 0
41.22 39.694
41.23 0
41.24 612.5
41.25 0
41.26 490
41.27 0
41.28 639.13
41.29 0
41.3 0
41.31 551.25
41.32 551.25
41.33 551.25
41.34 0
41.35 124.155
41.36 129.706
41.37 129.706
41.38 129.706
41.39 129.706
41.4 0
41.41 128.447
41.42 128.384
41.43 127.752
41.44 128.322
41.45 128.625
41.46 129.401
41.47 130.473
41.48 129.326
41.49 129.326
41.5 129.326
41.51 130.473
41.52 130.667
41.53 130.667
41.54 131.957
41.55 132.632
41.56 132.632
41.57 131.957
41.58 131.606
41.59 131.25
41.6 131.094
41.61 130.958
41.62 130.805
41.63 130.473
41.64 129.859
41.65 129.515
41.66 129.199
41.67 128.625
41.68 128.84
41.69 129.073
41.7 129.098
41.71 130.667
41.72 132.124
41.73 134.101
41.74 132.742
41.75 133.88
41.76 132.977
41.77 133.05
41.78 132.831
41.79 132.532
41.8 133.099
41.81 133.333
41.82 134.451
41.83 134.514
41.84 135.193
41.85 137.812
41.86 137.555
41.87 137.812
41.88 137.812
41.89 137.812
41.9 138.205
41.91 139.157
41.92 137.812
41.93 139.218
41.94 139.557
41.95 139.911
41.96 144.408
41.97 145.613
41.98 148.429
41.99 149.661
42 153.007
42.01 154.918
42.02 156.014
42.03 152.279
42.04 150.372
42.05 150.372
42.06 147.887
42.07 145.501
42.08 143.079
42.09 137.383
42.1 137.322
42.11 137.669
42.12 140.702
42.13 141.573
42.14 142.626
42.15 143.013
42.16 143.259
42.17 145.705
42.18 146.026
42.19 146.325
42.2 146.674
42.21 147.368
42.22 147.703
42.23 150.64
42.24 152.52
42.25 152.302
42.26 154.984
42.27 154.286
42.28 154.286
42.29 154.286
42.3 159.321
42.31 159.321
42.32 159.321
42.33 159.321
42.34 159.206
42.35 159.206
42.36 155.282
42.37 148.735
42.38 147
42.39 143.93
42.4 144.59
42.41 145.785
42.42 146.134
42.43 146.911
42.44 147.327
42.45 148.37
42.46 149.445
42.47 149.815
42.48 150.256
42.49 149.843
42.5 149.745
42.51 149.375
42.52 148.819
42.53 148.621
42.54 148.285
42.55 150.093
42.56 149.39
42.57 151.677
42.58 153.125
42.59 153.125
42.6 161.835
42.61 164.552
42.62 160.48
42.63 160.447
42.64 162.132
42.65 161.096
42.66 159.321
42.67 156.225
42.68 155.16
42.69 154.589
42.7 154.106
42.71 153.865
42.72 154.128
42.73 154.737
42.74 154.659
42.75 154.612
42.76 155.534
42.77 156.78
42.78 158.37
42.79 158.308
42.8 159.605
42.81 160.28
42.82 161.37
42.83 161.962
42.84 164.816
42.85 167.136
42.86 167.24
42.87 170.93
42.88 174.033
42.89 178.302
42.9 177.953
42.91 177.584
42.92 176.4
42.93 175.093
42.94 173.168
42.95 171.75
42.96 171.75
42.97 169.615
42.98 168.578
42.99 167.893
43 167.893
43.01 167.893
43.02 171.078
43.03 173.996
43.04 177.562
43.05 176.518
43.06 176.518
43.07 177.465
43.08 178.543
43.09 174.354
43.1 175.597
43.11 174.407
43.12 175.859
43.13 176.312
43.14 184.906
43.15 184.057
43.16 183.75
43.17 181.565
43.18 186.548
43.19 186.548
43.2 186.548
43.21 184.949
43.22 185.684
43.23 187.66
43.24 192.998
43.25 196.875
43.26 195.627
43.27 196.374
43.28 196.624
43.29 196.201
43.3 195.133
43.31 192.745
43.32 191.588
43.33 191.867
43.34 192.745
43.35 192.745
43.36 193.875
43.37 194.559
43.38 195.503
43.39 196.145
43.4 196.875
43.41 197.98
43.42 199.548
43.43 198.351
43.44 197.315
43.45 199.548
43.46 193.421
43.47 193.421
43.48 184.262
43.49 178.543
43.5 176.4
43.51 176.4
43.52 176.4
43.53 176.4
43.54 176.4
43.55 0
43.56 231.294
43.57 226.154
43.58 223.291
43.59 223.291
43.6 223.291
43.61 0
43.62 32.9596
43.63 0
43.64 0
43.65 32.9596
43.66 32.9596
43.67 32.9596
43.68 0
43.69 295.515
43.7 295.124
43.71 294.786
43.72 294.524
43.73 292.167
43.74 292.44
43.75 291.281
43.76 290.827
43.77 293.023
43.78 293.739
43.79 293.739
43.8 293.644
43.81 292.33
43.82 292.182
43.83 292.053
43.84 291.57
43.85 291.57
43.86 291.153
43.87 290.897
43.88 290.897
43.89 297.973
43.9 297.973
43.91 297.973
43.92 259.921
43.93 280
43.94 280
43.95 288.235
43.96 288.235
43.97 288.235
43.98 287.484
43.99 287.484
44 287.484
44.01 287.484
44.02 287.484
44.03 287.484
44.04 287.296
44.05 284.516
44.06 281.789
44.07 289.37
44.08 290.132
44.09 290.132
44.1 290.132
44.11 290.132
44.12 293.023
44.13 297.303
44.14 292.053
44.15 281.789
44.16 286.364
44.17 285.252
44.18 285.745
44.19 286.596
44.2 288.613
44.21 289.18
44.22 289.107
44.23 292.5
44.24 292.202
44.25 290.694
44.26 292.351
44.27 292.053
44.28 292.295
44.29 293.023
44.3 289.075
44.31 287.698
44.32 287.882
44.33 287.296
44.34 285.437
44.35 286.736
44.36 290.678
44.37 291.329
44.38 292.699
44.39 290.827
44.4 291.089
44.41 293.466
44.42 293.782
44.43 294
44.44 292.33
44.45 292.884
44.46 290.132
44.47 294.983
44.48 295.973
44.49 295.973
44.5 295.973
44.51 295.973
44.52 297.973
44.53 300
44.54 297.973
44.55 296.471
44.56 296.471
44.57 296.471
44.58 0
44.59 84.3212
44.6 84.3212
44.61 84.9166
44.62 84.8893
44.63 84.8893
44.64 83.2075
44.65 82.5843
44.66 82.1535
44.67 82.1535
44.68 82.1535
44.69 82.1535
44.7 79.439
44.71 79.439
44.72 79.439
44.73 0
44.74 52.8777
44.75 53.3382
44.76 53.3382
44.77 0
44.78 82.507
44.79 82.3786
44.8 82.208
44.81 82.208
44.82 82.0041
44.83 82.0465
44.84 82.0138
44.85 81.9703
44.86 80.7692
44.87 80.4745
44.88 80.4745
44.89 81.0662
44.9 80.3906
44.91 80.6102
44.92 80.6005
44.93 80.8186
44.94 80.85
44.95 80.85
44.96 80.8581
44.97 80.8284
44.98 80.8284
44.99 81.1258
45 81.1557
45.01 81.1856
45.02 81.1856
45.03 81.2291
45.04 81.012
45.05 81.4199
45.06 81.1204
45.07 81.1204
45.08 81.1204
45.09 80.4745
45.1 80.4745
45.11 80.4745
45.12 0
45.13 0
45.14 0
45.15 80.727
45.16 80.868
45.17 80.868
45.18 0
45.19 79.6988
45.2 0
45.21 52.8777
45.22 0
45.23 0
45.24 85.2998
45.25 85.2998
45.26 85.2998
45.27 85.2998
45.28 87.5869
45.29 87.5869
45.3 87.5869
45.31 0
45.32 178.784
45.33 0
45.34 175.348
45.35 175.321
45.36 173.622
45.37 173.394
45.38 180.985
45.39 181.195
45.4 180.057
45.41 178.853
45.42 178.853
45.43 177.823
45.44 175.38
45.45 175.38
45.46 177.72
45.47 179.044
45.48 178.663
45.49 176.636
45.5 179.39
45.51 175.931
45.52 177.432
45.53 177.465
45.54 177.703
45.55 175.428
45.56 181.143
45.57 181.143
45.58 181.143
45.59 178.853
45.6 178.853
45.61 183.096
45.62 189
45.63 189.882
45.64 188.104
45.65 180.067
45.66 178.182
45.67 185.035
45.68 182.231
45.69 181.481
45.7 181.481
45.71 178.11
45.72 178.11
45.73 178.11
45.74 178.11
45.75 178.11
45.76 0
45.77 59.0098
45.78 0
45.79 181.034
45.8 0
45.81 0
45.82 172.772
45.83 0
45.84 178.945
45.85 181.183
45.86 183.241
45.87 184.169
45.88 184.169
45.89 188.104
45.9 190.497
45.91 191.185
45.92 194.368
45.93 194.368
45.94 193.421
45.95 197.581
45.96 196.125
45.97 195.71
45.98 195.605
45.99 195.666
46 195.627
46.01 193.846
46.02 192.408
46.03 192.383
46.04 192.195
46.05 192.11
46.06 191.501
46.07 190.086
46.08 187.261
46.09 180.738
46.1 169.615
46.11 175.464
46.12 172.941
46.13 161.341
46.14 150.769
46.15 142.718
46.16 136.111
46.17 136.111
46.18 136.111
46.19 136.111
46.2 136.111
46.21 0
46.22 192.408
46.23 191.075
46.24 192.408
46.25 198.649
46.26 198.649
46.27 198.649
46.28 198.649
46.29 0
46.3 0
46.31 291.667
46.32 294.983
46.33 279.114
46.34 279.114
46.35 279.114
46.36 0
46.37 179.268
46.38 0
46.39 0
46.4 183.75
46.41 171.818
46.42 170.666
46.43 173.622
46.44 176.048
46.45 183.444
46.46 185.072
46.47 194.444
46.48 199.419
46.49 200.657
46.5 201.37
46.51 202.125
46.52 203.587
46.53 204.167
46.54 204.312
46.55 205.631
46.56 207.717
46.57 210
46.58 210.669
46.59 210.952
46.6 211.271
46.61 211.765
46.62 211.401
46.63 211.511
46.64 212.127
46.65 212.53
46.66 213.088
46.67 214.621
46.68 215.239
46.69 215.941
46.7 216.176
46.71 216.546
46.72 216.921
46.73 216.814
46.74 216.277
46.75 217.19
46.76 216.294
46.77 216.059
46.78 215.209
46.79 216.627
46.8 217.241
46.81 217.833
46.82 218.109
46.83 218.117
46.84 218.394
46.85 218.477
46.86 218.317
46.87 218.26
46.88 217.5
46.89 217.207
46.9 216.176
46.91 217.073
46.92 217.661
46.93 217.833
46.94 218.201
46.95 218.317
46.96 218.503
46.97 219.029
46.98 219.285
46.99 219.229
47 219.403
47.01 219.307
47.02 219.37
47.03 219.229
47.04 219.521
47.05 219.282
47.06 219.247
47.07 219.125
47.08 218.954
47.09 219.292
47.1 219.86
47.11 219.519
47.12 218.661
47.13 218.76
47.14 218.977
47.15 219.089
47.16 219.359
47.17 219.691
47.18 219.1
47.19 219.37
47.2 219.509
47.21 219.872
47.22 219.312
47.23 220.133
47.24 218.101
47.25 217.456
47.26 217.241
47.27 217.241
47.28 228.103
47.29 228.103
47.3 233.581
47.31 233.581
47.32 233.581
47.33 223.291
47.34 223.291
47.35 228.261
47.36 227.32
47.37 225
47.38 226.283
47.39 225.838
47.4 224.296
47.41 223.934
47.42 223.606
47.43 221.497
47.44 221.497
47.45 222.406
47.46 221.507
47.47 217.778
47.48 198.649
47.49 202.294
47.5 194.102
47.51 193.421
47.52 193.233
47.53 193.233
47.54 193.233
47.55 193.988
47.56 194.323
47.57 194.323
47.58 196
47.59 197.581
47.6 198.73
47.61 199.763
47.62 200.363
47.63 200.546
47.64 200.546
47.65 200.647
47.66 200.455
47.67 200.113
47.68 199.478
47.69 198.202
47.7 197.463
47.71 197.869
47.72 199.176
47.73 199.849
47.74 200
47.75 200.167
47.76 199.176
47.77 200.569
47.78 200.846
47.79 198.237
47.8 197.266
47.81 196.125
47.82 192.576
47.83 197.758
47.84 197.758
47.85 197.758
47.86 180.21
47.87 179.223
47.88 178.977
47.89 180.51
47.9 178.977
47.91 179.268
47.92 179.401
47.93 179.755
47.94 179.918
47.95 176.872
47.96 176.872
47.97 175.464
47.98 176.098
47.99 171.31
48 171.31
48.01 154.196
48.02 151.807
48.03 152.069
48.04 153.258
48.05 153.873
48.06 154.294
48.07 154.445
48.08 155.126
48.09 156.554
48.1 157.033
48.11 157.613
48.12 157.876
48.13 159.014
48.14 159.551
48.15 159.783
48.16 162.132
48.17 161.21
48.18 161.21
48.19 161.21
48.2 161.066
48.21 161.243
48.22 161.894
48.23 163.065
48.24 164.399
48.25 165.478
48.26 165.045
48.27 162.851
48.28 158.065
48.29 159.59
48.3 159.638
48.31 161.657
48.32 161.657
48.33 161.657
48.34 161.657
48.35 161.736
48.36 163.506
48.37 165.045
48.38 164.86
48.39 164.86
48.4 164.86
48.41 175.107
48.42 174.496
48.43 174.496
48.44 173.622
48.45 173.622
48.46 173.281
48.47 173.281
48.48 174.079
48.49 174.079
48.5 174.079
48.51 174.723
48.52 175
48.53 175.767
48.54 176.136
48.55 177.692
48.56 177.618
48.57 177.188
48.58 177.108
48.59 176.4
48.6 176.509
48.61 176.4
48.62 177.823
48.63 177.918
48.64 176.872
48.65 175.697
48.66 175.651
48.67 175.464
48.68 173.394
48.69 175
48.7 175.232
48.71 175
48.72 176.824
48.73 175.099
48.74 175.261
48.75 175.348
48.76 175.507
48.77 175.888
48.78 178.11
48.79 176.259
48.8 176.577
48.81 177.108
48.82 177.251
48.83 177.251
48.84 179.268
48.85 179.268
48.86 179.268
48.87 179.268
48.88 179.268
48.89 0
48.9 0
48.91 58.2101
48.92 0
48.93 0
48.94 58.1028
48.95 58.3333
48.96 58.3333
48.97 58.3333
48.98 58.3333
48.99 0
49 184.519
49.01 184.519
49.02 184.519
49.03 184.519
49.04 191.001
49.05 193.664
49.06 196.125
49.07 193.421
49.08 172.266
49.09 168.966
49.1 168.321
49.11 168.321
49.12 169.471
49.13 169.615
49.14 169.917
49.15 169.917
49.16 169.917
49.17 169.917
49.18 170.051
49.19 170.93
49.2 171.31
49.21 171.93
49.22 170.93
49.23 176.577
49.24 176.872
49.25 176.649
49.26 177.221
49.27 177.061
49.28 176.509
49.29 177.382
49.3 178.13
49.31 178.014
49.32 176.212
49.33 177.293
49.34 177.007
49.35 177.007
49.36 177.823
49.37 177.139
49.38 176.151
49.39 176.151
49.4 176.282
49.41 176.733
49.42 175.531
49.43 174.653
49.44 174.446
49.45 175.872
49.46 176.872
49.47 176.872
49.48 176.872
49.49 175.931
49.5 175.643
49.51 174.505
49.52 174.653
49.53 174.653
49.54 174.653
49.55 174.102
49.56 174.144
49.57 174.144
49.58 174.144
49.59 174.144
49.6 175.199
49.61 175.199
49.62 175.199
49.63 180
49.64 180
49.65 0
49.66 177.21
49.67 177.823
49.68 176.824
49.69 176.824
49.7 177.692
49.71 177.823
49.72 178.543
49.73 177.173
49.74 176.824
49.75 177.251
49.76 177.251
49.77 177.251
49.78 175.348
49.79 175.837
49.8 175.837
49.81 175.837
49.82 175.837
49.83 175.837
49.84 177.108
49.85 177.108
49.86 0
49.87 186.864
49.88 0
49.89 89.2713
49.9 0
49.91 179.268
49.92 179.156
49.93 178.784
49.94 178.028
49.95 169.942
49.96 166.102
49.97 165.169
49.98 165.08
49.99 167.468
50 172.715
50.01 172.715
50.02 173.622
50.03 173.622
50.04 173.622
50.05 175.199
50.06 175.199
50.07 176.4
50.08 179.268
50.09 179.268
50.1 193.745
50.11 190.692
50.12 191.588
50.13 190.684
50.14 190.684
50.15 191.819
50.16 190.909
50.17 190.909
50.18 190.909
50.19 191.462
50.2 191.462
50.21 196.291
50.22 195
50.23 196.47
50.24 194.273
50.25 194.059
50.26 194.059
50.27 193.421
50.28 194.166
50.29 194.38
50.3 195.594
50.31 196.327
50.32 196.327
50.33 196.327
50.34 205.116
50.35 200.455
50.36 199.247
50.37 198.649
50.38 198.649
50.39 198.649
50.4 198.649
50.41 195.826
50.42 193.421
50.43 192.297
50.44 191.075
50.45 189.834
50.46 189.834
50.47 189.834
50.48 190.909
50.49 191.355
50.5 193.421
50.51 193.291
50.52 194.207
50.53 194.603
50.54 194.976
50.55 194.04
50.56 193.704
50.57 193.082
50.58 193.139
50.59 192.717
50.6 192.576
50.61 192.576
50.62 192.641
50.63 192.697
50.64 193.16
50.65 193.308
50.66 193.621
50.67 193.821
50.68 193.875
50.69 193.945
50.7 194.04
50.71 194.368
50.72 193.846
50.73 194.151
50.74 194.102
50.75 191.739
50.76 191.739
50.77 196.624
50.78 196.624
50.79 196.624
50.8 196.624
50.81 196.174
50.82 196.582
50.83 196.336
50.84 197.11
50.85 197.11
50.86 196.875
50.87 198.905
50.88 198.649
50.89 200.759
50.9 200.759
50.91 189.27
50.92 185.294
50.93 185.815
50.94 186.601
50.95 189.068
50.96 193.252
50.97 193.252
50.98 193.252
50.99 193.252
51 193.252
51.01 195.349
51.02 198.351
51.03 208.019
51.04 208.019
51.05 219.282
51.06 217.599
51.07 216.974
51.08 215.753
51.09 215.297
51.1 215.297
51.11 213.847
51.12 213.847
51.13 213.663
51.14 213.663
51.15 213.663
51.16 213.663
51.17 213.485
51.18 213.663
51.19 213.559
51.2 212.701
51.21 212.428
51.22 212.019
51.23 207.042
51.24 220.5
51.25 196.875
51.26 196.875
51.27 234.574
51.28 263.621
51.29 267.363
51.3 268.085
51.31 266.235
51.32 267.273
51.33 267.897
51.34 267.475
51.35 266.913
51.36 267.017
51.37 265.463
51.38 265.307
51.39 265.823
51.4 265.841
51.41 265.663
51.42 265.796
51.43 264.926
51.44 264.979
51.45 265.13
51.46 264.926
51.47 264.812
51.48 264.926
51.49 264.072
51.5 267.273
51.51 267.273
51.52 242.308
51.53 221.608
51.54 224.085
51.55 225.46
51.56 225.46
51.57 222.727
51.58 222.727
51.59 196.875
51.6 196.875
51.61 208.511
51.62 207.237
51.63 206.075
51.64 186.864
51.65 186.864
51.66 186.864
51.67 186.864
51.68 186.864
51.69 186.864
51.7 187.66
51.71 187.66
51.72 192.157
51.73 197.227
51.74 199.677
51.75 201.472
51.76 202.632
51.77 202.559
51.78 202.992
51.79 205.475
51.8 205.541
51.81 206.903
51.82 207.529
51.83 206.848
51.84 206.59
51.85 206.188
51.86 206.302
51.87 206.075
51.88 205.882
51.89 205.882
51.9 205.834
51.91 206.396
51.92 207.042
51.93 209.005
51.94 212.019
51.95 212.53
51.96 214.773
51.97 215.122
51.98 215.122
51.99 214.309
52 212.246
52.01 211.816
52.02 211.68
52.03 211.706
52.04 211.748
52.05 211.748
52.06 211.748
52.07 213.599
52.08 214.456
52.09 218.077
52.1 216.176
52.11 215.027
52.12 216.995
52.13 216.995
52.14 216.995
52.15 216.974
52.16 216.974
52.17 214.773
52.18 211.863
52.19 211.612
52.2 212.259
52.21 211.384
52.22 212.139
52.23 212.53
52.24 214.208
52.25 214.524
52.26 214.238
52.27 214.836
52.28 222.278
52.29 221.608
52.3 219.767
52.31 207.367
52.32 203.413
52.33 199.677
52.34 197.98
52.35 195.826
52.36 195.826
52.37 195.826
52.38 195.826
52.39 195.855
52.4 195.933
52.41 196.47
52.42 196.687
52.43 198.41
52.44 198.543
52.45 199.601
52.46 200.24
52.47 200.562
52.48 200.562
52.49 200.24
52.5 200.027
52.51 199.707
52.52 199.494
52.53 199.388
52.54 199.176
52.55 198.859
52.56 198.649
52.57 198.314
52.58 198.266
52.59 198.202
52.6 197.61
52.61 197.581
52.62 197.315
52.63 196.374
52.64 195.479
52.65 194.559
52.66 192.576
52.67 191.739
52.68 190.086
52.69 190.086
52.7 176.4
52.71 176.4
52.72 176.4
52.73 176.4
52.74 176.4
52.75 0
52.76 235.829
52.77 0
52.78 235.829
52.79 231.496
52.8 231.496
52.81 0
52.82 115.678
52.83 115.335
52.84 115.5
52.85 115.672
52.86 115.672
52.87 115.672
52.88 115.672
52.89 0
52.9 197.935
52.91 199.047
52.92 199.419
52.93 197.906
52.94 194.788
52.95 191.948
52.96 190.415
52.97 189.677
52.98 188.902
52.99 189.333
53 190.744
53.01 198.139
53.02 216.601
53.03 216.95
53.04 219.403
53.05 220.133
53.06 221.484
53.07 221.918
53.08 221.98
53.09 221.907
53.1 222.406
53.11 222.344
53.12 222.497
53.13 222.591
53.14 222.446
53.15 222.129
53.16 220.5
53.17 220.815
53.18 219.914
53.19 221.469
53.2 222.907
53.21 222.952
53.22 222.517
53.23 223.15
53.24 223.049
53.25 222.727
53.26 221.947
53.27 222.491
53.28 222.62
53.29 222.478
53.3 222.278
53.31 222.428
53.32 222.246
53.33 222.915
53.34 221.608
53.35 220.815
53.36 220.991
53.37 220.596
53.38 219.767
53.39 218.879
53.4 218.168
53.41 218.008
53.42 217.752
53.43 218.071
53.44 217.778
53.45 217.708
53.46 217.582
53.47 217.477
53.48 217.957
53.49 217.885
53.5 218.497
53.51 218.247
53.52 218.068
53.53 218.09
53.54 218.137
53.55 218.121
53.56 218.483
53.57 219.524
53.58 219.872
53.59 219.403
53.6 218.967
53.61 221.794
53.62 195.133
53.63 193.846
53.64 194.788
53.65 194.788
53.66 194.788
53.67 194.788
53.68 194.788
53.69 194.788
53.7 194.702
53.71 194.559
53.72 236.532
53.73 240.545
53.74 243.916
53.75 245.682
53.76 245.682
53.77 235.075
53.78 235.242
53.79 235.638
53.8 235.977
53.81 236.298
53.82 236.298
53.83 236.69
53.84 239.935
53.85 248.451
53.86 247.753
53.87 246.687
53.88 244.849
53.89 244.612
53.9 244.292
53.91 244.292
53.92 244.292
53.93 243.939
53.94 243.31
53.95 242.55
53.96 241.748
53.97 241.975
53.98 241.675
53.99 241.748
54 241.644
54.01 241.216
54.02 241.172
54.03 241.172
54.04 241.172
54.05 239.385
54.06 239.426
54.07 239.437
54.08 239.437
54.09 239.437
54.1 239.674
54.11 239.792
54.12 239.922
54.13 240.047
54.14 240.296
54.15 240.421
54.16 240.984
54.17 241.423
54.18 241.928
54.19 242.175
54.2 242.181
54.21 241.928
54.22 212.019
54.23 210
54.24 206.075
54.25 212.019
54.26 216.176
54.27 216.176
54.28 216.176
54.29 216.176
54.3 216.176
54.31 216.176
54.32 216.176
54.33 216.176
54.34 216.176
54.35 216.176
54.36 266.949
54.37 266.427
54.38 266.22
54.39 264.003
54.4 262.642
54.41 258.955
54.42 258.832
54.43 259.251
54.44 260.024
54.45 260.947
54.46 262.656
54.47 263.284
54.48 263.196
54.49 262.947
54.5 262.5
54.51 262.229
54.52 261.906
54.53 261.906
54.54 261.906
54.55 260.856
54.56 259.147
54.57 258.75
54.58 258.75
54.59 259.147
54.6 259.412
54.61 259.677
54.62 260.21
54.63 260.612
54.64 261.418
54.65 261.592
54.66 261.822
54.67 261.552
54.68 261.283
54.69 261.014
54.7 261.075
54.71 261.148
54.72 260.88
54.73 260.885
54.74 260.828
54.75 260.947
54.76 261.359
54.77 261.933
54.78 262.143
54.79 262.247
54.8 262.344
54.81 262.351
54.82 262.718
54.83 262.891
54.84 263.069
54.85 263.022
54.86 262.97
54.87 263.093
54.88 263.33
54.89 263.48
54.9 263.8
54.91 264.013
54.92 264.003
54.93 264.278
54.94 264.468
54.95 264.692
54.96 264.692
54.97 264.468
54.98 264.416
54.99 264.194
55 263.94
55.01 264.003
55.02 263.866
55.03 263.809
55.04 263.591
55.05 263.284
55.06 263.181
55.07 263.045
55.08 263.022
55.09 263.318
55.1 263.455
55.11 263.809
55.12 264.003
55.13 264.141
55.14 264.336
55.15 264.416
55.16 264.336
55.17 264.416
55.18 264.141
55.19 264.072
55.2 263.591
55.21 263.045
55.22 262.63
55.23 262.908
55.24 262.908
55.25 263.045
55.26 263.045
55.27 263.415
55.28 263.591
55.29 264.278
55.3 264.6
55.31 264.83
55.32 265.107
55.33 265.396
55.34 265.396
55.35 265.189
55.36 264.706
55.37 264.454
55.38 264.216
55.39 263.688
55.4 263.262
55.41 262.829
55.42 262.413
55.43 261.807
55.44 261.499
55.45 261.148
55.46 261.148
55.47 261.552
55.48 261.552
55.49 262.37
55.5 262.772
55.51 263.318
55.52 263.546
55.53 263.866
55.54 264.141
55.55 264.336
55.56 264.416
55.57 264.732
55.58 264.732
55.59 264.969
55.6 264.865
55.61 264.692
55.62 264.554
55.63 264.336
55.64 264.003
55.65 263.455
55.66 263.022
55.67 263.045
55.68 263.045
55.69 263.284
55.7 263.591
55.71 263.677
55.72 263.866
55.73 264.003
55.74 264.204
55.75 264.278
55.76 263.866
55.77 263.429
55.78 262.964
55.79 262.723
55.8 262.702
55.81 262.598
55.82 262.5
55.83 262.232
55.84 262.188
55.85 262.5
55.86 262.587
55.87 262.947
55.88 262.947
55.89 263.109
55.9 263.284
55.91 263.896
55.92 263.546
55.93 263.415
55.94 262.766
55.95 263.165
55.96 263.145
55.97 263.069
55.98 262.96
55.99 262.396
56 261.943
56.01 261.542
56.02 261.552
56.03 261.552
56.04 261.552
56.05 261.781
56.06 261.752
56.07 261.423
56.08 262.11
56.09 262.25
56.1 262.5
56.11 262.616
56.12 262.708
56.13 262.69
56.14 262.62
56.15 262.772
56.16 262.772
56.17 262.63
56.18 262.636
56.19 262.772
56.2 262.761
56.21 262.732
56.22 262.708
56.23 262.695
56.24 262.598
56.25 262.595
56.26 262.598
56.27 262.684
56.28 262.994
56.29 263.093
56.3 263.396
56.31 263.715
56.32 264.126
56.33 264.27
56.34 264.725
56.35 264.953
56.36 265.099
56.37 265.147
56.38 265.237
56.39 264.964
56.4 264.839
56.41 264.666
56.42 264.454
56.43 264.013
56.44 263.861
56.45 263.614
56.46 263.284
56.47 262.5
56.48 262.364
56.49 262.093
56.5 262.11
56.51 262.093
56.52 262.093
56.53 262.229
56.54 262.364
56.55 262.5
56.56 262.772
56.57 262.636
56.58 262.63
56.59 262.636
56.6 262.5
56.61 262.364
56.62 262.093
56.63 262.11
56.64 262.38
56.65 262.277
56.66 262.285
56.67 262.277
56.68 262.277
56.69 262.277
56.7 262.5
56.71 262.5
56.72 262.5
56.73 262.384
56.74 262.5
56.75 262.761
56.76 263.022
56.77 263.455
56.78 263.729
56.79 263.94
56.8 264.278
56.81 264.416
56.82 264.732
56.83 264.83
56.84 264.83
56.85 265.13
56.86 265.107
56.87 265.13
56.88 264.997
56.89 264.969
56.9 264.997
56.91 264.732
56.92 264.554
56.93 264.6
56.94 264.278
56.95 264.141
56.96 263.809
56.97 263.729
56.98 263.591
56.99 263.546
57 263.591
57.01 263.318
57.02 263.045
57.03 262.772
57.04 262.761
57.05 263.181
57.06 263.591
57.07 263.866
57.08 263.914
57.09 263.979
57.1 264.388
57.11 265.13
57.12 265.663
57.13 265.663
57.14 265.343
57.15 263.284
57.16 245
57.17 268.902
57.18 268.902
57.19 268.902
57.2 264.072
57.21 264.6
57.22 264.6
57.23 264.751
57.24 265.206
57.25 265.206
57.26 264.6
57.27 263.546
57.28 263.546
57.29 265.663
57.3 266.019
57.31 266.465
57.32 266.465
57.33 266.019
57.34 266.949
57.35 266.019
57.36 262.5
57.37 262.5
57.38 262.5
57.39 262.5
57.4 262.5
57.41 262.5
57.42 262.5
57.43 268.902
57.44 275.625
57.45 271.107
57.46 272.222
57.47 302.055
57.48 302.055
57.49 302.055
57.5 302.055
57.51 302.055
57.52 0
57.53 16.9095
57.54 0
57.55 133.099
57.56 132.831
57.57 132.036
57.58 132.036
57.59 134.043
57.6 132.432
57.61 132.432
57.62 132.432
57.63 132.432
57.64 132.432
57.65 0
57.66 175
57.67 175
57.68 175
57.69 0
57.7 0
57.71 0
57.72 169.615
57.73 169.615
57.74 169.615
57.75 169.615
57.76 169.615
57.77 175
57.78 175
57.79 168.321
57.8 168.321
57.81 168.321
57.82 168.321
57.83 0
57.84 0
57.85 0
57.86 0
57.87 229.688
57.88 229.688
57.89 229.688
57.9 0
57.91 0
57.92 0
57.93 188.462
57.94 0
57.95 0
57.96 0
57.97 184.519
57.98 0
57.99 0
58 0
58.01 184.519
58.02 0
58.03 0
58.04 0
58.05 0
58.06 0
58.07 0
58.08 0
58.09 0
58.1 0
58.11 0
58.12 16.9225
58.13 0
58.14 0
58.15 0
58.16 0
58.17 0
58.18 0
58.19 0
58.2 0
58.21 0
58.22 0
58.23 0
58.24 0
58.25 0
58.26 0
58.27 0
58.28 0
58.29 82.8947
58.3 0
58.31 0
58.32 0
58.33 0
58.34 0
58.35 0
58.36 0
58.37 0
58.38 0
58.39 0
58.4 0
58.41 0
58.42 0
58.43 0
58.44 0
58.45 0
58.46 0
58.47 0
58.48 0
58.49 0
58.5 0
58.51 0
58.52 0
58.53 0
58.54 0
58.55 0
58.56 0
58.57 0
58.58 0
58.59 0
58.6 0
58.61 0
58.62 0
58.63 0
58.64 0
58.65 0
58.66 0
58.67 0
58.68 0
58.69 0
58.7 0
58.71 0
58.72 0
58.73 0
58.74 0
58.75 0
58.76 0
58.77 0
58.78 0
58.79 0
58.8 0
58.81 0
58.82 0
58.83 0
58.84 0
58.85 0
58.86 0
58.87 0
58.88 0
58.89 0
58.9 0
58.91 0
58.92 0
58.93 0
58.94 0
58.95 0
58.96 0
58.97 0
58.98 0
58.99 0
59 0
59.01 0
59.02 0
59.03 0
59.04 0
59.05 0
59.06 0
59.07 0
59.08 0
59.09 0
59.1 0
59.11 0
59.12 0
59.13 0
59.14 0
59.15 0
59.16 0
59.17 0
59.18 0
59.19 0
59.2 0
59.21 0
59.22 0
59.23 0
59.24 0
59.25 0
59.26 0
59.27 0
59.28 0
59.29 0
59.3 0
59.31 0
59.32 0
59.33 0
59.34 0
59.35 0
59.36 0
59.37 0
59.38 0
59.39 0
59.4 0
59.41 0
59.42 0
59.43 0
59.44 0
59.45 0
59.46 0
59.47 0
59.48 0
59.49 0
59.5 0
59.51 0
59.52 0
59.53 0
59.54 0
59.55 0
59.56 0
59.57 0
59.58 0
59.59 0
59.6 0
59.61 0
59.62 0
59.63 0
59.64 0
59.65 0
59.66 0
59.67 0
59.68 0
59.69 0
59.7 0
59.71 0
59.72 0
59.73 0
59.74 0
59.75 0
59.76 0
59.77 0
59.78 0
59.79 0
59.8 0
59.81 0
59.82 0
59.83 0
59.84 0
59.85 0
59.86 0
59.87 0
59.88 0
59.89 0
59.9 0
59.91 0
59.92 0
59.93 0
59.94 0
59.95 0
59.96 0
59.97 0
59.98 0
59.99 0
60 0
60.01 0
60.02 0
60.03 0
60.04 0
60.05 0
60.06 0
60.07 0
60.08 0
60.09 0
60.1 0
60.11 0
60.12 0
60.13 0
60.14 0
60.15 0
60.16 0
60.17 0
60.18 0
60.19 0
60.2 0
60.21 0
60.22 0
60.23 0
60.24 0
60.25 0
60.26 0
60.27 0
60.28 0
60.29 0
60.3 0
60.31 0
60.32 0
60.33 0
60.34 0
60.35 0
60.36 0
