0 0
0.01 0
0.02 0
0.03 0
0.04 80.1818
0.05 0
0.06 0
0.07 0
0.08 0
0.09 0
0.1 0
0.11 0
0.12 0
0.13 0
0.14 0
0.15 0
0.16 0
0.17 0
0.18 0
0.19 0
0.2 0
0.21 0
0.22 0
0.23 0
0.24 0
0.25 0
0.26 0
0.27 0
0.28 0
0.29 0
0.3 0
0.31 0
0.32 256.395
0.33 268.902
0.34 297.973
0.35 302.055
0.36 309.112
0.37 303.093
0.38 303.947
0.39 303.947
0.4 303.947
0.41 303.947
0.42 302.055
0.43 300.955
0.44 300.955
0.45 300.292
0.46 300.292
0.47 300.292
0.48 293.131
0.49 293.218
0.5 293.218
0.51 293.511
0.52 293.348
0.53 293.348
0.54 293.023
0.55 290.132
0.56 286.364
0.57 295.312
0.58 295.312
0.59 295.312
0.6 295.973
0.61 280.729
0.62 290.132
0.63 290.132
0.64 290.132
0.65 325.862
0.66 331.081
0.67 330.514
0.68 337.931
0.69 339.978
0.7 339.978
0.71 339.978
0.72 334.091
0.73 335.787
0.74 335.787
0.75 335.787
0.76 336.275
0.77 331.579
0.78 310.306
0.79 331.806
0.8 334.552
0.81 337.156
0.82 336.927
0.83 338.075
0.84 340.103
0.85 333.173
0.86 344.531
0.87 339.812
0.88 339.812
0.89 339.812
0.9 340.728
0.91 344.531
0.92 350
0.93 347.244
0.94 344.531
0.95 343.764
0.96 341.139
0.97 344.531
0.98 356.167
0.99 371.308
1 343.525
1.01 346.789
1.02 345.882
1.03 346.5
1.04 347.244
1.05 346.941
1.06 348.723
1.07 350
1.08 350
1.09 349.277
1.1 349.235
1.11 349.134
1.12 349.134
1.13 348.826
1.14 345.13
1.15 343.876
1.16 343.542
1.17 342.117
1.18 340.541
1.19 335.543
1.2 336.641
1.21 336.641
1.22 336.641
1.23 338.487
1.24 344.531
1.25 344.531
1.26 344.531
1.27 344.232
1.28 343.815
1.29 343.815
1.3 343.86
1.31 341.482
1.32 342.391
1.33 339.231
1.34 351.862
1.35 350
1.36 350
1.37 350
1.38 350.618
1.39 350.618
1.4 350
1.41 352.8
1.42 351.862
1.43 351.394
1.44 352.8
1.45 351.161
1.46 350.293
1.47 353.365
1.48 347.244
1.49 346.076
1.5 346.076
1.51 346.698
1.52 345.07
1.53 344.747
1.54 344.747
1.55 344.307
1.56 343.312
1.57 343.312
1.58 343.312
1.59 343.312
1.6 343.312
1.61 0
1.62 0
1.63 230.89
1.64 0
1.65 201.37
1.66 200.911
1.67 202.294
1.68 206.719
1.69 208.412
1.7 214.599
1.71 215.332
1.72 215.332
1.73 215.332
1.74 215.332
1.75 215.332
1.76 215.332
1.77 215.332
1.78 218.317
1.79 218.317
1.8 218.317
1.81 232.923
1.82 232.841
1.83 231.024
1.84 231.024
1.85 231.024
1.86 229.346
1.87 229.346
1.88 228.497
1.89 227.32
1.9 232.923
1.91 232.923
1.92 238.636
1.93 240.837
1.94 241.512
1.95 242.175
1.96 242.175
1.97 242.141
1.98 242.308
1.99 241.928
2 243.28
2.01 243.28
2.02 243.199
2.03 243.071
2.04 242.88
2.05 243.409
2.06 243.646
2.07 244.361
2.08 244.361
2.09 245
2.1 245.21
2.11 245.21
2.12 245.21
2.13 245.21
2.14 245.21
2.15 0
2.16 61.25
2.17 0
2.18 122.296
2.19 122.364
2.2 122.245
2.21 122.228
2.22 122.364
2.23 122.364
2.24 122.33
2.25 122.33
2.26 123.529
2.27 123.737
2.28 124.342
2.29 124.576
2.3 124.694
2.31 124.476
2.32 124.401
2.33 124.365
2.34 124.448
2.35 124.635
2.36 124.635
2.37 124.342
2.38 124.476
2.39 124.076
2.4 123.976
2.41 124.076
2.42 123.976
2.43 123.963
2.44 123.963
2.45 123.963
2.46 123.645
2.47 123.789
2.48 124.016
2.49 123.703
2.5 123.253
2.51 123.184
2.52 123.026
2.53 122.748
2.54 123.184
2.55 124.769
2.56 127.163
2.57 129.706
2.58 131.474
2.59 132.565
2.6 130.473
2.61 123.876
2.62 120.273
2.63 120.36
2.64 120.586
2.65 121.154
2.66 121.599
2.67 121.565
2.68 121.727
2.69 121.727
2.7 122.409
2.71 122.815
2.72 124.275
2.73 124.576
2.74 124.647
2.75 124.647
2.76 124.647
2.77 123.357
2.78 123.086
2.79 122.614
2.8 121.376
2.81 121.376
2.82 121.154
2.83 122.274
2.84 122.228
2.85 123.247
2.86 124.275
2.87 124.694
2.88 125.284
2.89 125.284
2.9 125.284
2.91 123.086
2.92 123.599
2.93 123.599
2.94 123.599
2.95 0
2.96 0
2.97 246.644
2.98 249.153
2.99 249.757
3 250.284
3.01 250.284
3.02 250.284
3.03 249.757
3.04 249.757
3.05 0
3.06 123.876
3.07 123.876
3.08 123.876
3.09 0
3.1 244.096
3.11 244.096
3.12 244.096
3.13 245.546
3.14 246.828
3.15 247.356
3.16 248.062
3.17 247.29
3.18 247.753
3.19 247.753
3.2 252.722
3.21 251.521
3.22 251.641
3.23 250.331
3.24 249.757
3.25 249.682
3.26 248.84
3.27 248.84
3.28 248.626
3.29 246.231
3.3 245.606
3.31 245
3.32 245
3.33 243.916
3.34 244.321
3.35 243.199
3.36 242.308
3.37 252
3.38 247.753
3.39 247.753
3.4 249.623
3.41 249.623
3.42 249.623
3.43 249.623
3.44 247.753
3.45 265.663
3.46 245
3.47 241.865
3.48 229.688
3.49 228.893
3.5 227.789
3.51 227.991
3.52 228.893
3.53 228.893
3.54 228.893
3.55 228.893
3.56 228.893
3.57 228.794
3.58 228.893
3.59 231.294
3.6 234.574
3.61 243.646
3.62 243.839
3.63 240.984
3.64 239.674
3.65 239.674
3.66 239.674
3.67 241.103
3.68 241.865
3.69 241.825
3.7 242.308
3.71 244.051
3.72 245.17
3.73 247.232
3.74 247.444
3.75 248.451
3.76 248.311
3.77 248.769
3.78 248.567
3.79 248.373
3.8 248.062
3.81 248.351
3.82 247.952
3.83 248.351
3.84 249.623
3.85 249.261
3.86 249.309
3.87 249.375
3.88 249.434
3.89 249.858
3.9 248.952
3.91 248.514
3.92 248.769
3.93 248.018
3.94 248.062
3.95 247.927
3.96 247.325
3.97 247.5
3.98 247.059
3.99 247.29
4 246.094
4.01 247.753
4.02 250.213
4.03 250.568
4.04 250.095
4.05 250.095
4.06 250.095
4.07 247.753
4.08 247.927
4.09 247.356
4.1 247.059
4.11 246.644
4.12 246.644
4.13 246.369
4.14 250.095
4.15 245
4.16 245
4.17 245
4.18 0
4.19 123.799
4.2 0
4.21 122.597
4.22 0
4.23 61.6783
4.24 61.6783
4.25 61.5922
4.26 61.5922
4.27 61.7071
4.28 62.2881
4.29 62.2881
4.3 62.2881
4.31 63.1202
4.32 62.4646
4.33 62.4646
4.34 63.913
4.35 63.913
4.36 63.913
4.37 63.913
4.38 63.913
4.39 0
4.4 244.321
4.41 0
4.42 0
4.43 0
4.44 0
4.45 124.175
4.46 125.284
4.47 125.284
4.48 0
4.49 0
4.5 0
4.51 125.601
4.52 125.498
4.53 125.498
4.54 125.498
4.55 125.498
4.56 124.717
4.57 124.401
4.58 124.031
4.59 124.664
4.6 125.284
4.61 126.271
4.62 125.498
4.63 125.403
4.64 125.403
4.65 125.403
4.66 125.403
4.67 125.284
4.68 125.284
4.69 123.876
4.7 123.876
4.71 123.876
4.72 143.182
4.73 143.182
4.74 143.182
4.75 0
4.76 123.414
4.77 0
4.78 248.904
4.79 249.567
4.8 248.783
4.81 248.551
4.82 247.753
4.83 250.568
4.84 250.568
4.85 246.745
4.86 246.828
4.87 246.828
4.88 250.568
4.89 244.225
4.9 244.225
4.91 249.409
4.92 249.757
4.93 248.897
4.94 249.828
4.95 249.828
4.96 248.725
4.97 248.514
4.98 249.025
4.99 248.387
5 247.5
5.01 247.374
5.02 247.374
5.03 247.248
5.04 247.5
5.05 246.094
5.06 246.094
5.07 246.094
5.08 246.094
5.09 246.094
5.1 0
5.11 61.7647
5.12 0
5.13 257.895
5.14 257.895
5.15 257.895
5.16 257.895
5.17 257.895
5.18 257.895
5.19 257.895
5.2 257.895
5.21 242.308
5.22 242.308
5.23 245.546
5.24 244.457
5.25 244.457
5.26 244.457
5.27 245.911
5.28 245.911
5.29 245.911
5.3 245.911
5.31 0
5.32 123.108
5.33 123.337
5.34 123.322
5.35 123.561
5.36 123.807
5.37 123.807
5.38 124.109
5.39 124.051
5.4 124.076
5.41 124.066
5.42 123.876
5.43 123.876
5.44 123.703
5.45 123.561
5.46 123.561
5.47 124.401
5.48 124.401
5.49 124.401
5.5 124.401
5.51 124.401
5.52 0
5.53 164.86
5.54 164.86
5.55 164.86
5.56 0
5.57 165.375
5.58 0
5.59 0
5.6 61.9382
5.61 0
5.62 22.6852
5.63 0
5.64 62.1127
5.65 0
5.66 250.568
5.67 0
5.68 124.879
5.69 0
5.7 0
5.71 248.871
5.72 0
5.73 0
5.74 0
5.75 0
5.76 247.753
5.77 0
5.78 248.311
5.79 248.551
5.8 248.451
5.81 248.451
5.82 248.451
5.83 249.623
5.84 250.925
5.85 250.885
5.86 250.885
5.87 250.885
5.88 251.384
5.89 252
5.9 252
5.91 247.059
5.92 240.545
5.93 240.545
5.94 220.5
5.95 220.06
5.96 220.06
5.97 220.06
5.98 220.06
5.99 220.06
6 220.06
6.01 220.06
6.02 221.608
6.03 222.727
6.04 222.727
6.05 225
6.06 225
6.07 228.103
6.08 225.575
6.09 225.575
6.1 223.858
6.11 222.446
6.12 219.13
6.13 218.317
6.14 217.063
6.15 215.422
6.16 211.883
6.17 210.334
6.18 203.226
6.19 202.062
6.2 202.062
6.21 202.062
6.22 202.062
6.23 200.715
6.24 200.715
6.25 201.064
6.26 199.097
6.27 200.455
6.28 205.116
6.29 205.116
6.3 205.116
6.31 205.116
6.32 205.116
6.33 0
6.34 0
6.35 0
6.36 0
6.37 0
6.38 0
6.39 92.1053
6.4 92.1053
6.41 92.1053
6.42 92.1951
6.43 92.1951
6.44 92.5693
6.45 93.038
6.46 93.038
6.47 93.038
6.48 93.4322
6.49 93.4322
6.5 93.4322
6.51 93.4322
6.52 93.4322
6.53 0
6.54 63.1202
6.55 0
6.56 96.9231
6.57 0
6.58 65.1083
6.59 65.1083
6.6 65.1083
6.61 0
6.62 185.815
6.63 0
6.64 184.134
6.65 186.601
6.66 181.856
6.67 181.034
6.68 181.034
6.69 192.576
6.7 193.421
6.71 193.421
6.72 193.421
6.73 193.421
6.74 194.809
6.75 194.809
6.76 194.809
6.77 0
6.78 198.054
6.79 0
6.8 70.9003
6.81 0
6.82 108.088
6.83 0
6.84 212.019
6.85 210
6.86 208.019
6.87 204.64
6.88 203.226
6.89 203.226
6.9 203.226
6.91 203.226
6.92 203.226
6.93 203.226
6.94 202.294
6.95 201.831
6.96 203.226
6.97 203.226
6.98 203.226
6.99 0
7 205.9
7.01 0
7.02 102.701
7.03 102.664
7.04 102.618
7.05 102.797
7.06 103.098
7.07 103.46
7.08 103.704
7.09 103.846
7.1 103.575
7.11 103.521
7.12 103.643
7.13 103.244
7.14 103.279
7.15 102.9
7.16 102.439
7.17 102.202
7.18 102.32
7.19 102.286
7.2 102.241
7.21 102.241
7.22 102.695
7.23 102.9
7.24 103.359
7.25 103.359
7.26 103.279
7.27 103.521
7.28 103.279
7.29 103.106
7.3 103.037
7.31 102.845
7.32 101.989
7.33 101.24
7.34 100.8
7.35 100.8
7.36 100.8
7.37 100.379
7.38 100.227
7.39 100.227
7.4 100.227
7.41 100.227
7.42 100.227
7.43 0
7.44 67.638
7.45 67.4312
7.46 67.4312
7.47 0
7.48 50.2851
7.49 0
7.5 198.202
7.51 197.906
7.52 196.624
7.53 196.624
7.54 195.855
7.55 195.479
7.56 194.059
7.57 194.151
7.58 193.421
7.59 190.634
7.6 188.462
7.61 187.261
7.62 187.926
7.63 186.076
7.64 184.519
7.65 184.519
7.66 184.519
7.67 184.519
7.68 169.615
7.69 151.027
7.7 151.027
7.71 151.027
7.72 151.027
7.73 0
7.74 0
7.75 492.188
7.76 504
7.77 479.348
7.78 479.348
7.79 479.348
7.8 509.827
7.81 509.827
7.82 544.444
7.83 544.444
7.84 0
7.85 85.4651
7.86 0
7.87 0
7.88 0
7.89 0
7.9 0
7.91 0
7.92 0
7.93 0
7.94 525
7.95 554.717
7.96 495.506
7.97 495.506
7.98 495.506
7.99 495.506
8 495.506
8.01 495.506
8.02 495.506
8.03 495.506
8.04 495.506
8.05 495.506
8.06 0
8.07 0
8.08 73.9933
8.09 73.9933
8.1 73.9933
8.11 73.9933
8.12 73.9933
8.13 0
8.14 99.1011
8.15 100.532
8.16 100.532
8.17 0
8.18 0
8.19 0
8.2 50.5734
8.21 0
8.22 202.294
8.23 0
8.24 193.421
8.25 195.133
8.26 197.758
8.27 200.911
8.28 200.911
8.29 200.911
8.3 200.911
8.31 200.911
8.32 202.294
8.33 205.307
8.34 209.335
8.35 214.078
8.36 214.078
8.37 214.078
8.38 214.078
8.39 214.078
8.4 241.776
8.41 241.423
8.42 241.423
8.43 241.423
8.44 0
8.45 0
8.46 0
8.47 0
8.48 0
8.49 245
8.5 245
8.51 245
8.52 242.975
8.53 242.901
8.54 242.841
8.55 242.308
8.56 242.718
8.57 242.975
8.58 243.036
8.59 243.199
8.6 244.165
8.61 243.871
8.62 243.916
8.63 243.916
8.64 244.66
8.65 244.66
8.66 242.975
8.67 242.641
8.68 242.604
8.69 242.012
8.7 242.53
8.71 242.718
8.72 242.689
8.73 242.663
8.74 242.689
8.75 243.336
8.76 243.646
8.77 243.646
8.78 243.769
8.79 243.796
8.8 239.674
8.81 241.975
8.82 242.604
8.83 242.841
8.84 242.308
8.85 242.308
8.86 242.308
8.87 242.308
8.88 241.928
8.89 245.546
8.9 246.369
8.91 246.369
8.92 246.369
8.93 244.096
8.94 244.096
8.95 244.096
8.96 244.096
8.97 0
8.98 82.6359
8.99 82.7614
9 84.4019
9.01 84.4019
9.02 84.4019
9.03 0
9.04 81.5157
9.05 81.1514
9.06 81.1514
9.07 81.0662
9.08 81.0662
9.09 81.1514
9.1 81.1514
9.11 80.967
9.12 80.4745
9.13 80.4745
9.14 80.4745
9.15 80.4745
9.16 80.4745
9.17 0
9.18 61.5063
9.19 61.6783
9.2 61.7301
9.21 61.5922
9.22 61.5922
9.23 61.5922
9.24 61.5922
9.25 61.9382
9.26 62.7609
9.27 62.7609
9.28 62.2881
9.29 62.749
9.3 62.642
9.31 62.642
9.32 62.2881
9.33 62.4646
9.34 62.4646
9.35 62.4646
9.36 62.4646
9.37 62.4646
9.38 0
9.39 81.6969
9.4 82.4684
9.41 82.5401
9.42 82.6285
9.43 82.32
9.44 82.496
9.45 82.496
9.46 82.496
9.47 82.496
9.48 82.496
9.49 0
9.5 62.1827
9.51 0
9.52 251.641
9.53 0
9.54 81.8688
9.55 82.5843
9.56 82.4519
9.57 82.6359
9.58 82.717
9.59 82.072
9.6 82.496
9.61 82.3786
9.62 82.3145
9.63 82.3145
9.64 82.3145
9.65 82.2323
9.66 82.2323
9.67 82.2323
9.68 82.2323
9.69 0
9.7 263.846
9.71 0
9.72 62.3384
9.73 0
9.74 256.822
9.75 261.721
9.76 260.287
9.77 260.287
9.78 264.751
9.79 262.5
9.8 259.412
9.81 253.448
9.82 262.5
9.83 259.412
9.84 259.412
9.85 255.8
9.86 255.8
9.87 255.8
9.88 252.964
9.89 252.964
9.9 251.712
9.91 251.712
9.92 239.674
9.93 239.154
9.94 242.308
9.95 242.308
9.96 242.752
9.97 242.752
9.98 248.151
9.99 248.151
10 248.151
10.01 247.927
10.02 247.927
10.03 247.753
10.04 247.753
10.05 247.753
10.06 246.96
10.07 246.96
10.08 0
10.09 124.051
10.1 124.051
10.11 124.051
10.12 0
10.13 249.153
10.14 250.095
10.15 250.095
10.16 0
10.17 251.521
10.18 0
10.19 0
10.2 0
10.21 83.5227
10.22 83.0508
10.23 83.0508
10.24 0
10.25 248.591
10.26 248.062
10.27 248.311
10.28 249.623
10.29 250.162
10.3 250.401
10.31 250.718
10.32 251.521
10.33 251.282
10.34 251.227
10.35 250.772
10.36 250.568
10.37 250.349
10.38 249.695
10.39 249.695
10.4 249.505
10.41 249.466
10.42 249.524
10.43 249.734
10.44 249.858
10.45 249.858
10.46 249.246
10.47 249.434
10.48 249.478
10.49 249.478
10.5 249.478
10.51 249.478
10.52 249.478
10.53 249.811
10.54 249.623
10.55 249.695
10.56 249.261
10.57 249.153
10.58 248.351
10.59 248.351
10.6 248.351
10.61 248.351
10.62 248.311
10.63 250.568
10.64 250.162
10.65 250.39
10.66 251.103
10.67 251.384
10.68 251.384
10.69 251.384
10.7 251.384
10.71 252.288
10.72 251.425
10.73 249.34
10.74 248.889
10.75 248.731
10.76 248.133
10.77 248.133
10.78 248.133
10.79 247.753
10.8 247.753
10.81 247.753
10.82 219.622
10.83 219.622
10.84 220.5
10.85 220.868
10.86 220.868
10.87 220.868
10.88 220.868
10.89 220.868
10.9 220.721
10.91 222.353
10.92 224.02
10.93 223.858
10.94 210
10.95 201.064
10.96 201.064
10.97 198.202
10.98 197.463
10.99 196.524
11 196.875
11.01 196.875
11.02 200.455
11.03 200.455
11.04 204.167
11.05 204.167
11.06 204.167
11.07 204.167
11.08 204.167
11.09 206.075
11.1 206.075
11.11 205.275
11.12 205.116
11.13 203.226
11.14 201.554
11.15 202.559
11.16 202.559
11.17 202.603
11.18 202.603
11.19 202.603
11.2 202.294
11.21 201.882
11.22 201.472
11.23 202.875
11.24 202.41
11.25 202.622
11.26 203.018
11.27 203.747
11.28 203.813
11.29 204.167
11.3 204.799
11.31 206.289
11.32 207.739
11.33 209.203
11.34 211.342
11.35 211.342
11.36 229.688
11.37 224.427
11.38 223.103
11.39 221.887
11.4 221.608
11.41 221.237
11.42 221.132
11.43 221.281
11.44 221.549
11.45 221.432
11.46 222.278
11.47 222.727
11.48 223.517
11.49 224.111
11.5 224.57
11.51 225.164
11.52 225
11.53 224.672
11.54 224.047
11.55 223.291
11.56 222.877
11.57 222.978
11.58 223.103
11.59 223.433
11.6 223.732
11.61 224.111
11.62 224.427
11.63 224.427
11.64 225
11.65 225
11.66 225
11.67 224.346
11.68 224.183
11.69 224.183
11.7 224.471
11.71 224.509
11.72 224.542
11.73 224.542
11.74 224.745
11.75 224.873
11.76 224.745
11.77 224.745
11.78 224.618
11.79 224.327
11.8 224.618
11.81 224.745
11.82 224.713
11.83 224.836
11.84 224.809
11.85 225.23
11.86 225.575
11.87 225.575
11.88 225.575
11.89 225.575
11.9 225
11.91 224.427
11.92 224.542
11.93 224.791
11.94 224.647
11.95 224.542
11.96 224.73
11.97 224.57
11.98 224.466
11.99 224.618
12 224.523
12.01 224.647
12.02 224.583
12.03 224.237
12.04 224.085
12.05 224.168
12.06 223.669
12.07 223.669
12.08 223.596
12.09 223.945
12.1 223.945
12.11 223.945
12.12 224.142
12.13 224.272
12.14 224.332
12.15 224.047
12.16 223.945
12.17 223.945
12.18 223.945
12.19 223.945
12.2 223.945
12.21 0
12.22 111.364
12.23 111.043
12.24 110.725
12.25 111.083
12.26 110.388
12.27 109.701
12.28 108.088
12.29 108.088
12.3 106.01
12.31 106.01
12.32 106.01
12.33 0
12.34 0
12.35 0
12.36 0
12.37 0
12.38 209.501
12.39 208.019
12.4 208.019
12.41 208.019
12.42 208.019
12.43 0
12.44 97.0297
12.45 0
12.46 96.6164
12.47 0
12.48 0
12.49 0
12.5 0
12.51 191.001
12.52 192.787
12.53 187.341
12.54 185.489
12.55 184.449
12.56 184.309
12.57 185.436
12.58 185.862
12.59 185.862
12.6 186.362
12.61 186.548
12.62 187.129
12.63 187.129
12.64 188.301
12.65 186.076
12.66 186.076
12.67 186.188
12.68 187.46
12.69 187.46
12.7 187.46
12.71 196
12.72 196
12.73 196
12.74 0
12.75 190.744
12.76 0
12.77 92.6471
12.78 92.6471
12.79 92.6471
12.8 0
12.81 0
12.82 210
12.83 211.612
12.84 210.669
12.85 210.573
12.86 210.573
12.87 210.573
12.88 210.573
12.89 210.573
12.9 211.728
12.91 212.633
12.92 213.25
12.93 213.559
12.94 213.781
12.95 213.043
12.96 212.815
12.97 212.557
12.98 212.557
12.99 211.805
13 211.229
13.01 210.781
13.02 210.354
13.03 209.626
13.04 209.468
13.05 209.005
13.06 208.776
13.07 208.473
13.08 207.855
13.09 207.855
13.1 207.181
13.11 206.934
13.12 212.701
13.13 214.599
13.14 218.317
13.15 220.5
13.16 220.5
13.17 220.5
13.18 220.5
13.19 220.5
13.2 222.727
13.21 222.727
13.22 228.103
13.23 227.124
13.24 224.745
13.25 224.694
13.26 225.27
13.27 225.887
13.28 226.444
13.29 226.541
13.3 227.059
13.31 227.458
13.32 228.103
13.33 227.946
13.34 227.163
13.35 226.386
13.36 225.27
13.37 224.879
13.38 224.596
13.39 223.945
13.4 223.48
13.41 225.575
13.42 226.852
13.43 227.613
13.44 229.887
13.45 230.89
13.46 231.8
13.47 232.595
13.48 243.377
13.49 259.412
13.5 266.58
13.51 266.868
13.52 266.868
13.53 266.868
13.54 266.868
13.55 266.868
13.56 266.868
13.57 267.814
13.58 267.814
13.59 267.814
13.6 267.814
13.61 267.814
13.62 254.423
13.63 253.602
13.64 253.602
13.65 253.602
13.66 0
13.67 252.288
13.68 252.076
13.69 252.684
13.7 252.684
13.71 253.277
13.72 253.277
13.73 254.348
13.74 253.63
13.75 253.448
13.76 253.277
13.77 252.684
13.78 252.361
13.79 251.794
13.8 251.794
13.81 251.794
13.82 251.794
13.83 251.794
13.84 0
13.85 100.838
13.86 85.0039
13.87 84.6774
13.88 84.4288
13.89 84.2062
13.9 84.1068
13.91 84.1068
13.92 84.1068
13.93 83.3874
13.94 83.2524
13.95 83.3255
13.96 83.4043
13.97 83.4876
13.98 83.5931
13.99 83.5544
14 83.6636
14.01 83.5227
14.02 83.5227
14.03 83.3648
14.04 82.9839
14.05 82.8947
14.06 82.2761
14.07 82.2761
14.08 82.2761
14.09 82.0465
14.1 82.0465
14.11 81.9703
14.12 81.9703
14.13 81.9703
14.14 81.9703
14.15 81.9703
14.16 0
14.17 209.778
14.18 205.8
14.19 201.923
14.2 196
14.21 196
14.22 196
14.23 196
14.24 240.984
14.25 231.618
14.26 229.289
14.27 227.32
14.28 226.259
14.29 225.709
14.3 225.153
14.31 224.346
14.32 224.528
14.33 223.253
14.34 222.634
14.35 222.727
14.36 222.727
14.37 222.727
14.38 221.15
14.39 220.647
14.4 219.853
14.41 219.767
14.42 219.04
14.43 220.5
14.44 220.5
14.45 221.608
14.46 224.047
14.47 224.047
14.48 226.735
14.49 228.103
14.5 228.103
14.51 227.862
14.52 226.852
14.53 226.852
14.54 224.836
14.55 223.858
14.56 223.48
14.57 221.608
14.58 215.927
14.59 215.385
14.6 213.939
14.61 212.603
14.62 211.511
14.63 209.539
14.64 207.574
14.65 207.042
14.66 206.488
14.67 206.488
14.68 205.914
14.69 205.914
14.7 206.557
14.71 206.557
14.72 206.826
14.73 207.258
14.74 207.692
14.75 208.019
14.76 208.744
14.77 209.266
14.78 209.37
14.79 211.207
14.8 211.207
14.81 211.438
14.82 211.342
14.83 211.816
14.84 210.927
14.85 210.334
14.86 207.599
14.87 207.164
14.88 206.075
14.89 207.627
14.9 209.667
14.91 212.36
14.92 215.217
14.93 215.217
14.94 216.53
14.95 218.317
14.96 220.28
14.97 224.427
14.98 228.043
14.99 228.043
15 228.043
15.01 228.043
15.02 228.043
15.03 0
15.04 74.6614
15.05 74.6734
15.06 74.6734
15.07 0
15.08 224.237
15.09 224.583
15.1 224.583
15.11 223.524
15.12 223.103
15.13 222.278
15.14 220.647
15.15 220.647
15.16 220.647
15.17 220.647
15.18 220.647
15.19 0
15.2 72.4733
15.21 72.2951
15.22 72.2951
15.23 0
15.24 0
15.25 204.866
15.26 204.878
15.27 204.522
15.28 203.01
15.29 201.677
15.3 201.554
15.31 192.576
15.32 186.638
15.33 185.121
15.34 182.836
15.35 182.643
15.36 183.28
15.37 181.981
15.38 181.981
15.39 182.095
15.4 183.072
15.41 183.559
15.42 185.964
15.43 187.546
15.44 189.135
15.45 187.926
15.46 183.75
15.47 183.75
15.48 184.057
15.49 184.057
15.5 184.057
15.51 184.057
15.52 184.134
15.53 184.134
15.54 184.134
15.55 191.264
15.56 192.576
15.57 194.595
15.58 194.595
15.59 194.178
15.6 193.575
15.61 192.857
15.62 188.462
15.63 175
15.64 169.615
15.65 170.49
15.66 175.278
15.67 179.686
15.68 179.686
15.69 179.686
15.7 179.686
15.71 179.686
15.72 179.686
15.73 184.057
15.74 184.057
15.75 200.151
15.76 206.075
15.77 209.335
15.78 210.669
15.79 206.396
15.8 205.275
15.81 204.799
15.82 204.799
15.83 207.739
15.84 208.264
15.85 207.475
15.86 207.334
15.87 207.334
15.88 208.019
15.89 207.692
15.9 207.692
15.91 207.692
15.92 207.692
15.93 206.396
15.94 206.075
15.95 205.914
15.96 206.075
15.97 207.117
15.98 207.46
15.99 207.567
16 208.159
16.01 208.3
16.02 208.3
16.03 208.675
16.04 208.346
16.05 208.555
16.06 208.183
16.07 208.183
16.08 208.183
16.09 208.159
16.1 207.879
16.11 208.019
16.12 208.3
16.13 208.281
16.14 207.774
16.15 207.879
16.16 208.183
16.17 207.529
16.18 206.719
16.19 206.371
16.2 205.779
16.21 205.526
16.22 205.236
16.23 204.836
16.24 204.612
16.25 204.759
16.26 204.419
16.27 204.324
16.28 203.789
16.29 203.628
16.3 203.039
16.31 202.914
16.32 202.294
16.33 202.294
16.34 202.294
16.35 202.294
16.36 202.294
16.37 0
16.38 612.5
16.39 0
16.4 130.861
16.41 130.861
16.42 130.861
16.43 127.457
16.44 147.492
16.45 147.492
16.46 147.492
16.47 147.492
16.48 0
16.49 0
16.5 0
16.51 0
16.52 525
16.53 525
16.54 525
16.55 0
16.56 283.906
16.57 283.906
16.58 294
16.59 283.906
16.6 265.663
16.61 265.663
16.62 265.663
16.63 265.663
16.64 265.663
16.65 316.507
16.66 316.507
16.67 316.507
16.68 316.507
16.69 324.265
16.7 324.265
16.71 324.265
16.72 324.265
16.73 324.265
16.74 324.265
16.75 0
16.76 703.723
16.77 703.723
16.78 703.723
16.79 703.723
16.8 703.723
16.81 703.723
16.82 703.723
16.83 703.723
16.84 703.723
16.85 0
16.86 172.266
16.87 0
16.88 0
16.89 0
16.9 0
16.91 0
16.92 0
16.93 216.176
16.94 0
16.95 191.739
16.96 188.462
16.97 186.864
16.98 189.813
16.99 192.576
17 198.425
17.01 203.482
17.02 206.669
17.03 214.773
17.04 216.784
17.05 216.784
17.06 216.784
17.07 220.684
17.08 229.091
17.09 236.25
17.1 243.646
17.11 251.362
17.12 251.362
17.13 251.622
17.14 251.347
17.15 250.827
17.16 250.433
17.17 250.426
17.18 250.568
17.19 250.568
17.2 250.568
17.21 251.425
17.22 251.189
17.23 251.217
17.24 251.064
17.25 251.087
17.26 250.816
17.27 250.439
17.28 250.444
17.29 250.827
17.3 250.568
17.31 251.217
17.32 251.313
17.33 251.608
17.34 252.188
17.35 252.393
17.36 252.943
17.37 252.788
17.38 252.92
17.39 252.895
17.4 252.964
17.41 253.085
17.42 252.778
17.43 252.656
17.44 253.085
17.45 252
17.46 252.867
17.47 254.283
17.48 252.964
17.49 252.964
17.5 247.753
17.51 247.753
17.52 245
17.53 245
17.54 243.839
17.55 242.308
17.56 245
17.57 245
17.58 255.077
17.59 255.43
17.6 256.625
17.61 255.375
17.62 255.282
17.63 257.706
17.64 256.395
17.65 256.395
17.66 256.395
17.67 259.412
17.68 253.448
17.69 252
17.7 251.282
17.71 251.282
17.72 251.282
17.73 251.282
17.74 251.282
17.75 251.282
17.76 251.282
17.77 250.568
17.78 246.094
17.79 247.197
17.8 262.5
17.81 255.8
17.82 255.652
17.83 258.943
17.84 257.036
17.85 255.027
17.86 256.822
17.87 256.22
17.88 255.652
17.89 255.603
17.9 255.652
17.91 253.691
17.92 257.211
17.93 258.307
17.94 258.307
17.95 252.481
17.96 253.06
17.97 254.654
17.98 253.63
17.99 257.758
18 257.644
18.01 258.307
18.02 258.272
18.03 261.98
18.04 260.638
18.05 259.073
18.06 256.993
18.07 256.993
18.08 251.84
18.09 251.84
18.1 252
18.11 259.031
18.12 250.252
18.13 249.937
18.14 253.448
18.15 250.568
18.16 254.423
18.17 253.996
18.18 252.964
18.19 251.471
18.2 253.171
18.21 253.171
18.22 255.181
18.23 255.491
18.24 256.939
18.25 255.687
18.26 258.735
18.27 260.024
18.28 260.856
18.29 255.652
18.3 257.143
18.31 257.211
18.32 257.393
18.33 255.335
18.34 255.998
18.35 256.694
18.36 254.703
18.37 290.132
18.38 261.256
18.39 259.921
18.4 257.895
18.41 257.895
18.42 255.504
18.43 254.779
18.44 254.779
18.45 253.897
18.46 251.282
18.47 250.885
18.48 250.568
18.49 250.976
18.5 251.044
18.51 251.044
18.52 252.867
18.53 252.867
18.54 254.179
18.55 253.448
18.56 252.722
18.57 252.867
18.58 252.361
18.59 253.157
18.6 253.772
18.61 253.935
18.62 254.283
18.63 253.865
18.64 253.865
18.65 254.283
18.66 254.283
18.67 254.283
18.68 251.282
18.69 248.514
18.7 248.514
18.71 246.172
18.72 250.252
18.73 257.393
18.74 271.107
18.75 300.682
18.76 302.055
18.77 301.596
18.78 300.931
18.79 300.931
18.8 300.931
18.81 300.931
18.82 300.931
18.83 301.642
18.84 300.292
18.85 297.973
18.86 293.218
18.87 287.296
18.88 280.892
18.89 278.862
18.9 278.453
18.91 278.673
18.92 277.667
18.93 275.625
18.94 274.902
18.95 273.813
18.96 273.121
18.97 271.385
18.98 269.89
18.99 263.196
19 259.412
19.01 258.062
19.02 257.25
19.03 257.25
19.04 257.25
19.05 257.25
19.06 257.25
19.07 257.393
19.08 257.393
19.09 0
19.1 0
19.11 0
19.12 0
19.13 17.8977
19.14 17.8977
19.15 17.8977
19.16 0
19.17 231.294
19.18 229.688
19.19 229.688
19.2 229.688
19.21 230.201
19.22 230.89
19.23 232.105
19.24 232.105
19.25 232.105
19.26 231.496
19.27 229.954
19.28 229.389
19.29 228.667
19.3 229.389
19.31 230.287
19.32 230.756
19.33 231.834
19.34 232.595
19.35 233.049
19.36 233.157
19.37 232.923
19.38 232.564
19.39 232.472
19.4 223.858
19.41 223.858
19.42 217.241
19.43 222.166
19.44 231.757
19.45 238.235
19.46 247.29
19.47 255.012
19.48 260.947
19.49 265.358
19.5 268.357
19.51 275.763
19.52 283.565
19.53 286.507
19.54 288.915
19.55 288.613
19.56 286.937
19.57 285.951
19.58 285.305
19.59 285.129
19.6 285.042
19.61 285.178
19.62 285.622
19.63 286.215
19.64 286.724
19.65 287.179
19.66 287.393
19.67 287.513
19.68 287.192
19.69 286.96
19.7 286.63
19.71 286.364
19.72 286.364
19.73 286.364
19.74 287.43
19.75 287.537
19.76 287.537
19.77 287.537
19.78 288.153
19.79 288.235
19.8 289.655
19.81 290.514
19.82 290.769
19.83 287.609
19.84 283.784
19.85 281.858
19.86 281.25
19.87 280.693
19.88 280.977
19.89 281.054
19.9 281.825
19.91 282.267
19.92 283.829
19.93 285.274
19.94 287.192
19.95 288.047
19.96 288.047
19.97 288.481
19.98 288.578
19.99 288.235
20 288.445
20.01 285.076
20.02 283.565
20.03 282.403
20.04 281.443
20.05 280.82
20.06 280.677
20.07 280.963
20.08 281.969
20.09 282.547
20.1 282.547
20.11 282.547
20.12 284.296
20.13 284.737
20.14 284.59
20.15 284.093
20.16 283.419
20.17 281.969
20.18 280.534
20.19 279.758
20.2 279.255
20.21 278.82
20.22 279.822
20.23 280.534
20.24 281.969
20.25 281.489
20.26 285.239
20.27 287.109
20.28 287.109
20.29 287.409
20.3 286.96
20.31 285.77
20.32 284.657
20.33 283.384
20.34 282.258
20.35 281.318
20.36 280.249
20.37 280.107
20.38 280.342
20.39 281.681
20.4 283.111
20.41 284.443
20.42 285.918
20.43 286.811
20.44 286.937
20.45 287.224
20.46 286.519
20.47 286.041
20.48 284.925
20.49 284.13
20.5 283.197
20.51 282.491
20.52 282.026
20.53 282.09
20.54 282.995
20.55 283.906
20.56 285.291
20.57 286.275
20.58 287.109
20.59 287.252
20.6 289.545
20.61 289.545
20.62 287.543
20.63 287.346
20.64 286.736
20.65 285.129
20.66 284.312
20.67 283.662
20.68 283.166
20.69 283.906
20.7 284.516
20.71 284.516
20.72 286.541
20.73 286.896
20.74 288.685
20.75 289.768
20.76 289.958
20.77 290.736
20.78 290.797
20.79 290.653
20.8 289.469
20.81 288.235
20.82 286.829
20.83 285.557
20.84 283.959
20.85 282.692
20.86 282.378
20.87 281.907
20.88 282.511
20.89 282.479
20.9 284.193
20.91 285.709
20.92 286.364
20.93 287.109
20.94 287.041
20.95 286.985
20.96 287.211
20.97 286.718
20.98 286.202
20.99 285.236
21 284.683
21.01 284.683
21.02 283.038
21.03 282.692
21.04 283.906
21.05 283.906
21.06 283.993
21.07 285.305
21.08 288.235
21.09 288.235
21.1 288.235
21.11 289.814
21.12 289.838
21.13 289.958
21.14 289.958
21.15 289.958
21.16 287.609
21.17 287.224
21.18 286.364
21.19 286.364
21.2 286.364
21.21 0
21.22 285
21.23 285.778
21.24 285.778
21.25 287.543
21.26 287.671
21.27 288.136
21.28 288.533
21.29 288.931
21.3 288.931
21.31 288.655
21.32 287.4
21.33 286.56
21.34 285.54
21.35 284.613
21.36 284.613
21.37 284.613
21.38 283.812
21.39 284.254
21.4 285.437
21.41 286.829
21.42 287.462
21.43 287.484
21.44 288.064
21.45 288.505
21.46 288.578
21.47 288.146
21.48 287.938
21.49 287.296
21.5 285.437
21.51 284.193
21.52 283.333
21.53 282.692
21.54 282.176
21.55 282.692
21.56 283.684
21.57 284.016
21.58 285.305
21.59 286.596
21.6 287.462
21.61 287.609
21.62 287.859
21.63 287.938
21.64 287.513
21.65 287.337
21.66 286.687
21.67 285.857
21.68 284.85
21.69 284.183
21.7 283.518
21.71 282.919
21.72 283.5
21.73 284.08
21.74 284.756
21.75 285.305
21.76 286.896
21.77 288.533
21.78 289.13
21.79 289.18
21.8 289.53
21.81 289.286
21.82 288.235
21.83 287.296
21.84 285.437
21.85 283.967
21.86 283.384
21.87 284.093
21.88 284.093
21.89 284.516
21.9 286.896
21.91 288.026
21.92 289.18
21.93 289.18
21.94 289.497
21.95 289.655
21.96 289.708
21.97 289.708
21.98 287.801
21.99 287.43
22 287.43
22.01 287.564
22.02 287.296
22.03 287.109
22.04 286.612
22.05 286.364
22.06 285.833
22.07 286.56
22.08 287.252
22.09 287.5
22.1 287.609
22.11 287.817
22.12 288.11
22.13 288.55
22.14 288.75
22.15 288.707
22.16 288.865
22.17 287.609
22.18 287.609
22.19 287.609
22.2 287.609
22.21 282.692
22.22 296.97
22.23 279.114
22.24 282.692
22.25 280.892
22.26 280.892
22.27 282.692
22.28 282.692
22.29 282.692
22.3 282.692
22.31 280.892
22.32 280.892
22.33 286.364
22.34 286.364
22.35 286.364
22.36 286.364
22.37 286.364
22.38 286.364
22.39 297.973
22.4 297.973
22.41 297.973
22.42 297.973
22.43 0
22.44 137.383
22.45 0
22.46 393.75
22.47 0
22.48 178.302
22.49 184.673
22.5 200.151
22.51 215.122
22.52 215.122
22.53 215.122
22.54 215.122
22.55 0
22.56 0
22.57 0
22.58 0
22.59 172.266
22.6 175.464
22.61 175.464
22.62 175.464
22.63 188.14
22.64 195.38
22.65 207.739
22.66 208.757
22.67 208.757
22.68 215.272
22.69 213.387
22.7 212.019
22.71 211.238
22.72 210.364
22.73 208.895
22.74 208.197
22.75 209.8
22.76 211.28
22.77 211.409
22.78 214.286
22.79 217.925
22.8 221.732
22.81 221.732
22.82 221.732
22.83 222.446
22.84 222.086
22.85 221.237
22.86 219.767
22.87 217.701
22.88 216.885
22.89 217.778
22.9 217.778
22.91 217.778
22.92 216.176
22.93 216.176
22.94 215.707
22.95 214.309
22.96 214.673
22.97 213.732
22.98 213.732
22.99 213.732
23 213.732
23.01 214.494
23.02 213.043
23.03 214.599
23.04 220.06
23.05 215.753
23.06 213.663
23.07 213.485
23.08 213.158
23.09 212.95
23.1 212.603
23.11 212.274
23.12 212.246
23.13 212.234
23.14 212.665
23.15 212.53
23.16 212.838
23.17 212.964
23.18 213.137
23.19 213.617
23.2 214.86
23.21 215.824
23.22 216.708
23.23 218.317
23.24 208.019
23.25 197.758
23.26 195.133
23.27 198.291
23.28 200.715
23.29 204.588
23.3 204.588
23.31 207.042
23.32 209.637
23.33 211.511
23.34 215.332
23.35 220.5
23.36 226.154
23.37 231.294
23.38 236.25
23.39 236.25
23.4 236.371
23.41 234.574
23.42 233.746
23.43 236.588
23.44 241.172
23.45 242.308
23.46 241.644
23.47 240.68
23.48 241.288
23.49 241.288
23.5 241.865
23.51 241.825
23.52 241.247
23.53 240.655
23.54 237.95
23.55 237.95
23.56 235.2
23.57 236.25
23.58 237.256
23.59 237.397
23.6 238.311
23.61 238.636
23.62 239.263
23.63 239.096
23.64 239.215
23.65 238.809
23.66 238.478
23.67 237.522
23.68 236.588
23.69 234.887
23.7 234.887
23.71 234.887
23.72 234.887
23.73 234.887
23.74 0
23.75 79.9359
23.76 80.0363
23.77 79.8913
23.78 79.7829
23.79 79.7829
23.8 79.6029
23.81 79.3573
23.82 79.3522
23.83 79.1538
23.84 79.0323
23.85 79.0323
23.86 79.3641
23.87 79.4799
23.88 79.6851
23.89 79.85
23.9 79.8087
23.91 79.5619
23.92 79.3981
23.93 79.3981
23.94 79.3981
23.95 79.3981
23.96 79.3981
23.97 0
23.98 231.834
23.99 235.944
24 241.549
24.01 245
24.02 248.062
24.03 255.405
24.04 257.34
24.05 257.895
24.06 258.931
24.07 258.292
24.08 257.306
24.09 256.785
24.1 256.395
24.11 256.531
24.12 256.915
24.13 258.092
24.14 258.486
24.15 259.412
24.16 260.287
24.17 260.433
24.18 260.287
24.19 259.279
24.2 258.618
24.21 257.829
24.22 257.306
24.23 257.075
24.24 257.698
24.25 258.355
24.26 259.014
24.27 259.944
24.28 260.88
24.29 261.315
24.3 262.203
24.31 262.188
24.32 262.153
24.33 261.767
24.34 260.638
24.35 259.005
24.36 258.476
24.37 258.543
24.38 259.194
24.39 259.412
24.4 260.177
24.41 261.038
24.42 261.191
24.43 261.807
24.44 262.305
24.45 261.462
24.46 261.333
24.47 260.287
24.48 258.943
24.49 257.779
24.5 257.06
24.51 255.652
24.52 255.652
24.53 255.735
24.54 256.065
24.55 256.065
24.56 256.727
24.57 257.393
24.58 257.393
24.59 257.393
24.6 260.287
24.61 257.393
24.62 257.452
24.63 256.747
24.64 256.22
24.65 255.652
24.66 256.239
24.67 256.964
24.68 257.518
24.69 258.02
24.7 258.904
24.71 259.666
24.72 260.177
24.73 260.21
24.74 260.386
24.75 260.433
24.76 259.994
24.77 259.412
24.78 259.267
24.79 258.832
24.8 258.832
24.81 258.977
24.82 258.977
24.83 259.014
24.84 259.279
24.85 259.677
24.86 260.344
24.87 260.69
24.88 261.014
24.89 260.746
24.9 260.88
24.91 260.344
24.92 259.968
24.93 259.412
24.94 255.735
24.95 251.139
24.96 249.505
24.97 260.526
24.98 266.58
24.99 272.409
25 275.297
25.01 277.213
25.02 278.736
25.03 282.692
25.04 286.896
25.05 288.235
25.06 287.713
25.07 286.464
25.08 285.129
25.09 283.715
25.1 282.305
25.11 281.789
25.12 281.72
25.13 281.997
25.14 282.553
25.15 283.211
25.16 283.77
25.17 283.341
25.18 282.225
25.19 281.448
25.2 280.963
25.21 279.958
25.22 278.918
25.23 276.957
25.24 274.595
25.25 271.107
25.26 266.949
25.27 262.5
25.28 261.462
25.29 274.013
25.3 279.114
25.31 277.358
25.32 274.766
25.33 274.766
25.34 274.766
25.35 274.766
25.36 274.766
25.37 274.766
25.38 274.766
25.39 270.221
25.4 265.663
25.41 255.208
25.42 255.208
25.43 255.208
25.44 255.208
25.45 255.208
25.46 255.208
25.47 255.8
25.48 258.398
25.49 258.398
25.5 258.398
25.51 258.398
25.52 258.398
25.53 0
25.54 258.146
25.55 258.398
25.56 259.412
25.57 259.412
25.58 260.947
25.59 260.433
25.6 260.217
25.61 260.217
25.62 258.709
25.63 254.179
25.64 254.423
25.65 257.06
25.66 262.5
25.67 271.385
25.68 289.045
25.69 291.281
25.7 291.607
25.71 291.57
25.72 291.196
25.73 290.938
25.74 290.514
25.75 291.14
25.76 291.033
25.77 290.405
25.78 288.75
25.79 288.75
25.8 282.85
25.81 282.063
25.82 281.594
25.83 281.594
25.84 281.594
25.85 281.907
25.86 282.22
25.87 282.535
25.88 282.547
25.89 282.692
25.9 282.692
25.91 283.022
25.92 283.353
25.93 283.684
25.94 283.684
25.95 283.324
25.96 283.008
25.97 283.237
25.98 283.548
25.99 283.732
26 283.601
26.01 278.154
26.02 275.625
26.03 269.95
26.04 264.6
26.05 257.758
26.06 258.272
26.07 256.769
26.08 255.97
26.09 256.608
26.1 257.085
26.11 256.582
26.12 256.727
26.13 257.56
26.14 258.398
26.15 256.71
26.16 256.71
26.17 257.182
26.18 256.993
26.19 257.393
26.2 257.629
26.21 257.995
26.22 257.547
26.23 259.147
26.24 259.117
26.25 257.393
26.26 256.667
26.27 256.667
26.28 256.667
26.29 256.667
26.3 257.06
26.31 257.06
26.32 257.06
26.33 0
26.34 0
26.35 250.568
26.36 244.457
26.37 244.457
26.38 225
26.39 224.542
26.4 224.542
26.41 224.542
26.42 224.542
26.43 224.542
26.44 224.542
26.45 224.542
26.46 222.727
26.47 222.727
26.48 239.674
26.49 239.674
26.5 240.421
26.51 238.701
26.52 237.95
26.53 237.49
26.54 236.461
26.55 235.577
26.56 233.746
26.57 233.746
26.58 234.574
26.59 236.461
26.6 240.387
26.61 242.55
26.62 244.506
26.63 245.273
26.64 251.521
26.65 275.625
26.66 279.114
26.67 279.114
26.68 279.114
26.69 275.625
26.7 272.222
26.71 266.063
26.72 264.388
26.73 263.641
26.74 261.566
26.75 258.398
26.76 258.398
26.77 258.398
26.78 256.395
26.79 256.395
26.8 256.395
26.81 256.395
26.82 256.395
26.83 258.874
26.84 258.904
26.85 258.803
26.86 258.832
26.87 258.832
26.88 258.858
26.89 259.121
26.9 259.091
26.91 259.232
26.92 259.412
26.93 260.118
26.94 260.118
26.95 260.118
26.96 260.247
26.97 260.433
26.98 260.433
26.99 260.228
27 260.228
27.01 259.921
27.02 259.921
27.03 259.572
27.04 259.412
27.05 259.412
27.06 258.832
27.07 258.618
27.08 258.486
27.09 258.486
27.1 258.444
27.11 258.499
27.12 258.499
27.13 258.499
27.14 258.904
27.15 259.073
27.16 259.073
27.17 259.073
27.18 259.194
27.19 259.751
27.2 259.751
27.21 259.751
27.22 257.06
27.23 256.822
27.24 256.822
27.25 254.097
27.26 253.713
27.27 253.448
27.28 255.949
27.29 258.582
27.3 259.412
27.31 261.462
27.32 261.462
27.33 261.462
27.34 261.462
27.35 261.462
27.36 0
27.37 0
27.38 0
27.39 0
27.4 0
27.41 0
27.42 128.596
27.43 128.806
27.44 130.904
27.45 129.947
27.46 129.947
27.47 130.835
27.48 131.108
27.49 131.006
27.5 131.01
27.51 130.652
27.52 130.473
27.53 130.418
27.54 130.281
27.55 130.292
27.56 130.392
27.57 130.544
27.58 130.544
27.59 130.776
27.6 130.709
27.61 130.783
27.62 130.731
27.63 130.592
27.64 130.533
27.65 130.414
27.66 130.295
27.67 130.099
27.68 130.03
27.69 129.993
27.7 130.038
27.71 129.961
27.72 130.022
27.73 130.038
27.74 130
27.75 129.972
27.76 129.905
27.77 129.972
27.78 129.905
27.79 129.972
27.8 130.038
27.81 130.105
27.82 130.105
27.83 129.972
27.84 129.64
27.85 128.947
27.86 127.395
27.87 125.219
27.88 122.686
27.89 121.576
27.9 120.608
27.91 118.822
27.92 116.275
27.93 114.315
27.94 110.99
27.95 107.039
27.96 104.668
27.97 88.9113
27.98 100.838
27.99 100.838
28 100.838
28.01 100.838
28.02 100.838
28.03 0
28.04 237.097
28.05 230.488
28.06 228.794
28.07 228.261
28.08 228.3
28.09 229.21
28.1 229.21
28.11 229.21
28.12 228.497
28.13 227.746
28.14 228.366
28.15 229.688
28.16 232.105
28.17 238.966
28.18 238.952
28.19 239.911
28.2 237.352
28.21 237.736
28.22 238.011
28.23 238.011
28.24 238.011
28.25 238.011
28.26 238.676
28.27 239.457
28.28 239.457
28.29 239.457
28.3 239.457
28.31 0
28.32 0
28.33 0
28.34 0
28.35 0
28.36 235.485
28.37 235.829
28.38 235.829
28.39 0
28.4 79.7949
28.41 79.7949
28.42 79.7949
28.43 0
28.44 0
28.45 0
28.46 0
28.47 238.378
28.48 0
28.49 0
28.5 234.574
28.51 0
28.52 0
28.53 0
28.54 0
28.55 0
28.56 78.5896
28.57 78.4387
28.58 78.4387
28.59 78.2769
28.6 78.3304
28.61 78.4698
28.62 78.75
28.63 78.5097
28.64 78.5896
28.65 78.9191
28.66 79.3165
28.67 79.3879
28.68 79.3879
28.69 79.3165
28.7 79.5072
28.71 79.5072
28.72 79.5072
28.73 79.5072
28.74 79.5072
28.75 0
28.76 59.354
28.77 59.354
28.78 59.2742
28.79 59.2742
28.8 59.2742
28.81 59.2742
28.82 59.2742
28.83 0
28.84 236.829
28.85 236.975
28.86 237.097
28.87 237.416
28.88 236.981
28.89 237.256
28.9 237.256
28.91 237.256
28.92 0
28.93 47.7568
28.94 47.8481
28.95 47.9348
28.96 47.9869
28.97 48.0044
28.98 59.9185
28.99 60.2459
29 60.2459
29.01 59.9185
29.02 59.9185
29.03 59.9185
29.04 59.9185
29.05 59.9185
29.06 59.9185
29.07 0
29.08 97.5664
29.09 97.5664
29.1 97.5664
29.11 0
29.12 0
29.13 29.717
29.14 0
29.15 0
29.16 0
29.17 197.266
29.18 193.421
29.19 193.421
29.2 0
29.21 0
29.22 0
29.23 97.7394
29.24 97.7827
29.25 97.259
29.26 97.1841
29.27 96.8263
29.28 96.8263
29.29 96.8263
29.3 97.394
29.31 97.3675
29.32 97.4227
29.33 97.5664
29.34 98.5052
29.35 98.7087
29.36 98.4375
29.37 99.3243
29.38 91.875
29.39 83.8403
29.4 83.8403
29.41 88.2
29.42 87.8486
29.43 86.811
29.44 86.811
29.45 86.811
29.46 86.811
29.47 86.811
29.48 86.811
29.49 86.811
29.5 85.9091
29.51 103.037
29.52 102.439
29.53 103.037
29.54 106.866
29.55 106.743
29.56 106.579
29.57 106.569
29.58 105.931
29.59 105.942
29.6 106.556
29.61 106.673
29.62 106.657
29.63 106.875
29.64 106.923
29.65 106.917
29.66 106.9
29.67 107.521
29.68 106.237
29.69 107.228
29.7 106.879
29.71 107.039
29.72 106.561
29.73 106.8
29.74 106.595
29.75 106.866
29.76 106.669
29.77 107.039
29.78 106.419
29.79 106.641
29.8 106.475
29.81 106.393
29.82 106.082
29.83 106.228
29.84 106.694
29.85 106.123
29.86 106.201
29.87 106.448
29.88 107.386
29.89 107.736
29.9 108.088
29.91 108.514
29.92 108.443
29.93 108.088
29.94 106.095
29.95 106.088
29.96 106.9
29.97 107.039
29.98 107.284
29.99 107.53
30 107.526
30.01 107.601
30.02 107.601
30.03 107.877
30.04 107.619
30.05 106.866
30.06 106.01
30.07 99.3243
30.08 99.0269
30.09 100.227
30.1 100.992
30.11 100.992
30.12 100.992
30.13 100.992
30.14 100.992
30.15 100.992
30.16 101.333
30.17 103.037
30.18 103.037
30.19 116.053
30.2 117.6
30.21 117.515
30.22 116.485
30.23 116.206
30.24 116.216
30.25 116.485
30.26 116.282
30.27 115.992
30.28 117.222
30.29 117.025
30.3 117.705
30.31 117.815
30.32 118.081
30.33 118.104
30.34 117.978
30.35 117.844
30.36 117.537
30.37 117.454
30.38 117.555
30.39 117.948
30.4 118.041
30.41 118.493
30.42 118.914
30.43 119.159
30.44 119.318
30.45 119.404
30.46 119.281
30.47 119.333
30.48 119.118
30.49 119.7
30.5 118.761
30.51 118.628
30.52 118.628
30.53 117.672
30.54 117.672
30.55 117.672
30.56 0
30.57 237.097
30.58 237.95
30.59 237.827
30.6 237.864
30.61 236.25
30.62 236.315
30.63 236.315
30.64 236.315
30.65 236.315
30.66 235.829
30.67 235.2
30.68 236.885
30.69 237.256
30.7 239.096
30.71 239.4
30.72 239.4
30.73 239.4
30.74 239.4
30.75 239.4
30.76 222.727
30.77 222.727
30.78 222.727
30.79 226.735
30.8 229.21
30.81 229.21
30.82 243.646
30.83 248.26
30.84 250.349
30.85 253.673
30.86 253.673
30.87 259.412
30.88 256.525
30.89 257.045
30.9 256.915
30.91 256.525
30.92 255.878
30.93 255.174
30.94 255.62
30.95 256.395
30.96 256.915
30.97 257.96
30.98 258.618
30.99 259.147
31 259.273
31.01 259.279
31.02 258.882
31.03 258.486
31.04 257.437
31.05 257.045
31.06 256.525
31.07 256.26
31.08 256.525
31.09 257.815
31.1 257.974
31.11 258.611
31.12 258.651
31.13 258.996
31.14 259.267
31.15 259.572
31.16 259.794
31.17 259.848
31.18 259.412
31.19 259.005
31.2 258.832
31.21 258.882
31.22 258.882
31.23 259.121
31.24 259.121
31.25 259.551
31.26 259.412
31.27 259.564
31.28 259.771
31.29 259.819
31.3 259.666
31.31 259.717
31.32 259.882
31.33 260.312
31.34 259.615
31.35 259.819
31.36 260.067
31.37 259.794
31.38 260.217
31.39 260.666
31.4 260.88
31.41 260.88
31.42 261.014
31.43 261.014
31.44 260.947
31.45 260.612
31.46 260.612
31.47 260.746
31.48 260.077
31.49 259.944
31.5 260.077
31.51 259.81
31.52 260.077
31.53 260.344
31.54 260.88
31.55 261.02
31.56 260.775
31.57 261.14
31.58 261.304
31.59 261.566
31.6 262.5
31.61 262.054
31.62 261.876
31.63 259.581
31.64 259.412
31.65 259.557
31.66 259.638
31.67 259.085
31.68 259.294
31.69 260.14
31.7 260.58
31.71 260.612
31.72 260.775
31.73 260.661
31.74 260.787
31.75 260.468
31.76 260.536
31.77 260.331
31.78 260.228
31.79 260.331
31.8 260.126
31.81 259.412
31.82 259.279
31.83 259.279
31.84 259.412
31.85 259.545
31.86 259.545
31.87 259.279
31.88 259.412
31.89 259.279
31.9 259.014
31.91 258.75
31.92 258.486
31.93 258.486
31.94 258.882
31.95 259.147
31.96 259.412
31.97 259.557
31.98 259.829
31.99 259.829
32 260.312
32.01 260.369
32.02 259.545
32.03 259.279
32.04 259.147
32.05 259.014
32.06 259.121
32.07 258.931
32.08 259.412
32.09 259.895
32.1 260.331
32.11 259.848
32.12 260.331
32.13 259.412
32.14 259.751
32.15 259.968
32.16 260.067
32.17 260.369
32.18 260.369
32.19 260.092
32.2 260.217
32.21 260.541
32.22 260.541
32.23 260.703
32.24 260.703
32.25 261.168
32.26 261.168
32.27 261.148
32.28 261.168
32.29 261.118
32.3 261.028
32.31 261.517
32.32 261.256
32.33 261.552
32.34 261.014
32.35 260.746
32.36 260.478
32.37 260.247
32.38 259.895
32.39 259.412
32.4 258.977
32.41 258.858
32.42 258.398
32.43 258.904
32.44 258.398
32.45 256.395
32.46 257.895
32.47 259.412
32.48 256.395
32.49 256.395
32.5 256.395
32.51 256.395
32.52 255.457
32.53 259.545
32.54 258.977
32.55 259.412
32.56 256.561
32.57 255.652
32.58 262.891
32.59 257.895
32.6 258.398
32.61 258.398
32.62 258.398
32.63 258.398
32.64 258.398
32.65 258.398
32.66 258.398
32.67 258.398
32.68 0
32.69 0
32.7 0
32.71 39.8494
32.72 0
32.73 39.8494
32.74 0
32.75 0
32.76 0
32.77 0
32.78 0
32.79 0
32.8 0
32.81 0
32.82 0
32.83 0
32.84 0
32.85 0
32.86 393.75
32.87 438.079
32.88 479.348
32.89 479.348
32.9 479.348
32.91 0
32.92 264.388
32.93 260.947
32.94 264.6
32.95 264.6
32.96 264.6
32.97 0
32.98 0
32.99 0
33 0
33.01 193.421
33.02 195.71
33.03 195.71
33.04 0
33.05 175.697
33.06 184.262
33.07 191.501
33.08 197.356
33.09 201.107
33.1 201.107
33.11 201.107
33.12 201.107
33.13 201.107
33.14 217.489
33.15 221.98
33.16 231
33.17 244.225
33.18 256.395
33.19 256.395
33.2 256.065
33.21 256.023
33.22 256.023
33.23 256.023
33.24 253.287
33.25 253.295
33.26 253.587
33.27 254.032
33.28 254.372
33.29 254.481
33.3 254.545
33.31 254.348
33.32 254.668
33.33 255.603
33.34 257.06
33.35 257.629
33.36 258.339
33.37 258.874
33.38 259.232
33.39 259.267
33.4 259.677
33.41 259.677
33.42 259.539
33.43 259.285
33.44 259.031
33.45 258.904
33.46 258.146
33.47 258.355
33.48 258.032
33.49 257.823
33.5 257.974
33.51 258.272
33.52 258.759
33.53 259.412
33.54 259.412
33.55 259.412
33.56 259.412
33.57 259.412
33.58 0
33.59 0
33.6 86.4222
33.61 86.2002
33.62 86.1328
33.63 86.1328
33.64 86.1328
33.65 0
33.66 0
33.67 259.819
33.68 259.819
33.69 259.985
33.7 259.779
33.71 259.666
33.72 259.677
33.73 259.412
33.74 259.412
33.75 259.412
33.76 259.147
33.77 259.168
33.78 259.168
33.79 259.285
33.8 259.412
33.81 259.539
33.82 259.921
33.83 260.146
33.84 260.561
33.85 260.561
33.86 260.561
33.87 260.561
33.88 259.921
33.89 259.591
33.9 259.591
33.91 259.591
33.92 259.303
33.93 259.539
33.94 259.539
33.95 259.539
33.96 0
33.97 0
33.98 87.2691
33.99 87.3844
34 87.3844
34.01 0
34.02 0
34.03 130.185
34.04 129.815
34.05 129.25
34.06 130.473
34.07 130.731
34.08 126
34.09 123.184
34.1 123.184
34.11 123.184
34.12 0
34.13 86.4222
34.14 86.6216
34.15 86.3014
34.16 87.4369
34.17 87.3613
34.18 87.0068
34.19 87.4306
34.2 87.4684
34.21 87.2308
34.22 86.9394
34.23 86.9577
34.24 86.5191
34.25 86.513
34.26 86.9394
34.27 86.811
34.28 87.0068
34.29 86.9088
34.3 86.8538
34.31 86.8599
34.32 87.2691
34.33 87.674
34.34 87.907
34.35 87.907
34.36 87.907
34.37 87.907
34.38 87.907
34.39 0
34.4 0
34.41 0
34.42 0
34.43 0
34.44 0
34.45 0
34.46 0
34.47 0
34.48 131.25
34.49 0
34.5 260.947
34.51 262.5
34.52 261.256
34.53 262.344
34.54 262.344
34.55 262.344
34.56 0
34.57 129.655
34.58 0
34.59 86.3255
34.6 0
34.61 258.803
34.62 260.177
34.63 260.177
34.64 0
34.65 86.8599
34.66 86.9088
34.67 86.887
34.68 87.0395
34.69 86.8599
34.7 86.7683
34.71 86.7351
34.72 86.7427
34.73 86.7489
34.74 86.6405
34.75 86.6405
34.76 86.7847
34.77 86.9667
34.78 87.0681
34.79 87.0681
34.8 87.1159
34.81 87.1159
34.82 87.105
34.83 87.105
34.84 86.9822
34.85 86.811
34.86 86.7135
34.87 86.7135
34.88 86.7257
34.89 86.7257
34.9 86.7135
34.91 86.6745
34.92 86.811
34.93 87.0395
34.94 87.0395
34.95 87.0395
34.96 87.0395
34.97 87.0395
34.98 0
34.99 259.221
35 0
35.01 0
35.02 260.312
35.03 260.561
35.04 261.05
35.05 261.781
35.06 262.14
35.07 261.876
35.08 261.721
35.09 261.721
35.1 260.379
35.11 259.717
35.12 259.412
35.13 258.874
35.14 259.121
35.15 258.977
35.16 259.285
35.17 259.279
35.18 259.412
35.19 259.921
35.2 259.545
35.21 259.158
35.22 258.272
35.23 257.473
35.24 256.769
35.25 255.047
35.26 255.047
35.27 255.047
35.28 242.308
35.29 242.308
35.3 242.308
35.31 242.308
35.32 244.225
35.33 244.225
35.34 245
35.35 245.911
35.36 245.39
35.37 245.39
35.38 245.39
35.39 245.39
35.4 228.497
35.41 228.497
35.42 222.727
35.43 214.078
35.44 205.435
35.45 205.69
35.46 206.903
35.47 206.903
35.48 205.754
35.49 205.754
35.5 205.754
35.51 205.754
35.52 207.286
35.53 207.774
35.54 208.412
35.55 206.268
35.56 205.754
35.57 206.488
35.58 207.407
35.59 207.407
35.6 206.765
35.61 206.235
35.62 207.237
35.63 207.774
35.64 209.335
35.65 212.53
35.66 214.078
35.67 214.078
35.68 216.176
35.69 215.648
35.7 215.648
35.71 214.972
35.72 218.678
35.73 227.655
35.74 246.369
35.75 250.568
35.76 252
35.77 245
35.78 237.097
35.79 237.097
35.8 230.167
35.81 229.346
35.82 229.157
35.83 229.887
35.84 229.887
35.85 229.887
35.86 229.887
35.87 229.037
35.88 229.157
35.89 229.688
35.9 230.649
35.91 232.105
35.92 233.864
35.93 233.51
35.94 232.472
35.95 232.105
35.96 231.294
35.97 230.739
35.98 230.545
35.99 231.496
36 233.446
36.01 234.471
36.02 236.058
36.03 237.992
36.04 237.905
36.05 237.905
36.06 238.478
36.07 238.151
36.08 237.698
36.09 237.247
36.1 236.461
36.11 236.039
36.12 235.29
36.13 235.469
36.14 236.461
36.15 236.461
36.16 237.097
36.17 236.901
36.18 237.95
36.19 237.687
36.2 237.827
36.21 238.279
36.22 238.73
36.23 236.673
36.24 235.829
36.25 234.753
36.26 234.721
36.27 233.989
36.28 233.989
36.29 233.989
36.3 236.371
36.31 236.705
36.32 237.293
36.33 238.459
36.34 239.349
36.35 239.587
36.36 238.563
36.37 238.217
36.38 237.905
36.39 237.231
36.4 237.231
36.41 236.532
36.42 236.854
36.43 236.612
36.44 236.612
36.45 236.404
36.46 235.944
36.47 235.829
36.48 234.991
36.49 234.713
36.5 234.076
36.51 233.333
36.52 233.116
36.53 233.268
36.54 233.659
36.55 234.159
36.56 234.419
36.57 234.753
36.58 234.991
36.59 235.257
36.6 235.689
36.61 236.673
36.62 236.461
36.63 237.097
36.64 213.043
36.65 209.335
36.66 210.25
36.67 213.191
36.68 214.86
36.69 214.86
36.7 214.86
36.71 214.86
36.72 214.86
36.73 219.585
36.74 220.3
36.75 219.622
36.76 219.872
36.77 219.992
36.78 219.221
36.79 210.501
36.8 200.289
36.81 197.536
36.82 187.66
36.83 182.735
36.84 182.231
36.85 182.231
36.86 191.739
36.87 194.763
36.88 194.076
36.89 195.133
36.9 193.846
36.91 195.532
36.92 194.702
36.93 193.931
36.94 196
36.95 192.576
36.96 195.306
36.97 196.582
36.98 196.582
36.99 196.582
37 197.195
37.01 198.45
37.02 199.097
37.03 200.151
37.04 201.37
37.05 195.133
37.06 192.857
37.07 192.857
37.08 193.761
37.09 197.168
37.1 212.701
37.11 215.753
37.12 219.13
37.13 220.5
37.14 220.701
37.15 220.701
37.16 220.701
37.17 220.701
37.18 222.054
37.19 224.427
37.2 221.887
37.21 220.5
37.22 217.778
37.23 214.541
37.24 214.626
37.25 214.626
37.26 214.406
37.27 214.297
37.28 214.187
37.29 214.406
37.3 214.425
37.31 214.2
37.32 213.559
37.33 212.75
37.34 211.583
37.35 210.861
37.36 209.203
37.37 208.019
37.38 210
37.39 215.912
37.4 220.5
37.41 222.523
37.42 222.523
37.43 222.523
37.44 223.858
37.45 225.838
37.46 232.411
37.47 237.097
37.48 241.644
37.49 238.378
37.5 235.987
37.51 234.107
37.52 232.431
37.53 232.268
37.54 232.564
37.55 233.196
37.56 234.706
37.57 235.27
37.58 236.532
37.59 237.256
37.6 236.532
37.61 235.689
37.62 234.443
37.63 234.135
37.64 232.537
37.65 231.294
37.66 229.688
37.67 229.688
37.68 229.157
37.69 229.289
37.7 245
37.71 250.568
37.72 263.846
37.73 266.019
37.74 265.663
37.75 264.953
37.76 265.663
37.77 265.663
37.78 264.072
37.79 263.153
37.8 262.5
37.81 261.933
37.82 262.153
37.83 260.638
37.84 261.333
37.85 261.333
37.86 261.333
37.87 262.054
37.88 262.054
37.89 262.054
37.9 262.054
37.91 260.947
37.92 260.947
37.93 260.947
37.94 0
37.95 130.473
37.96 0
37.97 87.5
37.98 0
37.99 87.8486
38 88.2
38.01 88.4021
38.02 88.4021
38.03 88.4021
38.04 88.5542
38.05 88.2
38.06 88.1119
38.07 87.8486
38.08 87.5
38.09 87.5
38.1 87.5
38.11 87.5
38.12 86.3014
38.13 86.3014
38.14 86.4706
38.15 86.4989
38.16 86.513
38.17 86.4706
38.18 86.5838
38.19 85.9091
38.2 85.7309
38.21 85.6311
38.22 102.737
38.23 102.32
38.24 102.32
38.25 127.089
38.26 127.089
38.27 115.748
38.28 113.271
38.29 110.804
38.3 110.804
38.31 110.804
38.32 110.804
38.33 0
38.34 239.674
38.35 234.574
38.36 231.699
38.37 228.328
38.38 225.328
38.39 225.511
38.4 225.838
38.41 225.838
38.42 226.832
38.43 227.41
38.44 227.862
38.45 228.225
38.46 229.579
38.47 230.649
38.48 230.373
38.49 231.063
38.5 230.89
38.51 231.178
38.52 231.739
38.53 232.964
38.54 235.529
38.55 237.34
38.56 240.047
38.57 242.435
38.58 243.036
38.59 243.454
38.6 244.225
38.61 242.308
38.62 239.922
38.63 236.733
38.64 234.991
38.65 233.642
38.66 227.466
38.67 224.389
38.68 220.029
38.69 215.803
38.7 214.691
38.71 213.689
38.72 213.633
38.73 214.216
38.74 214.729
38.75 215.332
38.76 215.422
38.77 215.526
38.78 214.558
38.79 214.719
38.8 214.599
38.81 213.833
38.82 214.912
38.83 215.122
38.84 215.803
38.85 216.294
38.86 217.004
38.87 218.317
38.88 218.699
38.89 218.444
38.9 217.936
38.91 216.927
38.92 215.555
38.93 215.555
38.94 217.028
38.95 222.353
38.96 231.375
38.97 234.574
38.98 237.687
38.99 238.809
39 239.368
39.01 239.804
39.02 241.47
39.03 243.946
39.04 245.511
39.05 245.511
39.06 244.397
39.07 240.545
39.08 240.545
39.09 240.545
39.1 240.545
39.11 0
39.12 228.893
39.13 228.103
39.14 228.103
39.15 228.225
39.16 227.32
39.17 225.628
39.18 224.427
39.19 223.696
39.2 220.133
39.21 215.297
39.22 212.311
39.23 210
39.24 207.46
39.25 206.235
39.26 206.195
39.27 205.714
39.28 204.458
39.29 204.573
39.3 204.324
39.31 204.545
39.32 203.747
39.33 204.167
39.34 200.911
39.35 190.556
39.36 186.513
39.37 181.588
39.38 181.897
39.39 182.919
39.4 183.622
39.41 183.622
39.42 183.622
39.43 184.211
39.44 185.1
39.45 186.076
39.46 186.548
39.47 189
39.48 189
39.49 199.478
39.5 197.935
39.51 197.071
39.52 195.38
39.53 192.408
39.54 192.408
39.55 193.704
39.56 195.627
39.57 195.627
39.58 199.849
39.59 201.239
39.6 203.092
39.61 203.601
39.62 195.133
39.63 186.076
39.64 182.231
39.65 187.66
39.66 187.66
39.67 187.66
39.68 190.086
39.69 190.086
39.7 190.086
39.71 190.086
39.72 191.739
39.73 191.739
39.74 213.043
39.75 213.043
39.76 212.75
39.77 211.583
39.78 210.401
39.79 210.501
39.8 210.472
39.81 210.133
39.82 210.617
39.83 211.005
39.84 212.019
39.85 212.763
39.86 213.87
39.87 215.005
39.88 215.005
39.89 215.005
39.9 215.005
39.91 215.005
39.92 213.663
39.93 214.773
39.94 211.649
39.95 211.207
39.96 209.501
39.97 209.43
39.98 210.669
39.99 211.728
40 212.603
40.01 213.617
40.02 213.889
40.03 214.238
40.04 214.158
40.05 214.516
40.06 214.846
40.07 215.355
40.08 213.929
40.09 213.387
40.1 212.701
40.11 212.291
40.12 212.019
40.13 212.189
40.14 212.274
40.15 212.815
40.16 213.968
40.17 214.406
40.18 214.736
40.19 214.516
40.2 213.75
40.21 213.75
40.22 210.893
40.23 210.125
40.24 209.146
40.25 207.367
40.26 206.268
40.27 204.377
40.28 202.603
40.29 201.831
40.3 202.294
40.31 202.294
40.32 202.294
40.33 202.294
40.34 189.542
40.35 174.308
40.36 154.737
40.37 154.737
40.38 154.737
40.39 154.737
40.4 0
40.41 213.663
40.42 0
40.43 212.019
40.44 0
40.45 532.609
40.46 580.263
40.47 580.263
40.48 0
40.49 523.442
40.5 0
40.51 0
40.52 0
40.53 0
40.54 0
40.55 0
40.56 0
40.57 0
40.58 0
40.59 0
40.6 0
40.61 0
40.62 0
40.63 0
40.64 0
40.65 0
40.66 68.4783
40.67 68.4783
40.68 68.4783
40.69 0
40.7 68.4783
40.71 0
40.72 0
40.73 0
40.74 0
40.75 0
40.76 0
40.77 0
40.78 0
40.79 0
40.8 290.132
40.81 0
40.82 237.097
40.83 227.32
40.84 204.167
40.85 201.064
40.86 200.82
40.87 210
40.88 214.078
40.89 218.678
40.9 218.678
40.91 218.678
40.92 218.678
40.93 218.678
40.94 218.678
40.95 218.678
40.96 222.727
40.97 227.32
40.98 227.32
40.99 251.33
41 251.24
41.01 250.568
41.02 250.568
41.03 248.062
41.04 248.062
41.05 249.434
41.06 251.712
41.07 251.668
41.08 254.245
41.09 258.092
41.1 258.582
41.11 259.014
41.12 258.618
41.13 259.147
41.14 258.355
41.15 257.567
41.16 256.915
41.17 256.531
41.18 256.136
41.19 257.045
41.2 257.437
41.21 258.254
41.22 258.543
41.23 259.107
41.24 260.024
41.25 260.591
41.26 260.844
41.27 260.828
41.28 261.168
41.29 259.968
41.3 259.412
41.31 257.895
41.32 257.393
41.33 258.651
41.34 254.245
41.35 254.245
41.36 254.245
41.37 253.448
41.38 252.867
41.39 251.712
41.4 251.712
41.41 260.433
41.42 260.433
41.43 260.561
41.44 260.947
41.45 261.168
41.46 260.433
41.47 264.072
41.48 264.072
41.49 275.625
41.5 262.5
41.51 261.462
41.52 265.663
41.53 259.794
41.54 256.893
41.55 257.895
41.56 257.895
41.57 258.11
41.58 256.023
41.59 256.065
41.6 256.023
41.61 254.913
41.62 254.913
41.63 254.913
41.64 263.677
41.65 263.171
41.66 263.171
41.67 264.865
41.68 264.248
41.69 263.846
41.7 259.031
41.71 260.177
41.72 264.468
41.73 262.153
41.74 260.331
41.75 261.721
41.76 261.721
41.77 262.5
41.78 259.848
41.79 259.848
41.8 259.412
41.81 259.412
41.82 245
41.83 250.568
41.84 250.568
41.85 250.568
41.86 250.568
41.87 250.568
41.88 250.568
41.89 250.568
41.9 250.568
41.91 253.448
41.92 259.412
41.93 259.412
41.94 291.667
41.95 294.561
41.96 287.859
41.97 289.814
41.98 297.973
41.99 285.129
42 285.622
42.01 285.622
42.02 285.622
42.03 285.622
42.04 286.985
42.05 294
42.06 283.601
42.07 282.692
42.08 282.692
42.09 282.692
42.1 284.516
42.11 283.419
42.12 283.419
42.13 295.312
42.14 299.321
42.15 268.902
42.16 276.778
42.17 276.778
42.18 276.778
42.19 269.725
42.2 269.725
42.21 269.725
42.22 269.725
42.23 269.725
42.24 262.5
42.25 254.75
42.26 254.75
42.27 250.925
42.28 250.925
42.29 250.925
42.3 250.925
42.31 250.925
42.32 256.694
42.33 256.667
42.34 256.939
42.35 256.644
42.36 256.395
42.37 256.125
42.38 255.8
42.39 255.735
42.4 255.735
42.41 255.735
42.42 255.208
42.43 254.913
42.44 254.913
42.45 254.913
42.46 254.913
42.47 254.913
42.48 0
42.49 89.2197
42.5 89.1166
42.51 88.5542
42.52 87.5869
42.53 87.5869
42.54 86.2826
42.55 86.0717
42.56 85.7067
42.57 85.7309
42.58 85.5978
42.59 85.8645
42.6 85.9649
42.61 86.3014
42.62 87.105
42.63 87.105
42.64 87.105
42.65 87.105
42.66 87.105
42.67 0
42.68 126.103
42.69 0
42.7 84.4828
42.71 84.4828
42.72 84.4828
42.73 0
42.74 36.0687
42.75 36.0687
42.76 36.0687
42.77 0
42.78 125.641
42.79 124.576
42.8 124.576
42.81 0
42.82 130.861
42.83 129.098
42.84 129.098
42.85 0
42.86 0
42.87 0
42.88 241.288
42.89 0
42.9 0
42.91 78.6096
42.92 0
42.93 118.055
42.94 0
42.95 119.109
42.96 0
42.97 0
42.98 118.708
42.99 118.761
43 118.975
43.01 119.261
43.02 118.463
43.03 119
43.04 119.707
43.05 120.245
43.06 120.455
43.07 120.526
43.08 120.193
43.09 119.528
43.1 119.036
43.11 117.537
43.12 117.537
43.13 112.5
43.14 115.084
43.15 119.35
43.16 123.75
43.17 127.562
43.18 130.883
43.19 134.373
43.2 136.321
43.21 139.016
43.22 142.428
43.23 145.804
43.24 147.073
43.25 148.063
43.26 147.816
43.27 147
43.28 146.394
43.29 145.793
43.3 145.134
43.31 144.925
43.32 144.992
43.33 145.449
43.34 145.434
43.35 145.634
43.36 145.848
43.37 145.613
43.38 145.134
43.39 145.066
43.4 144.672
43.41 144.476
43.42 144.432
43.43 144.554
43.44 145.066
43.45 145.434
43.46 145.676
43.47 146.179
43.48 146.512
43.49 147.151
43.5 147.788
43.51 147.739
43.52 146.026
43.53 144.306
43.54 143.389
43.55 143.389
43.56 143.448
43.57 143.351
43.58 143.448
43.59 143.448
43.6 144
43.61 144
43.62 147.59
43.63 147.562
43.64 147.463
43.65 147.463
43.66 147.463
43.67 147.518
43.68 147.695
43.69 147.987
43.7 147.716
43.71 147.492
43.72 147.492
43.73 147.492
43.74 0
43.75 287.609
43.76 288.645
43.77 290.61
43.78 291.311
43.79 293.627
43.8 293.644
43.81 293.755
43.82 294.357
43.83 294.357
43.84 294.357
43.85 294.357
43.86 0
43.87 144.685
43.88 143.298
43.89 143.298
43.9 143.765
43.91 144.485
43.92 145.785
43.93 146.544
43.94 147.054
43.95 147.674
43.96 147.703
43.97 147.987
43.98 147.609
43.99 147.468
44 147.382
44.01 146.694
44.02 145.305
44.03 145.305
44.04 143.57
44.05 143.448
44.06 143.448
44.07 143.828
44.08 144.306
44.09 144.992
44.1 145.491
44.11 146.327
44.12 146.831
44.13 146.831
44.14 146.831
44.15 146.83
44.16 146.535
44.17 145.93
44.18 145.743
44.19 145.305
44.2 144.794
44.21 144.547
44.22 144.748
44.23 146.414
44.24 146.512
44.25 146.86
44.26 147
44.27 146.902
44.28 147.103
44.29 147
44.3 146.915
44.31 146.83
44.32 146.804
44.33 146.486
44.34 146.269
44.35 146.026
44.36 145.763
44.37 145.491
44.38 145.305
44.39 144.432
44.4 144.794
44.41 145.772
44.42 149.323
44.43 150.732
44.44 150.798
44.45 150.615
44.46 150.465
44.47 149.709
44.48 149.661
44.49 149.661
44.5 149.255
44.51 148.819
44.52 148.129
44.53 147.357
44.54 146.755
44.55 145.613
44.56 144.432
44.57 144.828
44.58 146.414
44.59 147.245
44.6 147.716
44.61 147.987
44.62 148.235
44.63 148.077
44.64 148.077
44.65 147.758
44.66 147.562
44.67 147.454
44.68 147.357
44.69 147.196
44.7 147
44.71 146.674
44.72 145.705
44.73 146.25
44.74 146.849
44.75 147
44.76 147
44.77 147.245
44.78 147.414
44.79 147.447
44.8 147.409
44.81 147.599
44.82 147.562
44.83 147.546
44.84 147.615
44.85 147.703
44.86 147.716
44.87 146.609
44.88 146.026
44.89 145.705
44.9 144.865
44.91 144.854
44.92 146.512
44.93 146.869
44.94 147.579
44.95 147.987
44.96 148.185
44.97 148.429
44.98 148.429
44.99 148.086
45 148.086
45.01 148.162
45.02 148.129
45.03 147.896
45.04 147.245
45.05 146.609
45.06 144.919
45.07 144.907
45.08 145.278
45.09 146.467
45.1 147.492
45.11 147.656
45.12 148.439
45.13 148.271
45.14 148.185
45.15 148.053
45.16 147.987
45.17 147.987
45.18 147.91
45.19 147.615
45.2 147.151
45.21 146.804
45.22 145.066
45.23 144.643
45.24 144.045
45.25 143.804
45.26 143.804
45.27 146.35
45.28 147
45.29 147.151
45.3 147.262
45.31 147.109
45.32 146.902
45.33 146.66
45.34 146.49
45.35 146.442
45.36 146.242
45.37 144.919
45.38 144.627
45.39 144.432
45.4 145.888
45.41 145.888
45.42 145.888
45.43 0
45.44 296.126
45.45 296.222
45.46 296.415
45.47 296.287
45.48 296.637
45.49 296.559
45.5 296.827
45.51 296.879
45.52 296.516
45.53 295.432
45.54 294.262
45.55 293.674
45.56 294
45.57 294
45.58 294
45.59 294
45.6 294
45.61 294
45.62 294
45.63 294
45.64 294
45.65 294
45.66 294
45.67 0
45.68 294
45.69 0
45.7 0
45.71 0
45.72 64.8529
45.73 0
45.74 277.358
45.75 277.358
45.76 286.364
45.77 286.364
45.78 286.364
45.79 0
45.8 0
45.81 0
45.82 0
45.83 512.791
45.84 512.791
45.85 512.791
45.86 0
45.87 0
45.88 306.25
45.89 306.25
45.9 306.25
45.91 0
45.92 176.4
45.93 183.75
45.94 183.75
45.95 0
45.96 173.622
45.97 170.49
45.98 171.882
45.99 171.882
46 171.882
46.01 0
46.02 0
46.03 152.069
46.04 161.736
46.05 176.4
46.06 176.4
46.07 176.4
46.08 176.4
46.09 176.4
46.1 176.4
46.11 206.557
46.12 215.648
46.13 212.019
46.14 210.753
46.15 210.753
46.16 210.753
46.17 210.753
46.18 210.753
46.19 210.753
46.2 218.317
46.21 225
46.22 226.541
46.23 225
46.24 225
46.25 223.291
46.26 223.291
46.27 223.291
46.28 223.291
46.29 224.237
46.3 221.053
46.31 215.874
46.32 215.912
46.33 216.176
46.34 215.912
46.35 216.601
46.36 219.622
46.37 221.449
46.38 221.912
46.39 216.708
46.4 216.53
46.41 216.48
46.42 216.601
46.43 216.601
46.44 216.601
46.45 216.601
46.46 216.601
46.47 216.708
46.48 215.648
46.49 216.176
46.5 216.412
46.51 217.394
46.52 217.394
46.53 217.509
46.54 219.185
46.55 220.942
46.56 219.767
46.57 217.957
46.58 215.122
46.59 216.53
46.6 217.241
46.61 217.67
46.62 217.599
46.63 216.784
46.64 216.784
46.65 216.369
46.66 207.042
46.67 204.167
46.68 206.075
46.69 209.75
46.7 211.117
46.71 213.456
46.72 217.599
46.73 221.132
46.74 224.73
46.75 228.497
46.76 233.416
46.77 237.49
46.78 240.625
46.79 242.574
46.8 243.199
46.81 242.975
46.82 241.975
46.83 242.308
46.84 240.837
46.85 243.377
46.86 244.321
46.87 243.957
46.88 245.195
46.89 245.195
46.9 245.455
46.91 245.994
46.92 246.216
46.93 245.682
46.94 240.984
46.95 239.241
46.96 237.462
46.97 236.009
46.98 238.701
46.99 239.385
47 241.512
47.01 242.574
47.02 242.55
47.03 242.308
47.04 243.916
47.05 244.66
47.06 244.66
47.07 244.66
47.08 244.66
47.09 244.66
47.1 244.66
47.11 0
47.12 79.5455
47.13 0
47.14 121.214
47.15 0
47.16 0
47.17 0
47.18 80.6707
47.19 0
47.2 242.752
47.21 0
47.22 80.1818
47.23 80.1818
47.24 80.6707
47.25 80.6707
47.26 81.3224
47.27 81.4029
47.28 81.3653
47.29 81.2321
47.3 80.6052
47.31 80.6052
47.32 80.6052
47.33 79.7949
47.34 79.7949
47.35 79.7949
47.36 79.7949
47.37 0
47.38 259.951
47.39 0
47.4 262.203
47.41 263.318
47.42 264.937
47.43 265.815
47.44 265.082
47.45 264.298
47.46 263.896
47.47 263.896
47.48 263.914
47.49 264.823
47.5 265.326
47.51 265.158
47.52 265.227
47.53 265.808
47.54 265.968
47.55 265.93
47.56 265.13
47.57 265.158
47.58 264.6
47.59 264.27
47.6 264.177
47.61 264.298
47.62 264.216
47.63 264.706
47.64 264.706
47.65 264.706
47.66 265.237
47.67 265.206
47.68 264.194
47.69 264.177
47.7 263.126
47.71 261.635
47.72 260.541
47.73 260.726
47.74 260.14
47.75 260.526
47.76 260.873
47.77 262.054
47.78 262.054
47.79 263.598
47.8 264.706
47.81 265.663
47.82 265.851
47.83 265.663
47.84 265.13
47.85 264.072
47.86 263.126
47.87 262.695
47.88 261.669
47.89 261.669
47.9 262.084
47.91 263.979
47.92 264.27
47.93 264.554
47.94 265.246
47.95 266.246
47.96 267.042
47.97 267.273
47.98 266.888
47.99 265.815
48 264.937
48.01 263.846
48.02 262.798
48.03 262.772
48.04 262.636
48.05 262.772
48.06 263.022
48.07 263.591
48.08 264.468
48.09 264.937
48.1 265.663
48.11 266.465
48.12 266.392
48.13 266.392
48.14 265.831
48.15 265.663
48.16 265.385
48.17 265.246
48.18 265.054
48.19 265.206
48.2 265.663
48.21 265.968
48.22 266.427
48.23 266.626
48.24 266.888
48.25 266.246
48.26 265.385
48.27 265.385
48.28 262.075
48.29 257.895
48.3 259.005
48.31 258.868
48.32 265.042
48.33 273.11
48.34 273.11
48.35 281.489
48.36 281.931
48.37 284.041
48.38 286.116
48.39 289.395
48.4 290.749
48.41 291.117
48.42 290.459
48.43 290.023
48.44 289.418
48.45 288.991
48.46 288.235
48.47 287.832
48.48 287.331
48.49 287.141
48.5 285.951
48.51 285.879
48.52 285.194
48.53 284.84
48.54 283.732
48.55 282.363
48.56 280.445
48.57 277.708
48.58 271.107
48.59 271.107
48.6 269.313
48.61 271.835
48.62 271.917
48.63 272.583
48.64 274.378
48.65 277.358
48.66 273.913
48.67 273.913
48.68 273.913
48.69 273.913
48.7 273.913
48.71 273.913
48.72 273.913
48.73 273.913
48.74 270.552
48.75 270.552
48.76 270.552
48.77 261.876
48.78 261.876
48.79 261.876
48.8 262.947
48.81 263.284
48.82 263.546
48.83 262.813
48.84 261.721
48.85 263.196
48.86 263.196
48.87 264.926
48.88 265.263
48.89 264.991
48.9 264.6
48.91 264.6
48.92 263.914
48.93 247.753
48.94 247.753
48.95 255.652
48.96 263.396
48.97 263.396
48.98 263.396
48.99 271.309
49 271.309
49.01 271.309
49.02 271.309
49.03 278.409
49.04 282.24
49.05 287.109
49.06 291.089
49.07 289.979
49.08 289.218
49.09 288.962
49.1 288.407
49.11 288.392
49.12 288.064
49.13 288.146
49.14 288.334
49.15 287.938
49.16 288.136
49.17 287.682
49.18 286.985
49.19 286.364
49.2 285.622
49.21 285.334
49.22 284.976
49.23 285.057
49.24 285.305
49.25 285.437
49.26 285.334
49.27 285.206
49.28 284.408
49.29 283.187
49.3 282.883
49.31 282.24
49.32 279.822
49.33 277.941
49.34 276.2
49.35 273.724
49.36 269.45
49.37 260.433
49.38 258.499
49.39 257.518
49.4 257.593
49.41 258.398
49.42 258.398
49.43 262.5
49.44 262.5
49.45 261.283
49.46 259.63
49.47 259.968
49.48 260.269
49.49 260.21
49.5 260.612
49.51 260.947
49.52 260.844
49.53 261.389
49.54 261.61
49.55 261.933
49.56 261.807
49.57 261.807
49.58 260.638
49.59 258.272
49.6 258.272
49.61 251.712
49.62 248.684
49.63 247.405
49.64 245.682
49.65 246.172
49.66 246.172
49.67 245.42
49.68 245.911
49.69 245.911
49.7 242.308
49.71 242.308
49.72 240.545
49.73 239.804
49.74 239.674
49.75 239.674
49.76 239.674
49.77 0
49.78 0
49.79 120.117
49.8 120.273
49.81 120.41
49.82 120.712
49.83 120.822
49.84 121.44
49.85 121.462
49.86 123.108
49.87 123.795
49.88 124.249
49.89 131.25
49.9 141.346
49.91 141.953
49.92 140.148
49.93 138.804
49.94 138.971
49.95 136.617
49.96 136.617
49.97 136.617
49.98 135.138
49.99 135.138
50 135.138
50.01 135.138
50.02 135.138
50.03 0
50.04 263.721
50.05 0
50.06 132.135
50.07 0
50.08 0
50.09 132.831
50.1 0
50.11 0
50.12 0
50.13 53.0686
50.14 0
50.15 0
50.16 0
50.17 0
50.18 0
50.19 0
50.2 0
50.21 131.38
50.22 131.38
50.23 131.38
50.24 0
50.25 262.5
50.26 262.316
50.27 262.316
50.28 0
50.29 130.088
50.3 130.088
50.31 130.473
50.32 130.473
50.33 130.319
50.34 130.319
50.35 130.319
50.36 130.319
50.37 130.319
50.38 0
50.39 130.904
50.4 130.861
50.41 130.886
50.42 130.046
50.43 129.924
50.44 130.295
50.45 130.236
50.46 129.876
50.47 129.876
50.48 130.302
50.49 130.302
50.5 130.473
50.51 131.25
50.52 130.473
50.53 132.036
50.54 136.957
50.55 136.111
50.56 137.383
50.57 136.392
50.58 134.862
50.59 133.269
50.6 132.955
50.61 132.717
50.62 132.234
50.63 132.234
50.64 132.234
50.65 130.764
50.66 130.319
50.67 130.123
50.68 130.473
50.69 130.473
50.7 131.25
50.71 131.616
50.72 131.72
50.73 131.72
50.74 131.495
50.75 131.108
50.76 131.108
50.77 131.315
50.78 131.25
50.79 131.25
50.8 131.315
50.81 131.386
50.82 131.659
50.83 131.97
50.84 132.208
50.85 132.623
50.86 132.898
50.87 133.11
50.88 133.233
50.89 133.166
50.9 133.25
50.91 133.166
50.92 133.099
50.93 132.971
50.94 132.898
50.95 132.765
50.96 132.762
50.97 132.713
50.98 132.831
50.99 132.904
51 132.692
51.01 132.484
51.02 132.3
51.03 132.324
51.04 130.592
51.05 128.543
51.06 126.157
51.07 123.217
51.08 121.823
51.09 120.739
51.1 118.548
51.11 116.948
51.12 114.101
51.13 112.5
51.14 109.884
51.15 109.158
51.16 109.158
51.17 109.158
51.18 109.158
51.19 0
51.2 0
51.21 0
51.22 247.753
51.23 245
51.24 236.461
51.25 235.577
51.26 234.991
51.27 234.908
51.28 234.908
51.29 234.908
51.3 234.908
51.31 235.075
51.32 235.075
51.33 237.736
51.34 238.981
51.35 240.545
51.36 241.247
51.37 240.109
51.38 239.201
51.39 239.674
51.4 237.48
51.41 238.18
51.42 239.474
51.43 240.14
51.44 241.066
51.45 242.403
51.46 242.924
51.47 243.957
51.48 243.957
51.49 246.025
51.5 245
51.51 245
51.52 245
51.53 242.012
51.54 242.012
51.55 0
51.56 241.675
51.57 241.695
51.58 241.695
51.59 0
51.6 121.778
51.61 121.823
51.62 121.823
51.63 120.218
51.64 120.218
51.65 0
51.66 239.674
51.67 239.674
51.68 239.544
51.69 239.674
51.7 240.499
51.71 240.852
51.72 241.13
51.73 241.372
51.74 241.928
51.75 241.216
51.76 240.819
51.77 241.372
51.78 242.012
51.79 242.621
51.8 242.588
51.81 242.588
51.82 242.588
51.83 242.216
51.84 242.574
51.85 242.729
51.86 242.141
51.87 241.172
51.88 241.172
51.89 242.784
51.9 242.028
51.91 243.015
51.92 243.015
51.93 242.841
51.94 242.396
51.95 243.646
51.96 242.464
51.97 242.086
51.98 241.584
51.99 240.721
52 242.975
52.01 242.308
52.02 241.825
52.03 242.103
52.04 241.833
52.05 242.103
52.06 242.103
52.07 242.498
52.08 242.308
52.09 242.175
52.1 242.474
52.11 241.644
52.12 241.512
52.13 241.975
52.14 243.646
52.15 242.308
52.16 246.369
52.17 277.941
52.18 327.881
52.19 327.881
52.2 275.625
52.21 290.132
52.22 262.5
52.23 262.5
52.24 262.5
52.25 262.5
52.26 262.5
52.27 0
52.28 708.028
52.29 708.028
52.3 703.723
52.31 694.488
52.32 703.723
52.33 711.29
52.34 711.29
52.35 711.29
52.36 711.29
52.37 711.29
52.38 0
52.39 0
52.4 0
52.41 117.678
52.42 0
52.43 191.739
52.44 193.421
52.45 193.421
52.46 0
52.47 99.1754
52.48 99.3243
52.49 99.3243
52.5 0
52.51 0
52.52 160.949
52.53 168.321
52.54 180.738
52.55 184.006
52.56 188.26
52.57 199.419
52.58 201.831
52.59 201.831
52.6 201.831
52.61 201.831
52.62 201.831
52.63 206.557
52.64 212.603
52.65 214.494
52.66 215.648
52.67 215.573
52.68 215.472
52.69 216.176
52.7 217.599
52.71 219.247
52.72 220.185
52.73 220.087
52.74 220.087
52.75 220.647
52.76 220.331
52.77 220.331
52.78 220.5
52.79 219.872
52.8 219.185
52.81 217.778
52.82 215.912
52.83 216.176
52.84 216.648
52.85 216.814
52.86 215.941
52.87 218.699
52.88 221.608
52.89 219.45
52.9 219.351
52.91 219.676
52.92 219.267
52.93 219.267
52.94 216.575
52.95 215.723
52.96 215.122
52.97 214.972
52.98 216.784
52.99 218.101
53 219.185
53.01 219.622
53.02 219.701
53.03 219.319
53.04 219.185
53.05 218.919
53.06 218.887
53.07 218.887
53.08 219.116
53.09 218.317
53.1 219.116
53.11 219.403
53.12 220.362
53.13 220.815
53.14 220.647
53.15 219.487
53.16 216.601
53.17 216.601
53.18 200.455
53.19 202.294
53.2 206.627
53.21 210.669
53.22 216.353
53.23 219.403
53.24 231.409
53.25 225
53.26 227.789
53.27 231.873
53.28 235.29
53.29 237.097
53.3 238.446
53.31 238.311
53.32 238.027
53.33 237.462
53.34 237.097
53.35 237.097
53.36 236.161
53.37 238.446
53.38 238.311
53.39 240.545
53.4 239.529
53.41 239.529
53.42 240.047
53.43 239.874
53.44 240.984
53.45 240.984
53.46 238.782
53.47 238.782
53.48 239.474
53.49 239.437
53.5 240.864
53.51 241.331
53.52 242.103
53.53 239.674
53.54 239.674
53.55 241.512
53.56 240.776
53.57 240.776
53.58 239.964
53.59 236.25
53.6 239.848
53.61 240.109
53.62 238.854
53.63 238.854
53.64 238.854
53.65 241.57
53.66 244.457
53.67 243.143
53.68 241.839
53.69 240
53.7 248.311
53.71 248.311
53.72 241.463
53.73 241.549
53.74 241.675
53.75 241.928
53.76 242.054
53.77 241.216
53.78 242.028
53.79 242.028
53.8 244.096
53.81 227.32
53.82 226.154
53.83 229.688
53.84 233.025
53.85 233.025
53.86 241.085
53.87 245.17
53.88 248.34
53.89 249.892
53.9 252.817
53.91 257.393
53.92 259.895
53.93 262.695
53.94 264.072
53.95 265.082
53.96 264.953
53.97 264.072
53.98 262.5
53.99 261.256
54 262.636
54.01 263.707
54.02 264.388
54.03 266.327
54.04 265.396
54.05 265.663
54.06 265.769
54.07 265.663
54.08 265.385
54.09 264.969
54.1 264.489
54.11 263.979
54.12 263.896
54.13 263.325
54.14 263.252
54.15 263.546
54.16 263.729
54.17 264.725
54.18 265.183
54.19 265.372
54.2 265.227
54.21 265.343
54.22 265.475
54.23 265.663
54.24 265.93
54.25 266.019
54.26 265.663
54.27 263.641
54.28 263.455
54.29 263.63
54.3 263.94
54.31 264.204
54.32 264.6
54.33 264.83
54.34 264.769
54.35 264.262
54.36 263.94
54.37 263.677
54.38 263.809
54.39 263.95
54.4 264.072
54.41 264.072
54.42 263.914
54.43 264.275
54.44 264.479
54.45 264.865
54.46 265.663
54.47 265.544
54.48 265.54
54.49 265.13
54.5 264.692
54.51 264.997
54.52 264.865
54.53 265.107
54.54 265.107
54.55 265.189
54.56 265.279
54.57 265.769
54.58 265.983
54.59 265.791
54.6 265.954
54.61 266.051
54.62 266.105
54.63 265.796
54.64 265.263
54.65 264.83
54.66 264.468
54.67 264.865
54.68 264.969
54.69 264.997
54.7 265.107
54.71 264.83
54.72 265.263
54.73 265.385
54.74 265.246
54.75 265.663
54.76 265.524
54.77 265.524
54.78 265.206
54.79 265.307
54.8 265.263
54.81 264.681
54.82 264.706
54.83 265.263
54.84 265.663
54.85 265.983
54.86 265.396
54.87 266.868
54.88 267.093
54.89 267.003
54.9 266.949
54.91 266.418
54.92 266.626
54.93 266.64
54.94 266.58
54.95 266.246
54.96 265.954
54.97 265.93
54.98 265.663
54.99 265.791
55 265.663
55.01 265.791
55.02 265.663
55.03 265.524
55.04 265.396
55.05 265.263
55.06 265.263
55.07 264.732
55.08 264.278
55.09 264.692
55.1 264.6
55.11 264.554
55.12 264.147
55.13 264.937
55.14 265.663
55.15 266.36
55.16 266.734
55.17 265.663
55.18 266.063
55.19 265.93
55.2 266.121
55.21 266.156
55.22 266.121
55.23 266.121
55.24 266.156
55.25 265.663
55.26 266.121
55.27 266.465
55.28 265.358
55.29 264.732
55.3 264.865
55.31 265.13
55.32 265.152
55.33 265.823
55.34 269.843
55.35 268.176
55.36 268.357
55.37 267.381
55.38 267.177
55.39 266.304
55.4 266.081
55.41 265.524
55.42 265.107
55.43 264.388
55.44 264.489
55.45 263.793
55.46 263.846
55.47 264.216
55.48 264.388
55.49 264.298
55.5 264.793
55.51 265.54
55.52 265.559
55.53 265.968
55.54 266.063
55.55 265.891
55.56 265.663
55.57 264.681
55.58 264.6
55.59 264.6
55.6 264.706
55.61 264.706
55.62 264.6
55.63 264.6
55.64 264.072
55.65 264.706
55.66 264.953
55.67 264.953
55.68 265.263
55.69 265.263
55.7 265.13
55.71 265.227
55.72 265.246
55.73 265.294
55.74 265.082
55.75 265.082
55.76 264.692
55.77 264.769
55.78 264.6
55.79 264.642
55.8 264.769
55.81 264.36
55.82 264.449
55.83 264.912
55.84 265.434
55.85 265.663
55.86 265.663
55.87 264.706
55.88 263.396
55.89 264.147
55.9 263.546
55.91 263.212
55.92 263.181
55.93 263.284
55.94 263.809
55.95 264.692
55.96 265.13
55.97 265.396
55.98 265.524
55.99 265.663
56 265.663
56.01 265.968
56.02 266.392
56.03 265.815
56.04 265.815
56.05 265.372
56.06 265.054
56.07 265.054
56.08 265.663
56.09 265.663
56.1 265.358
56.11 265.93
56.12 265.385
56.13 265.263
56.14 265.246
56.15 265.663
56.16 265.663
56.17 265.263
56.18 265.663
56.19 265.891
56.2 264.524
56.21 264.437
56.22 264.865
56.23 264.298
56.24 264.6
56.25 264.648
56.26 264.804
56.27 265.206
56.28 265.002
56.29 265.206
56.3 265.294
56.31 265.529
56.32 265.524
56.33 265.054
56.34 265.206
56.35 265.263
56.36 265.246
56.37 265.396
56.38 265.941
56.39 266.197
56.4 266.197
56.41 266.36
56.42 266.734
56.43 267.003
56.44 267.202
56.45 266.868
56.46 267.003
56.47 266.64
56.48 265.663
56.49 265.529
56.5 265.524
56.51 265.663
56.52 266.063
56.53 266.081
56.54 265.417
56.55 265.396
56.56 266.121
56.57 268.308
56.58 268.668
56.59 269.482
56.6 269.595
56.61 269.65
56.62 270.055
56.63 270.184
56.64 271.329
56.65 270.184
56.66 270.138
56.67 269.661
56.68 268.575
56.69 267.093
56.7 266.58
56.71 267.042
56.72 266.465
56.73 265.663
56.74 265.663
56.75 248.451
56.76 222.727
56.77 222.727
56.78 263.126
56.79 264.072
56.8 263.237
56.81 262.5
56.82 259.921
56.83 266.868
56.84 267.453
56.85 265.663
56.86 253.448
56.87 259.412
56.88 264.388
56.89 265.663
56.9 266.121
56.91 265.024
56.92 265.024
56.93 262.5
56.94 262.5
56.95 266.304
56.96 266.734
56.97 268.902
56.98 268.902
56.99 268.902
57 268.902
57.01 268.902
57.02 268.902
57.03 268.902
57.04 266.734
57.05 266.734
57.06 266.734
57.07 266.734
57.08 266.734
57.09 0
57.1 0
57.11 0
57.12 133.636
57.13 132.831
57.14 132.831
57.15 0
57.16 537.805
57.17 531.325
57.18 551.25
57.19 551.25
57.2 551.25
57.21 0
57.22 0
57.23 52.7512
57.24 52.7512
57.25 52.7512
57.26 0
57.27 24.2841
57.28 25.5208
57.29 24.8311
57.3 24.8311
57.31 25.5208
57.32 25.5208
57.33 25.5208
57.34 25.5208
57.35 25.5208
57.36 0
57.37 25.2288
57.38 0
57.39 0
57.4 25.1139
57.41 24.7614
57.42 24.7614
57.43 24.7614
57.44 24.7197
57.45 24.7197
57.46 24.7197
57.47 0
57.48 0
57.49 0
57.5 0
57.51 0
57.52 0
57.53 0
57.54 0
57.55 0
57.56 0
57.57 0
57.58 0
57.59 0
57.6 0
57.61 0
57.62 0
57.63 0
57.64 0
57.65 0
57.66 0
57.67 0
57.68 16.4552
57.69 0
57.7 0
57.71 0
57.72 0
57.73 0
57.74 0
57.75 0
57.76 0
57.77 0
57.78 0
57.79 0
57.8 0
57.81 0
57.82 0
57.83 0
57.84 0
57.85 0
57.86 0
57.87 0
57.88 0
57.89 0
57.9 0
57.91 0
57.92 0
57.93 0
57.94 0
57.95 0
57.96 0
57.97 0
57.98 25.4032
57.99 25.4032
58 25.4032
58.01 25.4032
58.02 25.4032
58.03 25.4032
58.04 25.4032
58.05 25.4032
58.06 25.4032
58.07 0
58.08 0
58.09 0
58.1 0
58.11 0
58.12 0
58.13 0
58.14 0
58.15 0
58.16 0
58.17 0
58.18 0
58.19 0
58.2 0
58.21 0
58.22 0
58.23 0
58.24 0
58.25 0
58.26 0
58.27 0
58.28 0
58.29 0
58.3 0
58.31 0
58.32 0
58.33 0
58.34 0
58.35 0
58.36 0
58.37 0
58.38 0
58.39 0
58.4 0
58.41 0
58.42 0
58.43 0
58.44 0
58.45 0
58.46 0
58.47 0
58.48 0
58.49 0
58.5 0
58.51 0
58.52 0
58.53 0
58.54 0
58.55 0
58.56 0
58.57 0
58.58 0
58.59 0
58.6 0
58.61 0
58.62 0
58.63 0
58.64 0
58.65 0
58.66 0
58.67 0
58.68 0
58.69 0
58.7 0
58.71 0
58.72 0
58.73 0
58.74 0
58.75 0
58.76 0
58.77 0
58.78 0
58.79 0
58.8 0
58.81 0
58.82 0
58.83 0
58.84 0
58.85 0
58.86 0
58.87 0
58.88 0
58.89 0
58.9 0
58.91 0
58.92 0
58.93 0
58.94 0
58.95 0
58.96 0
58.97 0
58.98 0
58.99 0
59 0
59.01 0
59.02 0
59.03 0
59.04 0
59.05 0
59.06 0
59.07 0
59.08 0
59.09 0
59.1 0
59.11 0
59.12 0
59.13 0
59.14 0
59.15 0
59.16 0
59.17 0
59.18 0
59.19 0
59.2 0
59.21 0
59.22 0
59.23 0
59.24 0
59.25 0
59.26 0
59.27 0
59.28 0
59.29 0
59.3 0
59.31 0
59.32 0
59.33 0
59.34 0
59.35 0
59.36 0
59.37 0
59.38 0
59.39 0
59.4 0
59.41 0
59.42 0
59.43 0
59.44 0
59.45 0
59.46 0
59.47 0
59.48 0
59.49 0
59.5 0
59.51 0
59.52 0
59.53 0
59.54 0
59.55 0
59.56 0
59.57 0
59.58 0
59.59 0
59.6 0
59.61 0
59.62 0
59.63 0
59.64 0
59.65 0
59.66 0
59.67 0
59.68 0
59.69 0
59.7 0
59.71 0
59.72 0
59.73 0
59.74 0
59.75 0
59.76 0
59.77 0
59.78 0
59.79 0
59.8 0
59.81 0
59.82 0
59.83 0
59.84 0
59.85 0
59.86 0
59.87 0
59.88 0
59.89 0
59.9 0
59.91 0
59.92 0
59.93 0
59.94 0
59.95 0
59.96 0
59.97 0
59.98 0
59.99 0
60 0
60.01 0
60.02 0
60.03 0
60.04 0
60.05 0
60.06 0
60.07 0
60.08 0
60.09 0
60.1 0
60.11 0
60.12 0
60.13 0
