0.00 0.00
1.00 0.00
2.00 0.00
3.00 0.00
4.00 0.00
5.00 0.00
6.00 0.00
7.00 0.00
8.00 0.00
9.00 0.00
10.00 0.00
11.00 0.00
12.00 0.00
13.00 0.00
14.00 0.00
15.00 0.00
16.00 0.00
17.00 0.00
18.00 0.00
19.00 0.00
20.00 0.00
21.00 0.00
22.00 0.00
23.00 0.00
24.00 0.00
25.00 0.00
26.00 0.00
27.00 0.00
28.00 0.00
29.00 0.00
30.00 0.00
31.00 0.00
32.00 0.00
33.00 0.00
34.00 17.42
35.00 4.75
36.00 2.82
37.00 1.29
38.00 0.45
39.00 0.44
40.00 0.57
41.00 0.61
42.00 0.70
43.00 0.44
44.00 0.42
45.00 0.16
46.00 0.22
47.00 0.10
48.00 0.05
49.00 0.32
50.00 0.51
51.00 0.87
52.00 0.55
53.00 1.34
54.00 0.09
55.00 0.49
56.00 0.55
57.00 0.85
58.00 1.08
59.00 1.22
60.00 1.19
61.00 1.37
62.00 0.94
63.00 3.61
64.00 2.43
65.00 4.59
66.00 5.89
67.00 3.42
68.00 1.62
69.00 0.30
70.00 0.10
71.00 0.19
72.00 0.52
73.00 0.34
74.00 0.30
75.00 0.34
76.00 0.12
77.00 0.14
78.00 1.18
79.00 1.36
80.00 2.85
81.00 0.93
82.00 0.14
83.00 0.10
84.00 0.22
85.00 0.11
86.00 0.28
87.00 0.31
88.00 0.19
89.00 0.22
90.00 0.15
91.00 0.89
92.00 0.29
93.00 0.51
94.00 0.13
95.00 0.19
96.00 0.12
97.00 0.89
98.00 0.74
99.00 0.05
100.00 0.07
101.00 0.23
102.00 0.10
103.00 0.28
104.00 0.37
105.00 0.27
106.00 0.05
107.00 0.26
108.00 0.14
109.00 0.29
110.00 0.41
111.00 0.48
112.00 0.46
113.00 0.85
114.00 0.61
115.00 0.31
116.00 1.42
117.00 3.23
118.00 2.53
119.00 1.80
120.00 0.49
121.00 0.60
122.00 0.24
123.00 0.54
124.00 0.49
125.00 0.52
126.00 0.44
127.00 0.53
128.00 0.17
129.00 0.37
130.00 0.08
131.00 0.34
132.00 0.33
133.00 0.44
134.00 0.82
135.00 0.12
136.00 0.68
137.00 0.01
138.00 0.29
139.00 0.85
140.00 0.96
141.00 0.69
142.00 0.70
143.00 1.22
144.00 0.70
145.00 0.17
146.00 0.27
147.00 0.65
148.00 0.69
149.00 1.11
150.00 0.41
151.00 0.77
152.00 0.27
153.00 0.24
154.00 0.25
155.00 0.32
156.00 0.24
157.00 0.37
158.00 0.64
159.00 0.32
160.00 0.92
161.00 0.56
162.00 0.15
163.00 1.95
164.00 1.95
165.00 2.43
166.00 1.13
167.00 3.61
168.00 16.19
169.00 57.76
170.00 19.70
171.00 0.42
172.00 0.58
173.00 0.15
174.00 0.31
175.00 0.74
176.00 1.13
177.00 0.75
178.00 0.64
179.00 0.70
180.00 1.42
181.00 1.15
182.00 1.02
183.00 0.63
184.00 0.93
185.00 0.73
186.00 1.61
187.00 1.32
188.00 0.86
189.00 0.70
190.00 0.72
191.00 1.04
192.00 0.74
193.00 0.49
194.00 0.11
195.00 0.29
196.00 0.18
197.00 0.56
198.00 1.00
199.00 0.98
200.00 1.22
201.00 1.04
202.00 0.76
203.00 0.74
204.00 0.25
205.00 0.14
206.00 0.56
207.00 0.74
208.00 0.90
209.00 0.28
210.00 0.54
211.00 0.15
212.00 0.20
213.00 0.18
214.00 0.05
215.00 0.42
216.00 0.27
217.00 0.62
218.00 0.66
219.00 0.08
220.00 0.11
221.00 0.71
222.00 0.64
223.00 0.30
224.00 0.70
225.00 0.72
226.00 1.74
227.00 0.16
228.00 0.14
229.00 0.36
230.00 0.42
231.00 0.52
232.00 0.13
233.00 0.29
234.00 0.19
235.00 0.44
236.00 0.30
237.00 0.36
238.00 0.42
239.00 0.88
240.00 0.72
241.00 1.06
242.00 0.47
243.00 0.54
244.00 1.72
245.00 0.87
246.00 1.57
247.00 2.23
248.00 1.11
249.00 1.05
250.00 0.94
251.00 0.35
252.00 2.49
253.00 3.14
254.00 0.89
255.00 0.24
256.00 1.24
257.00 0.97
258.00 0.68
259.00 0.27
260.00 0.16
261.00 0.29
262.00 1.67
263.00 0.74
264.00 0.14
265.00 0.23
266.00 0.30
267.00 0.08
268.00 0.13
269.00 0.13
270.00 0.45
271.00 0.41
272.00 0.08
273.00 0.71
274.00 0.60
275.00 0.15
276.00 0.39
277.00 0.30
278.00 0.39
279.00 0.61
280.00 0.42
281.00 0.10
282.00 0.03
283.00 0.29
284.00 0.42
285.00 0.12
286.00 0.05
287.00 0.31
288.00 0.32
289.00 0.20
290.00 0.86
291.00 0.53
292.00 0.40
293.00 0.35
294.00 0.22
295.00 0.36
296.00 0.25
297.00 0.41
298.00 0.43
299.00 0.12
300.00 0.12
301.00 0.05
302.00 0.24
303.00 0.07
304.00 0.19
305.00 0.46
306.00 0.84
307.00 0.60
308.00 0.48
309.00 0.24
310.00 0.66
311.00 0.56
312.00 0.76
313.00 0.57
314.00 0.88
315.00 0.91
316.00 3.25
317.00 1.51
318.00 1.48
319.00 2.86
320.00 27.83
321.00 25.83
322.00 27.07
323.00 26.30
324.00 26.26
325.00 0.00
326.00 46.40
327.00 46.85
328.00 0.00
329.00 0.00
330.00 44.88
331.00 0.00
332.00 23.87
333.00 23.50
334.00 0.00
335.00 23.04
336.00 22.59
337.00 22.66
338.00 20.47
339.00 17.86
340.00 17.82
341.00 21.27
342.00 10.35
343.00 6.02
344.00 1.23
345.00 4.74
346.00 1.64
347.00 2.14
348.00 2.27
349.00 1.00
350.00 0.89
351.00 0.46
352.00 0.52
353.00 0.28
354.00 0.17
355.00 0.23
356.00 0.62
357.00 0.44
358.00 0.34
359.00 1.23
360.00 0.63
361.00 0.60
362.00 0.39
363.00 0.87
364.00 1.43
365.00 0.49
366.00 0.33
367.00 0.29
368.00 0.65
369.00 0.67
370.00 0.29
371.00 0.57
372.00 0.61
373.00 0.64
374.00 0.90
375.00 0.36
376.00 0.21
377.00 0.13
378.00 0.44
379.00 0.38
380.00 0.36
381.00 0.54
382.00 0.23
383.00 0.61
384.00 0.09
385.00 0.23
386.00 0.52
387.00 0.78
388.00 0.54
389.00 0.36
390.00 0.84
391.00 0.17
392.00 0.25
393.00 0.19
394.00 0.07
395.00 0.44
396.00 1.10
397.00 0.41
398.00 0.71
399.00 0.11
400.00 0.25
401.00 0.47
402.00 0.29
403.00 0.94
404.00 1.42
405.00 0.62
406.00 2.19
407.00 1.16
408.00 27.00
409.00 26.60
410.00 22.39
411.00 26.96
412.00 26.37
413.00 0.00
414.00 0.00
415.00 0.00
416.00 23.72
417.00 24.35
418.00 25.29
419.00 25.71
420.00 0.00
421.00 0.00
422.00 0.00
423.00 0.00
424.00 0.00
425.00 0.00
426.00 0.00
427.00 0.00
428.00 27.26
429.00 0.00
430.00 22.84
431.00 1.05
432.00 32.87
433.00 2.79
434.00 2.75
435.00 1.94
436.00 0.73
437.00 0.35
438.00 0.13
439.00 0.94
440.00 0.10
441.00 0.31
442.00 0.97
443.00 0.85
444.00 0.62
445.00 25.22
446.00 26.59
447.00 25.36
448.00 26.58
449.00 25.67
450.00 26.22
451.00 25.69
452.00 25.40
453.00 26.18
454.00 0.90
455.00 0.64
456.00 0.24
457.00 0.37
458.00 25.06
459.00 25.54
460.00 25.72
461.00 26.92
462.00 25.93
463.00 25.38
464.00 24.83
465.00 1.73
466.00 0.49
467.00 0.19
468.00 0.46
469.00 0.74
470.00 0.12
471.00 0.31
472.00 0.27
473.00 0.83
474.00 0.18
475.00 0.50
476.00 0.45
477.00 0.33
478.00 0.39
479.00 0.33
480.00 0.19
481.00 0.27
482.00 0.32
483.00 0.82
484.00 0.85
485.00 0.20
486.00 0.14
487.00 0.05
488.00 0.17
489.00 0.31
490.00 0.17
491.00 0.45
492.00 0.43
493.00 0.21
494.00 0.54
495.00 0.50
496.00 0.12
497.00 0.36
498.00 0.77
499.00 0.29
500.00 0.16
501.00 0.20
502.00 0.33
503.00 0.28
504.00 0.56
505.00 0.91
506.00 0.45
507.00 0.10
508.00 1.58
509.00 1.38
510.00 0.37
511.00 0.52
512.00 2.10
513.00 2.07
514.00 0.49
515.00 0.81
516.00 1.87
517.00 0.81
518.00 0.49
519.00 0.40
520.00 0.80
521.00 1.04
522.00 0.83
523.00 0.05
524.00 0.73
525.00 0.09
526.00 0.15
527.00 0.31
528.00 0.14
529.00 0.48
530.00 0.18
531.00 0.04
532.00 0.25
533.00 0.50
534.00 0.25
535.00 0.42
536.00 0.20
537.00 0.24
538.00 0.21
539.00 0.10
540.00 0.54
541.00 0.35
542.00 0.29
543.00 0.21
544.00 0.20
545.00 0.77
546.00 0.13
547.00 3.84
548.00 230.91
549.00 188.20
550.00 2.38
551.00 2.29
552.00 1.98
553.00 1.42
554.00 1.14
555.00 0.85
556.00 0.37
557.00 0.54
558.00 1.21
559.00 0.97
560.00 0.72
561.00 0.80
562.00 0.27
563.00 0.12
564.00 0.15
565.00 0.10
566.00 1.16
567.00 0.44
568.00 0.11
569.00 0.10
570.00 0.57
571.00 0.04
572.00 0.11
573.00 0.89
574.00 0.23
575.00 0.27
576.00 0.42
577.00 0.15
578.00 0.30
579.00 0.24
580.00 0.17
581.00 0.66
582.00 0.84
583.00 0.80
584.00 1.78
585.00 1.59
586.00 1.81
587.00 8.68
588.00 5.98
589.00 14.38
590.00 21.03
591.00 4.80
592.00 1.57
593.00 2.37
594.00 0.95
595.00 0.22
596.00 0.48
597.00 0.44
598.00 1.34
599.00 0.82
600.00 0.05
601.00 0.19
602.00 0.41
603.00 0.29
604.00 0.61
605.00 0.37
606.00 0.12
607.00 0.30
608.00 0.09
609.00 0.20
610.00 0.77
611.00 1.19
612.00 1.21
613.00 0.43
614.00 0.26
615.00 0.55
616.00 1.07
617.00 0.65
618.00 0.89
619.00 0.53
620.00 0.32
621.00 0.52
622.00 0.29
623.00 0.28
624.00 0.17
625.00 0.58
626.00 1.18
627.00 0.17
628.00 0.66
629.00 0.24
630.00 0.78
631.00 0.24
632.00 1.76
633.00 0.28
634.00 0.10
635.00 0.77
636.00 0.13
637.00 0.46
638.00 0.70
639.00 0.38
640.00 0.11
641.00 0.12
642.00 0.22
643.00 0.70
644.00 0.04
645.00 0.49
646.00 0.92
647.00 0.67
648.00 0.28
649.00 0.34
650.00 0.01
651.00 0.51
652.00 0.44
653.00 0.79
654.00 0.89
655.00 1.74
656.00 0.30
657.00 0.53
658.00 0.36
659.00 0.23
660.00 0.73
661.00 0.61
662.00 0.67
663.00 0.16
664.00 0.51
665.00 1.38
666.00 0.45
667.00 0.90
668.00 0.96
669.00 0.42
670.00 0.38
671.00 1.75
672.00 1.72
673.00 0.06
674.00 1.12
675.00 1.14
676.00 0.40
677.00 0.73
678.00 0.42
679.00 0.14
680.00 0.16
681.00 0.56
682.00 0.39
683.00 0.84
684.00 0.29
685.00 0.55
686.00 0.30
687.00 0.19
688.00 0.14
689.00 0.48
690.00 0.38
691.00 0.24
692.00 0.14
693.00 0.22
694.00 0.27
695.00 0.12
696.00 0.41
697.00 0.50
698.00 0.42
699.00 0.10
700.00 0.13
701.00 0.24
702.00 0.23
703.00 0.07
704.00 0.25
705.00 0.29
706.00 0.51
707.00 0.29
708.00 0.26
709.00 0.20
710.00 0.09
711.00 0.40
712.00 0.51
713.00 0.25
714.00 1.11
715.00 0.63
716.00 0.40
717.00 0.16
718.00 0.09
719.00 0.13
720.00 0.40
721.00 0.15
722.00 0.18
723.00 0.05
724.00 0.36
725.00 0.47
726.00 0.19
727.00 0.18
728.00 0.16
729.00 0.23
730.00 0.37
731.00 0.42
732.00 0.36
733.00 0.27
734.00 1.00
735.00 0.72
736.00 0.93
737.00 0.97
738.00 0.67
739.00 0.61
740.00 0.52
741.00 0.38
742.00 1.13
743.00 0.02
744.00 0.24
745.00 0.28
746.00 0.69
747.00 0.75
748.00 0.25
749.00 0.74
750.00 0.18
751.00 0.14
752.00 0.68
753.00 0.63
754.00 1.04
755.00 1.18
756.00 1.39
757.00 1.04
758.00 9.26
759.00 11.15
760.00 43.34
761.00 27.80
762.00 3.52
763.00 0.95
764.00 0.00
765.00 0.00
766.00 0.00
767.00 0.00
768.00 0.00
769.00 0.00
770.00 0.00
771.00 0.00
772.00 0.00
773.00 0.00
774.00 0.00
775.00 0.00
776.00 0.00
777.00 0.00
778.00 0.00
779.00 0.00
780.00 0.00
781.00 0.00
782.00 0.00
783.00 0.00
784.00 0.00
785.00 0.00
786.00 0.00
787.00 0.00
788.00 0.00
789.00 0.00
790.00 0.00
791.00 0.00
792.00 0.00
793.00 0.00
794.00 0.00
795.00 0.00
796.00 0.00
797.00 0.00
798.00 0.00
799.00 0.00
800.00 0.00
801.00 0.00
802.00 0.00
803.00 0.00
804.00 0.00
805.00 0.00
806.00 0.00
807.00 0.00
808.00 0.00
809.00 0.00
810.00 0.00
811.00 0.00
812.00 0.00
813.00 0.00
814.00 0.00
815.00 0.00
816.00 0.00
817.00 0.00
818.00 5.12
819.00 1.24
820.00 1.53
821.00 0.83
822.00 0.39
823.00 1.11
824.00 0.65
825.00 3.92
826.00 3.39
827.00 12.77
828.00 8.85
829.00 1.07
830.00 3.05
831.00 2.57
832.00 2.89
833.00 1.60
834.00 0.97
835.00 0.25
836.00 0.19
837.00 0.08
838.00 0.09
839.00 0.10
840.00 0.15
841.00 0.25
842.00 0.67
843.00 0.28
844.00 0.19
845.00 0.54
846.00 0.41
847.00 0.15
848.00 0.13
849.00 0.36
850.00 0.25
851.00 0.12
852.00 0.18
853.00 0.79
854.00 0.70
855.00 0.31
856.00 0.43
857.00 0.43
858.00 0.14
859.00 0.36
860.00 0.57
861.00 0.28
862.00 0.32
863.00 0.22
864.00 0.23
865.00 0.16
866.00 0.42
867.00 0.49
868.00 0.22
869.00 0.52
870.00 0.75
871.00 0.18
872.00 0.13
873.00 0.15
874.00 0.20
875.00 0.31
876.00 0.10
877.00 0.09
878.00 0.20
879.00 0.19
880.00 0.37
881.00 0.48
882.00 0.59
883.00 3.84
884.00 0.37
885.00 1.46
886.00 2.55
887.00 0.64
888.00 0.39
889.00 0.20
890.00 0.53
891.00 0.27
892.00 0.98
893.00 0.44
894.00 0.51
895.00 0.31
896.00 0.24
897.00 0.66
898.00 0.68
899.00 0.44
900.00 1.01
901.00 1.34
902.00 0.63
903.00 1.83
904.00 4.57
905.00 5.17
906.00 4.43
907.00 4.73
908.00 0.75
909.00 0.97
910.00 0.34
911.00 1.03
912.00 0.26
913.00 0.37
914.00 1.16
915.00 0.79
916.00 0.13
917.00 0.71
918.00 0.66
919.00 0.70
920.00 0.16
921.00 0.13
922.00 0.24
923.00 0.38
924.00 0.34
925.00 0.70
926.00 0.18
927.00 0.75
928.00 0.45
929.00 0.50
930.00 0.57
931.00 0.27
932.00 0.46
933.00 0.38
934.00 0.34
935.00 0.19
936.00 0.30
937.00 0.38
938.00 0.16
939.00 0.29
940.00 0.38
941.00 0.22
942.00 0.32
943.00 0.39
944.00 0.17
945.00 0.44
946.00 1.66
947.00 0.20
948.00 0.15
949.00 0.38
950.00 0.58
951.00 0.16
952.00 0.56
953.00 0.07
954.00 0.29
955.00 0.21
956.00 0.23
957.00 0.08
958.00 0.40
959.00 1.03
960.00 1.01
961.00 0.96
962.00 0.75
963.00 0.64
964.00 1.49
965.00 0.59
966.00 0.27
967.00 0.36
968.00 0.21
969.00 0.27
970.00 0.51
971.00 0.45
972.00 0.39
973.00 0.14
974.00 0.00
975.00 0.63
976.00 0.13
977.00 0.27
978.00 0.36
979.00 1.81
980.00 1.88
981.00 0.46
982.00 6.12
983.00 4.12
984.00 0.42
985.00 0.42
986.00 0.56
987.00 0.83
988.00 1.75
989.00 0.94
990.00 0.14
991.00 0.07
992.00 0.06
993.00 0.39
994.00 0.45
995.00 0.34
996.00 0.02
997.00 0.12
998.00 0.11
999.00 0.03
1000.00 0.22
1001.00 0.09
1002.00 0.39
1003.00 0.30
1004.00 0.07
1005.00 0.25
1006.00 0.21
1007.00 0.45
1008.00 1.09
1009.00 1.24
1010.00 2.32
1011.00 2.36
1012.00 2.98
1013.00 5.92
1014.00 4.74
1015.00 0.57
1016.00 0.48
1017.00 2.38
1018.00 1.66
1019.00 2.50
1020.00 1.27
1021.00 0.97
1022.00 1.27
1023.00 1.09
1024.00 1.68
1025.00 0.35
1026.00 0.78
1027.00 0.72
1028.00 0.48
1029.00 0.24
1030.00 0.62
1031.00 0.75
1032.00 0.30
1033.00 0.21
1034.00 0.37
1035.00 0.51
1036.00 1.42
1037.00 0.51
1038.00 1.52
1039.00 0.85
1040.00 0.24
1041.00 0.28
1042.00 0.31
1043.00 0.73
1044.00 0.34
1045.00 0.55
1046.00 0.80
1047.00 0.16
1048.00 0.42
1049.00 0.28
1050.00 0.60
1051.00 0.84
1052.00 2.89
1053.00 6.04
1054.00 3.34
1055.00 2.65
1056.00 1.33
1057.00 0.69
1058.00 3.21
1059.00 1.98
1060.00 1.18
1061.00 0.74
1062.00 0.31
1063.00 0.42
1064.00 0.04
1065.00 1.41
1066.00 1.09
1067.00 0.56
1068.00 0.19
1069.00 0.64
1070.00 0.23
1071.00 0.48
1072.00 0.28
1073.00 0.46
1074.00 0.31
1075.00 0.12
1076.00 0.44
1077.00 0.42
1078.00 0.47
1079.00 0.27
1080.00 0.19
1081.00 0.15
1082.00 0.29
1083.00 0.11
1084.00 0.18
1085.00 0.64
1086.00 0.53
1087.00 106.63
1088.00 5.63
1089.00 0.00
1090.00 0.00
1091.00 0.00
1092.00 0.00
1093.00 0.00
1094.00 0.00
1095.00 0.00
1096.00 0.00
1097.00 0.00
1098.00 0.00
1099.00 0.00
1100.00 0.00
1101.00 0.00
1102.00 0.00
1103.00 0.00
1104.00 0.00
1105.00 0.00
1106.00 0.00
1107.00 0.00
1108.00 0.00
1109.00 0.00
1110.00 0.00
1111.00 0.00
1112.00 0.00
1113.00 0.00
1114.00 0.00
1115.00 0.00
1116.00 0.00
1117.00 0.00
1118.00 0.00
1119.00 0.00
1120.00 0.00
1121.00 0.00
1122.00 0.00
1123.00 0.00
1124.00 0.00
1125.00 0.00
1126.00 0.00
1127.00 0.00
1128.00 0.00
1129.00 0.00
1130.00 1.27
1131.00 1.13
1132.00 1.42
1133.00 2.84
1134.00 0.52
1135.00 0.68
1136.00 1.00
1137.00 0.35
1138.00 0.90
1139.00 0.24
1140.00 0.40
1141.00 1.23
1142.00 0.51
1143.00 0.88
1144.00 0.72
1145.00 0.25
1146.00 1.11
1147.00 1.07
1148.00 0.48
1149.00 0.23
1150.00 0.34
1151.00 0.09
1152.00 0.33
1153.00 0.30
1154.00 0.77
1155.00 0.04
1156.00 0.47
1157.00 0.31
1158.00 0.87
1159.00 0.27
1160.00 0.09
1161.00 0.11
1162.00 0.95
1163.00 2.07
1164.00 0.85
1165.00 0.00
1166.00 0.23
1167.00 0.75
1168.00 0.91
1169.00 0.41
1170.00 0.43
1171.00 0.59
1172.00 0.04
1173.00 0.50
1174.00 0.32
1175.00 0.65
1176.00 2.07
1177.00 0.46
1178.00 1.05
1179.00 1.33
1180.00 0.69
1181.00 0.24
1182.00 1.53
1183.00 0.20
1184.00 1.32
1185.00 0.29
1186.00 0.25
1187.00 0.70
1188.00 0.44
1189.00 0.50
1190.00 0.23
1191.00 0.35
1192.00 0.89
1193.00 0.41
1194.00 0.21
1195.00 0.87
1196.00 0.47
1197.00 0.19
1198.00 0.09
1199.00 0.29
1200.00 1.21
1201.00 1.17
1202.00 1.00
1203.00 0.48
1204.00 0.27
1205.00 0.29
1206.00 0.17
1207.00 0.32
1208.00 0.15
1209.00 0.11
1210.00 0.14
1211.00 0.53
1212.00 0.22
1213.00 0.03
1214.00 0.41
1215.00 0.17
1216.00 0.44
1217.00 0.07
1218.00 0.03
1219.00 0.42
1220.00 0.46
1221.00 0.26
1222.00 0.13
1223.00 0.14
1224.00 0.47
1225.00 0.56
1226.00 0.48
1227.00 0.19
1228.00 0.12
1229.00 0.28
1230.00 0.33
1231.00 0.04
1232.00 0.43
1233.00 1.42
1234.00 0.86
1235.00 1.14
1236.00 0.97
1237.00 2.06
1238.00 4.82
1239.00 15.85
1240.00 27.07
1241.00 29.69
1242.00 2.35
1243.00 3.21
1244.00 0.12
1245.00 0.56
1246.00 0.56
1247.00 0.24
1248.00 0.17
1249.00 0.81
1250.00 0.18
1251.00 0.86
1252.00 0.21
1253.00 0.12
1254.00 0.60
1255.00 0.49
1256.00 0.40
1257.00 0.12
1258.00 0.56
1259.00 0.38
1260.00 0.17
1261.00 0.32
1262.00 0.42
1263.00 0.35
1264.00 0.09
1265.00 0.24
1266.00 0.37
1267.00 0.41
1268.00 0.48
1269.00 0.14
1270.00 0.86
1271.00 0.95
1272.00 1.33
1273.00 2.85
1274.00 3.47
1275.00 7.15
1276.00 4.00
1277.00 57.82
1278.00 0.91
1279.00 1.66
1280.00 1.55
1281.00 1.19
1282.00 2.10
1283.00 0.37
1284.00 0.32
1285.00 0.42
1286.00 0.49
1287.00 1.21
1288.00 0.50
1289.00 0.41
1290.00 0.35
1291.00 0.34
1292.00 0.37
1293.00 0.56
1294.00 0.36
1295.00 0.13
1296.00 0.23
1297.00 0.51
1298.00 0.58
1299.00 0.64
1300.00 0.69
1301.00 0.31
1302.00 0.94
1303.00 0.81
1304.00 0.83
1305.00 0.78
1306.00 1.56
1307.00 10.87
1308.00 9.44
1309.00 1.23
1310.00 0.81
1311.00 1.34
1312.00 4.10
1313.00 1.27
1314.00 0.73
1315.00 0.62
1316.00 0.14
1317.00 0.28
1318.00 0.69
1319.00 0.70
1320.00 0.85
1321.00 0.34
1322.00 0.43
1323.00 0.37
1324.00 0.97
1325.00 0.06
1326.00 0.88
1327.00 0.44
1328.00 0.35
1329.00 0.06
1330.00 0.37
1331.00 0.08
1332.00 0.28
1333.00 1.05
1334.00 0.13
1335.00 0.79
1336.00 0.64
1337.00 1.61
1338.00 2.08
1339.00 2.58
1340.00 11.58
1341.00 1.76
1342.00 1.13
1343.00 0.82
1344.00 1.44
1345.00 0.30
1346.00 1.22
1347.00 0.83
1348.00 5.09
1349.00 1.44
1350.00 2.89
1351.00 0.96
1352.00 0.49
1353.00 0.79
1354.00 0.92
1355.00 1.33
1356.00 0.91
1357.00 1.09
1358.00 0.37
1359.00 0.66
1360.00 1.25
1361.00 1.30
1362.00 0.82
1363.00 1.06
1364.00 0.97
1365.00 1.09
1366.00 2.03
1367.00 1.37
1368.00 0.65
1369.00 0.77
1370.00 1.46
1371.00 1.02
1372.00 1.67
1373.00 1.23
1374.00 1.54
1375.00 1.54
1376.00 0.80
1377.00 0.99
1378.00 1.10
1379.00 12.23
1380.00 3.47
1381.00 1.35
1382.00 0.29
1383.00 1.14
1384.00 2.56
1385.00 2.12
1386.00 1.30
1387.00 1.05
1388.00 0.87
1389.00 0.46
1390.00 0.27
1391.00 0.01
1392.00 0.22
1393.00 0.20
1394.00 0.83
1395.00 0.90
1396.00 0.99
1397.00 1.26
1398.00 0.39
1399.00 1.26
1400.00 0.41
1401.00 0.07
1402.00 0.27
1403.00 0.80
1404.00 0.43
1405.00 1.60
1406.00 0.99
1407.00 0.93
1408.00 0.41
1409.00 0.83
1410.00 3.06
1411.00 0.81
1412.00 1.87
1413.00 0.62
1414.00 0.44
1415.00 3.31
1416.00 2.49
1417.00 2.21
1418.00 2.47
1419.00 1.76
1420.00 3.50
1421.00 0.28
1422.00 0.65
1423.00 1.04
1424.00 1.45
1425.00 0.48
1426.00 0.28
1427.00 0.34
1428.00 0.93
1429.00 0.39
1430.00 0.32
1431.00 0.58
1432.00 0.30
1433.00 0.79
1434.00 0.37
1435.00 0.56
1436.00 0.33
1437.00 0.08
1438.00 0.37
1439.00 0.41
1440.00 0.44
1441.00 0.14
1442.00 0.11
1443.00 0.31
1444.00 0.06
1445.00 0.24
1446.00 0.81
1447.00 0.40
1448.00 0.57
1449.00 0.40
1450.00 0.45
1451.00 0.73
1452.00 0.33
1453.00 0.32
1454.00 0.43
1455.00 0.56
1456.00 0.16
1457.00 0.37
1458.00 0.35
1459.00 0.48
1460.00 0.08
1461.00 0.59
1462.00 0.64
1463.00 2.16
1464.00 0.98
1465.00 0.31
1466.00 0.53
1467.00 0.29
1468.00 0.82
1469.00 0.74
1470.00 0.37
1471.00 0.59
1472.00 0.26
1473.00 0.92
1474.00 0.58
1475.00 0.37
1476.00 0.18
1477.00 0.59
1478.00 0.19
1479.00 0.14
1480.00 0.23
1481.00 0.27
1482.00 0.10
1483.00 0.09
1484.00 0.30
1485.00 0.24
1486.00 0.41
1487.00 0.95
1488.00 0.80
1489.00 0.38
1490.00 0.67
1491.00 0.56
1492.00 0.07
1493.00 0.15
1494.00 0.24
1495.00 0.31
1496.00 0.37
1497.00 0.49
1498.00 0.27
1499.00 0.39
1500.00 0.06
1501.00 0.36
1502.00 1.03
1503.00 0.67
1504.00 0.92
1505.00 0.15
1506.00 0.13
1507.00 0.47
1508.00 0.12
1509.00 0.19
1510.00 0.21
1511.00 0.44
1512.00 0.43
1513.00 0.56
1514.00 1.35
1515.00 0.42
1516.00 1.13
1517.00 0.78
1518.00 0.46
1519.00 0.72
1520.00 0.73
1521.00 0.23
1522.00 0.23
1523.00 0.05
1524.00 0.06
1525.00 0.39
1526.00 0.25
1527.00 0.16
1528.00 0.12
1529.00 0.13
1530.00 0.07
1531.00 0.42
1532.00 0.30
1533.00 0.17
1534.00 0.19
1535.00 0.15
1536.00 0.13
1537.00 0.28
1538.00 0.13
1539.00 0.08
1540.00 0.19
1541.00 0.13
1542.00 0.12
1543.00 0.13
1544.00 0.02
1545.00 0.24
1546.00 0.09
1547.00 0.33
1548.00 0.10
1549.00 0.23
1550.00 0.51
1551.00 0.56
1552.00 0.28
1553.00 0.28
1554.00 0.13
1555.00 0.26
1556.00 0.02
1557.00 0.51
1558.00 0.30
1559.00 22.60
1560.00 18.85
1561.00 2.44
1562.00 1.17
1563.00 2.63
1564.00 0.82
1565.00 0.48
1566.00 0.59
1567.00 0.55
1568.00 0.58
1569.00 1.06
1570.00 0.51
1571.00 0.57
1572.00 0.16
1573.00 0.19
1574.00 0.34
1575.00 0.16
1576.00 0.26
1577.00 0.87
1578.00 0.67
1579.00 0.32
1580.00 0.07
1581.00 0.43
1582.00 0.31
1583.00 0.24
1584.00 0.45
1585.00 0.50
1586.00 0.36
1587.00 1.13
1588.00 0.18
1589.00 0.27
1590.00 0.57
1591.00 0.80
1592.00 0.93
1593.00 0.74
1594.00 0.56
1595.00 0.70
1596.00 0.45
1597.00 0.43
1598.00 0.30
1599.00 0.15
1600.00 0.12
1601.00 0.54
1602.00 0.51
1603.00 0.46
1604.00 0.51
1605.00 0.66
1606.00 0.22
1607.00 0.48
1608.00 0.35
1609.00 0.58
1610.00 0.39
1611.00 0.35
1612.00 0.49
1613.00 0.17
1614.00 0.27
1615.00 0.14
1616.00 0.25
1617.00 0.44
1618.00 0.21
1619.00 0.13
1620.00 0.22
1621.00 0.06
1622.00 0.07
1623.00 0.16
1624.00 0.37
1625.00 0.24
1626.00 0.36
1627.00 0.28
1628.00 0.30
1629.00 0.53
1630.00 0.57
1631.00 0.00
1632.00 0.00
1633.00 0.00
1634.00 0.00
1635.00 0.00
1636.00 0.00
1637.00 0.00
1638.00 0.00
1639.00 0.00
1640.00 0.00
1641.00 0.00
1642.00 0.00
1643.00 0.00
1644.00 0.00
1645.00 0.00
1646.00 0.00
1647.00 0.00
1648.00 0.00
1649.00 0.00
1650.00 0.00
1651.00 0.00
1652.00 0.00
1653.00 0.00
1654.00 0.00
1655.00 0.00
1656.00 0.00
1657.00 0.00
1658.00 0.00
1659.00 0.00
1660.00 0.00
1661.00 0.00
1662.00 0.00
1663.00 0.00
1664.00 0.00
1665.00 0.00
1666.00 0.00
1667.00 0.00
1668.00 0.00
1669.00 0.00
1670.00 0.00
1671.00 0.00
1672.00 0.00
1673.00 0.00
1674.00 0.00
1675.00 0.00
1676.00 0.00
1677.00 0.00
1678.00 0.00
1679.00 0.00
1680.00 0.00
1681.00 0.00
1682.00 0.00
1683.00 0.00
1684.00 0.00
1685.00 0.00
1686.00 0.00
1687.00 0.00
1688.00 0.00
1689.00 0.00
1690.00 0.00
1691.00 0.00
1692.00 0.00
1693.00 0.00
1694.00 0.00
1695.00 0.00
1696.00 0.00
1697.00 0.00
1698.00 0.00
1699.00 0.00
1700.00 0.00
1701.00 1.18
1702.00 0.47
1703.00 0.66
1704.00 0.43
1705.00 0.57
1706.00 0.16
1707.00 0.14
1708.00 0.15
1709.00 0.41
1710.00 0.53
1711.00 0.06
1712.00 0.82
1713.00 0.69
1714.00 0.31
1715.00 0.63
1716.00 0.25
1717.00 0.77
1718.00 0.57
1719.00 0.15
1720.00 0.25
1721.00 0.25
1722.00 0.27
1723.00 0.12
1724.00 0.20
1725.00 0.09
1726.00 0.39
1727.00 0.53
1728.00 0.67
1729.00 0.46
1730.00 0.46
1731.00 0.14
1732.00 0.11
1733.00 0.17
1734.00 0.13
1735.00 0.70
1736.00 0.87
1737.00 0.17
1738.00 0.22
1739.00 0.08
1740.00 0.87
1741.00 1.35
1742.00 0.33
1743.00 0.94
1744.00 1.64
1745.00 0.42
1746.00 0.34
1747.00 1.31
1748.00 1.50
1749.00 0.37
1750.00 0.44
1751.00 2.37
1752.00 0.33
1753.00 0.17
1754.00 0.55
1755.00 0.64
1756.00 0.14
1757.00 0.85
1758.00 0.39
1759.00 0.68
1760.00 0.00
1761.00 0.00
1762.00 0.00
1763.00 65.15
1764.00 69.31
1765.00 70.50
1766.00 50.15
1767.00 50.60
1768.00 13.25
1769.00 52.01
1770.00 58.67
1771.00 2.72
1772.00 3.92
1773.00 1.53
1774.00 1.37
1775.00 0.74
1776.00 0.36
1777.00 0.48
1778.00 0.41
1779.00 0.33
1780.00 0.14
1781.00 0.22
1782.00 0.28
1783.00 0.59
1784.00 0.13
1785.00 0.49
1786.00 0.07
1787.00 0.69
1788.00 0.08
1789.00 0.28
1790.00 0.30
1791.00 0.60
1792.00 0.63
1793.00 0.23
1794.00 0.54
1795.00 0.77
1796.00 0.45
1797.00 0.53
1798.00 0.71
1799.00 0.23
1800.00 0.17
1801.00 0.40
1802.00 0.12
1803.00 0.10
1804.00 0.59
1805.00 0.40
1806.00 0.04
1807.00 0.47
1808.00 0.05
1809.00 0.06
1810.00 0.32
1811.00 0.40
1812.00 0.98
1813.00 0.52
1814.00 0.16
1815.00 0.46
1816.00 0.26
1817.00 0.26
1818.00 0.15
1819.00 0.08
1820.00 0.08
1821.00 0.02
1822.00 0.30
1823.00 0.21
1824.00 0.48
1825.00 0.25
1826.00 0.16
1827.00 0.38
1828.00 0.20
1829.00 0.19
1830.00 0.11
1831.00 0.34
1832.00 0.10
1833.00 0.40
1834.00 0.68
1835.00 4.59
1836.00 211.68
1837.00 33.67
1838.00 162.96
1839.00 3.34
1840.00 3.20
1841.00 0.08
1842.00 0.70
1843.00 0.37
1844.00 0.97
1845.00 0.58
1846.00 0.65
1847.00 0.38
1848.00 0.72
1849.00 0.57
1850.00 0.81
1851.00 0.69
1852.00 0.67
1853.00 0.37
1854.00 0.50
1855.00 0.86
1856.00 0.49
1857.00 0.55
1858.00 0.58
1859.00 0.64
1860.00 0.28
1861.00 0.24
1862.00 1.04
1863.00 0.48
1864.00 0.57
1865.00 1.14
1866.00 0.61
1867.00 54.27
1868.00 54.10
1869.00 52.58
1870.00 54.31
1871.00 56.12
1872.00 0.00
1873.00 2.55
1874.00 1.91
1875.00 3.58
1876.00 29.10
1877.00 3.84
1878.00 2.56
1879.00 0.29
1880.00 1.99
1881.00 1.67
1882.00 2.06
1883.00 1.18
1884.00 2.84
1885.00 1.10
1886.00 0.38
1887.00 1.65
1888.00 0.58
1889.00 0.89
1890.00 0.79
1891.00 0.29
1892.00 1.47
1893.00 0.97
1894.00 0.67
1895.00 1.20
1896.00 0.19
1897.00 0.74
1898.00 1.16
1899.00 0.57
1900.00 0.57
1901.00 1.10
1902.00 0.89
1903.00 0.98
1904.00 2.49
1905.00 1.96
1906.00 1.77
1907.00 0.36
1908.00 1.25
1909.00 2.82
1910.00 3.08
1911.00 2.15
1912.00 6.58
1913.00 10.82
1914.00 2.56
1915.00 0.43
1916.00 0.25
1917.00 0.01
1918.00 0.46
1919.00 1.26
1920.00 1.33
1921.00 0.79
1922.00 0.62
1923.00 3.10
1924.00 5.08
1925.00 1.97
1926.00 16.66
1927.00 0.00
1928.00 9.28
1929.00 2.53
1930.00 1.69
1931.00 0.67
1932.00 0.69
1933.00 0.49
1934.00 0.76
1935.00 0.25
1936.00 0.20
1937.00 0.17
1938.00 0.16
1939.00 1.00
1940.00 0.32
1941.00 0.38
1942.00 0.18
1943.00 0.25
1944.00 0.63
1945.00 0.51
1946.00 0.58
1947.00 0.12
1948.00 1.25
1949.00 0.35
1950.00 0.20
1951.00 0.40
1952.00 1.28
1953.00 0.44
1954.00 0.26
1955.00 0.22
1956.00 0.08
1957.00 0.33
1958.00 0.23
1959.00 0.24
1960.00 0.19
1961.00 0.24
1962.00 0.17
1963.00 0.39
1964.00 0.20
1965.00 0.06
1966.00 0.06
1967.00 0.24
1968.00 0.07
1969.00 0.09
1970.00 0.23
1971.00 0.79
1972.00 0.60
1973.00 1.17
1974.00 1.31
1975.00 0.39
1976.00 0.42
1977.00 0.81
1978.00 0.36
1979.00 1.48
1980.00 1.80
1981.00 3.02
1982.00 23.64
1983.00 8.19
1984.00 2.92
1985.00 6.17
1986.00 21.65
1987.00 21.87
1988.00 22.69
1989.00 23.36
1990.00 23.99
1991.00 24.06
1992.00 23.94
1993.00 1.60
1994.00 23.98
1995.00 11.73
1996.00 9.89
1997.00 12.63
1998.00 12.43
1999.00 15.38
2000.00 14.16
2001.00 16.63
2002.00 22.80
2003.00 23.17
2004.00 23.46
2005.00 23.37
2006.00 4.03
2007.00 20.30
2008.00 0.30
2009.00 0.27
2010.00 3.80
2011.00 14.84
2012.00 5.04
2013.00 9.15
2014.00 10.85
2015.00 10.89
2016.00 15.26
2017.00 15.73
2018.00 23.06
2019.00 23.38
2020.00 14.91
2021.00 6.45
2022.00 13.00
2023.00 16.82
2024.00 19.52
2025.00 8.28
2026.00 13.39
2027.00 13.86
2028.00 22.51
2029.00 22.89
2030.00 23.60
2031.00 9.19
2032.00 19.07
2033.00 23.43
2034.00 3.60
2035.00 19.91
2036.00 14.32
2037.00 12.39
2038.00 11.73
2039.00 6.62
2040.00 13.25
2041.00 6.29
2042.00 11.94
2043.00 0.93
2044.00 1.88
2045.00 2.67
2046.00 3.25
2047.00 2.28
2048.00 10.89
2049.00 3.63
2050.00 23.26
2051.00 24.28
2052.00 23.66
2053.00 18.36
2054.00 18.92
2055.00 22.72
2056.00 23.91
2057.00 16.93
2058.00 22.29
2059.00 4.09
2060.00 1.56
2061.00 0.93
2062.00 1.80
2063.00 12.82
2064.00 34.23
2065.00 38.81
2066.00 0.51
2067.00 0.18
2068.00 0.98
2069.00 0.55
2070.00 0.79
2071.00 0.18
2072.00 0.24
2073.00 0.14
2074.00 0.59
2075.00 0.12
2076.00 0.21
2077.00 0.13
2078.00 0.16
2079.00 0.31
2080.00 0.11
2081.00 0.22
2082.00 0.16
2083.00 0.55
2084.00 0.41
2085.00 0.28
2086.00 0.19
2087.00 0.04
2088.00 0.29
2089.00 0.15
2090.00 0.28
2091.00 0.33
2092.00 0.15
2093.00 0.23
2094.00 0.23
2095.00 0.21
2096.00 0.14
2097.00 0.12
2098.00 0.48
2099.00 0.79
2100.00 0.52
2101.00 0.18
2102.00 0.40
2103.00 0.22
2104.00 0.39
2105.00 0.31
2106.00 0.13
2107.00 0.11
2108.00 0.46
2109.00 0.16
2110.00 0.24
2111.00 0.08
2112.00 0.23
2113.00 0.19
2114.00 0.48
2115.00 0.33
2116.00 0.17
2117.00 0.07
2118.00 0.04
2119.00 0.68
2120.00 0.24
2121.00 0.88
2122.00 0.17
2123.00 0.25
2124.00 0.21
2125.00 0.21
2126.00 0.55
2127.00 1.99
2128.00 1.31
2129.00 1.37
2130.00 2.94
2131.00 1.32
2132.00 1.06
2133.00 0.81
2134.00 0.96
2135.00 0.38
2136.00 0.77
2137.00 0.95
2138.00 0.55
2139.00 0.68
2140.00 1.08
2141.00 0.52
2142.00 0.25
2143.00 0.37
2144.00 0.04
2145.00 0.13
2146.00 0.60
2147.00 0.55
2148.00 0.72
2149.00 0.71
2150.00 0.51
2151.00 2.47
2152.00 1.00
2153.00 2.81
2154.00 1.21
2155.00 0.75
2156.00 1.36
2157.00 0.81
2158.00 1.07
2159.00 0.31
2160.00 0.58
2161.00 0.74
2162.00 0.65
2163.00 0.24
2164.00 0.67
2165.00 0.51
2166.00 0.67
2167.00 2.39
2168.00 0.45
2169.00 2.32
2170.00 1.32
2171.00 1.98
2172.00 1.33
2173.00 0.81
2174.00 0.74
2175.00 0.56
2176.00 0.82
2177.00 0.24
2178.00 0.25
2179.00 0.48
2180.00 0.46
2181.00 0.72
2182.00 0.40
2183.00 0.45
2184.00 0.19
2185.00 1.49
2186.00 0.26
2187.00 1.59
2188.00 1.03
2189.00 0.74
2190.00 0.85
2191.00 1.65
2192.00 2.09
2193.00 0.58
2194.00 1.34
2195.00 4.42
2196.00 14.30
2197.00 0.83
2198.00 1.49
2199.00 2.29
2200.00 0.24
2201.00 1.03
2202.00 2.00
2203.00 1.40
2204.00 0.74
2205.00 0.36
2206.00 0.71
2207.00 0.31
2208.00 0.78
2209.00 1.30
2210.00 0.64
2211.00 0.61
2212.00 0.30
2213.00 0.29
2214.00 0.82
2215.00 1.21
2216.00 0.27
2217.00 1.55
2218.00 222.68
2219.00 0.00
2220.00 0.00
2221.00 0.00
2222.00 0.00
2223.00 0.00
2224.00 0.00
2225.00 0.00
2226.00 0.00
2227.00 0.00
2228.00 0.00
2229.00 0.00
2230.00 0.00
2231.00 0.00
2232.00 0.00
2233.00 0.00
2234.00 0.00
2235.00 0.00
2236.00 0.00
2237.00 0.00
2238.00 0.00
2239.00 0.00
2240.00 0.00
2241.00 0.00
2242.00 0.00
2243.00 0.00
2244.00 0.00
2245.00 0.00
2246.00 0.00
2247.00 0.00
2248.00 0.00
2249.00 0.00
2250.00 0.00
2251.00 0.00
2252.00 0.00
2253.00 0.00
2254.00 0.00
2255.00 0.00
2256.00 0.00
2257.00 0.00
2258.00 0.00
2259.00 0.00
2260.00 1.46
2261.00 0.74
2262.00 0.19
2263.00 0.49
2264.00 0.35
2265.00 0.23
2266.00 0.31
2267.00 0.21
2268.00 0.34
2269.00 0.32
2270.00 0.02
2271.00 0.23
2272.00 0.41
2273.00 0.25
2274.00 0.02
2275.00 0.06
2276.00 0.34
2277.00 0.17
2278.00 0.07
2279.00 0.13
2280.00 0.04
2281.00 0.08
2282.00 0.07
2283.00 0.35
2284.00 0.26
2285.00 0.06
2286.00 0.23
2287.00 0.21
2288.00 0.07
2289.00 0.13
2290.00 0.12
2291.00 0.09
2292.00 0.20
2293.00 0.21
2294.00 0.18
2295.00 0.04
2296.00 0.20
2297.00 0.02
2298.00 0.22
2299.00 0.29
2300.00 0.23
2301.00 0.08
2302.00 0.17
2303.00 0.14
2304.00 0.10
2305.00 0.14
2306.00 0.15
2307.00 0.05
2308.00 0.14
2309.00 0.08
2310.00 0.26
2311.00 0.02
2312.00 0.26
2313.00 0.19
2314.00 0.08
2315.00 0.02
2316.00 0.18
2317.00 0.15
2318.00 0.12
2319.00 0.10
2320.00 0.27
2321.00 0.21
2322.00 0.28
2323.00 0.08
2324.00 0.37
2325.00 0.20
2326.00 0.43
2327.00 0.23
2328.00 0.23
2329.00 0.04
2330.00 0.04
2331.00 0.22
2332.00 0.05
2333.00 0.04
2334.00 0.21
2335.00 0.19
2336.00 0.24
2337.00 0.09
2338.00 0.06
2339.00 0.16
2340.00 0.14
2341.00 0.05
2342.00 0.18
2343.00 0.13
2344.00 0.24
2345.00 0.17
2346.00 0.09
2347.00 0.09
2348.00 0.11
2349.00 0.20
2350.00 0.11
2351.00 0.07
2352.00 0.17
2353.00 0.08
2354.00 0.03
2355.00 0.24
2356.00 0.11
2357.00 0.05
2358.00 0.25
2359.00 0.12
2360.00 0.03
2361.00 0.12
2362.00 0.03
2363.00 0.39
2364.00 0.12
2365.00 0.09
2366.00 0.16
2367.00 0.13
2368.00 0.26
2369.00 0.14
2370.00 0.04
2371.00 0.16
2372.00 0.05
2373.00 0.06
2374.00 0.22
2375.00 0.03
2376.00 0.14
2377.00 0.09
2378.00 0.03
2379.00 0.19
2380.00 0.05
2381.00 0.17
2382.00 0.25
2383.00 0.09
2384.00 0.14
2385.00 0.48
2386.00 0.05
2387.00 0.73
2388.00 0.49
2389.00 3.44
2390.00 2.29
2391.00 0.28
2392.00 0.75
2393.00 8.71
2394.00 17.20
2395.00 6.88
2396.00 2.26
2397.00 5.91
2398.00 10.95
2399.00 4.01
2400.00 0.86
2401.00 0.21
2402.00 0.36
2403.00 0.63
2404.00 0.57
2405.00 1.54
2406.00 2.47
2407.00 1.84
2408.00 2.57
2409.00 2.45
2410.00 2.24
2411.00 1.94
2412.00 2.36
2413.00 1.86
2414.00 1.58
2415.00 1.64
2416.00 0.78
2417.00 0.29
2418.00 0.62
2419.00 1.03
2420.00 1.88
2421.00 1.89
2422.00 0.65
2423.00 0.38
2424.00 0.91
2425.00 1.58
2426.00 0.00
2427.00 3.61
2428.00 2.08
2429.00 1.17
2430.00 0.15
2431.00 1.47
2432.00 0.16
2433.00 0.24
2434.00 0.37
2435.00 0.56
2436.00 0.65
2437.00 0.36
2438.00 0.99
2439.00 0.72
2440.00 0.08
2441.00 0.13
2442.00 0.50
2443.00 0.21
2444.00 0.29
2445.00 0.16
2446.00 0.28
2447.00 0.27
2448.00 0.36
2449.00 0.21
2450.00 0.58
2451.00 0.36
2452.00 0.13
2453.00 0.89
2454.00 0.55
2455.00 1.66
2456.00 2.40
2457.00 1.48
2458.00 1.42
2459.00 1.16
2460.00 0.89
2461.00 1.34
2462.00 0.98
2463.00 0.83
2464.00 0.59
2465.00 0.33
2466.00 0.50
2467.00 0.96
2468.00 0.80
2469.00 0.28
2470.00 0.94
2471.00 0.91
2472.00 0.88
2473.00 1.43
2474.00 2.23
2475.00 0.87
2476.00 0.50
2477.00 0.09
2478.00 0.17
2479.00 0.34
2480.00 2.34
2481.00 3.48
2482.00 0.77
2483.00 3.82
2484.00 0.65
2485.00 0.69
2486.00 0.90
2487.00 0.05
2488.00 1.19
2489.00 0.78
2490.00 1.04
2491.00 0.52
2492.00 0.20
2493.00 0.19
2494.00 0.21
2495.00 0.58
2496.00 0.30
2497.00 0.25
2498.00 1.34
2499.00 2.16
2500.00 0.26
2501.00 0.48
2502.00 0.49
2503.00 0.64
2504.00 0.65
2505.00 0.44
2506.00 1.51
2507.00 0.32
2508.00 1.26
2509.00 0.89
2510.00 0.91
2511.00 2.12
2512.00 1.64
2513.00 1.65
2514.00 0.46
2515.00 0.61
2516.00 0.22
2517.00 0.48
2518.00 0.97
2519.00 1.23
2520.00 3.80
2521.00 2.01
2522.00 0.61
2523.00 1.69
2524.00 0.73
2525.00 0.76
2526.00 0.39
2527.00 0.73
2528.00 0.90
2529.00 0.93
2530.00 0.35
2531.00 0.25
2532.00 0.73
2533.00 1.04
2534.00 0.45
2535.00 0.24
2536.00 0.42
2537.00 0.38
2538.00 0.27
2539.00 0.11
2540.00 0.18
2541.00 0.10
2542.00 0.36
2543.00 0.65
2544.00 0.35
2545.00 0.14
2546.00 0.55
2547.00 0.45
2548.00 0.34
2549.00 0.01
2550.00 0.15
2551.00 0.38
2552.00 0.32
2553.00 0.27
2554.00 0.13
2555.00 0.30
2556.00 0.40
2557.00 0.20
2558.00 0.70
2559.00 2.62
2560.00 0.97
2561.00 0.85
2562.00 0.14
2563.00 0.80
2564.00 0.11
2565.00 0.22
2566.00 0.52
2567.00 0.21
2568.00 0.68
2569.00 0.92
2570.00 0.13
2571.00 0.82
2572.00 0.42
2573.00 0.80
2574.00 0.09
2575.00 0.46
2576.00 0.30
2577.00 0.67
2578.00 0.26
2579.00 0.55
2580.00 0.36
2581.00 0.33
2582.00 0.48
2583.00 0.45
2584.00 0.06
2585.00 0.28
2586.00 0.25
2587.00 0.65
2588.00 0.38
2589.00 1.21
2590.00 0.42
2591.00 1.29
2592.00 1.82
2593.00 2.25
2594.00 0.80
2595.00 0.62
2596.00 0.75
2597.00 0.65
2598.00 0.27
2599.00 0.49
2600.00 0.85
2601.00 0.55
2602.00 0.50
2603.00 0.13
2604.00 0.39
2605.00 0.10
2606.00 0.04
2607.00 0.17
2608.00 0.14
2609.00 0.18
2610.00 0.12
2611.00 0.22
2612.00 0.05
2613.00 0.52
2614.00 0.23
2615.00 0.05
2616.00 0.11
2617.00 0.02
2618.00 0.35
2619.00 0.13
2620.00 0.31
2621.00 0.18
2622.00 0.31
2623.00 0.72
2624.00 6.41
2625.00 2.69
2626.00 1.26
2627.00 0.30
2628.00 0.48
2629.00 0.65
2630.00 0.71
2631.00 0.59
2632.00 0.55
2633.00 0.06
2634.00 0.35
2635.00 0.21
2636.00 0.34
2637.00 0.38
2638.00 0.36
2639.00 0.14
2640.00 0.20
2641.00 0.24
2642.00 0.05
2643.00 0.33
2644.00 0.04
2645.00 0.30
2646.00 0.08
2647.00 0.20
2648.00 0.43
2649.00 0.56
2650.00 0.34
2651.00 0.12
2652.00 0.44
2653.00 0.13
2654.00 0.15
2655.00 0.08
2656.00 0.52
2657.00 1.80
2658.00 14.28
2659.00 19.91
2660.00 6.65
2661.00 2.47
2662.00 0.25
2663.00 0.37
2664.00 0.39
2665.00 0.51
2666.00 0.67
2667.00 0.24
2668.00 0.08
2669.00 0.06
2670.00 0.16
2671.00 0.20
2672.00 0.05
2673.00 0.13
2674.00 0.11
2675.00 0.13
2676.00 0.13
2677.00 0.34
2678.00 0.33
2679.00 0.13
2680.00 0.15
2681.00 0.09
2682.00 0.06
2683.00 0.11
2684.00 0.11
2685.00 0.23
2686.00 0.09
2687.00 0.04
2688.00 0.10
2689.00 0.09
2690.00 0.24
2691.00 0.17
2692.00 0.14
2693.00 0.02
2694.00 0.24
2695.00 0.21
2696.00 0.37
2697.00 0.15
2698.00 0.34
2699.00 0.31
2700.00 0.14
2701.00 0.18
2702.00 0.32
2703.00 0.42
2704.00 0.35
2705.00 0.04
2706.00 0.23
2707.00 0.10
2708.00 0.15
2709.00 0.13
2710.00 0.07
2711.00 0.12
2712.00 0.54
2713.00 0.90
2714.00 0.81
2715.00 0.35
2716.00 0.24
2717.00 0.32
2718.00 0.28
2719.00 0.34
2720.00 0.31
2721.00 0.26
2722.00 0.55
2723.00 0.64
2724.00 0.12
2725.00 0.55
2726.00 1.27
2727.00 2.22
2728.00 1.42
2729.00 0.49
2730.00 0.09
2731.00 0.38
2732.00 0.20
2733.00 0.15
2734.00 0.02
2735.00 0.12
2736.00 0.16
2737.00 0.22
2738.00 0.04
2739.00 0.12
2740.00 0.01
2741.00 0.45
2742.00 0.19
2743.00 0.36
2744.00 0.31
2745.00 0.13
2746.00 0.30
2747.00 0.21
2748.00 0.46
2749.00 0.30
2750.00 0.37
2751.00 0.14
2752.00 1.73
2753.00 1.20
2754.00 3.88
2755.00 0.00
2756.00 0.00
2757.00 0.00
2758.00 0.00
2759.00 0.00
2760.00 0.00
2761.00 0.00
2762.00 0.00
2763.00 0.00
2764.00 0.00
2765.00 0.00
2766.00 0.00
2767.00 0.00
2768.00 0.00
2769.00 0.00
2770.00 0.00
2771.00 0.00
2772.00 0.00
2773.00 0.00
2774.00 0.00
2775.00 0.00
2776.00 0.00
2777.00 0.00
2778.00 0.00
2779.00 0.00
2780.00 0.00
2781.00 0.00
2782.00 0.00
2783.00 0.00
2784.00 0.00
2785.00 0.00
2786.00 0.00
2787.00 0.00
2788.00 0.00
2789.00 0.00
2790.00 0.00
2791.00 0.00
2792.00 0.00
2793.00 0.00
2794.00 0.00
2795.00 0.00
2796.00 0.00
2797.00 0.00
2798.00 0.00
2799.00 0.00
2800.00 0.00
2801.00 1.49
2802.00 1.40
2803.00 0.57
2804.00 0.05
2805.00 0.06
2806.00 0.06
2807.00 0.04
2808.00 0.09
2809.00 0.28
2810.00 0.29
2811.00 0.19
2812.00 0.16
2813.00 0.19
2814.00 0.55
2815.00 0.50
2816.00 0.92
2817.00 0.69
2818.00 0.15
2819.00 0.09
2820.00 0.03
2821.00 0.19
2822.00 0.12
2823.00 0.44
2824.00 0.19
2825.00 0.50
2826.00 0.26
2827.00 0.19
2828.00 0.14
2829.00 0.13
2830.00 0.31
2831.00 0.25
2832.00 0.19
2833.00 0.04
2834.00 0.08
2835.00 0.16
2836.00 0.06
2837.00 0.11
2838.00 0.41
2839.00 0.25
2840.00 0.19
2841.00 0.23
2842.00 0.25
2843.00 0.05
2844.00 0.03
2845.00 0.19
2846.00 0.54
2847.00 0.75
2848.00 0.15
2849.00 0.23
2850.00 0.34
2851.00 0.09
2852.00 0.17
2853.00 0.35
2854.00 0.10
2855.00 0.06
2856.00 0.14
2857.00 0.10
2858.00 0.12
2859.00 0.08
2860.00 0.24
2861.00 0.41
2862.00 0.33
2863.00 0.20
2864.00 0.37
2865.00 0.44
2866.00 0.18
2867.00 0.14
2868.00 0.18
2869.00 0.13
2870.00 0.17
2871.00 0.11
2872.00 0.23
2873.00 0.16
2874.00 0.30
2875.00 0.05
2876.00 0.12
2877.00 0.22
2878.00 0.38
2879.00 0.18
2880.00 0.27
2881.00 0.26
2882.00 0.15
2883.00 0.30
2884.00 0.65
2885.00 0.39
2886.00 0.09
2887.00 0.03
2888.00 0.00
2889.00 0.35
2890.00 0.10
2891.00 0.08
2892.00 0.27
2893.00 0.26
2894.00 0.10
2895.00 0.24
2896.00 0.06
2897.00 0.19
2898.00 0.08
2899.00 0.31
2900.00 0.17
2901.00 0.42
2902.00 0.12
2903.00 0.04
2904.00 0.24
2905.00 0.12
2906.00 0.25
2907.00 0.19
2908.00 0.32
2909.00 0.46
2910.00 1.11
2911.00 0.66
2912.00 0.29
2913.00 0.44
2914.00 0.42
2915.00 0.67
2916.00 0.45
2917.00 0.28
2918.00 0.30
2919.00 0.04
2920.00 0.32
2921.00 0.25
2922.00 0.33
2923.00 0.29
2924.00 0.80
2925.00 1.63
2926.00 1.90
2927.00 0.99
2928.00 4.80
2929.00 1.54
2930.00 14.25
2931.00 11.78
2932.00 1.57
2933.00 0.45
2934.00 2.69
2935.00 2.92
2936.00 1.59
2937.00 1.06
2938.00 0.53
2939.00 0.16
2940.00 0.36
2941.00 0.23
2942.00 0.31
2943.00 0.25
2944.00 0.27
2945.00 0.40
2946.00 0.05
2947.00 0.26
2948.00 0.08
2949.00 0.10
2950.00 0.17
2951.00 0.07
2952.00 0.03
2953.00 0.10
2954.00 0.10
2955.00 0.14
2956.00 0.27
2957.00 0.16
2958.00 0.25
2959.00 0.31
2960.00 0.36
2961.00 0.19
2962.00 0.28
2963.00 0.12
2964.00 0.27
2965.00 0.13
2966.00 0.46
2967.00 0.30
2968.00 0.14
2969.00 0.22
2970.00 0.16
2971.00 0.06
2972.00 0.09
2973.00 0.10
2974.00 0.15
2975.00 0.23
2976.00 0.10
2977.00 0.15
2978.00 0.38
2979.00 0.22
2980.00 0.12
2981.00 0.17
2982.00 0.26
2983.00 0.13
2984.00 0.33
2985.00 0.13
2986.00 0.18
2987.00 0.14
2988.00 0.03
2989.00 0.23
2990.00 0.32
2991.00 0.17
2992.00 0.12
2993.00 0.15
2994.00 0.18
2995.00 0.11
2996.00 0.17
2997.00 0.17
2998.00 0.20
2999.00 0.14
3000.00 0.15
3001.00 0.23
3002.00 0.18
3003.00 0.12
3004.00 0.23
3005.00 0.31
3006.00 0.24
3007.00 0.22
3008.00 0.34
3009.00 0.21
3010.00 0.07
3011.00 0.06
3012.00 0.21
3013.00 0.15
3014.00 0.34
3015.00 0.32
3016.00 0.40
3017.00 0.05
3018.00 0.10
3019.00 0.07
3020.00 0.11
3021.00 0.08
3022.00 0.19
3023.00 0.14
3024.00 0.12
3025.00 0.14
3026.00 0.05
3027.00 0.12
3028.00 0.15
3029.00 0.05
3030.00 0.15
3031.00 0.25
3032.00 0.15
3033.00 0.07
3034.00 0.04
3035.00 0.11
3036.00 0.21
3037.00 0.14
3038.00 0.06
3039.00 0.20
3040.00 0.13
3041.00 0.20
3042.00 0.14
3043.00 0.28
3044.00 0.11
3045.00 0.18
3046.00 0.09
3047.00 0.43
3048.00 0.27
3049.00 0.39
3050.00 0.16
3051.00 0.19
3052.00 0.41
3053.00 0.03
3054.00 0.19
3055.00 0.12
3056.00 0.17
3057.00 0.17
3058.00 0.13
3059.00 0.47
3060.00 0.25
3061.00 0.12
3062.00 0.32
3063.00 1.30
3064.00 2.71
3065.00 2.94
3066.00 2.39
3067.00 0.21
3068.00 0.60
3069.00 0.29
3070.00 0.47
3071.00 1.32
3072.00 0.38
3073.00 0.14
3074.00 0.36
3075.00 0.46
3076.00 0.04
3077.00 0.22
3078.00 0.14
3079.00 0.03
3080.00 0.39
3081.00 0.20
3082.00 0.05
3083.00 0.06
3084.00 0.08
3085.00 0.12
3086.00 0.09
3087.00 0.17
3088.00 0.08
3089.00 0.31
3090.00 0.23
3091.00 0.02
3092.00 0.19
3093.00 0.19
3094.00 0.20
3095.00 0.10
3096.00 0.11
3097.00 0.06
3098.00 0.20
3099.00 0.15
3100.00 0.06
3101.00 0.05
3102.00 0.06
3103.00 0.13
3104.00 0.15
3105.00 0.04
3106.00 0.05
3107.00 0.14
3108.00 0.07
3109.00 0.08
3110.00 0.07
3111.00 0.09
3112.00 0.09
3113.00 0.06
3114.00 0.04
3115.00 0.06
3116.00 0.04
3117.00 0.11
3118.00 0.04
3119.00 0.07
3120.00 0.06
3121.00 0.03
3122.00 0.02
3123.00 0.17
3124.00 0.08
3125.00 0.09
3126.00 0.29
3127.00 0.21
3128.00 0.28
3129.00 0.11
3130.00 0.09
3131.00 0.20
3132.00 0.20
3133.00 0.19
3134.00 0.14
3135.00 0.11
3136.00 0.09
3137.00 0.03
3138.00 0.08
3139.00 0.25
3140.00 0.05
3141.00 0.06
3142.00 0.04
3143.00 0.11
3144.00 0.08
3145.00 0.03
3146.00 0.05
3147.00 0.03
3148.00 0.24
3149.00 0.01
3150.00 0.07
3151.00 0.31
3152.00 0.13
3153.00 0.04
3154.00 0.08
3155.00 0.07
3156.00 0.02
3157.00 0.10
3158.00 0.11
3159.00 0.04
3160.00 0.08
3161.00 0.26
3162.00 0.07
3163.00 0.21
3164.00 0.14
3165.00 0.05
3166.00 0.07
3167.00 0.05
3168.00 0.18
3169.00 0.16
3170.00 0.02
3171.00 0.08
3172.00 0.22
3173.00 0.02
3174.00 0.10
3175.00 0.14
3176.00 0.05
3177.00 0.03
3178.00 0.06
3179.00 0.07
3180.00 0.07
3181.00 0.04
3182.00 0.14
3183.00 0.06
3184.00 0.09
3185.00 0.14
3186.00 0.09
3187.00 0.04
3188.00 0.01
3189.00 0.03
3190.00 0.12
3191.00 0.07
3192.00 0.05
3193.00 0.06
3194.00 0.23
3195.00 0.07
3196.00 0.12
3197.00 0.05
3198.00 0.13
3199.00 0.12
3200.00 0.09
3201.00 0.14
3202.00 0.19
3203.00 0.12
3204.00 0.22
3205.00 0.10
3206.00 0.06
3207.00 0.06
3208.00 0.04
3209.00 0.05
3210.00 0.05
3211.00 0.20
3212.00 0.16
3213.00 0.16
3214.00 0.17
3215.00 0.08
3216.00 0.07
3217.00 0.05
3218.00 0.03
3219.00 0.05
3220.00 0.09
3221.00 0.03
3222.00 0.03
3223.00 0.16
3224.00 0.16
3225.00 0.05
3226.00 0.06
3227.00 0.04
3228.00 0.10
3229.00 0.07
3230.00 0.07
3231.00 0.07
3232.00 0.01
3233.00 0.22
3234.00 0.05
3235.00 0.23
3236.00 0.14
3237.00 0.15
3238.00 0.17
3239.00 0.14
3240.00 1.55
3241.00 1.42
3242.00 1.47
3243.00 0.27
3244.00 0.36
3245.00 0.29
3246.00 257.78
3247.00 257.88
3248.00 0.00
3249.00 0.00
3250.00 0.00
3251.00 0.00
3252.00 0.00
3253.00 0.00
3254.00 0.00
3255.00 0.00
3256.00 0.00
3257.00 0.00
3258.00 0.00
3259.00 0.00
3260.00 0.00
3261.00 0.00
3262.00 0.00
3263.00 0.00
3264.00 0.00
3265.00 0.00
3266.00 0.00
3267.00 0.00
3268.00 0.00
3269.00 0.00
3270.00 0.00
3271.00 0.00
3272.00 0.00
3273.00 0.00
3274.00 0.00
3275.00 0.00
3276.00 0.00
3277.00 0.00
3278.00 0.00
3279.00 0.00
3280.00 0.00
3281.00 0.00
3282.00 0.00
3283.00 0.00
3284.00 0.00
3285.00 0.00
3286.00 0.00
3287.00 0.00
3288.00 0.00
3289.00 0.00
3290.00 0.00
3291.00 0.00
3292.00 0.00
3293.00 0.00
3294.00 0.00
3295.00 0.00
3296.00 0.00
3297.00 0.00
3298.00 0.00
3299.00 0.00
3300.00 0.00
3301.00 0.00
3302.00 0.00
3303.00 0.00
3304.00 0.00
3305.00 0.00
3306.00 0.00
3307.00 0.00
3308.00 1.39
3309.00 0.97
3310.00 0.67
3311.00 0.14
3312.00 0.24
3313.00 0.50
3314.00 0.24
3315.00 0.27
3316.00 0.51
3317.00 1.10
3318.00 0.16
3319.00 0.84
3320.00 0.79
3321.00 0.18
3322.00 0.36
3323.00 0.15
3324.00 0.21
3325.00 0.17
3326.00 0.10
3327.00 0.85
3328.00 0.30
3329.00 0.19
3330.00 0.23
3331.00 0.50
3332.00 0.80
3333.00 0.44
3334.00 0.31
3335.00 1.03
3336.00 0.23
3337.00 1.40
3338.00 0.13
3339.00 0.19
3340.00 0.13
3341.00 0.16
3342.00 0.44
3343.00 0.47
3344.00 0.17
3345.00 0.16
3346.00 0.34
3347.00 0.43
3348.00 0.53
3349.00 0.30
3350.00 0.14
3351.00 0.13
3352.00 0.17
3353.00 0.03
3354.00 0.21
3355.00 0.36
3356.00 0.17
3357.00 0.31
3358.00 0.86
3359.00 0.28
3360.00 0.42
3361.00 0.15
3362.00 0.23
3363.00 0.47
3364.00 0.21
3365.00 0.30
3366.00 0.16
3367.00 0.07
3368.00 0.31
3369.00 0.12
3370.00 0.27
3371.00 0.06
3372.00 0.38
3373.00 0.41
3374.00 0.14
3375.00 0.13
3376.00 0.22
3377.00 0.11
3378.00 0.42
3379.00 0.49
3380.00 0.45
3381.00 0.15
3382.00 0.26
3383.00 0.41
3384.00 0.22
3385.00 0.34
3386.00 0.11
3387.00 0.06
3388.00 0.26
3389.00 0.29
3390.00 0.06
3391.00 0.26
3392.00 0.42
3393.00 0.24
3394.00 0.44
3395.00 1.20
3396.00 0.88
3397.00 0.86
3398.00 0.47
3399.00 0.23
3400.00 0.65
3401.00 0.48
3402.00 2.00
3403.00 0.74
3404.00 0.19
3405.00 0.32
3406.00 0.11
3407.00 0.44
3408.00 0.02
3409.00 0.18
3410.00 0.15
3411.00 0.42
3412.00 0.42
3413.00 0.25
3414.00 0.18
3415.00 0.06
3416.00 0.25
3417.00 0.21
3418.00 0.17
3419.00 0.10
3420.00 0.25
3421.00 0.23
3422.00 0.15
3423.00 0.16
3424.00 0.14
3425.00 0.09
3426.00 0.13
3427.00 0.44
3428.00 1.07
3429.00 0.58
3430.00 0.99
3431.00 0.51
3432.00 0.33
3433.00 0.78
3434.00 0.53
3435.00 0.21
3436.00 0.82
3437.00 0.52
3438.00 0.97
3439.00 0.36
3440.00 0.58
3441.00 0.19
3442.00 0.18
3443.00 0.48
3444.00 0.35
3445.00 0.39
3446.00 0.31
3447.00 0.33
3448.00 0.14
3449.00 0.25
3450.00 0.33
3451.00 0.18
3452.00 0.35
3453.00 0.17
3454.00 0.08
3455.00 0.28
3456.00 0.11
3457.00 0.16
3458.00 0.10
3459.00 0.42
3460.00 0.14
3461.00 0.46
3462.00 1.33
3463.00 14.47
3464.00 1.58
3465.00 0.30
3466.00 0.59
3467.00 0.16
3468.00 0.57
3469.00 0.46
3470.00 0.95
3471.00 0.60
3472.00 0.70
3473.00 0.76
3474.00 1.48
3475.00 0.19
3476.00 0.24
3477.00 0.41
3478.00 0.56
3479.00 0.56
3480.00 0.98
3481.00 0.32
3482.00 0.19
3483.00 0.54
3484.00 0.81
3485.00 0.03
3486.00 0.71
3487.00 0.33
3488.00 0.53
3489.00 0.29
3490.00 0.51
3491.00 0.25
3492.00 0.25
3493.00 0.08
3494.00 0.14
3495.00 0.38
3496.00 0.25
3497.00 1.51
3498.00 2.10
3499.00 0.44
3500.00 0.64
3501.00 0.88
3502.00 0.54
3503.00 0.29
3504.00 0.08
3505.00 0.14
3506.00 0.61
3507.00 0.23
3508.00 0.08
3509.00 0.34
3510.00 0.19
3511.00 0.12
3512.00 0.09
3513.00 0.09
3514.00 0.09
3515.00 0.16
3516.00 0.03
3517.00 0.14
3518.00 0.39
3519.00 0.49
3520.00 0.28
3521.00 0.18
3522.00 0.45
3523.00 0.38
3524.00 0.60
3525.00 0.48
3526.00 0.27
3527.00 0.33
3528.00 0.80
3529.00 0.71
3530.00 1.68
3531.00 0.39
3532.00 0.43
3533.00 1.45
3534.00 2.42
3535.00 1.18
3536.00 2.04
3537.00 1.43
3538.00 1.10
3539.00 0.85
3540.00 0.54
3541.00 0.78
3542.00 1.37
3543.00 0.92
3544.00 0.14
3545.00 0.16
3546.00 0.18
3547.00 0.09
3548.00 0.31
3549.00 0.27
3550.00 0.76
3551.00 0.30
3552.00 0.07
3553.00 0.25
3554.00 0.44
3555.00 0.22
3556.00 0.06
3557.00 0.10
3558.00 0.20
3559.00 0.20
3560.00 0.27
3561.00 0.21
3562.00 0.10
3563.00 0.19
3564.00 0.45
3565.00 3.05
3566.00 8.44
3567.00 7.97
3568.00 8.25
3569.00 0.20
3570.00 0.54
3571.00 0.35
3572.00 0.89
3573.00 0.29
3574.00 0.17
3575.00 0.25
3576.00 0.23
3577.00 0.27
3578.00 0.29
3579.00 0.25
3580.00 0.14
3581.00 0.25
3582.00 0.24
3583.00 0.05
3584.00 0.32
3585.00 0.17
3586.00 0.19
3587.00 0.03
3588.00 0.10
3589.00 0.37
3590.00 0.16
3591.00 0.33
3592.00 0.07
3593.00 0.09
3594.00 0.04
3595.00 0.07
3596.00 0.04
3597.00 0.19
3598.00 0.47
3599.00 0.25
3600.00 0.08
3601.00 0.46
3602.00 0.11
3603.00 0.28
3604.00 0.12
3605.00 0.41
3606.00 0.11
3607.00 0.18
3608.00 0.28
3609.00 0.04
3610.00 0.26
3611.00 0.15
3612.00 0.25
3613.00 0.25
3614.00 0.33
3615.00 0.35
3616.00 0.20
3617.00 0.34
3618.00 0.17
3619.00 0.03
3620.00 0.33
3621.00 0.25
3622.00 0.41
3623.00 0.26
3624.00 0.07
3625.00 0.13
3626.00 0.13
3627.00 0.05
3628.00 0.13
3629.00 0.10
3630.00 0.11
3631.00 0.14
3632.00 0.27
3633.00 0.44
3634.00 0.09
3635.00 0.28
3636.00 0.57
3637.00 0.46
3638.00 0.52
3639.00 0.41
3640.00 0.15
3641.00 0.07
3642.00 0.16
3643.00 0.20
3644.00 0.07
3645.00 0.32
3646.00 0.21
3647.00 0.11
3648.00 0.22
3649.00 0.33
3650.00 0.36
3651.00 0.30
3652.00 0.13
3653.00 0.27
3654.00 0.26
3655.00 0.09
3656.00 0.12
3657.00 0.03
3658.00 0.19
3659.00 0.11
3660.00 0.36
3661.00 0.14
3662.00 0.19
3663.00 0.08
3664.00 0.26
3665.00 0.11
3666.00 0.69
3667.00 1.04
3668.00 0.80
3669.00 0.84
3670.00 0.88
3671.00 1.29
3672.00 0.95
3673.00 0.11
3674.00 0.28
3675.00 0.12
3676.00 0.43
3677.00 0.12
3678.00 0.24
3679.00 0.02
3680.00 0.15
3681.00 0.36
3682.00 0.15
3683.00 0.06
3684.00 0.10
3685.00 0.15
3686.00 0.20
3687.00 0.11
3688.00 0.08
3689.00 0.13
3690.00 0.03
3691.00 0.46
3692.00 0.20
3693.00 0.07
3694.00 0.29
3695.00 0.23
3696.00 1.02
3697.00 0.96
3698.00 1.14
3699.00 0.42
3700.00 0.28
3701.00 3.56
3702.00 2.63
3703.00 1.37
3704.00 0.39
3705.00 1.02
3706.00 1.27
3707.00 0.29
3708.00 0.17
3709.00 0.04
3710.00 0.18
3711.00 0.43
3712.00 0.05
3713.00 0.08
3714.00 0.80
3715.00 0.46
3716.00 0.32
3717.00 0.27
3718.00 0.31
3719.00 0.15
3720.00 0.16
3721.00 0.12
3722.00 0.03
3723.00 0.24
3724.00 0.04
3725.00 0.13
3726.00 0.30
3727.00 0.10
3728.00 5.58
3729.00 1.02
3730.00 0.48
3731.00 0.84
3732.00 0.58
3733.00 1.83
3734.00 2.26
3735.00 0.75
3736.00 0.40
3737.00 0.59
3738.00 0.14
3739.00 0.39
3740.00 0.52
3741.00 0.56
3742.00 0.09
3743.00 0.20
3744.00 0.24
3745.00 0.37
3746.00 0.15
3747.00 0.05
3748.00 0.06
3749.00 0.08
3750.00 0.33
3751.00 0.16
3752.00 0.25
3753.00 0.22
3754.00 0.32
3755.00 0.07
3756.00 0.19
3757.00 0.42
3758.00 0.28
3759.00 0.30
3760.00 4.32
3761.00 37.48
3762.00 10.07
3763.00 1.58
3764.00 0.44
3765.00 0.16
3766.00 0.20
3767.00 0.93
3768.00 0.40
3769.00 0.29
3770.00 0.49
3771.00 0.28
3772.00 0.19
3773.00 0.08
3774.00 0.10
3775.00 0.20
3776.00 0.23
3777.00 0.22
3778.00 0.57
3779.00 0.39
3780.00 0.17
3781.00 0.16
3782.00 0.39
3783.00 0.08
3784.00 0.20
3785.00 0.48
3786.00 0.78
3787.00 0.54
3788.00 0.90
3789.00 0.91
3790.00 0.99
3791.00 0.82
3792.00 1.11
3793.00 0.33
3794.00 0.66
3795.00 0.15
3796.00 2.05
3797.00 3.95
3798.00 2.31
3799.00 0.97
3800.00 0.59
3801.00 0.09
3802.00 0.76
3803.00 0.24
3804.00 0.31
3805.00 0.17
3806.00 0.29
3807.00 0.52
3808.00 0.56
3809.00 0.37
3810.00 0.19
3811.00 0.20
3812.00 0.26
3813.00 0.01
3814.00 0.07
3815.00 0.26
3816.00 0.58
3817.00 0.27
3818.00 0.83
3819.00 0.09
3820.00 0.39
3821.00 0.60
3822.00 0.66
3823.00 0.81
3824.00 0.64
3825.00 0.56
3826.00 0.27
3827.00 1.65
3828.00 1.20
3829.00 0.53
3830.00 3.51
3831.00 1.28
3832.00 0.55
3833.00 0.68
3834.00 0.93
3835.00 0.20
3836.00 0.21
3837.00 0.20
3838.00 0.01
3839.00 0.06
3840.00 0.16
3841.00 0.39
3842.00 0.23
3843.00 0.21
3844.00 0.27
3845.00 0.11
3846.00 0.15
3847.00 0.24
3848.00 0.02
3849.00 0.20
3850.00 0.28
3851.00 0.27
3852.00 0.19
3853.00 0.19
3854.00 0.49
3855.00 0.48
3856.00 2.15
3857.00 62.34
3858.00 0.74
3859.00 0.15
3860.00 0.31
3861.00 0.13
3862.00 0.87
3863.00 0.48
3864.00 0.11
3865.00 0.27
3866.00 0.20
3867.00 0.11
3868.00 0.24
3869.00 0.50
3870.00 0.40
3871.00 0.13
3872.00 0.12
3873.00 0.27
3874.00 0.10
3875.00 0.22
3876.00 0.34
3877.00 0.24
3878.00 0.03
3879.00 0.25
3880.00 0.08
3881.00 0.30
3882.00 0.21
3883.00 0.20
3884.00 0.17
3885.00 0.24
3886.00 1.49
3887.00 0.22
3888.00 7.27
3889.00 1.09
3890.00 0.95
3891.00 0.19
3892.00 1.40
3893.00 0.87
3894.00 0.67
3895.00 0.60
3896.00 0.15
3897.00 0.20
3898.00 0.18
3899.00 0.15
3900.00 0.03
3901.00 0.11
3902.00 0.16
3903.00 0.19
3904.00 0.33
3905.00 0.10
3906.00 0.01
3907.00 0.08
3908.00 0.16
3909.00 0.16
3910.00 0.08
3911.00 0.12
3912.00 0.06
3913.00 0.21
3914.00 0.35
3915.00 0.52
3916.00 0.29
3917.00 0.35
3918.00 0.25
3919.00 0.15
3920.00 0.25
3921.00 0.48
3922.00 0.07
3923.00 0.13
3924.00 0.20
3925.00 0.17
3926.00 0.20
3927.00 0.14
3928.00 0.75
3929.00 0.03
3930.00 0.05
3931.00 0.08
3932.00 0.08
3933.00 0.11
3934.00 0.25
3935.00 0.35
3936.00 0.28
3937.00 0.04
3938.00 0.27
3939.00 0.10
3940.00 0.10
3941.00 0.07
3942.00 0.44
3943.00 0.56
3944.00 0.15
3945.00 0.15
3946.00 0.30
3947.00 0.11
3948.00 0.12
3949.00 0.02
3950.00 0.10
3951.00 0.10
3952.00 0.16
3953.00 0.36
3954.00 0.44
3955.00 0.57
3956.00 3.57
3957.00 1.53
3958.00 0.83
3959.00 0.14
3960.00 0.34
3961.00 0.55
3962.00 1.10
3963.00 0.54
3964.00 0.05
3965.00 0.39
3966.00 0.48
3967.00 0.17
3968.00 0.26
3969.00 0.34
3970.00 0.34
3971.00 0.13
3972.00 0.16
3973.00 0.09
3974.00 0.12
3975.00 0.12
3976.00 0.14
3977.00 0.09
3978.00 0.17
3979.00 0.13
3980.00 0.03
3981.00 0.17
3982.00 0.06
3983.00 0.02
3984.00 0.23
3985.00 0.38
3986.00 0.17
3987.00 0.09
3988.00 0.34
3989.00 0.06
3990.00 0.12
3991.00 0.04
3992.00 0.12
3993.00 0.03
3994.00 0.16
3995.00 0.20
3996.00 0.08
3997.00 0.14
3998.00 0.15
3999.00 0.03
4000.00 0.28
4001.00 0.11
4002.00 0.11
4003.00 0.23
4004.00 0.20
4005.00 0.08
4006.00 0.19
4007.00 0.16
4008.00 0.14
4009.00 0.22
4010.00 0.16
4011.00 0.35
4012.00 0.13
4013.00 0.31
4014.00 0.26
4015.00 0.11
4016.00 0.07
4017.00 0.40
4018.00 0.13
4019.00 0.00
4020.00 0.00
4021.00 0.00
4022.00 0.00
4023.00 0.00
4024.00 0.00
4025.00 0.00
4026.00 0.00
4027.00 0.00
4028.00 0.00
4029.00 0.00
4030.00 0.00
4031.00 0.00
4032.00 0.00
4033.00 0.00
4034.00 0.00
4035.00 0.00
4036.00 0.00
4037.00 0.00
4038.00 0.00
4039.00 0.00
4040.00 0.00
4041.00 0.00
4042.00 0.00
4043.00 0.00
4044.00 0.00
4045.00 0.00
4046.00 0.00
4047.00 0.00
4048.00 0.00
4049.00 0.00
4050.00 0.00
4051.00 0.00
4052.00 0.00
4053.00 0.00
4054.00 0.00
4055.00 0.00
4056.00 0.00
4057.00 0.00
4058.00 0.00
4059.00 0.00
4060.00 0.00
4061.00 0.00
4062.00 0.00
4063.00 0.00
4064.00 0.00
4065.00 0.00
4066.00 0.00
4067.00 0.00
4068.00 0.00
4069.00 0.00
4070.00 0.00
4071.00 0.00
4072.00 0.00
4073.00 0.00
4074.00 0.00
4075.00 0.00
4076.00 0.00
4077.00 0.75
4078.00 1.41
4079.00 15.35
4080.00 3.50
4081.00 0.76
4082.00 0.30
4083.00 0.87
4084.00 1.79
4085.00 1.46
4086.00 1.22
4087.00 0.79
4088.00 0.70
4089.00 0.62
4090.00 0.42
4091.00 0.15
4092.00 0.12
4093.00 0.22
4094.00 0.29
4095.00 0.18
4096.00 0.12
4097.00 0.17
4098.00 0.20
4099.00 0.29
4100.00 1.08
4101.00 1.06
4102.00 0.41
4103.00 0.67
4104.00 0.26
4105.00 0.74
4106.00 0.39
4107.00 0.13
4108.00 0.24
4109.00 0.22
4110.00 0.07
4111.00 0.17
4112.00 0.46
4113.00 0.20
4114.00 0.19
4115.00 0.06
4116.00 0.37
4117.00 0.02
4118.00 0.12
4119.00 0.33
4120.00 0.16
4121.00 0.24
4122.00 0.09
4123.00 0.28
4124.00 0.16
4125.00 0.65
4126.00 0.26
4127.00 0.11
4128.00 0.37
4129.00 0.81
4130.00 0.11
4131.00 0.25
4132.00 0.35
4133.00 0.22
4134.00 0.68
4135.00 1.69
4136.00 0.53
4137.00 0.70
4138.00 0.29
4139.00 0.23
4140.00 0.61
4141.00 0.58
4142.00 1.64
4143.00 1.28
4144.00 3.32
4145.00 2.15
4146.00 1.01
4147.00 1.43
4148.00 0.20
4149.00 1.58
4150.00 1.33
4151.00 0.64
4152.00 0.32
4153.00 0.22
4154.00 0.10
4155.00 0.18
4156.00 0.23
4157.00 0.16
4158.00 0.44
4159.00 0.10
4160.00 0.20
4161.00 0.20
4162.00 0.16
4163.00 0.10
4164.00 0.21
4165.00 0.57
4166.00 0.53
4167.00 0.08
4168.00 0.20
4169.00 0.23
4170.00 0.11
4171.00 0.15
4172.00 0.05
4173.00 0.22
4174.00 0.15
4175.00 0.13
4176.00 0.11
4177.00 0.23
4178.00 0.25
4179.00 0.42
4180.00 0.29
4181.00 0.27
4182.00 0.39
4183.00 0.14
4184.00 0.15
4185.00 0.08
4186.00 0.40
4187.00 0.46
4188.00 0.52
4189.00 0.38
4190.00 0.03
4191.00 0.42
4192.00 0.37
4193.00 0.37
4194.00 0.31
4195.00 0.25
4196.00 0.29
4197.00 0.08
4198.00 0.30
4199.00 0.37
4200.00 0.07
4201.00 0.18
4202.00 0.32
4203.00 0.21
4204.00 0.11
4205.00 0.26
4206.00 0.76
4207.00 0.48
4208.00 1.11
4209.00 0.35
4210.00 0.49
4211.00 1.22
4212.00 1.12
4213.00 0.18
4214.00 0.50
4215.00 0.64
4216.00 0.63
4217.00 0.63
4218.00 0.48
4219.00 0.26
4220.00 0.02
4221.00 0.18
4222.00 0.15
4223.00 0.30
4224.00 0.06
4225.00 0.11
4226.00 0.13
4227.00 0.27
4228.00 0.24
4229.00 0.36
4230.00 0.37
4231.00 0.10
4232.00 0.29
4233.00 0.54
4234.00 0.39
4235.00 0.32
4236.00 0.30
4237.00 0.21
4238.00 0.13
4239.00 0.02
4240.00 0.19
4241.00 0.04
4242.00 0.07
4243.00 0.28
4244.00 0.73
4245.00 0.71
4246.00 2.77
4247.00 2.17
4248.00 0.74
4249.00 0.23
4250.00 0.01
4251.00 0.63
4252.00 0.32
4253.00 0.21
4254.00 0.20
4255.00 0.39
4256.00 0.35
4257.00 0.15
4258.00 0.38
4259.00 0.24
4260.00 0.34
4261.00 0.22
4262.00 0.13
4263.00 0.21
4264.00 0.01
4265.00 0.13
4266.00 0.31
4267.00 0.23
4268.00 0.83
4269.00 0.19
4270.00 0.10
4271.00 0.31
4272.00 0.66
4273.00 0.39
4274.00 7.13
4275.00 1.53
4276.00 1.00
4277.00 8.53
4278.00 12.25
4279.00 2.55
4280.00 0.96
4281.00 0.42
4282.00 0.77
4283.00 0.87
4284.00 0.68
4285.00 0.22
4286.00 0.37
4287.00 0.04
4288.00 0.64
4289.00 0.18
4290.00 0.21
4291.00 0.05
4292.00 0.57
4293.00 0.12
4294.00 0.26
4295.00 0.10
4296.00 0.24
4297.00 0.03
4298.00 0.03
4299.00 0.13
4300.00 0.38
4301.00 0.16
4302.00 0.27
4303.00 0.11
4304.00 0.17
4305.00 0.29
4306.00 0.43
4307.00 0.43
4308.00 0.26
4309.00 0.05
4310.00 0.20
4311.00 0.39
4312.00 0.58
4313.00 0.63
4314.00 0.21
4315.00 0.31
4316.00 0.28
4317.00 2.32
4318.00 0.59
4319.00 0.83
4320.00 0.87
4321.00 0.22
4322.00 0.17
4323.00 0.03
4324.00 0.53
4325.00 0.84
4326.00 0.36
4327.00 0.23
4328.00 0.07
4329.00 0.06
4330.00 0.32
4331.00 0.80
4332.00 0.62
4333.00 0.52
4334.00 0.80
4335.00 0.49
4336.00 0.14
4337.00 0.68
4338.00 1.41
4339.00 1.09
4340.00 16.35
4341.00 0.00
4342.00 0.00
4343.00 0.00
4344.00 9.86
4345.00 1.80
4346.00 4.75
4347.00 8.90
4348.00 0.28
4349.00 1.23
4350.00 1.65
4351.00 1.29
4352.00 1.76
4353.00 1.99
4354.00 1.50
4355.00 1.15
4356.00 0.44
4357.00 1.02
4358.00 3.66
4359.00 4.25
4360.00 5.49
4361.00 6.50
4362.00 2.92
4363.00 2.04
4364.00 0.91
4365.00 0.98
4366.00 1.30
4367.00 1.04
4368.00 0.85
4369.00 3.19
4370.00 1.00
4371.00 1.53
4372.00 1.83
4373.00 2.30
4374.00 3.55
4375.00 3.63
4376.00 2.56
4377.00 4.49
4378.00 5.53
4379.00 3.11
4380.00 1.38
4381.00 1.18
4382.00 1.05
4383.00 0.95
4384.00 0.90
4385.00 0.80
4386.00 1.78
4387.00 1.42
4388.00 1.89
4389.00 2.95
4390.00 3.24
4391.00 2.31
4392.00 1.78
4393.00 2.15
4394.00 1.38
4395.00 1.25
4396.00 1.05
4397.00 0.51
4398.00 1.17
4399.00 1.03
4400.00 0.82
4401.00 1.28
4402.00 1.15
4403.00 1.35
4404.00 1.89
4405.00 2.16
4406.00 3.10
4407.00 5.04
4408.00 5.78
4409.00 7.00
4410.00 6.11
4411.00 11.61
4412.00 0.98
4413.00 1.73
4414.00 2.36
4415.00 0.72
4416.00 0.20
4417.00 1.13
4418.00 0.35
4419.00 0.26
4420.00 0.28
4421.00 0.74
4422.00 0.15
4423.00 0.27
4424.00 0.11
4425.00 0.12
4426.00 0.42
4427.00 0.39
4428.00 0.55
4429.00 0.10
4430.00 0.67
4431.00 0.31
4432.00 0.36
4433.00 0.67
4434.00 0.67
4435.00 0.70
4436.00 0.27
4437.00 0.23
4438.00 0.11
4439.00 0.35
4440.00 0.11
4441.00 0.07
4442.00 0.30
4443.00 0.39
4444.00 0.20
4445.00 0.15
4446.00 0.62
4447.00 1.08
4448.00 0.31
4449.00 0.28
4450.00 0.29
4451.00 0.61
4452.00 0.09
4453.00 0.12
4454.00 0.18
4455.00 0.11
4456.00 0.15
4457.00 0.29
4458.00 0.05
4459.00 0.05
4460.00 0.07
4461.00 0.12
4462.00 0.40
4463.00 0.57
4464.00 0.10
4465.00 0.59
4466.00 0.15
4467.00 0.20
4468.00 0.16
4469.00 0.27
4470.00 0.34
4471.00 0.19
4472.00 0.19
4473.00 0.23
4474.00 0.22
4475.00 0.12
4476.00 0.24
4477.00 0.39
4478.00 1.06
4479.00 0.46
4480.00 1.45
4481.00 3.11
4482.00 1.08
4483.00 2.52
4484.00 0.23
4485.00 0.16
4486.00 0.45
4487.00 1.18
4488.00 0.69
4489.00 0.99
4490.00 0.71
4491.00 0.30
4492.00 0.54
4493.00 0.57
4494.00 0.79
4495.00 0.46
4496.00 0.45
4497.00 0.34
4498.00 0.36
4499.00 0.30
4500.00 0.36
4501.00 0.37
4502.00 0.42
4503.00 0.36
4504.00 0.12
4505.00 0.28
4506.00 0.52
4507.00 0.49
4508.00 0.77
4509.00 0.16
4510.00 0.81
4511.00 0.54
4512.00 0.39
4513.00 0.13
4514.00 0.11
4515.00 0.23
4516.00 0.33
4517.00 0.11
4518.00 0.50
4519.00 0.22
4520.00 0.07
4521.00 0.30
4522.00 0.33
4523.00 0.27
4524.00 0.82
4525.00 0.25
4526.00 0.02
4527.00 0.49
4528.00 0.26
4529.00 0.47
4530.00 0.34
4531.00 0.69
4532.00 0.52
4533.00 0.04
4534.00 0.33
4535.00 0.38
4536.00 0.38
4537.00 0.32
4538.00 0.83
4539.00 2.24
4540.00 0.70
4541.00 1.08
4542.00 0.73
4543.00 0.76
4544.00 0.26
4545.00 0.44
4546.00 0.28
4547.00 0.21
4548.00 0.22
4549.00 1.07
4550.00 0.89
4551.00 0.03
4552.00 0.30
4553.00 0.51
4554.00 0.22
4555.00 0.44
4556.00 0.69
4557.00 0.31
4558.00 1.74
4559.00 1.09
4560.00 1.32
4561.00 0.00
4562.00 0.00
4563.00 0.00
4564.00 0.00
4565.00 0.00
4566.00 0.00
4567.00 0.00
4568.00 0.00
4569.00 0.00
4570.00 0.00
4571.00 0.00
4572.00 0.00
4573.00 0.00
4574.00 0.00
4575.00 0.00
4576.00 0.00
4577.00 0.00
4578.00 0.00
4579.00 0.00
4580.00 0.00
4581.00 0.00
4582.00 0.00
4583.00 0.00
4584.00 0.00
4585.00 0.00
4586.00 0.00
4587.00 0.00
4588.00 0.00
4589.00 0.00
4590.00 0.00
4591.00 0.00
4592.00 0.00
4593.00 0.00
4594.00 0.00
4595.00 0.00
4596.00 0.00
4597.00 0.00
4598.00 19.60
4599.00 0.00
4600.00 39.85
4601.00 4.52
4602.00 1.06
4603.00 2.48
4604.00 1.59
4605.00 0.41
4606.00 0.30
4607.00 0.66
4608.00 1.14
4609.00 1.14
4610.00 0.50
4611.00 0.29
4612.00 0.35
4613.00 0.10
4614.00 0.14
4615.00 0.12
4616.00 0.16
4617.00 0.15
4618.00 0.21
4619.00 0.44
4620.00 0.55
4621.00 0.04
4622.00 0.05
4623.00 0.51
4624.00 0.15
4625.00 0.48
4626.00 0.41
4627.00 0.16
4628.00 0.36
4629.00 1.13
4630.00 0.84
4631.00 0.47
4632.00 0.04
4633.00 0.18
4634.00 0.15
4635.00 0.37
4636.00 0.33
4637.00 0.18
4638.00 0.37
4639.00 0.24
4640.00 0.15
4641.00 0.12
4642.00 0.37
4643.00 0.42
4644.00 0.69
4645.00 0.44
4646.00 0.30
4647.00 0.31
4648.00 0.11
4649.00 0.15
4650.00 0.30
4651.00 0.20
4652.00 0.44
4653.00 0.67
4654.00 0.29
4655.00 0.35
4656.00 0.08
4657.00 0.39
4658.00 0.36
4659.00 0.29
4660.00 0.29
4661.00 0.06
4662.00 0.20
4663.00 0.12
4664.00 0.28
4665.00 0.13
4666.00 0.19
4667.00 0.19
4668.00 0.05
4669.00 0.16
4670.00 0.16
4671.00 0.13
4672.00 0.18
4673.00 0.38
4674.00 0.44
4675.00 0.17
4676.00 0.15
4677.00 0.08
4678.00 0.21
4679.00 0.10
4680.00 0.18
4681.00 0.04
4682.00 0.18
4683.00 0.30
4684.00 0.08
4685.00 0.21
4686.00 0.05
4687.00 0.08
4688.00 0.12
4689.00 0.06
4690.00 0.04
4691.00 0.11
4692.00 0.20
4693.00 0.27
4694.00 0.06
4695.00 0.07
4696.00 0.09
4697.00 0.11
4698.00 0.04
4699.00 0.11
4700.00 0.08
4701.00 0.21
4702.00 0.31
4703.00 0.36
4704.00 0.16
4705.00 0.14
4706.00 0.14
4707.00 0.25
4708.00 0.15
4709.00 0.07
4710.00 0.08
4711.00 0.22
4712.00 0.14
4713.00 0.23
4714.00 0.19
4715.00 0.25
4716.00 0.07
4717.00 0.09
4718.00 0.27
4719.00 0.04
4720.00 0.18
4721.00 0.12
4722.00 1.17
4723.00 0.36
4724.00 0.28
4725.00 1.47
4726.00 1.62
4727.00 1.08
4728.00 3.72
4729.00 6.25
4730.00 8.70
4731.00 1.88
4732.00 2.21
4733.00 4.72
4734.00 2.72
4735.00 3.55
4736.00 3.22
4737.00 0.28
4738.00 0.59
4739.00 1.42
4740.00 1.14
4741.00 1.60
4742.00 1.61
4743.00 1.82
4744.00 2.84
4745.00 3.83
4746.00 2.99
4747.00 2.70
4748.00 1.58
4749.00 2.24
4750.00 1.74
4751.00 1.80
4752.00 1.97
4753.00 0.39
4754.00 1.34
4755.00 1.33
4756.00 1.20
4757.00 2.04
4758.00 0.46
4759.00 1.65
4760.00 4.18
4761.00 5.17
4762.00 2.73
4763.00 3.03
4764.00 2.16
4765.00 0.46
4766.00 0.78
4767.00 0.04
4768.00 0.48
4769.00 0.94
4770.00 0.88
4771.00 0.64
4772.00 0.10
4773.00 0.37
4774.00 0.15
4775.00 0.42
4776.00 0.20
4777.00 0.41
4778.00 0.25
4779.00 0.62
4780.00 0.26
4781.00 0.59
4782.00 0.18
4783.00 0.25
4784.00 0.06
4785.00 0.69
4786.00 0.12
4787.00 0.34
4788.00 0.30
4789.00 2.22
4790.00 1.41
4791.00 2.26
4792.00 1.71
4793.00 0.70
4794.00 1.33
4795.00 0.52
4796.00 0.21
4797.00 0.16
4798.00 0.70
4799.00 1.37
4800.00 0.37
4801.00 0.88
4802.00 1.34
4803.00 0.79
4804.00 1.04
4805.00 1.01
4806.00 2.06
4807.00 0.92
4808.00 0.77
4809.00 0.59
4810.00 3.11
4811.00 2.81
4812.00 1.67
4813.00 0.78
4814.00 1.00
4815.00 2.09
4816.00 0.90
4817.00 0.39
4818.00 0.90
4819.00 0.14
4820.00 0.43
4821.00 0.97
4822.00 0.94
4823.00 173.66
4824.00 1.83
4825.00 2.31
4826.00 1.25
4827.00 0.92
4828.00 0.70
4829.00 0.52
4830.00 1.36
4831.00 1.13
4832.00 1.54
4833.00 2.60
4834.00 0.83
4835.00 2.87
4836.00 0.11
4837.00 1.40
4838.00 0.83
4839.00 0.85
4840.00 1.61
4841.00 1.50
4842.00 1.02
4843.00 1.25
4844.00 0.82
4845.00 0.92
4846.00 0.12
4847.00 0.12
4848.00 0.22
4849.00 0.32
4850.00 0.73
4851.00 4.00
4852.00 0.00
4853.00 0.00
4854.00 9.26
4855.00 4.16
4856.00 3.52
4857.00 3.27
4858.00 4.47
4859.00 0.94
4860.00 2.30
4861.00 1.32
4862.00 0.86
4863.00 0.15
4864.00 0.52
4865.00 0.21
4866.00 0.22
4867.00 0.23
4868.00 0.60
4869.00 0.31
4870.00 0.32
4871.00 0.25
4872.00 0.30
4873.00 0.55
4874.00 0.88
4875.00 0.48
4876.00 0.22
4877.00 0.16
4878.00 1.15
4879.00 0.22
4880.00 0.72
4881.00 1.16
4882.00 0.25
4883.00 1.40
4884.00 0.71
4885.00 1.27
4886.00 0.69
4887.00 0.93
4888.00 0.35
4889.00 0.73
4890.00 1.17
4891.00 1.27
4892.00 0.65
4893.00 0.42
4894.00 0.50
4895.00 0.56
4896.00 1.17
4897.00 0.52
4898.00 1.78
4899.00 0.76
4900.00 1.31
4901.00 0.78
4902.00 0.58
4903.00 0.08
4904.00 0.48
4905.00 0.70
4906.00 1.03
4907.00 0.48
4908.00 0.54
4909.00 1.08
4910.00 0.73
4911.00 0.17
4912.00 0.31
4913.00 0.55
4914.00 0.61
4915.00 1.08
4916.00 0.74
4917.00 2.18
4918.00 2.45
4919.00 1.88
4920.00 5.55
4921.00 2.78
4922.00 0.40
4923.00 0.14
4924.00 0.25
4925.00 0.88
4926.00 0.84
4927.00 0.90
4928.00 0.24
4929.00 0.18
4930.00 0.14
4931.00 0.41
4932.00 0.41
4933.00 0.30
4934.00 0.15
4935.00 0.14
4936.00 0.05
4937.00 0.38
4938.00 0.05
4939.00 0.20
4940.00 0.54
4941.00 0.25
4942.00 0.18
4943.00 0.15
4944.00 0.19
4945.00 0.06
4946.00 0.89
4947.00 1.09
4948.00 0.25
4949.00 2.12
4950.00 2.80
4951.00 1.45
4952.00 0.33
4953.00 0.09
4954.00 0.97
4955.00 0.52
4956.00 0.30
4957.00 0.27
4958.00 0.32
4959.00 0.16
4960.00 0.27
4961.00 0.19
4962.00 0.32
4963.00 0.14
4964.00 0.23
4965.00 0.12
4966.00 0.12
4967.00 0.30
4968.00 0.27
4969.00 0.71
4970.00 0.27
4971.00 0.05
4972.00 0.31
4973.00 0.09
4974.00 0.36
4975.00 0.44
4976.00 1.18
4977.00 0.35
4978.00 0.55
4979.00 0.50
4980.00 0.68
4981.00 4.58
4982.00 22.08
4983.00 23.40
4984.00 4.70
4985.00 0.98
4986.00 0.62
4987.00 0.51
4988.00 0.36
4989.00 0.27
4990.00 0.38
4991.00 0.14
4992.00 0.13
4993.00 0.10
4994.00 0.13
4995.00 0.09
4996.00 0.27
4997.00 0.09
4998.00 0.25
4999.00 0.51
5000.00 0.09
5001.00 0.08
5002.00 0.09
5003.00 0.03
5004.00 0.17
5005.00 0.11
5006.00 0.10
5007.00 0.08
5008.00 0.49
5009.00 0.26
5010.00 0.29
5011.00 0.34
5012.00 0.46
5013.00 0.27
5014.00 0.21
5015.00 0.18
5016.00 0.10
5017.00 0.21
5018.00 0.08
5019.00 0.05
5020.00 0.05
5021.00 0.07
5022.00 0.07
5023.00 0.13
5024.00 0.19
5025.00 0.11
5026.00 0.20
5027.00 0.34
5028.00 0.23
5029.00 0.14
5030.00 0.06
5031.00 0.24
5032.00 0.38
5033.00 0.94
5034.00 0.86
5035.00 0.74
5036.00 0.35
5037.00 0.41
5038.00 0.23
5039.00 0.72
5040.00 0.25
5041.00 0.43
5042.00 0.54
5043.00 0.80
5044.00 0.32
5045.00 0.97
5046.00 0.95
5047.00 0.48
5048.00 0.63
5049.00 0.98
5050.00 0.58
5051.00 0.40
5052.00 0.04
5053.00 0.31
5054.00 0.17
5055.00 0.23
5056.00 0.76
5057.00 0.70
5058.00 0.34
5059.00 0.57
5060.00 0.17
5061.00 0.27
5062.00 0.16
5063.00 0.12
5064.00 0.30
5065.00 0.03
5066.00 0.95
5067.00 1.75
5068.00 0.00
5069.00 0.00
5070.00 0.00
5071.00 0.00
5072.00 0.00
5073.00 0.00
5074.00 0.00
5075.00 0.00
5076.00 0.00
5077.00 0.00
5078.00 0.00
5079.00 0.00
5080.00 0.00
5081.00 0.00
5082.00 0.00
5083.00 0.00
5084.00 0.00
5085.00 0.00
5086.00 0.00
5087.00 0.00
5088.00 0.00
5089.00 0.00
5090.00 0.00
5091.00 0.00
5092.00 0.00
5093.00 0.00
5094.00 0.00
5095.00 0.00
5096.00 0.00
5097.00 0.00
5098.00 0.00
5099.00 0.00
5100.00 0.00
5101.00 0.00
5102.00 0.00
5103.00 0.00
5104.00 0.00
5105.00 0.00
5106.00 0.00
5107.00 0.00
5108.00 0.00
5109.00 0.00
5110.00 0.00
5111.00 0.00
5112.00 0.00
5113.00 0.00
5114.00 0.00
5115.00 0.00
5116.00 2.92
5117.00 0.90
5118.00 0.69
5119.00 0.67
5120.00 1.23
5121.00 0.69
5122.00 0.32
5123.00 0.09
5124.00 0.73
5125.00 0.43
5126.00 0.30
5127.00 0.38
5128.00 0.25
5129.00 0.29
5130.00 0.48
5131.00 0.49
5132.00 0.38
5133.00 0.13
5134.00 0.11
5135.00 0.19
5136.00 0.18
5137.00 0.21
5138.00 0.32
5139.00 0.18
5140.00 0.38
5141.00 0.14
5142.00 0.36
5143.00 0.17
5144.00 0.16
5145.00 0.13
5146.00 0.11
5147.00 0.14
5148.00 0.45
5149.00 0.26
5150.00 0.26
5151.00 0.15
5152.00 0.24
5153.00 0.10
5154.00 0.20
5155.00 0.17
5156.00 0.19
5157.00 0.07
5158.00 0.26
5159.00 0.19
5160.00 0.16
5161.00 0.21
5162.00 0.14
5163.00 0.13
5164.00 0.10
5165.00 0.05
5166.00 0.28
5167.00 0.21
5168.00 0.11
5169.00 0.22
5170.00 0.15
5171.00 0.14
5172.00 0.05
5173.00 0.09
5174.00 0.46
5175.00 0.51
5176.00 0.09
5177.00 0.25
5178.00 0.07
5179.00 0.11
5180.00 0.07
5181.00 0.06
5182.00 0.09
5183.00 0.37
5184.00 0.23
5185.00 0.12
5186.00 0.10
5187.00 0.05
5188.00 0.44
5189.00 0.23
5190.00 0.18
5191.00 0.27
5192.00 0.39
5193.00 0.15
5194.00 0.31
5195.00 0.35
5196.00 0.05
5197.00 0.05
5198.00 0.23
5199.00 0.12
5200.00 0.54
5201.00 0.14
5202.00 0.40
5203.00 0.12
5204.00 0.10
5205.00 0.08
5206.00 0.21
5207.00 0.05
5208.00 0.27
5209.00 0.33
5210.00 0.33
5211.00 0.38
5212.00 0.30
5213.00 0.03
5214.00 0.05
5215.00 0.05
5216.00 0.03
5217.00 0.10
5218.00 0.12
5219.00 0.09
5220.00 0.03
5221.00 0.19
5222.00 0.69
5223.00 0.38
5224.00 0.18
5225.00 0.41
5226.00 0.69
5227.00 0.34
5228.00 0.27
5229.00 0.25
5230.00 0.47
5231.00 0.67
5232.00 0.53
5233.00 0.36
5234.00 0.13
5235.00 0.34
5236.00 0.13
5237.00 0.99
5238.00 0.30
5239.00 0.34
5240.00 0.40
5241.00 0.31
5242.00 0.14
5243.00 1.18
5244.00 1.14
5245.00 0.74
5246.00 2.12
5247.00 1.36
5248.00 0.69
5249.00 1.00
5250.00 1.68
5251.00 3.47
5252.00 2.51
5253.00 2.47
5254.00 2.52
5255.00 0.61
5256.00 1.03
5257.00 0.28
5258.00 0.18
5259.00 0.17
5260.00 0.66
5261.00 0.47
5262.00 0.81
5263.00 0.11
5264.00 0.75
5265.00 0.10
5266.00 0.21
5267.00 0.10
5268.00 0.24
5269.00 0.17
5270.00 0.40
5271.00 0.25
5272.00 0.22
5273.00 0.26
5274.00 0.24
5275.00 0.23
5276.00 0.18
5277.00 0.14
5278.00 0.27
5279.00 0.43
5280.00 0.02
5281.00 0.29
5282.00 0.30
5283.00 0.36
5284.00 0.06
5285.00 0.19
5286.00 0.02
5287.00 0.09
5288.00 0.10
5289.00 0.18
5290.00 0.20
5291.00 0.26
5292.00 0.26
5293.00 0.28
5294.00 0.26
5295.00 0.24
5296.00 0.39
5297.00 0.14
5298.00 0.07
5299.00 0.29
5300.00 0.21
5301.00 0.04
5302.00 0.18
5303.00 0.44
5304.00 0.32
5305.00 0.06
5306.00 0.21
5307.00 0.35
5308.00 0.16
5309.00 0.22
5310.00 0.95
5311.00 0.36
5312.00 0.19
5313.00 0.16
5314.00 0.25
5315.00 0.43
5316.00 0.06
5317.00 0.19
5318.00 0.23
5319.00 0.31
5320.00 0.42
5321.00 0.56
5322.00 0.12
5323.00 0.24
5324.00 0.18
5325.00 0.29
5326.00 0.17
5327.00 0.06
5328.00 0.34
5329.00 0.20
5330.00 0.14
5331.00 0.24
5332.00 0.72
5333.00 0.70
5334.00 0.48
5335.00 1.16
5336.00 0.40
5337.00 0.21
5338.00 0.11
5339.00 0.17
5340.00 0.04
5341.00 0.39
5342.00 0.38
5343.00 0.15
5344.00 0.36
5345.00 0.16
5346.00 0.34
5347.00 0.26
5348.00 0.20
5349.00 0.25
5350.00 0.43
5351.00 0.56
5352.00 0.44
5353.00 0.32
5354.00 0.26
5355.00 0.27
5356.00 0.69
5357.00 0.69
5358.00 0.14
5359.00 0.49
5360.00 0.34
5361.00 0.51
5362.00 0.45
5363.00 0.23
5364.00 0.64
5365.00 0.24
5366.00 0.61
5367.00 0.24
5368.00 0.69
5369.00 0.65
5370.00 0.84
5371.00 1.07
5372.00 1.38
5373.00 2.96
5374.00 11.60
5375.00 0.89
5376.00 0.66
5377.00 0.73
5378.00 0.74
5379.00 1.17
5380.00 1.10
5381.00 0.41
5382.00 0.13
5383.00 0.15
5384.00 0.40
5385.00 0.38
5386.00 0.53
5387.00 0.31
5388.00 0.16
5389.00 0.07
5390.00 0.07
5391.00 0.01
5392.00 0.05
5393.00 0.10
5394.00 0.03
5395.00 0.04
5396.00 0.14
5397.00 0.16
5398.00 0.36
5399.00 0.28
5400.00 0.27
5401.00 0.10
5402.00 0.10
5403.00 0.06
5404.00 0.24
5405.00 0.19
5406.00 0.12
5407.00 0.16
5408.00 0.22
5409.00 0.06
5410.00 0.18
5411.00 0.18
5412.00 0.30
5413.00 0.23
5414.00 0.08
5415.00 0.20
5416.00 0.37
5417.00 0.15
5418.00 0.02
5419.00 0.11
5420.00 0.03
5421.00 0.03
5422.00 0.09
5423.00 0.26
5424.00 0.08
5425.00 0.25
5426.00 0.30
5427.00 0.26
5428.00 0.08
5429.00 0.33
5430.00 0.15
5431.00 0.07
5432.00 0.08
5433.00 0.07
5434.00 0.09
5435.00 0.05
5436.00 0.19
5437.00 0.10
5438.00 0.27
5439.00 0.16
5440.00 0.07
5441.00 0.11
5442.00 0.13
5443.00 0.20
5444.00 0.21
5445.00 0.25
5446.00 0.03
5447.00 0.10
5448.00 0.03
5449.00 0.32
5450.00 0.23
5451.00 0.10
5452.00 0.21
5453.00 0.28
5454.00 0.31
5455.00 0.15
5456.00 0.18
5457.00 0.19
5458.00 0.17
5459.00 0.12
5460.00 0.05
5461.00 0.04
5462.00 0.10
5463.00 0.23
5464.00 0.19
5465.00 0.28
5466.00 0.16
5467.00 0.17
5468.00 0.22
5469.00 0.09
5470.00 0.15
5471.00 0.21
5472.00 0.14
5473.00 0.24
5474.00 0.32
5475.00 0.28
5476.00 0.16
5477.00 0.07
5478.00 0.29
5479.00 0.27
5480.00 0.09
5481.00 0.07
5482.00 0.06
5483.00 0.14
5484.00 0.22
5485.00 0.15
5486.00 0.06
5487.00 0.15
5488.00 0.12
5489.00 0.12
5490.00 0.25
5491.00 0.19
5492.00 0.02
5493.00 0.16
5494.00 0.15
5495.00 0.09
5496.00 0.24
5497.00 0.16
5498.00 0.04
5499.00 0.15
5500.00 0.11
5501.00 0.28
5502.00 0.09
5503.00 0.05
5504.00 0.21
5505.00 0.14
5506.00 0.44
5507.00 0.27
5508.00 0.12
5509.00 0.06
5510.00 0.32
5511.00 0.22
5512.00 0.42
5513.00 0.24
5514.00 0.35
5515.00 0.21
5516.00 0.16
5517.00 0.16
5518.00 0.36
5519.00 0.37
5520.00 0.14
5521.00 0.17
5522.00 0.32
5523.00 0.13
5524.00 0.03
5525.00 0.05
5526.00 0.03
5527.00 0.02
5528.00 0.04
5529.00 0.20
5530.00 0.07
5531.00 0.38
5532.00 0.12
5533.00 0.19
5534.00 0.20
5535.00 0.20
5536.00 0.13
5537.00 0.14
5538.00 0.06
5539.00 0.10
5540.00 0.40
5541.00 0.27
5542.00 0.26
5543.00 0.15
5544.00 0.08
5545.00 0.11
5546.00 0.29
5547.00 0.05
5548.00 0.33
5549.00 0.02
5550.00 0.15
5551.00 0.13
5552.00 0.28
5553.00 0.47
5554.00 0.19
5555.00 0.16
5556.00 0.13
5557.00 0.18
5558.00 0.15
5559.00 0.08
5560.00 0.19
5561.00 0.28
5562.00 0.04
5563.00 0.08
5564.00 0.06
5565.00 0.03
5566.00 0.08
5567.00 0.11
5568.00 0.14
5569.00 0.20
5570.00 0.03
5571.00 0.07
5572.00 0.03
5573.00 0.17
5574.00 0.30
5575.00 0.25
5576.00 0.01
5577.00 0.08
5578.00 0.19
5579.00 0.27
5580.00 0.08
5581.00 0.16
5582.00 0.09
5583.00 0.18
5584.00 0.14
5585.00 0.28
5586.00 0.23
5587.00 0.25
5588.00 0.13
5589.00 0.04
5590.00 0.06
5591.00 0.12
5592.00 0.23
5593.00 0.40
5594.00 0.14
5595.00 0.03
5596.00 0.29
5597.00 0.20
5598.00 0.09
5599.00 0.17
5600.00 0.21
5601.00 0.14
5602.00 0.28
5603.00 0.21
5604.00 0.11
5605.00 0.47
5606.00 0.14
5607.00 0.26
5608.00 0.18
5609.00 0.13
5610.00 0.15
5611.00 0.11
5612.00 0.29
5613.00 0.28
5614.00 0.09
5615.00 0.10
5616.00 0.12
5617.00 0.05
5618.00 0.04
5619.00 0.05
5620.00 0.23
5621.00 0.13
5622.00 0.17
5623.00 0.31
5624.00 0.41
5625.00 0.33
5626.00 0.26
5627.00 0.12
5628.00 0.25
5629.00 0.17
5630.00 0.22
5631.00 0.10
5632.00 0.15
5633.00 0.06
5634.00 0.11
5635.00 0.26
5636.00 0.06
5637.00 0.27
5638.00 0.16
5639.00 0.19
5640.00 0.26
5641.00 0.02
5642.00 0.03
5643.00 0.12
5644.00 0.04
5645.00 0.12
5646.00 0.09
5647.00 0.21
5648.00 0.41
5649.00 0.80
5650.00 0.97
5651.00 0.72
5652.00 0.33
5653.00 0.60
5654.00 6.68
5655.00 1.31
5656.00 0.00
5657.00 0.00
5658.00 0.00
5659.00 0.00
5660.00 0.00
5661.00 0.00
5662.00 0.00
5663.00 0.00
5664.00 0.00
5665.00 0.00
5666.00 0.00
5667.00 0.00
5668.00 0.00
5669.00 0.00
5670.00 0.00
5671.00 0.00
5672.00 0.00
5673.00 0.00
5674.00 0.00
5675.00 0.00
5676.00 0.00
5677.00 0.00
5678.00 0.00
5679.00 0.00
5680.00 0.00
5681.00 0.00
5682.00 0.00
5683.00 0.00
5684.00 0.00
5685.00 0.00
5686.00 0.00
5687.00 0.00
5688.00 0.00
5689.00 0.00
5690.00 0.00
5691.00 0.00
5692.00 0.00
5693.00 0.00
5694.00 0.00
5695.00 0.00
5696.00 0.00
5697.00 0.00
5698.00 0.00
5699.00 0.00
5700.00 0.00
5701.00 0.00
5702.00 0.00
5703.00 0.00
5704.00 0.00
5705.00 0.00
5706.00 0.00
5707.00 0.00
5708.00 0.00
5709.00 0.00
5710.00 0.00
5711.00 0.00
5712.00 0.00
5713.00 0.00
5714.00 0.00
5715.00 0.00
5716.00 0.00
5717.00 0.00
5718.00 0.00
5719.00 0.00
5720.00 0.00
5721.00 0.00
5722.00 0.00
5723.00 0.00
5724.00 0.00
5725.00 0.00
5726.00 0.00
5727.00 0.00
5728.00 0.00
5729.00 0.00
5730.00 0.00
5731.00 0.00
5732.00 0.00
5733.00 0.00
5734.00 0.00
5735.00 0.00
5736.00 0.00
5737.00 0.00
5738.00 0.00
5739.00 0.00
5740.00 0.00
5741.00 0.00
5742.00 0.00
5743.00 0.00
5744.00 0.00
5745.00 0.00
5746.00 0.00
5747.00 0.00
5748.00 0.00
5749.00 0.00
5750.00 0.00
5751.00 0.00
5752.00 0.00
5753.00 0.00
5754.00 0.00
5755.00 0.00
5756.00 0.00
5757.00 0.00
5758.00 0.00
5759.00 0.00
5760.00 0.00
5761.00 0.00
5762.00 0.00
5763.00 0.00
5764.00 0.00
5765.00 0.00
5766.00 0.00
5767.00 0.00
5768.00 0.00
5769.00 0.00
5770.00 0.00
5771.00 0.00
5772.00 0.00
5773.00 0.00
5774.00 0.00
5775.00 0.00
5776.00 0.00
5777.00 0.00
5778.00 0.00
5779.00 0.00
5780.00 0.00
5781.00 0.00
5782.00 0.00
5783.00 0.00
5784.00 0.00
5785.00 0.00
5786.00 0.00
5787.00 0.00
5788.00 0.00
5789.00 0.00
5790.00 0.00
5791.00 0.00
5792.00 0.00
5793.00 0.00
5794.00 0.00
5795.00 0.00
5796.00 0.00
5797.00 0.00
5798.00 0.00
5799.00 0.00
5800.00 0.00
5801.00 0.00
5802.00 0.00
5803.00 0.00
5804.00 0.00
5805.00 0.00
5806.00 0.00
5807.00 0.00
5808.00 0.00
5809.00 0.00
5810.00 0.00
5811.00 0.00
5812.00 0.00
5813.00 0.00
5814.00 0.00
5815.00 0.00
5816.00 0.00
5817.00 0.00
5818.00 0.00
5819.00 0.00
5820.00 0.00
5821.00 0.00
5822.00 0.00
5823.00 0.00
5824.00 0.00
5825.00 0.00
5826.00 0.00
5827.00 0.00
5828.00 0.00
5829.00 0.00
5830.00 0.00
5831.00 0.00
5832.00 0.00
5833.00 0.00
5834.00 0.00
5835.00 0.00
5836.00 0.00
5837.00 0.00
5838.00 0.00
5839.00 0.00
5840.00 0.00
5841.00 0.00
5842.00 0.00
5843.00 0.00
5844.00 0.00
5845.00 0.00
5846.00 0.00
5847.00 0.00
5848.00 0.00
5849.00 0.00
5850.00 0.00
5851.00 0.00
5852.00 0.00
5853.00 0.00
5854.00 0.00
5855.00 0.00
5856.00 0.00
5857.00 0.00
5858.00 0.00
5859.00 0.00
5860.00 0.00
5861.00 0.00
5862.00 0.00
5863.00 0.00
5864.00 0.00
5865.00 0.00
5866.00 0.00
5867.00 0.00
5868.00 0.00
5869.00 0.00
5870.00 0.00
5871.00 0.00
5872.00 0.00
5873.00 0.00
5874.00 0.00
5875.00 0.00
5876.00 0.00
5877.00 0.00
5878.00 0.00
5879.00 0.00
5880.00 0.00
5881.00 0.00
5882.00 0.00
5883.00 0.00
5884.00 0.00
5885.00 0.00
5886.00 0.00
5887.00 0.00
5888.00 0.00
5889.00 0.00
5890.00 0.00
5891.00 0.00
5892.00 0.00
5893.00 0.00
5894.00 0.00
5895.00 0.00
5896.00 0.00
5897.00 0.00
5898.00 0.00
5899.00 0.00
5900.00 0.00
5901.00 0.00
5902.00 0.00
5903.00 0.00
5904.00 0.00
5905.00 0.00
5906.00 0.00
5907.00 0.00
5908.00 0.00
5909.00 0.00
5910.00 0.00
5911.00 0.00
5912.00 0.00
5913.00 0.00
5914.00 0.00
5915.00 0.00
5916.00 0.00
5917.00 0.00
5918.00 0.00
5919.00 0.00
5920.00 0.00
5921.00 0.00
5922.00 0.00
5923.00 0.00
5924.00 0.00
5925.00 0.00
5926.00 0.00
5927.00 0.00
5928.00 0.00
5929.00 0.00
5930.00 0.00
5931.00 0.00
5932.00 0.00
5933.00 0.00
5934.00 0.00
5935.00 0.00
5936.00 0.00
5937.00 0.00
5938.00 0.00
5939.00 0.00
5940.00 0.00
5941.00 0.00
5942.00 0.00
5943.00 0.00
5944.00 0.00
5945.00 0.00
5946.00 0.00
5947.00 0.00
5948.00 0.00
5949.00 0.00
5950.00 0.00
5951.00 0.00
5952.00 0.00
5953.00 0.00
5954.00 0.00
5955.00 0.00
5956.00 0.00
5957.00 0.00
5958.00 0.00
5959.00 0.00
5960.00 0.00
5961.00 0.00
5962.00 0.00
5963.00 0.00
5964.00 0.00
5965.00 0.00
5966.00 0.00
5967.00 0.00
5968.00 0.00
5969.00 0.00
5970.00 0.00
5971.00 0.00
5972.00 0.00
5973.00 0.00
5974.00 0.00
5975.00 0.00
5976.00 0.00
5977.00 0.00
5978.00 0.00
5979.00 0.00
5980.00 0.00
5981.00 0.00
5982.00 0.00
5983.00 0.00
5984.00 0.00
5985.00 0.00
5986.00 0.00
5987.00 0.00
5988.00 0.00
5989.00 0.00
5990.00 0.00
5991.00 0.00
5992.00 0.00
5993.00 0.00
5994.00 0.00
5995.00 0.00
5996.00 0.00
5997.00 0.00
5998.00 0.00
5999.00 0.00
6000.00 0.00
6001.00 0.00
6002.00 0.00
6003.00 0.00
6004.00 0.00
6005.00 0.00
