0.00 0.00
1.00 0.00
2.00 0.00
3.00 0.00
4.00 0.00
5.00 0.00
6.00 0.00
7.00 0.00
8.00 0.00
9.00 0.00
10.00 0.00
11.00 0.00
12.00 0.00
13.00 0.00
14.00 0.00
15.00 0.00
16.00 0.00
17.00 0.00
18.00 0.00
19.00 0.00
20.00 0.00
21.00 0.00
22.00 0.00
23.00 0.00
24.00 0.00
25.00 0.00
26.00 0.00
27.00 0.00
28.00 0.00
29.00 0.00
30.00 0.00
31.00 0.00
32.00 0.00
33.00 0.00
34.00 0.00
35.00 0.00
36.00 0.00
37.00 0.00
38.00 0.00
39.00 0.00
40.00 0.00
41.00 0.00
42.00 0.00
43.00 0.00
44.00 0.00
45.00 0.00
46.00 0.00
47.00 0.00
48.00 0.00
49.00 0.00
50.00 0.00
51.00 0.00
52.00 0.00
53.00 0.00
54.00 0.00
55.00 0.00
56.00 0.00
57.00 0.00
58.00 0.00
59.00 0.00
60.00 0.00
61.00 0.00
62.00 0.00
63.00 0.00
64.00 0.00
65.00 0.00
66.00 0.00
67.00 0.00
68.00 0.00
69.00 0.00
70.00 0.00
71.00 0.00
72.00 0.00
73.00 0.00
74.00 0.00
75.00 0.00
76.00 0.00
77.00 0.00
78.00 0.00
79.00 0.00
80.00 0.00
81.00 0.00
82.00 0.00
83.00 0.00
84.00 0.00
85.00 0.00
86.00 0.00
87.00 0.00
88.00 0.00
89.00 0.00
90.00 0.00
91.00 0.00
92.00 0.00
93.00 0.00
94.00 0.00
95.00 0.00
96.00 0.00
97.00 0.00
98.00 0.00
99.00 0.00
100.00 0.00
101.00 0.00
102.00 0.00
103.00 0.00
104.00 0.00
105.00 0.00
106.00 0.00
107.00 0.00
108.00 0.00
109.00 0.00
110.00 0.00
111.00 0.00
112.00 0.00
113.00 0.00
114.00 0.00
115.00 0.00
116.00 0.00
117.00 0.00
118.00 0.00
119.00 0.00
120.00 0.00
121.00 0.00
122.00 0.00
123.00 0.00
124.00 0.00
125.00 0.00
126.00 0.00
127.00 0.00
128.00 0.00
129.00 0.00
130.00 0.00
131.00 0.00
132.00 0.00
133.00 0.00
134.00 0.00
135.00 0.00
136.00 0.00
137.00 0.00
138.00 0.00
139.00 0.00
140.00 0.00
141.00 0.00
142.00 0.00
143.00 0.00
144.00 0.00
145.00 0.00
146.00 0.00
147.00 0.00
148.00 0.00
149.00 0.00
150.00 0.00
151.00 0.00
152.00 0.00
153.00 0.00
154.00 0.00
155.00 0.00
156.00 0.00
157.00 0.00
158.00 0.00
159.00 0.00
160.00 0.00
161.00 0.00
162.00 0.00
163.00 0.00
164.00 0.00
165.00 0.00
166.00 0.00
167.00 0.00
168.00 0.00
169.00 0.00
170.00 0.00
171.00 0.00
172.00 0.00
173.00 0.00
174.00 0.00
175.00 1.16
176.00 0.46
177.00 0.54
178.00 0.27
179.00 0.64
180.00 0.06
181.00 1.02
182.00 0.80
183.00 0.54
184.00 0.39
185.00 1.06
186.00 0.21
187.00 1.03
188.00 0.13
189.00 0.54
190.00 0.30
191.00 0.47
192.00 0.28
193.00 0.31
194.00 0.71
195.00 0.10
196.00 0.51
197.00 0.32
198.00 0.38
199.00 0.35
200.00 0.13
201.00 0.65
202.00 0.05
203.00 0.31
204.00 0.24
205.00 0.10
206.00 0.25
207.00 0.30
208.00 0.10
209.00 0.15
210.00 0.10
211.00 0.34
212.00 0.22
213.00 0.11
214.00 0.12
215.00 0.08
216.00 0.06
217.00 0.25
218.00 0.46
219.00 0.12
220.00 0.34
221.00 0.15
222.00 0.31
223.00 0.33
224.00 0.19
225.00 0.38
226.00 0.22
227.00 0.21
228.00 0.59
229.00 0.32
230.00 0.17
231.00 0.22
232.00 0.14
233.00 0.17
234.00 0.19
235.00 0.06
236.00 0.17
237.00 0.30
238.00 0.55
239.00 0.12
240.00 0.17
241.00 0.24
242.00 0.13
243.00 0.29
244.00 0.15
245.00 0.22
246.00 0.36
247.00 0.12
248.00 0.23
249.00 0.20
250.00 0.17
251.00 0.31
252.00 0.86
253.00 1.24
254.00 0.34
255.00 0.97
256.00 1.22
257.00 0.39
258.00 0.45
259.00 0.45
260.00 0.99
261.00 1.18
262.00 1.05
263.00 1.44
264.00 1.46
265.00 1.02
266.00 0.49
267.00 0.19
268.00 0.97
269.00 0.62
270.00 0.08
271.00 0.65
272.00 0.02
273.00 0.32
274.00 0.12
275.00 0.30
276.00 0.06
277.00 0.63
278.00 0.32
279.00 0.51
280.00 0.13
281.00 0.11
282.00 0.16
283.00 0.30
284.00 0.37
285.00 0.42
286.00 0.15
287.00 0.26
288.00 0.52
289.00 0.08
290.00 0.34
291.00 0.61
292.00 0.16
293.00 0.28
294.00 0.18
295.00 0.29
296.00 0.42
297.00 0.26
298.00 0.27
299.00 0.16
300.00 0.25
301.00 0.37
302.00 0.61
303.00 0.30
304.00 0.11
305.00 0.43
306.00 0.30
307.00 0.12
308.00 0.10
309.00 0.24
310.00 0.12
311.00 0.20
312.00 0.45
313.00 0.21
314.00 0.18
315.00 0.57
316.00 1.42
317.00 0.49
318.00 0.14
319.00 0.29
320.00 0.07
321.00 0.98
322.00 0.94
323.00 0.28
324.00 0.10
325.00 0.30
326.00 0.45
327.00 0.13
328.00 0.10
329.00 0.34
330.00 0.65
331.00 1.86
332.00 1.44
333.00 0.10
334.00 0.68
335.00 0.30
336.00 0.27
337.00 0.21
338.00 0.68
339.00 0.19
340.00 0.64
341.00 1.00
342.00 0.61
343.00 1.13
344.00 1.41
345.00 1.14
346.00 0.23
347.00 2.69
348.00 0.81
349.00 4.47
350.00 1.31
351.00 1.16
352.00 1.10
353.00 0.25
354.00 1.18
355.00 1.11
356.00 1.58
357.00 1.45
358.00 0.58
359.00 0.51
360.00 0.29
361.00 0.30
362.00 0.27
363.00 0.35
364.00 0.37
365.00 0.49
366.00 0.13
367.00 0.05
368.00 0.25
369.00 0.25
370.00 0.02
371.00 0.15
372.00 0.25
373.00 0.17
374.00 0.38
375.00 0.35
376.00 0.13
377.00 0.09
378.00 0.09
379.00 0.26
380.00 0.27
381.00 0.23
382.00 0.28
383.00 0.11
384.00 0.09
385.00 0.11
386.00 0.15
387.00 0.46
388.00 0.37
389.00 0.29
390.00 0.29
391.00 0.43
392.00 0.15
393.00 0.25
394.00 0.21
395.00 0.05
396.00 0.27
397.00 0.48
398.00 0.13
399.00 0.33
400.00 0.19
401.00 0.26
402.00 0.20
403.00 0.12
404.00 0.63
405.00 0.32
406.00 0.22
407.00 0.03
408.00 0.46
409.00 0.98
410.00 1.52
411.00 2.27
412.00 0.34
413.00 0.38
414.00 0.21
415.00 0.17
416.00 0.10
417.00 0.39
418.00 0.12
419.00 0.68
420.00 0.64
421.00 0.26
422.00 0.43
423.00 0.21
424.00 0.49
425.00 0.55
426.00 0.11
427.00 0.40
428.00 0.76
429.00 0.08
430.00 0.00
431.00 2.13
432.00 0.78
433.00 71.59
434.00 1.70
435.00 0.82
436.00 1.79
437.00 1.75
438.00 0.60
439.00 0.95
440.00 0.33
441.00 1.04
442.00 0.31
443.00 0.15
444.00 0.73
445.00 0.51
446.00 0.16
447.00 0.41
448.00 0.26
449.00 0.21
450.00 0.35
451.00 0.09
452.00 0.24
453.00 0.16
454.00 0.18
455.00 0.44
456.00 0.42
457.00 0.44
458.00 0.19
459.00 0.21
460.00 0.11
461.00 0.37
462.00 0.20
463.00 0.23
464.00 0.43
465.00 0.11
466.00 0.39
467.00 0.87
468.00 0.31
469.00 0.23
470.00 0.07
471.00 0.22
472.00 0.07
473.00 0.12
474.00 0.39
475.00 0.26
476.00 0.24
477.00 0.63
478.00 0.33
479.00 0.44
480.00 0.17
481.00 0.18
482.00 0.38
483.00 0.13
484.00 0.08
485.00 0.15
486.00 0.07
487.00 0.31
488.00 0.22
489.00 0.07
490.00 0.16
491.00 0.16
492.00 0.13
493.00 0.05
494.00 0.11
495.00 0.13
496.00 0.17
497.00 0.14
498.00 0.05
499.00 0.21
500.00 0.23
501.00 0.16
502.00 0.15
503.00 0.08
504.00 0.27
505.00 0.25
506.00 0.20
507.00 0.06
508.00 0.58
509.00 0.90
510.00 2.64
511.00 0.88
512.00 0.52
513.00 0.43
514.00 1.39
515.00 1.38
516.00 2.31
517.00 1.69
518.00 0.94
519.00 0.33
520.00 0.21
521.00 0.06
522.00 0.04
523.00 0.41
524.00 0.56
525.00 0.23
526.00 0.70
527.00 0.27
528.00 0.16
529.00 0.27
530.00 0.45
531.00 0.26
532.00 0.38
533.00 0.22
534.00 0.48
535.00 0.29
536.00 0.24
537.00 0.35
538.00 0.21
539.00 0.20
540.00 0.14
541.00 0.43
542.00 0.83
543.00 0.32
544.00 1.12
545.00 0.59
546.00 0.32
547.00 0.20
548.00 0.43
549.00 1.45
550.00 0.65
551.00 0.20
552.00 0.24
553.00 0.42
554.00 0.73
555.00 0.43
556.00 0.91
557.00 0.43
558.00 0.25
559.00 0.49
560.00 0.61
561.00 0.80
562.00 0.44
563.00 0.78
564.00 0.49
565.00 0.57
566.00 0.08
567.00 0.26
568.00 0.08
569.00 0.48
570.00 0.13
571.00 0.51
572.00 0.92
573.00 0.14
574.00 0.75
575.00 0.21
576.00 0.41
577.00 0.09
578.00 0.42
579.00 0.27
580.00 0.18
581.00 0.53
582.00 0.49
583.00 0.08
584.00 0.08
585.00 0.58
586.00 0.42
587.00 0.21
588.00 0.23
589.00 0.38
590.00 0.08
591.00 0.09
592.00 1.24
593.00 0.78
594.00 1.97
595.00 1.18
596.00 1.93
597.00 0.48
598.00 0.20
599.00 0.31
600.00 0.68
601.00 0.16
602.00 0.69
603.00 0.25
604.00 0.22
605.00 0.58
606.00 0.29
607.00 0.37
608.00 0.70
609.00 0.16
610.00 0.38
611.00 0.23
612.00 0.34
613.00 0.58
614.00 0.48
615.00 0.61
616.00 0.94
617.00 0.47
618.00 0.87
619.00 0.53
620.00 0.80
621.00 0.89
622.00 0.65
623.00 0.13
624.00 0.77
625.00 1.31
626.00 0.19
627.00 0.28
628.00 0.56
629.00 0.34
630.00 1.53
631.00 1.20
632.00 1.03
633.00 2.47
634.00 3.30
635.00 0.85
636.00 0.92
637.00 0.12
638.00 0.56
639.00 0.57
640.00 0.18
641.00 0.16
642.00 0.19
643.00 0.11
644.00 0.14
645.00 0.18
646.00 0.06
647.00 0.26
648.00 0.92
649.00 0.45
650.00 0.10
651.00 0.57
652.00 1.84
653.00 0.80
654.00 1.21
655.00 0.90
656.00 0.62
657.00 0.56
658.00 0.93
659.00 0.45
660.00 0.45
661.00 0.62
662.00 0.13
663.00 0.78
664.00 0.36
665.00 0.40
666.00 0.67
667.00 0.73
668.00 0.22
669.00 0.24
670.00 0.33
671.00 0.36
672.00 0.32
673.00 0.41
674.00 0.13
675.00 0.10
676.00 0.12
677.00 0.74
678.00 1.17
679.00 0.49
680.00 0.63
681.00 0.54
682.00 1.63
683.00 1.50
684.00 0.17
685.00 0.41
686.00 1.07
687.00 2.05
688.00 0.44
689.00 0.99
690.00 0.12
691.00 0.31
692.00 0.21
693.00 0.12
694.00 0.11
695.00 0.15
696.00 1.06
697.00 0.07
698.00 0.26
699.00 0.11
700.00 0.28
701.00 1.05
702.00 0.18
703.00 0.34
704.00 0.86
705.00 0.28
706.00 0.15
707.00 0.01
708.00 0.22
709.00 0.20
710.00 0.19
711.00 0.30
712.00 1.04
713.00 0.46
714.00 0.17
715.00 0.96
716.00 0.14
717.00 0.22
718.00 0.69
719.00 0.13
720.00 0.03
721.00 0.62
722.00 0.15
723.00 0.09
724.00 0.50
725.00 0.65
726.00 0.79
727.00 0.62
728.00 0.54
729.00 0.12
730.00 0.96
731.00 1.05
732.00 0.35
733.00 1.66
734.00 1.19
735.00 0.56
736.00 1.52
737.00 0.75
738.00 0.47
739.00 1.41
740.00 1.15
741.00 1.47
742.00 1.39
743.00 0.92
744.00 0.95
745.00 1.04
746.00 0.47
747.00 0.52
748.00 0.14
749.00 0.25
750.00 0.05
751.00 0.05
752.00 0.30
753.00 0.46
754.00 0.06
755.00 0.45
756.00 0.07
757.00 0.33
758.00 0.31
759.00 0.03
760.00 1.44
761.00 2.26
762.00 19.61
763.00 0.55
764.00 12.66
765.00 60.01
766.00 2.20
767.00 0.00
768.00 0.00
769.00 0.00
770.00 0.00
771.00 0.00
772.00 0.00
773.00 0.00
774.00 0.00
775.00 0.00
776.00 0.00
777.00 0.00
778.00 0.00
779.00 0.00
780.00 0.00
781.00 0.00
782.00 0.00
783.00 0.00
784.00 0.00
785.00 0.00
786.00 0.00
787.00 0.00
788.00 0.00
789.00 0.00
790.00 0.00
791.00 0.00
792.00 0.00
793.00 0.00
794.00 0.00
795.00 0.00
796.00 0.00
797.00 0.00
798.00 0.00
799.00 0.00
800.00 0.00
801.00 0.00
802.00 0.00
803.00 0.00
804.00 0.00
805.00 0.00
806.00 0.00
807.00 0.00
808.00 0.00
809.00 0.00
810.00 0.00
811.00 0.00
812.00 0.00
813.00 0.00
814.00 0.00
815.00 0.00
816.00 0.00
817.00 0.00
818.00 0.00
819.00 0.00
820.00 0.00
821.00 0.00
822.00 0.00
823.00 0.00
824.00 25.75
825.00 0.30
826.00 2.91
827.00 0.65
828.00 1.02
829.00 0.63
830.00 2.17
831.00 4.88
832.00 0.79
833.00 1.53
834.00 2.47
835.00 0.61
836.00 0.57
837.00 0.12
838.00 0.72
839.00 0.60
840.00 0.49
841.00 0.33
842.00 0.36
843.00 0.77
844.00 0.48
845.00 0.48
846.00 0.39
847.00 1.00
848.00 0.64
849.00 1.07
850.00 0.82
851.00 1.75
852.00 0.74
853.00 0.75
854.00 0.60
855.00 0.73
856.00 1.09
857.00 0.56
858.00 1.17
859.00 0.81
860.00 0.91
861.00 0.07
862.00 0.62
863.00 0.55
864.00 0.30
865.00 0.31
866.00 0.38
867.00 0.73
868.00 0.34
869.00 0.47
870.00 0.50
871.00 0.41
872.00 0.34
873.00 0.70
874.00 0.37
875.00 0.37
876.00 0.30
877.00 0.22
878.00 0.59
879.00 0.55
880.00 0.34
881.00 0.11
882.00 0.24
883.00 0.57
884.00 0.74
885.00 1.11
886.00 1.20
887.00 1.14
888.00 0.35
889.00 0.37
890.00 0.21
891.00 0.20
892.00 0.13
893.00 0.26
894.00 0.21
895.00 0.50
896.00 0.46
897.00 0.18
898.00 0.50
899.00 0.53
900.00 0.67
901.00 0.30
902.00 0.79
903.00 0.37
904.00 1.17
905.00 0.54
906.00 0.29
907.00 0.13
908.00 0.10
909.00 0.16
910.00 0.37
911.00 0.69
912.00 0.36
913.00 0.38
914.00 0.29
915.00 0.04
916.00 0.46
917.00 0.26
918.00 0.06
919.00 0.32
920.00 0.78
921.00 0.18
922.00 0.15
923.00 0.49
924.00 0.45
925.00 0.30
926.00 0.68
927.00 0.37
928.00 0.44
929.00 0.45
930.00 0.48
931.00 0.21
932.00 1.00
933.00 0.65
934.00 0.42
935.00 0.06
936.00 0.48
937.00 0.62
938.00 0.45
939.00 0.48
940.00 0.17
941.00 0.60
942.00 0.11
943.00 0.19
944.00 0.51
945.00 0.20
946.00 0.29
947.00 0.79
948.00 0.09
949.00 0.48
950.00 0.68
951.00 0.55
952.00 0.25
953.00 0.18
954.00 0.25
955.00 0.20
956.00 0.52
957.00 0.34
958.00 0.66
959.00 0.52
960.00 0.63
961.00 0.32
962.00 0.52
963.00 0.78
964.00 0.28
965.00 0.12
966.00 0.76
967.00 0.29
968.00 0.27
969.00 0.40
970.00 0.28
971.00 0.27
972.00 0.30
973.00 0.46
974.00 0.41
975.00 0.13
976.00 0.52
977.00 0.40
978.00 0.29
979.00 0.15
980.00 0.31
981.00 0.32
982.00 0.12
983.00 0.71
984.00 1.07
985.00 2.76
986.00 1.82
987.00 1.50
988.00 0.68
989.00 0.32
990.00 0.69
991.00 0.39
992.00 0.61
993.00 0.36
994.00 1.14
995.00 0.42
996.00 0.10
997.00 0.25
998.00 0.42
999.00 0.09
1000.00 0.09
1001.00 0.59
1002.00 0.34
1003.00 0.17
1004.00 0.18
1005.00 0.09
1006.00 0.17
1007.00 0.36
1008.00 0.11
1009.00 0.13
1010.00 0.25
1011.00 0.07
1012.00 0.30
1013.00 0.13
1014.00 0.09
1015.00 0.23
1016.00 0.25
1017.00 0.77
1018.00 0.13
1019.00 0.13
1020.00 0.27
1021.00 0.22
1022.00 0.16
1023.00 0.18
1024.00 0.04
1025.00 0.12
1026.00 0.24
1027.00 0.41
1028.00 0.19
1029.00 0.06
1030.00 0.30
1031.00 0.28
1032.00 0.43
1033.00 0.71
1034.00 0.71
1035.00 0.16
1036.00 0.25
1037.00 0.07
1038.00 0.26
1039.00 0.35
1040.00 0.16
1041.00 0.12
1042.00 0.25
1043.00 0.29
1044.00 0.21
1045.00 0.22
1046.00 0.11
1047.00 0.43
1048.00 0.13
1049.00 0.19
1050.00 0.42
1051.00 0.47
1052.00 0.11
1053.00 0.15
1054.00 0.19
1055.00 0.24
1056.00 0.16
1057.00 0.13
1058.00 0.15
1059.00 0.40
1060.00 0.31
1061.00 0.17
1062.00 0.27
1063.00 0.31
1064.00 0.43
1065.00 0.29
1066.00 0.17
1067.00 0.26
1068.00 0.06
1069.00 0.19
1070.00 0.09
1071.00 0.12
1072.00 0.18
1073.00 0.29
1074.00 0.07
1075.00 0.11
1076.00 0.22
1077.00 0.50
1078.00 0.17
1079.00 0.30
1080.00 0.28
1081.00 1.08
1082.00 1.36
1083.00 2.32
1084.00 2.66
1085.00 0.40
1086.00 0.66
1087.00 0.98
1088.00 1.55
1089.00 1.65
1090.00 0.54
1091.00 0.92
1092.00 0.26
1093.00 0.69
1094.00 0.57
1095.00 0.82
1096.00 1.13
1097.00 15.77
1098.00 4.46
1099.00 2.78
1100.00 0.07
1101.00 0.67
1102.00 0.07
1103.00 0.49
1104.00 0.55
1105.00 0.24
1106.00 0.66
1107.00 1.04
1108.00 0.81
1109.00 0.47
1110.00 2.13
1111.00 1.16
1112.00 0.36
1113.00 0.12
1114.00 0.18
1115.00 0.62
1116.00 0.04
1117.00 0.29
1118.00 0.45
1119.00 0.64
1120.00 0.20
1121.00 0.43
1122.00 0.86
1123.00 0.55
1124.00 0.27
1125.00 0.36
1126.00 0.38
1127.00 0.25
1128.00 0.67
1129.00 0.73
1130.00 0.44
1131.00 1.52
1132.00 1.61
1133.00 1.33
1134.00 0.05
1135.00 0.63
1136.00 0.66
1137.00 0.08
1138.00 1.42
1139.00 1.84
1140.00 2.39
1141.00 0.38
1142.00 0.43
1143.00 0.16
1144.00 0.14
1145.00 0.15
1146.00 0.79
1147.00 0.60
1148.00 0.42
1149.00 0.33
1150.00 0.15
1151.00 0.07
1152.00 0.05
1153.00 0.31
1154.00 0.40
1155.00 0.04
1156.00 0.17
1157.00 0.28
1158.00 0.11
1159.00 0.55
1160.00 0.31
1161.00 0.07
1162.00 0.15
1163.00 0.22
1164.00 0.21
1165.00 0.08
1166.00 0.07
1167.00 0.20
1168.00 0.08
1169.00 0.03
1170.00 0.06
1171.00 0.15
1172.00 0.11
1173.00 0.27
1174.00 0.19
1175.00 0.13
1176.00 0.15
1177.00 0.20
1178.00 0.31
1179.00 0.01
1180.00 0.16
1181.00 0.63
1182.00 0.20
1183.00 0.25
1184.00 0.29
1185.00 0.04
1186.00 0.36
1187.00 0.07
1188.00 0.05
1189.00 0.10
1190.00 0.17
1191.00 0.48
1192.00 0.15
1193.00 0.34
1194.00 0.18
1195.00 0.05
1196.00 0.36
1197.00 0.20
1198.00 0.14
1199.00 0.07
1200.00 0.19
1201.00 0.11
1202.00 0.40
1203.00 0.26
1204.00 0.14
1205.00 0.06
1206.00 0.38
1207.00 0.11
1208.00 0.09
1209.00 0.09
1210.00 0.22
1211.00 0.15
1212.00 0.09
1213.00 0.26
1214.00 0.53
1215.00 0.25
1216.00 0.16
1217.00 0.04
1218.00 0.11
1219.00 0.22
1220.00 0.14
1221.00 0.08
1222.00 0.51
1223.00 0.51
1224.00 0.66
1225.00 0.47
1226.00 0.47
1227.00 0.57
1228.00 0.43
1229.00 0.44
1230.00 0.36
1231.00 0.50
1232.00 0.23
1233.00 1.02
1234.00 0.13
1235.00 0.29
1236.00 0.93
1237.00 0.06
1238.00 1.00
1239.00 0.49
1240.00 0.85
1241.00 1.65
1242.00 0.19
1243.00 0.11
1244.00 0.22
1245.00 0.20
1246.00 0.22
1247.00 0.11
1248.00 0.26
1249.00 0.58
1250.00 0.60
1251.00 0.47
1252.00 0.54
1253.00 0.68
1254.00 0.40
1255.00 0.51
1256.00 0.09
1257.00 0.06
1258.00 0.13
1259.00 0.59
1260.00 0.39
1261.00 0.10
1262.00 0.53
1263.00 0.24
1264.00 0.20
1265.00 0.26
1266.00 0.87
1267.00 0.04
1268.00 0.34
1269.00 0.17
1270.00 0.07
1271.00 0.60
1272.00 0.75
1273.00 0.30
1274.00 0.65
1275.00 0.13
1276.00 0.45
1277.00 0.48
1278.00 1.42
1279.00 2.08
1280.00 0.30
1281.00 0.71
1282.00 1.10
1283.00 0.87
1284.00 1.96
1285.00 0.88
1286.00 0.08
1287.00 0.44
1288.00 0.22
1289.00 0.17
1290.00 0.41
1291.00 0.76
1292.00 0.22
1293.00 0.05
1294.00 0.34
1295.00 0.50
1296.00 0.13
1297.00 0.33
1298.00 0.24
1299.00 0.05
1300.00 0.14
1301.00 0.16
1302.00 0.17
1303.00 0.05
1304.00 0.10
1305.00 0.28
1306.00 0.06
1307.00 0.13
1308.00 0.09
1309.00 0.34
1310.00 0.17
1311.00 0.27
1312.00 0.21
1313.00 0.08
1314.00 0.66
1315.00 2.86
1316.00 3.12
1317.00 1.71
1318.00 0.35
1319.00 0.70
1320.00 0.75
1321.00 0.93
1322.00 0.66
1323.00 0.03
1324.00 0.26
1325.00 0.26
1326.00 0.32
1327.00 0.54
1328.00 0.39
1329.00 0.14
1330.00 0.15
1331.00 0.30
1332.00 0.23
1333.00 0.36
1334.00 0.41
1335.00 0.58
1336.00 0.54
1337.00 0.38
1338.00 0.21
1339.00 0.23
1340.00 0.26
1341.00 0.90
1342.00 0.57
1343.00 0.31
1344.00 0.02
1345.00 0.50
1346.00 0.78
1347.00 1.76
1348.00 1.88
1349.00 1.74
1350.00 0.93
1351.00 0.64
1352.00 0.53
1353.00 0.49
1354.00 0.06
1355.00 1.05
1356.00 1.79
1357.00 1.02
1358.00 0.32
1359.00 0.13
1360.00 0.06
1361.00 0.20
1362.00 0.12
1363.00 0.10
1364.00 0.38
1365.00 0.09
1366.00 0.39
1367.00 0.03
1368.00 0.34
1369.00 0.06
1370.00 0.26
1371.00 0.11
1372.00 0.34
1373.00 0.33
1374.00 0.06
1375.00 0.24
1376.00 0.19
1377.00 0.22
1378.00 0.34
1379.00 0.26
1380.00 0.18
1381.00 0.41
1382.00 0.26
1383.00 0.42
1384.00 0.14
1385.00 0.58
1386.00 0.32
1387.00 0.31
1388.00 0.08
1389.00 0.19
1390.00 0.13
1391.00 0.54
1392.00 0.23
1393.00 0.54
1394.00 0.19
1395.00 0.71
1396.00 0.24
1397.00 0.51
1398.00 0.60
1399.00 0.42
1400.00 0.29
1401.00 0.30
1402.00 0.50
1403.00 0.26
1404.00 0.39
1405.00 0.25
1406.00 0.10
1407.00 0.44
1408.00 0.46
1409.00 0.77
1410.00 0.95
1411.00 0.57
1412.00 4.58
1413.00 2.20
1414.00 0.78
1415.00 0.81
1416.00 0.58
1417.00 0.71
1418.00 10.39
1419.00 9.55
1420.00 12.71
1421.00 23.07
1422.00 0.54
1423.00 2.67
1424.00 5.30
1425.00 3.54
1426.00 5.88
1427.00 2.22
1428.00 2.60
1429.00 1.26
1430.00 0.35
1431.00 0.34
1432.00 0.27
1433.00 0.33
1434.00 0.15
1435.00 0.10
1436.00 0.18
1437.00 0.16
1438.00 0.33
1439.00 0.09
1440.00 0.19
1441.00 0.08
1442.00 0.03
1443.00 0.40
1444.00 0.86
1445.00 1.37
1446.00 0.47
1447.00 0.19
1448.00 0.14
1449.00 0.29
1450.00 0.71
1451.00 0.46
1452.00 0.38
1453.00 0.11
1454.00 0.07
1455.00 0.24
1456.00 0.05
1457.00 0.09
1458.00 0.31
1459.00 0.59
1460.00 0.46
1461.00 0.09
1462.00 0.12
1463.00 0.15
1464.00 0.35
1465.00 0.07
1466.00 0.13
1467.00 0.14
1468.00 0.06
1469.00 0.22
1470.00 0.22
1471.00 0.47
1472.00 0.10
1473.00 0.23
1474.00 0.18
1475.00 0.05
1476.00 0.42
1477.00 0.31
1478.00 0.21
1479.00 0.42
1480.00 0.18
1481.00 0.26
1482.00 0.13
1483.00 0.44
1484.00 0.33
1485.00 0.13
1486.00 0.66
1487.00 0.11
1488.00 0.85
1489.00 0.39
1490.00 0.55
1491.00 1.23
1492.00 1.04
1493.00 1.54
1494.00 2.22
1495.00 0.40
1496.00 0.33
1497.00 0.33
1498.00 0.54
1499.00 0.29
1500.00 0.26
1501.00 0.25
1502.00 0.03
1503.00 0.36
1504.00 0.22
1505.00 0.37
1506.00 0.52
1507.00 0.27
1508.00 0.07
1509.00 0.14
1510.00 0.36
1511.00 0.29
1512.00 0.15
1513.00 0.08
1514.00 0.16
1515.00 0.20
1516.00 0.14
1517.00 0.12
1518.00 0.35
1519.00 1.04
1520.00 1.73
1521.00 0.31
1522.00 0.27
1523.00 0.17
1524.00 0.10
1525.00 0.16
1526.00 0.19
1527.00 0.08
1528.00 0.19
1529.00 0.35
1530.00 0.62
1531.00 0.80
1532.00 2.00
1533.00 2.44
1534.00 0.66
1535.00 0.18
1536.00 0.13
1537.00 0.55
1538.00 0.59
1539.00 0.87
1540.00 0.13
1541.00 1.10
1542.00 0.32
1543.00 0.40
1544.00 0.77
1545.00 0.22
1546.00 0.17
1547.00 0.17
1548.00 0.38
1549.00 0.17
1550.00 0.08
1551.00 0.29
1552.00 1.33
1553.00 0.39
1554.00 0.09
1555.00 0.22
1556.00 0.22
1557.00 0.14
1558.00 0.16
1559.00 0.02
1560.00 0.24
1561.00 0.03
1562.00 0.06
1563.00 0.31
1564.00 0.35
1565.00 1.35
1566.00 3.21
1567.00 1.89
1568.00 0.60
1569.00 3.88
1570.00 0.64
1571.00 3.68
1572.00 1.16
1573.00 1.16
1574.00 0.09
1575.00 0.40
1576.00 0.16
1577.00 0.17
1578.00 0.19
1579.00 0.20
1580.00 0.23
1581.00 0.06
1582.00 0.13
1583.00 0.36
1584.00 0.29
1585.00 0.40
1586.00 0.83
1587.00 0.14
1588.00 0.10
1589.00 0.12
1590.00 0.18
1591.00 0.07
1592.00 0.38
1593.00 0.37
1594.00 0.51
1595.00 0.21
1596.00 0.15
1597.00 0.09
1598.00 0.17
1599.00 0.26
1600.00 0.83
1601.00 0.23
1602.00 0.22
1603.00 0.02
1604.00 0.21
1605.00 0.05
1606.00 0.11
1607.00 0.24
1608.00 0.21
1609.00 0.42
1610.00 0.20
1611.00 0.15
1612.00 0.10
1613.00 0.23
1614.00 0.08
1615.00 0.16
1616.00 0.16
1617.00 0.38
1618.00 0.16
1619.00 0.05
1620.00 0.08
1621.00 0.08
1622.00 0.14
1623.00 0.13
1624.00 0.04
1625.00 0.07
1626.00 0.23
1627.00 0.40
1628.00 1.13
1629.00 22.29
1630.00 1.32
1631.00 3.23
1632.00 6.93
1633.00 8.94
1634.00 47.94
1635.00 60.05
1636.00 0.00
1637.00 0.00
1638.00 0.00
1639.00 0.00
1640.00 0.00
1641.00 0.00
1642.00 0.00
1643.00 0.00
1644.00 0.00
1645.00 0.00
1646.00 0.00
1647.00 0.00
1648.00 0.00
1649.00 0.00
1650.00 0.00
1651.00 0.00
1652.00 0.00
1653.00 0.00
1654.00 0.00
1655.00 0.00
1656.00 0.00
1657.00 0.00
1658.00 0.00
1659.00 0.00
1660.00 0.00
1661.00 0.00
1662.00 0.00
1663.00 0.00
1664.00 0.00
1665.00 0.00
1666.00 0.00
1667.00 0.00
1668.00 0.00
1669.00 0.00
1670.00 0.00
1671.00 0.00
1672.00 0.00
1673.00 0.00
1674.00 0.00
1675.00 0.00
1676.00 0.00
1677.00 0.00
1678.00 0.00
1679.00 0.00
1680.00 0.00
1681.00 0.00
1682.00 0.00
1683.00 0.00
1684.00 0.00
1685.00 0.00
1686.00 0.00
1687.00 0.00
1688.00 0.00
1689.00 0.00
1690.00 0.00
1691.00 0.00
1692.00 0.00
1693.00 0.00
1694.00 0.00
1695.00 0.00
1696.00 0.00
1697.00 0.00
1698.00 0.00
1699.00 0.00
1700.00 0.00
1701.00 0.00
1702.00 0.00
1703.00 0.00
1704.00 0.00
1705.00 0.00
1706.00 0.00
1707.00 1.49
1708.00 0.88
1709.00 0.64
1710.00 0.15
1711.00 0.68
1712.00 0.58
1713.00 0.23
1714.00 0.17
1715.00 0.15
1716.00 0.08
1717.00 0.10
1718.00 0.12
1719.00 0.12
1720.00 0.80
1721.00 0.36
1722.00 0.12
1723.00 0.07
1724.00 0.29
1725.00 0.19
1726.00 0.19
1727.00 0.09
1728.00 0.11
1729.00 0.27
1730.00 0.31
1731.00 0.12
1732.00 0.14
1733.00 0.06
1734.00 0.08
1735.00 0.12
1736.00 0.24
1737.00 0.14
1738.00 0.32
1739.00 0.05
1740.00 0.13
1741.00 0.10
1742.00 0.38
1743.00 0.44
1744.00 0.35
1745.00 0.06
1746.00 0.13
1747.00 0.46
1748.00 0.36
1749.00 0.12
1750.00 2.03
1751.00 2.35
1752.00 2.39
1753.00 0.87
1754.00 0.18
1755.00 0.04
1756.00 0.52
1757.00 0.30
1758.00 0.22
1759.00 0.28
1760.00 0.09
1761.00 0.92
1762.00 1.89
1763.00 2.00
1764.00 0.83
1765.00 0.92
1766.00 1.50
1767.00 0.10
1768.00 0.41
1769.00 1.12
1770.00 0.58
1771.00 0.14
1772.00 0.11
1773.00 0.19
1774.00 0.28
1775.00 0.17
1776.00 0.48
1777.00 0.63
1778.00 0.22
1779.00 0.19
1780.00 0.34
1781.00 0.12
1782.00 0.14
1783.00 0.17
1784.00 0.08
1785.00 0.31
1786.00 0.33
1787.00 0.08
1788.00 0.21
1789.00 0.15
1790.00 0.41
1791.00 0.08
1792.00 0.30
1793.00 0.14
1794.00 0.35
1795.00 0.13
1796.00 0.38
1797.00 0.08
1798.00 0.23
1799.00 0.66
1800.00 0.22
1801.00 0.39
1802.00 0.36
1803.00 0.27
1804.00 1.09
1805.00 0.80
1806.00 0.17
1807.00 0.23
1808.00 0.30
1809.00 0.71
1810.00 0.09
1811.00 0.16
1812.00 0.39
1813.00 0.29
1814.00 0.22
1815.00 0.36
1816.00 0.25
1817.00 0.12
1818.00 0.36
1819.00 0.29
1820.00 0.13
1821.00 0.18
1822.00 0.35
1823.00 0.20
1824.00 0.05
1825.00 0.28
1826.00 0.27
1827.00 0.14
1828.00 0.18
1829.00 0.09
1830.00 0.66
1831.00 0.28
1832.00 0.54
1833.00 0.10
1834.00 0.02
1835.00 0.44
1836.00 0.74
1837.00 0.73
1838.00 0.48
1839.00 0.90
1840.00 2.00
1841.00 1.59
1842.00 1.19
1843.00 0.26
1844.00 0.72
1845.00 0.59
1846.00 0.30
1847.00 0.38
1848.00 0.11
1849.00 1.28
1850.00 0.31
1851.00 0.98
1852.00 0.50
1853.00 0.32
1854.00 0.24
1855.00 0.58
1856.00 0.37
1857.00 0.35
1858.00 0.32
1859.00 0.67
1860.00 0.10
1861.00 0.65
1862.00 0.20
1863.00 0.11
1864.00 0.28
1865.00 0.37
1866.00 0.25
1867.00 0.24
1868.00 0.17
1869.00 0.36
1870.00 0.66
1871.00 0.27
1872.00 0.35
1873.00 0.67
1874.00 7.34
1875.00 18.72
1876.00 1.89
1877.00 1.50
1878.00 0.72
1879.00 0.10
1880.00 1.08
1881.00 1.82
1882.00 1.66
1883.00 1.35
1884.00 1.74
1885.00 1.72
1886.00 0.09
1887.00 0.22
1888.00 0.11
1889.00 0.50
1890.00 0.63
1891.00 0.19
1892.00 0.25
1893.00 0.19
1894.00 0.60
1895.00 2.29
1896.00 2.38
1897.00 0.77
1898.00 1.80
1899.00 0.19
1900.00 0.07
1901.00 0.69
1902.00 1.16
1903.00 1.50
1904.00 1.03
1905.00 3.37
1906.00 3.07
1907.00 1.98
1908.00 1.73
1909.00 2.92
1910.00 2.19
1911.00 1.41
1912.00 5.40
1913.00 3.19
1914.00 0.73
1915.00 0.05
1916.00 0.35
1917.00 0.23
1918.00 0.34
1919.00 0.08
1920.00 0.28
1921.00 0.18
1922.00 0.17
1923.00 0.24
1924.00 0.33
1925.00 0.45
1926.00 0.67
1927.00 0.16
1928.00 0.38
1929.00 0.31
1930.00 1.17
1931.00 0.10
1932.00 0.11
1933.00 0.52
1934.00 0.70
1935.00 0.13
1936.00 0.09
1937.00 0.27
1938.00 0.38
1939.00 0.23
1940.00 0.19
1941.00 0.41
1942.00 0.20
1943.00 1.75
1944.00 1.76
1945.00 0.37
1946.00 2.55
1947.00 8.87
1948.00 17.57
1949.00 1.75
1950.00 1.16
1951.00 0.85
1952.00 0.33
1953.00 1.01
1954.00 0.59
1955.00 0.19
1956.00 0.43
1957.00 0.08
1958.00 0.12
1959.00 0.27
1960.00 0.52
1961.00 0.36
1962.00 0.35
1963.00 0.01
1964.00 0.04
1965.00 0.11
1966.00 0.14
1967.00 0.02
1968.00 0.12
1969.00 0.12
1970.00 0.10
1971.00 0.14
1972.00 0.11
1973.00 0.15
1974.00 0.10
1975.00 0.33
1976.00 0.46
1977.00 0.29
1978.00 0.44
1979.00 1.22
1980.00 2.42
1981.00 1.03
1982.00 0.29
1983.00 0.20
1984.00 0.80
1985.00 1.26
1986.00 1.23
1987.00 0.74
1988.00 0.68
1989.00 0.42
1990.00 0.46
1991.00 1.24
1992.00 1.14
1993.00 0.37
1994.00 0.16
1995.00 0.20
1996.00 0.10
1997.00 0.24
1998.00 0.28
1999.00 0.13
2000.00 0.47
2001.00 0.40
2002.00 0.30
2003.00 0.20
2004.00 0.20
2005.00 0.27
2006.00 0.15
2007.00 0.52
2008.00 0.68
2009.00 0.51
2010.00 0.12
2011.00 0.36
2012.00 0.07
2013.00 0.16
2014.00 0.55
2015.00 0.71
2016.00 0.67
2017.00 0.37
2018.00 0.18
2019.00 0.28
2020.00 0.14
2021.00 0.07
2022.00 0.52
2023.00 1.26
2024.00 0.44
2025.00 0.13
2026.00 0.40
2027.00 0.35
2028.00 0.07
2029.00 0.08
2030.00 0.75
2031.00 0.77
2032.00 0.71
2033.00 0.89
2034.00 0.28
2035.00 0.23
2036.00 0.35
2037.00 0.03
2038.00 0.37
2039.00 0.29
2040.00 0.20
2041.00 0.18
2042.00 0.45
2043.00 0.48
2044.00 0.22
2045.00 0.85
2046.00 0.61
2047.00 0.73
2048.00 0.45
2049.00 0.21
2050.00 0.15
2051.00 0.09
2052.00 0.21
2053.00 0.49
2054.00 0.14
2055.00 0.16
2056.00 0.16
2057.00 0.06
2058.00 0.45
2059.00 0.52
2060.00 0.31
2061.00 0.72
2062.00 0.59
2063.00 0.14
2064.00 0.39
2065.00 0.02
2066.00 0.46
2067.00 0.09
2068.00 0.05
2069.00 0.18
2070.00 0.23
2071.00 0.09
2072.00 0.63
2073.00 0.66
2074.00 0.31
2075.00 0.19
2076.00 0.08
2077.00 0.16
2078.00 0.61
2079.00 1.10
2080.00 0.26
2081.00 0.26
2082.00 0.11
2083.00 1.05
2084.00 0.68
2085.00 0.31
2086.00 0.06
2087.00 0.20
2088.00 0.30
2089.00 0.39
2090.00 0.09
2091.00 0.31
2092.00 0.20
2093.00 0.38
2094.00 0.16
2095.00 0.13
2096.00 0.21
2097.00 0.32
2098.00 0.24
2099.00 0.07
2100.00 0.20
2101.00 0.46
2102.00 0.62
2103.00 0.28
2104.00 0.18
2105.00 0.18
2106.00 0.50
2107.00 0.51
2108.00 0.59
2109.00 0.50
2110.00 0.22
2111.00 0.23
2112.00 0.20
2113.00 0.26
2114.00 0.28
2115.00 0.12
2116.00 0.07
2117.00 0.35
2118.00 0.10
2119.00 0.29
2120.00 0.53
2121.00 0.18
2122.00 0.36
2123.00 0.26
2124.00 0.35
2125.00 0.23
2126.00 0.15
2127.00 0.23
2128.00 0.10
2129.00 0.19
2130.00 0.24
2131.00 0.14
2132.00 0.26
2133.00 0.21
2134.00 0.25
2135.00 0.64
2136.00 0.33
2137.00 0.06
2138.00 0.29
2139.00 0.27
2140.00 0.31
2141.00 0.19
2142.00 0.41
2143.00 0.26
2144.00 0.31
2145.00 0.27
2146.00 0.35
2147.00 0.25
2148.00 0.33
2149.00 0.19
2150.00 0.18
2151.00 0.82
2152.00 0.06
2153.00 0.33
2154.00 0.28
2155.00 0.29
2156.00 0.26
2157.00 0.38
2158.00 0.18
2159.00 0.13
2160.00 0.11
2161.00 0.10
2162.00 0.10
2163.00 0.41
2164.00 0.22
2165.00 0.19
2166.00 0.16
2167.00 0.44
2168.00 0.29
2169.00 0.28
2170.00 0.34
2171.00 0.06
2172.00 0.08
2173.00 0.13
2174.00 0.44
2175.00 0.33
2176.00 0.39
2177.00 0.41
2178.00 0.33
2179.00 0.30
2180.00 1.24
2181.00 0.31
2182.00 0.50
2183.00 0.35
2184.00 0.58
2185.00 0.38
2186.00 0.25
2187.00 0.08
2188.00 0.17
2189.00 0.26
2190.00 0.12
2191.00 0.22
2192.00 0.57
2193.00 0.51
2194.00 0.45
2195.00 0.24
2196.00 0.11
2197.00 0.79
2198.00 0.44
2199.00 0.29
2200.00 0.10
2201.00 0.31
2202.00 0.16
2203.00 0.07
2204.00 0.20
2205.00 0.22
2206.00 0.15
2207.00 0.09
2208.00 0.11
2209.00 0.46
2210.00 0.20
2211.00 0.40
2212.00 0.11
2213.00 1.15
2214.00 1.63
2215.00 7.87
2216.00 2.52
2217.00 4.95
2218.00 4.12
2219.00 123.61
2220.00 0.00
2221.00 0.00
2222.00 0.00
2223.00 0.00
2224.00 0.00
2225.00 0.00
2226.00 0.00
2227.00 0.00
2228.00 0.00
2229.00 0.00
2230.00 0.00
2231.00 0.00
2232.00 0.00
2233.00 0.00
2234.00 0.00
2235.00 0.00
2236.00 0.00
2237.00 0.00
2238.00 0.00
2239.00 0.00
2240.00 0.00
2241.00 0.00
2242.00 0.00
2243.00 0.00
2244.00 0.00
2245.00 0.00
2246.00 0.00
2247.00 0.00
2248.00 0.00
2249.00 0.00
2250.00 0.00
2251.00 0.00
2252.00 0.00
2253.00 0.00
2254.00 0.00
2255.00 0.00
2256.00 0.00
2257.00 0.00
2258.00 0.00
2259.00 0.00
2260.00 0.00
2261.00 0.00
2262.00 0.00
2263.00 0.00
2264.00 0.00
2265.00 0.00
2266.00 1.20
2267.00 1.30
2268.00 0.54
2269.00 0.25
2270.00 0.88
2271.00 1.26
2272.00 0.89
2273.00 0.30
2274.00 0.18
2275.00 0.42
2276.00 0.49
2277.00 1.79
2278.00 1.65
2279.00 0.55
2280.00 0.08
2281.00 1.58
2282.00 0.32
2283.00 1.78
2284.00 1.71
2285.00 0.61
2286.00 0.46
2287.00 0.47
2288.00 0.14
2289.00 0.37
2290.00 0.56
2291.00 0.56
2292.00 0.90
2293.00 0.76
2294.00 0.45
2295.00 1.01
2296.00 0.78
2297.00 0.54
2298.00 0.70
2299.00 0.11
2300.00 1.09
2301.00 0.72
2302.00 0.62
2303.00 0.14
2304.00 0.37
2305.00 1.04
2306.00 0.74
2307.00 0.21
2308.00 1.04
2309.00 0.37
2310.00 0.08
2311.00 0.28
2312.00 0.23
2313.00 0.23
2314.00 0.50
2315.00 0.09
2316.00 0.14
2317.00 0.38
2318.00 0.41
2319.00 0.23
2320.00 0.36
2321.00 0.42
2322.00 0.38
2323.00 1.40
2324.00 0.76
2325.00 0.79
2326.00 2.05
2327.00 0.81
2328.00 1.89
2329.00 1.58
2330.00 4.41
2331.00 3.86
2332.00 1.54
2333.00 1.73
2334.00 1.83
2335.00 1.20
2336.00 0.60
2337.00 0.64
2338.00 1.47
2339.00 0.13
2340.00 0.44
2341.00 0.14
2342.00 0.02
2343.00 0.10
2344.00 0.82
2345.00 0.41
2346.00 1.21
2347.00 0.52
2348.00 0.18
2349.00 0.13
2350.00 0.49
2351.00 0.31
2352.00 0.62
2353.00 0.54
2354.00 0.03
2355.00 0.64
2356.00 0.24
2357.00 0.11
2358.00 0.56
2359.00 1.00
2360.00 0.71
2361.00 0.43
2362.00 0.26
2363.00 0.64
2364.00 1.11
2365.00 1.13
2366.00 1.32
2367.00 1.01
2368.00 0.43
2369.00 0.79
2370.00 1.14
2371.00 0.69
2372.00 0.44
2373.00 1.01
2374.00 1.13
2375.00 0.67
2376.00 0.73
2377.00 0.51
2378.00 0.72
2379.00 0.64
2380.00 1.57
2381.00 0.61
2382.00 1.55
2383.00 0.25
2384.00 0.97
2385.00 0.66
2386.00 0.48
2387.00 0.54
2388.00 0.31
2389.00 0.30
2390.00 0.22
2391.00 0.42
2392.00 0.57
2393.00 0.33
2394.00 2.62
2395.00 1.20
2396.00 1.28
2397.00 1.29
2398.00 2.76
2399.00 1.77
2400.00 3.07
2401.00 2.68
2402.00 1.36
2403.00 0.37
2404.00 0.63
2405.00 0.73
2406.00 0.60
2407.00 0.42
2408.00 0.16
2409.00 0.07
2410.00 0.22
2411.00 0.49
2412.00 0.37
2413.00 0.52
2414.00 0.35
2415.00 0.27
2416.00 0.38
2417.00 0.12
2418.00 0.14
2419.00 0.02
2420.00 0.23
2421.00 0.26
2422.00 0.08
2423.00 0.12
2424.00 0.17
2425.00 0.74
2426.00 0.67
2427.00 0.22
2428.00 0.51
2429.00 0.35
2430.00 0.36
2431.00 0.09
2432.00 0.42
2433.00 0.30
2434.00 0.39
2435.00 0.40
2436.00 0.37
2437.00 0.36
2438.00 0.73
2439.00 1.27
2440.00 0.76
2441.00 0.33
2442.00 0.22
2443.00 0.04
2444.00 0.31
2445.00 0.43
2446.00 0.09
2447.00 0.50
2448.00 0.09
2449.00 0.02
2450.00 0.33
2451.00 0.37
2452.00 1.08
2453.00 0.45
2454.00 0.91
2455.00 0.33
2456.00 0.47
2457.00 0.46
2458.00 0.28
2459.00 0.28
2460.00 0.39
2461.00 0.49
2462.00 0.24
2463.00 0.24
2464.00 0.06
2465.00 0.07
2466.00 0.14
2467.00 0.11
2468.00 0.46
2469.00 0.13
2470.00 0.46
2471.00 0.06
2472.00 0.33
2473.00 0.40
2474.00 0.13
2475.00 0.12
2476.00 0.32
2477.00 0.13
2478.00 0.32
2479.00 0.01
2480.00 0.23
2481.00 0.03
2482.00 0.14
2483.00 0.51
2484.00 0.24
2485.00 0.47
2486.00 0.15
2487.00 0.10
2488.00 0.24
2489.00 0.18
2490.00 0.03
2491.00 0.24
2492.00 0.41
2493.00 0.23
2494.00 0.74
2495.00 1.89
2496.00 1.85
2497.00 2.53
2498.00 12.29
2499.00 17.67
2500.00 2.76
2501.00 1.57
2502.00 0.55
2503.00 0.31
2504.00 0.87
2505.00 0.42
2506.00 0.11
2507.00 0.10
2508.00 0.41
2509.00 0.30
2510.00 0.33
2511.00 0.54
2512.00 0.01
2513.00 0.27
2514.00 0.09
2515.00 0.14
2516.00 0.17
2517.00 0.04
2518.00 0.22
2519.00 0.41
2520.00 0.92
2521.00 0.22
2522.00 0.15
2523.00 0.64
2524.00 0.33
2525.00 0.53
2526.00 0.68
2527.00 1.06
2528.00 0.64
2529.00 2.17
2530.00 0.69
2531.00 0.65
2532.00 0.23
2533.00 0.28
2534.00 2.07
2535.00 2.52
2536.00 3.84
2537.00 2.44
2538.00 0.90
2539.00 0.37
2540.00 0.21
2541.00 0.28
2542.00 1.12
2543.00 0.78
2544.00 1.18
2545.00 0.16
2546.00 0.15
2547.00 0.42
2548.00 0.40
2549.00 0.26
2550.00 0.12
2551.00 0.03
2552.00 0.09
2553.00 0.04
2554.00 0.13
2555.00 0.58
2556.00 0.07
2557.00 0.37
2558.00 0.11
2559.00 0.11
2560.00 0.11
2561.00 0.15
2562.00 0.28
2563.00 0.15
2564.00 0.32
2565.00 0.39
2566.00 0.66
2567.00 0.30
2568.00 8.17
2569.00 3.28
2570.00 3.00
2571.00 1.63
2572.00 0.53
2573.00 0.40
2574.00 0.99
2575.00 0.36
2576.00 0.40
2577.00 0.24
2578.00 0.14
2579.00 0.35
2580.00 0.10
2581.00 0.05
2582.00 0.29
2583.00 0.33
2584.00 0.02
2585.00 0.56
2586.00 0.25
2587.00 0.09
2588.00 0.13
2589.00 0.30
2590.00 0.21
2591.00 0.40
2592.00 0.26
2593.00 0.15
2594.00 0.22
2595.00 0.17
2596.00 0.29
2597.00 0.14
2598.00 0.49
2599.00 0.32
2600.00 1.26
2601.00 0.93
2602.00 1.54
2603.00 1.64
2604.00 1.22
2605.00 0.16
2606.00 0.47
2607.00 0.09
2608.00 0.22
2609.00 0.19
2610.00 0.74
2611.00 0.06
2612.00 0.28
2613.00 0.38
2614.00 0.25
2615.00 0.23
2616.00 0.24
2617.00 0.19
2618.00 0.14
2619.00 0.18
2620.00 0.28
2621.00 0.05
2622.00 0.32
2623.00 0.17
2624.00 0.62
2625.00 0.32
2626.00 0.27
2627.00 0.15
2628.00 0.17
2629.00 0.08
2630.00 0.29
2631.00 0.09
2632.00 0.21
2633.00 0.61
2634.00 0.12
2635.00 0.10
2636.00 0.55
2637.00 0.75
2638.00 1.18
2639.00 1.17
2640.00 3.73
2641.00 1.10
2642.00 0.85
2643.00 1.44
2644.00 0.44
2645.00 1.16
2646.00 0.80
2647.00 0.53
2648.00 0.04
2649.00 0.20
2650.00 0.20
2651.00 0.68
2652.00 1.05
2653.00 0.20
2654.00 0.13
2655.00 0.22
2656.00 0.29
2657.00 0.55
2658.00 0.28
2659.00 0.08
2660.00 0.31
2661.00 1.14
2662.00 0.17
2663.00 0.29
2664.00 0.25
2665.00 1.71
2666.00 2.48
2667.00 1.25
2668.00 0.74
2669.00 1.00
2670.00 0.40
2671.00 1.91
2672.00 1.96
2673.00 1.06
2674.00 0.62
2675.00 0.11
2676.00 0.04
2677.00 0.06
2678.00 0.15
2679.00 0.11
2680.00 0.26
2681.00 0.28
2682.00 0.08
2683.00 0.19
2684.00 0.32
2685.00 0.31
2686.00 0.22
2687.00 0.06
2688.00 0.42
2689.00 0.14
2690.00 0.15
2691.00 0.05
2692.00 0.33
2693.00 0.09
2694.00 0.09
2695.00 0.45
2696.00 0.29
2697.00 0.27
2698.00 0.19
2699.00 0.13
2700.00 0.12
2701.00 0.54
2702.00 0.33
2703.00 0.06
2704.00 0.15
2705.00 0.33
2706.00 0.10
2707.00 0.08
2708.00 0.12
2709.00 0.01
2710.00 0.33
2711.00 0.23
2712.00 0.04
2713.00 0.02
2714.00 0.33
2715.00 0.08
2716.00 0.03
2717.00 0.05
2718.00 0.08
2719.00 0.26
2720.00 0.16
2721.00 0.40
2722.00 0.88
2723.00 0.30
2724.00 0.07
2725.00 0.74
2726.00 0.75
2727.00 0.92
2728.00 0.62
2729.00 0.69
2730.00 0.24
2731.00 0.25
2732.00 1.76
2733.00 0.76
2734.00 0.03
2735.00 1.99
2736.00 1.48
2737.00 1.68
2738.00 0.50
2739.00 0.27
2740.00 0.42
2741.00 0.52
2742.00 0.63
2743.00 0.73
2744.00 0.66
2745.00 0.38
2746.00 0.28
2747.00 0.07
2748.00 0.17
2749.00 0.18
2750.00 0.13
2751.00 0.37
2752.00 0.30
2753.00 0.25
2754.00 0.09
2755.00 0.16
2756.00 0.25
2757.00 0.18
2758.00 0.30
2759.00 0.57
2760.00 0.37
2761.00 0.30
2762.00 0.29
2763.00 0.02
2764.00 0.05
2765.00 0.09
2766.00 0.12
2767.00 0.16
2768.00 0.26
2769.00 0.07
2770.00 0.07
2771.00 0.10
2772.00 0.17
2773.00 0.05
2774.00 0.09
2775.00 0.03
2776.00 0.01
2777.00 0.03
2778.00 0.06
2779.00 0.21
2780.00 0.05
2781.00 0.15
2782.00 0.07
2783.00 0.07
2784.00 0.27
2785.00 0.25
2786.00 0.19
2787.00 0.52
2788.00 0.32
2789.00 2.63
2790.00 0.78
2791.00 2.72
2792.00 1.79
2793.00 0.44
2794.00 0.88
2795.00 0.21
2796.00 1.85
2797.00 6.17
2798.00 6.43
2799.00 5.10
2800.00 3.38
2801.00 0.82
2802.00 1.56
2803.00 1.73
2804.00 5.98
2805.00 5.90
2806.00 1.24
2807.00 1.20
2808.00 2.27
2809.00 0.15
2810.00 0.67
2811.00 0.84
2812.00 0.52
2813.00 1.32
2814.00 1.09
2815.00 0.40
2816.00 0.59
2817.00 0.62
2818.00 0.84
2819.00 0.45
2820.00 0.22
2821.00 0.02
2822.00 0.76
2823.00 0.27
2824.00 0.24
2825.00 0.62
2826.00 0.47
2827.00 0.18
2828.00 0.12
2829.00 0.65
2830.00 0.08
2831.00 0.12
2832.00 0.47
2833.00 0.13
2834.00 0.14
2835.00 0.22
2836.00 0.09
2837.00 0.23
2838.00 0.38
2839.00 0.23
2840.00 0.29
2841.00 0.16
2842.00 0.43
2843.00 0.14
2844.00 0.48
2845.00 0.43
2846.00 0.72
2847.00 0.38
2848.00 0.24
2849.00 0.25
2850.00 0.14
2851.00 0.43
2852.00 0.28
2853.00 0.06
2854.00 0.17
2855.00 0.21
2856.00 0.22
2857.00 0.12
2858.00 0.17
2859.00 0.21
2860.00 0.23
2861.00 0.09
2862.00 0.31
2863.00 0.27
2864.00 0.14
2865.00 0.20
2866.00 0.22
2867.00 0.34
2868.00 0.05
2869.00 0.24
2870.00 0.24
2871.00 0.10
2872.00 0.28
2873.00 0.08
2874.00 0.05
2875.00 0.36
2876.00 0.50
2877.00 0.47
2878.00 0.07
2879.00 0.26
2880.00 0.22
2881.00 0.17
2882.00 0.15
2883.00 0.41
2884.00 0.31
2885.00 0.11
2886.00 0.13
2887.00 0.24
2888.00 0.03
2889.00 0.17
2890.00 0.30
2891.00 0.07
2892.00 0.32
2893.00 0.38
2894.00 0.26
2895.00 0.08
2896.00 0.46
2897.00 0.90
2898.00 0.46
2899.00 0.76
2900.00 1.44
2901.00 1.92
2902.00 0.00
2903.00 0.00
2904.00 0.00
2905.00 0.00
2906.00 0.00
2907.00 0.00
2908.00 0.00
2909.00 0.00
2910.00 0.00
2911.00 0.00
2912.00 0.00
2913.00 0.00
2914.00 0.00
2915.00 0.00
2916.00 0.00
2917.00 0.00
2918.00 0.00
2919.00 0.00
2920.00 0.00
2921.00 0.00
2922.00 0.00
2923.00 0.00
2924.00 0.00
2925.00 0.00
2926.00 0.00
2927.00 0.00
2928.00 0.00
2929.00 0.00
2930.00 0.00
2931.00 0.00
2932.00 0.00
2933.00 0.00
2934.00 0.00
2935.00 0.00
2936.00 0.00
2937.00 0.00
2938.00 0.00
2939.00 0.00
2940.00 0.00
2941.00 0.00
2942.00 0.00
2943.00 0.00
2944.00 0.00
2945.00 0.00
2946.00 0.00
2947.00 1.50
2948.00 1.06
2949.00 2.11
2950.00 0.56
2951.00 0.12
2952.00 1.10
2953.00 0.27
2954.00 0.95
2955.00 0.85
2956.00 0.51
2957.00 0.36
2958.00 0.31
2959.00 0.15
2960.00 0.20
2961.00 0.90
2962.00 0.47
2963.00 0.25
2964.00 0.11
2965.00 0.15
2966.00 0.69
2967.00 0.48
2968.00 0.97
2969.00 0.10
2970.00 0.13
2971.00 0.23
2972.00 0.16
2973.00 0.16
2974.00 0.10
2975.00 0.11
2976.00 0.07
2977.00 0.15
2978.00 0.02
2979.00 0.14
2980.00 0.11
2981.00 0.08
2982.00 0.61
2983.00 0.47
2984.00 0.46
2985.00 0.30
2986.00 0.15
2987.00 0.17
2988.00 0.26
2989.00 0.64
2990.00 1.26
2991.00 0.66
2992.00 0.50
2993.00 0.36
2994.00 0.25
2995.00 0.09
2996.00 0.35
2997.00 0.16
2998.00 0.14
2999.00 0.16
3000.00 0.10
3001.00 0.43
3002.00 0.15
3003.00 0.37
3004.00 0.45
3005.00 0.45
3006.00 0.65
3007.00 1.13
3008.00 0.67
3009.00 1.86
3010.00 1.22
3011.00 0.91
3012.00 0.75
3013.00 2.02
3014.00 3.46
3015.00 1.80
3016.00 1.06
3017.00 0.58
3018.00 0.29
3019.00 0.55
3020.00 0.46
3021.00 0.14
3022.00 0.15
3023.00 0.20
3024.00 0.63
3025.00 0.46
3026.00 0.26
3027.00 0.71
3028.00 0.81
3029.00 0.76
3030.00 0.09
3031.00 0.27
3032.00 0.56
3033.00 0.08
3034.00 0.27
3035.00 0.22
3036.00 0.09
3037.00 0.15
3038.00 0.08
3039.00 0.18
3040.00 0.18
3041.00 0.06
3042.00 0.31
3043.00 0.21
3044.00 0.09
3045.00 0.15
3046.00 0.07
3047.00 0.12
3048.00 0.17
3049.00 0.05
3050.00 0.31
3051.00 0.29
3052.00 0.13
3053.00 0.27
3054.00 0.05
3055.00 0.39
3056.00 0.16
3057.00 0.35
3058.00 0.33
3059.00 0.19
3060.00 0.16
3061.00 0.32
3062.00 0.34
3063.00 0.23
3064.00 0.52
3065.00 0.17
3066.00 0.41
3067.00 0.43
3068.00 0.32
3069.00 0.22
3070.00 0.14
3071.00 0.15
3072.00 0.68
3073.00 0.58
3074.00 0.04
3075.00 0.14
3076.00 0.82
3077.00 1.08
3078.00 1.69
3079.00 0.99
3080.00 0.66
3081.00 0.99
3082.00 2.37
3083.00 2.34
3084.00 2.40
3085.00 1.13
3086.00 0.45
3087.00 0.22
3088.00 0.91
3089.00 1.02
3090.00 0.89
3091.00 0.16
3092.00 0.24
3093.00 0.46
3094.00 0.58
3095.00 0.32
3096.00 0.47
3097.00 0.17
3098.00 0.09
3099.00 0.09
3100.00 0.09
3101.00 0.46
3102.00 0.46
3103.00 0.41
3104.00 0.51
3105.00 0.23
3106.00 0.77
3107.00 0.23
3108.00 0.27
3109.00 0.48
3110.00 0.39
3111.00 0.21
3112.00 0.14
3113.00 0.09
3114.00 0.08
3115.00 0.26
3116.00 0.04
3117.00 0.49
3118.00 0.08
3119.00 0.25
3120.00 0.27
3121.00 0.38
3122.00 0.11
3123.00 0.13
3124.00 0.12
3125.00 0.07
3126.00 0.06
3127.00 0.06
3128.00 0.13
3129.00 0.14
3130.00 0.35
3131.00 0.68
3132.00 0.06
3133.00 0.18
3134.00 0.13
3135.00 0.04
3136.00 0.05
3137.00 0.05
3138.00 0.07
3139.00 0.06
3140.00 0.09
3141.00 0.25
3142.00 0.45
3143.00 0.52
3144.00 0.50
3145.00 0.14
3146.00 0.20
3147.00 0.18
3148.00 0.29
3149.00 0.09
3150.00 0.24
3151.00 0.29
3152.00 0.20
3153.00 0.04
3154.00 0.11
3155.00 0.12
3156.00 0.32
3157.00 0.17
3158.00 0.08
3159.00 0.32
3160.00 0.04
3161.00 0.08
3162.00 0.24
3163.00 0.09
3164.00 0.16
3165.00 0.14
3166.00 0.14
3167.00 0.13
3168.00 0.34
3169.00 0.28
3170.00 0.57
3171.00 0.28
3172.00 0.09
3173.00 0.11
3174.00 0.10
3175.00 0.09
3176.00 0.02
3177.00 0.05
3178.00 0.13
3179.00 0.22
3180.00 0.30
3181.00 0.12
3182.00 0.06
3183.00 0.10
3184.00 0.07
3185.00 0.21
3186.00 0.01
3187.00 0.04
3188.00 0.19
3189.00 0.18
3190.00 0.12
3191.00 0.08
3192.00 0.02
3193.00 0.03
3194.00 0.05
3195.00 0.05
3196.00 0.36
3197.00 0.19
3198.00 0.12
3199.00 0.13
3200.00 0.12
3201.00 0.05
3202.00 0.34
3203.00 0.13
3204.00 0.09
3205.00 0.04
3206.00 0.03
3207.00 0.16
3208.00 0.24
3209.00 0.45
3210.00 0.50
3211.00 0.20
3212.00 0.07
3213.00 0.10
3214.00 0.06
3215.00 0.11
3216.00 0.18
3217.00 0.19
3218.00 0.10
3219.00 0.38
3220.00 0.31
3221.00 0.37
3222.00 0.11
3223.00 0.20
3224.00 0.11
3225.00 0.06
3226.00 0.08
3227.00 0.22
3228.00 0.21
3229.00 0.25
3230.00 0.09
3231.00 0.05
3232.00 0.32
3233.00 0.11
3234.00 0.35
3235.00 0.54
3236.00 0.12
3237.00 0.05
3238.00 0.18
3239.00 0.10
3240.00 0.67
3241.00 0.86
3242.00 0.61
3243.00 0.46
3244.00 0.37
3245.00 0.57
3246.00 0.12
3247.00 0.77
3248.00 1.02
3249.00 0.00
3250.00 0.00
3251.00 0.00
3252.00 0.00
3253.00 0.00
3254.00 0.00
3255.00 0.00
3256.00 0.00
3257.00 0.00
3258.00 0.00
3259.00 0.00
3260.00 0.00
3261.00 0.00
3262.00 0.00
3263.00 0.00
3264.00 0.00
3265.00 0.00
3266.00 0.00
3267.00 0.00
3268.00 0.00
3269.00 0.00
3270.00 0.00
3271.00 0.00
3272.00 0.00
3273.00 0.00
3274.00 0.00
3275.00 0.00
3276.00 0.00
3277.00 0.00
3278.00 0.00
3279.00 0.00
3280.00 0.00
3281.00 0.00
3282.00 0.00
3283.00 0.00
3284.00 0.00
3285.00 0.00
3286.00 0.00
3287.00 0.00
3288.00 0.00
3289.00 0.00
3290.00 0.00
3291.00 0.00
3292.00 0.00
3293.00 0.00
3294.00 0.00
3295.00 0.00
3296.00 0.00
3297.00 0.00
3298.00 0.00
3299.00 0.00
3300.00 0.00
3301.00 0.00
3302.00 0.00
3303.00 0.00
3304.00 0.00
3305.00 0.00
3306.00 2.51
3307.00 1.76
3308.00 2.25
3309.00 12.56
3310.00 13.06
3311.00 36.44
3312.00 0.00
3313.00 0.89
3314.00 2.14
3315.00 1.67
3316.00 1.07
3317.00 0.32
3318.00 0.12
3319.00 0.64
3320.00 0.61
3321.00 0.38
3322.00 0.14
3323.00 0.14
3324.00 0.08
3325.00 0.20
3326.00 0.16
3327.00 0.40
3328.00 0.29
3329.00 0.07
3330.00 0.14
3331.00 0.01
3332.00 0.17
3333.00 0.30
3334.00 0.06
3335.00 0.44
3336.00 0.33
3337.00 0.19
3338.00 0.21
3339.00 0.41
3340.00 0.26
3341.00 0.01
3342.00 0.01
3343.00 0.18
3344.00 0.21
3345.00 0.49
3346.00 0.28
3347.00 0.39
3348.00 0.02
3349.00 0.29
3350.00 0.03
3351.00 0.21
3352.00 0.28
3353.00 0.05
3354.00 0.16
3355.00 0.31
3356.00 0.12
3357.00 0.18
3358.00 0.18
3359.00 0.48
3360.00 0.27
3361.00 0.10
3362.00 0.11
3363.00 0.24
3364.00 0.20
3365.00 0.11
3366.00 0.32
3367.00 0.15
3368.00 0.16
3369.00 0.25
3370.00 0.18
3371.00 0.26
3372.00 0.16
3373.00 0.27
3374.00 0.03
3375.00 0.05
3376.00 0.14
3377.00 0.35
3378.00 0.10
3379.00 0.04
3380.00 0.26
3381.00 0.21
3382.00 0.09
3383.00 0.46
3384.00 0.18
3385.00 0.19
3386.00 0.14
3387.00 0.24
3388.00 0.16
3389.00 0.34
3390.00 0.25
3391.00 0.43
3392.00 0.18
3393.00 0.15
3394.00 0.28
3395.00 0.73
3396.00 0.64
3397.00 0.07
3398.00 0.24
3399.00 0.14
3400.00 0.28
3401.00 0.27
3402.00 0.62
3403.00 0.19
3404.00 1.02
3405.00 3.04
3406.00 1.01
3407.00 0.47
3408.00 0.69
3409.00 0.89
3410.00 0.57
3411.00 1.43
3412.00 0.29
3413.00 0.66
3414.00 0.15
3415.00 0.31
3416.00 0.70
3417.00 0.85
3418.00 0.54
3419.00 0.45
3420.00 0.59
3421.00 0.71
3422.00 0.18
3423.00 0.56
3424.00 0.06
3425.00 0.29
3426.00 0.67
3427.00 0.46
3428.00 0.50
3429.00 0.68
3430.00 0.35
3431.00 0.11
3432.00 0.34
3433.00 0.18
3434.00 0.46
3435.00 0.99
3436.00 0.61
3437.00 0.42
3438.00 1.67
3439.00 1.10
3440.00 2.21
3441.00 0.96
3442.00 0.06
3443.00 0.08
3444.00 0.19
3445.00 0.18
3446.00 0.27
3447.00 0.25
3448.00 0.22
3449.00 0.65
3450.00 0.65
3451.00 0.26
3452.00 0.05
3453.00 0.13
3454.00 0.09
3455.00 0.21
3456.00 0.23
3457.00 0.09
3458.00 0.40
3459.00 0.42
3460.00 0.19
3461.00 0.28
3462.00 0.08
3463.00 0.15
3464.00 0.09
3465.00 0.10
3466.00 0.16
3467.00 0.21
3468.00 0.24
3469.00 0.17
3470.00 0.46
3471.00 0.21
3472.00 0.13
3473.00 0.54
3474.00 0.71
3475.00 0.22
3476.00 0.12
3477.00 0.12
3478.00 0.10
3479.00 0.18
3480.00 0.38
3481.00 0.06
3482.00 0.19
3483.00 0.26
3484.00 0.17
3485.00 0.35
3486.00 0.56
3487.00 0.13
3488.00 0.21
3489.00 0.09
3490.00 0.19
3491.00 0.06
3492.00 0.29
3493.00 0.06
3494.00 0.20
3495.00 0.32
3496.00 0.31
3497.00 0.18
3498.00 0.25
3499.00 0.24
3500.00 0.29
3501.00 0.06
3502.00 0.10
3503.00 0.53
3504.00 0.36
3505.00 0.11
3506.00 0.19
3507.00 0.13
3508.00 0.10
3509.00 0.23
3510.00 0.21
3511.00 0.23
3512.00 0.50
3513.00 0.07
3514.00 0.13
3515.00 0.55
3516.00 0.03
3517.00 0.12
3518.00 0.08
3519.00 0.07
3520.00 0.06
3521.00 0.24
3522.00 0.27
3523.00 0.56
3524.00 0.40
3525.00 0.48
3526.00 0.60
3527.00 0.25
3528.00 0.92
3529.00 0.79
3530.00 1.83
3531.00 0.42
3532.00 0.20
3533.00 1.06
3534.00 0.43
3535.00 0.36
3536.00 0.52
3537.00 0.24
3538.00 0.44
3539.00 0.28
3540.00 0.94
3541.00 2.19
3542.00 10.90
3543.00 4.55
3544.00 7.89
3545.00 1.96
3546.00 1.36
3547.00 0.38
3548.00 0.80
3549.00 1.65
3550.00 1.44
3551.00 0.95
3552.00 0.28
3553.00 0.88
3554.00 0.76
3555.00 0.25
3556.00 0.81
3557.00 0.58
3558.00 0.27
3559.00 0.52
3560.00 0.55
3561.00 0.81
3562.00 2.40
3563.00 0.36
3564.00 0.35
3565.00 0.06
3566.00 0.31
3567.00 0.59
3568.00 1.25
3569.00 0.24
3570.00 0.48
3571.00 0.80
3572.00 2.03
3573.00 8.76
3574.00 1.79
3575.00 2.48
3576.00 1.15
3577.00 0.35
3578.00 0.61
3579.00 1.81
3580.00 2.21
3581.00 1.66
3582.00 1.34
3583.00 0.84
3584.00 0.28
3585.00 0.86
3586.00 0.80
3587.00 1.04
3588.00 0.55
3589.00 0.27
3590.00 0.12
3591.00 0.52
3592.00 0.48
3593.00 0.72
3594.00 0.26
3595.00 0.16
3596.00 0.28
3597.00 0.24
3598.00 0.18
3599.00 0.75
3600.00 0.54
3601.00 0.74
3602.00 0.81
3603.00 0.42
3604.00 0.33
3605.00 0.31
3606.00 0.69
3607.00 0.19
3608.00 0.03
3609.00 0.12
3610.00 0.32
3611.00 0.22
3612.00 0.18
3613.00 0.19
3614.00 0.28
3615.00 0.21
3616.00 0.33
3617.00 0.65
3618.00 0.31
3619.00 0.73
3620.00 0.24
3621.00 0.20
3622.00 0.05
3623.00 0.25
3624.00 0.33
3625.00 0.05
3626.00 0.70
3627.00 0.08
3628.00 0.18
3629.00 0.79
3630.00 0.35
3631.00 0.64
3632.00 0.56
3633.00 0.28
3634.00 0.37
3635.00 0.14
3636.00 0.13
3637.00 0.15
3638.00 0.45
3639.00 0.08
3640.00 0.20
3641.00 0.07
3642.00 0.45
3643.00 0.12
3644.00 0.31
3645.00 0.18
3646.00 0.40
3647.00 0.17
3648.00 0.71
3649.00 0.10
3650.00 0.24
3651.00 0.14
3652.00 0.15
3653.00 0.25
3654.00 0.07
3655.00 0.19
3656.00 0.33
3657.00 0.26
3658.00 0.30
3659.00 0.38
3660.00 0.69
3661.00 1.48
3662.00 1.27
3663.00 0.68
3664.00 0.97
3665.00 0.61
3666.00 0.26
3667.00 0.22
3668.00 0.56
3669.00 0.91
3670.00 0.98
3671.00 2.69
3672.00 1.48
3673.00 0.08
3674.00 0.23
3675.00 2.02
3676.00 1.82
3677.00 1.56
3678.00 12.86
3679.00 7.74
3680.00 1.78
3681.00 0.48
3682.00 0.68
3683.00 0.63
3684.00 0.68
3685.00 0.56
3686.00 0.28
3687.00 0.42
3688.00 0.04
3689.00 0.02
3690.00 0.48
3691.00 1.07
3692.00 0.57
3693.00 0.31
3694.00 0.38
3695.00 0.10
3696.00 0.46
3697.00 0.44
3698.00 0.25
3699.00 0.35
3700.00 0.16
3701.00 0.63
3702.00 0.98
3703.00 0.09
3704.00 1.16
3705.00 0.41
3706.00 1.12
3707.00 1.30
3708.00 1.16
3709.00 2.81
3710.00 1.01
3711.00 2.16
3712.00 1.61
3713.00 1.64
3714.00 2.50
3715.00 1.07
3716.00 0.20
3717.00 1.03
3718.00 0.74
3719.00 0.32
3720.00 0.44
3721.00 0.11
3722.00 0.13
3723.00 0.32
3724.00 0.48
3725.00 1.06
3726.00 1.20
3727.00 0.09
3728.00 0.64
3729.00 0.94
3730.00 0.26
3731.00 0.17
3732.00 0.12
3733.00 0.21
3734.00 0.42
3735.00 0.22
3736.00 0.18
3737.00 0.50
3738.00 1.67
3739.00 0.30
3740.00 1.50
3741.00 5.19
3742.00 3.13
3743.00 3.05
3744.00 2.84
3745.00 0.06
3746.00 1.33
3747.00 0.79
3748.00 0.37
3749.00 0.39
3750.00 0.27
3751.00 0.28
3752.00 0.44
3753.00 0.34
3754.00 0.04
3755.00 0.06
3756.00 0.01
3757.00 0.22
3758.00 0.25
3759.00 0.87
3760.00 0.46
3761.00 1.28
3762.00 1.09
3763.00 0.65
3764.00 0.18
3765.00 0.33
3766.00 0.91
3767.00 0.74
3768.00 0.87
3769.00 0.38
3770.00 0.42
3771.00 0.11
3772.00 0.99
3773.00 0.52
3774.00 0.43
3775.00 0.74
3776.00 0.63
3777.00 0.82
3778.00 1.10
3779.00 0.71
3780.00 0.25
3781.00 0.19
3782.00 0.19
3783.00 0.99
3784.00 0.11
3785.00 0.09
3786.00 0.25
3787.00 0.16
3788.00 0.06
3789.00 0.05
3790.00 0.21
3791.00 0.21
3792.00 0.21
3793.00 0.31
3794.00 0.14
3795.00 0.14
3796.00 0.30
3797.00 0.15
3798.00 0.32
3799.00 0.25
3800.00 0.26
3801.00 0.18
3802.00 0.10
3803.00 0.56
3804.00 0.06
3805.00 0.25
3806.00 0.21
3807.00 0.43
3808.00 0.14
3809.00 0.39
3810.00 0.31
3811.00 0.18
3812.00 0.35
3813.00 0.15
3814.00 0.59
3815.00 1.10
3816.00 1.73
3817.00 0.68
3818.00 0.37
3819.00 0.31
3820.00 0.46
3821.00 0.51
3822.00 3.01
3823.00 1.49
3824.00 2.43
3825.00 2.37
3826.00 0.45
3827.00 9.08
3828.00 0.00
3829.00 0.00
3830.00 35.04
3831.00 1.78
3832.00 1.73
3833.00 0.54
3834.00 2.57
3835.00 7.18
3836.00 15.02
3837.00 2.80
3838.00 2.68
3839.00 1.30
3840.00 0.55
3841.00 0.28
3842.00 1.05
3843.00 1.28
3844.00 0.71
3845.00 0.23
3846.00 0.18
3847.00 0.39
3848.00 0.85
3849.00 0.31
3850.00 0.14
3851.00 0.33
3852.00 1.28
3853.00 1.26
3854.00 0.29
3855.00 0.82
3856.00 1.30
3857.00 0.83
3858.00 0.09
3859.00 0.58
3860.00 0.51
3861.00 1.17
3862.00 1.21
3863.00 0.89
3864.00 2.68
3865.00 1.89
3866.00 1.52
3867.00 1.15
3868.00 0.50
3869.00 0.58
3870.00 0.99
3871.00 0.35
3872.00 0.24
3873.00 0.47
3874.00 0.57
3875.00 0.30
3876.00 0.14
3877.00 0.17
3878.00 0.31
3879.00 0.04
3880.00 0.15
3881.00 0.43
3882.00 0.95
3883.00 0.15
3884.00 0.33
3885.00 0.14
3886.00 0.32
3887.00 0.29
3888.00 0.12
3889.00 0.36
3890.00 0.15
3891.00 0.65
3892.00 0.56
3893.00 0.87
3894.00 0.39
3895.00 0.51
3896.00 1.38
3897.00 4.64
3898.00 4.81
3899.00 2.27
3900.00 1.43
3901.00 0.16
3902.00 0.78
3903.00 0.39
3904.00 0.31
3905.00 1.16
3906.00 1.53
3907.00 0.93
3908.00 0.11
3909.00 0.62
3910.00 0.20
3911.00 0.80
3912.00 0.18
3913.00 0.04
3914.00 0.07
3915.00 0.46
3916.00 0.24
3917.00 0.99
3918.00 0.17
3919.00 0.18
3920.00 0.06
3921.00 0.10
3922.00 0.10
3923.00 0.08
3924.00 0.43
3925.00 0.97
3926.00 0.27
3927.00 0.30
3928.00 0.40
3929.00 0.25
3930.00 0.06
3931.00 0.38
3932.00 0.33
3933.00 0.41
3934.00 5.54
3935.00 0.22
3936.00 1.44
3937.00 0.80
3938.00 0.09
3939.00 0.11
3940.00 0.32
3941.00 0.43
3942.00 0.67
3943.00 1.28
3944.00 0.19
3945.00 1.04
3946.00 0.36
3947.00 0.09
3948.00 0.50
3949.00 0.33
3950.00 1.28
3951.00 0.35
3952.00 0.16
3953.00 0.28
3954.00 0.68
3955.00 0.46
3956.00 0.61
3957.00 0.01
3958.00 0.38
3959.00 0.74
3960.00 0.54
3961.00 0.27
3962.00 0.40
3963.00 0.66
3964.00 2.29
3965.00 0.94
3966.00 1.48
3967.00 1.41
3968.00 11.39
3969.00 2.77
3970.00 1.51
3971.00 1.04
3972.00 0.20
3973.00 0.22
3974.00 0.58
3975.00 0.13
3976.00 0.77
3977.00 0.04
3978.00 0.04
3979.00 0.45
3980.00 0.11
3981.00 1.34
3982.00 0.50
3983.00 0.10
3984.00 0.11
3985.00 0.14
3986.00 0.06
3987.00 0.25
3988.00 0.15
3989.00 0.07
3990.00 0.09
3991.00 0.26
3992.00 0.29
3993.00 0.29
3994.00 0.27
3995.00 0.01
3996.00 0.35
3997.00 0.28
3998.00 0.65
3999.00 0.38
4000.00 0.09
4001.00 0.31
4002.00 0.38
4003.00 0.67
4004.00 0.11
4005.00 0.06
4006.00 0.12
4007.00 0.16
4008.00 0.42
4009.00 0.16
4010.00 0.25
4011.00 0.12
4012.00 0.25
4013.00 0.10
4014.00 0.16
4015.00 0.71
4016.00 0.03
4017.00 0.16
4018.00 0.10
4019.00 0.05
4020.00 0.43
4021.00 0.42
4022.00 0.57
4023.00 0.65
4024.00 0.46
4025.00 0.22
4026.00 0.36
4027.00 2.37
4028.00 4.36
4029.00 16.98
4030.00 6.36
4031.00 34.48
4032.00 60.06
4033.00 60.02
4034.00 54.53
4035.00 0.00
4036.00 0.00
4037.00 0.00
4038.00 0.00
4039.00 0.00
4040.00 0.00
4041.00 0.00
4042.00 0.00
4043.00 0.00
4044.00 0.00
4045.00 0.00
4046.00 0.00
4047.00 0.00
4048.00 0.00
4049.00 0.00
4050.00 0.00
4051.00 0.00
4052.00 0.00
4053.00 0.00
4054.00 0.00
4055.00 0.00
4056.00 0.00
4057.00 0.00
4058.00 0.00
4059.00 0.00
4060.00 0.00
4061.00 0.00
4062.00 0.00
4063.00 0.00
4064.00 0.00
4065.00 0.00
4066.00 0.00
4067.00 0.00
4068.00 0.00
4069.00 0.00
4070.00 0.00
4071.00 0.00
4072.00 0.00
4073.00 0.00
4074.00 0.00
4075.00 0.00
4076.00 0.00
4077.00 0.00
4078.00 0.00
4079.00 0.00
4080.00 0.00
4081.00 0.00
4082.00 0.00
4083.00 0.00
4084.00 0.00
4085.00 0.00
4086.00 58.24
4087.00 2.26
4088.00 1.33
4089.00 1.23
4090.00 2.15
4091.00 5.74
4092.00 5.60
4093.00 3.27
4094.00 1.17
4095.00 0.95
4096.00 0.25
4097.00 0.05
4098.00 0.25
4099.00 0.26
4100.00 0.42
4101.00 0.31
4102.00 0.02
4103.00 0.35
4104.00 0.16
4105.00 0.61
4106.00 0.83
4107.00 0.84
4108.00 0.31
4109.00 0.16
4110.00 0.11
4111.00 0.21
4112.00 0.82
4113.00 0.41
4114.00 0.13
4115.00 0.38
4116.00 0.06
4117.00 0.26
4118.00 0.33
4119.00 0.53
4120.00 0.06
4121.00 0.15
4122.00 0.52
4123.00 0.51
4124.00 0.06
4125.00 0.31
4126.00 0.62
4127.00 0.26
4128.00 0.08
4129.00 0.35
4130.00 0.22
4131.00 0.16
4132.00 0.46
4133.00 0.21
4134.00 0.09
4135.00 1.07
4136.00 2.92
4137.00 3.14
4138.00 0.60
4139.00 0.48
4140.00 0.34
4141.00 0.16
4142.00 0.18
4143.00 0.14
4144.00 0.28
4145.00 0.08
4146.00 0.92
4147.00 1.51
4148.00 0.23
4149.00 0.37
4150.00 0.56
4151.00 0.81
4152.00 0.43
4153.00 0.81
4154.00 0.67
4155.00 0.58
4156.00 0.64
4157.00 0.08
4158.00 0.12
4159.00 0.16
4160.00 0.42
4161.00 0.13
4162.00 0.32
4163.00 0.27
4164.00 0.45
4165.00 0.03
4166.00 0.30
4167.00 0.27
4168.00 0.40
4169.00 0.34
4170.00 0.06
4171.00 0.76
4172.00 0.61
4173.00 0.04
4174.00 0.90
4175.00 0.81
4176.00 0.45
4177.00 0.37
4178.00 0.02
4179.00 0.36
4180.00 0.19
4181.00 1.12
4182.00 0.16
4183.00 0.37
4184.00 0.96
4185.00 0.95
4186.00 1.04
4187.00 1.56
4188.00 4.75
4189.00 5.19
4190.00 0.27
4191.00 1.18
4192.00 0.16
4193.00 0.87
4194.00 1.48
4195.00 0.12
4196.00 0.36
4197.00 0.21
4198.00 0.47
4199.00 0.47
4200.00 0.45
4201.00 0.26
4202.00 0.67
4203.00 0.39
4204.00 0.19
4205.00 0.40
4206.00 0.23
4207.00 0.09
4208.00 1.20
4209.00 1.12
4210.00 0.66
4211.00 0.12
4212.00 0.33
4213.00 0.22
4214.00 0.69
4215.00 0.22
4216.00 0.31
4217.00 1.07
4218.00 1.69
4219.00 3.66
4220.00 1.86
4221.00 1.71
4222.00 1.02
4223.00 1.37
4224.00 0.63
4225.00 0.22
4226.00 0.46
4227.00 1.16
4228.00 0.36
4229.00 0.42
4230.00 0.37
4231.00 0.54
4232.00 0.29
4233.00 0.38
4234.00 0.08
4235.00 0.46
4236.00 0.14
4237.00 0.21
4238.00 0.13
4239.00 0.01
4240.00 0.40
4241.00 0.51
4242.00 0.46
4243.00 0.89
4244.00 0.79
4245.00 0.45
4246.00 0.29
4247.00 0.23
4248.00 0.55
4249.00 0.45
4250.00 0.24
4251.00 0.39
4252.00 0.56
4253.00 0.30
4254.00 0.07
4255.00 0.39
4256.00 0.33
4257.00 0.44
4258.00 0.52
4259.00 0.88
4260.00 0.62
4261.00 0.57
4262.00 0.26
4263.00 0.08
4264.00 0.07
4265.00 0.32
4266.00 0.11
4267.00 0.71
4268.00 0.19
4269.00 0.35
4270.00 0.21
4271.00 0.30
4272.00 0.45
4273.00 0.86
4274.00 0.58
4275.00 0.38
4276.00 2.14
4277.00 0.94
4278.00 122.99
4279.00 4.83
4280.00 3.48
4281.00 0.85
4282.00 0.85
4283.00 5.75
4284.00 4.51
4285.00 4.11
4286.00 2.60
4287.00 1.24
4288.00 0.89
4289.00 0.26
4290.00 0.19
4291.00 0.34
4292.00 0.48
4293.00 0.75
4294.00 0.94
4295.00 0.37
4296.00 0.67
4297.00 0.86
4298.00 0.21
4299.00 0.15
4300.00 0.41
4301.00 0.65
4302.00 0.51
4303.00 0.20
4304.00 0.06
4305.00 0.29
4306.00 0.16
4307.00 0.09
4308.00 0.24
4309.00 0.17
4310.00 0.35
4311.00 0.18
4312.00 0.65
4313.00 0.12
4314.00 1.42
4315.00 0.97
4316.00 1.95
4317.00 5.24
4318.00 11.99
4319.00 21.90
4320.00 6.09
4321.00 1.42
4322.00 0.83
4323.00 0.22
4324.00 1.34
4325.00 1.17
4326.00 1.15
4327.00 0.60
4328.00 0.20
4329.00 0.02
4330.00 0.61
4331.00 0.20
4332.00 0.27
4333.00 0.08
4334.00 0.07
4335.00 0.11
4336.00 0.34
4337.00 0.27
4338.00 0.21
4339.00 0.24
4340.00 0.20
4341.00 0.17
4342.00 0.15
4343.00 0.03
4344.00 0.44
4345.00 0.61
4346.00 0.31
4347.00 0.32
4348.00 0.94
4349.00 2.02
4350.00 1.04
4351.00 0.31
4352.00 1.34
4353.00 1.19
4354.00 1.68
4355.00 1.26
4356.00 0.65
4357.00 0.42
4358.00 0.38
4359.00 0.69
4360.00 0.34
4361.00 0.07
4362.00 0.40
4363.00 0.82
4364.00 0.35
4365.00 0.03
4366.00 0.28
4367.00 0.87
4368.00 1.04
4369.00 0.80
4370.00 0.72
4371.00 0.32
4372.00 0.06
4373.00 0.16
4374.00 0.27
4375.00 0.18
4376.00 0.35
4377.00 0.38
4378.00 0.92
4379.00 0.20
4380.00 0.38
4381.00 0.31
4382.00 1.00
4383.00 1.02
4384.00 0.69
4385.00 0.59
4386.00 0.22
4387.00 0.24
4388.00 0.13
4389.00 0.00
4390.00 0.18
4391.00 0.12
4392.00 0.36
4393.00 0.31
4394.00 0.75
4395.00 0.34
4396.00 0.15
4397.00 0.35
4398.00 0.74
4399.00 1.20
4400.00 0.53
4401.00 0.38
4402.00 0.44
4403.00 0.17
4404.00 0.29
4405.00 0.16
4406.00 0.16
4407.00 0.20
4408.00 0.36
4409.00 0.45
4410.00 0.23
4411.00 0.51
4412.00 0.14
4413.00 0.16
4414.00 0.08
4415.00 0.35
4416.00 0.48
4417.00 1.07
4418.00 0.61
4419.00 0.30
4420.00 0.18
4421.00 0.28
4422.00 0.41
4423.00 0.28
4424.00 0.09
4425.00 0.56
4426.00 0.27
4427.00 0.07
4428.00 0.12
4429.00 0.30
4430.00 0.50
4431.00 0.36
4432.00 0.36
4433.00 0.18
4434.00 1.15
4435.00 0.26
4436.00 0.41
4437.00 0.28
4438.00 0.18
4439.00 0.10
4440.00 0.19
4441.00 0.43
4442.00 0.01
4443.00 0.92
4444.00 0.51
4445.00 0.27
4446.00 0.44
4447.00 0.46
4448.00 0.35
4449.00 0.64
4450.00 0.95
4451.00 0.77
4452.00 0.48
4453.00 0.74
4454.00 0.82
4455.00 0.16
4456.00 0.19
4457.00 0.04
4458.00 0.11
4459.00 0.08
4460.00 0.57
4461.00 0.21
4462.00 0.38
4463.00 0.09
4464.00 0.61
4465.00 0.48
4466.00 0.29
4467.00 0.56
4468.00 0.39
4469.00 0.55
4470.00 1.14
4471.00 0.32
4472.00 0.09
4473.00 0.62
4474.00 0.14
4475.00 0.34
4476.00 0.24
4477.00 0.41
4478.00 0.25
4479.00 0.28
4480.00 0.25
4481.00 0.16
4482.00 0.34
4483.00 0.45
4484.00 0.45
4485.00 0.51
4486.00 0.67
4487.00 0.38
4488.00 0.12
4489.00 0.14
4490.00 0.06
4491.00 0.35
4492.00 0.23
4493.00 0.42
4494.00 0.30
4495.00 0.09
4496.00 0.64
4497.00 0.31
4498.00 0.15
4499.00 0.21
4500.00 0.89
4501.00 0.55
4502.00 0.95
4503.00 0.09
4504.00 0.09
4505.00 0.77
4506.00 0.14
4507.00 0.31
4508.00 0.08
4509.00 0.25
4510.00 0.13
4511.00 0.08
4512.00 0.23
4513.00 0.16
4514.00 0.31
4515.00 0.73
4516.00 0.42
4517.00 0.18
4518.00 1.11
4519.00 0.85
4520.00 0.91
4521.00 0.72
4522.00 0.42
4523.00 0.14
4524.00 0.26
4525.00 0.10
4526.00 0.28
4527.00 0.32
4528.00 0.30
4529.00 0.18
4530.00 0.27
4531.00 0.40
4532.00 0.59
4533.00 0.51
4534.00 0.27
4535.00 0.34
4536.00 1.12
4537.00 0.28
4538.00 0.27
4539.00 0.15
4540.00 0.08
4541.00 0.04
4542.00 0.68
4543.00 0.25
4544.00 0.24
4545.00 0.19
4546.00 0.16
4547.00 0.17
4548.00 0.18
4549.00 0.24
4550.00 0.50
4551.00 0.33
4552.00 0.32
4553.00 0.49
4554.00 0.32
4555.00 0.16
4556.00 0.39
4557.00 0.84
4558.00 1.17
4559.00 0.19
4560.00 1.29
4561.00 4.45
4562.00 3.42
4563.00 0.92
4564.00 82.50
4565.00 93.34
4566.00 0.00
4567.00 0.00
4568.00 0.00
4569.00 0.00
4570.00 0.00
4571.00 0.00
4572.00 0.00
4573.00 0.00
4574.00 0.00
4575.00 0.00
4576.00 0.00
4577.00 0.00
4578.00 0.00
4579.00 0.00
4580.00 0.00
4581.00 0.00
4582.00 0.00
4583.00 0.00
4584.00 0.00
4585.00 0.00
4586.00 0.00
4587.00 0.00
4588.00 0.00
4589.00 0.00
4590.00 0.00
4591.00 0.00
4592.00 0.00
4593.00 0.00
4594.00 0.00
4595.00 0.00
4596.00 0.00
4597.00 0.00
4598.00 0.00
4599.00 0.00
4600.00 0.00
4601.00 0.00
4602.00 0.00
4603.00 0.00
4604.00 0.00
4605.00 0.00
4606.00 0.00
4607.00 0.00
4608.00 0.00
4609.00 0.00
4610.00 0.00
4611.00 1.60
4612.00 0.77
4613.00 0.95
4614.00 0.40
4615.00 0.82
4616.00 0.46
4617.00 0.69
4618.00 0.37
4619.00 0.43
4620.00 0.73
4621.00 0.93
4622.00 0.35
4623.00 0.61
4624.00 1.43
4625.00 1.34
4626.00 0.55
4627.00 1.02
4628.00 1.54
4629.00 0.64
4630.00 1.11
4631.00 0.35
4632.00 0.49
4633.00 0.53
4634.00 0.25
4635.00 0.83
4636.00 0.63
4637.00 1.12
4638.00 1.36
4639.00 0.87
4640.00 0.50
4641.00 0.78
4642.00 0.56
4643.00 1.09
4644.00 0.66
4645.00 0.51
4646.00 0.88
4647.00 0.43
4648.00 0.41
4649.00 0.88
4650.00 1.11
4651.00 0.53
4652.00 0.73
4653.00 0.47
4654.00 0.16
4655.00 0.20
4656.00 0.08
4657.00 0.45
4658.00 0.32
4659.00 0.17
4660.00 0.18
4661.00 0.34
4662.00 0.04
4663.00 0.11
4664.00 0.39
4665.00 0.15
4666.00 1.18
4667.00 1.40
4668.00 1.00
4669.00 0.61
4670.00 0.36
4671.00 0.65
4672.00 3.29
4673.00 2.42
4674.00 1.90
4675.00 3.04
4676.00 0.96
4677.00 0.51
4678.00 1.05
4679.00 1.24
4680.00 1.70
4681.00 0.76
4682.00 0.30
4683.00 0.50
4684.00 0.76
4685.00 0.43
4686.00 0.88
4687.00 0.63
4688.00 0.85
4689.00 0.24
4690.00 0.74
4691.00 0.94
4692.00 0.44
4693.00 0.67
4694.00 1.06
4695.00 0.70
4696.00 1.04
4697.00 0.53
4698.00 0.32
4699.00 1.02
4700.00 1.15
4701.00 1.15
4702.00 0.44
4703.00 0.36
4704.00 0.46
4705.00 0.94
4706.00 1.89
4707.00 1.49
4708.00 1.77
4709.00 0.61
4710.00 0.30
4711.00 0.89
4712.00 1.41
4713.00 0.25
4714.00 0.43
4715.00 0.23
4716.00 0.28
4717.00 0.64
4718.00 0.71
4719.00 1.06
4720.00 1.33
4721.00 1.83
4722.00 0.61
4723.00 1.99
4724.00 1.46
4725.00 1.09
4726.00 0.77
4727.00 0.24
4728.00 0.48
4729.00 0.03
4730.00 0.86
4731.00 2.03
4732.00 3.10
4733.00 0.41
4734.00 1.59
4735.00 2.42
4736.00 2.29
4737.00 2.45
4738.00 0.81
4739.00 0.49
4740.00 0.13
4741.00 0.30
4742.00 0.62
4743.00 0.26
4744.00 0.10
4745.00 0.07
4746.00 0.18
4747.00 0.34
4748.00 0.36
4749.00 0.31
4750.00 0.15
4751.00 0.11
4752.00 0.15
4753.00 0.16
4754.00 0.10
4755.00 0.17
4756.00 0.19
4757.00 0.17
4758.00 0.37
4759.00 0.09
4760.00 0.50
4761.00 0.39
4762.00 0.24
4763.00 0.61
4764.00 0.30
4765.00 0.60
4766.00 0.18
4767.00 0.14
4768.00 0.66
4769.00 0.19
4770.00 0.09
4771.00 0.39
4772.00 0.09
4773.00 0.45
4774.00 0.52
4775.00 0.41
4776.00 0.45
4777.00 0.41
4778.00 0.52
4779.00 0.26
4780.00 0.66
4781.00 0.12
4782.00 0.09
4783.00 0.21
4784.00 0.94
4785.00 0.15
4786.00 0.48
4787.00 0.22
4788.00 0.19
4789.00 0.18
4790.00 0.07
4791.00 0.32
4792.00 0.97
4793.00 0.30
4794.00 0.18
4795.00 0.08
4796.00 0.02
4797.00 0.08
4798.00 0.36
4799.00 0.18
4800.00 0.06
4801.00 0.30
4802.00 0.13
4803.00 0.10
4804.00 0.26
4805.00 0.37
4806.00 0.37
4807.00 0.19
4808.00 0.16
4809.00 0.28
4810.00 0.18
4811.00 0.20
4812.00 0.17
4813.00 0.20
4814.00 0.22
4815.00 0.21
4816.00 0.16
4817.00 0.05
4818.00 0.13
4819.00 0.15
4820.00 0.29
4821.00 0.30
4822.00 0.14
4823.00 0.21
4824.00 0.12
4825.00 0.11
4826.00 0.10
4827.00 0.11
4828.00 0.69
4829.00 0.66
4830.00 2.76
4831.00 2.48
4832.00 0.23
4833.00 4.92
4834.00 1.87
4835.00 0.76
4836.00 0.96
4837.00 0.34
4838.00 0.23
4839.00 0.29
4840.00 0.61
4841.00 0.70
4842.00 0.08
4843.00 0.14
4844.00 0.11
4845.00 0.24
4846.00 0.12
4847.00 0.16
4848.00 0.04
4849.00 0.07
4850.00 0.10
4851.00 0.11
4852.00 0.47
4853.00 1.09
4854.00 1.54
4855.00 0.57
4856.00 1.46
4857.00 0.86
4858.00 0.47
4859.00 0.59
4860.00 0.66
4861.00 1.85
4862.00 1.27
4863.00 1.71
4864.00 1.51
4865.00 0.23
4866.00 1.33
4867.00 1.67
4868.00 1.58
4869.00 1.98
4870.00 3.25
4871.00 0.97
4872.00 0.47
4873.00 0.12
4874.00 0.25
4875.00 0.04
4876.00 0.32
4877.00 0.30
4878.00 0.17
4879.00 0.24
4880.00 0.09
4881.00 0.21
4882.00 0.10
4883.00 0.23
4884.00 0.27
4885.00 0.22
4886.00 0.82
4887.00 0.33
4888.00 0.44
4889.00 0.18
4890.00 0.30
4891.00 0.21
4892.00 0.27
4893.00 0.91
4894.00 0.99
4895.00 2.07
4896.00 0.50
4897.00 0.91
4898.00 3.30
4899.00 2.24
4900.00 2.43
4901.00 2.27
4902.00 0.20
4903.00 0.38
4904.00 0.24
4905.00 0.39
4906.00 0.20
4907.00 0.07
4908.00 1.11
4909.00 0.23
4910.00 0.20
4911.00 0.43
4912.00 0.47
4913.00 0.32
4914.00 0.41
4915.00 0.41
4916.00 0.44
4917.00 0.75
4918.00 0.13
4919.00 0.18
4920.00 0.45
4921.00 0.18
4922.00 0.33
4923.00 0.11
4924.00 0.28
4925.00 0.13
4926.00 0.19
4927.00 0.34
4928.00 0.21
4929.00 0.17
4930.00 0.72
4931.00 0.28
4932.00 0.70
4933.00 2.03
4934.00 1.38
4935.00 0.47
4936.00 0.20
4937.00 0.22
4938.00 0.60
4939.00 0.21
4940.00 0.18
4941.00 0.25
4942.00 0.23
4943.00 0.24
4944.00 0.45
4945.00 0.55
4946.00 0.29
4947.00 0.19
4948.00 0.10
4949.00 0.52
4950.00 0.50
4951.00 0.17
4952.00 0.18
4953.00 0.02
4954.00 0.35
4955.00 0.14
4956.00 0.15
4957.00 0.42
4958.00 0.13
4959.00 0.41
4960.00 0.12
4961.00 0.35
4962.00 0.34
4963.00 0.67
4964.00 1.04
4965.00 0.95
4966.00 0.34
4967.00 0.18
4968.00 0.49
4969.00 0.18
4970.00 0.06
4971.00 0.04
4972.00 0.49
4973.00 0.15
4974.00 0.34
4975.00 0.30
4976.00 0.27
4977.00 0.66
4978.00 0.11
4979.00 0.12
4980.00 0.10
4981.00 0.22
4982.00 0.12
4983.00 0.20
4984.00 0.40
4985.00 0.43
4986.00 0.69
4987.00 0.94
4988.00 0.59
4989.00 0.73
4990.00 3.99
4991.00 1.90
4992.00 0.80
4993.00 1.78
4994.00 0.95
4995.00 1.71
4996.00 1.90
4997.00 0.44
4998.00 0.39
4999.00 0.29
5000.00 0.24
5001.00 0.27
5002.00 0.67
5003.00 0.30
5004.00 0.05
5005.00 0.14
5006.00 0.25
5007.00 0.18
5008.00 0.27
5009.00 0.22
5010.00 0.40
5011.00 0.08
5012.00 0.11
5013.00 0.17
5014.00 0.26
5015.00 0.34
5016.00 0.54
5017.00 0.07
5018.00 0.24
5019.00 0.33
5020.00 0.54
5021.00 0.29
5022.00 0.84
5023.00 0.48
5024.00 0.48
5025.00 0.30
5026.00 0.38
5027.00 0.23
5028.00 0.18
5029.00 0.30
5030.00 0.10
5031.00 0.38
5032.00 0.19
5033.00 0.11
5034.00 0.39
5035.00 0.23
5036.00 0.45
5037.00 0.41
5038.00 0.23
5039.00 0.26
5040.00 0.18
5041.00 0.29
5042.00 0.14
5043.00 0.32
5044.00 0.18
5045.00 0.36
5046.00 0.69
5047.00 0.65
5048.00 0.20
5049.00 0.32
5050.00 0.91
5051.00 2.35
5052.00 1.01
5053.00 0.80
5054.00 1.64
5055.00 0.25
5056.00 0.09
5057.00 0.30
5058.00 1.49
5059.00 1.06
5060.00 1.08
5061.00 0.86
5062.00 0.76
5063.00 0.48
5064.00 0.05
5065.00 0.43
5066.00 0.48
5067.00 0.24
5068.00 0.48
5069.00 0.65
5070.00 0.15
5071.00 0.50
5072.00 0.11
5073.00 0.21
5074.00 0.21
5075.00 0.10
5076.00 0.14
5077.00 0.13
5078.00 0.09
5079.00 0.08
5080.00 0.28
5081.00 0.10
5082.00 0.16
5083.00 0.10
5084.00 0.18
5085.00 0.29
5086.00 0.26
5087.00 0.14
5088.00 0.18
5089.00 0.12
5090.00 0.12
5091.00 0.25
5092.00 0.23
5093.00 0.11
5094.00 0.08
5095.00 0.18
5096.00 0.16
5097.00 0.08
5098.00 0.25
5099.00 0.10
5100.00 0.33
5101.00 0.10
5102.00 0.19
5103.00 0.22
5104.00 0.47
5105.00 0.67
5106.00 0.68
5107.00 0.88
5108.00 1.30
5109.00 1.22
5110.00 0.69
5111.00 1.41
5112.00 1.11
5113.00 1.05
5114.00 2.98
5115.00 1.22
5116.00 1.26
5117.00 7.89
5118.00 98.35
5119.00 73.67
5120.00 2.85
5121.00 2.70
5122.00 3.21
5123.00 5.98
5124.00 6.89
5125.00 2.39
5126.00 2.10
5127.00 1.91
5128.00 0.69
5129.00 0.28
5130.00 0.29
5131.00 0.52
5132.00 0.37
5133.00 1.11
5134.00 0.20
5135.00 0.62
5136.00 0.68
5137.00 0.67
5138.00 0.52
5139.00 0.15
5140.00 0.34
5141.00 0.39
5142.00 0.39
5143.00 1.52
5144.00 1.20
5145.00 1.05
5146.00 0.53
5147.00 0.18
5148.00 0.54
5149.00 0.14
5150.00 0.61
5151.00 0.56
5152.00 0.08
5153.00 0.21
5154.00 0.65
5155.00 0.65
5156.00 0.15
5157.00 0.30
5158.00 0.08
5159.00 0.47
5160.00 0.39
5161.00 0.12
5162.00 0.16
5163.00 0.10
5164.00 0.13
5165.00 0.15
5166.00 0.28
5167.00 0.29
5168.00 0.15
5169.00 0.83
5170.00 0.71
5171.00 0.30
5172.00 0.26
5173.00 0.45
5174.00 0.09
5175.00 0.29
5176.00 0.04
5177.00 0.14
5178.00 0.74
5179.00 0.60
5180.00 0.16
5181.00 0.28
5182.00 0.54
5183.00 0.36
5184.00 0.17
5185.00 0.46
5186.00 0.38
5187.00 0.08
5188.00 0.34
5189.00 0.60
5190.00 0.52
5191.00 0.06
5192.00 0.26
5193.00 0.68
5194.00 0.22
5195.00 0.15
5196.00 0.42
5197.00 0.39
5198.00 0.21
5199.00 0.18
5200.00 0.02
5201.00 0.39
5202.00 0.65
5203.00 0.31
5204.00 0.14
5205.00 0.18
5206.00 0.20
5207.00 0.40
5208.00 0.01
5209.00 0.75
5210.00 0.20
5211.00 0.66
5212.00 0.29
5213.00 0.19
5214.00 0.35
5215.00 0.10
5216.00 0.41
5217.00 1.63
5218.00 0.39
5219.00 8.24
5220.00 71.09
5221.00 0.00
5222.00 0.00
5223.00 0.00
5224.00 0.00
5225.00 0.00
5226.00 0.00
5227.00 0.00
5228.00 0.00
5229.00 0.00
5230.00 0.00
5231.00 0.00
5232.00 0.00
5233.00 0.00
5234.00 0.00
5235.00 0.00
5236.00 0.00
5237.00 0.00
5238.00 0.00
5239.00 0.00
5240.00 0.00
5241.00 0.00
5242.00 0.00
5243.00 0.00
5244.00 0.00
5245.00 0.00
5246.00 0.00
5247.00 0.00
5248.00 0.00
5249.00 0.00
5250.00 0.00
5251.00 0.00
5252.00 0.00
5253.00 0.00
5254.00 0.00
5255.00 0.00
5256.00 0.00
5257.00 0.00
5258.00 0.00
5259.00 0.00
5260.00 1.05
5261.00 2.04
5262.00 0.19
5263.00 0.64
5264.00 1.47
5265.00 1.22
5266.00 1.08
5267.00 0.80
5268.00 0.57
5269.00 0.71
5270.00 0.38
5271.00 0.49
5272.00 0.65
5273.00 0.51
5274.00 0.26
5275.00 0.28
5276.00 0.30
5277.00 1.15
5278.00 0.70
5279.00 0.97
5280.00 0.25
5281.00 0.74
5282.00 0.65
5283.00 0.22
5284.00 0.36
5285.00 0.65
5286.00 0.17
5287.00 0.14
5288.00 0.39
5289.00 0.40
5290.00 0.75
5291.00 0.84
5292.00 0.52
5293.00 0.71
5294.00 0.39
5295.00 0.45
5296.00 0.12
5297.00 0.30
5298.00 0.05
5299.00 0.18
5300.00 0.10
5301.00 0.26
5302.00 0.23
5303.00 0.09
5304.00 0.09
5305.00 0.21
5306.00 0.21
5307.00 0.06
5308.00 0.12
5309.00 0.10
5310.00 0.65
5311.00 0.53
5312.00 0.72
5313.00 0.63
5314.00 0.23
5315.00 0.78
5316.00 0.50
5317.00 0.93
5318.00 1.87
5319.00 1.98
5320.00 1.37
5321.00 0.25
5322.00 0.14
5323.00 3.97
5324.00 3.21
5325.00 1.69
5326.00 1.64
5327.00 0.64
5328.00 0.14
5329.00 0.88
5330.00 0.33
5331.00 0.34
5332.00 0.10
5333.00 0.16
5334.00 0.18
5335.00 0.53
5336.00 0.73
5337.00 0.13
5338.00 0.08
5339.00 0.15
5340.00 0.13
5341.00 0.04
5342.00 0.72
5343.00 0.64
5344.00 0.68
5345.00 0.60
5346.00 0.26
5347.00 0.09
5348.00 0.17
5349.00 0.73
5350.00 0.27
5351.00 0.37
5352.00 0.10
5353.00 0.28
5354.00 0.51
5355.00 0.32
5356.00 0.18
5357.00 0.27
5358.00 0.13
5359.00 0.24
5360.00 0.19
5361.00 0.05
5362.00 0.24
5363.00 0.19
5364.00 0.41
5365.00 0.41
5366.00 0.31
5367.00 0.47
5368.00 0.15
5369.00 0.25
5370.00 0.30
5371.00 0.04
5372.00 0.11
5373.00 0.14
5374.00 0.01
5375.00 0.15
5376.00 0.05
5377.00 0.20
5378.00 0.02
5379.00 0.42
5380.00 0.65
5381.00 0.79
5382.00 0.85
5383.00 1.90
5384.00 0.68
5385.00 1.27
5386.00 1.38
5387.00 2.85
5388.00 1.92
5389.00 1.90
5390.00 0.48
5391.00 0.46
5392.00 0.11
5393.00 0.37
5394.00 0.48
5395.00 0.52
5396.00 0.19
5397.00 0.38
5398.00 0.12
5399.00 0.11
5400.00 0.05
5401.00 0.18
5402.00 0.60
5403.00 0.31
5404.00 0.20
5405.00 0.08
5406.00 0.24
5407.00 0.07
5408.00 0.04
5409.00 0.30
5410.00 0.25
5411.00 0.12
5412.00 0.21
5413.00 0.32
5414.00 0.15
5415.00 0.23
5416.00 0.16
5417.00 0.12
5418.00 0.23
5419.00 0.42
5420.00 0.28
5421.00 0.26
5422.00 0.25
5423.00 0.43
5424.00 0.43
5425.00 0.38
5426.00 0.04
5427.00 0.10
5428.00 0.09
5429.00 0.08
5430.00 0.06
5431.00 0.12
5432.00 0.21
5433.00 0.15
5434.00 0.21
5435.00 0.12
5436.00 0.18
5437.00 0.11
5438.00 0.04
5439.00 0.09
5440.00 0.46
5441.00 0.24
5442.00 0.28
5443.00 0.08
5444.00 0.08
5445.00 0.15
5446.00 0.04
5447.00 0.11
5448.00 0.08
5449.00 0.12
5450.00 0.52
5451.00 0.08
5452.00 0.08
5453.00 0.05
5454.00 0.13
5455.00 0.23
5456.00 0.39
5457.00 0.19
5458.00 0.27
5459.00 0.16
5460.00 0.11
5461.00 0.13
5462.00 0.06
5463.00 0.21
5464.00 0.17
5465.00 0.27
5466.00 0.18
5467.00 0.12
5468.00 0.16
5469.00 0.18
5470.00 0.30
5471.00 0.14
5472.00 0.25
5473.00 0.15
5474.00 0.11
5475.00 0.14
5476.00 0.17
5477.00 0.22
5478.00 0.12
5479.00 0.20
5480.00 0.36
5481.00 0.19
5482.00 0.23
5483.00 0.33
5484.00 0.31
5485.00 0.16
5486.00 0.12
5487.00 0.08
5488.00 0.24
5489.00 0.12
5490.00 0.27
5491.00 0.15
5492.00 0.10
5493.00 0.05
5494.00 0.37
5495.00 0.16
5496.00 0.05
5497.00 0.14
5498.00 0.05
5499.00 0.03
5500.00 0.07
5501.00 0.23
5502.00 0.23
5503.00 0.24
5504.00 0.01
5505.00 0.06
5506.00 0.17
5507.00 0.24
5508.00 0.20
5509.00 0.13
5510.00 0.03
5511.00 0.29
5512.00 0.41
5513.00 0.18
5514.00 0.08
5515.00 0.32
5516.00 0.10
5517.00 0.16
5518.00 0.08
5519.00 0.05
5520.00 0.18
5521.00 0.08
5522.00 0.43
5523.00 0.31
5524.00 0.07
5525.00 0.19
5526.00 0.22
5527.00 0.26
5528.00 0.16
5529.00 0.01
5530.00 0.08
5531.00 0.04
5532.00 0.14
5533.00 0.15
5534.00 0.18
5535.00 0.12
5536.00 0.58
5537.00 0.44
5538.00 0.36
5539.00 0.13
5540.00 0.25
5541.00 0.08
5542.00 0.01
5543.00 0.23
5544.00 0.03
5545.00 0.10
5546.00 0.12
5547.00 0.17
5548.00 0.15
5549.00 0.20
5550.00 0.19
5551.00 0.13
5552.00 0.27
5553.00 0.16
5554.00 0.28
5555.00 0.16
5556.00 0.08
5557.00 0.15
5558.00 0.48
5559.00 0.40
5560.00 0.23
5561.00 0.22
5562.00 0.27
5563.00 0.21
5564.00 0.07
5565.00 0.42
5566.00 0.02
5567.00 0.08
5568.00 0.08
5569.00 0.02
5570.00 0.14
5571.00 0.14
5572.00 0.17
5573.00 0.00
5574.00 0.16
5575.00 0.12
5576.00 0.04
5577.00 0.12
5578.00 0.12
5579.00 0.48
5580.00 0.19
5581.00 0.41
5582.00 0.32
5583.00 0.22
5584.00 0.17
5585.00 0.28
5586.00 0.20
5587.00 0.34
5588.00 0.13
5589.00 0.20
5590.00 0.16
5591.00 0.32
5592.00 0.29
5593.00 0.30
5594.00 0.11
5595.00 0.22
5596.00 0.13
5597.00 0.24
5598.00 0.20
5599.00 0.09
5600.00 0.13
5601.00 0.17
5602.00 0.12
5603.00 0.23
5604.00 0.24
5605.00 0.23
5606.00 0.15
5607.00 0.11
5608.00 0.12
5609.00 0.06
5610.00 0.05
5611.00 0.18
5612.00 0.20
5613.00 0.15
5614.00 0.19
5615.00 0.10
5616.00 0.15
5617.00 0.07
5618.00 0.20
5619.00 0.24
5620.00 0.13
5621.00 0.44
5622.00 0.17
5623.00 0.10
5624.00 0.38
5625.00 0.16
5626.00 0.24
5627.00 0.37
5628.00 0.45
5629.00 0.47
5630.00 0.18
5631.00 0.14
5632.00 0.10
5633.00 0.12
5634.00 0.42
5635.00 0.36
5636.00 0.02
5637.00 0.22
5638.00 0.21
5639.00 0.02
5640.00 0.13
5641.00 0.18
5642.00 0.12
5643.00 0.21
5644.00 0.14
5645.00 0.15
5646.00 0.27
5647.00 0.04
5648.00 0.31
5649.00 0.34
5650.00 0.45
5651.00 0.49
5652.00 0.24
5653.00 0.52
5654.00 0.14
5655.00 0.08
5656.00 0.07
5657.00 0.28
5658.00 0.09
5659.00 0.80
5660.00 0.48
5661.00 0.26
5662.00 0.25
5663.00 0.27
5664.00 0.22
5665.00 0.69
5666.00 0.17
5667.00 0.08
5668.00 0.92
5669.00 3.74
5670.00 8.28
5671.00 4.40
5672.00 0.00
5673.00 0.00
5674.00 0.00
5675.00 0.00
5676.00 0.00
5677.00 0.00
5678.00 0.00
5679.00 0.00
5680.00 0.00
5681.00 0.00
5682.00 0.00
5683.00 0.00
5684.00 0.00
5685.00 0.00
5686.00 0.00
5687.00 0.00
5688.00 0.00
5689.00 0.00
5690.00 0.00
5691.00 0.00
5692.00 0.00
5693.00 0.00
5694.00 0.00
5695.00 0.00
5696.00 0.00
5697.00 0.00
5698.00 0.00
5699.00 0.00
5700.00 0.00
5701.00 0.00
5702.00 0.00
5703.00 0.00
5704.00 0.00
5705.00 0.00
5706.00 0.00
5707.00 0.00
5708.00 0.00
5709.00 0.00
5710.00 0.00
5711.00 0.00
5712.00 0.00
5713.00 0.00
5714.00 0.00
5715.00 0.00
5716.00 0.00
5717.00 0.00
5718.00 0.00
5719.00 0.00
5720.00 0.00
5721.00 0.00
5722.00 0.00
5723.00 0.00
5724.00 0.00
5725.00 0.00
5726.00 0.00
5727.00 0.00
5728.00 0.00
5729.00 0.00
5730.00 0.00
5731.00 0.00
5732.00 0.00
5733.00 0.00
5734.00 0.00
5735.00 0.00
5736.00 0.00
5737.00 0.00
5738.00 0.00
5739.00 0.00
5740.00 0.00
5741.00 0.00
5742.00 0.00
5743.00 0.00
5744.00 0.00
5745.00 0.00
5746.00 0.00
5747.00 0.00
5748.00 0.00
5749.00 0.00
5750.00 0.00
5751.00 0.00
5752.00 0.00
5753.00 0.00
5754.00 0.00
5755.00 0.00
5756.00 0.00
5757.00 0.00
5758.00 0.00
5759.00 0.00
5760.00 0.00
5761.00 0.00
5762.00 0.00
5763.00 0.00
5764.00 0.00
5765.00 0.00
5766.00 0.00
5767.00 0.00
5768.00 0.00
5769.00 0.00
5770.00 0.00
5771.00 0.00
5772.00 0.00
5773.00 0.00
5774.00 0.00
5775.00 0.00
5776.00 0.00
5777.00 0.00
5778.00 0.00
5779.00 0.00
5780.00 0.00
5781.00 0.00
5782.00 0.00
5783.00 0.00
5784.00 0.00
5785.00 0.00
5786.00 0.00
5787.00 0.00
5788.00 0.00
5789.00 0.00
5790.00 0.00
5791.00 0.00
5792.00 0.00
5793.00 0.00
5794.00 0.00
5795.00 0.00
5796.00 0.00
5797.00 0.00
5798.00 0.00
5799.00 0.00
5800.00 0.00
5801.00 0.00
5802.00 0.00
5803.00 0.00
5804.00 0.00
5805.00 0.00
5806.00 0.00
5807.00 0.00
5808.00 0.00
5809.00 0.00
5810.00 0.00
5811.00 0.00
5812.00 0.00
5813.00 0.00
5814.00 0.00
5815.00 0.00
5816.00 0.00
5817.00 0.00
5818.00 0.00
5819.00 0.00
5820.00 0.00
5821.00 0.00
5822.00 0.00
5823.00 0.00
5824.00 0.00
5825.00 0.00
5826.00 0.00
5827.00 0.00
5828.00 0.00
5829.00 0.00
5830.00 0.00
5831.00 0.00
5832.00 0.00
5833.00 0.00
5834.00 0.00
5835.00 0.00
5836.00 0.00
5837.00 0.00
5838.00 0.00
5839.00 0.00
5840.00 0.00
5841.00 0.00
5842.00 0.00
5843.00 0.00
5844.00 0.00
5845.00 0.00
5846.00 0.00
5847.00 0.00
5848.00 0.00
5849.00 0.00
5850.00 0.00
5851.00 0.00
5852.00 0.00
5853.00 0.00
5854.00 0.00
5855.00 0.00
5856.00 0.00
5857.00 0.00
5858.00 0.00
5859.00 0.00
5860.00 0.00
5861.00 0.00
5862.00 0.00
5863.00 0.00
5864.00 0.00
5865.00 0.00
5866.00 0.00
5867.00 0.00
5868.00 0.00
5869.00 0.00
5870.00 0.00
5871.00 0.00
5872.00 0.00
5873.00 0.00
5874.00 0.00
5875.00 0.00
5876.00 0.00
5877.00 0.00
5878.00 0.00
5879.00 0.00
5880.00 0.00
5881.00 0.00
5882.00 0.00
5883.00 0.00
5884.00 0.00
5885.00 0.00
5886.00 0.00
5887.00 0.00
5888.00 0.00
5889.00 0.00
5890.00 0.00
5891.00 0.00
5892.00 0.00
5893.00 0.00
5894.00 0.00
5895.00 0.00
5896.00 0.00
5897.00 0.00
5898.00 0.00
5899.00 0.00
5900.00 0.00
5901.00 0.00
5902.00 0.00
5903.00 0.00
5904.00 0.00
5905.00 0.00
5906.00 0.00
5907.00 0.00
5908.00 0.00
5909.00 0.00
5910.00 0.00
5911.00 0.00
5912.00 0.00
5913.00 0.00
5914.00 0.00
5915.00 0.00
5916.00 0.00
5917.00 0.00
5918.00 0.00
5919.00 0.00
5920.00 0.00
5921.00 0.00
5922.00 0.00
5923.00 0.00
5924.00 0.00
5925.00 0.00
5926.00 0.00
5927.00 0.00
5928.00 0.00
5929.00 0.00
5930.00 0.00
5931.00 0.00
5932.00 0.00
5933.00 0.00
5934.00 0.00
5935.00 0.00
5936.00 0.00
5937.00 0.00
5938.00 0.00
5939.00 0.00
5940.00 0.00
5941.00 0.00
5942.00 0.00
5943.00 0.00
5944.00 0.00
5945.00 0.00
5946.00 0.00
5947.00 0.00
5948.00 0.00
5949.00 0.00
5950.00 0.00
5951.00 0.00
5952.00 0.00
5953.00 0.00
5954.00 0.00
5955.00 0.00
5956.00 0.00
5957.00 0.00
5958.00 0.00
5959.00 0.00
5960.00 0.00
5961.00 0.00
5962.00 0.00
5963.00 0.00
5964.00 0.00
5965.00 0.00
5966.00 0.00
5967.00 0.00
5968.00 0.00
5969.00 0.00
5970.00 0.00
5971.00 0.00
5972.00 0.00
5973.00 0.00
5974.00 0.00
5975.00 0.00
5976.00 0.00
5977.00 0.00
5978.00 0.00
5979.00 0.00
5980.00 0.00
5981.00 0.00
5982.00 0.00
5983.00 0.00
5984.00 0.00
5985.00 0.00
5986.00 0.00
5987.00 0.00
5988.00 0.00
5989.00 0.00
5990.00 0.00
5991.00 0.00
5992.00 0.00
5993.00 0.00
5994.00 0.00
5995.00 0.00
5996.00 0.00
5997.00 0.00
5998.00 0.00
5999.00 0.00
6000.00 0.00
6001.00 0.00
6002.00 0.00
6003.00 0.00
6004.00 0.00
6005.00 0.00
6006.00 0.00
6007.00 0.00
6008.00 0.00
