0.00 nan
1.00 nan
2.00 nan
3.00 nan
4.00 nan
5.00 nan
6.00 nan
7.00 nan
8.00 nan
9.00 nan
10.00 nan
11.00 nan
12.00 nan
13.00 nan
14.00 nan
15.00 nan
16.00 nan
17.00 nan
18.00 nan
19.00 nan
20.00 nan
21.00 nan
22.00 nan
23.00 nan
24.00 nan
25.00 nan
26.00 nan
27.00 nan
28.00 nan
29.00 nan
30.00 nan
31.00 nan
32.00 nan
33.00 nan
34.00 nan
35.00 nan
36.00 nan
37.00 nan
38.00 nan
39.00 nan
40.00 nan
41.00 nan
42.00 nan
43.00 nan
44.00 nan
45.00 nan
46.00 nan
47.00 nan
48.00 nan
49.00 nan
50.00 nan
51.00 nan
52.00 nan
53.00 nan
54.00 nan
55.00 nan
56.00 nan
57.00 nan
58.00 nan
59.00 nan
60.00 nan
61.00 nan
62.00 nan
63.00 nan
64.00 nan
65.00 nan
66.00 nan
67.00 nan
68.00 nan
69.00 nan
70.00 nan
71.00 nan
72.00 nan
73.00 nan
74.00 nan
75.00 nan
76.00 nan
77.00 nan
78.00 nan
79.00 nan
80.00 nan
81.00 nan
82.00 nan
83.00 nan
84.00 nan
85.00 nan
86.00 nan
87.00 nan
88.00 nan
89.00 nan
90.00 nan
91.00 nan
92.00 nan
93.00 nan
94.00 nan
95.00 nan
96.00 nan
97.00 nan
98.00 nan
99.00 nan
100.00 nan
101.00 nan
102.00 nan
103.00 nan
104.00 nan
105.00 nan
106.00 nan
107.00 nan
108.00 nan
109.00 nan
110.00 nan
111.00 nan
112.00 nan
113.00 nan
114.00 nan
115.00 nan
116.00 nan
117.00 nan
118.00 nan
119.00 nan
120.00 nan
121.00 nan
122.00 nan
123.00 nan
124.00 nan
125.00 nan
126.00 nan
127.00 nan
128.00 nan
129.00 nan
130.00 nan
131.00 nan
132.00 nan
133.00 nan
134.00 nan
135.00 nan
136.00 nan
137.00 nan
138.00 nan
139.00 nan
140.00 nan
141.00 nan
142.00 nan
143.00 nan
144.00 nan
145.00 nan
146.00 nan
147.00 nan
148.00 nan
149.00 nan
150.00 nan
151.00 nan
152.00 nan
153.00 nan
154.00 nan
155.00 nan
156.00 nan
157.00 nan
158.00 nan
159.00 nan
160.00 nan
161.00 nan
162.00 nan
163.00 nan
164.00 nan
165.00 nan
166.00 nan
167.00 nan
168.00 1.06
169.00 1.03
170.00 0.38
171.00 0.49
172.00 0.36
173.00 0.14
174.00 0.16
175.00 0.61
176.00 0.33
177.00 0.13
178.00 0.38
179.00 0.15
180.00 0.06
181.00 0.21
182.00 0.11
183.00 0.16
184.00 0.39
185.00 0.27
186.00 0.12
187.00 0.27
188.00 0.04
189.00 0.02
190.00 0.13
191.00 0.29
192.00 1.24
193.00 0.36
194.00 0.09
195.00 0.09
196.00 0.17
197.00 0.30
198.00 0.31
199.00 0.55
200.00 0.65
201.00 0.17
202.00 0.04
203.00 0.11
204.00 0.17
205.00 0.14
206.00 0.58
207.00 0.03
208.00 0.15
209.00 0.33
210.00 0.09
211.00 0.04
212.00 0.07
213.00 0.04
214.00 0.08
215.00 0.21
216.00 0.22
217.00 0.24
218.00 0.13
219.00 0.06
220.00 0.18
221.00 0.17
222.00 0.13
223.00 0.11
224.00 0.28
225.00 0.24
226.00 0.09
227.00 0.32
228.00 0.04
229.00 0.09
230.00 0.19
231.00 0.38
232.00 0.12
233.00 0.11
234.00 0.08
235.00 0.07
236.00 0.07
237.00 0.27
238.00 0.05
239.00 0.36
240.00 0.22
241.00 0.53
242.00 0.31
243.00 0.48
244.00 0.47
245.00 1.06
246.00 0.42
247.00 0.29
248.00 0.40
249.00 0.52
250.00 0.30
251.00 1.29
252.00 0.91
253.00 1.81
254.00 0.70
255.00 0.54
256.00 0.41
257.00 0.62
258.00 0.55
259.00 1.06
260.00 1.02
261.00 0.91
262.00 0.18
263.00 0.11
264.00 0.03
265.00 0.10
266.00 0.16
267.00 0.11
268.00 0.25
269.00 0.16
270.00 0.15
271.00 0.18
272.00 0.28
273.00 0.11
274.00 0.03
275.00 0.08
276.00 0.09
277.00 0.09
278.00 0.16
279.00 0.23
280.00 0.03
281.00 0.04
282.00 0.11
283.00 0.01
284.00 0.04
285.00 0.05
286.00 0.05
287.00 0.12
288.00 0.07
289.00 0.14
290.00 0.13
291.00 0.26
292.00 0.11
293.00 0.44
294.00 0.12
295.00 0.14
296.00 0.07
297.00 0.04
298.00 0.16
299.00 0.08
300.00 0.12
301.00 0.29
302.00 0.19
303.00 0.31
304.00 0.39
305.00 0.14
306.00 0.15
307.00 0.13
308.00 0.15
309.00 0.11
310.00 0.20
311.00 0.12
312.00 0.26
313.00 0.70
314.00 1.40
315.00 0.57
316.00 0.31
317.00 0.38
318.00 0.63
319.00 0.18
320.00 0.55
321.00 0.49
322.00 0.20
323.00 0.06
324.00 0.12
325.00 0.19
326.00 0.19
327.00 0.36
328.00 0.35
329.00 0.40
330.00 0.21
331.00 0.20
332.00 0.13
333.00 0.36
334.00 0.15
335.00 0.05
336.00 0.14
337.00 0.10
338.00 0.08
339.00 0.03
340.00 0.13
341.00 0.16
342.00 0.19
343.00 0.67
344.00 0.26
345.00 1.31
346.00 1.96
347.00 1.21
348.00 1.21
349.00 2.04
350.00 0.83
351.00 0.53
352.00 0.37
353.00 0.10
354.00 0.40
355.00 0.38
356.00 0.20
357.00 0.21
358.00 0.13
359.00 0.10
360.00 0.10
361.00 0.02
362.00 0.19
363.00 0.23
364.00 0.14
365.00 0.34
366.00 0.46
367.00 0.10
368.00 0.03
369.00 0.04
370.00 0.08
371.00 0.25
372.00 0.20
373.00 0.14
374.00 0.13
375.00 0.26
376.00 0.30
377.00 0.23
378.00 0.21
379.00 0.12
380.00 0.14
381.00 0.32
382.00 0.62
383.00 0.18
384.00 0.16
385.00 0.19
386.00 0.30
387.00 0.07
388.00 0.11
389.00 0.22
390.00 0.37
391.00 0.12
392.00 0.18
393.00 0.09
394.00 0.06
395.00 0.17
396.00 0.14
397.00 0.05
398.00 0.02
399.00 0.14
400.00 0.19
401.00 0.38
402.00 0.37
403.00 0.35
404.00 0.35
405.00 0.18
406.00 0.31
407.00 0.34
408.00 0.35
409.00 0.25
410.00 0.22
411.00 0.63
412.00 0.83
413.00 0.46
414.00 0.17
415.00 0.05
416.00 0.11
417.00 0.14
418.00 0.12
419.00 0.14
420.00 0.52
421.00 0.40
422.00 0.49
423.00 0.32
424.00 0.17
425.00 0.08
426.00 0.64
427.00 0.82
428.00 0.41
429.00 0.09
430.00 0.14
431.00 0.17
432.00 0.42
433.00 0.48
434.00 0.16
435.00 0.35
436.00 0.65
437.00 0.11
438.00 0.59
439.00 0.39
440.00 0.02
441.00 0.70
442.00 1.12
443.00 0.91
444.00 0.98
445.00 0.39
446.00 0.16
447.00 0.38
448.00 0.35
449.00 0.32
450.00 0.17
451.00 0.04
452.00 0.26
453.00 0.33
454.00 0.43
455.00 0.04
456.00 0.36
457.00 0.31
458.00 0.09
459.00 0.07
460.00 0.60
461.00 0.36
462.00 1.05
463.00 0.94
464.00 2.44
465.00 nan
466.00 nan
467.00 nan
468.00 nan
469.00 nan
470.00 nan
471.00 nan
472.00 nan
473.00 nan
474.00 nan
475.00 nan
476.00 nan
477.00 nan
478.00 nan
479.00 nan
480.00 nan
481.00 nan
482.00 nan
483.00 nan
484.00 nan
485.00 nan
486.00 nan
487.00 nan
488.00 nan
489.00 nan
490.00 nan
491.00 nan
492.00 nan
493.00 nan
494.00 nan
495.00 nan
496.00 nan
497.00 nan
498.00 nan
499.00 nan
500.00 nan
501.00 nan
502.00 nan
503.00 nan
504.00 nan
505.00 nan
506.00 nan
507.00 0.00
508.00 3.69
509.00 3.20
510.00 0.27
511.00 0.60
512.00 1.05
513.00 0.81
514.00 0.26
515.00 0.24
516.00 0.08
517.00 0.78
518.00 0.15
519.00 0.28
520.00 0.13
521.00 0.16
522.00 0.29
523.00 0.36
524.00 0.31
525.00 0.27
526.00 0.71
527.00 0.52
528.00 0.16
529.00 0.04
530.00 0.15
531.00 0.10
532.00 0.24
533.00 0.42
534.00 0.13
535.00 0.58
536.00 0.13
537.00 0.18
538.00 0.12
539.00 0.31
540.00 0.03
541.00 0.07
542.00 0.51
543.00 0.20
544.00 0.85
545.00 0.39
546.00 0.33
547.00 0.62
548.00 0.56
549.00 1.17
550.00 0.93
551.00 2.52
552.00 1.65
553.00 0.84
554.00 0.13
555.00 0.96
556.00 0.69
557.00 0.73
558.00 1.09
559.00 1.07
560.00 0.12
561.00 0.24
562.00 0.27
563.00 0.77
564.00 0.20
565.00 0.28
566.00 0.32
567.00 0.06
568.00 0.18
569.00 0.20
570.00 0.34
571.00 0.09
572.00 0.04
573.00 0.04
574.00 0.36
575.00 0.27
576.00 0.09
577.00 0.13
578.00 0.15
579.00 0.26
580.00 0.11
581.00 0.16
582.00 0.18
583.00 0.06
584.00 0.17
585.00 0.05
586.00 0.15
587.00 0.26
588.00 0.05
589.00 0.32
590.00 0.31
591.00 0.52
592.00 0.20
593.00 0.33
594.00 0.04
595.00 0.30
596.00 0.91
597.00 0.33
598.00 0.96
599.00 1.63
600.00 1.74
601.00 0.09
602.00 0.16
603.00 0.15
604.00 0.19
605.00 0.22
606.00 0.09
607.00 0.10
608.00 0.17
609.00 0.12
610.00 0.27
611.00 0.16
612.00 0.15
613.00 0.09
614.00 0.10
615.00 0.02
616.00 0.02
617.00 0.17
618.00 0.08
619.00 0.05
620.00 0.14
621.00 0.12
622.00 0.36
623.00 0.34
624.00 0.36
625.00 0.02
626.00 0.11
627.00 0.04
628.00 0.04
629.00 0.08
630.00 0.14
631.00 0.17
632.00 0.20
633.00 0.46
634.00 0.33
635.00 0.23
636.00 0.16
637.00 0.02
638.00 0.25
639.00 0.09
640.00 0.07
641.00 0.42
642.00 0.27
643.00 0.23
644.00 0.12
645.00 0.18
646.00 0.10
647.00 0.31
648.00 0.50
649.00 0.21
650.00 0.15
651.00 0.09
652.00 0.23
653.00 1.21
654.00 1.06
655.00 0.41
656.00 0.04
657.00 0.24
658.00 0.19
659.00 0.66
660.00 0.21
661.00 0.10
662.00 1.13
663.00 0.46
664.00 0.65
665.00 0.44
666.00 0.07
667.00 0.29
668.00 0.37
669.00 0.05
670.00 0.16
671.00 0.05
672.00 0.50
673.00 0.16
674.00 0.63
675.00 0.34
676.00 0.54
677.00 0.85
678.00 0.37
679.00 1.52
680.00 1.96
681.00 2.33
682.00 0.95
683.00 2.91
684.00 8.60
685.00 1.01
686.00 1.64
687.00 0.77
688.00 0.50
689.00 0.06
690.00 0.13
691.00 0.36
692.00 0.48
693.00 0.40
694.00 0.63
695.00 0.51
696.00 0.71
697.00 0.27
698.00 0.03
699.00 0.16
700.00 0.24
701.00 0.07
702.00 0.14
703.00 0.04
704.00 0.13
705.00 0.17
706.00 0.38
707.00 0.08
708.00 0.20
709.00 0.09
710.00 0.22
711.00 0.16
712.00 0.03
713.00 0.16
714.00 0.20
715.00 0.06
716.00 0.05
717.00 0.10
718.00 0.43
719.00 0.18
720.00 0.15
721.00 0.18
722.00 0.07
723.00 0.19
724.00 0.20
725.00 0.34
726.00 0.18
727.00 0.48
728.00 0.16
729.00 0.04
730.00 0.17
731.00 0.26
732.00 0.16
733.00 0.51
734.00 0.50
735.00 0.35
736.00 0.25
737.00 0.23
738.00 0.32
739.00 0.28
740.00 0.48
741.00 0.12
742.00 0.39
743.00 0.35
744.00 0.81
745.00 0.52
746.00 0.32
747.00 0.52
748.00 0.34
749.00 0.40
750.00 1.73
751.00 1.98
752.00 2.44
753.00 11.91
754.00 7.44
755.00 1.32
756.00 13.20
757.00 nan
758.00 nan
759.00 nan
760.00 nan
761.00 nan
762.00 nan
763.00 nan
764.00 nan
765.00 nan
766.00 nan
767.00 nan
768.00 nan
769.00 nan
770.00 nan
771.00 nan
772.00 nan
773.00 nan
774.00 nan
775.00 nan
776.00 nan
777.00 nan
778.00 nan
779.00 nan
780.00 nan
781.00 nan
782.00 nan
783.00 nan
784.00 nan
785.00 nan
786.00 nan
787.00 nan
788.00 nan
789.00 nan
790.00 nan
791.00 nan
792.00 nan
793.00 nan
794.00 nan
795.00 nan
796.00 nan
797.00 nan
798.00 nan
799.00 nan
800.00 nan
801.00 nan
802.00 nan
803.00 nan
804.00 nan
805.00 nan
806.00 nan
807.00 nan
808.00 nan
809.00 nan
810.00 nan
811.00 nan
812.00 nan
813.00 nan
814.00 nan
815.00 nan
816.00 nan
817.00 nan
818.00 nan
819.00 nan
820.00 nan
821.00 nan
822.00 nan
823.00 nan
824.00 0.40
825.00 1.05
826.00 1.13
827.00 0.26
828.00 0.43
829.00 0.09
830.00 0.31
831.00 0.07
832.00 0.25
833.00 0.24
834.00 0.23
835.00 0.25
836.00 0.74
837.00 0.21
838.00 0.15
839.00 0.40
840.00 0.64
841.00 0.66
842.00 0.54
843.00 0.61
844.00 0.25
845.00 0.39
846.00 0.08
847.00 0.08
848.00 0.39
849.00 0.44
850.00 0.16
851.00 0.32
852.00 0.19
853.00 0.31
854.00 0.13
855.00 0.47
856.00 0.43
857.00 0.25
858.00 0.26
859.00 0.49
860.00 0.27
861.00 0.23
862.00 0.26
863.00 0.31
864.00 0.45
865.00 0.70
866.00 0.88
867.00 0.38
868.00 1.07
869.00 0.52
870.00 0.23
871.00 0.42
872.00 0.30
873.00 0.65
874.00 0.44
875.00 0.52
876.00 0.37
877.00 0.59
878.00 0.35
879.00 0.25
880.00 0.29
881.00 0.11
882.00 0.13
883.00 0.17
884.00 0.11
885.00 0.32
886.00 0.67
887.00 0.33
888.00 0.09
889.00 0.20
890.00 0.29
891.00 0.30
892.00 0.20
893.00 0.18
894.00 0.29
895.00 0.00
896.00 0.52
897.00 0.45
898.00 0.41
899.00 0.20
900.00 0.17
901.00 0.19
902.00 0.06
903.00 0.08
904.00 0.24
905.00 0.30
906.00 0.10
907.00 0.08
908.00 0.45
909.00 0.49
910.00 0.28
911.00 0.52
912.00 0.35
913.00 0.49
914.00 0.68
915.00 0.56
916.00 0.32
917.00 0.25
918.00 0.06
919.00 0.21
920.00 0.13
921.00 0.18
922.00 0.27
923.00 0.21
924.00 0.41
925.00 0.14
926.00 0.41
927.00 0.33
928.00 0.12
929.00 0.37
930.00 0.40
931.00 0.15
932.00 0.29
933.00 0.71
934.00 0.15
935.00 0.21
936.00 0.06
937.00 0.14
938.00 0.57
939.00 0.17
940.00 0.15
941.00 0.16
942.00 0.20
943.00 0.34
944.00 0.16
945.00 0.56
946.00 0.04
947.00 0.52
948.00 0.13
949.00 0.33
950.00 0.06
951.00 0.51
952.00 0.11
953.00 0.51
954.00 0.92
955.00 0.09
956.00 0.11
957.00 0.11
958.00 0.04
959.00 0.09
960.00 0.78
961.00 0.21
962.00 0.28
963.00 0.38
964.00 0.43
965.00 0.44
966.00 0.91
967.00 0.35
968.00 0.05
969.00 0.30
970.00 0.10
971.00 0.22
972.00 0.06
973.00 0.08
974.00 0.02
975.00 0.11
976.00 0.35
977.00 0.31
978.00 0.41
979.00 0.47
980.00 0.97
981.00 1.00
982.00 0.39
983.00 0.69
984.00 0.46
985.00 0.45
986.00 0.86
987.00 0.71
988.00 1.54
989.00 1.45
990.00 0.25
991.00 0.14
992.00 0.11
993.00 0.45
994.00 0.21
995.00 0.55
996.00 0.27
997.00 0.11
998.00 0.15
999.00 0.08
1000.00 0.37
1001.00 0.05
1002.00 0.10
1003.00 0.10
1004.00 0.28
1005.00 0.92
1006.00 0.37
1007.00 0.15
1008.00 0.15
1009.00 0.17
1010.00 0.04
1011.00 0.17
1012.00 0.03
1013.00 0.02
1014.00 0.09
1015.00 0.17
1016.00 0.06
1017.00 0.07
1018.00 0.12
1019.00 0.16
1020.00 0.19
1021.00 0.40
1022.00 0.29
1023.00 0.16
1024.00 0.09
1025.00 0.08
1026.00 0.14
1027.00 0.19
1028.00 0.22
1029.00 0.13
1030.00 0.19
1031.00 0.03
1032.00 0.22
1033.00 0.07
1034.00 0.22
1035.00 0.12
1036.00 0.12
1037.00 0.16
1038.00 0.10
1039.00 0.18
1040.00 0.15
1041.00 0.03
1042.00 0.41
1043.00 0.43
1044.00 0.40
1045.00 0.19
1046.00 0.03
1047.00 0.21
1048.00 0.10
1049.00 0.09
1050.00 0.26
1051.00 0.04
1052.00 0.07
1053.00 0.42
1054.00 0.39
1055.00 0.08
1056.00 0.16
1057.00 0.04
1058.00 0.09
1059.00 0.09
1060.00 0.06
1061.00 0.13
1062.00 0.09
1063.00 0.18
1064.00 0.14
1065.00 0.05
1066.00 0.22
1067.00 0.21
1068.00 0.32
1069.00 0.22
1070.00 0.03
1071.00 0.62
1072.00 0.36
1073.00 0.42
1074.00 0.35
1075.00 0.20
1076.00 0.27
1077.00 0.17
1078.00 0.21
1079.00 0.02
1080.00 0.18
1081.00 0.09
1082.00 0.55
1083.00 1.62
1084.00 2.35
1085.00 1.82
1086.00 3.82
1087.00 2.20
1088.00 2.00
1089.00 0.60
1090.00 0.67
1091.00 1.00
1092.00 2.12
1093.00 1.47
1094.00 1.26
1095.00 0.64
1096.00 0.07
1097.00 0.45
1098.00 0.73
1099.00 0.64
1100.00 1.56
1101.00 0.81
1102.00 0.22
1103.00 0.13
1104.00 0.58
1105.00 0.50
1106.00 0.21
1107.00 0.21
1108.00 0.39
1109.00 0.09
1110.00 0.19
1111.00 0.23
1112.00 0.26
1113.00 0.28
1114.00 0.40
1115.00 0.13
1116.00 0.66
1117.00 0.48
1118.00 0.85
1119.00 0.04
1120.00 0.12
1121.00 0.32
1122.00 0.12
1123.00 0.10
1124.00 0.40
1125.00 0.19
1126.00 0.33
1127.00 0.14
1128.00 0.26
1129.00 0.55
1130.00 0.74
1131.00 1.69
1132.00 1.21
1133.00 0.35
1134.00 0.17
1135.00 0.07
1136.00 0.36
1137.00 0.34
1138.00 0.18
1139.00 0.13
1140.00 0.07
1141.00 0.21
1142.00 0.04
1143.00 0.30
1144.00 0.10
1145.00 0.20
1146.00 0.89
1147.00 0.56
1148.00 0.16
1149.00 0.15
1150.00 0.12
1151.00 0.13
1152.00 0.07
1153.00 0.25
1154.00 0.17
1155.00 0.20
1156.00 0.21
1157.00 0.12
1158.00 0.17
1159.00 0.48
1160.00 0.16
1161.00 0.07
1162.00 0.24
1163.00 0.75
1164.00 1.02
1165.00 1.40
1166.00 2.34
1167.00 0.48
1168.00 0.25
1169.00 0.66
1170.00 0.76
1171.00 0.58
1172.00 0.05
1173.00 0.23
1174.00 0.11
1175.00 0.39
1176.00 0.09
1177.00 0.23
1178.00 0.11
1179.00 0.06
1180.00 0.28
1181.00 0.18
1182.00 1.04
1183.00 0.26
1184.00 0.05
1185.00 0.09
1186.00 0.24
1187.00 0.20
1188.00 0.18
1189.00 0.13
1190.00 0.18
1191.00 0.16
1192.00 0.15
1193.00 0.08
1194.00 0.53
1195.00 0.92
1196.00 1.28
1197.00 0.17
1198.00 0.47
1199.00 0.40
1200.00 0.27
1201.00 0.64
1202.00 0.40
1203.00 1.15
1204.00 0.82
1205.00 0.27
1206.00 0.69
1207.00 2.82
1208.00 0.40
1209.00 0.24
1210.00 0.16
1211.00 0.36
1212.00 0.25
1213.00 0.24
1214.00 0.03
1215.00 0.04
1216.00 0.09
1217.00 0.42
1218.00 0.28
1219.00 0.33
1220.00 0.28
1221.00 0.27
1222.00 0.19
1223.00 0.58
1224.00 0.29
1225.00 0.07
1226.00 0.39
1227.00 0.55
1228.00 0.21
1229.00 0.64
1230.00 0.48
1231.00 0.55
1232.00 0.13
1233.00 0.47
1234.00 0.36
1235.00 0.47
1236.00 0.58
1237.00 0.67
1238.00 0.49
1239.00 0.33
1240.00 0.30
1241.00 0.27
1242.00 0.51
1243.00 0.15
1244.00 0.51
1245.00 0.25
1246.00 0.02
1247.00 0.83
1248.00 0.11
1249.00 0.09
1250.00 0.15
1251.00 0.08
1252.00 0.03
1253.00 0.44
1254.00 0.19
1255.00 0.27
1256.00 0.20
1257.00 0.46
1258.00 0.54
1259.00 0.35
1260.00 0.31
1261.00 0.16
1262.00 0.85
1263.00 0.23
1264.00 0.27
1265.00 0.55
1266.00 0.29
1267.00 0.04
1268.00 0.35
1269.00 0.11
1270.00 0.41
1271.00 1.13
1272.00 0.25
1273.00 0.75
1274.00 1.70
1275.00 0.88
1276.00 1.29
1277.00 1.29
1278.00 0.72
1279.00 0.46
1280.00 1.35
1281.00 0.49
1282.00 0.52
1283.00 0.06
1284.00 0.09
1285.00 0.45
1286.00 0.62
1287.00 0.31
1288.00 0.34
1289.00 0.17
1290.00 0.33
1291.00 0.19
1292.00 0.33
1293.00 0.15
1294.00 0.16
1295.00 0.03
1296.00 0.12
1297.00 0.12
1298.00 0.08
1299.00 0.22
1300.00 0.31
1301.00 0.09
1302.00 0.11
1303.00 0.13
1304.00 0.21
1305.00 0.90
1306.00 0.65
1307.00 1.64
1308.00 0.70
1309.00 0.07
1310.00 0.16
1311.00 0.26
1312.00 0.15
1313.00 0.44
1314.00 0.73
1315.00 0.11
1316.00 0.44
1317.00 0.20
1318.00 0.26
1319.00 0.32
1320.00 0.18
1321.00 0.36
1322.00 0.37
1323.00 0.07
1324.00 0.86
1325.00 0.30
1326.00 0.66
1327.00 0.89
1328.00 0.36
1329.00 0.17
1330.00 0.06
1331.00 0.25
1332.00 0.09
1333.00 0.22
1334.00 0.15
1335.00 0.27
1336.00 0.03
1337.00 0.09
1338.00 0.40
1339.00 0.24
1340.00 0.27
1341.00 0.41
1342.00 0.02
1343.00 0.27
1344.00 1.46
1345.00 0.25
1346.00 0.45
1347.00 0.82
1348.00 0.61
1349.00 1.10
1350.00 0.95
1351.00 0.40
1352.00 0.13
1353.00 0.17
1354.00 0.24
1355.00 0.22
1356.00 0.23
1357.00 0.10
1358.00 0.06
1359.00 0.12
1360.00 0.19
1361.00 0.27
1362.00 0.56
1363.00 0.09
1364.00 0.41
1365.00 0.15
1366.00 0.36
1367.00 0.16
1368.00 0.13
1369.00 0.30
1370.00 0.19
1371.00 0.28
1372.00 0.16
1373.00 0.16
1374.00 0.44
1375.00 0.37
1376.00 1.02
1377.00 2.03
1378.00 0.86
1379.00 3.46
1380.00 1.41
1381.00 0.94
1382.00 0.18
1383.00 0.35
1384.00 0.57
1385.00 1.10
1386.00 0.92
1387.00 0.15
1388.00 0.30
1389.00 0.31
1390.00 0.17
1391.00 0.13
1392.00 0.19
1393.00 0.95
1394.00 0.50
1395.00 0.45
1396.00 0.38
1397.00 0.80
1398.00 0.31
1399.00 0.29
1400.00 0.88
1401.00 0.51
1402.00 1.30
1403.00 0.68
1404.00 0.96
1405.00 0.92
1406.00 0.39
1407.00 0.22
1408.00 0.15
1409.00 0.20
1410.00 0.33
1411.00 0.16
1412.00 0.97
1413.00 0.40
1414.00 2.31
1415.00 1.90
1416.00 0.04
1417.00 0.39
1418.00 0.19
1419.00 1.11
1420.00 1.51
1421.00 1.07
1422.00 0.32
1423.00 0.22
1424.00 0.78
1425.00 1.33
1426.00 0.69
1427.00 0.55
1428.00 0.76
1429.00 0.14
1430.00 0.04
1431.00 0.53
1432.00 0.21
1433.00 0.05
1434.00 0.08
1435.00 0.13
1436.00 0.14
1437.00 0.21
1438.00 0.03
1439.00 0.13
1440.00 0.04
1441.00 0.21
1442.00 0.13
1443.00 0.08
1444.00 0.26
1445.00 0.50
1446.00 0.09
1447.00 0.23
1448.00 0.49
1449.00 0.27
1450.00 0.35
1451.00 0.55
1452.00 1.07
1453.00 2.01
1454.00 0.47
1455.00 0.11
1456.00 0.88
1457.00 0.39
1458.00 0.46
1459.00 0.18
1460.00 0.10
1461.00 0.19
1462.00 0.29
1463.00 0.20
1464.00 0.05
1465.00 0.21
1466.00 0.16
1467.00 0.11
1468.00 0.10
1469.00 0.07
1470.00 0.14
1471.00 0.09
1472.00 0.21
1473.00 0.37
1474.00 0.09
1475.00 0.13
1476.00 0.28
1477.00 0.12
1478.00 0.07
1479.00 0.27
1480.00 0.11
1481.00 0.05
1482.00 0.15
1483.00 0.10
1484.00 0.05
1485.00 0.10
1486.00 0.25
1487.00 0.38
1488.00 0.48
1489.00 0.70
1490.00 0.36
1491.00 0.20
1492.00 0.23
1493.00 0.26
1494.00 0.20
1495.00 0.09
1496.00 0.11
1497.00 0.05
1498.00 0.05
1499.00 0.24
1500.00 0.25
1501.00 0.69
1502.00 0.42
1503.00 0.45
1504.00 0.34
1505.00 0.11
1506.00 0.41
1507.00 0.24
1508.00 0.04
1509.00 0.14
1510.00 0.14
1511.00 0.23
1512.00 0.14
1513.00 1.20
1514.00 0.24
1515.00 0.40
1516.00 0.03
1517.00 0.36
1518.00 0.21
1519.00 0.88
1520.00 1.60
1521.00 2.85
1522.00 1.32
1523.00 1.65
1524.00 0.64
1525.00 0.10
1526.00 0.17
1527.00 0.21
1528.00 0.53
1529.00 0.96
1530.00 0.99
1531.00 0.11
1532.00 0.21
1533.00 0.73
1534.00 0.20
1535.00 0.48
1536.00 0.45
1537.00 0.16
1538.00 0.05
1539.00 0.16
1540.00 0.22
1541.00 0.13
1542.00 0.09
1543.00 0.18
1544.00 0.11
1545.00 0.38
1546.00 0.30
1547.00 0.30
1548.00 0.11
1549.00 0.24
1550.00 0.04
1551.00 0.17
1552.00 0.05
1553.00 0.26
1554.00 0.09
1555.00 0.31
1556.00 0.57
1557.00 0.04
1558.00 0.41
1559.00 1.94
1560.00 0.23
1561.00 0.58
1562.00 1.24
1563.00 0.55
1564.00 0.64
1565.00 0.46
1566.00 0.23
1567.00 0.07
1568.00 0.03
1569.00 0.08
1570.00 0.20
1571.00 0.08
1572.00 0.33
1573.00 0.13
1574.00 0.11
1575.00 0.12
1576.00 0.13
1577.00 0.12
1578.00 0.30
1579.00 0.12
1580.00 0.09
1581.00 0.24
1582.00 0.26
1583.00 0.24
1584.00 0.15
1585.00 0.29
1586.00 0.14
1587.00 0.03
1588.00 0.18
1589.00 0.03
1590.00 0.06
1591.00 0.11
1592.00 0.20
1593.00 0.27
1594.00 0.18
1595.00 0.35
1596.00 0.32
1597.00 0.14
1598.00 0.18
1599.00 0.06
1600.00 0.19
1601.00 0.03
1602.00 0.06
1603.00 0.18
1604.00 0.32
1605.00 0.23
1606.00 0.19
1607.00 0.15
1608.00 0.14
1609.00 0.41
1610.00 0.57
1611.00 0.07
1612.00 0.16
1613.00 0.56
1614.00 0.09
1615.00 0.17
1616.00 0.69
1617.00 nan
1618.00 nan
1619.00 nan
1620.00 nan
1621.00 nan
1622.00 nan
1623.00 nan
1624.00 nan
1625.00 nan
1626.00 nan
1627.00 nan
1628.00 nan
1629.00 nan
1630.00 nan
1631.00 nan
1632.00 nan
1633.00 nan
1634.00 nan
1635.00 nan
1636.00 nan
1637.00 nan
1638.00 nan
1639.00 nan
1640.00 nan
1641.00 nan
1642.00 nan
1643.00 nan
1644.00 nan
1645.00 nan
1646.00 nan
1647.00 nan
1648.00 nan
1649.00 nan
1650.00 nan
1651.00 nan
1652.00 nan
1653.00 nan
1654.00 nan
1655.00 nan
1656.00 nan
1657.00 nan
1658.00 nan
1659.00 nan
1660.00 nan
1661.00 nan
1662.00 nan
1663.00 nan
1664.00 nan
1665.00 nan
1666.00 nan
1667.00 nan
1668.00 nan
1669.00 nan
1670.00 nan
1671.00 nan
1672.00 nan
1673.00 nan
1674.00 nan
1675.00 nan
1676.00 nan
1677.00 nan
1678.00 nan
1679.00 nan
1680.00 nan
1681.00 nan
1682.00 nan
1683.00 nan
1684.00 nan
1685.00 nan
1686.00 nan
1687.00 nan
1688.00 nan
1689.00 nan
1690.00 nan
1691.00 nan
1692.00 nan
1693.00 0.96
1694.00 3.17
1695.00 0.45
1696.00 0.48
1697.00 0.83
1698.00 0.97
1699.00 0.20
1700.00 0.27
1701.00 0.59
1702.00 0.22
1703.00 0.10
1704.00 0.71
1705.00 0.63
1706.00 0.15
1707.00 0.43
1708.00 0.22
1709.00 0.49
1710.00 0.21
1711.00 0.17
1712.00 0.38
1713.00 0.27
1714.00 0.37
1715.00 0.19
1716.00 0.29
1717.00 0.37
1718.00 0.36
1719.00 0.24
1720.00 0.33
1721.00 0.53
1722.00 0.15
1723.00 0.42
1724.00 0.66
1725.00 0.33
1726.00 0.44
1727.00 0.38
1728.00 0.37
1729.00 0.07
1730.00 0.15
1731.00 0.23
1732.00 0.17
1733.00 0.34
1734.00 0.10
1735.00 0.29
1736.00 0.89
1737.00 0.19
1738.00 0.30
1739.00 0.46
1740.00 0.51
1741.00 0.50
1742.00 0.75
1743.00 0.49
1744.00 0.24
1745.00 0.35
1746.00 0.54
1747.00 0.22
1748.00 0.65
1749.00 1.39
1750.00 1.40
1751.00 0.70
1752.00 0.13
1753.00 0.18
1754.00 0.14
1755.00 0.32
1756.00 0.32
1757.00 0.21
1758.00 0.09
1759.00 0.38
1760.00 0.51
1761.00 1.09
1762.00 0.56
1763.00 0.06
1764.00 0.47
1765.00 0.80
1766.00 1.41
1767.00 1.42
1768.00 0.73
1769.00 0.17
1770.00 0.22
1771.00 1.49
1772.00 0.75
1773.00 2.16
1774.00 0.61
1775.00 0.33
1776.00 0.34
1777.00 0.07
1778.00 0.18
1779.00 0.39
1780.00 0.73
1781.00 0.26
1782.00 0.10
1783.00 0.19
1784.00 0.11
1785.00 0.14
1786.00 0.23
1787.00 0.22
1788.00 0.20
1789.00 0.13
1790.00 0.45
1791.00 0.54
1792.00 0.18
1793.00 0.40
1794.00 0.09
1795.00 0.20
1796.00 0.20
1797.00 0.31
1798.00 0.50
1799.00 0.51
1800.00 0.17
1801.00 0.17
1802.00 0.43
1803.00 0.32
1804.00 0.29
1805.00 0.34
1806.00 0.28
1807.00 0.10
1808.00 0.13
1809.00 0.18
1810.00 0.28
1811.00 0.85
1812.00 0.36
1813.00 0.26
1814.00 0.43
1815.00 0.10
1816.00 0.27
1817.00 0.26
1818.00 0.22
1819.00 0.03
1820.00 0.27
1821.00 0.26
1822.00 0.15
1823.00 0.59
1824.00 0.44
1825.00 0.47
1826.00 0.05
1827.00 0.34
1828.00 0.29
1829.00 0.14
1830.00 0.38
1831.00 0.34
1832.00 0.38
1833.00 0.50
1834.00 1.11
1835.00 0.82
1836.00 0.49
1837.00 0.45
1838.00 0.13
1839.00 0.33
1840.00 0.53
1841.00 0.29
1842.00 0.13
1843.00 0.51
1844.00 1.02
1845.00 0.12
1846.00 0.19
1847.00 0.26
1848.00 0.13
1849.00 0.60
1850.00 0.46
1851.00 0.04
1852.00 0.47
1853.00 0.19
1854.00 0.13
1855.00 0.13
1856.00 0.24
1857.00 0.14
1858.00 0.28
1859.00 0.20
1860.00 0.26
1861.00 0.34
1862.00 1.10
1863.00 1.24
1864.00 0.17
1865.00 0.81
1866.00 1.42
1867.00 0.99
1868.00 0.19
1869.00 0.23
1870.00 0.45
1871.00 0.77
1872.00 1.24
1873.00 0.77
1874.00 0.24
1875.00 0.07
1876.00 0.06
1877.00 0.17
1878.00 0.13
1879.00 0.26
1880.00 0.27
1881.00 0.38
1882.00 0.78
1883.00 0.09
1884.00 0.09
1885.00 0.20
1886.00 0.07
1887.00 0.03
1888.00 0.15
1889.00 0.13
1890.00 0.16
1891.00 0.23
1892.00 0.21
1893.00 0.19
1894.00 0.20
1895.00 0.12
1896.00 0.17
1897.00 0.13
1898.00 0.23
1899.00 0.27
1900.00 0.38
1901.00 0.59
1902.00 0.51
1903.00 1.27
1904.00 1.88
1905.00 3.06
1906.00 4.76
1907.00 2.16
1908.00 0.52
1909.00 0.52
1910.00 1.41
1911.00 6.80
1912.00 4.03
1913.00 1.10
1914.00 0.47
1915.00 0.08
1916.00 0.05
1917.00 0.18
1918.00 0.09
1919.00 0.24
1920.00 0.08
1921.00 0.13
1922.00 0.57
1923.00 0.28
1924.00 0.83
1925.00 0.85
1926.00 0.17
1927.00 0.45
1928.00 0.79
1929.00 0.55
1930.00 1.01
1931.00 114.84
1932.00 nan
1933.00 nan
1934.00 nan
1935.00 nan
1936.00 nan
1937.00 nan
1938.00 nan
1939.00 nan
1940.00 nan
1941.00 nan
1942.00 nan
1943.00 nan
1944.00 nan
1945.00 nan
1946.00 nan
1947.00 nan
1948.00 nan
1949.00 nan
1950.00 nan
1951.00 nan
1952.00 nan
1953.00 nan
1954.00 nan
1955.00 nan
1956.00 nan
1957.00 nan
1958.00 nan
1959.00 nan
1960.00 nan
1961.00 nan
1962.00 nan
1963.00 nan
1964.00 nan
1965.00 nan
1966.00 nan
1967.00 nan
1968.00 nan
1969.00 nan
1970.00 nan
1971.00 nan
1972.00 nan
1973.00 nan
1974.00 nan
1975.00 nan
1976.00 nan
1977.00 nan
1978.00 nan
1979.00 nan
1980.00 nan
1981.00 nan
1982.00 nan
1983.00 0.19
1984.00 0.82
1985.00 1.21
1986.00 1.71
1987.00 1.19
1988.00 1.36
1989.00 1.34
1990.00 0.36
1991.00 0.08
1992.00 0.35
1993.00 0.40
1994.00 0.58
1995.00 0.63
1996.00 1.28
1997.00 0.69
1998.00 0.31
1999.00 0.10
2000.00 0.37
2001.00 0.61
2002.00 1.30
2003.00 2.24
2004.00 1.98
2005.00 1.99
2006.00 1.46
2007.00 1.98
2008.00 1.01
2009.00 0.39
2010.00 0.23
2011.00 0.10
2012.00 0.09
2013.00 0.11
2014.00 0.51
2015.00 0.05
2016.00 0.17
2017.00 0.29
2018.00 0.37
2019.00 0.71
2020.00 0.62
2021.00 0.41
2022.00 0.56
2023.00 0.26
2024.00 0.04
2025.00 0.13
2026.00 0.10
2027.00 0.10
2028.00 0.08
2029.00 0.30
2030.00 0.09
2031.00 0.04
2032.00 0.18
2033.00 0.10
2034.00 0.84
2035.00 0.93
2036.00 0.50
2037.00 0.51
2038.00 0.27
2039.00 0.54
2040.00 0.42
2041.00 0.29
2042.00 0.44
2043.00 0.26
2044.00 0.31
2045.00 0.41
2046.00 0.32
2047.00 1.18
2048.00 0.53
2049.00 1.03
2050.00 0.89
2051.00 8.12
2052.00 0.74
2053.00 1.24
2054.00 0.60
2055.00 0.30
2056.00 0.41
2057.00 0.13
2058.00 0.87
2059.00 0.64
2060.00 0.25
2061.00 0.31
2062.00 0.44
2063.00 0.80
2064.00 1.01
2065.00 1.29
2066.00 1.07
2067.00 1.50
2068.00 0.72
2069.00 0.92
2070.00 0.34
2071.00 0.16
2072.00 0.27
2073.00 0.59
2074.00 0.44
2075.00 0.14
2076.00 0.30
2077.00 0.79
2078.00 0.91
2079.00 0.88
2080.00 1.18
2081.00 0.42
2082.00 0.11
2083.00 0.10
2084.00 0.02
2085.00 0.34
2086.00 0.98
2087.00 1.03
2088.00 1.01
2089.00 0.86
2090.00 0.40
2091.00 0.38
2092.00 0.39
2093.00 0.75
2094.00 0.30
2095.00 0.21
2096.00 0.44
2097.00 1.16
2098.00 1.09
2099.00 1.14
2100.00 1.06
2101.00 1.10
2102.00 1.23
2103.00 1.12
2104.00 0.79
2105.00 0.56
2106.00 0.10
2107.00 0.84
2108.00 0.88
2109.00 0.38
2110.00 0.14
2111.00 0.19
2112.00 0.83
2113.00 0.98
2114.00 0.52
2115.00 0.22
2116.00 0.80
2117.00 0.55
2118.00 0.25
2119.00 0.80
2120.00 0.64
2121.00 2.34
2122.00 0.23
2123.00 0.89
2124.00 1.10
2125.00 0.88
2126.00 0.37
2127.00 0.23
2128.00 0.28
2129.00 0.36
2130.00 1.05
2131.00 0.72
2132.00 1.25
2133.00 0.27
2134.00 0.60
2135.00 0.19
2136.00 0.20
2137.00 0.27
2138.00 0.04
2139.00 0.39
2140.00 0.40
2141.00 0.17
2142.00 0.31
2143.00 0.80
2144.00 0.28
2145.00 0.54
2146.00 0.18
2147.00 0.39
2148.00 0.41
2149.00 0.15
2150.00 0.69
2151.00 0.63
2152.00 0.07
2153.00 0.31
2154.00 0.16
2155.00 0.35
2156.00 0.04
2157.00 0.04
2158.00 0.18
2159.00 0.47
2160.00 0.08
2161.00 0.26
2162.00 0.09
2163.00 0.12
2164.00 0.69
2165.00 0.58
2166.00 1.12
2167.00 0.51
2168.00 0.50
2169.00 0.04
2170.00 0.15
2171.00 0.16
2172.00 0.25
2173.00 0.00
2174.00 0.15
2175.00 0.33
2176.00 0.11
2177.00 0.07
2178.00 0.33
2179.00 0.49
2180.00 0.25
2181.00 0.59
2182.00 0.33
2183.00 0.17
2184.00 0.35
2185.00 0.55
2186.00 0.82
2187.00 0.87
2188.00 1.09
2189.00 0.56
2190.00 0.61
2191.00 0.96
2192.00 0.66
2193.00 0.94
2194.00 2.36
2195.00 0.21
2196.00 0.80
2197.00 1.38
2198.00 0.52
2199.00 0.42
2200.00 0.72
2201.00 0.68
2202.00 0.83
2203.00 0.74
2204.00 0.14
2205.00 0.23
2206.00 0.37
2207.00 0.57
2208.00 0.19
2209.00 0.14
2210.00 0.40
2211.00 0.52
2212.00 0.05
2213.00 0.32
2214.00 0.81
2215.00 0.99
2216.00 nan
2217.00 nan
2218.00 nan
2219.00 nan
2220.00 nan
2221.00 nan
2222.00 nan
2223.00 nan
2224.00 nan
2225.00 nan
2226.00 nan
2227.00 nan
2228.00 nan
2229.00 nan
2230.00 nan
2231.00 nan
2232.00 nan
2233.00 nan
2234.00 nan
2235.00 nan
2236.00 nan
2237.00 nan
2238.00 nan
2239.00 nan
2240.00 nan
2241.00 nan
2242.00 nan
2243.00 nan
2244.00 nan
2245.00 nan
2246.00 nan
2247.00 nan
2248.00 nan
2249.00 nan
2250.00 nan
2251.00 nan
2252.00 0.06
2253.00 1.55
2254.00 0.24
2255.00 1.49
2256.00 0.52
2257.00 0.55
2258.00 1.02
2259.00 0.42
2260.00 0.90
2261.00 1.75
2262.00 1.28
2263.00 0.84
2264.00 1.16
2265.00 1.03
2266.00 0.51
2267.00 0.26
2268.00 0.45
2269.00 0.89
2270.00 0.61
2271.00 0.33
2272.00 0.17
2273.00 0.21
2274.00 1.16
2275.00 0.42
2276.00 0.95
2277.00 0.57
2278.00 0.14
2279.00 0.27
2280.00 0.38
2281.00 0.10
2282.00 0.34
2283.00 0.62
2284.00 0.37
2285.00 0.09
2286.00 0.25
2287.00 0.26
2288.00 0.40
2289.00 0.58
2290.00 0.47
2291.00 0.18
2292.00 0.42
2293.00 0.16
2294.00 0.32
2295.00 0.69
2296.00 0.51
2297.00 0.19
2298.00 0.15
2299.00 0.03
2300.00 0.30
2301.00 0.14
2302.00 0.35
2303.00 0.17
2304.00 0.12
2305.00 0.09
2306.00 0.11
2307.00 0.04
2308.00 0.05
2309.00 0.15
2310.00 0.24
2311.00 0.24
2312.00 0.20
2313.00 0.24
2314.00 0.15
2315.00 0.13
2316.00 0.25
2317.00 0.35
2318.00 0.06
2319.00 0.17
2320.00 0.06
2321.00 0.09
2322.00 0.18
2323.00 0.04
2324.00 0.09
2325.00 0.09
2326.00 0.24
2327.00 0.36
2328.00 0.15
2329.00 0.58
2330.00 0.26
2331.00 0.24
2332.00 0.18
2333.00 0.06
2334.00 0.38
2335.00 0.27
2336.00 0.12
2337.00 0.52
2338.00 0.70
2339.00 0.41
2340.00 1.51
2341.00 0.66
2342.00 0.87
2343.00 0.17
2344.00 0.80
2345.00 0.71
2346.00 0.09
2347.00 1.14
2348.00 0.10
2349.00 1.89
2350.00 0.15
2351.00 0.51
2352.00 0.32
2353.00 0.17
2354.00 0.22
2355.00 0.71
2356.00 0.49
2357.00 0.61
2358.00 0.69
2359.00 0.19
2360.00 1.66
2361.00 0.45
2362.00 1.11
2363.00 1.23
2364.00 0.76
2365.00 1.18
2366.00 0.95
2367.00 0.65
2368.00 0.10
2369.00 0.34
2370.00 0.16
2371.00 0.45
2372.00 0.08
2373.00 0.14
2374.00 0.06
2375.00 0.31
2376.00 0.45
2377.00 0.13
2378.00 0.23
2379.00 0.44
2380.00 0.45
2381.00 0.65
2382.00 1.01
2383.00 1.00
2384.00 0.71
2385.00 0.48
2386.00 0.16
2387.00 0.15
2388.00 0.28
2389.00 0.12
2390.00 0.15
2391.00 0.55
2392.00 0.30
2393.00 0.17
2394.00 0.30
2395.00 0.31
2396.00 0.81
2397.00 0.51
2398.00 0.94
2399.00 0.13
2400.00 0.72
2401.00 0.88
2402.00 0.19
2403.00 0.45
2404.00 1.00
2405.00 0.10
2406.00 0.89
2407.00 0.20
2408.00 0.08
2409.00 0.19
2410.00 0.11
2411.00 0.03
2412.00 0.05
2413.00 0.09
2414.00 0.20
2415.00 0.18
2416.00 0.12
2417.00 0.25
2418.00 0.14
2419.00 0.29
2420.00 0.06
2421.00 0.15
2422.00 0.33
2423.00 0.48
2424.00 0.07
2425.00 0.15
2426.00 0.35
2427.00 1.67
2428.00 1.48
2429.00 0.54
2430.00 0.72
2431.00 0.65
2432.00 0.24
2433.00 0.26
2434.00 1.00
2435.00 0.59
2436.00 0.31
2437.00 0.82
2438.00 0.50
2439.00 0.17
2440.00 0.15
2441.00 0.12
2442.00 0.22
2443.00 0.24
2444.00 0.03
2445.00 0.13
2446.00 0.17
2447.00 0.30
2448.00 0.41
2449.00 0.62
2450.00 0.14
2451.00 0.15
2452.00 0.33
2453.00 0.35
2454.00 0.51
2455.00 0.03
2456.00 0.13
2457.00 0.15
2458.00 0.87
2459.00 0.91
2460.00 1.63
2461.00 0.89
2462.00 1.08
2463.00 0.27
2464.00 0.01
2465.00 0.42
2466.00 0.01
2467.00 0.05
2468.00 0.03
2469.00 0.24
2470.00 0.10
2471.00 0.21
2472.00 0.12
2473.00 0.22
2474.00 0.57
2475.00 0.13
2476.00 0.12
2477.00 0.11
2478.00 0.47
2479.00 0.03
2480.00 0.23
2481.00 0.21
2482.00 0.15
2483.00 0.13
2484.00 0.05
2485.00 0.18
2486.00 0.32
2487.00 0.12
2488.00 0.27
2489.00 0.10
2490.00 0.13
2491.00 0.08
2492.00 0.12
2493.00 0.23
2494.00 0.22
2495.00 0.16
2496.00 0.42
2497.00 0.09
2498.00 0.11
2499.00 0.12
2500.00 0.19
2501.00 0.70
2502.00 0.20
2503.00 0.34
2504.00 0.27
2505.00 0.20
2506.00 0.09
2507.00 0.39
2508.00 0.20
2509.00 0.13
2510.00 0.07
2511.00 0.39
2512.00 0.18
2513.00 0.29
2514.00 0.34
2515.00 0.46
2516.00 0.11
2517.00 0.16
2518.00 0.59
2519.00 0.24
2520.00 0.68
2521.00 0.12
2522.00 0.66
2523.00 0.76
2524.00 0.31
2525.00 0.71
2526.00 0.63
2527.00 0.70
2528.00 1.43
2529.00 1.90
2530.00 0.99
2531.00 0.44
2532.00 1.83
2533.00 2.69
2534.00 0.26
2535.00 1.28
2536.00 1.20
2537.00 0.54
2538.00 0.34
2539.00 0.17
2540.00 0.41
2541.00 0.59
2542.00 0.74
2543.00 0.91
2544.00 0.83
2545.00 0.33
2546.00 0.01
2547.00 0.14
2548.00 0.01
2549.00 0.22
2550.00 0.21
2551.00 0.07
2552.00 0.05
2553.00 0.15
2554.00 0.44
2555.00 0.08
2556.00 0.24
2557.00 0.07
2558.00 0.15
2559.00 0.12
2560.00 0.16
2561.00 0.08
2562.00 0.13
2563.00 0.52
2564.00 0.17
2565.00 0.05
2566.00 0.14
2567.00 0.13
2568.00 0.18
2569.00 0.13
2570.00 0.42
2571.00 0.38
2572.00 0.30
2573.00 0.13
2574.00 0.32
2575.00 0.39
2576.00 0.16
2577.00 0.14
2578.00 0.17
2579.00 0.44
2580.00 0.16
2581.00 0.14
2582.00 0.39
2583.00 0.28
2584.00 0.14
2585.00 0.02
2586.00 0.28
2587.00 0.06
2588.00 0.10
2589.00 0.17
2590.00 0.40
2591.00 0.53
2592.00 0.23
2593.00 0.41
2594.00 0.23
2595.00 0.69
2596.00 0.07
2597.00 0.00
2598.00 0.12
2599.00 0.54
2600.00 0.63
2601.00 0.17
2602.00 0.13
2603.00 0.17
2604.00 0.22
2605.00 0.12
2606.00 0.09
2607.00 0.23
2608.00 0.40
2609.00 0.17
2610.00 0.10
2611.00 0.21
2612.00 0.08
2613.00 0.17
2614.00 0.02
2615.00 0.24
2616.00 0.51
2617.00 0.10
2618.00 0.13
2619.00 0.38
2620.00 0.38
2621.00 0.49
2622.00 1.71
2623.00 1.07
2624.00 0.75
2625.00 1.11
2626.00 0.09
2627.00 0.39
2628.00 2.61
2629.00 0.97
2630.00 1.63
2631.00 1.18
2632.00 0.17
2633.00 0.46
2634.00 1.63
2635.00 0.65
2636.00 0.42
2637.00 0.39
2638.00 0.22
2639.00 0.38
2640.00 0.21
2641.00 0.38
2642.00 0.30
2643.00 0.50
2644.00 0.27
2645.00 0.02
2646.00 0.17
2647.00 0.13
2648.00 0.10
2649.00 0.21
2650.00 0.40
2651.00 0.72
2652.00 0.12
2653.00 0.15
2654.00 0.42
2655.00 0.25
2656.00 0.13
2657.00 0.26
2658.00 1.10
2659.00 0.61
2660.00 0.34
2661.00 0.67
2662.00 1.15
2663.00 0.89
2664.00 0.66
2665.00 0.37
2666.00 0.67
2667.00 1.76
2668.00 1.48
2669.00 1.42
2670.00 0.94
2671.00 1.16
2672.00 0.40
2673.00 0.73
2674.00 0.34
2675.00 0.57
2676.00 0.37
2677.00 0.21
2678.00 0.75
2679.00 0.78
2680.00 0.09
2681.00 0.29
2682.00 0.14
2683.00 0.23
2684.00 0.13
2685.00 0.07
2686.00 0.37
2687.00 0.26
2688.00 0.19
2689.00 0.46
2690.00 0.31
2691.00 0.11
2692.00 0.11
2693.00 0.37
2694.00 0.07
2695.00 0.30
2696.00 0.10
2697.00 0.22
2698.00 0.35
2699.00 0.52
2700.00 1.49
2701.00 1.60
2702.00 0.16
2703.00 0.20
2704.00 0.05
2705.00 0.05
2706.00 0.02
2707.00 0.16
2708.00 0.16
2709.00 0.45
2710.00 0.04
2711.00 0.09
2712.00 0.17
2713.00 0.06
2714.00 0.16
2715.00 0.63
2716.00 0.40
2717.00 0.76
2718.00 0.14
2719.00 0.10
2720.00 0.84
2721.00 0.52
2722.00 0.40
2723.00 0.23
2724.00 0.18
2725.00 0.24
2726.00 0.25
2727.00 0.13
2728.00 2.18
2729.00 2.23
2730.00 1.03
2731.00 0.50
2732.00 0.58
2733.00 1.90
2734.00 2.87
2735.00 1.34
2736.00 1.50
2737.00 0.39
2738.00 1.49
2739.00 0.40
2740.00 0.31
2741.00 0.84
2742.00 0.49
2743.00 0.19
2744.00 0.18
2745.00 0.19
2746.00 0.10
2747.00 0.07
2748.00 0.32
2749.00 0.56
2750.00 0.59
2751.00 0.39
2752.00 0.43
2753.00 0.01
2754.00 0.31
2755.00 0.24
2756.00 0.11
2757.00 0.15
2758.00 0.09
2759.00 0.66
2760.00 2.71
2761.00 nan
2762.00 nan
2763.00 nan
2764.00 nan
2765.00 nan
2766.00 nan
2767.00 nan
2768.00 nan
2769.00 nan
2770.00 nan
2771.00 nan
2772.00 nan
2773.00 nan
2774.00 nan
2775.00 nan
2776.00 nan
2777.00 nan
2778.00 nan
2779.00 nan
2780.00 nan
2781.00 nan
2782.00 nan
2783.00 nan
2784.00 nan
2785.00 nan
2786.00 nan
2787.00 nan
2788.00 nan
2789.00 nan
2790.00 nan
2791.00 nan
2792.00 nan
2793.00 nan
2794.00 nan
2795.00 nan
2796.00 nan
2797.00 nan
2798.00 nan
2799.00 nan
2800.00 nan
2801.00 3.56
2802.00 1.17
2803.00 1.70
2804.00 0.58
2805.00 0.74
2806.00 0.14
2807.00 0.79
2808.00 0.98
2809.00 0.33
2810.00 0.24
2811.00 0.52
2812.00 0.08
2813.00 0.55
2814.00 0.10
2815.00 0.02
2816.00 0.32
2817.00 0.21
2818.00 0.03
2819.00 0.06
2820.00 0.33
2821.00 0.17
2822.00 0.18
2823.00 0.08
2824.00 0.06
2825.00 0.24
2826.00 0.10
2827.00 0.10
2828.00 0.06
2829.00 0.13
2830.00 0.10
2831.00 0.26
2832.00 0.08
2833.00 0.71
2834.00 0.50
2835.00 0.49
2836.00 0.14
2837.00 0.68
2838.00 0.52
2839.00 0.45
2840.00 0.11
2841.00 0.31
2842.00 0.04
2843.00 0.27
2844.00 0.16
2845.00 0.29
2846.00 0.12
2847.00 0.13
2848.00 0.13
2849.00 0.29
2850.00 0.10
2851.00 0.15
2852.00 0.15
2853.00 0.14
2854.00 0.24
2855.00 0.30
2856.00 0.38
2857.00 0.28
2858.00 0.17
2859.00 0.05
2860.00 0.02
2861.00 0.08
2862.00 0.12
2863.00 0.08
2864.00 0.10
2865.00 0.22
2866.00 0.30
2867.00 0.24
2868.00 0.29
2869.00 0.61
2870.00 0.56
2871.00 1.29
2872.00 1.71
2873.00 6.10
2874.00 0.49
2875.00 0.68
2876.00 0.96
2877.00 2.02
2878.00 1.84
2879.00 0.80
2880.00 0.19
2881.00 0.30
2882.00 0.08
2883.00 0.24
2884.00 0.31
2885.00 0.23
2886.00 0.31
2887.00 0.09
2888.00 0.15
2889.00 0.10
2890.00 0.16
2891.00 0.29
2892.00 0.33
2893.00 0.02
2894.00 0.17
2895.00 0.23
2896.00 0.16
2897.00 0.22
2898.00 0.09
2899.00 0.19
2900.00 0.40
2901.00 0.36
2902.00 0.08
2903.00 0.29
2904.00 0.36
2905.00 0.77
2906.00 1.67
2907.00 2.07
2908.00 0.59
2909.00 0.09
2910.00 0.08
2911.00 0.11
2912.00 1.97
2913.00 2.26
2914.00 1.23
2915.00 0.18
2916.00 0.26
2917.00 0.10
2918.00 1.17
2919.00 0.83
2920.00 0.78
2921.00 0.23
2922.00 0.27
2923.00 0.16
2924.00 0.01
2925.00 0.02
2926.00 0.13
2927.00 0.10
2928.00 0.16
2929.00 0.20
2930.00 0.31
2931.00 0.24
2932.00 0.12
2933.00 0.27
2934.00 0.34
2935.00 0.48
2936.00 0.50
2937.00 0.34
2938.00 0.30
2939.00 0.94
2940.00 2.53
2941.00 4.95
2942.00 2.23
2943.00 0.11
2944.00 0.33
2945.00 0.28
2946.00 2.30
2947.00 2.58
2948.00 0.55
2949.00 0.83
2950.00 2.19
2951.00 2.13
2952.00 0.68
2953.00 0.84
2954.00 0.83
2955.00 0.73
2956.00 0.43
2957.00 0.11
2958.00 0.35
2959.00 0.31
2960.00 0.32
2961.00 0.09
2962.00 0.23
2963.00 0.15
2964.00 0.21
2965.00 0.09
2966.00 0.07
2967.00 0.29
2968.00 0.22
2969.00 0.34
2970.00 0.31
2971.00 0.07
2972.00 0.28
2973.00 0.35
2974.00 0.14
2975.00 0.13
2976.00 0.09
2977.00 0.08
2978.00 0.09
2979.00 0.20
2980.00 0.08
2981.00 0.27
2982.00 0.29
2983.00 0.15
2984.00 0.12
2985.00 0.13
2986.00 0.13
2987.00 0.29
2988.00 0.18
2989.00 0.10
2990.00 0.26
2991.00 0.29
2992.00 0.21
2993.00 0.16
2994.00 0.26
2995.00 0.18
2996.00 0.13
2997.00 0.29
2998.00 0.15
2999.00 0.11
3000.00 0.09
3001.00 0.15
3002.00 0.06
3003.00 0.30
3004.00 0.18
3005.00 0.08
3006.00 0.39
3007.00 0.36
3008.00 0.98
3009.00 2.31
3010.00 3.32
3011.00 0.74
3012.00 0.93
3013.00 1.65
3014.00 1.19
3015.00 3.11
3016.00 1.40
3017.00 3.26
3018.00 2.06
3019.00 0.43
3020.00 1.14
3021.00 0.17
3022.00 0.76
3023.00 0.85
3024.00 0.26
3025.00 0.26
3026.00 0.19
3027.00 0.22
3028.00 0.18
3029.00 0.22
3030.00 0.17
3031.00 0.15
3032.00 0.28
3033.00 0.32
3034.00 0.49
3035.00 0.35
3036.00 0.11
3037.00 0.13
3038.00 0.02
3039.00 0.18
3040.00 0.02
3041.00 0.09
3042.00 0.11
3043.00 0.03
3044.00 0.13
3045.00 0.04
3046.00 0.18
3047.00 0.17
3048.00 0.25
3049.00 0.29
3050.00 0.28
3051.00 0.13
3052.00 0.30
3053.00 0.13
3054.00 0.05
3055.00 0.20
3056.00 0.08
3057.00 0.24
3058.00 0.13
3059.00 0.32
3060.00 0.11
3061.00 0.23
3062.00 0.54
3063.00 0.75
3064.00 0.34
3065.00 0.28
3066.00 0.31
3067.00 0.12
3068.00 0.32
3069.00 0.29
3070.00 0.16
3071.00 0.38
3072.00 1.42
3073.00 3.88
3074.00 3.89
3075.00 1.31
3076.00 3.30
3077.00 0.81
3078.00 0.19
3079.00 0.14
3080.00 2.22
3081.00 5.72
3082.00 1.45
3083.00 0.99
3084.00 1.20
3085.00 1.51
3086.00 1.21
3087.00 0.63
3088.00 0.67
3089.00 0.33
3090.00 0.05
3091.00 0.12
3092.00 0.66
3093.00 1.06
3094.00 0.66
3095.00 0.33
3096.00 0.13
3097.00 0.06
3098.00 0.28
3099.00 0.16
3100.00 0.11
3101.00 0.09
3102.00 0.17
3103.00 0.17
3104.00 0.19
3105.00 0.19
3106.00 0.14
3107.00 0.46
3108.00 0.22
3109.00 0.20
3110.00 0.10
3111.00 0.11
3112.00 0.05
3113.00 0.24
3114.00 0.16
3115.00 0.12
3116.00 0.54
3117.00 0.54
3118.00 0.23
3119.00 0.24
3120.00 0.14
3121.00 0.20
3122.00 0.12
3123.00 0.08
3124.00 0.09
3125.00 0.03
3126.00 0.28
3127.00 0.51
3128.00 0.55
3129.00 0.49
3130.00 0.36
3131.00 0.33
3132.00 0.16
3133.00 0.30
3134.00 0.67
3135.00 0.60
3136.00 0.51
3137.00 0.32
3138.00 0.36
3139.00 0.20
3140.00 0.16
3141.00 0.36
3142.00 0.19
3143.00 0.08
3144.00 0.03
3145.00 0.38
3146.00 0.36
3147.00 0.37
3148.00 0.44
3149.00 0.14
3150.00 0.14
3151.00 0.32
3152.00 0.38
3153.00 0.24
3154.00 0.09
3155.00 0.10
3156.00 0.13
3157.00 0.27
3158.00 0.20
3159.00 0.10
3160.00 0.09
3161.00 0.01
3162.00 0.06
3163.00 0.06
3164.00 0.04
3165.00 0.06
3166.00 0.05
3167.00 0.10
3168.00 0.01
3169.00 0.14
3170.00 0.26
3171.00 0.09
3172.00 0.05
3173.00 0.26
3174.00 0.12
3175.00 0.13
3176.00 0.24
3177.00 0.43
3178.00 0.33
3179.00 0.20
3180.00 0.02
3181.00 0.03
3182.00 0.05
3183.00 0.17
3184.00 0.08
3185.00 0.24
3186.00 0.13
3187.00 0.06
3188.00 0.14
3189.00 0.40
3190.00 0.21
3191.00 0.02
3192.00 0.16
3193.00 0.09
3194.00 0.01
3195.00 0.11
3196.00 0.11
3197.00 0.06
3198.00 0.29
3199.00 0.09
3200.00 0.12
3201.00 0.06
3202.00 0.07
3203.00 0.13
3204.00 0.14
3205.00 0.11
3206.00 0.23
3207.00 0.07
3208.00 0.13
3209.00 0.25
3210.00 0.08
3211.00 0.03
3212.00 0.15
3213.00 0.24
3214.00 0.09
3215.00 0.11
3216.00 0.28
3217.00 0.26
3218.00 0.14
3219.00 0.76
3220.00 0.82
3221.00 0.92
3222.00 6.22
3223.00 0.89
3224.00 0.18
3225.00 0.63
3226.00 nan
3227.00 nan
3228.00 nan
3229.00 nan
3230.00 nan
3231.00 nan
3232.00 nan
3233.00 nan
3234.00 nan
3235.00 nan
3236.00 nan
3237.00 nan
3238.00 nan
3239.00 nan
3240.00 nan
3241.00 nan
3242.00 nan
3243.00 nan
3244.00 nan
3245.00 nan
3246.00 nan
3247.00 nan
3248.00 nan
3249.00 nan
3250.00 nan
3251.00 nan
3252.00 nan
3253.00 nan
3254.00 nan
3255.00 nan
3256.00 nan
3257.00 nan
3258.00 nan
3259.00 nan
3260.00 nan
3261.00 nan
3262.00 nan
3263.00 nan
3264.00 nan
3265.00 nan
3266.00 nan
3267.00 nan
3268.00 nan
3269.00 nan
3270.00 nan
3271.00 nan
3272.00 nan
3273.00 nan
3274.00 nan
3275.00 nan
3276.00 nan
3277.00 nan
3278.00 nan
3279.00 nan
3280.00 nan
3281.00 nan
3282.00 nan
3283.00 nan
3284.00 nan
3285.00 nan
3286.00 nan
3287.00 nan
3288.00 nan
3289.00 nan
3290.00 nan
3291.00 nan
3292.00 nan
3293.00 nan
3294.00 nan
3295.00 nan
3296.00 nan
3297.00 nan
3298.00 nan
3299.00 nan
3300.00 nan
3301.00 nan
3302.00 nan
3303.00 nan
3304.00 nan
3305.00 nan
3306.00 2.08
3307.00 4.93
3308.00 0.45
3309.00 1.28
3310.00 0.33
3311.00 0.51
3312.00 1.51
3313.00 0.99
3314.00 0.97
3315.00 0.61
3316.00 0.09
3317.00 0.05
3318.00 0.16
3319.00 0.09
3320.00 0.03
3321.00 0.27
3322.00 0.36
3323.00 0.16
3324.00 0.08
3325.00 0.31
3326.00 0.15
3327.00 0.22
3328.00 0.16
3329.00 0.28
3330.00 0.28
3331.00 0.33
3332.00 0.17
3333.00 0.07
3334.00 0.20
3335.00 0.22
3336.00 0.03
3337.00 0.03
3338.00 0.12
3339.00 0.07
3340.00 0.06
3341.00 0.13
3342.00 0.08
3343.00 0.14
3344.00 0.21
3345.00 0.32
3346.00 0.05
3347.00 0.08
3348.00 0.13
3349.00 0.12
3350.00 0.05
3351.00 0.15
3352.00 0.17
3353.00 0.07
3354.00 0.05
3355.00 0.13
3356.00 0.12
3357.00 0.02
3358.00 0.07
3359.00 0.12
3360.00 0.20
3361.00 0.03
3362.00 0.07
3363.00 0.21
3364.00 0.18
3365.00 0.13
3366.00 0.12
3367.00 0.06
3368.00 0.06
3369.00 0.03
3370.00 0.02
3371.00 0.10
3372.00 0.09
3373.00 0.14
3374.00 0.06
3375.00 0.21
3376.00 0.07
3377.00 0.05
3378.00 0.08
3379.00 0.07
3380.00 0.21
3381.00 0.03
3382.00 0.20
3383.00 0.10
3384.00 0.14
3385.00 0.04
3386.00 0.17
3387.00 0.15
3388.00 0.17
3389.00 0.26
3390.00 0.64
3391.00 0.51
3392.00 0.47
3393.00 0.12
3394.00 0.50
3395.00 0.74
3396.00 1.16
3397.00 0.89
3398.00 0.91
3399.00 0.25
3400.00 1.10
3401.00 1.97
3402.00 1.05
3403.00 0.67
3404.00 1.00
3405.00 0.10
3406.00 0.14
3407.00 0.13
3408.00 0.30
3409.00 0.23
3410.00 0.42
3411.00 0.50
3412.00 0.17
3413.00 0.10
3414.00 0.10
3415.00 0.16
3416.00 0.17
3417.00 0.25
3418.00 0.11
3419.00 0.07
3420.00 0.02
3421.00 0.14
3422.00 0.15
3423.00 0.10
3424.00 0.13
3425.00 0.04
3426.00 0.07
3427.00 0.09
3428.00 0.13
3429.00 0.05
3430.00 0.11
3431.00 0.35
3432.00 0.74
3433.00 0.32
3434.00 0.34
3435.00 0.87
3436.00 0.53
3437.00 0.24
3438.00 0.37
3439.00 0.20
3440.00 0.37
3441.00 0.32
3442.00 0.61
3443.00 0.55
3444.00 0.16
3445.00 0.01
3446.00 0.21
3447.00 0.29
3448.00 0.11
3449.00 0.10
3450.00 0.27
3451.00 0.42
3452.00 0.59
3453.00 0.13
3454.00 0.03
3455.00 0.11
3456.00 0.05
3457.00 0.17
3458.00 0.39
3459.00 0.39
3460.00 0.04
3461.00 0.22
3462.00 0.02
3463.00 0.09
3464.00 0.13
3465.00 0.22
3466.00 0.20
3467.00 0.18
3468.00 0.10
3469.00 0.15
3470.00 0.04
3471.00 0.17
3472.00 0.14
3473.00 0.19
3474.00 0.04
3475.00 0.20
3476.00 0.11
3477.00 0.05
3478.00 0.15
3479.00 0.24
3480.00 0.28
3481.00 0.10
3482.00 0.08
3483.00 0.04
3484.00 0.07
3485.00 0.04
3486.00 0.02
3487.00 0.08
3488.00 0.06
3489.00 0.23
3490.00 0.07
3491.00 0.02
3492.00 0.23
3493.00 0.11
3494.00 0.14
3495.00 0.10
3496.00 0.08
3497.00 0.16
3498.00 0.09
3499.00 0.06
3500.00 0.05
3501.00 0.03
3502.00 0.05
3503.00 0.01
3504.00 0.23
3505.00 0.03
3506.00 0.09
3507.00 0.04
3508.00 0.17
3509.00 0.19
3510.00 0.10
3511.00 0.19
3512.00 0.18
3513.00 0.10
3514.00 0.09
3515.00 0.21
3516.00 0.18
3517.00 0.19
3518.00 0.06
3519.00 0.22
3520.00 0.09
3521.00 0.10
3522.00 0.18
3523.00 0.20
3524.00 0.13
3525.00 0.18
3526.00 0.18
3527.00 0.18
3528.00 0.07
3529.00 0.12
3530.00 0.19
3531.00 0.04
3532.00 0.07
3533.00 0.07
3534.00 0.18
3535.00 0.11
3536.00 0.28
3537.00 1.09
3538.00 0.92
3539.00 1.91
3540.00 16.18
3541.00 6.18
3542.00 2.23
3543.00 2.91
3544.00 0.44
3545.00 0.65
3546.00 0.45
3547.00 2.68
3548.00 2.15
3549.00 0.93
3550.00 1.99
3551.00 1.09
3552.00 0.28
3553.00 0.42
3554.00 0.13
3555.00 0.23
3556.00 0.27
3557.00 0.15
3558.00 0.16
3559.00 0.23
3560.00 0.20
3561.00 0.20
3562.00 0.32
3563.00 0.33
3564.00 0.15
3565.00 0.03
3566.00 0.09
3567.00 0.46
3568.00 0.19
3569.00 0.14
3570.00 0.13
3571.00 0.50
3572.00 0.38
3573.00 1.40
3574.00 0.40
3575.00 0.63
3576.00 0.03
3577.00 0.24
3578.00 0.16
3579.00 0.23
3580.00 0.35
3581.00 0.52
3582.00 0.22
3583.00 0.22
3584.00 0.19
3585.00 0.12
3586.00 0.19
3587.00 0.06
3588.00 0.11
3589.00 0.26
3590.00 0.15
3591.00 0.35
3592.00 0.11
3593.00 0.12
3594.00 0.15
3595.00 0.19
3596.00 0.39
3597.00 0.26
3598.00 0.03
3599.00 0.22
3600.00 0.60
3601.00 0.46
3602.00 0.38
3603.00 0.52
3604.00 0.28
3605.00 0.54
3606.00 2.33
3607.00 2.01
3608.00 0.64
3609.00 0.11
3610.00 0.26
3611.00 0.09
3612.00 0.27
3613.00 0.33
3614.00 0.55
3615.00 0.52
3616.00 0.45
3617.00 0.60
3618.00 0.33
3619.00 0.34
3620.00 0.20
3621.00 0.23
3622.00 0.16
3623.00 0.15
3624.00 0.19
3625.00 0.24
3626.00 0.03
3627.00 0.09
3628.00 0.15
3629.00 0.30
3630.00 0.06
3631.00 0.25
3632.00 0.21
3633.00 0.09
3634.00 0.49
3635.00 0.45
3636.00 0.08
3637.00 0.26
3638.00 0.35
3639.00 0.37
3640.00 0.61
3641.00 0.25
3642.00 0.56
3643.00 0.47
3644.00 0.79
3645.00 0.30
3646.00 0.09
3647.00 0.11
3648.00 0.24
3649.00 0.37
3650.00 0.18
3651.00 0.06
3652.00 0.14
3653.00 0.44
3654.00 0.45
3655.00 0.30
3656.00 0.60
3657.00 0.12
3658.00 0.16
3659.00 0.11
3660.00 0.07
3661.00 0.06
3662.00 0.19
3663.00 0.18
3664.00 0.23
3665.00 0.16
3666.00 0.35
3667.00 0.23
3668.00 0.46
3669.00 0.20
3670.00 0.28
3671.00 0.44
3672.00 0.21
3673.00 0.40
3674.00 1.12
3675.00 0.19
3676.00 1.38
3677.00 0.76
3678.00 0.55
3679.00 0.44
3680.00 0.15
3681.00 0.21
3682.00 0.48
3683.00 0.24
3684.00 0.43
3685.00 0.75
3686.00 0.26
3687.00 0.11
3688.00 0.24
3689.00 0.07
3690.00 0.26
3691.00 0.31
3692.00 0.28
3693.00 0.08
3694.00 0.14
3695.00 0.13
3696.00 0.19
3697.00 0.19
3698.00 0.19
3699.00 0.20
3700.00 1.05
3701.00 0.51
3702.00 0.48
3703.00 0.37
3704.00 0.73
3705.00 1.18
3706.00 0.66
3707.00 0.38
3708.00 0.71
3709.00 1.34
3710.00 0.37
3711.00 0.63
3712.00 0.66
3713.00 0.68
3714.00 0.27
3715.00 0.04
3716.00 0.20
3717.00 0.76
3718.00 0.05
3719.00 0.50
3720.00 0.16
3721.00 0.24
3722.00 0.40
3723.00 0.10
3724.00 0.21
3725.00 0.22
3726.00 0.07
3727.00 0.13
3728.00 0.16
3729.00 0.18
3730.00 0.06
3731.00 0.26
3732.00 1.54
3733.00 0.67
3734.00 1.01
3735.00 0.53
3736.00 0.79
3737.00 0.24
3738.00 0.10
3739.00 0.22
3740.00 0.25
3741.00 0.69
3742.00 0.86
3743.00 0.14
3744.00 0.07
3745.00 0.45
3746.00 0.26
3747.00 0.95
3748.00 1.19
3749.00 0.75
3750.00 0.14
3751.00 0.07
3752.00 0.12
3753.00 0.22
3754.00 0.12
3755.00 0.15
3756.00 0.06
3757.00 0.82
3758.00 0.70
3759.00 0.84
3760.00 0.81
3761.00 0.36
3762.00 0.45
3763.00 0.12
3764.00 0.24
3765.00 0.20
3766.00 0.35
3767.00 0.40
3768.00 0.78
3769.00 0.53
3770.00 1.25
3771.00 1.63
3772.00 1.45
3773.00 0.60
3774.00 0.35
3775.00 1.08
3776.00 0.73
3777.00 0.72
3778.00 0.22
3779.00 0.08
3780.00 0.18
3781.00 0.23
3782.00 0.18
3783.00 0.21
3784.00 0.63
3785.00 0.15
3786.00 0.06
3787.00 0.27
3788.00 0.13
3789.00 0.05
3790.00 0.19
3791.00 0.17
3792.00 0.30
3793.00 0.43
3794.00 1.18
3795.00 2.60
3796.00 3.12
3797.00 0.70
3798.00 1.52
3799.00 1.94
3800.00 0.16
3801.00 0.81
3802.00 0.37
3803.00 0.21
3804.00 0.54
3805.00 0.30
3806.00 0.20
3807.00 0.45
3808.00 0.45
3809.00 0.48
3810.00 0.32
3811.00 0.03
3812.00 0.45
3813.00 0.61
3814.00 0.69
3815.00 1.32
3816.00 1.30
3817.00 1.05
3818.00 0.51
3819.00 0.55
3820.00 0.39
3821.00 0.30
3822.00 0.11
3823.00 0.39
3824.00 0.65
3825.00 1.48
3826.00 1.61
3827.00 1.99
3828.00 0.94
3829.00 1.40
3830.00 1.59
3831.00 0.37
3832.00 1.11
3833.00 0.27
3834.00 0.08
3835.00 0.32
3836.00 0.20
3837.00 0.40
3838.00 0.24
3839.00 0.10
3840.00 0.51
3841.00 0.34
3842.00 0.19
3843.00 0.32
3844.00 0.10
3845.00 0.24
3846.00 0.19
3847.00 0.20
3848.00 0.15
3849.00 0.39
3850.00 0.21
3851.00 0.45
3852.00 0.21
3853.00 0.13
3854.00 0.45
3855.00 0.15
3856.00 0.44
3857.00 0.42
3858.00 0.92
3859.00 1.12
3860.00 1.35
3861.00 1.62
3862.00 2.17
3863.00 0.16
3864.00 0.21
3865.00 0.31
3866.00 0.24
3867.00 0.18
3868.00 0.22
3869.00 0.17
3870.00 0.18
3871.00 0.29
3872.00 0.10
3873.00 0.24
3874.00 0.17
3875.00 0.13
3876.00 0.34
3877.00 0.20
3878.00 0.08
3879.00 0.38
3880.00 0.11
3881.00 0.17
3882.00 0.36
3883.00 0.49
3884.00 0.13
3885.00 0.02
3886.00 0.50
3887.00 0.56
3888.00 0.32
3889.00 0.34
3890.00 0.63
3891.00 0.12
3892.00 0.58
3893.00 0.35
3894.00 0.04
3895.00 0.56
3896.00 0.10
3897.00 0.13
3898.00 0.11
3899.00 0.09
3900.00 0.11
3901.00 0.36
3902.00 0.89
3903.00 1.50
3904.00 0.45
3905.00 0.37
3906.00 0.35
3907.00 0.21
3908.00 0.07
3909.00 0.07
3910.00 0.21
3911.00 0.09
3912.00 0.29
3913.00 0.17
3914.00 0.13
3915.00 0.22
3916.00 0.15
3917.00 0.23
3918.00 0.20
3919.00 0.54
3920.00 0.09
3921.00 0.15
3922.00 0.14
3923.00 0.04
3924.00 0.07
3925.00 0.27
3926.00 0.20
3927.00 0.50
3928.00 2.20
3929.00 0.31
3930.00 1.11
3931.00 0.07
3932.00 0.48
3933.00 1.46
3934.00 0.45
3935.00 1.28
3936.00 0.02
3937.00 0.44
3938.00 0.34
3939.00 0.12
3940.00 0.10
3941.00 0.39
3942.00 0.46
3943.00 0.17
3944.00 0.19
3945.00 0.19
3946.00 0.23
3947.00 0.36
3948.00 0.14
3949.00 0.25
3950.00 0.20
3951.00 0.14
3952.00 0.55
3953.00 0.06
3954.00 0.78
3955.00 0.30
3956.00 0.16
3957.00 1.14
3958.00 0.27
3959.00 1.57
3960.00 0.04
3961.00 0.92
3962.00 0.98
3963.00 0.29
3964.00 0.74
3965.00 0.10
3966.00 0.29
3967.00 0.29
3968.00 0.06
3969.00 0.29
3970.00 0.17
3971.00 0.41
3972.00 0.41
3973.00 0.41
3974.00 0.48
3975.00 0.15
3976.00 0.68
3977.00 0.39
3978.00 0.07
3979.00 0.10
3980.00 0.20
3981.00 0.04
3982.00 0.23
3983.00 0.22
3984.00 0.12
3985.00 0.28
3986.00 0.46
3987.00 0.02
3988.00 0.16
3989.00 0.43
3990.00 0.40
3991.00 0.35
3992.00 0.34
3993.00 0.44
3994.00 0.10
3995.00 0.08
3996.00 0.09
3997.00 0.13
3998.00 0.48
3999.00 0.45
4000.00 0.11
4001.00 0.15
4002.00 0.07
4003.00 0.39
4004.00 0.18
4005.00 0.16
4006.00 0.04
4007.00 0.21
4008.00 0.28
4009.00 0.32
4010.00 0.38
4011.00 0.76
4012.00 0.45
4013.00 0.79
4014.00 1.42
4015.00 nan
4016.00 nan
4017.00 nan
4018.00 nan
4019.00 nan
4020.00 nan
4021.00 nan
4022.00 nan
4023.00 nan
4024.00 nan
4025.00 nan
4026.00 nan
4027.00 nan
4028.00 nan
4029.00 nan
4030.00 nan
4031.00 nan
4032.00 nan
4033.00 nan
4034.00 nan
4035.00 nan
4036.00 nan
4037.00 nan
4038.00 nan
4039.00 nan
4040.00 nan
4041.00 nan
4042.00 nan
4043.00 nan
4044.00 nan
4045.00 nan
4046.00 nan
4047.00 nan
4048.00 nan
4049.00 nan
4050.00 nan
4051.00 nan
4052.00 nan
4053.00 nan
4054.00 nan
4055.00 nan
4056.00 nan
4057.00 nan
4058.00 nan
4059.00 nan
4060.00 nan
4061.00 nan
4062.00 nan
4063.00 nan
4064.00 nan
4065.00 nan
4066.00 nan
4067.00 nan
4068.00 nan
4069.00 nan
4070.00 nan
4071.00 nan
4072.00 nan
4073.00 nan
4074.00 nan
4075.00 nan
4076.00 nan
4077.00 nan
4078.00 nan
4079.00 nan
4080.00 nan
4081.00 nan
4082.00 nan
4083.00 nan
4084.00 nan
4085.00 nan
4086.00 nan
4087.00 nan
4088.00 nan
4089.00 nan
4090.00 0.13
4091.00 0.66
4092.00 0.10
4093.00 0.34
4094.00 0.45
4095.00 0.21
4096.00 0.24
4097.00 0.16
4098.00 0.29
4099.00 0.14
4100.00 0.25
4101.00 0.36
4102.00 0.61
4103.00 0.73
4104.00 0.25
4105.00 0.25
4106.00 0.18
4107.00 0.33
4108.00 0.17
4109.00 0.12
4110.00 0.06
4111.00 0.21
4112.00 0.16
4113.00 0.13
4114.00 0.30
4115.00 0.32
4116.00 0.33
4117.00 0.11
4118.00 0.16
4119.00 0.31
4120.00 0.51
4121.00 0.31
4122.00 0.10
4123.00 0.50
4124.00 0.35
4125.00 0.43
4126.00 0.19
4127.00 0.25
4128.00 0.23
4129.00 0.48
4130.00 0.04
4131.00 0.19
4132.00 0.08
4133.00 0.34
4134.00 0.64
4135.00 0.37
4136.00 0.05
4137.00 0.12
4138.00 0.35
4139.00 0.40
4140.00 0.14
4141.00 0.14
4142.00 0.17
4143.00 0.25
4144.00 0.18
4145.00 0.01
4146.00 0.16
4147.00 0.34
4148.00 0.84
4149.00 0.71
4150.00 1.42
4151.00 1.72
4152.00 0.69
4153.00 0.43
4154.00 0.32
4155.00 0.89
4156.00 0.48
4157.00 0.34
4158.00 1.16
4159.00 0.63
4160.00 0.45
4161.00 0.24
4162.00 0.38
4163.00 0.44
4164.00 0.31
4165.00 1.50
4166.00 0.42
4167.00 0.37
4168.00 0.32
4169.00 0.43
4170.00 0.07
4171.00 0.07
4172.00 0.08
4173.00 0.26
4174.00 0.14
4175.00 0.15
4176.00 0.17
4177.00 0.65
4178.00 0.84
4179.00 0.81
4180.00 0.97
4181.00 0.09
4182.00 0.67
4183.00 0.22
4184.00 0.09
4185.00 0.16
4186.00 0.24
4187.00 0.67
4188.00 1.60
4189.00 1.95
4190.00 0.53
4191.00 0.79
4192.00 0.44
4193.00 0.93
4194.00 0.18
4195.00 0.43
4196.00 0.48
4197.00 0.33
4198.00 0.41
4199.00 0.13
4200.00 0.30
4201.00 0.16
4202.00 0.04
4203.00 0.13
4204.00 0.18
4205.00 0.13
4206.00 0.07
4207.00 0.13
4208.00 0.39
4209.00 0.43
4210.00 0.57
4211.00 0.51
4212.00 0.91
4213.00 0.81
4214.00 0.79
4215.00 0.60
4216.00 0.12
4217.00 0.14
4218.00 0.63
4219.00 0.19
4220.00 0.55
4221.00 1.49
4222.00 0.70
4223.00 0.32
4224.00 0.20
4225.00 0.41
4226.00 0.19
4227.00 0.52
4228.00 0.50
4229.00 0.13
4230.00 0.14
4231.00 0.13
4232.00 0.57
4233.00 0.13
4234.00 0.03
4235.00 0.16
4236.00 0.27
4237.00 0.43
4238.00 0.56
4239.00 0.88
4240.00 0.44
4241.00 1.20
4242.00 0.38
4243.00 0.30
4244.00 0.26
4245.00 0.18
4246.00 0.29
4247.00 0.57
4248.00 0.71
4249.00 0.95
4250.00 0.19
4251.00 0.19
4252.00 0.39
4253.00 0.52
4254.00 0.16
4255.00 0.30
4256.00 0.47
4257.00 0.33
4258.00 0.10
4259.00 0.14
4260.00 0.04
4261.00 0.05
4262.00 0.30
4263.00 0.13
4264.00 0.03
4265.00 0.08
4266.00 0.15
4267.00 0.09
4268.00 0.21
4269.00 0.05
4270.00 0.29
4271.00 0.13
4272.00 0.72
4273.00 0.27
4274.00 0.47
4275.00 0.30
4276.00 0.16
4277.00 0.61
4278.00 1.04
4279.00 1.16
4280.00 0.86
4281.00 2.18
4282.00 0.78
4283.00 0.90
4284.00 0.57
4285.00 0.02
4286.00 0.15
4287.00 0.07
4288.00 0.17
4289.00 0.07
4290.00 0.11
4291.00 0.20
4292.00 0.49
4293.00 0.07
4294.00 0.11
4295.00 0.23
4296.00 0.39
4297.00 1.62
4298.00 1.04
4299.00 0.99
4300.00 0.53
4301.00 0.51
4302.00 nan
4303.00 nan
4304.00 nan
4305.00 nan
4306.00 nan
4307.00 nan
4308.00 nan
4309.00 nan
4310.00 nan
4311.00 nan
4312.00 nan
4313.00 nan
4314.00 nan
4315.00 nan
4316.00 nan
4317.00 nan
4318.00 nan
4319.00 nan
4320.00 nan
4321.00 nan
4322.00 nan
4323.00 nan
4324.00 nan
4325.00 nan
4326.00 nan
4327.00 nan
4328.00 nan
4329.00 nan
4330.00 nan
4331.00 nan
4332.00 nan
4333.00 nan
4334.00 nan
4335.00 nan
4336.00 nan
4337.00 nan
4338.00 nan
4339.00 nan
4340.00 nan
4341.00 nan
4342.00 nan
4343.00 nan
4344.00 nan
4345.00 nan
4346.00 nan
4347.00 nan
4348.00 nan
4349.00 nan
4350.00 nan
4351.00 nan
4352.00 0.15
4353.00 0.21
4354.00 0.10
4355.00 0.21
4356.00 0.07
4357.00 0.11
4358.00 0.31
4359.00 0.66
4360.00 0.08
4361.00 0.80
4362.00 1.09
4363.00 0.89
4364.00 1.83
4365.00 1.25
4366.00 0.57
4367.00 0.30
4368.00 0.47
4369.00 0.15
4370.00 0.58
4371.00 0.47
4372.00 0.32
4373.00 0.19
4374.00 0.30
4375.00 0.22
4376.00 0.06
4377.00 0.19
4378.00 0.04
4379.00 0.39
4380.00 0.29
4381.00 0.17
4382.00 0.43
4383.00 0.37
4384.00 0.14
4385.00 0.16
4386.00 0.08
4387.00 0.30
4388.00 0.36
4389.00 0.40
4390.00 0.69
4391.00 0.18
4392.00 0.18
4393.00 0.07
4394.00 0.10
4395.00 0.15
4396.00 0.12
4397.00 0.09
4398.00 0.06
4399.00 0.12
4400.00 0.20
4401.00 0.50
4402.00 0.37
4403.00 0.34
4404.00 0.27
4405.00 0.29
4406.00 0.09
4407.00 0.42
4408.00 0.75
4409.00 1.80
4410.00 0.40
4411.00 1.29
4412.00 3.01
4413.00 6.04
4414.00 0.72
4415.00 3.00
4416.00 0.27
4417.00 0.22
4418.00 0.86
4419.00 1.06
4420.00 0.39
4421.00 1.05
4422.00 0.16
4423.00 0.02
4424.00 0.19
4425.00 0.52
4426.00 0.91
4427.00 0.75
4428.00 0.69
4429.00 1.11
4430.00 0.67
4431.00 0.31
4432.00 0.31
4433.00 0.22
4434.00 0.12
4435.00 0.25
4436.00 0.34
4437.00 0.04
4438.00 0.10
4439.00 0.20
4440.00 0.27
4441.00 0.58
4442.00 0.35
4443.00 0.52
4444.00 0.70
4445.00 0.29
4446.00 0.13
4447.00 0.19
4448.00 0.10
4449.00 0.34
4450.00 0.66
4451.00 0.57
4452.00 0.32
4453.00 0.10
4454.00 0.18
4455.00 0.24
4456.00 0.13
4457.00 0.52
4458.00 0.40
4459.00 0.15
4460.00 0.41
4461.00 0.27
4462.00 0.25
4463.00 0.32
4464.00 0.33
4465.00 0.40
4466.00 0.23
4467.00 0.43
4468.00 0.45
4469.00 0.34
4470.00 0.02
4471.00 0.06
4472.00 0.30
4473.00 0.31
4474.00 0.17
4475.00 0.36
4476.00 0.28
4477.00 2.34
4478.00 1.62
4479.00 1.20
4480.00 1.35
4481.00 0.95
4482.00 0.36
4483.00 0.63
4484.00 0.57
4485.00 1.04
4486.00 0.53
4487.00 0.44
4488.00 0.23
4489.00 0.19
4490.00 0.23
4491.00 0.03
4492.00 0.06
4493.00 0.04
4494.00 0.10
4495.00 0.04
4496.00 0.07
4497.00 0.21
4498.00 0.27
4499.00 0.16
4500.00 0.39
4501.00 0.53
4502.00 0.28
4503.00 0.53
4504.00 0.10
4505.00 0.25
4506.00 0.15
4507.00 0.38
4508.00 0.10
4509.00 0.17
4510.00 0.09
4511.00 0.20
4512.00 0.18
4513.00 0.20
4514.00 0.46
4515.00 0.36
4516.00 0.52
4517.00 0.63
4518.00 0.39
4519.00 0.28
4520.00 0.29
4521.00 0.26
4522.00 0.39
4523.00 0.21
4524.00 0.50
4525.00 0.04
4526.00 0.18
4527.00 0.25
4528.00 0.08
4529.00 0.09
4530.00 0.22
4531.00 0.52
4532.00 0.54
4533.00 0.80
4534.00 0.55
4535.00 0.81
4536.00 0.30
4537.00 0.74
4538.00 1.00
4539.00 0.47
4540.00 0.40
4541.00 0.80
4542.00 1.75
4543.00 0.04
4544.00 0.75
4545.00 0.26
4546.00 0.40
4547.00 0.64
4548.00 0.55
4549.00 0.16
4550.00 0.15
4551.00 0.05
4552.00 0.14
4553.00 0.13
4554.00 0.22
4555.00 0.23
4556.00 0.08
4557.00 0.54
4558.00 0.85
4559.00 0.98
4560.00 1.33
4561.00 nan
4562.00 nan
4563.00 nan
4564.00 nan
4565.00 nan
4566.00 nan
4567.00 nan
4568.00 nan
4569.00 nan
4570.00 nan
4571.00 nan
4572.00 nan
4573.00 nan
4574.00 nan
4575.00 nan
4576.00 nan
4577.00 nan
4578.00 nan
4579.00 nan
4580.00 nan
4581.00 nan
4582.00 nan
4583.00 nan
4584.00 nan
4585.00 nan
4586.00 nan
4587.00 nan
4588.00 nan
4589.00 nan
4590.00 nan
4591.00 nan
4592.00 nan
4593.00 nan
4594.00 1.85
4595.00 1.17
4596.00 1.75
4597.00 2.29
4598.00 0.95
4599.00 0.93
4600.00 0.62
4601.00 0.43
4602.00 0.09
4603.00 1.77
4604.00 0.89
4605.00 1.20
4606.00 1.99
4607.00 0.65
4608.00 0.12
4609.00 0.03
4610.00 0.38
4611.00 0.29
4612.00 0.26
4613.00 0.27
4614.00 0.49
4615.00 0.18
4616.00 0.08
4617.00 0.22
4618.00 0.18
4619.00 0.04
4620.00 0.02
4621.00 0.78
4622.00 0.19
4623.00 0.42
4624.00 0.19
4625.00 0.65
4626.00 0.17
4627.00 0.14
4628.00 0.12
4629.00 0.13
4630.00 0.05
4631.00 0.43
4632.00 0.42
4633.00 0.26
4634.00 0.25
4635.00 0.34
4636.00 0.33
4637.00 0.39
4638.00 0.31
4639.00 0.08
4640.00 0.27
4641.00 0.49
4642.00 0.17
4643.00 0.04
4644.00 0.33
4645.00 0.16
4646.00 0.39
4647.00 0.19
4648.00 0.07
4649.00 0.06
4650.00 0.35
4651.00 0.05
4652.00 0.11
4653.00 0.09
4654.00 0.01
4655.00 0.04
4656.00 0.09
4657.00 0.03
4658.00 0.03
4659.00 0.12
4660.00 0.03
4661.00 0.34
4662.00 0.13
4663.00 0.27
4664.00 0.26
4665.00 0.40
4666.00 0.16
4667.00 0.24
4668.00 0.15
4669.00 0.21
4670.00 0.17
4671.00 0.25
4672.00 0.06
4673.00 0.41
4674.00 0.83
4675.00 1.08
4676.00 7.71
4677.00 2.23
4678.00 2.07
4679.00 1.98
4680.00 0.80
4681.00 2.47
4682.00 1.74
4683.00 0.37
4684.00 0.91
4685.00 0.75
4686.00 0.73
4687.00 0.57
4688.00 0.88
4689.00 0.07
4690.00 0.38
4691.00 0.24
4692.00 0.41
4693.00 0.34
4694.00 0.93
4695.00 0.50
4696.00 0.32
4697.00 0.37
4698.00 0.08
4699.00 0.41
4700.00 0.17
4701.00 0.29
4702.00 0.91
4703.00 0.56
4704.00 1.23
4705.00 0.68
4706.00 1.56
4707.00 0.63
4708.00 0.06
4709.00 0.13
4710.00 0.60
4711.00 0.44
4712.00 0.33
4713.00 0.39
4714.00 0.39
4715.00 0.29
4716.00 0.06
4717.00 0.47
4718.00 0.80
4719.00 0.61
4720.00 0.38
4721.00 0.25
4722.00 0.22
4723.00 0.35
4724.00 0.03
4725.00 0.10
4726.00 0.11
4727.00 0.22
4728.00 0.03
4729.00 0.23
4730.00 0.17
4731.00 0.37
4732.00 0.32
4733.00 0.07
4734.00 1.22
4735.00 0.72
4736.00 0.80
4737.00 0.91
4738.00 0.75
4739.00 0.37
4740.00 0.18
4741.00 0.13
4742.00 0.23
4743.00 0.11
4744.00 0.07
4745.00 0.07
4746.00 0.01
4747.00 0.23
4748.00 0.13
4749.00 0.10
4750.00 0.31
4751.00 0.13
4752.00 0.24
4753.00 0.26
4754.00 0.38
4755.00 1.26
4756.00 1.33
4757.00 1.10
4758.00 0.85
4759.00 0.82
4760.00 0.06
4761.00 0.24
4762.00 0.62
4763.00 0.45
4764.00 1.00
4765.00 0.25
4766.00 0.18
4767.00 0.38
4768.00 0.23
4769.00 0.72
4770.00 0.11
4771.00 0.12
4772.00 0.90
4773.00 0.91
4774.00 0.19
4775.00 0.44
4776.00 0.33
4777.00 0.34
4778.00 0.16
4779.00 0.30
4780.00 0.39
4781.00 0.71
4782.00 0.55
4783.00 1.25
4784.00 0.67
4785.00 0.47
4786.00 1.05
4787.00 1.10
4788.00 1.46
4789.00 1.39
4790.00 0.21
4791.00 0.24
4792.00 0.10
4793.00 0.23
4794.00 0.06
4795.00 0.22
4796.00 0.08
4797.00 0.25
4798.00 0.21
4799.00 0.08
4800.00 0.08
4801.00 0.15
4802.00 0.16
4803.00 0.17
4804.00 0.03
4805.00 0.28
4806.00 0.05
4807.00 0.12
4808.00 0.12
4809.00 0.25
4810.00 0.16
4811.00 0.14
4812.00 0.32
4813.00 0.08
4814.00 0.03
4815.00 0.13
4816.00 0.33
4817.00 0.12
4818.00 0.07
4819.00 0.25
4820.00 0.20
4821.00 0.18
4822.00 0.19
4823.00 0.23
4824.00 0.33
4825.00 0.12
4826.00 0.05
4827.00 0.05
4828.00 0.17
4829.00 0.06
4830.00 0.22
4831.00 0.03
4832.00 0.09
4833.00 0.73
4834.00 0.28
4835.00 0.80
4836.00 0.77
4837.00 0.82
4838.00 0.49
4839.00 0.88
4840.00 0.52
4841.00 0.07
4842.00 0.28
4843.00 0.08
4844.00 0.11
4845.00 0.50
4846.00 0.40
4847.00 0.08
4848.00 0.04
4849.00 0.19
4850.00 0.41
4851.00 0.25
4852.00 0.86
4853.00 1.07
4854.00 1.09
4855.00 0.62
4856.00 0.63
4857.00 1.21
4858.00 1.46
4859.00 0.60
4860.00 0.57
4861.00 0.55
4862.00 3.42
4863.00 0.08
4864.00 1.10
4865.00 2.32
4866.00 1.57
4867.00 0.38
4868.00 0.62
4869.00 0.70
4870.00 0.75
4871.00 0.86
4872.00 1.15
4873.00 0.10
4874.00 0.04
4875.00 0.21
4876.00 0.13
4877.00 0.08
4878.00 0.04
4879.00 0.13
4880.00 0.12
4881.00 0.10
4882.00 0.15
4883.00 0.03
4884.00 0.19
4885.00 0.14
4886.00 0.07
4887.00 0.19
4888.00 0.12
4889.00 0.05
4890.00 0.22
4891.00 0.13
4892.00 0.05
4893.00 0.13
4894.00 0.14
4895.00 0.11
4896.00 0.08
4897.00 0.19
4898.00 0.23
4899.00 0.14
4900.00 0.23
4901.00 0.23
4902.00 0.42
4903.00 0.11
4904.00 0.16
4905.00 0.31
4906.00 0.25
4907.00 0.35
4908.00 0.14
4909.00 0.45
4910.00 0.49
4911.00 0.06
4912.00 0.17
4913.00 0.19
4914.00 0.20
4915.00 0.36
4916.00 0.50
4917.00 0.41
4918.00 0.27
4919.00 0.31
4920.00 0.53
4921.00 0.11
4922.00 0.21
4923.00 0.35
4924.00 0.17
4925.00 0.12
4926.00 0.29
4927.00 0.50
4928.00 0.33
4929.00 0.19
4930.00 0.12
4931.00 0.37
4932.00 0.18
4933.00 0.20
4934.00 0.08
4935.00 0.17
4936.00 0.26
4937.00 0.32
4938.00 0.16
4939.00 0.10
4940.00 0.14
4941.00 0.07
4942.00 0.31
4943.00 0.23
4944.00 0.12
4945.00 0.33
4946.00 0.47
4947.00 0.26
4948.00 0.19
4949.00 0.26
4950.00 0.48
4951.00 0.65
4952.00 1.13
4953.00 1.20
4954.00 0.69
4955.00 0.25
4956.00 1.56
4957.00 2.03
4958.00 0.57
4959.00 3.29
4960.00 0.56
4961.00 0.21
4962.00 0.53
4963.00 0.56
4964.00 0.64
4965.00 0.60
4966.00 0.23
4967.00 0.13
4968.00 0.08
4969.00 0.10
4970.00 0.24
4971.00 0.13
4972.00 0.37
4973.00 0.15
4974.00 0.07
4975.00 0.08
4976.00 0.36
4977.00 0.57
4978.00 0.20
4979.00 0.12
4980.00 0.32
4981.00 0.09
4982.00 0.10
4983.00 0.17
4984.00 0.51
4985.00 0.54
4986.00 0.82
4987.00 0.49
4988.00 0.41
4989.00 0.40
4990.00 0.13
4991.00 0.76
4992.00 1.22
4993.00 1.40
4994.00 1.24
4995.00 1.53
4996.00 0.87
4997.00 0.50
4998.00 0.19
4999.00 0.31
5000.00 0.37
5001.00 0.26
5002.00 0.82
5003.00 0.26
5004.00 0.61
5005.00 0.10
5006.00 0.35
5007.00 0.08
5008.00 0.21
5009.00 0.09
5010.00 0.22
5011.00 0.46
5012.00 0.16
5013.00 0.11
5014.00 0.45
5015.00 0.40
5016.00 0.14
5017.00 0.13
5018.00 0.09
5019.00 0.09
5020.00 0.25
5021.00 0.65
5022.00 0.40
5023.00 0.69
5024.00 0.91
5025.00 0.70
5026.00 0.15
5027.00 0.09
5028.00 0.17
5029.00 0.07
5030.00 0.10
5031.00 0.20
5032.00 0.31
5033.00 0.09
5034.00 0.59
5035.00 0.11
5036.00 0.27
5037.00 0.25
5038.00 0.25
5039.00 0.29
5040.00 0.26
5041.00 0.15
5042.00 0.08
5043.00 0.40
5044.00 0.94
5045.00 0.34
5046.00 0.03
5047.00 1.12
5048.00 0.22
5049.00 0.23
5050.00 0.78
5051.00 1.31
5052.00 0.66
5053.00 2.26
5054.00 1.25
5055.00 0.95
5056.00 0.06
5057.00 0.84
5058.00 0.30
5059.00 0.23
5060.00 0.37
5061.00 0.20
5062.00 0.42
5063.00 0.26
5064.00 0.30
5065.00 0.11
5066.00 0.33
5067.00 0.15
5068.00 0.12
5069.00 0.07
5070.00 0.09
5071.00 0.15
5072.00 0.35
5073.00 0.26
5074.00 0.88
5075.00 2.81
5076.00 nan
5077.00 nan
5078.00 nan
5079.00 nan
5080.00 nan
5081.00 nan
5082.00 nan
5083.00 nan
5084.00 nan
5085.00 nan
5086.00 nan
5087.00 nan
5088.00 nan
5089.00 nan
5090.00 nan
5091.00 nan
5092.00 nan
5093.00 nan
5094.00 nan
5095.00 nan
5096.00 nan
5097.00 nan
5098.00 nan
5099.00 nan
5100.00 nan
5101.00 nan
5102.00 nan
5103.00 nan
5104.00 nan
5105.00 nan
5106.00 nan
5107.00 nan
5108.00 nan
5109.00 nan
5110.00 nan
5111.00 nan
5112.00 nan
5113.00 nan
5114.00 nan
5115.00 nan
5116.00 nan
5117.00 nan
5118.00 nan
5119.00 nan
5120.00 nan
5121.00 0.01
5122.00 4.36
5123.00 0.59
5124.00 0.30
5125.00 0.85
5126.00 0.58
5127.00 0.87
5128.00 0.59
5129.00 0.82
5130.00 1.39
5131.00 0.86
5132.00 0.73
5133.00 0.17
5134.00 0.19
5135.00 0.05
5136.00 0.23
5137.00 0.31
5138.00 0.09
5139.00 0.03
5140.00 0.17
5141.00 0.19
5142.00 0.46
5143.00 0.71
5144.00 0.69
5145.00 0.14
5146.00 0.14
5147.00 0.21
5148.00 0.13
5149.00 0.35
5150.00 0.14
5151.00 0.18
5152.00 0.33
5153.00 0.46
5154.00 0.84
5155.00 0.73
5156.00 0.28
5157.00 0.13
5158.00 0.23
5159.00 0.20
5160.00 0.19
5161.00 0.20
5162.00 0.23
5163.00 0.35
5164.00 0.22
5165.00 0.62
5166.00 0.19
5167.00 0.23
5168.00 0.76
5169.00 0.44
5170.00 0.10
5171.00 0.30
5172.00 0.06
5173.00 0.06
5174.00 0.38
5175.00 0.37
5176.00 0.10
5177.00 0.28
5178.00 0.44
5179.00 0.92
5180.00 0.33
5181.00 0.50
5182.00 0.16
5183.00 0.60
5184.00 0.28
5185.00 0.44
5186.00 0.64
5187.00 1.77
5188.00 1.40
5189.00 0.92
5190.00 2.93
5191.00 0.19
5192.00 0.54
5193.00 0.73
5194.00 0.64
5195.00 0.59
5196.00 0.36
5197.00 0.47
5198.00 0.26
5199.00 0.11
5200.00 0.25
5201.00 0.01
5202.00 0.14
5203.00 0.25
5204.00 0.09
5205.00 0.07
5206.00 0.28
5207.00 0.03
5208.00 0.28
5209.00 0.25
5210.00 0.13
5211.00 0.07
5212.00 0.13
5213.00 0.39
5214.00 0.42
5215.00 0.49
5216.00 0.51
5217.00 0.85
5218.00 nan
5219.00 nan
5220.00 nan
5221.00 nan
5222.00 nan
5223.00 nan
5224.00 nan
5225.00 nan
5226.00 nan
5227.00 nan
5228.00 nan
5229.00 nan
5230.00 nan
5231.00 nan
5232.00 nan
5233.00 nan
5234.00 nan
5235.00 nan
5236.00 nan
5237.00 nan
5238.00 nan
5239.00 nan
5240.00 nan
5241.00 nan
5242.00 nan
5243.00 nan
5244.00 nan
5245.00 nan
5246.00 1.52
5247.00 0.67
5248.00 0.11
5249.00 0.21
5250.00 1.54
5251.00 2.47
5252.00 0.62
5253.00 0.20
5254.00 0.61
5255.00 2.16
5256.00 0.39
5257.00 1.30
5258.00 0.93
5259.00 1.27
5260.00 0.92
5261.00 0.56
5262.00 0.12
5263.00 0.09
5264.00 0.11
5265.00 0.46
5266.00 0.44
5267.00 0.31
5268.00 0.21
5269.00 0.09
5270.00 0.23
5271.00 0.07
5272.00 0.07
5273.00 0.35
5274.00 0.15
5275.00 0.40
5276.00 0.08
5277.00 0.25
5278.00 0.18
5279.00 0.14
5280.00 0.54
5281.00 0.55
5282.00 0.30
5283.00 0.13
5284.00 0.21
5285.00 0.05
5286.00 0.12
5287.00 0.08
5288.00 0.17
5289.00 0.51
5290.00 0.68
5291.00 0.68
5292.00 0.16
5293.00 0.05
5294.00 0.21
5295.00 0.05
5296.00 0.10
5297.00 0.09
5298.00 0.23
5299.00 0.17
5300.00 0.25
5301.00 0.06
5302.00 0.25
5303.00 0.14
5304.00 0.17
5305.00 0.08
5306.00 0.03
5307.00 0.13
5308.00 0.23
5309.00 0.12
5310.00 0.36
5311.00 0.27
5312.00 0.29
5313.00 0.24
5314.00 0.20
5315.00 0.32
5316.00 1.26
5317.00 2.92
5318.00 3.61
5319.00 0.13
5320.00 0.37
5321.00 6.38
5322.00 0.94
5323.00 0.85
5324.00 2.72
5325.00 1.89
5326.00 0.93
5327.00 0.55
5328.00 1.14
5329.00 0.64
5330.00 0.70
5331.00 0.37
5332.00 0.09
5333.00 0.10
5334.00 0.33
5335.00 1.24
5336.00 0.84
5337.00 0.53
5338.00 0.24
5339.00 0.41
5340.00 0.38
5341.00 0.32
5342.00 0.14
5343.00 0.38
5344.00 0.08
5345.00 0.18
5346.00 0.12
5347.00 0.39
5348.00 0.24
5349.00 0.07
5350.00 0.27
5351.00 0.07
5352.00 0.08
5353.00 0.30
5354.00 0.04
5355.00 0.22
5356.00 0.15
5357.00 0.19
5358.00 0.63
5359.00 0.12
5360.00 0.19
5361.00 0.49
5362.00 0.12
5363.00 0.02
5364.00 0.24
5365.00 0.36
5366.00 0.24
5367.00 0.30
5368.00 0.09
5369.00 0.16
5370.00 0.08
5371.00 0.16
5372.00 0.62
5373.00 0.55
5374.00 0.22
5375.00 0.24
5376.00 0.55
5377.00 1.43
5378.00 3.66
5379.00 4.95
5380.00 1.32
5381.00 1.12
5382.00 0.67
5383.00 2.10
5384.00 1.87
5385.00 0.75
5386.00 2.14
5387.00 2.02
5388.00 0.74
5389.00 1.24
5390.00 1.68
5391.00 1.39
5392.00 0.38
5393.00 0.33
5394.00 0.06
5395.00 0.18
5396.00 0.22
5397.00 0.79
5398.00 0.63
5399.00 0.24
5400.00 0.05
5401.00 0.08
5402.00 0.21
5403.00 0.15
5404.00 0.09
5405.00 0.62
5406.00 0.82
5407.00 0.31
5408.00 0.14
5409.00 0.26
5410.00 0.17
5411.00 0.30
5412.00 0.39
5413.00 0.05
5414.00 0.28
5415.00 0.19
5416.00 0.05
5417.00 0.04
5418.00 0.00
5419.00 0.09
5420.00 0.15
5421.00 0.39
5422.00 0.37
5423.00 0.22
5424.00 0.14
5425.00 0.07
5426.00 0.31
5427.00 0.32
5428.00 0.19
5429.00 0.14
5430.00 0.27
5431.00 0.09
5432.00 0.14
5433.00 0.33
5434.00 0.22
5435.00 0.32
5436.00 0.06
5437.00 0.01
5438.00 0.07
5439.00 0.17
5440.00 0.11
5441.00 0.11
5442.00 0.08
5443.00 0.29
5444.00 0.18
5445.00 0.13
5446.00 0.11
5447.00 0.04
5448.00 0.21
5449.00 0.11
5450.00 0.18
5451.00 0.05
5452.00 0.10
5453.00 0.06
5454.00 0.14
5455.00 0.19
5456.00 0.32
5457.00 0.26
5458.00 0.20
5459.00 0.09
5460.00 0.22
5461.00 0.13
5462.00 0.13
5463.00 0.10
5464.00 0.17
5465.00 0.10
5466.00 0.28
5467.00 0.17
5468.00 0.08
5469.00 0.11
5470.00 0.43
5471.00 0.21
5472.00 0.19
5473.00 0.15
5474.00 0.15
5475.00 0.04
5476.00 0.16
5477.00 0.28
5478.00 0.11
5479.00 0.21
5480.00 0.12
5481.00 0.07
5482.00 0.08
5483.00 0.28
5484.00 0.28
5485.00 0.15
5486.00 0.12
5487.00 0.39
5488.00 0.05
5489.00 0.25
5490.00 0.12
5491.00 0.19
5492.00 0.37
5493.00 0.57
5494.00 0.02
5495.00 0.26
5496.00 0.38
5497.00 0.14
5498.00 0.33
5499.00 0.44
5500.00 0.17
5501.00 0.19
5502.00 0.18
5503.00 0.24
5504.00 0.10
5505.00 0.19
5506.00 0.11
5507.00 0.12
5508.00 0.06
5509.00 0.13
5510.00 0.21
5511.00 0.14
5512.00 0.07
5513.00 0.20
5514.00 0.29
5515.00 0.36
5516.00 0.10
5517.00 0.24
5518.00 0.10
5519.00 0.12
5520.00 0.46
5521.00 0.24
5522.00 0.01
5523.00 0.24
5524.00 0.31
5525.00 0.10
5526.00 0.19
5527.00 0.09
5528.00 0.28
5529.00 0.23
5530.00 0.10
5531.00 0.47
5532.00 0.29
5533.00 0.12
5534.00 0.03
5535.00 0.10
5536.00 0.04
5537.00 0.21
5538.00 0.31
5539.00 0.11
5540.00 0.04
5541.00 0.07
5542.00 0.10
5543.00 0.31
5544.00 0.32
5545.00 0.05
5546.00 0.18
5547.00 0.08
5548.00 0.31
5549.00 0.12
5550.00 0.32
5551.00 0.02
5552.00 0.16
5553.00 0.04
5554.00 0.13
5555.00 0.15
5556.00 0.34
5557.00 0.04
5558.00 0.13
5559.00 0.21
5560.00 0.55
5561.00 0.27
5562.00 0.12
5563.00 0.38
5564.00 0.45
5565.00 0.35
5566.00 0.04
5567.00 0.01
5568.00 0.04
5569.00 0.16
5570.00 0.04
5571.00 0.10
5572.00 0.04
5573.00 0.10
5574.00 0.09
5575.00 0.11
5576.00 0.28
5577.00 0.13
5578.00 0.15
5579.00 0.08
5580.00 0.17
5581.00 0.13
5582.00 0.08
5583.00 0.24
5584.00 0.27
5585.00 0.19
5586.00 0.10
5587.00 0.07
5588.00 0.10
5589.00 0.12
5590.00 0.23
5591.00 0.03
5592.00 0.22
5593.00 0.47
5594.00 0.12
5595.00 0.06
5596.00 0.20
5597.00 0.09
5598.00 0.15
5599.00 0.12
5600.00 0.35
5601.00 0.17
5602.00 0.03
5603.00 0.10
5604.00 0.17
5605.00 0.13
5606.00 0.07
5607.00 0.06
5608.00 0.17
5609.00 0.10
5610.00 0.20
5611.00 0.22
5612.00 0.13
5613.00 0.16
5614.00 0.22
5615.00 0.14
5616.00 0.44
5617.00 0.10
5618.00 0.05
5619.00 0.18
5620.00 0.21
5621.00 0.08
5622.00 0.22
5623.00 0.11
5624.00 0.27
5625.00 0.09
5626.00 0.18
5627.00 0.10
5628.00 0.11
5629.00 0.13
5630.00 0.10
5631.00 0.36
5632.00 0.11
5633.00 0.19
5634.00 0.20
5635.00 0.07
5636.00 0.20
5637.00 0.15
5638.00 0.01
5639.00 0.27
5640.00 0.20
5641.00 0.11
5642.00 0.09
5643.00 0.24
5644.00 0.27
5645.00 0.05
5646.00 0.17
5647.00 0.08
5648.00 0.23
5649.00 0.03
5650.00 0.16
5651.00 0.03
5652.00 0.35
5653.00 0.16
5654.00 0.07
5655.00 0.15
5656.00 0.15
5657.00 0.26
5658.00 0.18
5659.00 0.06
5660.00 0.18
5661.00 0.35
5662.00 0.41
5663.00 0.93
5664.00 0.50
5665.00 1.70
5666.00 6.51
5667.00 4.43
5668.00 1.82
5669.00 nan
5670.00 nan
5671.00 nan
5672.00 nan
5673.00 nan
5674.00 nan
5675.00 nan
5676.00 nan
5677.00 nan
5678.00 nan
5679.00 nan
5680.00 nan
5681.00 nan
5682.00 nan
5683.00 nan
5684.00 nan
5685.00 nan
5686.00 nan
5687.00 nan
5688.00 nan
5689.00 nan
5690.00 nan
5691.00 nan
5692.00 nan
5693.00 nan
5694.00 nan
5695.00 nan
5696.00 nan
5697.00 nan
5698.00 nan
5699.00 nan
5700.00 nan
5701.00 nan
5702.00 nan
5703.00 nan
5704.00 nan
5705.00 nan
5706.00 nan
5707.00 nan
5708.00 nan
5709.00 nan
5710.00 nan
5711.00 nan
5712.00 nan
5713.00 nan
5714.00 nan
5715.00 nan
5716.00 nan
5717.00 nan
5718.00 nan
5719.00 nan
5720.00 nan
5721.00 nan
5722.00 nan
5723.00 nan
5724.00 nan
5725.00 nan
5726.00 nan
5727.00 nan
5728.00 nan
5729.00 nan
5730.00 nan
5731.00 nan
5732.00 nan
5733.00 nan
5734.00 nan
5735.00 nan
5736.00 nan
5737.00 nan
5738.00 nan
5739.00 nan
5740.00 nan
5741.00 nan
5742.00 nan
5743.00 nan
5744.00 nan
5745.00 nan
5746.00 nan
5747.00 nan
5748.00 nan
5749.00 nan
5750.00 nan
5751.00 nan
5752.00 nan
5753.00 nan
5754.00 nan
5755.00 nan
5756.00 nan
5757.00 nan
5758.00 nan
5759.00 nan
5760.00 nan
5761.00 nan
5762.00 nan
5763.00 nan
5764.00 nan
5765.00 nan
5766.00 nan
5767.00 nan
5768.00 nan
5769.00 nan
5770.00 nan
5771.00 nan
5772.00 nan
5773.00 nan
5774.00 nan
5775.00 nan
5776.00 nan
5777.00 nan
5778.00 nan
5779.00 nan
5780.00 nan
5781.00 nan
5782.00 nan
5783.00 nan
5784.00 nan
5785.00 nan
5786.00 nan
5787.00 nan
5788.00 nan
5789.00 nan
5790.00 nan
5791.00 nan
5792.00 nan
5793.00 nan
5794.00 nan
5795.00 nan
5796.00 nan
5797.00 nan
5798.00 nan
5799.00 nan
5800.00 nan
5801.00 nan
5802.00 nan
5803.00 nan
5804.00 nan
5805.00 nan
5806.00 nan
5807.00 nan
5808.00 nan
5809.00 nan
5810.00 nan
5811.00 nan
5812.00 nan
5813.00 nan
5814.00 nan
5815.00 nan
5816.00 nan
5817.00 nan
5818.00 nan
5819.00 nan
5820.00 nan
5821.00 nan
5822.00 nan
5823.00 nan
5824.00 nan
5825.00 nan
5826.00 nan
5827.00 nan
5828.00 nan
5829.00 nan
5830.00 nan
5831.00 nan
5832.00 nan
5833.00 nan
5834.00 nan
5835.00 nan
5836.00 nan
5837.00 nan
5838.00 nan
5839.00 nan
5840.00 nan
5841.00 nan
5842.00 nan
5843.00 nan
5844.00 nan
5845.00 nan
5846.00 nan
5847.00 nan
5848.00 nan
5849.00 nan
5850.00 nan
5851.00 nan
5852.00 nan
5853.00 nan
5854.00 nan
5855.00 nan
5856.00 nan
5857.00 nan
5858.00 nan
5859.00 nan
5860.00 nan
5861.00 nan
5862.00 nan
5863.00 nan
5864.00 nan
5865.00 nan
5866.00 nan
5867.00 nan
5868.00 nan
5869.00 nan
5870.00 nan
5871.00 nan
5872.00 nan
5873.00 nan
5874.00 nan
5875.00 nan
5876.00 nan
5877.00 nan
5878.00 nan
5879.00 nan
5880.00 nan
5881.00 nan
5882.00 nan
5883.00 nan
5884.00 nan
5885.00 nan
5886.00 nan
5887.00 nan
5888.00 nan
5889.00 nan
5890.00 nan
5891.00 nan
5892.00 nan
5893.00 nan
5894.00 nan
5895.00 nan
5896.00 nan
5897.00 nan
5898.00 nan
5899.00 nan
5900.00 nan
5901.00 nan
5902.00 nan
5903.00 nan
5904.00 nan
5905.00 nan
5906.00 nan
5907.00 nan
5908.00 nan
5909.00 nan
5910.00 nan
5911.00 nan
5912.00 nan
5913.00 nan
5914.00 nan
5915.00 nan
5916.00 nan
5917.00 nan
5918.00 nan
5919.00 nan
5920.00 nan
5921.00 nan
5922.00 nan
5923.00 nan
5924.00 nan
5925.00 nan
5926.00 nan
5927.00 nan
5928.00 nan
5929.00 nan
5930.00 nan
5931.00 nan
5932.00 nan
5933.00 nan
5934.00 nan
5935.00 nan
5936.00 nan
5937.00 nan
5938.00 nan
5939.00 nan
5940.00 nan
5941.00 nan
5942.00 nan
5943.00 nan
5944.00 nan
5945.00 nan
5946.00 nan
5947.00 nan
5948.00 nan
5949.00 nan
5950.00 nan
5951.00 nan
5952.00 nan
5953.00 nan
5954.00 nan
5955.00 nan
5956.00 nan
5957.00 nan
5958.00 nan
5959.00 nan
5960.00 nan
5961.00 nan
5962.00 nan
5963.00 nan
5964.00 nan
5965.00 nan
5966.00 nan
5967.00 nan
5968.00 nan
5969.00 nan
5970.00 nan
5971.00 nan
5972.00 nan
5973.00 nan
5974.00 nan
5975.00 nan
5976.00 nan
5977.00 nan
5978.00 nan
5979.00 nan
5980.00 nan
5981.00 nan
5982.00 nan
5983.00 nan
5984.00 0.00
5985.00 0.00
5986.00 0.00
5987.00 0.00
5988.00 0.00
5989.00 0.00
5990.00 0.00
5991.00 0.00
5992.00 0.00
5993.00 0.00
5994.00 0.00
5995.00 0.00
5996.00 0.00
5997.00 0.00
5998.00 0.00
5999.00 0.00
6000.00 0.00
6001.00 0.00
6002.00 0.00
6003.00 0.00
6004.00 0.00
6005.00 0.00
6006.00 0.00
6007.00 0.00
6008.00 0.00
6009.00 0.00
6010.00 0.00
6011.00 0.00
6012.00 0.00
6013.00 0.00
6014.00 0.00
6015.00 0.00
6016.00 0.00
6017.00 0.00
6018.00 0.00
6019.00 0.00
6020.00 0.00
6021.00 0.00
6022.00 0.00
6023.00 0.00
6024.00 0.00
6025.00 0.00
6026.00 0.00
6027.00 0.00
6028.00 0.00
6029.00 0.00
6030.00 0.00
6031.00 0.00
