0.00 0.00
0.01 0.00
0.02 0.00
0.03 0.00
0.04 0.00
0.05 0.00
0.06 0.00
0.07 0.00
0.08 0.00
0.09 0.00
0.10 0.00
0.11 0.00
0.12 0.00
0.13 0.00
0.14 0.00
0.15 0.00
0.16 0.00
0.17 0.00
0.18 0.00
0.19 0.00
0.20 0.00
0.21 0.00
0.22 0.00
0.23 0.00
0.24 0.00
0.25 0.00
0.26 0.00
0.27 0.00
0.28 0.00
0.29 0.00
0.30 0.00
0.31 0.00
0.32 0.00
0.33 0.00
0.34 0.00
0.35 0.00
0.36 0.00
0.37 0.00
0.38 0.00
0.39 0.00
0.40 0.00
0.41 0.00
0.42 0.00
0.43 0.00
0.44 0.00
0.45 0.00
0.46 0.00
0.47 0.00
0.48 0.00
0.49 0.00
0.50 66.26
0.51 75.52
0.52 78.17
0.53 79.93
0.54 87.18
0.55 97.27
0.56 103.69
0.57 106.62
0.58 110.06
0.59 112.66
0.60 115.70
0.61 245.11
0.62 245.11
0.63 245.11
0.64 245.11
0.65 245.11
0.66 245.11
0.67 245.11
0.68 265.23
0.69 265.23
0.70 265.23
0.71 265.23
0.72 265.23
0.73 265.23
0.74 265.23
0.75 265.23
0.76 265.23
0.77 265.23
0.78 265.23
0.79 265.23
0.80 265.23
0.81 265.23
0.82 265.23
0.83 265.23
0.84 265.23
0.85 265.23
0.86 265.23
0.87 265.23
0.88 265.23
0.89 265.23
0.90 265.23
0.91 265.23
0.92 265.23
0.93 265.23
0.94 265.23
0.95 265.23
0.96 265.23
0.97 265.23
0.98 265.23
0.99 265.23
1.00 265.23
1.01 265.23
1.02 265.23
1.03 265.23
1.04 265.23
1.05 265.23
1.06 265.23
1.07 265.23
1.08 265.23
1.09 265.23
1.10 265.23
1.11 265.23
1.12 265.23
1.13 265.23
1.14 265.23
1.15 265.23
1.16 265.23
1.17 265.23
1.18 265.23
1.19 265.23
1.20 265.23
1.21 265.23
1.22 265.23
1.23 265.23
1.24 265.23
1.25 265.23
1.26 265.23
1.27 265.23
1.28 265.23
1.29 265.23
1.30 265.23
1.31 265.23
1.32 265.23
1.33 265.23
1.34 265.23
1.35 265.23
1.36 265.23
1.37 265.23
1.38 265.23
1.39 265.23
1.40 265.23
1.41 265.23
1.42 265.23
1.43 265.23
1.44 265.23
1.45 265.23
1.46 265.23
1.47 265.23
1.48 265.23
1.49 265.23
1.50 265.23
1.51 265.23
1.52 265.23
1.53 265.23
1.54 265.23
1.55 265.23
1.56 265.23
1.57 265.23
1.58 265.23
1.59 265.23
1.60 265.23
1.61 265.23
1.62 265.23
1.63 265.23
1.64 265.23
1.65 265.23
1.66 265.23
1.67 248.58
1.68 248.58
1.69 248.58
1.70 248.58
1.71 248.58
1.72 248.58
1.73 248.58
1.74 248.58
1.75 248.58
1.76 -1.00
1.77 -1.00
1.78 -1.00
1.79 -1.00
1.80 -1.00
1.81 -1.00
1.82 239.83
1.83 239.83
1.84 239.83
1.85 239.83
1.86 239.83
1.87 239.83
1.88 239.83
1.89 239.83
1.90 239.83
1.91 239.83
1.92 239.83
1.93 239.83
1.94 239.83
1.95 239.83
1.96 239.83
1.97 239.83
1.98 239.83
1.99 239.83
2.00 239.83
2.01 239.83
2.02 239.83
2.03 239.83
2.04 239.83
2.05 239.83
2.06 239.83
2.07 239.83
2.08 239.83
2.09 239.83
2.10 239.83
2.11 239.83
2.12 239.83
2.13 239.83
2.14 239.83
2.15 239.83
2.16 239.83
2.17 220.52
2.18 220.52
2.19 220.52
2.20 220.52
2.21 220.52
2.22 220.52
2.23 220.52
2.24 220.52
2.25 220.52
2.26 220.52
2.27 220.52
2.28 220.52
2.29 220.52
2.30 220.52
2.31 220.52
2.32 220.52
2.33 220.52
2.34 220.52
2.35 220.52
2.36 220.52
2.37 220.52
2.38 220.52
2.39 220.52
2.40 220.52
2.41 220.52
2.42 220.52
2.43 220.52
2.44 220.52
2.45 220.52
2.46 220.52
2.47 220.52
2.48 220.52
2.49 220.52
2.50 220.52
2.51 220.52
2.52 220.52
2.53 220.52
2.54 220.52
2.55 220.52
2.56 220.52
2.57 220.52
2.58 199.48
2.59 199.48
2.60 199.48
2.61 199.48
2.62 199.48
2.63 199.48
2.64 199.48
2.65 199.48
2.66 199.48
2.67 199.48
2.68 199.48
2.69 199.48
2.70 199.48
2.71 199.48
2.72 199.48
2.73 199.48
2.74 199.48
2.75 199.48
2.76 199.48
2.77 199.48
2.78 199.48
2.79 199.48
2.80 199.48
2.81 199.48
2.82 199.48
2.83 199.48
2.84 199.48
2.85 199.48
2.86 199.48
2.87 199.48
2.88 199.48
2.89 199.48
2.90 199.48
2.91 199.48
2.92 199.48
2.93 199.48
2.94 199.48
2.95 199.48
2.96 199.48
2.97 199.48
2.98 199.48
2.99 199.48
3.00 199.48
3.01 199.48
3.02 199.48
3.03 199.48
3.04 199.48
3.05 199.48
3.06 199.48
3.07 199.48
3.08 199.48
3.09 199.48
3.10 199.48
3.11 199.48
3.12 199.48
3.13 199.48
3.14 199.48
3.15 199.48
3.16 199.48
3.17 199.48
3.18 199.48
3.19 199.48
3.20 199.48
3.21 199.48
3.22 199.48
3.23 199.48
3.24 199.48
3.25 199.48
3.26 199.48
3.27 199.48
3.28 199.48
3.29 109.86
3.30 241.94
3.31 241.94
3.32 241.94
3.33 241.94
3.34 241.94
3.35 241.94
3.36 241.94
3.37 241.94
3.38 241.94
3.39 241.94
3.40 241.94
3.41 241.94
3.42 241.94
3.43 241.94
3.44 241.94
3.45 241.94
3.46 241.94
3.47 241.94
3.48 241.94
3.49 241.94
3.50 241.94
3.51 241.94
3.52 241.94
3.53 241.94
3.54 241.94
3.55 241.94
3.56 241.94
3.57 241.94
3.58 241.94
3.59 241.94
3.60 241.94
3.61 241.94
3.62 241.94
3.63 241.94
3.64 241.94
3.65 241.94
3.66 241.94
3.67 241.94
3.68 241.94
3.69 241.94
3.70 241.94
3.71 241.94
3.72 241.94
3.73 241.94
3.74 241.94
3.75 241.94
3.76 241.94
3.77 241.94
3.78 241.94
3.79 241.94
3.80 241.94
3.81 241.94
3.82 241.94
3.83 241.94
3.84 241.94
3.85 241.94
3.86 241.94
3.87 241.94
3.88 241.94
3.89 241.94
3.90 241.94
3.91 241.94
3.92 241.94
3.93 241.94
3.94 241.94
3.95 241.94
3.96 241.94
3.97 241.94
3.98 241.94
3.99 241.94
4.00 241.94
4.01 241.94
4.02 241.94
4.03 241.94
4.04 241.94
4.05 241.94
4.06 241.94
4.07 241.94
4.08 241.94
4.09 241.94
4.10 241.94
4.11 241.94
4.12 241.94
4.13 241.94
4.14 241.94
4.15 241.94
4.16 241.94
4.17 241.94
4.18 241.94
4.19 241.94
4.20 241.94
4.21 241.94
4.22 241.94
4.23 241.94
4.24 241.94
4.25 241.94
4.26 241.94
4.27 241.94
4.28 241.94
4.29 241.94
4.30 241.94
4.31 241.94
4.32 241.94
4.33 241.94
4.34 241.94
4.35 241.94
4.36 241.94
4.37 241.94
4.38 241.94
4.39 241.94
4.40 241.94
4.41 241.94
4.42 241.94
4.43 241.94
4.44 241.94
4.45 241.94
4.46 241.94
4.47 241.94
4.48 241.94
4.49 241.94
4.50 241.94
4.51 241.94
4.52 241.94
4.53 241.94
4.54 241.94
4.55 241.94
4.56 241.94
4.57 241.94
4.58 241.94
4.59 241.94
4.60 241.94
4.61 241.94
4.62 241.94
4.63 241.94
4.64 241.94
4.65 241.94
4.66 241.94
4.67 241.94
4.68 241.94
4.69 241.94
4.70 241.94
4.71 241.94
4.72 241.94
4.73 241.94
4.74 112.56
4.75 109.56
4.76 103.58
4.77 95.38
4.78 91.86
4.79 83.25
4.80 80.86
4.81 80.39
4.82 0.00
4.83 0.00
4.84 0.00
4.85 0.00
4.86 0.00
4.87 0.00
4.88 0.00
4.89 0.00
4.90 0.00
4.91 0.00
4.92 0.00
4.93 0.00
4.94 0.00
4.95 0.00
4.96 0.00
4.97 0.00
4.98 0.00
4.99 0.00
5.00 0.00
5.01 0.00
5.02 0.00
5.03 0.00
5.04 0.00
5.05 237.57
5.06 237.57
5.07 237.57
5.08 237.57
5.09 237.57
5.10 237.57
5.11 237.57
5.12 237.57
5.13 237.57
5.14 237.57
5.15 237.57
5.16 237.57
5.17 237.57
5.18 237.57
5.19 237.57
5.20 237.57
5.21 237.57
5.22 237.57
5.23 237.57
5.24 237.57
5.25 237.57
5.26 237.57
5.27 237.57
5.28 237.57
5.29 237.57
5.30 237.57
5.31 237.57
5.32 237.57
5.33 237.57
5.34 237.57
5.35 237.57
5.36 237.57
5.37 237.57
5.38 237.57
5.39 237.57
5.40 237.57
5.41 237.57
5.42 237.57
5.43 237.57
5.44 237.57
5.45 237.57
5.46 237.57
5.47 237.57
5.48 237.57
5.49 237.57
5.50 237.57
5.51 237.57
5.52 237.57
5.53 237.57
5.54 237.57
5.55 237.57
5.56 237.57
5.57 237.57
5.58 237.57
5.59 219.46
5.60 219.46
5.61 219.46
5.62 219.46
5.63 219.46
5.64 219.46
5.65 219.46
5.66 219.46
5.67 219.46
5.68 219.46
5.69 219.46
5.70 219.46
5.71 219.46
5.72 219.46
5.73 219.46
5.74 219.46
5.75 219.46
5.76 219.46
5.77 219.46
5.78 219.46
5.79 219.46
5.80 219.46
5.81 219.46
5.82 219.46
5.83 219.46
5.84 219.46
5.85 219.46
5.86 219.46
5.87 219.46
5.88 219.46
5.89 219.46
5.90 219.46
5.91 219.46
5.92 219.46
5.93 219.46
5.94 219.46
5.95 219.46
5.96 219.46
5.97 219.46
5.98 219.46
5.99 219.46
6.00 219.46
6.01 219.46
6.02 219.46
6.03 219.46
6.04 219.46
6.05 219.46
6.06 219.46
6.07 219.46
6.08 219.46
6.09 219.46
6.10 219.46
6.11 219.46
6.12 219.46
6.13 219.46
6.14 219.46
6.15 219.46
6.16 219.46
6.17 219.46
6.18 219.46
6.19 219.46
6.20 219.46
6.21 219.46
6.22 219.46
6.23 219.46
6.24 219.46
6.25 219.46
6.26 219.46
6.27 219.46
6.28 219.46
6.29 219.46
6.30 219.46
6.31 219.46
6.32 219.46
6.33 219.46
6.34 219.46
6.35 219.46
6.36 219.46
6.37 219.46
6.38 219.46
6.39 219.46
6.40 219.46
6.41 219.46
6.42 219.46
6.43 219.46
6.44 219.46
6.45 219.46
6.46 219.46
6.47 219.46
6.48 219.46
6.49 219.46
6.50 219.46
6.51 219.46
6.52 219.46
6.53 219.46
6.54 219.46
6.55 219.46
6.56 219.46
6.57 219.46
6.58 219.46
6.59 219.46
6.60 219.46
6.61 219.46
6.62 219.46
6.63 219.46
6.64 219.46
6.65 219.46
6.66 219.46
6.67 219.46
6.68 219.46
6.69 219.46
6.70 219.46
6.71 219.46
6.72 219.46
6.73 219.46
6.74 219.46
6.75 219.46
6.76 219.46
6.77 219.46
6.78 219.46
6.79 219.46
6.80 219.46
6.81 219.46
6.82 219.46
6.83 219.46
6.84 219.46
6.85 219.46
6.86 219.46
6.87 219.46
6.88 219.46
6.89 219.46
6.90 219.46
6.91 219.46
6.92 219.46
6.93 219.46
6.94 219.46
6.95 219.46
6.96 219.46
6.97 219.46
6.98 219.46
6.99 219.46
7.00 219.46
7.01 219.46
7.02 219.46
7.03 219.46
7.04 219.46
7.05 219.46
7.06 219.46
7.07 219.46
7.08 219.46
7.09 219.46
7.10 219.46
7.11 219.46
7.12 219.46
7.13 219.46
7.14 219.46
7.15 219.46
7.16 219.46
7.17 219.46
7.18 219.46
7.19 90.47
7.20 87.75
7.21 0.00
7.22 0.00
7.23 0.00
7.24 0.00
7.25 0.00
7.26 0.00
7.27 0.00
7.28 0.00
7.29 0.00
7.30 207.04
7.31 207.04
7.32 207.04
7.33 207.04
7.34 207.04
7.35 207.04
7.36 207.04
7.37 207.04
7.38 107.90
7.39 234.31
7.40 234.31
7.41 234.31
7.42 234.31
7.43 234.31
7.44 234.31
7.45 234.31
7.46 234.31
7.47 234.31
7.48 234.31
7.49 234.31
7.50 234.31
7.51 234.31
7.52 234.31
7.53 234.31
7.54 234.31
7.55 234.31
7.56 234.31
7.57 234.31
7.58 234.31
7.59 234.31
7.60 234.31
7.61 234.31
7.62 234.31
7.63 234.31
7.64 234.31
7.65 234.31
7.66 234.31
7.67 234.31
7.68 234.31
7.69 234.31
7.70 234.31
7.71 234.31
7.72 234.31
7.73 234.31
7.74 234.31
7.75 234.31
7.76 234.31
7.77 234.31
7.78 234.31
7.79 234.31
7.80 234.31
7.81 234.31
7.82 234.31
7.83 234.31
7.84 234.31
7.85 234.31
7.86 234.31
7.87 234.31
7.88 234.31
7.89 234.31
7.90 234.31
7.91 234.31
7.92 234.31
7.93 234.31
7.94 234.31
7.95 234.31
7.96 234.31
7.97 234.31
7.98 234.31
7.99 234.31
8.00 234.31
8.01 234.31
8.02 234.31
8.03 234.31
8.04 234.31
8.05 234.31
8.06 234.31
8.07 234.31
8.08 0.00
8.09 0.00
8.10 0.00
8.11 0.00
8.12 0.00
8.13 0.00
8.14 0.00
8.15 0.00
8.16 0.00
8.17 0.00
8.18 0.00
8.19 0.00
8.20 0.00
8.21 0.00
8.22 0.00
8.23 0.00
8.24 0.00
8.25 0.00
8.26 0.00
8.27 0.00
8.28 0.00
8.29 0.00
8.30 0.00
8.31 0.00
8.32 0.00
8.33 0.00
8.34 0.00
8.35 0.00
8.36 0.00
8.37 0.00
8.38 0.00
8.39 0.00
8.40 0.00
8.41 0.00
8.42 0.00
8.43 0.00
8.44 0.00
8.45 0.00
8.46 0.00
8.47 0.00
8.48 0.00
8.49 229.30
8.50 229.30
8.51 229.30
8.52 229.30
8.53 229.30
8.54 229.30
8.55 229.30
8.56 229.30
8.57 229.30
8.58 229.30
8.59 229.30
8.60 229.30
8.61 229.30
8.62 229.30
8.63 229.30
8.64 229.30
8.65 229.30
8.66 229.30
8.67 229.30
8.68 229.30
8.69 229.30
8.70 229.30
8.71 229.30
8.72 229.30
8.73 229.30
8.74 229.30
8.75 229.30
8.76 229.30
8.77 229.30
8.78 107.68
8.79 104.66
8.80 102.64
8.81 99.71
8.82 191.47
8.83 191.47
8.84 191.47
8.85 191.47
8.86 191.47
8.87 191.47
8.88 191.47
8.89 191.47
8.90 191.47
8.91 191.47
8.92 191.47
8.93 191.47
8.94 191.47
8.95 211.37
8.96 211.37
8.97 211.37
8.98 211.37
8.99 211.37
9.00 211.37
9.01 211.37
9.02 231.26
9.03 231.26
9.04 231.26
9.05 231.26
9.06 231.26
9.07 231.26
9.08 231.26
9.09 231.26
9.10 231.26
9.11 231.26
9.12 231.26
9.13 231.26
9.14 231.26
9.15 231.26
9.16 231.26
9.17 231.26
9.18 231.26
9.19 231.26
9.20 231.26
9.21 231.26
9.22 231.26
9.23 231.26
9.24 231.26
9.25 231.26
9.26 231.26
9.27 231.26
9.28 231.26
9.29 231.26
9.30 231.26
9.31 231.26
9.32 231.26
9.33 231.26
9.34 231.26
9.35 231.26
9.36 231.26
9.37 231.26
9.38 231.26
9.39 231.26
9.40 231.26
9.41 231.26
9.42 231.26
9.43 231.26
9.44 231.26
9.45 231.26
9.46 231.26
9.47 231.26
9.48 231.26
9.49 231.26
9.50 231.26
9.51 231.26
9.52 231.26
9.53 231.26
9.54 231.26
9.55 231.26
9.56 231.26
9.57 231.26
9.58 231.26
9.59 231.26
9.60 231.26
9.61 231.26
9.62 231.26
9.63 231.26
9.64 231.26
9.65 231.26
9.66 231.26
9.67 231.26
9.68 231.26
9.69 231.26
9.70 231.26
9.71 231.26
9.72 231.26
9.73 231.26
9.74 231.26
9.75 231.26
9.76 231.26
9.77 231.26
9.78 231.26
9.79 231.26
9.80 231.26
9.81 231.26
9.82 231.26
9.83 231.26
9.84 231.26
9.85 231.26
9.86 231.26
9.87 231.26
9.88 231.26
9.89 231.26
9.90 231.26
9.91 231.26
9.92 231.26
9.93 231.26
9.94 231.26
9.95 231.26
9.96 231.26
9.97 231.26
9.98 231.26
9.99 231.26
10.00 231.26
10.01 231.26
10.02 231.26
10.03 231.26
10.04 231.26
10.05 231.26
10.06 231.26
10.07 231.26
10.08 231.26
10.09 231.26
10.10 231.26
10.11 231.26
10.12 231.26
10.13 231.26
10.14 231.26
10.15 231.26
10.16 231.26
10.17 231.26
10.18 231.26
10.19 231.26
10.20 231.26
10.21 231.26
10.22 231.26
10.23 231.26
10.24 231.26
10.25 231.26
10.26 231.26
10.27 231.26
10.28 231.26
10.29 231.26
10.30 231.26
10.31 231.26
10.32 231.26
10.33 231.26
10.34 231.26
10.35 231.26
10.36 231.26
10.37 231.26
10.38 231.26
10.39 231.26
10.40 231.26
10.41 231.26
10.42 231.26
10.43 231.26
10.44 231.26
10.45 231.26
10.46 231.26
10.47 231.26
10.48 231.26
10.49 231.26
10.50 231.26
10.51 231.26
10.52 231.26
10.53 231.26
10.54 231.26
10.55 231.26
10.56 231.26
10.57 231.26
10.58 231.26
10.59 231.26
10.60 231.26
10.61 231.26
10.62 231.26
10.63 231.26
10.64 231.26
10.65 231.26
10.66 231.26
10.67 231.26
10.68 231.26
10.69 231.26
10.70 231.26
10.71 231.26
10.72 231.26
10.73 231.26
10.74 231.26
10.75 231.26
10.76 231.26
10.77 107.34
10.78 206.11
10.79 206.11
10.80 206.11
10.81 206.11
10.82 206.11
10.83 206.11
10.84 206.11
10.85 206.11
10.86 206.11
10.87 206.11
10.88 215.17
10.89 215.17
10.90 215.17
10.91 215.17
10.92 215.17
10.93 215.17
10.94 215.17
10.95 215.17
10.96 215.17
10.97 215.17
10.98 215.17
10.99 215.17
11.00 215.17
11.01 215.17
11.02 215.17
11.03 215.17
11.04 215.17
11.05 215.17
11.06 215.17
11.07 215.17
11.08 215.17
11.09 215.17
11.10 215.17
11.11 215.17
11.12 215.17
11.13 215.17
11.14 215.17
11.15 215.17
11.16 215.17
11.17 215.17
11.18 215.17
11.19 215.17
11.20 215.17
11.21 215.17
11.22 215.17
11.23 215.17
11.24 215.17
11.25 215.17
11.26 215.17
11.27 215.17
11.28 215.17
11.29 215.17
11.30 215.17
11.31 215.17
11.32 215.17
11.33 215.17
11.34 220.12
11.35 220.12
11.36 220.12
11.37 220.12
11.38 220.12
11.39 220.12
11.40 220.12
11.41 220.12
11.42 220.12
11.43 220.12
11.44 220.12
11.45 220.12
11.46 220.12
11.47 220.12
11.48 220.12
11.49 220.12
11.50 220.12
11.51 220.12
11.52 220.12
11.53 220.12
11.54 220.12
11.55 220.12
11.56 220.12
11.57 220.12
11.58 220.12
11.59 220.12
11.60 220.12
11.61 220.12
11.62 220.12
11.63 220.12
11.64 220.12
11.65 220.12
11.66 220.12
11.67 220.12
11.68 220.12
11.69 220.12
11.70 220.12
11.71 220.12
11.72 220.12
11.73 220.12
11.74 99.37
11.75 95.40
11.76 181.41
11.77 181.41
11.78 181.41
11.79 181.41
11.80 181.41
11.81 181.41
11.82 181.41
11.83 181.41
11.84 181.41
11.85 181.41
11.86 181.41
11.87 181.41
11.88 181.41
11.89 181.41
11.90 181.41
11.91 181.41
11.92 181.41
11.93 181.41
11.94 181.41
11.95 181.41
11.96 181.41
11.97 181.41
11.98 181.41
11.99 181.41
12.00 181.41
12.01 181.41
12.02 181.41
12.03 181.41
12.04 181.41
12.05 181.41
12.06 181.41
12.07 181.41
12.08 181.41
12.09 181.41
12.10 181.41
12.11 181.41
12.12 181.41
12.13 181.41
12.14 181.41
12.15 181.41
12.16 181.41
12.17 181.41
12.18 181.41
12.19 181.41
12.20 181.41
12.21 181.41
12.22 181.41
12.23 181.41
12.24 181.41
12.25 181.41
12.26 181.41
12.27 181.41
12.28 181.41
12.29 181.41
12.30 181.41
12.31 181.41
12.32 181.41
12.33 181.41
12.34 181.41
12.35 181.41
12.36 181.41
12.37 181.41
12.38 181.41
12.39 181.41
12.40 181.41
12.41 181.41
12.42 181.41
12.43 181.41
12.44 181.41
12.45 181.41
12.46 181.41
12.47 181.41
12.48 181.41
12.49 181.41
12.50 181.41
12.51 181.41
12.52 181.41
12.53 181.41
12.54 181.41
12.55 181.41
12.56 181.41
12.57 181.41
12.58 181.41
12.59 181.41
12.60 181.41
12.61 181.41
12.62 181.41
12.63 181.41
12.64 181.41
12.65 181.41
12.66 181.41
12.67 181.41
12.68 181.41
12.69 181.41
12.70 181.41
12.71 181.41
12.72 181.41
12.73 181.41
12.74 181.41
12.75 181.41
12.76 181.41
12.77 181.41
12.78 181.41
12.79 181.41
12.80 181.41
12.81 181.41
12.82 181.41
12.83 181.41
12.84 181.41
12.85 181.41
12.86 181.41
12.87 181.41
12.88 181.41
12.89 181.41
12.90 181.41
12.91 181.41
12.92 181.41
12.93 181.41
12.94 181.41
12.95 181.41
12.96 181.41
12.97 181.41
12.98 181.41
12.99 181.41
13.00 181.41
13.01 181.41
13.02 181.41
13.03 181.41
13.04 181.41
13.05 181.41
13.06 181.41
13.07 181.41
13.08 0.00
13.09 0.00
13.10 0.00
13.11 0.00
13.12 0.00
13.13 0.00
13.14 0.00
13.15 0.00
13.16 0.00
13.17 0.00
13.18 0.00
13.19 0.00
13.20 0.00
13.21 0.00
13.22 0.00
13.23 0.00
13.24 0.00
13.25 0.00
13.26 72.51
13.27 73.97
13.28 75.91
13.29 79.19
13.30 82.15
13.31 84.48
13.32 87.79
13.33 91.08
13.34 93.12
13.35 197.89
13.36 197.89
13.37 197.89
13.38 197.89
13.39 197.89
13.40 197.89
13.41 197.89
13.42 219.24
13.43 219.24
13.44 219.24
13.45 219.24
13.46 219.24
13.47 219.24
13.48 219.24
13.49 219.24
13.50 219.24
13.51 219.24
13.52 219.24
13.53 219.24
13.54 219.24
13.55 219.24
13.56 219.24
13.57 219.24
13.58 219.24
13.59 219.24
13.60 219.24
13.61 219.24
13.62 219.24
13.63 219.24
13.64 219.24
13.65 219.24
13.66 219.24
13.67 219.24
13.68 219.24
13.69 219.24
13.70 219.24
13.71 219.24
13.72 219.24
13.73 219.24
13.74 219.24
13.75 219.24
13.76 219.24
13.77 219.24
13.78 219.24
13.79 219.24
13.80 219.24
13.81 219.24
13.82 219.24
13.83 219.24
13.84 219.24
13.85 219.24
13.86 219.24
13.87 219.24
13.88 219.24
13.89 219.24
13.90 219.24
13.91 219.24
13.92 204.66
13.93 204.66
13.94 204.66
13.95 204.66
13.96 204.66
13.97 204.66
13.98 204.66
13.99 204.66
14.00 204.66
14.01 204.66
14.02 204.66
14.03 204.66
14.04 204.66
14.05 204.66
14.06 204.66
14.07 204.66
14.08 204.66
14.09 204.66
14.10 204.66
14.11 204.66
14.12 204.66
14.13 204.66
14.14 204.66
14.15 204.66
14.16 204.66
14.17 204.66
14.18 204.66
14.19 204.66
14.20 204.66
14.21 204.66
14.22 204.66
14.23 204.66
14.24 204.66
14.25 204.66
14.26 204.66
14.27 204.66
14.28 204.66
14.29 204.66
14.30 204.66
14.31 204.66
14.32 204.66
14.33 204.66
14.34 204.66
14.35 204.66
14.36 204.66
14.37 204.66
14.38 204.66
14.39 204.66
14.40 204.66
14.41 204.66
14.42 204.66
14.43 204.66
14.44 204.66
14.45 204.66
14.46 204.66
14.47 204.66
14.48 204.66
14.49 204.66
14.50 204.66
14.51 204.66
14.52 204.66
14.53 204.66
14.54 204.66
14.55 204.66
14.56 204.66
14.57 204.66
14.58 204.66
14.59 204.66
14.60 204.66
14.61 204.66
14.62 204.66
14.63 204.66
14.64 204.66
14.65 204.66
14.66 182.70
14.67 182.70
14.68 182.70
14.69 182.70
14.70 182.70
14.71 182.70
14.72 182.70
14.73 182.70
14.74 182.70
14.75 182.70
14.76 182.70
14.77 182.70
14.78 182.70
14.79 182.70
14.80 182.70
14.81 182.70
14.82 182.70
14.83 182.70
14.84 182.70
14.85 182.70
14.86 182.70
14.87 182.70
14.88 182.70
14.89 182.70
14.90 182.70
14.91 182.70
14.92 182.70
14.93 182.70
14.94 182.70
14.95 182.70
14.96 182.70
14.97 182.70
14.98 182.70
14.99 182.70
15.00 182.70
15.01 182.70
15.02 182.70
15.03 182.70
15.04 182.70
15.05 182.70
15.06 182.70
15.07 182.70
15.08 182.70
15.09 182.70
15.10 182.70
15.11 182.70
15.12 182.70
15.13 182.70
15.14 182.70
15.15 182.70
15.16 182.70
15.17 182.70
15.18 182.70
15.19 182.70
15.20 182.70
15.21 182.70
15.22 182.70
15.23 182.70
15.24 182.70
15.25 182.70
15.26 182.70
15.27 182.70
15.28 182.70
15.29 182.70
15.30 182.70
15.31 182.70
15.32 182.70
15.33 182.70
15.34 182.70
15.35 182.70
15.36 182.70
15.37 182.70
15.38 182.70
15.39 182.70
15.40 182.70
15.41 182.70
15.42 182.70
15.43 182.70
15.44 182.70
15.45 182.70
15.46 182.70
15.47 182.70
15.48 182.70
15.49 182.70
15.50 182.70
15.51 182.70
15.52 182.70
15.53 182.70
15.54 182.70
15.55 182.70
15.56 182.70
15.57 182.70
15.58 182.70
15.59 182.70
15.60 182.70
15.61 182.70
15.62 182.70
15.63 182.70
15.64 182.70
15.65 182.70
15.66 182.70
15.67 182.70
15.68 182.70
15.69 182.70
15.70 182.70
15.71 182.70
15.72 182.70
15.73 182.70
15.74 182.70
15.75 182.70
15.76 182.70
15.77 182.70
15.78 182.70
15.79 182.70
15.80 182.70
15.81 182.70
15.82 182.70
15.83 182.70
15.84 182.70
15.85 182.70
15.86 182.70
15.87 182.70
15.88 182.70
15.89 182.70
15.90 182.70
15.91 182.70
15.92 182.70
15.93 182.70
15.94 182.70
15.95 182.70
15.96 182.70
15.97 182.70
15.98 182.70
15.99 182.70
16.00 182.70
16.01 182.70
16.02 182.70
16.03 182.70
16.04 182.70
16.05 0.00
16.06 0.00
16.07 0.00
16.08 0.00
16.09 0.00
16.10 0.00
16.11 0.00
16.12 0.00
16.13 0.00
16.14 0.00
16.15 0.00
16.16 0.00
16.17 0.00
16.18 0.00
16.19 0.00
16.20 0.00
16.21 0.00
16.22 0.00
16.23 0.00
16.24 0.00
16.25 0.00
16.26 0.00
16.27 0.00
16.28 0.00
16.29 0.00
16.30 0.00
16.31 0.00
16.32 0.00
16.33 0.00
16.34 0.00
16.35 0.00
16.36 0.00
16.37 0.00
16.38 0.00
16.39 0.00
16.40 0.00
16.41 0.00
16.42 0.00
16.43 0.00
16.44 0.00
16.45 0.00
16.46 0.00
16.47 0.00
16.48 0.00
16.49 0.00
16.50 175.71
16.51 175.71
16.52 175.71
16.53 175.71
16.54 175.71
16.55 175.71
16.56 175.71
16.57 175.71
16.58 175.71
16.59 175.71
16.60 190.16
16.61 190.16
16.62 190.16
16.63 190.16
16.64 190.16
16.65 190.16
16.66 190.16
16.67 99.37
16.68 101.01
16.69 102.47
16.70 103.79
16.71 105.01
16.72 239.28
16.73 239.28
16.74 239.28
16.75 239.28
16.76 239.28
16.77 239.28
16.78 239.28
16.79 239.28
16.80 239.28
16.81 239.28
16.82 239.28
16.83 239.28
16.84 239.28
16.85 239.28
16.86 239.28
16.87 239.28
16.88 239.28
16.89 239.28
16.90 239.28
16.91 239.28
16.92 239.28
16.93 239.28
16.94 239.28
16.95 239.28
16.96 239.28
16.97 239.28
16.98 239.28
16.99 239.28
17.00 239.28
17.01 239.28
17.02 239.28
17.03 239.28
17.04 239.28
17.05 239.28
17.06 239.28
17.07 239.28
17.08 239.28
17.09 239.28
17.10 239.28
17.11 239.28
17.12 239.28
17.13 239.28
17.14 239.28
17.15 239.28
17.16 239.28
17.17 239.28
17.18 239.28
17.19 239.28
17.20 239.28
17.21 239.28
17.22 239.28
17.23 239.28
17.24 239.28
17.25 239.28
17.26 239.28
17.27 239.28
17.28 239.28
17.29 239.28
17.30 239.28
17.31 239.28
17.32 239.28
17.33 239.28
17.34 239.28
17.35 239.28
17.36 239.28
17.37 239.28
17.38 239.28
17.39 239.28
17.40 239.28
17.41 239.28
17.42 239.28
17.43 239.28
17.44 239.28
17.45 239.28
17.46 239.28
17.47 239.28
17.48 239.28
17.49 239.28
17.50 239.28
17.51 239.28
17.52 239.28
17.53 239.28
17.54 239.28
17.55 239.28
17.56 239.28
17.57 239.28
17.58 239.28
17.59 239.28
17.60 239.28
17.61 239.28
17.62 239.28
17.63 239.28
17.64 239.28
17.65 239.28
17.66 239.28
17.67 239.28
17.68 239.28
17.69 239.28
17.70 239.28
17.71 239.28
17.72 239.28
17.73 239.28
17.74 239.28
17.75 239.28
17.76 239.28
17.77 239.28
17.78 239.28
17.79 239.28
17.80 239.28
17.81 239.28
17.82 239.28
17.83 239.28
17.84 239.28
17.85 239.28
17.86 239.28
17.87 239.28
17.88 239.28
17.89 239.28
17.90 239.28
17.91 239.28
17.92 239.28
17.93 239.28
17.94 239.28
17.95 239.28
17.96 239.28
17.97 239.28
17.98 239.28
17.99 239.28
18.00 239.28
18.01 239.28
18.02 239.28
18.03 239.28
18.04 239.28
18.05 239.28
18.06 239.28
18.07 239.28
18.08 239.28
18.09 239.28
18.10 239.28
18.11 239.28
18.12 239.28
18.13 239.28
18.14 239.28
18.15 239.28
18.16 239.28
18.17 239.28
18.18 239.28
18.19 239.28
18.20 239.28
18.21 239.28
18.22 239.28
18.23 239.28
18.24 239.28
18.25 239.28
18.26 239.28
18.27 239.28
18.28 239.28
18.29 239.28
18.30 239.28
18.31 239.28
18.32 239.28
18.33 239.28
18.34 239.28
18.35 239.28
18.36 239.28
18.37 239.28
18.38 239.28
18.39 239.28
18.40 239.28
18.41 239.28
18.42 239.28
18.43 239.28
18.44 239.28
18.45 239.28
18.46 239.28
18.47 239.28
18.48 239.28
18.49 239.28
18.50 239.28
18.51 239.28
18.52 239.28
18.53 239.28
18.54 239.28
18.55 239.28
18.56 239.28
18.57 239.28
18.58 239.28
18.59 239.28
18.60 239.28
18.61 239.28
18.62 239.28
18.63 239.28
18.64 239.28
18.65 239.28
18.66 239.28
18.67 239.28
18.68 239.28
18.69 239.28
18.70 239.28
18.71 239.28
18.72 239.28
18.73 239.28
18.74 239.28
18.75 239.28
18.76 239.28
18.77 239.28
18.78 239.28
18.79 239.28
18.80 239.28
18.81 239.28
18.82 239.28
18.83 239.28
18.84 239.28
18.85 239.28
18.86 239.28
18.87 239.28
18.88 239.28
18.89 0.00
18.90 0.00
18.91 0.00
18.92 0.00
18.93 0.00
18.94 0.00
18.95 0.00
18.96 0.00
18.97 0.00
18.98 0.00
18.99 0.00
19.00 0.00
19.01 0.00
19.02 0.00
19.03 0.00
19.04 0.00
19.05 0.00
19.06 0.00
19.07 0.00
19.08 0.00
19.09 0.00
19.10 0.00
19.11 0.00
19.12 0.00
19.13 0.00
19.14 0.00
19.15 0.00
19.16 0.00
19.17 0.00
19.18 0.00
19.19 0.00
19.20 0.00
19.21 0.00
19.22 0.00
19.23 0.00
19.24 0.00
19.25 0.00
19.26 0.00
19.27 0.00
19.28 0.00
19.29 0.00
19.30 0.00
19.31 0.00
19.32 234.60
19.33 234.60
19.34 234.60
19.35 234.60
19.36 234.60
19.37 234.60
19.38 234.60
19.39 234.60
19.40 234.60
19.41 234.60
19.42 234.60
19.43 102.35
19.44 93.04
19.45 189.12
19.46 189.12
19.47 189.12
19.48 189.12
19.49 189.12
19.50 189.12
19.51 189.12
19.52 189.12
19.53 189.12
19.54 189.12
19.55 189.12
19.56 189.12
19.57 189.12
19.58 189.12
19.59 189.12
19.60 189.12
19.61 189.12
19.62 189.12
19.63 189.12
19.64 103.30
19.65 104.18
19.66 104.95
19.67 106.18
19.68 108.06
19.69 111.02
19.70 236.80
19.71 236.80
19.72 236.80
19.73 236.80
19.74 236.80
19.75 236.80
19.76 236.80
19.77 236.80
19.78 236.80
19.79 236.80
19.80 236.80
19.81 236.80
19.82 236.80
19.83 236.80
19.84 236.80
19.85 236.80
19.86 236.80
19.87 236.80
19.88 236.80
19.89 236.80
19.90 236.80
19.91 236.80
19.92 236.80
19.93 236.80
19.94 236.80
19.95 236.80
19.96 236.80
19.97 236.80
19.98 236.80
19.99 236.80
20.00 236.80
20.01 236.80
20.02 236.80
20.03 236.80
20.04 236.80
20.05 236.80
20.06 236.80
20.07 236.80
20.08 236.80
20.09 236.80
20.10 236.80
20.11 236.80
20.12 236.80
20.13 236.80
20.14 236.80
20.15 236.80
20.16 236.80
20.17 236.80
20.18 236.80
20.19 236.80
20.20 236.80
20.21 236.80
20.22 236.80
20.23 236.80
20.24 236.80
20.25 236.80
20.26 236.80
20.27 236.80
20.28 236.80
20.29 236.80
20.30 236.80
20.31 236.80
20.32 236.80
20.33 236.80
20.34 236.80
20.35 236.80
20.36 236.80
20.37 236.80
20.38 236.80
20.39 236.80
20.40 236.80
20.41 236.80
20.42 236.80
20.43 236.80
20.44 236.80
20.45 236.80
20.46 236.80
20.47 236.80
20.48 236.80
20.49 236.80
20.50 236.80
20.51 236.80
20.52 236.80
20.53 236.80
20.54 236.80
20.55 236.80
20.56 236.80
20.57 236.80
20.58 236.80
20.59 236.80
20.60 236.80
20.61 236.80
20.62 236.80
20.63 236.80
20.64 236.80
20.65 236.80
20.66 236.80
20.67 236.80
20.68 236.80
20.69 236.80
20.70 236.80
20.71 236.80
20.72 236.80
20.73 236.80
20.74 236.80
20.75 236.80
20.76 236.80
20.77 236.80
20.78 236.80
20.79 236.80
20.80 236.80
20.81 236.80
20.82 236.80
20.83 236.80
20.84 236.80
20.85 236.80
20.86 236.80
20.87 236.80
20.88 236.80
20.89 236.80
20.90 236.80
20.91 236.80
20.92 236.80
20.93 236.80
20.94 236.80
20.95 236.80
20.96 236.80
20.97 236.80
20.98 236.80
20.99 236.80
21.00 236.80
21.01 -1.00
21.02 -1.00
21.03 -1.00
21.04 -1.00
21.05 -1.00
21.06 219.99
21.07 219.99
21.08 219.99
21.09 219.99
21.10 219.99
21.11 219.99
21.12 219.99
21.13 219.99
21.14 219.99
21.15 219.99
21.16 219.99
21.17 219.99
21.18 219.99
21.19 219.99
21.20 219.99
21.21 219.99
21.22 219.99
21.23 219.99
21.24 219.99
21.25 219.99
21.26 219.99
21.27 219.99
21.28 219.99
21.29 219.99
21.30 219.99
21.31 219.99
21.32 219.99
21.33 219.99
21.34 219.99
21.35 219.99
21.36 219.99
21.37 219.99
21.38 219.99
21.39 219.99
21.40 219.99
21.41 219.99
21.42 219.99
21.43 219.99
21.44 219.99
21.45 219.99
21.46 219.99
21.47 219.99
21.48 219.99
21.49 219.99
21.50 219.99
21.51 219.99
21.52 219.99
21.53 219.99
21.54 219.99
21.55 219.99
21.56 219.99
21.57 219.99
21.58 219.99
21.59 219.99
21.60 200.01
21.61 200.01
21.62 200.01
21.63 200.01
21.64 200.01
21.65 200.01
21.66 200.01
21.67 200.01
21.68 200.01
21.69 200.01
21.70 200.01
21.71 200.01
21.72 200.01
21.73 200.01
21.74 200.01
21.75 200.01
21.76 200.01
21.77 200.01
21.78 200.01
21.79 200.01
21.80 200.01
21.81 200.01
21.82 200.01
21.83 200.01
21.84 200.01
21.85 200.01
21.86 200.01
21.87 200.01
21.88 200.01
21.89 200.01
21.90 200.01
21.91 200.01
21.92 200.01
21.93 200.01
21.94 200.01
21.95 200.01
21.96 200.01
21.97 200.01
21.98 200.01
21.99 200.01
22.00 200.01
22.01 200.01
22.02 200.01
22.03 200.01
22.04 200.01
22.05 200.01
22.06 200.01
22.07 200.01
22.08 200.01
22.09 200.01
22.10 200.01
22.11 200.01
22.12 200.01
22.13 200.01
22.14 200.01
22.15 200.01
22.16 200.01
22.17 200.01
22.18 200.01
22.19 200.01
22.20 200.01
22.21 200.01
22.22 200.01
22.23 200.01
22.24 200.01
22.25 200.01
22.26 200.01
22.27 200.01
22.28 200.01
22.29 200.01
22.30 200.01
22.31 200.01
22.32 0.00
22.33 0.00
22.34 0.00
22.35 0.00
22.36 0.00
22.37 0.00
22.38 0.00
22.39 0.00
22.40 241.66
22.41 241.66
22.42 241.66
22.43 241.66
22.44 241.66
22.45 241.66
22.46 241.66
22.47 241.66
22.48 241.66
22.49 241.66
22.50 241.66
22.51 241.66
22.52 241.66
22.53 241.66
22.54 241.66
22.55 241.66
22.56 241.66
22.57 241.66
22.58 241.66
22.59 241.66
22.60 241.66
22.61 241.66
22.62 241.66
22.63 241.66
22.64 241.66
22.65 241.66
22.66 241.66
22.67 241.66
22.68 241.66
22.69 241.66
22.70 241.66
22.71 241.66
22.72 241.66
22.73 241.66
22.74 241.66
22.75 241.66
22.76 241.66
22.77 241.66
22.78 241.66
22.79 241.66
22.80 241.66
22.81 241.66
22.82 241.66
22.83 241.66
22.84 241.66
22.85 241.66
22.86 241.66
22.87 241.66
22.88 241.66
22.89 241.66
22.90 241.66
22.91 241.66
22.92 241.66
22.93 241.66
22.94 241.66
22.95 241.66
22.96 241.66
22.97 241.66
22.98 241.66
22.99 241.66
23.00 241.66
23.01 241.66
23.02 241.66
23.03 241.66
23.04 241.66
23.05 241.66
23.06 241.66
23.07 241.66
23.08 241.66
23.09 241.66
23.10 241.66
23.11 241.66
23.12 241.66
23.13 241.66
23.14 241.66
23.15 241.66
23.16 241.66
23.17 241.66
23.18 241.66
23.19 241.66
23.20 241.66
23.21 241.66
23.22 241.66
23.23 241.66
23.24 241.66
23.25 241.66
23.26 241.66
23.27 241.66
23.28 241.66
23.29 241.66
23.30 241.66
23.31 241.66
23.32 241.66
23.33 241.66
23.34 241.66
23.35 241.66
23.36 241.66
23.37 241.66
23.38 241.66
23.39 241.66
23.40 241.66
23.41 241.66
23.42 241.66
23.43 241.66
23.44 241.66
23.45 -1.00
23.46 -1.00
23.47 -1.00
23.48 -1.00
23.49 241.00
23.50 241.00
23.51 241.00
23.52 241.00
23.53 241.00
23.54 241.00
23.55 241.00
23.56 241.00
23.57 241.00
23.58 241.00
23.59 241.00
23.60 241.00
23.61 241.00
23.62 241.00
23.63 241.00
23.64 241.00
23.65 241.00
23.66 241.00
23.67 241.00
23.68 241.00
23.69 241.00
23.70 241.00
23.71 241.00
23.72 241.00
23.73 241.00
23.74 241.00
23.75 241.00
23.76 241.00
23.77 241.00
23.78 241.00
23.79 241.00
23.80 241.00
23.81 241.00
23.82 241.00
23.83 241.00
23.84 241.00
23.85 216.53
23.86 216.53
23.87 216.53
23.88 216.53
23.89 216.53
23.90 216.53
23.91 216.53
23.92 216.53
23.93 216.53
23.94 216.53
23.95 216.53
23.96 216.53
23.97 216.53
23.98 216.53
23.99 216.53
24.00 216.53
24.01 216.53
24.02 216.53
24.03 216.53
24.04 216.53
24.05 216.53
24.06 216.53
24.07 216.53
24.08 216.53
24.09 216.53
24.10 216.53
24.11 216.53
24.12 216.53
24.13 216.53
24.14 216.53
24.15 216.53
24.16 216.53
24.17 216.53
24.18 216.53
24.19 216.53
24.20 216.53
24.21 216.53
24.22 216.53
24.23 216.53
24.24 216.53
24.25 216.53
24.26 216.53
24.27 216.53
24.28 216.53
24.29 216.53
24.30 216.53
24.31 216.53
24.32 216.53
24.33 216.53
24.34 216.53
24.35 216.53
24.36 216.53
24.37 216.53
24.38 216.53
24.39 216.53
24.40 216.53
24.41 216.53
24.42 216.53
24.43 216.53
24.44 216.53
24.45 216.53
24.46 216.53
24.47 216.53
24.48 216.53
24.49 216.53
24.50 216.53
24.51 216.53
24.52 216.53
24.53 216.53
24.54 216.53
24.55 216.53
24.56 216.53
24.57 197.54
24.58 197.54
24.59 197.54
24.60 197.54
24.61 197.54
24.62 197.54
24.63 197.54
24.64 197.54
24.65 197.54
24.66 197.54
24.67 197.54
24.68 197.54
24.69 197.54
24.70 197.54
24.71 197.54
24.72 197.54
24.73 197.54
24.74 197.54
24.75 197.54
24.76 197.54
24.77 197.54
24.78 197.54
24.79 197.54
24.80 197.54
24.81 197.54
24.82 197.54
24.83 197.54
24.84 197.54
24.85 197.54
24.86 197.54
24.87 197.54
24.88 197.54
24.89 197.54
24.90 197.54
24.91 197.54
24.92 197.54
24.93 197.54
24.94 197.54
24.95 212.21
24.96 212.21
24.97 212.21
24.98 212.21
24.99 212.21
25.00 212.21
25.01 212.21
25.02 212.21
25.03 212.21
25.04 212.21
25.05 212.21
25.06 212.21
25.07 212.21
25.08 212.21
25.09 212.21
25.10 212.21
25.11 212.21
25.12 212.21
25.13 212.21
25.14 212.21
25.15 212.21
25.16 212.21
25.17 212.21
25.18 212.21
25.19 212.21
25.20 212.21
25.21 212.21
25.22 212.21
25.23 212.21
25.24 212.21
25.25 212.21
25.26 212.21
25.27 212.21
25.28 212.21
25.29 212.21
25.30 212.21
25.31 212.21
25.32 212.21
25.33 212.21
25.34 212.21
25.35 212.21
25.36 212.21
25.37 101.87
25.38 98.63
25.39 182.59
25.40 182.59
25.41 182.59
25.42 182.59
25.43 182.59
25.44 182.59
25.45 182.59
25.46 182.59
25.47 182.59
25.48 182.59
25.49 182.59
25.50 182.59
25.51 182.59
25.52 180.96
25.53 180.96
25.54 180.96
25.55 180.96
25.56 180.96
25.57 180.96
25.58 180.96
25.59 180.96
25.60 180.96
25.61 180.96
25.62 180.96
25.63 180.96
25.64 180.96
25.65 180.96
25.66 180.96
25.67 180.96
25.68 180.96
25.69 180.96
25.70 180.96
25.71 180.96
25.72 180.96
25.73 180.96
25.74 180.96
25.75 180.96
25.76 180.96
25.77 180.96
25.78 180.96
25.79 180.96
25.80 180.96
25.81 180.96
25.82 180.96
25.83 180.96
25.84 180.96
25.85 180.96
25.86 180.96
25.87 180.96
25.88 180.96
25.89 180.96
25.90 180.96
25.91 180.96
25.92 180.96
25.93 180.96
25.94 180.96
25.95 180.96
25.96 180.96
25.97 180.96
25.98 180.96
25.99 180.96
26.00 180.96
26.01 180.96
26.02 180.96
26.03 180.96
26.04 180.96
26.05 180.96
26.06 180.96
26.07 180.96
26.08 180.96
26.09 180.96
26.10 180.96
26.11 180.96
26.12 180.96
26.13 180.96
26.14 180.96
26.15 180.96
26.16 180.96
26.17 180.96
26.18 180.96
26.19 180.96
26.20 180.96
26.21 180.96
26.22 180.96
26.23 180.96
26.24 180.96
26.25 180.96
26.26 180.96
26.27 180.96
26.28 180.96
26.29 180.96
26.30 180.96
26.31 180.96
26.32 180.96
26.33 180.96
26.34 0.00
26.35 0.00
26.36 0.00
26.37 0.00
26.38 0.00
26.39 0.00
26.40 0.00
26.41 0.00
26.42 0.00
26.43 0.00
26.44 0.00
26.45 0.00
26.46 0.00
26.47 0.00
26.48 0.00
26.49 0.00
26.50 0.00
26.51 0.00
26.52 0.00
26.53 0.00
26.54 0.00
26.55 0.00
26.56 0.00
26.57 0.00
26.58 0.00
26.59 0.00
26.60 0.00
26.61 0.00
26.62 0.00
26.63 0.00
26.64 0.00
26.65 0.00
26.66 0.00
26.67 0.00
26.68 0.00
26.69 0.00
26.70 0.00
26.71 0.00
26.72 0.00
26.73 0.00
26.74 0.00
26.75 0.00
26.76 0.00
26.77 0.00
26.78 0.00
26.79 0.00
26.80 0.00
26.81 0.00
26.82 0.00
26.83 0.00
26.84 0.00
26.85 0.00
26.86 0.00
26.87 0.00
26.88 0.00
26.89 0.00
26.90 0.00
26.91 0.00
26.92 0.00
26.93 0.00
26.94 0.00
26.95 0.00
26.96 0.00
26.97 0.00
26.98 212.60
26.99 212.60
27.00 212.60
27.01 212.60
27.02 212.60
27.03 212.60
27.04 212.60
27.05 212.60
27.06 212.60
27.07 212.60
27.08 212.60
27.09 212.60
27.10 212.60
27.11 212.60
27.12 212.60
27.13 212.60
27.14 212.60
27.15 212.60
27.16 212.60
27.17 212.60
27.18 212.60
27.19 212.60
27.20 212.60
27.21 212.60
27.22 212.60
27.23 212.60
27.24 212.60
27.25 212.60
27.26 212.60
27.27 212.60
27.28 212.60
27.29 212.60
27.30 212.60
27.31 212.60
27.32 212.60
27.33 212.60
27.34 212.60
27.35 212.60
27.36 212.60
27.37 212.60
27.38 212.60
27.39 212.60
27.40 212.60
27.41 212.60
27.42 212.60
27.43 212.60
27.44 212.60
27.45 212.60
27.46 212.60
27.47 212.60
27.48 212.60
27.49 212.60
27.50 212.60
27.51 212.60
27.52 212.60
27.53 212.60
27.54 212.60
27.55 199.15
27.56 199.15
27.57 199.15
27.58 199.15
27.59 199.15
27.60 199.15
27.61 199.15
27.62 199.15
27.63 199.15
27.64 199.15
27.65 199.15
27.66 199.15
27.67 199.15
27.68 199.15
27.69 199.15
27.70 199.15
27.71 199.15
27.72 199.15
27.73 199.15
27.74 199.15
27.75 199.15
27.76 199.15
27.77 199.15
27.78 199.15
27.79 199.15
27.80 199.15
27.81 199.15
27.82 199.15
27.83 199.15
27.84 199.15
27.85 199.15
27.86 199.15
27.87 199.15
27.88 199.15
27.89 199.15
27.90 199.15
27.91 199.15
27.92 199.15
27.93 199.15
27.94 199.15
27.95 199.15
27.96 199.15
27.97 199.15
27.98 199.15
27.99 199.15
28.00 199.15
28.01 199.15
28.02 199.15
28.03 199.15
28.04 199.15
28.05 199.15
28.06 199.15
28.07 199.15
28.08 199.15
28.09 199.15
28.10 199.15
28.11 199.15
28.12 199.15
28.13 199.15
28.14 199.15
28.15 199.15
28.16 199.15
28.17 199.15
28.18 199.15
28.19 199.15
28.20 199.15
28.21 181.43
28.22 181.43
28.23 181.43
28.24 181.43
28.25 181.43
28.26 181.43
28.27 181.43
28.28 181.43
28.29 181.43
28.30 181.43
28.31 181.43
28.32 181.43
28.33 181.43
28.34 181.43
28.35 181.43
28.36 181.43
28.37 181.43
28.38 181.43
28.39 181.43
28.40 181.43
28.41 181.43
28.42 181.43
28.43 181.43
28.44 181.43
28.45 181.43
28.46 181.43
28.47 181.43
28.48 181.43
28.49 181.43
28.50 181.43
28.51 181.43
28.52 181.43
28.53 181.43
28.54 181.43
28.55 181.43
28.56 181.43
28.57 181.43
28.58 181.43
28.59 181.43
28.60 181.43
28.61 181.43
28.62 181.43
28.63 181.43
28.64 181.43
28.65 181.43
28.66 181.43
28.67 181.43
28.68 181.43
28.69 181.43
28.70 181.43
28.71 181.43
28.72 181.43
28.73 181.43
28.74 181.43
28.75 181.43
28.76 181.43
28.77 181.43
28.78 181.43
28.79 181.43
28.80 181.43
28.81 181.43
28.82 181.43
28.83 181.43
28.84 181.43
28.85 181.43
28.86 181.43
28.87 181.43
28.88 181.43
28.89 181.43
28.90 181.43
28.91 181.43
28.92 181.43
28.93 181.43
28.94 181.43
28.95 181.43
28.96 181.43
28.97 181.43
28.98 181.43
28.99 181.43
29.00 181.43
29.01 181.43
29.02 181.43
29.03 181.43
29.04 181.43
29.05 181.43
29.06 181.43
29.07 181.43
29.08 181.43
29.09 181.43
29.10 181.43
29.11 181.43
29.12 181.43
29.13 181.43
29.14 181.43
29.15 181.43
29.16 181.43
29.17 181.43
29.18 181.43
29.19 181.43
29.20 181.43
29.21 181.43
29.22 181.43
29.23 181.43
29.24 181.43
29.25 181.43
29.26 181.43
29.27 181.43
29.28 181.43
29.29 181.43
29.30 181.43
29.31 181.43
29.32 181.43
29.33 181.43
29.34 181.43
29.35 181.43
29.36 181.43
29.37 181.43
29.38 181.43
29.39 181.43
29.40 181.43
29.41 181.43
29.42 181.43
29.43 181.43
29.44 181.43
29.45 181.43
29.46 181.43
29.47 181.43
29.48 181.43
29.49 181.43
29.50 181.43
29.51 181.43
29.52 181.43
29.53 181.43
29.54 181.43
29.55 181.43
29.56 181.43
29.57 181.43
29.58 181.43
29.59 181.43
29.60 181.43
29.61 181.43
29.62 181.43
29.63 181.43
29.64 181.43
29.65 181.43
29.66 0.00
29.67 0.00
29.68 0.00
29.69 0.00
29.70 0.00
29.71 0.00
29.72 0.00
29.73 0.00
29.74 0.00
29.75 0.00
29.76 0.00
29.77 0.00
29.78 0.00
29.79 0.00
29.80 0.00
29.81 0.00
29.82 0.00
29.83 0.00
29.84 0.00
29.85 0.00
29.86 0.00
29.87 0.00
29.88 0.00
29.89 0.00
29.90 0.00
29.91 0.00
29.92 0.00
29.93 0.00
29.94 0.00
29.95 0.00
29.96 0.00
29.97 0.00
29.98 0.00
29.99 0.00
30.00 0.00
30.01 0.00
30.02 0.00
30.03 0.00
30.04 0.00
30.05 0.00
30.06 0.00
30.07 181.35
30.08 181.35
30.09 181.35
30.10 181.35
30.11 181.35
30.12 181.35
30.13 181.35
30.14 181.35
30.15 181.35
30.16 181.35
30.17 181.35
30.18 181.35
30.19 181.35
30.20 181.35
30.21 181.35
30.22 181.35
30.23 181.35
30.24 181.35
30.25 181.35
30.26 181.35
30.27 181.35
30.28 181.35
30.29 181.35
30.30 181.35
30.31 202.58
30.32 202.58
30.33 202.58
30.34 202.58
30.35 202.58
30.36 202.58
30.37 202.58
30.38 215.37
30.39 215.37
30.40 215.37
30.41 215.37
30.42 215.37
30.43 215.37
30.44 215.37
30.45 215.37
30.46 215.37
30.47 235.63
30.48 235.63
30.49 235.63
30.50 235.63
30.51 235.63
30.52 235.63
30.53 235.63
30.54 235.63
30.55 235.63
30.56 235.63
30.57 235.63
30.58 235.63
30.59 235.63
30.60 235.63
30.61 235.63
30.62 235.63
30.63 235.63
30.64 235.63
30.65 235.63
30.66 235.63
30.67 235.63
30.68 235.63
30.69 235.63
30.70 235.63
30.71 235.63
30.72 235.63
30.73 235.63
30.74 235.63
30.75 235.63
30.76 235.63
30.77 235.63
30.78 235.63
30.79 235.63
30.80 235.63
30.81 235.63
30.82 235.63
30.83 235.63
30.84 235.63
30.85 235.63
30.86 235.63
30.87 235.63
30.88 235.63
30.89 235.63
30.90 235.63
30.91 235.63
30.92 235.63
30.93 235.63
30.94 235.63
30.95 235.63
30.96 235.63
30.97 235.63
30.98 235.63
30.99 235.63
31.00 235.63
31.01 235.63
31.02 235.63
31.03 235.63
31.04 235.63
31.05 235.63
31.06 235.63
31.07 235.63
31.08 235.63
31.09 235.63
31.10 235.63
31.11 235.63
31.12 235.63
31.13 235.63
31.14 235.63
31.15 235.63
31.16 235.63
31.17 235.63
31.18 235.63
31.19 235.63
31.20 235.63
31.21 235.63
31.22 235.63
31.23 235.63
31.24 235.63
31.25 235.63
31.26 235.63
31.27 235.63
31.28 235.63
31.29 235.63
31.30 235.63
31.31 235.63
31.32 235.63
31.33 235.63
31.34 235.63
31.35 235.63
31.36 235.63
31.37 235.63
31.38 235.63
31.39 235.63
31.40 235.63
31.41 235.63
31.42 235.63
31.43 235.63
31.44 235.63
31.45 235.63
31.46 235.63
31.47 235.63
31.48 235.63
31.49 235.63
31.50 235.63
31.51 235.63
31.52 235.63
31.53 235.63
31.54 235.63
31.55 235.63
31.56 235.63
31.57 235.63
31.58 235.63
31.59 235.63
31.60 235.63
31.61 235.63
31.62 235.63
31.63 235.63
31.64 235.63
31.65 235.63
31.66 235.63
31.67 235.63
31.68 235.63
31.69 235.63
31.70 235.63
31.71 235.63
31.72 235.63
31.73 235.63
31.74 235.63
31.75 235.63
31.76 235.63
31.77 235.63
31.78 235.63
31.79 235.63
31.80 235.63
31.81 235.63
31.82 235.63
31.83 235.63
31.84 235.63
31.85 235.63
31.86 235.63
31.87 235.63
31.88 235.63
31.89 235.63
31.90 235.63
31.91 235.63
31.92 235.63
31.93 235.63
31.94 235.63
31.95 235.63
31.96 235.63
31.97 235.63
31.98 235.63
31.99 235.63
32.00 235.63
32.01 0.00
32.02 0.00
32.03 0.00
32.04 0.00
32.05 0.00
32.06 0.00
32.07 0.00
32.08 0.00
32.09 0.00
32.10 0.00
32.11 0.00
32.12 0.00
32.13 0.00
32.14 241.38
32.15 241.38
32.16 241.38
32.17 241.38
32.18 241.38
32.19 241.38
32.20 241.38
32.21 241.38
32.22 241.38
32.23 241.38
32.24 241.38
32.25 241.38
32.26 241.38
32.27 241.38
32.28 241.38
32.29 241.38
32.30 241.38
32.31 241.38
32.32 241.38
32.33 241.38
32.34 241.38
32.35 241.38
32.36 241.38
32.37 241.38
32.38 241.38
32.39 241.38
32.40 241.38
32.41 241.38
32.42 241.38
32.43 241.38
32.44 241.38
32.45 241.38
32.46 241.38
32.47 241.38
32.48 241.38
32.49 241.38
32.50 241.38
32.51 241.38
32.52 241.38
32.53 241.38
32.54 241.38
32.55 241.38
32.56 241.38
32.57 241.38
32.58 241.38
32.59 241.38
32.60 241.38
32.61 241.38
32.62 241.38
32.63 241.38
32.64 241.38
32.65 241.38
32.66 241.38
32.67 241.38
32.68 241.38
32.69 241.38
32.70 215.53
32.71 215.53
32.72 215.53
32.73 215.53
32.74 215.53
32.75 215.53
32.76 215.53
32.77 215.53
32.78 215.53
32.79 215.53
32.80 215.53
32.81 215.53
32.82 215.53
32.83 215.53
32.84 215.53
32.85 215.53
32.86 215.53
32.87 215.53
32.88 215.53
32.89 215.53
32.90 215.53
32.91 215.53
32.92 215.53
32.93 215.53
32.94 215.53
32.95 215.53
32.96 215.53
32.97 215.53
32.98 215.53
32.99 215.53
33.00 215.53
33.01 215.53
33.02 215.53
33.03 215.53
33.04 215.53
33.05 215.53
33.06 215.53
33.07 215.53
33.08 215.53
33.09 215.53
33.10 215.53
33.11 215.53
33.12 215.53
33.13 215.53
33.14 215.53
33.15 215.53
33.16 215.53
33.17 215.53
33.18 215.53
33.19 215.53
33.20 215.53
33.21 215.53
33.22 215.53
33.23 215.53
33.24 215.53
33.25 215.53
33.26 215.53
33.27 215.53
33.28 215.53
33.29 215.53
33.30 215.53
33.31 215.53
33.32 215.53
33.33 215.53
33.34 215.53
33.35 215.53
33.36 215.53
33.37 215.53
33.38 215.53
33.39 215.53
33.40 215.53
33.41 215.53
33.42 215.53
33.43 215.53
33.44 215.53
33.45 215.53
33.46 215.53
33.47 215.53
33.48 215.53
33.49 215.53
33.50 215.53
33.51 215.53
33.52 215.53
33.53 215.53
33.54 215.53
33.55 215.53
33.56 215.53
33.57 215.53
33.58 215.53
33.59 215.53
33.60 215.53
33.61 215.53
33.62 215.53
33.63 215.53
33.64 215.53
33.65 215.53
33.66 215.53
33.67 215.53
33.68 215.53
33.69 215.53
33.70 215.53
33.71 215.53
33.72 215.53
33.73 215.53
33.74 215.53
33.75 -1.00
33.76 -1.00
33.77 220.65
33.78 220.65
33.79 220.65
33.80 220.65
33.81 220.65
33.82 220.65
33.83 220.65
33.84 220.65
33.85 103.36
33.86 194.23
33.87 194.23
33.88 194.23
33.89 194.23
33.90 194.23
33.91 194.23
33.92 194.23
33.93 194.23
33.94 194.23
33.95 194.23
33.96 194.23
33.97 194.23
33.98 194.23
33.99 194.23
34.00 194.23
34.01 194.23
34.02 194.23
34.03 194.23
34.04 194.23
34.05 194.23
34.06 194.23
34.07 194.23
34.08 194.23
34.09 194.23
34.10 194.23
34.11 194.23
34.12 194.23
34.13 194.23
34.14 194.23
34.15 194.23
34.16 194.23
34.17 194.23
34.18 194.23
34.19 194.23
34.20 194.23
34.21 194.23
34.22 194.23
34.23 194.23
34.24 194.23
34.25 194.23
34.26 194.23
34.27 194.23
34.28 183.86
34.29 183.86
34.30 183.86
34.31 183.86
34.32 183.86
34.33 183.86
34.34 183.86
34.35 0.00
34.36 0.00
34.37 0.00
34.38 0.00
34.39 0.00
34.40 0.00
34.41 0.00
34.42 0.00
34.43 0.00
34.44 0.00
34.45 0.00
34.46 0.00
34.47 0.00
34.48 0.00
34.49 0.00
34.50 0.00
34.51 0.00
34.52 0.00
34.53 0.00
34.54 0.00
34.55 0.00
34.56 0.00
34.57 0.00
34.58 0.00
34.59 0.00
34.60 0.00
34.61 0.00
34.62 0.00
34.63 0.00
34.64 0.00
34.65 0.00
34.66 0.00
34.67 0.00
34.68 0.00
34.69 0.00
34.70 0.00
34.71 0.00
34.72 0.00
34.73 0.00
34.74 0.00
34.75 0.00
34.76 0.00
34.77 0.00
34.78 0.00
34.79 0.00
34.80 155.25
34.81 155.25
34.82 155.25
34.83 155.25
34.84 155.25
34.85 155.25
34.86 155.25
34.87 155.25
34.88 155.25
34.89 169.66
34.90 169.66
34.91 169.66
34.92 169.66
34.93 169.66
34.94 169.66
34.95 169.66
34.96 169.66
34.97 169.66
34.98 169.66
34.99 88.84
35.00 90.03
35.01 91.57
35.02 93.20
35.03 94.84
35.04 96.22
35.05 97.39
35.06 98.50
35.07 99.98
35.08 101.85
35.09 103.41
35.10 104.94
35.11 106.62
35.12 236.82
35.13 236.82
35.14 236.82
35.15 236.82
35.16 236.82
35.17 236.82
35.18 236.82
35.19 236.82
35.20 236.82
35.21 236.82
35.22 236.82
35.23 236.82
35.24 236.82
35.25 236.82
35.26 236.82
35.27 236.82
35.28 236.82
35.29 236.82
35.30 236.82
35.31 236.82
35.32 236.82
35.33 236.82
35.34 236.82
35.35 236.82
35.36 236.82
35.37 236.82
35.38 236.82
35.39 236.82
35.40 236.82
35.41 236.82
35.42 236.82
35.43 236.82
35.44 236.82
35.45 236.82
35.46 236.82
35.47 236.82
35.48 236.82
35.49 236.82
35.50 236.82
35.51 236.82
35.52 236.82
35.53 236.82
35.54 236.82
35.55 236.82
35.56 236.82
35.57 236.82
35.58 236.82
35.59 236.82
35.60 236.82
35.61 236.82
35.62 236.82
35.63 236.82
35.64 236.82
35.65 236.82
35.66 236.82
35.67 236.82
35.68 236.82
35.69 236.82
35.70 236.82
35.71 236.82
35.72 236.82
35.73 236.82
35.74 236.82
35.75 236.82
35.76 236.82
35.77 236.82
35.78 236.82
35.79 236.82
35.80 236.82
35.81 236.82
35.82 236.82
35.83 236.82
35.84 236.82
35.85 236.82
35.86 236.82
35.87 236.82
35.88 236.82
35.89 236.82
35.90 236.82
35.91 236.82
35.92 236.82
35.93 236.82
35.94 236.82
35.95 236.82
35.96 236.82
35.97 236.82
35.98 236.82
35.99 236.82
36.00 236.82
36.01 236.82
36.02 236.82
36.03 236.82
36.04 236.82
36.05 236.82
36.06 236.82
36.07 236.82
36.08 236.82
36.09 236.82
36.10 236.82
36.11 236.82
36.12 236.82
36.13 236.82
36.14 236.82
36.15 236.82
36.16 236.82
36.17 236.82
36.18 236.82
36.19 236.82
36.20 236.82
36.21 236.82
36.22 236.82
36.23 236.82
36.24 236.82
36.25 236.82
36.26 236.82
36.27 236.82
36.28 236.82
36.29 236.82
36.30 236.82
36.31 236.82
36.32 236.82
36.33 236.82
36.34 236.82
36.35 236.82
36.36 236.82
36.37 236.82
36.38 236.82
36.39 0.00
36.40 0.00
36.41 0.00
36.42 0.00
36.43 0.00
36.44 0.00
36.45 0.00
36.46 0.00
36.47 0.00
36.48 0.00
36.49 0.00
36.50 0.00
36.51 0.00
36.52 0.00
36.53 0.00
36.54 0.00
36.55 0.00
36.56 245.15
36.57 245.15
36.58 245.15
36.59 245.15
36.60 245.15
36.61 245.15
36.62 245.15
36.63 245.15
36.64 245.15
36.65 245.15
36.66 245.15
36.67 245.15
36.68 245.15
36.69 245.15
36.70 245.15
36.71 245.15
36.72 245.15
36.73 245.15
36.74 245.15
36.75 245.15
36.76 245.15
36.77 245.15
36.78 245.15
36.79 245.15
36.80 245.15
36.81 245.15
36.82 245.15
36.83 245.15
36.84 245.15
36.85 245.15
36.86 245.15
36.87 245.15
36.88 245.15
36.89 245.15
36.90 245.15
36.91 245.15
36.92 245.15
36.93 245.15
36.94 245.15
36.95 245.15
36.96 245.15
36.97 245.15
36.98 245.15
36.99 245.15
37.00 245.15
37.01 245.15
37.02 245.15
37.03 245.15
37.04 245.15
37.05 245.15
37.06 245.15
37.07 245.15
37.08 218.82
37.09 218.82
37.10 218.82
37.11 218.82
37.12 218.82
37.13 218.82
37.14 218.82
37.15 218.82
37.16 218.82
37.17 218.82
37.18 218.82
37.19 218.82
37.20 218.82
37.21 218.82
37.22 218.82
37.23 218.82
37.24 218.82
37.25 218.82
37.26 218.82
37.27 218.82
37.28 218.82
37.29 218.82
37.30 218.82
37.31 218.82
37.32 218.82
37.33 218.82
37.34 218.82
37.35 218.82
37.36 218.82
37.37 218.82
37.38 218.82
37.39 218.82
37.40 218.82
37.41 218.82
37.42 218.82
37.43 218.82
37.44 218.82
37.45 218.82
37.46 218.82
37.47 218.82
37.48 218.82
37.49 218.82
37.50 218.82
37.51 218.82
37.52 218.82
37.53 218.82
37.54 218.82
37.55 218.82
37.56 218.82
37.57 218.82
37.58 218.82
37.59 218.82
37.60 218.82
37.61 218.82
37.62 218.82
37.63 218.82
37.64 218.82
37.65 218.82
37.66 218.82
37.67 218.82
37.68 218.82
37.69 218.82
37.70 218.82
37.71 218.82
37.72 218.82
37.73 218.82
37.74 218.82
37.75 218.82
37.76 218.82
37.77 218.82
37.78 218.82
37.79 218.82
37.80 218.82
37.81 218.82
37.82 218.82
37.83 218.82
37.84 218.82
37.85 218.82
37.86 218.82
37.87 218.82
37.88 218.82
37.89 218.82
37.90 218.82
37.91 218.82
37.92 218.82
37.93 218.82
37.94 218.82
37.95 218.82
37.96 218.82
37.97 218.82
37.98 218.82
37.99 218.82
38.00 218.82
38.01 218.82
38.02 218.82
38.03 218.82
38.04 218.82
38.05 218.82
38.06 218.82
38.07 218.82
38.08 218.82
38.09 218.82
38.10 218.82
38.11 218.82
38.12 218.82
38.13 218.82
38.14 218.82
38.15 0.00
38.16 0.00
38.17 0.00
38.18 0.00
38.19 0.00
38.20 0.00
38.21 0.00
38.22 0.00
38.23 0.00
38.24 0.00
38.25 0.00
38.26 0.00
38.27 0.00
38.28 197.94
38.29 197.94
38.30 197.94
38.31 197.94
38.32 197.94
38.33 197.94
38.34 197.94
38.35 197.94
38.36 197.94
38.37 197.94
38.38 197.94
38.39 197.94
38.40 197.94
38.41 197.94
38.42 197.94
38.43 197.94
38.44 197.94
38.45 197.94
38.46 197.94
38.47 197.94
38.48 197.94
38.49 197.94
38.50 197.94
38.51 197.94
38.52 197.94
38.53 197.94
38.54 197.94
38.55 197.94
38.56 197.94
38.57 197.94
38.58 197.94
38.59 197.94
38.60 197.94
38.61 197.94
38.62 197.94
38.63 0.00
38.64 0.00
38.65 0.00
38.66 0.00
38.67 0.00
38.68 0.00
38.69 0.00
38.70 0.00
38.71 0.00
38.72 0.00
38.73 0.00
38.74 0.00
38.75 0.00
38.76 0.00
38.77 0.00
38.78 0.00
38.79 0.00
38.80 0.00
38.81 0.00
38.82 0.00
38.83 0.00
38.84 0.00
38.85 0.00
38.86 0.00
38.87 0.00
38.88 0.00
38.89 0.00
38.90 0.00
38.91 0.00
38.92 0.00
38.93 0.00
38.94 0.00
38.95 0.00
38.96 0.00
38.97 0.00
38.98 0.00
38.99 0.00
39.00 0.00
39.01 0.00
39.02 0.00
39.03 0.00
39.04 0.00
39.05 0.00
39.06 0.00
39.07 0.00
39.08 0.00
39.09 73.19
39.10 73.61
39.11 74.71
39.12 75.91
39.13 77.73
39.14 79.92
39.15 81.75
39.16 83.48
39.17 85.48
39.18 86.89
39.19 88.02
39.20 89.16
39.21 90.10
39.22 91.32
39.23 92.70
39.24 94.44
39.25 96.36
39.26 98.01
39.27 99.54
39.28 101.00
39.29 102.41
39.30 214.81
39.31 214.81
39.32 214.81
39.33 214.81
39.34 214.81
39.35 214.81
39.36 214.81
39.37 239.41
39.38 239.41
39.39 239.41
39.40 239.41
39.41 239.41
39.42 239.41
39.43 239.41
39.44 239.41
39.45 239.41
39.46 239.41
39.47 239.41
39.48 239.41
39.49 239.41
39.50 239.41
39.51 239.41
39.52 239.41
39.53 239.41
39.54 239.41
39.55 239.41
39.56 239.41
39.57 239.41
39.58 239.41
39.59 239.41
39.60 239.41
39.61 239.41
39.62 239.41
39.63 239.41
39.64 239.41
39.65 239.41
39.66 239.41
39.67 239.41
39.68 239.41
39.69 239.41
39.70 239.41
39.71 239.41
39.72 239.41
39.73 239.41
39.74 239.41
39.75 239.41
39.76 239.41
39.77 239.41
39.78 239.41
39.79 239.41
39.80 239.41
39.81 239.41
39.82 239.41
39.83 239.41
39.84 239.41
39.85 239.41
39.86 239.41
39.87 239.41
39.88 239.41
39.89 239.41
39.90 239.41
39.91 239.41
39.92 239.41
39.93 239.41
39.94 239.41
39.95 239.41
39.96 239.41
39.97 239.41
39.98 239.41
39.99 239.41
40.00 239.41
40.01 239.41
40.02 239.41
40.03 239.41
40.04 239.41
40.05 239.41
40.06 239.41
40.07 239.41
40.08 239.41
40.09 239.41
40.10 239.41
40.11 239.41
40.12 239.41
40.13 239.41
40.14 239.41
40.15 239.41
40.16 239.41
40.17 239.41
40.18 239.41
40.19 239.41
40.20 239.41
40.21 239.41
40.22 239.41
40.23 239.41
40.24 239.41
40.25 239.41
40.26 239.41
40.27 239.41
40.28 239.41
40.29 239.41
40.30 239.41
40.31 239.41
40.32 239.41
40.33 239.41
40.34 218.46
40.35 218.46
40.36 218.46
40.37 218.46
40.38 218.46
40.39 218.46
40.40 218.46
40.41 218.46
40.42 218.46
40.43 218.46
40.44 218.46
40.45 218.46
40.46 218.46
40.47 218.46
40.48 218.46
40.49 218.46
40.50 218.46
40.51 218.46
40.52 218.46
40.53 218.46
40.54 218.46
40.55 218.46
40.56 218.46
40.57 218.46
40.58 218.46
40.59 218.46
40.60 218.46
40.61 218.46
40.62 218.46
40.63 218.46
40.64 218.46
40.65 218.46
40.66 218.46
40.67 218.46
40.68 218.46
40.69 218.46
40.70 218.46
40.71 218.46
40.72 218.46
40.73 218.46
40.74 218.46
40.75 243.71
40.76 243.71
40.77 243.71
40.78 243.71
40.79 243.71
40.80 243.71
40.81 243.71
40.82 243.71
40.83 243.71
40.84 243.71
40.85 243.71
40.86 243.71
40.87 243.71
40.88 243.71
40.89 243.71
40.90 243.71
40.91 243.71
40.92 243.71
40.93 243.71
40.94 243.71
40.95 243.71
40.96 243.71
40.97 243.71
40.98 243.71
40.99 243.71
41.00 243.71
41.01 243.71
41.02 243.71
41.03 243.71
41.04 243.71
41.05 243.71
41.06 243.71
41.07 243.71
41.08 243.71
41.09 243.71
41.10 243.71
41.11 243.71
41.12 243.71
41.13 243.71
41.14 243.71
41.15 243.71
41.16 243.71
41.17 243.71
41.18 243.71
41.19 243.71
41.20 243.71
41.21 112.57
41.22 110.18
41.23 205.90
41.24 205.90
41.25 205.90
41.26 205.90
41.27 205.90
41.28 205.90
41.29 205.90
41.30 205.90
41.31 205.90
41.32 205.90
41.33 205.90
41.34 205.90
41.35 205.90
41.36 205.90
41.37 205.90
41.38 108.57
41.39 110.68
41.40 241.18
41.41 241.18
41.42 241.18
41.43 241.18
41.44 241.18
41.45 241.18
41.46 241.18
41.47 241.18
41.48 241.18
41.49 241.18
41.50 241.18
41.51 241.18
41.52 241.18
41.53 241.18
41.54 241.18
41.55 241.18
41.56 241.18
41.57 241.18
41.58 241.18
41.59 241.18
41.60 241.18
41.61 241.18
41.62 241.18
41.63 241.18
41.64 241.18
41.65 241.18
41.66 241.18
41.67 241.18
41.68 241.18
41.69 241.18
41.70 241.18
41.71 241.18
41.72 241.18
41.73 241.18
41.74 241.18
41.75 241.18
41.76 241.18
41.77 241.18
41.78 241.18
41.79 241.18
41.80 241.18
41.81 241.18
41.82 241.18
41.83 241.18
41.84 241.18
41.85 241.18
41.86 241.18
41.87 241.18
41.88 241.18
41.89 241.18
41.90 241.18
41.91 241.18
41.92 241.18
41.93 241.18
41.94 241.18
41.95 241.18
41.96 241.18
41.97 241.18
41.98 241.18
41.99 241.18
42.00 241.18
42.01 241.18
42.02 241.18
42.03 241.18
42.04 241.18
42.05 241.18
42.06 241.18
42.07 241.18
42.08 241.18
42.09 241.18
42.10 241.18
42.11 241.18
42.12 241.18
42.13 241.18
42.14 241.18
42.15 241.18
42.16 241.18
42.17 241.18
42.18 241.18
42.19 241.18
42.20 241.18
42.21 241.18
42.22 241.18
42.23 241.18
42.24 241.18
42.25 241.18
42.26 241.18
42.27 241.18
42.28 241.18
42.29 241.18
42.30 241.18
42.31 241.18
42.32 241.18
42.33 241.18
42.34 241.18
42.35 241.18
42.36 241.18
42.37 241.18
42.38 241.18
42.39 217.93
42.40 217.93
42.41 217.93
42.42 217.93
42.43 217.93
42.44 217.93
42.45 217.93
42.46 217.93
42.47 217.93
42.48 217.93
42.49 217.93
42.50 217.93
42.51 217.93
42.52 217.93
42.53 217.93
42.54 217.93
42.55 217.93
42.56 217.93
42.57 217.93
42.58 217.93
42.59 217.93
42.60 217.93
42.61 217.93
42.62 217.93
42.63 217.93
42.64 217.93
42.65 217.93
42.66 217.93
42.67 217.93
42.68 217.93
42.69 217.93
42.70 217.93
42.71 217.93
42.72 217.93
42.73 217.93
42.74 217.93
42.75 217.93
42.76 217.93
42.77 217.93
42.78 217.93
42.79 217.93
42.80 217.93
42.81 217.93
42.82 217.93
42.83 217.93
42.84 217.93
42.85 201.94
42.86 201.94
42.87 201.94
42.88 201.94
42.89 201.94
42.90 201.94
42.91 201.94
42.92 201.94
42.93 201.94
42.94 201.94
42.95 201.94
42.96 201.94
42.97 201.94
42.98 201.94
42.99 201.94
43.00 201.94
43.01 201.94
43.02 201.94
43.03 201.94
43.04 201.94
43.05 201.94
43.06 201.94
43.07 201.94
43.08 201.94
43.09 201.94
43.10 201.94
43.11 201.94
43.12 201.94
43.13 201.94
43.14 201.94
43.15 201.94
43.16 201.94
43.17 201.94
43.18 201.94
43.19 201.94
43.20 201.94
43.21 201.94
43.22 201.94
43.23 201.94
43.24 201.94
43.25 201.94
43.26 201.94
43.27 201.94
43.28 201.94
43.29 201.94
43.30 201.94
43.31 201.94
43.32 201.94
43.33 201.94
43.34 201.94
43.35 201.94
43.36 201.94
43.37 201.94
43.38 201.94
43.39 201.94
43.40 201.94
43.41 201.94
43.42 201.94
43.43 -1.00
43.44 -1.00
43.45 -1.00
43.46 -1.00
43.47 -1.00
43.48 -1.00
43.49 183.50
43.50 183.50
43.51 183.50
43.52 183.50
43.53 183.50
43.54 183.50
43.55 183.50
43.56 183.50
43.57 183.50
43.58 183.50
43.59 183.50
43.60 183.50
43.61 183.50
43.62 183.50
43.63 183.50
43.64 183.50
43.65 183.50
43.66 183.50
43.67 183.50
43.68 183.50
43.69 183.50
43.70 183.50
43.71 183.50
43.72 183.50
43.73 183.50
43.74 183.50
43.75 183.50
43.76 183.50
43.77 183.50
43.78 183.50
43.79 183.50
43.80 183.50
43.81 183.50
43.82 183.50
43.83 183.50
43.84 183.50
43.85 183.50
43.86 183.50
43.87 183.50
43.88 183.50
43.89 183.50
43.90 183.50
43.91 183.50
43.92 183.50
43.93 183.50
43.94 183.50
43.95 183.50
43.96 183.50
43.97 183.50
43.98 183.50
43.99 183.50
44.00 183.50
44.01 183.50
44.02 183.50
44.03 183.50
44.04 183.50
44.05 183.50
44.06 183.50
44.07 183.50
44.08 183.50
44.09 183.50
44.10 183.50
44.11 183.50
44.12 183.50
44.13 183.50
44.14 183.50
44.15 183.50
44.16 183.50
44.17 183.50
44.18 183.50
44.19 183.50
44.20 183.50
44.21 183.50
44.22 183.50
44.23 183.50
44.24 183.50
44.25 183.50
44.26 183.50
44.27 183.50
44.28 183.50
44.29 183.50
44.30 183.50
44.31 183.50
44.32 183.50
44.33 183.50
44.34 183.50
44.35 183.50
44.36 183.50
44.37 183.50
44.38 183.50
44.39 183.50
44.40 183.50
44.41 183.50
44.42 183.50
44.43 183.50
44.44 183.50
44.45 183.50
44.46 183.50
44.47 183.50
44.48 183.50
44.49 183.50
44.50 183.50
44.51 183.50
44.52 0.00
44.53 0.00
44.54 0.00
44.55 0.00
44.56 0.00
44.57 0.00
44.58 0.00
44.59 0.00
44.60 0.00
44.61 0.00
44.62 0.00
44.63 0.00
44.64 0.00
44.65 0.00
44.66 0.00
44.67 86.88
44.68 88.78
44.69 91.12
44.70 93.10
44.71 95.50
44.72 98.30
44.73 101.26
44.74 220.00
44.75 220.00
44.76 220.00
44.77 220.00
44.78 220.00
44.79 220.00
44.80 220.00
44.81 220.00
44.82 220.00
44.83 220.00
44.84 220.00
44.85 220.00
44.86 220.00
44.87 220.00
44.88 220.00
44.89 220.00
44.90 220.00
44.91 220.00
44.92 220.00
44.93 220.00
44.94 220.00
44.95 220.00
44.96 220.00
44.97 220.00
44.98 220.00
44.99 220.00
45.00 220.00
45.01 220.00
45.02 220.00
45.03 220.00
45.04 220.00
45.05 220.00
45.06 220.00
45.07 220.00
45.08 220.00
45.09 220.00
45.10 220.00
45.11 220.00
45.12 220.00
45.13 220.00
45.14 220.00
45.15 220.00
45.16 220.00
45.17 220.00
45.18 203.57
45.19 203.57
45.20 203.57
45.21 203.57
45.22 203.57
45.23 203.57
45.24 203.57
45.25 203.57
45.26 203.57
45.27 203.57
45.28 203.57
45.29 203.57
45.30 203.57
45.31 203.57
45.32 203.57
45.33 203.57
45.34 203.57
45.35 203.57
45.36 203.57
45.37 203.57
45.38 203.57
45.39 203.57
45.40 203.57
45.41 203.57
45.42 203.57
45.43 203.57
45.44 203.57
45.45 203.57
45.46 203.57
45.47 203.57
45.48 203.57
45.49 203.57
45.50 203.57
45.51 203.57
45.52 203.57
45.53 203.57
45.54 203.57
45.55 203.57
45.56 203.57
45.57 203.57
45.58 203.57
45.59 203.57
45.60 203.57
45.61 203.57
45.62 203.57
45.63 203.57
45.64 203.57
45.65 203.57
45.66 203.57
45.67 203.57
45.68 203.57
45.69 203.57
45.70 203.57
45.71 203.57
45.72 203.57
45.73 203.57
45.74 203.57
45.75 203.57
45.76 181.45
45.77 181.45
45.78 181.45
45.79 181.45
45.80 181.45
45.81 181.45
45.82 181.45
45.83 181.45
45.84 181.45
45.85 181.45
45.86 181.45
45.87 181.45
45.88 181.45
45.89 181.45
45.90 181.45
45.91 181.45
45.92 181.45
45.93 181.45
45.94 181.45
45.95 181.45
45.96 181.45
45.97 181.45
45.98 181.45
45.99 181.45
46.00 181.45
46.01 181.45
46.02 181.45
46.03 181.45
46.04 181.45
46.05 181.45
46.06 181.45
46.07 181.45
46.08 181.45
46.09 181.45
46.10 181.45
46.11 181.45
46.12 181.45
46.13 181.45
46.14 181.45
46.15 181.45
46.16 181.45
46.17 181.45
46.18 181.45
46.19 181.45
46.20 181.45
46.21 181.45
46.22 181.45
46.23 181.45
46.24 181.45
46.25 181.45
46.26 181.45
46.27 181.45
46.28 181.45
46.29 181.45
46.30 181.45
46.31 181.45
46.32 181.45
46.33 181.45
46.34 181.45
46.35 181.45
46.36 181.45
46.37 181.45
46.38 181.45
46.39 181.45
46.40 181.45
46.41 181.45
46.42 181.45
46.43 181.45
46.44 181.45
46.45 181.45
46.46 181.45
46.47 181.45
46.48 181.45
46.49 181.45
46.50 181.45
46.51 181.45
46.52 181.45
46.53 181.45
46.54 181.45
46.55 181.45
46.56 181.45
46.57 181.45
46.58 181.45
46.59 181.45
46.60 181.45
46.61 181.45
46.62 181.45
46.63 181.45
46.64 181.45
46.65 181.45
46.66 181.45
46.67 181.45
46.68 181.45
46.69 181.45
46.70 181.45
46.71 181.45
46.72 181.45
46.73 181.45
46.74 181.45
46.75 181.45
46.76 181.45
46.77 181.45
46.78 181.45
46.79 181.45
46.80 181.45
46.81 181.45
46.82 181.45
46.83 181.45
46.84 181.45
46.85 181.45
46.86 181.45
46.87 181.45
46.88 181.45
46.89 181.45
46.90 181.45
46.91 181.45
46.92 181.45
46.93 181.45
46.94 181.45
46.95 181.45
46.96 181.45
46.97 181.45
46.98 181.45
46.99 181.45
47.00 0.00
47.01 0.00
47.02 0.00
47.03 0.00
47.04 0.00
47.05 0.00
47.06 0.00
47.07 0.00
47.08 0.00
47.09 0.00
47.10 0.00
47.11 0.00
47.12 0.00
47.13 0.00
47.14 0.00
47.15 0.00
47.16 0.00
47.17 0.00
47.18 0.00
47.19 0.00
47.20 0.00
47.21 0.00
47.22 0.00
47.23 0.00
47.24 0.00
47.25 0.00
47.26 0.00
47.27 0.00
47.28 0.00
47.29 0.00
47.30 0.00
47.31 0.00
47.32 0.00
47.33 0.00
47.34 0.00
47.35 0.00
47.36 0.00
47.37 0.00
47.38 0.00
47.39 0.00
47.40 0.00
47.41 0.00
47.42 0.00
47.43 0.00
47.44 0.00
47.45 0.00
47.46 0.00
47.47 0.00
47.48 0.00
47.49 0.00
47.50 0.00
47.51 0.00
47.52 0.00
47.53 0.00
47.54 173.46
47.55 173.46
47.56 173.46
47.57 173.46
47.58 173.46
47.59 173.46
47.60 173.46
47.61 173.46
47.62 173.46
47.63 189.28
47.64 189.28
47.65 189.28
47.66 189.28
47.67 189.28
47.68 189.28
47.69 189.28
47.70 189.28
47.71 98.90
47.72 101.26
47.73 103.65
47.74 105.89
47.75 240.92
47.76 240.92
47.77 240.92
47.78 240.92
47.79 240.92
47.80 240.92
47.81 240.92
47.82 240.92
47.83 240.92
47.84 240.92
47.85 240.92
47.86 240.92
47.87 240.92
47.88 240.92
47.89 240.92
47.90 240.92
47.91 240.92
47.92 240.92
47.93 240.92
47.94 240.92
47.95 240.92
47.96 240.92
47.97 240.92
47.98 240.92
47.99 240.92
48.00 240.92
48.01 240.92
48.02 240.92
48.03 240.92
48.04 240.92
48.05 240.92
48.06 240.92
48.07 240.92
48.08 240.92
48.09 240.92
48.10 240.92
48.11 240.92
48.12 240.92
48.13 240.92
48.14 240.92
48.15 240.92
48.16 240.92
48.17 240.92
48.18 240.92
48.19 240.92
48.20 240.92
48.21 240.92
48.22 240.92
48.23 240.92
48.24 240.92
48.25 240.92
48.26 240.92
48.27 240.92
48.28 240.92
48.29 240.92
48.30 240.92
48.31 240.92
48.32 240.92
48.33 240.92
48.34 240.92
48.35 240.92
48.36 240.92
48.37 240.92
48.38 240.92
48.39 240.92
48.40 240.92
48.41 240.92
48.42 240.92
48.43 240.92
48.44 240.92
48.45 240.92
48.46 240.92
48.47 240.92
48.48 240.92
48.49 240.92
48.50 240.92
48.51 240.92
48.52 240.92
48.53 240.92
48.54 240.92
48.55 240.92
48.56 240.92
48.57 240.92
48.58 240.92
48.59 240.92
48.60 240.92
48.61 240.92
48.62 240.92
48.63 240.92
48.64 240.92
48.65 240.92
48.66 240.92
48.67 240.92
48.68 240.92
48.69 240.92
48.70 240.92
48.71 240.92
48.72 240.92
48.73 240.92
48.74 240.92
48.75 240.92
48.76 240.92
48.77 240.92
48.78 240.92
48.79 240.92
48.80 240.92
48.81 240.92
48.82 240.92
48.83 240.92
48.84 240.92
48.85 240.92
48.86 240.92
48.87 240.92
48.88 240.92
48.89 240.92
48.90 240.92
48.91 240.92
48.92 240.92
48.93 240.92
48.94 240.92
48.95 240.92
48.96 240.92
48.97 240.92
48.98 240.92
48.99 240.92
49.00 240.92
49.01 240.92
49.02 240.92
49.03 240.92
49.04 240.92
49.05 240.92
49.06 240.92
49.07 240.92
49.08 240.92
49.09 240.92
49.10 240.92
49.11 240.92
49.12 240.92
49.13 240.92
49.14 240.92
49.15 240.92
49.16 240.92
49.17 240.92
49.18 240.92
49.19 240.92
49.20 240.92
49.21 240.92
49.22 240.92
49.23 240.92
49.24 240.92
49.25 240.92
49.26 240.92
49.27 240.92
49.28 240.92
49.29 240.92
49.30 240.92
49.31 240.92
49.32 240.92
49.33 240.92
49.34 240.92
49.35 240.92
49.36 240.92
49.37 240.92
49.38 240.92
49.39 240.92
49.40 240.92
49.41 240.92
49.42 240.92
49.43 240.92
49.44 240.92
49.45 240.92
49.46 240.92
49.47 240.92
49.48 240.92
49.49 240.92
49.50 240.92
49.51 240.92
49.52 240.92
49.53 240.92
49.54 240.92
49.55 240.92
49.56 240.92
49.57 240.92
49.58 240.92
49.59 240.92
49.60 240.92
49.61 240.92
49.62 240.92
49.63 240.92
49.64 240.92
49.65 240.92
49.66 240.92
49.67 240.92
49.68 240.92
49.69 240.92
49.70 240.92
49.71 240.92
49.72 240.92
49.73 240.92
49.74 240.92
49.75 240.92
49.76 240.92
49.77 240.92
49.78 240.92
49.79 240.92
49.80 240.92
49.81 240.92
49.82 240.92
49.83 240.92
49.84 240.92
49.85 240.92
49.86 240.92
49.87 240.92
49.88 240.92
49.89 240.92
49.90 240.92
49.91 240.92
49.92 240.92
49.93 240.92
49.94 0.00
49.95 0.00
49.96 0.00
49.97 0.00
49.98 0.00
49.99 0.00
50.00 0.00
50.01 0.00
50.02 0.00
50.03 0.00
50.04 0.00
50.05 0.00
50.06 0.00
50.07 0.00
50.08 0.00
50.09 0.00
50.10 0.00
50.11 0.00
50.12 0.00
50.13 0.00
50.14 0.00
50.15 0.00
50.16 0.00
50.17 0.00
50.18 0.00
50.19 0.00
50.20 0.00
50.21 0.00
50.22 0.00
50.23 0.00
50.24 0.00
50.25 0.00
50.26 0.00
50.27 0.00
50.28 0.00
50.29 237.85
50.30 237.85
50.31 237.85
50.32 237.85
50.33 237.85
50.34 237.85
50.35 237.85
50.36 237.85
50.37 237.85
50.38 237.85
50.39 237.85
50.40 237.85
50.41 237.85
50.42 237.85
50.43 237.85
50.44 237.85
50.45 237.85
50.46 237.85
50.47 237.85
50.48 237.85
50.49 237.85
50.50 237.85
50.51 237.85
50.52 237.85
50.53 237.85
50.54 237.85
50.55 237.85
50.56 237.85
50.57 -1.00
50.58 -1.00
50.59 -1.00
50.60 -1.00
50.61 215.76
50.62 215.76
50.63 215.76
50.64 215.76
50.65 215.76
50.66 215.76
50.67 215.76
50.68 215.76
50.69 215.76
50.70 215.76
50.71 215.76
50.72 215.76
50.73 215.76
50.74 215.76
50.75 215.76
50.76 215.76
50.77 239.09
50.78 239.09
50.79 239.09
50.80 239.09
50.81 239.09
50.82 239.09
50.83 239.09
50.84 239.09
50.85 239.09
50.86 239.09
50.87 239.09
50.88 239.09
50.89 239.09
50.90 239.09
50.91 239.09
50.92 239.09
50.93 239.09
50.94 239.09
50.95 239.09
50.96 239.09
50.97 239.09
50.98 239.09
50.99 239.09
51.00 239.09
51.01 239.09
51.02 239.09
51.03 239.09
51.04 239.09
51.05 239.09
51.06 239.09
51.07 239.09
51.08 239.09
51.09 239.09
51.10 239.09
51.11 239.09
51.12 239.09
51.13 239.09
51.14 239.09
51.15 239.09
51.16 239.09
51.17 239.09
51.18 239.09
51.19 239.09
51.20 239.09
51.21 239.09
51.22 239.09
51.23 239.09
51.24 239.09
51.25 239.09
51.26 239.09
51.27 239.09
51.28 239.09
51.29 239.09
51.30 239.09
51.31 239.09
51.32 239.09
51.33 239.09
51.34 239.09
51.35 239.09
51.36 239.09
51.37 239.09
51.38 239.09
51.39 239.09
51.40 239.09
51.41 239.09
51.42 239.09
51.43 239.09
51.44 239.09
51.45 239.09
51.46 239.09
51.47 239.09
51.48 239.09
51.49 239.09
51.50 239.09
51.51 239.09
51.52 239.09
51.53 239.09
51.54 239.09
51.55 239.09
51.56 239.09
51.57 239.09
51.58 239.09
51.59 239.09
51.60 239.09
51.61 239.09
51.62 239.09
51.63 239.09
51.64 239.09
51.65 239.09
51.66 239.09
51.67 239.09
51.68 239.09
51.69 239.09
51.70 239.09
51.71 239.09
51.72 239.09
51.73 239.09
51.74 239.09
51.75 239.09
51.76 239.09
51.77 239.09
51.78 239.09
51.79 239.09
51.80 239.09
51.81 239.09
51.82 239.09
51.83 239.09
51.84 239.09
51.85 239.09
51.86 239.09
51.87 239.09
51.88 239.09
51.89 239.09
51.90 239.09
51.91 239.09
51.92 239.09
51.93 219.43
51.94 219.43
51.95 219.43
51.96 219.43
51.97 219.43
51.98 219.43
51.99 219.43
52.00 219.43
52.01 219.43
52.02 219.43
52.03 219.43
52.04 219.43
52.05 219.43
52.06 219.43
52.07 244.93
52.08 244.93
52.09 244.93
52.10 244.93
52.11 244.93
52.12 244.93
52.13 244.93
52.14 244.93
52.15 219.08
52.16 219.08
52.17 219.08
52.18 219.08
52.19 219.08
52.20 219.08
52.21 219.08
52.22 219.08
52.23 219.08
52.24 219.08
52.25 219.08
52.26 219.08
52.27 219.08
52.28 219.08
52.29 219.08
52.30 219.08
52.31 219.08
52.32 219.08
52.33 219.08
52.34 219.08
52.35 219.08
52.36 219.08
52.37 219.08
52.38 219.08
52.39 219.08
52.40 219.08
52.41 219.08
52.42 219.08
52.43 219.08
52.44 219.08
52.45 219.08
52.46 219.08
52.47 219.08
52.48 219.08
52.49 219.08
52.50 219.08
52.51 219.08
52.52 219.08
52.53 219.08
52.54 219.08
52.55 219.08
52.56 219.08
52.57 219.08
52.58 219.08
52.59 219.08
52.60 219.08
52.61 219.08
52.62 219.08
52.63 219.08
52.64 219.08
52.65 219.08
52.66 219.08
52.67 219.08
52.68 219.08
52.69 219.08
52.70 219.08
52.71 219.08
52.72 219.08
52.73 219.08
52.74 102.31
52.75 199.21
52.76 199.21
52.77 199.21
52.78 199.21
52.79 199.21
52.80 199.21
52.81 199.21
52.82 199.21
52.83 199.21
52.84 199.21
52.85 199.21
52.86 199.21
52.87 199.21
52.88 199.21
52.89 199.21
52.90 199.21
52.91 199.21
52.92 199.21
52.93 199.21
52.94 199.21
52.95 199.21
52.96 199.21
52.97 199.21
52.98 199.21
52.99 199.21
53.00 199.21
53.01 199.21
53.02 199.21
53.03 199.21
53.04 199.21
53.05 199.21
53.06 199.21
53.07 199.21
53.08 199.21
53.09 199.21
53.10 199.21
53.11 199.21
53.12 199.21
53.13 199.21
53.14 199.21
53.15 199.21
53.16 0.00
53.17 0.00
53.18 0.00
53.19 0.00
53.20 0.00
53.21 0.00
53.22 0.00
53.23 0.00
53.24 0.00
53.25 0.00
53.26 0.00
53.27 0.00
53.28 0.00
53.29 0.00
53.30 0.00
53.31 0.00
53.32 0.00
53.33 0.00
53.34 0.00
53.35 0.00
53.36 0.00
53.37 0.00
53.38 0.00
53.39 0.00
53.40 0.00
53.41 0.00
53.42 0.00
53.43 0.00
53.44 0.00
53.45 0.00
53.46 0.00
53.47 0.00
53.48 0.00
53.49 0.00
53.50 0.00
53.51 0.00
53.52 0.00
53.53 0.00
53.54 0.00
53.55 0.00
53.56 0.00
53.57 241.92
53.58 241.92
53.59 241.92
53.60 241.92
53.61 241.92
53.62 241.92
53.63 241.92
53.64 241.92
53.65 241.92
53.66 241.92
53.67 241.92
53.68 241.92
53.69 241.92
53.70 241.92
53.71 241.92
53.72 241.92
53.73 241.92
53.74 241.92
53.75 241.92
53.76 241.92
53.77 241.92
53.78 241.92
53.79 241.92
53.80 241.92
53.81 241.92
53.82 241.92
53.83 241.92
53.84 241.92
53.85 241.92
53.86 241.92
53.87 241.92
53.88 241.92
53.89 241.92
53.90 241.92
53.91 241.92
53.92 241.92
53.93 241.92
53.94 241.92
53.95 241.92
53.96 241.92
53.97 241.92
53.98 241.92
53.99 241.92
54.00 241.92
54.01 241.92
54.02 241.92
54.03 241.92
54.04 241.92
54.05 241.92
54.06 241.92
54.07 241.92
54.08 241.92
54.09 241.92
54.10 241.92
54.11 241.92
54.12 241.92
54.13 241.92
54.14 241.92
54.15 241.92
54.16 241.92
54.17 241.92
54.18 241.92
54.19 241.92
54.20 241.92
54.21 241.92
54.22 241.92
54.23 241.92
54.24 241.92
54.25 241.92
54.26 241.92
54.27 241.92
54.28 241.92
54.29 241.92
54.30 241.92
54.31 241.92
54.32 241.92
54.33 241.92
54.34 241.92
54.35 241.92
54.36 241.92
54.37 241.92
54.38 241.92
54.39 241.92
54.40 241.92
54.41 241.92
54.42 241.92
54.43 241.92
54.44 241.92
54.45 241.92
54.46 241.92
54.47 241.92
54.48 241.92
54.49 241.92
54.50 241.92
54.51 241.92
54.52 241.92
54.53 241.92
54.54 241.92
54.55 241.92
54.56 241.92
54.57 241.92
54.58 241.92
54.59 241.92
54.60 241.92
54.61 241.92
54.62 241.92
54.63 241.92
54.64 241.92
54.65 241.92
54.66 241.92
54.67 241.92
54.68 241.92
54.69 241.92
54.70 241.92
54.71 241.92
54.72 -1.00
54.73 -1.00
54.74 -1.00
54.75 -1.00
54.76 -1.00
54.77 243.04
54.78 243.04
54.79 243.04
54.80 243.04
54.81 243.04
54.82 243.04
54.83 243.04
54.84 243.04
54.85 243.04
54.86 243.04
54.87 243.04
54.88 243.04
54.89 243.04
54.90 243.04
54.91 243.04
54.92 243.04
54.93 243.04
54.94 243.04
54.95 243.04
54.96 243.04
54.97 243.04
54.98 243.04
54.99 243.04
55.00 243.04
55.01 243.04
55.02 243.04
55.03 243.04
55.04 243.04
55.05 243.04
55.06 243.04
55.07 243.04
55.08 243.04
55.09 243.04
55.10 243.04
55.11 243.04
55.12 243.04
55.13 112.85
55.14 214.67
55.15 214.67
55.16 214.67
55.17 214.67
55.18 214.67
55.19 214.67
55.20 214.67
55.21 214.67
55.22 214.67
55.23 214.67
55.24 214.67
55.25 214.67
55.26 214.67
55.27 214.67
55.28 214.67
55.29 214.67
55.30 214.67
55.31 214.67
55.32 214.67
55.33 214.67
55.34 214.67
55.35 214.67
55.36 214.67
55.37 214.67
55.38 214.67
55.39 214.67
55.40 214.67
55.41 214.67
55.42 214.67
55.43 214.67
55.44 214.67
55.45 214.67
55.46 214.67
55.47 214.67
55.48 214.67
55.49 214.67
55.50 214.67
55.51 214.67
55.52 214.67
55.53 214.67
55.54 214.67
55.55 214.67
55.56 214.67
55.57 214.67
55.58 214.67
55.59 214.67
55.60 214.67
55.61 214.67
55.62 214.67
55.63 214.67
55.64 214.67
55.65 214.67
55.66 214.67
55.67 214.67
55.68 214.67
55.69 214.67
55.70 214.67
55.71 214.67
55.72 214.67
55.73 214.67
55.74 214.67
55.75 214.67
55.76 214.67
55.77 214.67
55.78 214.67
55.79 214.67
55.80 214.67
55.81 214.67
55.82 214.67
55.83 214.67
55.84 214.67
55.85 214.67
55.86 214.67
55.87 214.67
55.88 214.67
55.89 214.67
55.90 214.67
55.91 200.31
55.92 200.31
55.93 200.31
55.94 200.31
55.95 200.31
55.96 200.31
55.97 200.31
55.98 200.31
55.99 200.31
56.00 200.31
56.01 200.31
56.02 200.31
56.03 200.31
56.04 200.31
56.05 200.31
56.06 200.31
56.07 200.31
56.08 200.31
56.09 200.31
56.10 200.31
56.11 200.31
56.12 200.31
56.13 200.31
56.14 200.31
56.15 200.31
56.16 200.31
56.17 200.31
56.18 200.31
56.19 200.31
56.20 200.31
56.21 200.31
56.22 200.31
56.23 200.31
56.24 200.31
56.25 200.31
56.26 200.31
56.27 200.31
56.28 200.31
56.29 211.51
56.30 211.51
56.31 211.51
56.32 211.51
56.33 211.51
56.34 211.51
56.35 211.51
56.36 211.51
56.37 211.51
56.38 211.51
56.39 211.51
56.40 211.51
56.41 211.51
56.42 211.51
56.43 211.51
56.44 211.51
56.45 211.51
56.46 211.51
56.47 211.51
56.48 211.51
56.49 211.51
56.50 211.51
56.51 211.51
56.52 211.51
56.53 211.51
56.54 211.51
56.55 211.51
56.56 211.51
56.57 211.51
56.58 211.51
56.59 211.51
56.60 211.51
56.61 211.51
56.62 211.51
56.63 211.51
56.64 211.51
56.65 211.51
56.66 211.51
56.67 211.51
56.68 211.51
56.69 211.51
56.70 211.51
56.71 211.51
56.72 211.51
56.73 211.51
56.74 211.51
56.75 211.51
56.76 211.51
56.77 187.69
56.78 187.69
56.79 187.69
56.80 187.69
56.81 187.69
56.82 187.69
56.83 187.69
56.84 187.69
56.85 187.69
56.86 181.49
56.87 181.49
56.88 181.49
56.89 181.49
56.90 181.49
56.91 181.49
56.92 181.49
56.93 181.49
56.94 181.49
56.95 181.49
56.96 181.49
56.97 181.49
56.98 181.49
56.99 181.49
57.00 181.49
57.01 181.49
57.02 181.49
57.03 181.49
57.04 181.49
57.05 181.49
57.06 181.49
57.07 181.49
57.08 181.49
57.09 181.49
57.10 181.49
57.11 181.49
57.12 181.49
57.13 181.49
57.14 181.49
57.15 181.49
57.16 181.49
57.17 181.49
57.18 181.49
57.19 181.49
57.20 181.49
57.21 181.49
57.22 181.49
57.23 181.49
57.24 181.49
57.25 181.49
57.26 181.49
57.27 181.49
57.28 181.49
57.29 181.49
57.30 181.49
57.31 181.49
57.32 181.49
57.33 181.49
57.34 181.49
57.35 181.49
57.36 181.49
57.37 181.49
57.38 181.49
57.39 181.49
57.40 181.49
57.41 181.49
57.42 181.49
57.43 181.49
57.44 181.49
57.45 181.49
57.46 181.49
57.47 181.49
57.48 181.49
57.49 181.49
57.50 181.49
57.51 181.49
57.52 181.49
57.53 181.49
57.54 181.49
57.55 181.49
57.56 181.49
57.57 181.49
57.58 181.49
57.59 181.49
57.60 181.49
57.61 181.49
57.62 181.49
57.63 181.49
57.64 181.49
57.65 181.49
57.66 181.49
57.67 181.49
57.68 181.49
57.69 181.49
57.70 181.49
57.71 181.49
57.72 181.49
57.73 181.49
57.74 181.49
57.75 181.49
57.76 181.49
57.77 181.49
57.78 181.49
57.79 181.49
57.80 181.49
57.81 181.49
57.82 181.49
57.83 181.49
57.84 181.49
57.85 181.49
57.86 181.49
57.87 181.49
57.88 181.49
57.89 181.49
57.90 181.49
57.91 0.00
57.92 0.00
57.93 0.00
57.94 0.00
57.95 0.00
57.96 0.00
57.97 0.00
57.98 0.00
57.99 0.00
58.00 0.00
58.01 0.00
58.02 0.00
58.03 0.00
58.04 0.00
58.05 0.00
58.06 0.00
58.07 0.00
58.08 0.00
58.09 0.00
58.10 0.00
58.11 0.00
58.12 0.00
58.13 0.00
58.14 0.00
58.15 0.00
58.16 0.00
58.17 0.00
58.18 0.00
58.19 0.00
58.20 0.00
58.21 0.00
58.22 0.00
58.23 0.00
58.24 0.00
58.25 0.00
58.26 0.00
58.27 0.00
58.28 0.00
58.29 0.00
58.30 0.00
58.31 68.94
58.32 70.10
58.33 72.08
58.34 74.08
58.35 76.73
58.36 80.91
58.37 83.08
58.38 86.10
58.39 89.76
58.40 92.53
58.41 196.22
58.42 196.22
58.43 196.22
58.44 196.22
58.45 196.22
58.46 196.22
58.47 196.22
58.48 210.33
58.49 210.33
58.50 210.33
58.51 210.33
58.52 210.33
58.53 210.33
58.54 210.33
58.55 210.33
58.56 210.33
58.57 222.90
58.58 222.90
58.59 222.90
58.60 222.90
58.61 222.90
58.62 222.90
58.63 222.90
58.64 222.90
58.65 222.90
58.66 222.90
58.67 222.90
58.68 222.90
58.69 222.90
58.70 222.90
58.71 222.90
58.72 222.90
58.73 222.90
58.74 222.90
58.75 222.90
58.76 222.90
58.77 222.90
58.78 222.90
58.79 222.90
58.80 222.90
58.81 222.90
58.82 222.90
58.83 222.90
58.84 222.90
58.85 222.90
58.86 222.90
58.87 222.90
58.88 222.90
58.89 222.90
58.90 222.90
58.91 222.90
58.92 222.90
58.93 222.90
58.94 222.90
58.95 222.90
58.96 222.90
58.97 222.90
58.98 222.90
58.99 222.90
59.00 222.90
59.01 222.90
59.02 222.90
59.03 222.90
59.04 222.90
59.05 222.90
59.06 222.90
59.07 222.90
59.08 222.90
59.09 203.54
59.10 203.54
59.11 203.54
59.12 203.54
59.13 203.54
59.14 203.54
59.15 203.54
59.16 203.54
59.17 203.54
59.18 203.54
59.19 203.54
59.20 203.54
59.21 203.54
59.22 203.54
59.23 203.54
59.24 203.54
59.25 203.54
59.26 203.54
59.27 203.54
59.28 203.54
59.29 203.54
59.30 203.54
59.31 203.54
59.32 203.54
59.33 203.54
59.34 203.54
59.35 203.54
59.36 203.54
59.37 203.54
59.38 203.54
59.39 203.54
59.40 203.54
59.41 203.54
59.42 203.54
59.43 203.54
59.44 203.54
59.45 203.54
59.46 203.54
59.47 203.54
59.48 203.54
59.49 203.54
59.50 203.54
59.51 203.54
59.52 203.54
59.53 203.54
59.54 203.54
59.55 203.54
59.56 203.54
59.57 203.54
59.58 203.54
59.59 203.54
59.60 203.54
59.61 203.54
59.62 203.54
59.63 203.54
59.64 203.54
59.65 203.54
59.66 203.54
59.67 203.54
59.68 203.54
59.69 203.54
59.70 203.54
59.71 203.54
59.72 203.54
59.73 203.54
59.74 203.54
59.75 203.54
59.76 203.54
59.77 203.54
59.78 203.54
59.79 203.54
59.80 203.54
59.81 203.54
59.82 203.54
59.83 203.54
59.84 203.54
59.85 203.54
59.86 203.54
59.87 203.54
59.88 203.54
59.89 203.54
59.90 203.54
59.91 203.54
59.92 203.54
59.93 203.54
59.94 203.54
59.95 203.54
59.96 203.54
59.97 203.54
59.98 203.54
59.99 203.54
60.00 94.18
60.01 181.50
60.02 181.50
60.03 181.50
60.04 181.50
60.05 181.50
60.06 181.50
60.07 181.50
60.08 181.50
60.09 181.50
60.10 181.50
60.11 181.50
60.12 181.50
60.13 181.50
60.14 181.50
60.15 181.50
60.16 181.50
60.17 181.50
60.18 181.50
60.19 181.50
60.20 181.50
60.21 181.50
60.22 181.50
60.23 181.50
60.24 181.50
60.25 181.50
60.26 181.50
60.27 181.50
60.28 181.50
60.29 181.50
60.30 181.50
60.31 181.50
60.32 181.50
60.33 181.50
60.34 181.50
60.35 181.50
60.36 181.50
60.37 181.50
60.38 181.50
60.39 181.50
60.40 181.50
60.41 181.50
60.42 181.50
60.43 181.50
60.44 181.50
60.45 181.50
60.46 181.50
60.47 181.50
60.48 181.50
60.49 181.50
60.50 181.50
60.51 181.50
60.52 181.50
60.53 181.50
60.54 181.50
60.55 181.50
60.56 181.50
60.57 181.50
60.58 181.50
60.59 181.50
60.60 181.50
60.61 181.50
60.62 181.50
60.63 181.50
60.64 181.50
60.65 181.50
60.66 181.50
60.67 181.50
60.68 181.50
60.69 181.50
60.70 181.50
60.71 181.50
60.72 181.50
60.73 181.50
60.74 181.50
60.75 181.50
60.76 181.50
60.77 181.50
60.78 181.50
60.79 181.50
60.80 181.50
60.81 181.50
60.82 181.50
60.83 181.50
60.84 181.50
60.85 181.50
60.86 181.50
60.87 181.50
60.88 181.50
60.89 181.50
60.90 181.50
60.91 181.50
60.92 181.50
60.93 181.50
60.94 181.50
60.95 181.50
60.96 181.50
60.97 181.50
60.98 181.50
60.99 181.50
61.00 181.50
61.01 181.50
61.02 181.50
61.03 181.50
61.04 181.50
61.05 181.50
61.06 181.50
61.07 181.50
61.08 181.50
61.09 181.50
61.10 181.50
61.11 181.50
61.12 181.50
61.13 181.50
61.14 181.50
61.15 181.50
61.16 181.50
61.17 181.50
61.18 181.50
61.19 181.50
61.20 181.50
61.21 181.50
61.22 181.50
61.23 181.50
61.24 181.50
61.25 181.50
61.26 181.50
61.27 181.50
61.28 181.50
61.29 181.50
61.30 181.50
61.31 181.50
61.32 181.50
61.33 181.50
61.34 181.50
61.35 181.50
61.36 181.50
61.37 181.50
61.38 181.50
61.39 181.50
61.40 181.50
61.41 181.50
61.42 181.50
61.43 181.50
61.44 181.50
61.45 181.50
61.46 181.50
61.47 181.50
61.48 181.50
61.49 181.50
61.50 181.50
61.51 181.50
61.52 83.05
61.53 81.69
61.54 79.99
61.55 78.54
61.56 77.29
61.57 75.81
61.58 74.54
61.59 73.30
61.60 72.32
61.61 70.95
61.62 69.63
61.63 68.32
61.64 67.25
61.65 65.54
61.66 62.61
61.67 61.04
61.68 114.73
61.69 114.73
61.70 114.73
61.71 114.73
61.72 114.73
61.73 114.73
61.74 114.73
61.75 114.73
61.76 0.00
61.77 0.00
61.78 0.00
61.79 0.00
61.80 0.00
61.81 0.00
61.82 0.00
61.83 0.00
61.84 0.00
61.85 0.00
61.86 0.00
61.87 0.00
61.88 0.00
61.89 0.00
61.90 0.00
61.91 0.00
61.92 0.00
61.93 0.00
61.94 0.00
61.95 0.00
61.96 0.00
61.97 0.00
61.98 0.00
61.99 0.00
62.00 0.00
62.01 0.00
62.02 0.00
62.03 0.00
62.04 0.00
62.05 0.00
62.06 0.00
62.07 0.00
62.08 0.00
62.09 0.00
62.10 0.00
62.11 0.00
62.12 0.00
62.13 0.00
62.14 0.00
62.15 0.00
62.16 0.00
62.17 0.00
62.18 0.00
62.19 0.00
62.20 0.00
62.21 0.00
62.22 0.00
62.23 0.00
62.24 0.00
62.25 0.00
62.26 0.00
