0.00 0.00
0.01 0.00
0.02 0.00
0.03 0.00
0.04 0.00
0.05 0.00
0.06 0.00
0.07 0.00
0.08 0.00
0.09 0.00
0.10 0.00
0.11 0.00
0.12 0.00
0.13 0.00
0.14 0.00
0.15 0.00
0.16 0.00
0.17 0.00
0.18 0.00
0.19 0.00
0.20 0.00
0.21 0.00
0.22 0.00
0.23 0.00
0.24 0.00
0.25 0.00
0.26 0.00
0.27 0.00
0.28 0.00
0.29 0.00
0.30 0.00
0.31 0.00
0.32 0.00
0.33 0.00
0.34 0.00
0.35 0.00
0.36 0.00
0.37 0.00
0.38 0.00
0.39 0.00
0.40 0.00
0.41 0.00
0.42 0.00
0.43 0.00
0.44 0.00
0.45 0.00
0.46 0.00
0.47 0.00
0.48 0.00
0.49 0.00
0.50 0.00
0.51 0.00
0.52 0.00
0.53 0.00
0.54 0.00
0.55 0.00
0.56 0.00
0.57 0.00
0.58 0.00
0.59 0.00
0.60 0.00
0.61 0.00
0.62 0.00
0.63 0.00
0.64 0.00
0.65 0.00
0.66 0.00
0.67 0.00
0.68 0.00
0.69 0.00
0.70 0.00
0.71 0.00
0.72 0.00
0.73 0.00
0.74 0.00
0.75 0.00
0.76 0.00
0.77 0.00
0.78 0.00
0.79 0.00
0.80 0.00
0.81 0.00
0.82 0.00
0.83 0.00
0.84 0.00
0.85 0.00
0.86 0.00
0.87 0.00
0.88 0.00
0.89 0.00
0.90 0.00
0.91 0.00
0.92 0.00
0.93 0.00
0.94 0.00
0.95 0.00
0.96 0.00
0.97 0.00
0.98 0.00
0.99 0.00
1.00 0.00
1.01 0.00
1.02 0.00
1.03 0.00
1.04 0.00
1.05 0.00
1.06 0.00
1.07 0.00
1.08 0.00
1.09 0.00
1.10 0.00
1.11 0.00
1.12 0.00
1.13 0.00
1.14 0.00
1.15 0.00
1.16 0.00
1.17 0.00
1.18 0.00
1.19 0.00
1.20 0.00
1.21 0.00
1.22 0.00
1.23 0.00
1.24 0.00
1.25 0.00
1.26 0.00
1.27 0.00
1.28 0.00
1.29 0.00
1.30 0.00
1.31 0.00
1.32 0.00
1.33 0.00
1.34 0.00
1.35 0.00
1.36 0.00
1.37 0.00
1.38 0.00
1.39 0.00
1.40 0.00
1.41 0.00
1.42 0.00
1.43 0.00
1.44 0.00
1.45 0.00
1.46 0.00
1.47 0.00
1.48 0.00
1.49 0.00
1.50 0.00
1.51 0.00
1.52 0.00
1.53 0.00
1.54 0.00
1.55 0.00
1.56 0.00
1.57 0.00
1.58 0.00
1.59 0.00
1.60 0.00
1.61 0.00
1.62 0.00
1.63 0.00
1.64 0.00
1.65 0.00
1.66 0.00
1.67 0.00
1.68 0.00
1.69 0.00
1.70 0.00
1.71 0.00
1.72 0.00
1.73 0.00
1.74 0.00
1.75 0.00
1.76 0.00
1.77 0.00
1.78 0.00
1.79 0.00
1.80 0.00
1.81 0.00
1.82 0.00
1.83 0.00
1.84 0.00
1.85 0.00
1.86 0.00
1.87 0.00
1.88 0.00
1.89 0.00
1.90 0.00
1.91 0.00
1.92 0.00
1.93 0.00
1.94 0.00
1.95 0.00
1.96 0.00
1.97 0.00
1.98 0.00
1.99 0.00
2.00 0.00
2.01 0.00
2.02 0.00
2.03 0.00
2.04 0.00
2.05 0.00
2.06 0.00
2.07 0.00
2.08 0.00
2.09 0.00
2.10 0.00
2.11 0.00
2.12 0.00
2.13 0.00
2.14 0.00
2.15 0.00
2.16 0.00
2.17 0.00
2.18 0.00
2.19 0.00
2.20 0.00
2.21 0.00
2.22 0.00
2.23 0.00
2.24 0.00
2.25 0.00
2.26 0.00
2.27 0.00
2.28 0.00
2.29 0.00
2.30 0.00
2.31 0.00
2.32 0.00
2.33 0.00
2.34 0.00
2.35 0.00
2.36 0.00
2.37 0.00
2.38 0.00
2.39 0.00
2.40 0.00
2.41 0.00
2.42 0.00
2.43 0.00
2.44 0.00
2.45 0.00
2.46 0.00
2.47 0.00
2.48 0.00
2.49 0.00
2.50 0.00
2.51 0.00
2.52 0.00
2.53 0.00
2.54 0.00
2.55 0.00
2.56 0.00
2.57 0.00
2.58 0.00
2.59 0.00
2.60 0.00
2.61 0.00
2.62 0.00
2.63 198.77
2.64 198.77
2.65 198.77
2.66 198.77
2.67 198.77
2.68 198.77
2.69 198.77
2.70 198.77
2.71 198.77
2.72 198.77
2.73 198.77
2.74 198.77
2.75 0.00
2.76 0.00
2.77 0.00
2.78 0.00
2.79 199.25
2.80 199.25
2.81 199.25
2.82 199.25
2.83 199.25
2.84 199.25
2.85 199.25
2.86 199.25
2.87 199.25
2.88 199.25
2.89 199.25
2.90 199.25
2.91 199.25
2.92 0.00
2.93 0.00
2.94 0.00
2.95 0.00
2.96 0.00
2.97 0.00
2.98 0.00
2.99 0.00
3.00 0.00
3.01 0.00
3.02 0.00
3.03 0.00
3.04 0.00
3.05 0.00
3.06 0.00
3.07 0.00
3.08 0.00
3.09 0.00
3.10 0.00
3.11 0.00
3.12 0.00
3.13 0.00
3.14 0.00
3.15 0.00
3.16 0.00
3.17 0.00
3.18 0.00
3.19 0.00
3.20 0.00
3.21 0.00
3.22 0.00
3.23 0.00
3.24 0.00
3.25 0.00
3.26 0.00
3.27 0.00
3.28 0.00
3.29 0.00
3.30 0.00
3.31 0.00
3.32 242.48
3.33 242.48
3.34 242.48
3.35 242.48
3.36 242.48
3.37 242.48
3.38 242.48
3.39 242.48
3.40 242.48
3.41 242.48
3.42 242.48
3.43 242.48
3.44 242.48
3.45 242.48
3.46 242.48
3.47 242.48
3.48 242.48
3.49 242.48
3.50 242.48
3.51 242.48
3.52 242.48
3.53 242.48
3.54 242.48
3.55 242.48
3.56 242.48
3.57 242.48
3.58 242.48
3.59 242.48
3.60 242.48
3.61 242.48
3.62 242.48
3.63 242.48
3.64 242.48
3.65 242.48
3.66 242.48
3.67 242.48
3.68 242.48
3.69 242.48
3.70 242.48
3.71 242.48
3.72 242.48
3.73 242.48
3.74 242.48
3.75 242.48
3.76 242.48
3.77 242.48
3.78 242.48
3.79 242.48
3.80 242.48
3.81 242.48
3.82 242.48
3.83 242.48
3.84 242.48
3.85 242.48
3.86 242.48
3.87 242.48
3.88 242.48
3.89 242.48
3.90 242.48
3.91 242.48
3.92 242.48
3.93 242.48
3.94 242.48
3.95 242.48
3.96 242.48
3.97 242.48
3.98 242.48
3.99 242.48
4.00 242.48
4.01 242.48
4.02 242.48
4.03 242.48
4.04 242.48
4.05 242.48
4.06 242.48
4.07 242.48
4.08 242.48
4.09 242.48
4.10 242.48
4.11 242.48
4.12 242.48
4.13 242.48
4.14 242.48
4.15 242.48
4.16 242.48
4.17 242.48
4.18 242.48
4.19 242.48
4.20 242.48
4.21 242.48
4.22 242.48
4.23 242.48
4.24 242.48
4.25 242.48
4.26 242.48
4.27 242.48
4.28 242.48
4.29 242.48
4.30 242.48
4.31 242.48
4.32 242.48
4.33 242.48
4.34 242.48
4.35 242.48
4.36 242.48
4.37 242.48
4.38 242.48
4.39 242.48
4.40 242.48
4.41 242.48
4.42 242.48
4.43 242.48
4.44 242.48
4.45 242.48
4.46 242.48
4.47 242.48
4.48 242.48
4.49 242.48
4.50 242.48
4.51 242.48
4.52 242.48
4.53 242.48
4.54 242.48
4.55 242.48
4.56 242.48
4.57 242.48
4.58 242.48
4.59 242.48
4.60 242.48
4.61 242.48
4.62 242.48
4.63 242.48
4.64 242.48
4.65 242.48
4.66 242.48
4.67 242.48
4.68 242.48
4.69 242.48
4.70 242.48
4.71 0.00
4.72 0.00
4.73 0.00
4.74 0.00
4.75 0.00
4.76 0.00
4.77 0.00
4.78 0.00
4.79 0.00
4.80 0.00
4.81 0.00
4.82 0.00
4.83 0.00
4.84 0.00
4.85 0.00
4.86 0.00
4.87 0.00
4.88 0.00
4.89 0.00
4.90 0.00
4.91 0.00
4.92 0.00
4.93 0.00
4.94 0.00
4.95 0.00
4.96 0.00
4.97 0.00
4.98 0.00
4.99 0.00
5.00 0.00
5.01 0.00
5.02 0.00
5.03 0.00
5.04 0.00
5.05 0.00
5.06 0.00
5.07 0.00
5.08 0.00
5.09 0.00
5.10 0.00
5.11 0.00
5.12 0.00
5.13 0.00
5.14 0.00
5.15 0.00
5.16 0.00
5.17 0.00
5.18 0.00
5.19 0.00
5.20 0.00
5.21 0.00
5.22 0.00
5.23 0.00
5.24 0.00
5.25 0.00
5.26 0.00
5.27 0.00
5.28 0.00
5.29 0.00
5.30 0.00
5.31 0.00
5.32 0.00
5.33 0.00
5.34 0.00
5.35 0.00
5.36 245.54
5.37 245.54
5.38 245.54
5.39 245.54
5.40 245.54
5.41 245.54
5.42 245.54
5.43 245.54
5.44 245.54
5.45 245.54
5.46 116.85
5.47 111.13
5.48 98.19
5.49 88.91
5.50 81.13
5.51 73.51
5.52 131.03
5.53 131.03
5.54 131.03
5.55 131.03
5.56 131.03
5.57 131.03
5.58 131.03
5.59 131.03
5.60 70.50
5.61 72.80
5.62 74.21
5.63 75.32
5.64 76.33
5.65 161.80
5.66 161.80
5.67 161.80
5.68 161.80
5.69 161.80
5.70 161.80
5.71 161.80
5.72 161.80
5.73 161.80
5.74 176.70
5.75 176.70
5.76 176.70
5.77 176.70
5.78 176.70
5.79 176.70
5.80 176.70
5.81 176.70
5.82 176.70
5.83 176.70
5.84 176.70
5.85 176.70
5.86 176.70
5.87 176.70
5.88 176.70
5.89 176.70
5.90 176.70
5.91 176.70
5.92 176.70
5.93 176.70
5.94 176.70
5.95 176.70
5.96 176.70
5.97 176.70
5.98 176.70
5.99 176.70
6.00 176.70
6.01 176.70
6.02 176.70
6.03 176.70
6.04 176.70
6.05 176.70
6.06 176.70
6.07 176.70
6.08 176.70
6.09 176.70
6.10 176.70
6.11 176.70
6.12 176.70
6.13 176.70
6.14 176.70
6.15 176.70
6.16 176.70
6.17 176.70
6.18 176.70
6.19 176.70
6.20 176.70
6.21 176.70
6.22 176.70
6.23 176.70
6.24 176.70
6.25 176.70
6.26 176.70
6.27 176.70
6.28 176.70
6.29 176.70
6.30 176.70
6.31 176.70
6.32 176.70
6.33 176.70
6.34 176.70
6.35 176.70
6.36 176.70
6.37 176.70
6.38 176.70
6.39 176.70
6.40 176.70
6.41 176.70
6.42 176.70
6.43 176.70
6.44 176.70
6.45 176.70
6.46 176.70
6.47 176.70
6.48 176.70
6.49 176.70
6.50 176.70
6.51 176.70
6.52 176.70
6.53 176.70
6.54 176.70
6.55 176.70
6.56 176.70
6.57 176.70
6.58 176.70
6.59 176.70
6.60 176.70
6.61 176.70
6.62 176.70
6.63 176.70
6.64 176.70
6.65 176.70
6.66 176.70
6.67 176.70
6.68 176.70
6.69 176.70
6.70 176.70
6.71 176.70
6.72 176.70
6.73 176.70
6.74 176.70
6.75 176.70
6.76 176.70
6.77 176.70
6.78 176.70
6.79 176.70
6.80 176.70
6.81 176.70
6.82 176.70
6.83 176.70
6.84 176.70
6.85 176.70
6.86 176.70
6.87 176.70
6.88 176.70
6.89 176.70
6.90 176.70
6.91 176.70
6.92 176.70
6.93 176.70
6.94 176.70
6.95 176.70
6.96 176.70
6.97 176.70
6.98 176.70
6.99 176.70
7.00 176.70
7.01 176.70
7.02 176.70
7.03 176.70
7.04 176.70
7.05 176.70
7.06 176.70
7.07 176.70
7.08 176.70
7.09 176.70
7.10 176.70
7.11 176.70
7.12 176.70
7.13 176.70
7.14 176.70
7.15 176.70
7.16 176.70
7.17 176.70
7.18 176.70
7.19 176.70
7.20 176.70
7.21 176.70
7.22 176.70
7.23 176.70
7.24 176.70
7.25 176.70
7.26 176.70
7.27 176.70
7.28 176.70
7.29 176.70
7.30 176.70
7.31 176.70
7.32 176.70
7.33 176.70
7.34 176.70
7.35 176.70
7.36 176.70
7.37 176.70
7.38 176.70
7.39 176.70
7.40 176.70
7.41 176.70
7.42 176.70
7.43 176.70
7.44 176.70
7.45 167.98
7.46 167.98
7.47 167.98
7.48 167.98
7.49 167.98
7.50 167.98
7.51 167.98
7.52 167.98
7.53 167.98
7.54 167.98
7.55 167.98
7.56 167.98
7.57 167.98
7.58 167.98
7.59 179.88
7.60 179.88
7.61 179.88
7.62 179.88
7.63 179.88
7.64 179.88
7.65 179.88
7.66 179.88
7.67 179.88
7.68 179.88
7.69 179.88
7.70 179.88
7.71 179.88
7.72 179.88
7.73 179.88
7.74 179.88
7.75 179.88
7.76 179.88
7.77 179.88
7.78 179.88
7.79 179.88
7.80 179.88
7.81 179.88
7.82 179.88
7.83 179.88
7.84 179.88
7.85 179.88
7.86 179.88
7.87 179.88
7.88 179.88
7.89 179.88
7.90 179.88
7.91 179.88
7.92 179.88
7.93 179.88
7.94 179.88
7.95 179.88
7.96 179.88
7.97 179.88
7.98 179.88
7.99 179.88
8.00 179.88
8.01 179.88
8.02 179.88
8.03 179.88
8.04 179.88
8.05 179.88
8.06 179.88
8.07 179.88
8.08 179.88
8.09 179.88
8.10 179.88
8.11 179.88
8.12 179.88
8.13 179.88
8.14 179.88
8.15 179.88
8.16 179.88
8.17 179.88
8.18 179.88
8.19 179.88
8.20 179.88
8.21 0.00
8.22 0.00
8.23 0.00
8.24 0.00
8.25 0.00
8.26 0.00
8.27 0.00
8.28 0.00
8.29 0.00
8.30 0.00
8.31 0.00
8.32 0.00
8.33 0.00
8.34 0.00
8.35 0.00
8.36 0.00
8.37 0.00
8.38 0.00
8.39 0.00
8.40 0.00
8.41 0.00
8.42 0.00
8.43 0.00
8.44 0.00
8.45 0.00
8.46 0.00
8.47 0.00
8.48 0.00
8.49 0.00
8.50 0.00
8.51 0.00
8.52 0.00
8.53 0.00
8.54 0.00
8.55 0.00
8.56 0.00
8.57 0.00
8.58 0.00
8.59 0.00
8.60 0.00
8.61 0.00
8.62 0.00
8.63 0.00
8.64 0.00
8.65 0.00
8.66 0.00
8.67 0.00
8.68 0.00
8.69 0.00
8.70 0.00
8.71 0.00
8.72 0.00
8.73 0.00
8.74 0.00
8.75 131.86
8.76 131.86
8.77 131.86
8.78 131.86
8.79 131.86
8.80 131.86
8.81 131.86
8.82 131.86
8.83 131.86
8.84 131.86
8.85 131.86
8.86 131.86
8.87 69.28
8.88 70.05
8.89 71.31
8.90 72.61
8.91 73.76
8.92 75.25
8.93 159.41
8.94 159.41
8.95 159.41
8.96 159.41
8.97 159.41
8.98 159.41
8.99 159.41
9.00 159.41
9.01 159.41
9.02 170.24
9.03 170.24
9.04 170.24
9.05 170.24
9.06 170.24
9.07 170.24
9.08 170.24
9.09 170.24
9.10 170.24
9.11 170.24
9.12 170.24
9.13 170.24
9.14 170.24
9.15 170.24
9.16 170.24
9.17 170.24
9.18 170.24
9.19 170.24
9.20 170.24
9.21 170.24
9.22 170.24
9.23 170.24
9.24 170.24
9.25 170.24
9.26 170.24
9.27 170.24
9.28 179.79
9.29 179.79
9.30 179.79
9.31 179.79
9.32 179.79
9.33 179.79
9.34 179.79
9.35 179.79
9.36 179.79
9.37 179.79
9.38 179.79
9.39 179.79
9.40 179.79
9.41 179.79
9.42 179.79
9.43 179.79
9.44 179.79
9.45 179.79
9.46 179.79
9.47 179.79
9.48 179.79
9.49 179.79
9.50 179.79
9.51 179.79
9.52 179.79
9.53 179.79
9.54 179.79
9.55 179.79
9.56 179.79
9.57 179.79
9.58 179.79
9.59 179.79
9.60 179.79
9.61 179.79
9.62 179.79
9.63 179.79
9.64 179.79
9.65 179.79
9.66 179.79
9.67 179.79
9.68 179.79
9.69 179.79
9.70 179.79
9.71 179.79
9.72 179.79
9.73 179.79
9.74 179.79
9.75 179.79
9.76 179.79
9.77 179.79
9.78 179.79
9.79 179.79
9.80 179.79
9.81 179.79
9.82 179.79
9.83 179.79
9.84 179.79
9.85 179.79
9.86 179.79
9.87 179.79
9.88 179.79
9.89 179.79
9.90 179.79
9.91 179.79
9.92 179.79
9.93 179.79
9.94 179.79
9.95 179.79
9.96 179.79
9.97 179.79
9.98 179.79
9.99 179.79
10.00 179.79
10.01 179.79
10.02 179.79
10.03 179.79
10.04 179.79
10.05 179.79
10.06 179.79
10.07 179.79
10.08 179.79
10.09 179.79
10.10 179.79
10.11 179.79
10.12 179.79
10.13 179.79
10.14 179.79
10.15 179.79
10.16 179.79
10.17 179.79
10.18 179.79
10.19 179.79
10.20 179.79
10.21 179.79
10.22 179.79
10.23 179.79
10.24 179.79
10.25 179.79
10.26 179.79
10.27 179.79
10.28 179.79
10.29 179.79
10.30 179.79
10.31 179.79
10.32 179.79
10.33 179.79
10.34 179.79
10.35 179.79
10.36 179.79
10.37 179.79
10.38 179.79
10.39 179.79
10.40 179.79
10.41 179.79
10.42 179.79
10.43 179.79
10.44 179.79
10.45 179.79
10.46 179.79
10.47 179.79
10.48 179.79
10.49 179.79
10.50 179.79
10.51 179.79
10.52 179.79
10.53 179.79
10.54 179.79
10.55 179.79
10.56 179.79
10.57 179.79
10.58 179.79
10.59 179.79
10.60 179.79
10.61 179.79
10.62 179.79
10.63 179.79
10.64 179.79
10.65 179.79
10.66 179.79
10.67 179.79
10.68 179.79
10.69 179.79
10.70 179.79
10.71 179.79
10.72 179.79
10.73 179.79
10.74 179.79
10.75 179.79
10.76 179.79
10.77 179.79
10.78 179.79
10.79 179.79
10.80 179.79
10.81 179.79
10.82 179.79
10.83 -1.00
10.84 -1.00
10.85 -1.00
10.86 174.88
10.87 174.88
10.88 174.88
10.89 174.88
10.90 174.88
10.91 174.88
10.92 174.88
10.93 174.88
10.94 174.88
10.95 174.88
10.96 153.32
10.97 153.32
10.98 153.32
10.99 153.32
11.00 153.32
11.01 153.32
11.02 153.32
11.03 153.32
11.04 153.32
11.05 153.32
11.06 153.32
11.07 153.32
11.08 153.32
11.09 153.32
11.10 153.32
11.11 153.32
11.12 153.32
11.13 153.32
11.14 153.32
11.15 153.32
11.16 153.32
11.17 153.32
11.18 153.32
11.19 153.32
11.20 153.32
11.21 71.27
11.22 139.63
11.23 139.63
11.24 139.63
11.25 139.63
11.26 139.63
11.27 139.63
11.28 139.63
11.29 139.63
11.30 139.63
11.31 139.63
11.32 139.63
11.33 139.63
11.34 139.63
11.35 139.63
11.36 139.63
11.37 139.63
11.38 139.63
11.39 139.63
11.40 139.63
11.41 139.63
11.42 139.63
11.43 139.63
11.44 139.63
11.45 139.63
11.46 139.63
11.47 139.63
11.48 139.63
11.49 139.63
11.50 139.63
11.51 139.63
11.52 139.63
11.53 139.63
11.54 139.63
11.55 139.63
11.56 139.63
11.57 139.63
11.58 139.63
11.59 139.63
11.60 139.63
11.61 139.63
11.62 139.63
11.63 139.63
11.64 139.63
11.65 139.63
11.66 139.63
11.67 139.63
11.68 139.63
11.69 139.63
11.70 139.63
11.71 139.63
11.72 139.63
11.73 139.63
11.74 139.63
11.75 139.63
11.76 139.63
11.77 139.63
11.78 139.63
11.79 139.63
11.80 139.63
11.81 139.63
11.82 139.63
11.83 139.63
11.84 139.63
11.85 139.63
11.86 139.63
11.87 139.63
11.88 139.63
11.89 139.63
11.90 139.63
11.91 139.63
11.92 139.63
11.93 139.63
11.94 139.63
11.95 139.63
11.96 139.63
11.97 139.63
11.98 139.63
11.99 139.63
12.00 139.63
12.01 139.63
12.02 139.63
12.03 139.63
12.04 139.63
12.05 139.63
12.06 139.63
12.07 139.63
12.08 139.63
12.09 139.63
12.10 139.63
12.11 139.63
12.12 139.63
12.13 139.63
12.14 139.63
12.15 139.63
12.16 139.63
12.17 139.63
12.18 139.63
12.19 139.63
12.20 139.63
12.21 139.63
12.22 139.63
12.23 139.63
12.24 139.63
12.25 139.63
12.26 139.63
12.27 139.63
12.28 139.63
12.29 139.63
12.30 139.63
12.31 139.63
12.32 139.63
12.33 139.63
12.34 139.63
12.35 139.63
12.36 139.63
12.37 139.63
12.38 139.63
12.39 139.63
12.40 139.63
12.41 139.63
12.42 139.63
12.43 139.63
12.44 139.63
12.45 139.63
12.46 139.63
12.47 139.63
12.48 139.63
12.49 139.63
12.50 139.63
12.51 139.63
12.52 139.63
12.53 139.63
12.54 139.63
12.55 139.63
12.56 139.63
12.57 139.63
12.58 139.63
12.59 139.63
12.60 139.63
12.61 139.63
12.62 139.63
12.63 139.63
12.64 139.63
12.65 139.63
12.66 139.63
12.67 139.63
12.68 139.63
12.69 139.63
12.70 139.63
12.71 139.63
12.72 139.63
12.73 139.63
12.74 139.63
12.75 139.63
12.76 139.63
12.77 139.63
12.78 139.63
12.79 139.63
12.80 139.63
12.81 139.63
12.82 139.63
12.83 139.63
12.84 139.63
12.85 139.63
12.86 139.63
12.87 139.63
12.88 139.63
12.89 139.63
12.90 139.63
12.91 139.63
12.92 139.63
12.93 139.63
12.94 139.63
12.95 139.63
12.96 139.63
12.97 139.63
12.98 139.63
12.99 139.63
13.00 139.63
13.01 139.63
13.02 139.63
13.03 139.63
13.04 139.63
13.05 139.63
13.06 139.63
13.07 132.66
13.08 132.66
13.09 132.66
13.10 132.66
13.11 132.66
13.12 132.66
13.13 132.66
13.14 132.66
13.15 132.66
13.16 132.66
13.17 132.66
13.18 132.66
13.19 132.66
13.20 132.66
13.21 132.66
13.22 73.41
13.23 159.83
13.24 159.83
13.25 159.83
13.26 159.83
13.27 159.83
13.28 159.83
13.29 159.83
13.30 159.83
13.31 159.83
13.32 159.83
13.33 159.83
13.34 159.83
13.35 159.83
13.36 159.83
13.37 159.83
13.38 159.83
13.39 159.83
13.40 159.83
13.41 159.83
13.42 159.83
13.43 159.83
13.44 159.83
13.45 159.83
13.46 159.83
13.47 159.83
13.48 159.83
13.49 159.83
13.50 159.83
13.51 159.83
13.52 159.83
13.53 159.83
13.54 159.83
13.55 159.83
13.56 159.83
13.57 159.83
13.58 159.83
13.59 159.83
13.60 159.83
13.61 159.83
13.62 159.83
13.63 159.83
13.64 159.83
13.65 159.83
13.66 159.83
13.67 159.83
13.68 159.83
13.69 159.83
13.70 159.83
13.71 159.83
13.72 159.83
13.73 159.83
13.74 159.83
13.75 159.83
13.76 159.83
13.77 159.83
13.78 159.83
13.79 159.83
13.80 159.83
13.81 159.83
13.82 159.83
13.83 159.83
13.84 159.83
13.85 159.83
13.86 159.83
13.87 159.83
13.88 159.83
13.89 159.83
13.90 159.83
13.91 159.83
13.92 159.83
13.93 159.83
13.94 159.83
13.95 159.83
13.96 159.83
13.97 159.83
13.98 159.83
13.99 159.83
14.00 159.83
14.01 159.83
14.02 159.83
14.03 159.83
14.04 159.83
14.05 159.83
14.06 159.83
14.07 159.83
14.08 159.83
14.09 159.83
14.10 159.83
14.11 159.83
14.12 159.83
14.13 159.83
14.14 159.83
14.15 159.83
14.16 159.83
14.17 159.83
14.18 159.83
14.19 159.83
14.20 159.83
14.21 159.83
14.22 159.83
14.23 159.83
14.24 159.83
14.25 159.83
14.26 159.83
14.27 159.83
14.28 159.83
14.29 159.83
14.30 159.83
14.31 159.83
14.32 159.83
14.33 159.83
14.34 159.83
14.35 159.83
14.36 159.83
14.37 159.83
14.38 159.83
14.39 159.83
14.40 159.83
14.41 159.83
14.42 159.83
14.43 159.83
14.44 159.83
14.45 159.83
14.46 159.83
14.47 159.83
14.48 159.83
14.49 159.83
14.50 159.83
14.51 159.83
14.52 159.83
14.53 159.83
14.54 159.83
14.55 159.83
14.56 159.83
14.57 159.83
14.58 159.83
14.59 144.83
14.60 144.83
14.61 144.83
14.62 144.83
14.63 144.83
14.64 144.83
14.65 144.83
14.66 -1.00
14.67 -1.00
14.68 -1.00
14.69 -1.00
14.70 -1.00
14.71 -1.00
14.72 -1.00
14.73 -1.00
14.74 -1.00
14.75 180.05
14.76 180.05
14.77 180.05
14.78 180.05
14.79 180.05
14.80 180.05
14.81 180.05
14.82 180.05
14.83 180.05
14.84 180.05
14.85 180.05
14.86 180.05
14.87 180.05
14.88 180.05
14.89 180.05
14.90 180.05
14.91 180.05
14.92 180.05
14.93 180.05
14.94 180.05
14.95 180.05
14.96 180.05
14.97 180.05
14.98 180.05
14.99 180.05
15.00 180.05
15.01 180.05
15.02 180.05
15.03 180.05
15.04 180.05
15.05 180.05
15.06 180.05
15.07 180.05
15.08 180.05
15.09 180.05
15.10 180.05
15.11 180.05
15.12 180.05
15.13 180.05
15.14 180.05
15.15 180.05
15.16 180.05
15.17 180.05
15.18 180.05
15.19 180.05
15.20 180.05
15.21 180.05
15.22 180.05
15.23 180.05
15.24 180.05
15.25 180.05
15.26 180.05
15.27 180.05
15.28 180.05
15.29 180.05
15.30 180.05
15.31 180.05
15.32 180.05
15.33 180.05
15.34 180.05
15.35 180.05
15.36 180.05
15.37 180.05
15.38 180.05
15.39 180.05
15.40 180.05
15.41 180.05
15.42 180.05
15.43 180.05
15.44 180.05
15.45 180.05
15.46 180.05
15.47 180.05
15.48 180.05
15.49 180.05
15.50 180.05
15.51 180.05
15.52 180.05
15.53 180.05
15.54 180.05
15.55 180.05
15.56 180.05
15.57 180.05
15.58 180.05
15.59 180.05
15.60 180.05
15.61 180.05
15.62 180.05
15.63 180.05
15.64 180.05
15.65 180.05
15.66 180.05
15.67 180.05
15.68 180.05
15.69 180.05
15.70 180.05
15.71 180.05
15.72 180.05
15.73 180.05
15.74 180.05
15.75 180.05
15.76 180.05
15.77 180.05
15.78 180.05
15.79 180.05
15.80 180.05
15.81 180.05
15.82 180.05
15.83 180.05
15.84 0.00
15.85 0.00
15.86 0.00
15.87 0.00
15.88 0.00
15.89 0.00
15.90 0.00
15.91 0.00
15.92 0.00
15.93 0.00
15.94 0.00
15.95 0.00
15.96 0.00
15.97 0.00
15.98 0.00
15.99 0.00
16.00 0.00
16.01 0.00
16.02 0.00
16.03 0.00
16.04 0.00
16.05 0.00
16.06 0.00
16.07 0.00
16.08 0.00
16.09 0.00
16.10 0.00
16.11 0.00
16.12 0.00
16.13 0.00
16.14 0.00
16.15 0.00
16.16 0.00
16.17 0.00
16.18 0.00
16.19 0.00
16.20 0.00
16.21 0.00
16.22 0.00
16.23 0.00
16.24 0.00
16.25 0.00
16.26 0.00
16.27 0.00
16.28 0.00
16.29 0.00
16.30 0.00
16.31 0.00
16.32 0.00
16.33 0.00
16.34 0.00
16.35 0.00
16.36 0.00
16.37 0.00
16.38 0.00
16.39 0.00
16.40 0.00
16.41 0.00
16.42 0.00
16.43 0.00
16.44 0.00
16.45 0.00
16.46 0.00
16.47 0.00
16.48 0.00
16.49 0.00
16.50 0.00
16.51 0.00
16.52 0.00
16.53 0.00
16.54 0.00
16.55 0.00
16.56 0.00
16.57 0.00
16.58 0.00
16.59 0.00
16.60 0.00
16.61 0.00
16.62 0.00
16.63 0.00
16.64 0.00
16.65 0.00
16.66 136.42
16.67 136.42
16.68 136.42
16.69 136.42
16.70 136.42
16.71 136.42
16.72 136.42
16.73 149.19
16.74 149.19
16.75 149.19
16.76 149.19
16.77 149.19
16.78 149.19
16.79 149.19
16.80 160.89
16.81 160.89
16.82 160.89
16.83 160.89
16.84 160.89
16.85 160.89
16.86 160.89
16.87 160.89
16.88 160.89
16.89 160.89
16.90 160.89
16.91 160.89
16.92 160.89
16.93 160.89
16.94 160.89
16.95 172.32
16.96 172.32
16.97 172.32
16.98 172.32
16.99 172.32
17.00 172.32
17.01 172.32
17.02 172.32
17.03 172.32
17.04 172.32
17.05 172.32
17.06 172.32
17.07 172.32
17.08 172.32
17.09 172.32
17.10 180.77
17.11 180.77
17.12 180.77
17.13 180.77
17.14 180.77
17.15 180.77
17.16 180.77
17.17 180.77
17.18 180.77
17.19 180.77
17.20 180.77
17.21 180.77
17.22 180.77
17.23 180.77
17.24 180.77
17.25 180.77
17.26 180.77
17.27 180.77
17.28 180.77
17.29 180.77
17.30 180.77
17.31 180.77
17.32 180.77
17.33 180.77
17.34 180.77
17.35 180.77
17.36 180.77
17.37 180.77
17.38 180.77
17.39 180.77
17.40 180.77
17.41 180.77
17.42 180.77
17.43 180.77
17.44 180.77
17.45 180.77
17.46 180.77
17.47 180.77
17.48 180.77
17.49 180.77
17.50 180.77
17.51 180.77
17.52 180.77
17.53 180.77
17.54 180.77
17.55 180.77
17.56 180.77
17.57 180.77
17.58 180.77
17.59 180.77
17.60 180.77
17.61 180.77
17.62 180.77
17.63 180.77
17.64 180.77
17.65 180.77
17.66 180.77
17.67 180.77
17.68 180.77
17.69 180.77
17.70 180.77
17.71 180.77
17.72 180.77
17.73 180.77
17.74 180.77
17.75 180.77
17.76 180.77
17.77 180.77
17.78 180.77
17.79 180.77
17.80 180.77
17.81 180.77
17.82 180.77
17.83 180.77
17.84 180.77
17.85 180.77
17.86 180.77
17.87 180.77
17.88 180.77
17.89 180.77
17.90 180.77
17.91 180.77
17.92 180.77
17.93 180.77
17.94 180.77
17.95 180.77
17.96 180.77
17.97 180.77
17.98 180.77
17.99 180.77
18.00 180.77
18.01 180.77
18.02 180.77
18.03 180.77
18.04 180.77
18.05 180.77
18.06 180.77
18.07 180.77
18.08 180.77
18.09 180.77
18.10 180.77
18.11 180.77
18.12 180.77
18.13 180.77
18.14 180.77
18.15 180.77
18.16 180.77
18.17 180.77
18.18 180.77
18.19 180.77
18.20 180.77
18.21 180.77
18.22 180.77
18.23 180.77
18.24 180.77
18.25 180.77
18.26 180.77
18.27 180.77
18.28 180.77
18.29 180.77
18.30 180.77
18.31 180.77
18.32 180.77
18.33 180.77
18.34 180.77
18.35 180.77
18.36 180.77
18.37 180.77
18.38 180.77
18.39 180.77
18.40 180.77
18.41 180.77
18.42 180.77
18.43 180.77
18.44 180.77
18.45 180.77
18.46 180.77
18.47 180.77
18.48 180.77
18.49 180.77
18.50 180.77
18.51 180.77
18.52 180.77
18.53 180.77
18.54 180.77
18.55 180.77
18.56 180.77
18.57 180.77
18.58 180.77
18.59 180.77
18.60 180.77
18.61 180.77
18.62 180.77
18.63 180.77
18.64 180.77
18.65 180.77
18.66 180.77
18.67 180.77
18.68 180.77
18.69 180.77
18.70 180.77
18.71 180.77
18.72 180.77
18.73 180.77
18.74 180.77
18.75 180.77
18.76 180.77
18.77 180.77
18.78 180.77
18.79 180.77
18.80 180.77
18.81 180.77
18.82 180.77
18.83 180.77
18.84 180.77
18.85 180.77
18.86 180.77
18.87 180.77
18.88 180.77
18.89 180.77
18.90 180.77
18.91 180.77
18.92 180.77
18.93 180.77
18.94 180.77
18.95 180.77
18.96 180.77
18.97 180.77
18.98 180.77
18.99 180.77
19.00 180.77
19.01 180.77
19.02 180.77
19.03 180.77
19.04 180.77
19.05 180.77
19.06 180.77
19.07 180.77
19.08 180.77
19.09 180.77
19.10 180.77
19.11 180.77
19.12 180.77
19.13 180.77
19.14 180.77
19.15 180.77
19.16 180.77
19.17 180.77
19.18 180.77
19.19 180.77
19.20 180.77
19.21 180.77
19.22 180.77
19.23 180.77
19.24 180.77
19.25 180.77
19.26 180.77
19.27 180.77
19.28 180.77
19.29 180.77
19.30 180.77
19.31 180.77
19.32 180.77
19.33 180.77
19.34 180.77
19.35 180.77
19.36 180.77
19.37 180.77
19.38 180.77
19.39 180.77
19.40 180.77
19.41 180.77
19.42 180.77
19.43 180.77
19.44 180.77
19.45 180.77
19.46 180.77
19.47 180.77
19.48 180.77
19.49 180.77
19.50 180.77
19.51 180.77
19.52 180.77
19.53 180.77
19.54 180.77
19.55 180.77
19.56 180.77
19.57 180.77
19.58 180.77
19.59 180.77
19.60 180.77
19.61 177.05
19.62 177.05
19.63 177.05
19.64 177.05
19.65 177.05
19.66 177.05
19.67 177.05
19.68 177.05
19.69 177.05
19.70 177.05
19.71 177.05
19.72 177.05
19.73 177.05
19.74 177.05
19.75 177.05
19.76 177.05
19.77 177.05
19.78 177.05
19.79 177.05
19.80 177.05
19.81 177.05
19.82 177.05
19.83 177.05
19.84 177.05
19.85 177.05
19.86 177.05
19.87 177.05
19.88 177.05
19.89 177.05
19.90 177.05
19.91 177.05
19.92 177.05
19.93 177.05
19.94 177.05
19.95 177.05
19.96 177.05
19.97 177.05
19.98 177.05
19.99 177.05
20.00 177.05
20.01 177.05
20.02 177.05
20.03 177.05
20.04 177.05
20.05 177.05
20.06 177.05
20.07 177.05
20.08 177.05
20.09 177.05
20.10 177.05
20.11 177.05
20.12 177.05
20.13 177.05
20.14 177.05
20.15 177.05
20.16 177.05
20.17 177.05
20.18 177.05
20.19 177.05
20.20 177.05
20.21 177.05
20.22 177.05
20.23 177.05
20.24 177.05
20.25 177.05
20.26 177.05
20.27 177.05
20.28 177.05
20.29 177.05
20.30 177.05
20.31 177.05
20.32 177.05
20.33 177.05
20.34 177.05
20.35 177.05
20.36 177.05
20.37 177.05
20.38 177.05
20.39 177.05
20.40 177.05
20.41 177.05
20.42 177.05
20.43 177.05
20.44 177.05
20.45 177.05
20.46 177.05
20.47 177.05
20.48 177.05
20.49 177.05
20.50 177.05
20.51 177.05
20.52 177.05
20.53 177.05
20.54 177.05
20.55 177.05
20.56 177.05
20.57 177.05
20.58 177.05
20.59 177.05
20.60 177.05
20.61 177.05
20.62 177.05
20.63 177.05
20.64 177.05
20.65 177.05
20.66 177.05
20.67 177.05
20.68 177.05
20.69 177.05
20.70 177.05
20.71 177.05
20.72 177.05
20.73 177.05
20.74 177.05
20.75 177.05
20.76 177.05
20.77 177.05
20.78 177.05
20.79 177.05
20.80 177.05
20.81 177.05
20.82 177.05
20.83 177.05
20.84 177.05
20.85 177.05
20.86 177.05
20.87 177.05
20.88 177.05
20.89 177.05
20.90 177.05
20.91 177.05
20.92 177.05
20.93 177.05
20.94 177.05
20.95 177.05
20.96 177.05
20.97 177.05
20.98 177.05
20.99 177.05
21.00 177.05
21.01 177.05
21.02 177.05
21.03 177.05
21.04 177.05
21.05 177.05
21.06 177.05
21.07 177.05
21.08 177.05
21.09 177.05
21.10 177.05
21.11 177.05
21.12 177.05
21.13 177.05
21.14 177.05
21.15 177.05
21.16 177.05
21.17 177.05
21.18 177.05
21.19 177.05
21.20 177.05
21.21 177.05
21.22 177.05
21.23 177.05
21.24 177.05
21.25 177.05
21.26 177.05
21.27 177.05
21.28 177.05
21.29 177.05
21.30 177.05
21.31 177.05
21.32 177.05
21.33 177.05
21.34 177.05
21.35 177.05
21.36 177.05
21.37 177.05
21.38 177.05
21.39 177.05
21.40 177.05
21.41 177.05
21.42 177.05
21.43 177.05
21.44 177.05
21.45 177.05
21.46 177.05
21.47 177.05
21.48 177.05
21.49 177.05
21.50 177.05
21.51 177.05
21.52 177.05
21.53 177.05
21.54 177.05
21.55 177.05
21.56 177.05
21.57 177.05
21.58 177.05
21.59 177.05
21.60 177.05
21.61 177.05
21.62 177.05
21.63 177.05
21.64 177.05
21.65 177.05
21.66 177.05
21.67 148.53
21.68 148.53
21.69 148.53
21.70 148.53
21.71 148.53
21.72 148.53
21.73 148.53
21.74 148.53
21.75 148.53
21.76 148.53
21.77 148.53
21.78 148.53
21.79 148.53
21.80 148.53
21.81 148.53
21.82 148.53
21.83 148.53
21.84 148.53
21.85 148.53
21.86 148.53
21.87 148.53
21.88 148.53
21.89 148.53
21.90 148.53
21.91 148.53
21.92 148.53
21.93 148.53
21.94 148.53
21.95 148.53
21.96 148.53
21.97 148.53
21.98 148.53
21.99 148.53
22.00 148.53
22.01 148.53
22.02 148.53
22.03 148.53
22.04 148.53
22.05 148.53
22.06 148.53
22.07 148.53
22.08 148.53
22.09 148.53
22.10 148.53
22.11 148.53
22.12 148.53
22.13 148.53
22.14 148.53
22.15 148.53
22.16 148.53
22.17 148.53
22.18 148.53
22.19 148.53
22.20 148.53
22.21 148.53
22.22 148.53
22.23 148.53
22.24 148.53
22.25 148.53
22.26 148.53
22.27 148.53
22.28 148.53
22.29 148.53
22.30 148.53
22.31 148.53
22.32 148.53
22.33 148.53
22.34 148.53
22.35 148.53
22.36 148.53
22.37 148.53
22.38 148.53
22.39 148.53
22.40 148.53
22.41 148.53
22.42 148.53
22.43 148.53
22.44 148.53
22.45 148.53
22.46 148.53
22.47 148.53
22.48 148.53
22.49 148.53
22.50 148.53
22.51 148.53
22.52 148.53
22.53 148.53
22.54 148.53
22.55 148.53
22.56 148.53
22.57 148.53
22.58 148.53
22.59 148.53
22.60 148.53
22.61 148.53
22.62 148.53
22.63 148.53
22.64 148.53
22.65 148.53
22.66 148.53
22.67 148.53
22.68 148.53
22.69 148.53
22.70 148.53
22.71 148.53
22.72 148.53
22.73 148.53
22.74 148.53
22.75 148.53
22.76 148.53
22.77 148.53
22.78 148.53
22.79 148.53
22.80 148.53
22.81 148.53
22.82 148.53
22.83 148.53
22.84 148.53
22.85 148.53
22.86 148.53
22.87 148.53
22.88 148.53
22.89 148.53
22.90 148.53
22.91 148.53
22.92 148.53
22.93 148.53
22.94 148.53
22.95 148.53
22.96 148.53
22.97 148.53
22.98 148.53
22.99 148.53
23.00 148.53
23.01 148.53
23.02 148.53
23.03 148.53
23.04 148.53
23.05 148.53
23.06 148.53
23.07 148.53
23.08 148.53
23.09 148.53
23.10 148.53
23.11 148.53
23.12 148.53
23.13 148.53
23.14 148.53
23.15 148.53
23.16 148.53
23.17 148.53
23.18 148.53
23.19 148.53
23.20 148.53
23.21 148.53
23.22 148.53
23.23 148.53
23.24 148.53
23.25 148.53
23.26 148.53
23.27 148.53
23.28 148.53
23.29 148.53
23.30 148.53
23.31 148.53
23.32 148.53
23.33 148.53
23.34 148.53
23.35 148.53
23.36 148.53
23.37 148.53
23.38 148.53
23.39 148.53
23.40 148.53
23.41 148.53
23.42 148.53
23.43 148.53
23.44 148.53
23.45 148.53
23.46 148.53
23.47 148.53
23.48 148.53
23.49 148.53
23.50 148.53
23.51 148.53
23.52 148.53
23.53 148.53
23.54 148.53
23.55 148.53
23.56 148.53
23.57 148.53
23.58 148.53
23.59 148.53
23.60 148.53
23.61 148.53
23.62 148.53
23.63 148.53
23.64 148.53
23.65 148.53
23.66 148.53
23.67 148.53
23.68 148.53
23.69 148.53
23.70 148.53
23.71 148.53
23.72 148.53
23.73 148.53
23.74 148.53
23.75 148.53
23.76 148.53
23.77 148.53
23.78 148.53
23.79 148.53
23.80 148.53
23.81 148.53
23.82 148.53
23.83 148.53
23.84 148.53
23.85 148.53
23.86 148.53
23.87 148.53
23.88 148.53
23.89 148.53
23.90 148.53
23.91 148.53
23.92 148.53
23.93 148.53
23.94 148.53
23.95 148.53
23.96 148.53
23.97 148.53
23.98 148.53
23.99 148.53
24.00 148.53
24.01 148.53
24.02 148.53
24.03 148.53
24.04 148.53
24.05 148.53
24.06 148.53
24.07 148.53
24.08 148.53
24.09 148.53
24.10 148.53
24.11 148.53
24.12 148.53
24.13 148.53
24.14 148.53
24.15 148.53
24.16 148.53
24.17 148.53
24.18 148.53
24.19 148.53
24.20 148.53
24.21 148.53
24.22 148.53
24.23 148.53
24.24 148.53
24.25 148.53
24.26 148.53
24.27 148.53
24.28 148.53
24.29 148.53
24.30 148.53
24.31 148.53
24.32 148.53
24.33 148.53
24.34 148.53
24.35 148.53
24.36 148.53
24.37 148.53
24.38 148.53
24.39 148.53
24.40 148.53
24.41 148.53
24.42 148.53
24.43 148.53
24.44 148.53
24.45 148.53
24.46 148.53
24.47 148.53
24.48 148.53
24.49 148.53
24.50 148.53
24.51 148.53
24.52 148.53
24.53 148.53
24.54 148.53
24.55 148.53
24.56 148.53
24.57 148.53
24.58 148.53
24.59 148.53
24.60 148.53
24.61 148.53
24.62 148.53
24.63 148.53
24.64 148.53
24.65 148.53
24.66 148.53
24.67 148.53
24.68 148.53
24.69 148.53
24.70 148.53
24.71 148.53
24.72 148.53
24.73 148.53
24.74 148.53
24.75 148.53
24.76 148.53
24.77 148.53
24.78 148.53
24.79 0.00
24.80 0.00
24.81 0.00
24.82 0.00
24.83 0.00
24.84 0.00
24.85 0.00
24.86 0.00
24.87 0.00
24.88 0.00
24.89 0.00
24.90 0.00
24.91 0.00
24.92 0.00
24.93 0.00
24.94 0.00
24.95 0.00
24.96 0.00
24.97 0.00
24.98 0.00
24.99 0.00
25.00 0.00
25.01 0.00
25.02 0.00
25.03 0.00
25.04 0.00
25.05 0.00
25.06 0.00
25.07 0.00
25.08 0.00
25.09 0.00
25.10 0.00
25.11 0.00
25.12 0.00
25.13 0.00
25.14 0.00
25.15 0.00
25.16 0.00
25.17 0.00
25.18 0.00
25.19 0.00
25.20 0.00
25.21 0.00
25.22 0.00
25.23 0.00
25.24 0.00
25.25 0.00
25.26 0.00
25.27 0.00
25.28 0.00
25.29 0.00
25.30 124.28
25.31 124.28
25.32 124.28
25.33 124.28
25.34 124.28
25.35 124.28
25.36 124.28
25.37 124.28
25.38 124.28
25.39 124.28
25.40 124.28
25.41 124.28
25.42 124.28
25.43 124.28
25.44 124.28
25.45 124.28
25.46 124.28
25.47 134.97
25.48 134.97
25.49 134.97
25.50 134.97
25.51 134.97
25.52 134.97
25.53 134.97
25.54 134.97
25.55 134.97
25.56 134.97
25.57 134.97
25.58 134.97
25.59 134.97
25.60 134.97
25.61 134.97
25.62 134.97
25.63 143.13
25.64 143.13
25.65 143.13
25.66 143.13
25.67 143.13
25.68 143.13
25.69 143.13
25.70 143.13
25.71 143.13
25.72 143.13
25.73 143.13
25.74 143.13
25.75 143.13
25.76 143.13
25.77 143.13
25.78 143.13
25.79 143.13
25.80 143.13
25.81 143.13
25.82 143.13
25.83 143.13
25.84 143.13
25.85 143.13
25.86 143.13
25.87 143.13
25.88 143.13
25.89 143.13
25.90 143.13
25.91 143.13
25.92 143.13
25.93 143.13
25.94 143.13
25.95 143.13
25.96 143.13
25.97 143.13
25.98 143.13
25.99 143.13
26.00 143.13
26.01 143.13
26.02 143.13
26.03 143.13
26.04 143.13
26.05 143.13
26.06 143.13
26.07 143.13
26.08 143.13
26.09 143.13
26.10 143.13
26.11 143.13
26.12 143.13
26.13 143.13
26.14 143.13
26.15 143.13
26.16 143.13
26.17 143.13
26.18 143.13
26.19 143.13
26.20 143.13
26.21 143.13
26.22 143.13
26.23 143.13
26.24 143.13
26.25 143.13
26.26 143.13
26.27 143.13
26.28 143.13
26.29 143.13
26.30 143.13
26.31 143.13
26.32 143.13
26.33 143.13
26.34 143.13
26.35 143.13
26.36 143.13
26.37 143.13
26.38 143.13
26.39 143.13
26.40 143.13
26.41 143.13
26.42 143.13
26.43 143.13
26.44 143.13
26.45 143.13
26.46 143.13
26.47 143.13
26.48 143.13
26.49 143.13
26.50 143.13
26.51 143.13
26.52 143.13
26.53 143.13
26.54 143.13
26.55 143.13
26.56 143.13
26.57 143.13
26.58 143.13
26.59 143.13
26.60 143.13
26.61 143.13
26.62 143.13
26.63 143.13
26.64 143.13
26.65 143.13
26.66 143.13
26.67 143.13
26.68 143.13
26.69 0.00
26.70 0.00
26.71 0.00
26.72 0.00
26.73 0.00
26.74 0.00
26.75 0.00
26.76 0.00
26.77 0.00
26.78 0.00
26.79 0.00
26.80 0.00
26.81 0.00
26.82 0.00
26.83 0.00
26.84 0.00
26.85 0.00
26.86 67.41
26.87 67.67
26.88 68.36
26.89 69.14
26.90 70.22
26.91 71.40
26.92 72.64
26.93 152.86
26.94 152.86
26.95 152.86
26.96 152.86
26.97 152.86
26.98 152.86
26.99 152.86
27.00 160.81
27.01 160.81
27.02 160.81
27.03 160.81
27.04 160.81
27.05 160.81
27.06 160.81
27.07 160.81
27.08 160.81
27.09 160.81
27.10 160.81
27.11 160.81
27.12 160.81
27.13 160.81
27.14 160.81
27.15 160.81
27.16 160.81
27.17 160.81
27.18 160.81
27.19 160.81
27.20 160.81
27.21 160.81
27.22 160.81
27.23 160.81
27.24 160.81
27.25 160.81
27.26 160.81
27.27 160.81
27.28 160.81
27.29 160.81
27.30 160.81
27.31 160.81
27.32 160.81
27.33 160.81
27.34 160.81
27.35 160.81
27.36 160.81
27.37 160.81
27.38 160.81
27.39 160.81
27.40 160.81
27.41 160.81
27.42 160.81
27.43 160.81
27.44 160.81
27.45 160.81
27.46 160.81
27.47 160.81
27.48 160.81
27.49 160.81
27.50 160.81
27.51 160.81
27.52 160.81
27.53 160.81
27.54 160.81
27.55 160.81
27.56 160.81
27.57 160.81
27.58 160.81
27.59 160.81
27.60 160.81
27.61 160.81
27.62 160.81
27.63 160.81
27.64 160.81
27.65 160.81
27.66 160.81
27.67 160.81
27.68 160.81
27.69 160.81
27.70 160.81
27.71 160.81
27.72 160.81
27.73 160.81
27.74 160.81
27.75 160.81
27.76 160.81
27.77 160.81
27.78 160.81
27.79 160.81
27.80 160.81
27.81 160.81
27.82 160.81
27.83 160.81
27.84 160.81
27.85 160.81
27.86 160.81
27.87 160.81
27.88 160.81
27.89 160.81
27.90 160.81
27.91 160.81
27.92 160.81
27.93 160.81
27.94 160.81
27.95 160.81
27.96 160.81
27.97 160.81
27.98 160.81
27.99 160.81
28.00 160.81
28.01 160.81
28.02 160.81
28.03 160.81
28.04 160.81
28.05 160.81
28.06 160.81
28.07 160.81
28.08 160.81
28.09 160.81
28.10 160.81
28.11 160.81
28.12 160.81
28.13 160.81
28.14 160.81
28.15 160.81
28.16 160.81
28.17 160.81
28.18 160.81
28.19 160.81
28.20 160.81
28.21 160.81
28.22 160.81
28.23 160.81
28.24 160.81
28.25 160.81
28.26 160.81
28.27 160.81
28.28 160.81
28.29 86.55
28.30 181.60
28.31 181.60
28.32 181.60
28.33 181.60
28.34 181.60
28.35 181.60
28.36 181.60
28.37 181.60
28.38 181.60
28.39 181.60
28.40 181.60
28.41 181.60
28.42 181.60
28.43 181.60
28.44 181.60
28.45 181.60
28.46 181.60
28.47 181.60
28.48 181.60
28.49 181.60
28.50 181.60
28.51 181.60
28.52 181.60
28.53 181.60
28.54 181.60
28.55 181.60
28.56 181.60
28.57 181.60
28.58 181.60
28.59 181.60
28.60 181.60
28.61 181.60
28.62 181.60
28.63 181.60
28.64 181.60
28.65 181.60
28.66 181.60
28.67 181.60
28.68 181.60
28.69 181.60
28.70 181.60
28.71 181.60
28.72 181.60
28.73 181.60
28.74 181.60
28.75 181.60
28.76 181.60
28.77 181.60
28.78 181.60
28.79 181.60
28.80 181.60
28.81 181.60
28.82 181.60
28.83 181.60
28.84 181.60
28.85 181.60
28.86 181.60
28.87 181.60
28.88 181.60
28.89 181.60
28.90 181.60
28.91 181.60
28.92 181.60
28.93 181.60
28.94 181.60
28.95 181.60
28.96 181.60
28.97 181.60
28.98 181.60
28.99 181.60
29.00 181.60
29.01 181.60
29.02 181.60
29.03 181.60
29.04 181.60
29.05 181.60
29.06 181.60
29.07 181.60
29.08 181.60
29.09 181.60
29.10 181.60
29.11 181.60
29.12 181.60
29.13 181.60
29.14 181.60
29.15 181.60
29.16 181.60
29.17 181.60
29.18 181.60
29.19 181.60
29.20 181.60
29.21 181.60
29.22 181.60
29.23 181.60
29.24 181.60
29.25 181.60
29.26 181.60
29.27 181.60
29.28 181.60
29.29 181.60
29.30 181.60
29.31 181.60
29.32 181.60
29.33 181.60
29.34 181.60
29.35 181.60
29.36 181.60
29.37 181.60
29.38 181.60
29.39 181.60
29.40 181.60
29.41 181.60
29.42 181.60
29.43 181.60
29.44 181.60
29.45 181.60
29.46 181.60
29.47 181.60
29.48 181.60
29.49 0.00
29.50 0.00
29.51 0.00
29.52 0.00
29.53 0.00
29.54 0.00
29.55 0.00
29.56 0.00
29.57 0.00
29.58 0.00
29.59 0.00
29.60 0.00
29.61 0.00
29.62 0.00
29.63 0.00
29.64 0.00
29.65 0.00
29.66 0.00
29.67 0.00
29.68 0.00
29.69 0.00
29.70 0.00
29.71 0.00
29.72 0.00
29.73 0.00
29.74 0.00
29.75 0.00
29.76 0.00
29.77 0.00
29.78 0.00
29.79 0.00
29.80 0.00
29.81 0.00
29.82 0.00
29.83 0.00
29.84 0.00
29.85 0.00
29.86 0.00
29.87 0.00
29.88 0.00
29.89 0.00
29.90 0.00
29.91 0.00
29.92 0.00
29.93 0.00
29.94 0.00
29.95 0.00
29.96 0.00
29.97 0.00
29.98 0.00
29.99 0.00
30.00 0.00
30.01 0.00
30.02 0.00
30.03 0.00
30.04 0.00
30.05 0.00
30.06 0.00
30.07 0.00
30.08 0.00
30.09 0.00
30.10 0.00
30.11 0.00
30.12 0.00
30.13 0.00
30.14 0.00
30.15 0.00
30.16 0.00
30.17 0.00
30.18 0.00
30.19 0.00
30.20 0.00
30.21 0.00
30.22 0.00
30.23 0.00
30.24 0.00
30.25 0.00
30.26 0.00
30.27 0.00
30.28 141.60
30.29 141.60
30.30 141.60
30.31 141.60
30.32 141.60
30.33 141.60
30.34 141.60
30.35 141.60
30.36 141.60
30.37 141.60
30.38 141.60
30.39 141.60
30.40 141.60
30.41 155.77
30.42 155.77
30.43 155.77
30.44 155.77
30.45 155.77
30.46 155.77
30.47 155.77
30.48 176.68
30.49 176.68
30.50 176.68
30.51 176.68
30.52 176.68
30.53 176.68
30.54 176.68
30.55 176.68
30.56 176.68
30.57 176.68
30.58 176.68
30.59 176.68
30.60 176.68
30.61 176.68
30.62 176.68
30.63 176.68
30.64 176.68
30.65 176.68
30.66 176.68
30.67 176.68
30.68 176.68
30.69 176.68
30.70 176.68
30.71 176.68
30.72 176.68
30.73 176.68
30.74 176.68
30.75 176.68
30.76 176.68
30.77 176.68
30.78 176.68
30.79 176.68
30.80 176.68
30.81 176.68
30.82 176.68
30.83 176.68
30.84 176.68
30.85 176.68
30.86 176.68
30.87 176.68
30.88 176.68
30.89 176.68
30.90 176.68
30.91 176.68
30.92 176.68
30.93 176.68
30.94 176.68
30.95 176.68
30.96 176.68
30.97 176.68
30.98 176.68
30.99 176.68
31.00 176.68
31.01 176.68
31.02 176.68
31.03 176.68
31.04 176.68
31.05 176.68
31.06 176.68
31.07 176.68
31.08 176.68
31.09 176.68
31.10 176.68
31.11 176.68
31.12 176.68
31.13 176.68
31.14 176.68
31.15 176.68
31.16 176.68
31.17 176.68
31.18 176.68
31.19 176.68
31.20 176.68
31.21 176.68
31.22 176.68
31.23 176.68
31.24 176.68
31.25 176.68
31.26 176.68
31.27 176.68
31.28 176.68
31.29 176.68
31.30 176.68
31.31 176.68
31.32 176.68
31.33 176.68
31.34 176.68
31.35 176.68
31.36 176.68
31.37 176.68
31.38 176.68
31.39 176.68
31.40 176.68
31.41 176.68
31.42 176.68
31.43 176.68
31.44 176.68
31.45 176.68
31.46 176.68
31.47 176.68
31.48 176.68
31.49 176.68
31.50 176.68
31.51 176.68
31.52 176.68
31.53 176.68
31.54 176.68
31.55 176.68
31.56 176.68
31.57 176.68
31.58 176.68
31.59 176.68
31.60 176.68
31.61 176.68
31.62 176.68
31.63 176.68
31.64 176.68
31.65 176.68
31.66 176.68
31.67 176.68
31.68 176.68
31.69 176.68
31.70 176.68
31.71 176.68
31.72 176.68
31.73 176.68
31.74 176.68
31.75 176.68
31.76 176.68
31.77 176.68
31.78 176.68
31.79 176.68
31.80 176.68
31.81 176.68
31.82 176.68
31.83 176.68
31.84 176.68
31.85 176.68
31.86 176.68
31.87 176.68
31.88 176.68
31.89 108.53
31.90 239.45
31.91 239.45
31.92 239.45
31.93 239.45
31.94 239.45
31.95 239.45
31.96 239.45
31.97 239.45
31.98 0.00
31.99 0.00
32.00 0.00
32.01 0.00
32.02 0.00
32.03 0.00
32.04 0.00
32.05 0.00
32.06 0.00
32.07 0.00
32.08 0.00
32.09 0.00
32.10 0.00
32.11 0.00
32.12 0.00
32.13 178.66
32.14 178.66
32.15 178.66
32.16 178.66
32.17 178.66
32.18 178.66
32.19 178.66
32.20 178.66
32.21 178.66
32.22 178.66
32.23 178.66
32.24 178.66
32.25 178.66
32.26 178.66
32.27 178.66
32.28 178.66
32.29 178.66
32.30 178.66
32.31 178.66
32.32 178.66
32.33 178.66
32.34 178.66
32.35 178.66
32.36 178.66
32.37 178.66
32.38 178.66
32.39 178.66
32.40 178.66
32.41 178.66
32.42 178.66
32.43 178.66
32.44 178.66
32.45 178.66
32.46 178.66
32.47 178.66
32.48 178.66
32.49 178.66
32.50 178.66
32.51 178.66
32.52 178.66
32.53 178.66
32.54 159.86
32.55 159.86
32.56 159.86
32.57 159.86
32.58 159.86
32.59 159.86
32.60 159.86
32.61 159.86
32.62 159.86
32.63 159.86
32.64 159.86
32.65 77.55
32.66 77.19
32.67 145.87
32.68 145.87
32.69 145.87
32.70 145.87
32.71 145.87
32.72 145.87
32.73 145.87
32.74 145.87
32.75 145.87
32.76 145.87
32.77 145.87
32.78 145.87
32.79 145.87
32.80 145.87
32.81 145.87
32.82 145.87
32.83 145.87
32.84 145.87
32.85 145.87
32.86 145.87
32.87 145.87
32.88 145.87
32.89 145.87
32.90 145.87
32.91 145.87
32.92 145.87
32.93 145.87
32.94 145.87
32.95 145.87
32.96 145.87
32.97 145.87
32.98 145.87
32.99 145.87
33.00 145.87
33.01 145.87
33.02 145.87
33.03 145.87
33.04 145.87
33.05 145.87
33.06 145.87
33.07 145.87
33.08 145.87
33.09 145.87
33.10 145.87
33.11 145.87
33.12 145.87
33.13 145.87
33.14 145.87
33.15 145.87
33.16 145.87
33.17 145.87
33.18 145.87
33.19 145.87
33.20 145.87
33.21 145.87
33.22 145.87
33.23 145.87
33.24 145.87
33.25 145.87
33.26 145.87
33.27 145.87
33.28 145.87
33.29 145.87
33.30 145.87
33.31 145.87
33.32 145.87
33.33 145.87
33.34 145.87
33.35 145.87
33.36 145.87
33.37 145.87
33.38 145.87
33.39 145.87
33.40 145.87
33.41 145.87
33.42 145.87
33.43 145.87
33.44 145.87
33.45 145.87
33.46 145.87
33.47 145.87
33.48 145.87
33.49 145.87
33.50 145.87
33.51 145.87
33.52 145.87
33.53 145.87
33.54 145.87
33.55 145.87
33.56 145.87
33.57 145.87
33.58 145.87
33.59 145.87
33.60 145.87
33.61 145.87
33.62 145.87
33.63 145.87
33.64 145.87
33.65 145.87
33.66 145.87
33.67 145.87
33.68 145.87
33.69 145.87
33.70 145.87
33.71 145.87
33.72 145.87
33.73 145.87
33.74 145.87
33.75 145.87
33.76 145.87
33.77 145.87
33.78 145.87
33.79 145.87
33.80 145.87
33.81 158.47
33.82 158.47
33.83 158.47
33.84 158.47
33.85 158.47
33.86 158.47
33.87 158.47
33.88 158.47
33.89 158.47
33.90 158.47
33.91 158.47
33.92 158.47
33.93 158.47
33.94 158.47
33.95 158.47
33.96 158.47
33.97 158.47
33.98 158.47
33.99 158.47
34.00 158.47
34.01 158.47
34.02 158.47
34.03 158.47
34.04 158.47
34.05 158.47
34.06 158.47
34.07 158.47
34.08 158.47
34.09 0.00
34.10 0.00
34.11 0.00
34.12 0.00
34.13 0.00
34.14 0.00
34.15 0.00
34.16 0.00
34.17 0.00
34.18 0.00
34.19 0.00
34.20 0.00
34.21 0.00
34.22 0.00
34.23 0.00
34.24 0.00
34.25 0.00
34.26 0.00
34.27 0.00
34.28 0.00
34.29 0.00
34.30 0.00
34.31 0.00
34.32 0.00
34.33 0.00
34.34 0.00
34.35 0.00
34.36 0.00
34.37 0.00
34.38 0.00
34.39 0.00
34.40 0.00
34.41 0.00
34.42 0.00
34.43 0.00
34.44 0.00
34.45 0.00
34.46 0.00
34.47 0.00
34.48 0.00
34.49 0.00
34.50 0.00
34.51 0.00
34.52 0.00
34.53 0.00
34.54 0.00
34.55 0.00
34.56 0.00
34.57 0.00
34.58 0.00
34.59 0.00
34.60 0.00
34.61 0.00
34.62 0.00
34.63 0.00
34.64 0.00
34.65 0.00
34.66 0.00
34.67 0.00
34.68 0.00
34.69 0.00
34.70 0.00
34.71 0.00
34.72 0.00
34.73 0.00
34.74 0.00
34.75 0.00
34.76 0.00
34.77 0.00
34.78 0.00
34.79 0.00
34.80 0.00
34.81 0.00
34.82 0.00
34.83 0.00
34.84 141.75
34.85 141.75
34.86 141.75
34.87 141.75
34.88 141.75
34.89 141.75
34.90 141.75
34.91 141.75
34.92 141.75
34.93 141.75
34.94 141.75
34.95 141.75
34.96 141.75
34.97 141.75
34.98 141.75
34.99 141.75
35.00 141.75
35.01 141.75
35.02 75.50
35.03 160.38
35.04 160.38
35.05 160.38
35.06 160.38
35.07 160.38
35.08 160.38
35.09 160.38
35.10 160.38
35.11 160.38
35.12 160.38
35.13 160.38
35.14 168.93
35.15 168.93
35.16 168.93
35.17 168.93
35.18 168.93
35.19 168.93
35.20 168.93
35.21 168.93
35.22 168.93
35.23 168.93
35.24 176.91
35.25 176.91
35.26 176.91
35.27 176.91
35.28 176.91
35.29 176.91
35.30 176.91
35.31 176.91
35.32 176.91
35.33 176.91
35.34 176.91
35.35 176.91
35.36 176.91
35.37 176.91
35.38 176.91
35.39 176.91
35.40 176.91
35.41 176.91
35.42 176.91
35.43 176.91
35.44 176.91
35.45 176.91
35.46 176.91
35.47 176.91
35.48 176.91
35.49 176.91
35.50 176.91
35.51 176.91
35.52 176.91
35.53 176.91
35.54 176.91
35.55 176.91
35.56 176.91
35.57 176.91
35.58 176.91
35.59 176.91
35.60 176.91
35.61 176.91
35.62 176.91
35.63 176.91
35.64 176.91
35.65 176.91
35.66 176.91
35.67 176.91
35.68 176.91
35.69 176.91
35.70 176.91
35.71 176.91
35.72 176.91
35.73 176.91
35.74 176.91
35.75 176.91
35.76 176.91
35.77 176.91
35.78 176.91
35.79 176.91
35.80 176.91
35.81 176.91
35.82 176.91
35.83 176.91
35.84 176.91
35.85 176.91
35.86 176.91
35.87 176.91
35.88 176.91
35.89 176.91
35.90 176.91
35.91 176.91
35.92 176.91
35.93 176.91
35.94 176.91
35.95 176.91
35.96 176.91
35.97 176.91
35.98 176.91
35.99 176.91
36.00 176.91
36.01 176.91
36.02 176.91
36.03 176.91
36.04 176.91
36.05 176.91
36.06 176.91
36.07 176.91
36.08 176.91
36.09 176.91
36.10 176.91
36.11 176.91
36.12 176.91
36.13 176.91
36.14 176.91
36.15 176.91
36.16 176.91
36.17 176.91
36.18 176.91
36.19 176.91
36.20 176.91
36.21 176.91
36.22 176.91
36.23 176.91
36.24 176.91
36.25 176.91
36.26 176.91
36.27 176.91
36.28 176.91
36.29 176.91
36.30 176.91
36.31 176.91
36.32 176.91
36.33 176.91
36.34 176.91
36.35 176.91
36.36 176.91
36.37 0.00
36.38 0.00
36.39 0.00
36.40 0.00
36.41 0.00
36.42 0.00
36.43 0.00
36.44 0.00
36.45 0.00
36.46 0.00
36.47 0.00
36.48 0.00
36.49 0.00
36.50 0.00
36.51 0.00
36.52 0.00
36.53 0.00
36.54 0.00
36.55 0.00
36.56 0.00
36.57 0.00
36.58 174.83
36.59 174.83
36.60 174.83
36.61 174.83
36.62 174.83
36.63 174.83
36.64 174.83
36.65 174.83
36.66 174.83
36.67 174.83
36.68 174.83
36.69 174.83
36.70 174.83
36.71 174.83
36.72 174.83
36.73 174.83
36.74 174.83
36.75 174.83
36.76 174.83
36.77 174.83
36.78 174.83
36.79 174.83
36.80 174.83
36.81 174.83
36.82 174.83
36.83 174.83
36.84 174.83
36.85 174.83
36.86 174.83
36.87 174.83
36.88 174.83
36.89 174.83
36.90 174.83
36.91 174.83
36.92 174.83
36.93 160.59
36.94 160.59
36.95 160.59
36.96 160.59
36.97 160.59
36.98 160.59
36.99 160.59
37.00 150.04
37.01 150.04
37.02 150.04
37.03 150.04
37.04 150.04
37.05 150.04
37.06 150.04
37.07 150.04
37.08 150.04
37.09 150.04
37.10 150.04
37.11 148.07
37.12 148.07
37.13 148.07
37.14 148.07
37.15 148.07
37.16 148.07
37.17 148.07
37.18 148.07
37.19 148.07
37.20 148.07
37.21 148.07
37.22 148.07
37.23 148.07
37.24 148.07
37.25 148.07
37.26 148.07
37.27 148.07
37.28 148.07
37.29 148.07
37.30 148.07
37.31 148.07
37.32 148.07
37.33 148.07
37.34 148.07
37.35 148.07
37.36 148.07
37.37 148.07
37.38 148.07
37.39 148.07
37.40 148.07
37.41 148.07
37.42 148.07
37.43 148.07
37.44 148.07
37.45 148.07
37.46 148.07
37.47 148.07
37.48 148.07
37.49 148.07
37.50 148.07
37.51 148.07
37.52 148.07
37.53 148.07
37.54 148.07
37.55 148.07
37.56 148.07
37.57 148.07
37.58 148.07
37.59 148.07
37.60 148.07
37.61 148.07
37.62 148.07
37.63 148.07
37.64 148.07
37.65 148.07
37.66 148.07
37.67 148.07
37.68 148.07
37.69 148.07
37.70 148.07
37.71 148.07
37.72 148.07
37.73 148.07
37.74 148.07
37.75 148.07
37.76 148.07
37.77 148.07
37.78 148.07
37.79 148.07
37.80 148.07
37.81 148.07
37.82 148.07
37.83 148.07
37.84 148.07
37.85 148.07
37.86 148.07
37.87 148.07
37.88 148.07
37.89 148.07
37.90 148.07
37.91 148.07
37.92 148.07
37.93 148.07
37.94 148.07
37.95 148.07
37.96 148.07
37.97 148.07
37.98 148.07
37.99 148.07
38.00 148.07
38.01 148.07
38.02 148.07
38.03 148.07
38.04 148.07
38.05 148.07
38.06 148.07
38.07 148.07
38.08 148.07
38.09 148.07
38.10 148.07
38.11 148.07
38.12 148.07
38.13 148.07
38.14 148.07
38.15 148.07
38.16 148.07
38.17 148.07
38.18 148.07
38.19 148.07
38.20 148.07
38.21 148.07
38.22 148.07
38.23 148.07
38.24 148.07
38.25 148.07
38.26 148.07
38.27 148.07
38.28 148.07
38.29 148.07
38.30 148.07
38.31 148.07
38.32 148.07
38.33 148.07
38.34 148.07
38.35 148.07
38.36 148.07
38.37 148.07
38.38 148.07
38.39 148.07
38.40 148.07
38.41 148.07
38.42 148.07
38.43 148.07
38.44 0.00
38.45 0.00
38.46 0.00
38.47 0.00
38.48 0.00
38.49 0.00
38.50 0.00
38.51 0.00
38.52 0.00
38.53 0.00
38.54 0.00
38.55 0.00
38.56 0.00
38.57 0.00
38.58 0.00
38.59 0.00
38.60 0.00
38.61 0.00
38.62 0.00
38.63 0.00
38.64 0.00
38.65 0.00
38.66 0.00
38.67 0.00
38.68 0.00
38.69 0.00
38.70 0.00
38.71 0.00
38.72 0.00
38.73 0.00
38.74 0.00
38.75 0.00
38.76 0.00
38.77 0.00
38.78 0.00
38.79 0.00
38.80 0.00
38.81 0.00
38.82 0.00
38.83 0.00
38.84 0.00
38.85 0.00
38.86 0.00
38.87 0.00
38.88 0.00
38.89 0.00
38.90 0.00
38.91 0.00
38.92 0.00
38.93 0.00
38.94 0.00
38.95 0.00
38.96 0.00
38.97 0.00
38.98 0.00
38.99 0.00
39.00 0.00
39.01 0.00
39.02 0.00
39.03 0.00
39.04 0.00
39.05 0.00
39.06 0.00
39.07 0.00
39.08 0.00
39.09 0.00
39.10 0.00
39.11 0.00
39.12 128.54
39.13 128.54
39.14 128.54
39.15 128.54
39.16 128.54
39.17 128.54
39.18 128.54
39.19 128.54
39.20 128.54
39.21 128.54
39.22 128.54
39.23 128.54
39.24 69.29
39.25 70.87
39.26 72.04
39.27 73.27
39.28 74.36
39.29 75.28
39.30 76.39
39.31 161.48
39.32 161.48
39.33 161.48
39.34 161.48
39.35 161.48
39.36 161.48
39.37 161.48
39.38 178.23
39.39 178.23
39.40 178.23
39.41 178.23
39.42 178.23
39.43 178.23
39.44 178.23
39.45 178.23
39.46 178.23
39.47 178.23
39.48 178.23
39.49 178.23
39.50 178.23
39.51 178.23
39.52 178.23
39.53 178.23
39.54 178.23
39.55 178.23
39.56 178.23
39.57 178.23
39.58 178.23
39.59 178.23
39.60 178.23
39.61 178.23
39.62 178.23
39.63 178.23
39.64 178.23
39.65 178.23
39.66 178.23
39.67 178.23
39.68 178.23
39.69 178.23
39.70 178.23
39.71 178.23
39.72 178.23
39.73 178.23
39.74 178.23
39.75 178.23
39.76 178.23
39.77 178.23
39.78 178.23
39.79 178.23
39.80 178.23
39.81 178.23
39.82 178.23
39.83 178.23
39.84 178.23
39.85 178.23
39.86 178.23
39.87 178.23
39.88 178.23
39.89 178.23
39.90 178.23
39.91 178.23
39.92 178.23
39.93 178.23
39.94 178.23
39.95 178.23
39.96 178.23
39.97 178.23
39.98 178.23
39.99 178.23
40.00 178.23
40.01 178.23
40.02 178.23
40.03 178.23
40.04 178.23
40.05 178.23
40.06 178.23
40.07 178.23
40.08 178.23
40.09 178.23
40.10 178.23
40.11 178.23
40.12 178.23
40.13 178.23
40.14 178.23
40.15 178.23
40.16 178.23
40.17 178.23
40.18 178.23
40.19 178.23
40.20 178.23
40.21 178.23
40.22 178.23
40.23 178.23
40.24 178.23
40.25 178.23
40.26 178.23
40.27 178.23
40.28 178.23
40.29 178.23
40.30 178.23
40.31 178.23
40.32 178.23
40.33 178.23
40.34 178.23
40.35 178.23
40.36 178.23
40.37 178.23
40.38 178.23
40.39 178.23
40.40 178.23
40.41 178.23
40.42 178.23
40.43 178.23
40.44 178.23
40.45 178.23
40.46 178.23
40.47 178.23
40.48 178.23
40.49 178.23
40.50 178.23
40.51 178.23
40.52 178.23
40.53 178.23
40.54 178.23
40.55 178.23
40.56 178.23
40.57 178.23
40.58 178.23
40.59 178.23
40.60 178.23
40.61 178.23
40.62 178.23
40.63 178.23
40.64 178.23
40.65 178.23
40.66 178.23
40.67 178.23
40.68 178.23
40.69 178.23
40.70 178.23
40.71 178.23
40.72 178.23
40.73 178.23
40.74 178.23
40.75 178.23
40.76 178.23
40.77 178.23
40.78 178.23
40.79 178.23
40.80 178.23
40.81 178.23
40.82 178.23
40.83 178.23
40.84 178.23
40.85 178.23
40.86 178.23
40.87 178.23
40.88 178.23
40.89 178.23
40.90 178.23
40.91 178.23
40.92 178.23
40.93 178.23
40.94 178.23
40.95 178.23
40.96 178.23
40.97 178.23
40.98 178.23
40.99 178.23
41.00 178.23
41.01 178.23
41.02 178.23
41.03 178.23
41.04 178.23
41.05 178.23
41.06 178.23
41.07 178.23
41.08 178.23
41.09 178.23
41.10 178.23
41.11 178.23
41.12 178.23
41.13 178.23
41.14 178.23
41.15 178.23
41.16 178.23
41.17 178.23
41.18 178.23
41.19 178.23
41.20 178.23
41.21 178.23
41.22 178.23
41.23 178.23
41.24 178.23
41.25 178.23
41.26 178.23
41.27 178.23
41.28 178.23
41.29 178.23
41.30 178.23
41.31 178.23
41.32 178.23
41.33 178.23
41.34 178.23
41.35 178.23
41.36 178.23
41.37 178.23
41.38 178.23
41.39 178.23
41.40 178.23
41.41 178.23
41.42 178.23
41.43 178.23
41.44 178.23
41.45 178.23
41.46 178.23
41.47 178.23
41.48 178.23
41.49 178.23
41.50 178.23
41.51 178.23
41.52 178.23
41.53 178.23
41.54 178.23
41.55 178.23
41.56 178.23
41.57 178.23
41.58 178.23
41.59 178.23
41.60 178.23
41.61 178.23
41.62 178.23
41.63 178.23
41.64 178.23
41.65 178.23
41.66 178.23
41.67 178.23
41.68 178.23
41.69 178.23
41.70 178.23
41.71 178.23
41.72 178.23
41.73 178.23
41.74 178.23
41.75 178.23
41.76 178.23
41.77 178.23
41.78 178.23
41.79 178.23
41.80 178.23
41.81 178.23
41.82 178.23
41.83 178.23
41.84 178.23
41.85 178.23
41.86 178.23
41.87 178.23
41.88 178.23
41.89 178.23
41.90 178.23
41.91 178.23
41.92 178.23
41.93 178.23
41.94 178.23
41.95 178.23
41.96 178.23
41.97 178.23
41.98 178.23
41.99 178.23
42.00 178.23
42.01 178.23
42.02 178.23
42.03 178.23
42.04 178.23
42.05 178.23
42.06 178.23
42.07 178.23
42.08 178.23
42.09 178.23
42.10 178.23
42.11 178.23
42.12 178.23
42.13 178.23
42.14 178.23
42.15 178.23
42.16 178.23
42.17 178.23
42.18 178.23
42.19 178.23
42.20 178.23
42.21 178.23
42.22 178.23
42.23 178.23
42.24 178.23
42.25 178.23
42.26 178.23
42.27 178.23
42.28 178.23
42.29 178.23
42.30 178.23
42.31 178.23
42.32 178.23
42.33 178.23
42.34 178.23
42.35 178.23
42.36 178.23
42.37 178.23
42.38 178.23
42.39 178.23
42.40 178.23
42.41 178.23
42.42 178.23
42.43 178.23
42.44 178.23
42.45 178.23
42.46 178.23
42.47 178.23
42.48 178.23
42.49 178.23
42.50 178.23
42.51 178.23
42.52 178.23
42.53 178.23
42.54 178.23
42.55 178.23
42.56 178.23
42.57 178.23
42.58 178.23
42.59 178.23
42.60 178.23
42.61 178.23
42.62 178.23
42.63 178.23
42.64 178.23
42.65 178.23
42.66 178.23
42.67 178.23
42.68 178.23
42.69 178.23
42.70 178.23
42.71 178.23
42.72 178.23
42.73 178.23
42.74 178.23
42.75 178.23
42.76 178.23
42.77 178.23
42.78 178.23
42.79 178.23
42.80 178.23
42.81 178.23
42.82 84.81
42.83 153.49
42.84 153.49
42.85 153.49
42.86 153.49
42.87 153.49
42.88 153.49
42.89 153.49
42.90 153.49
42.91 153.49
42.92 153.49
42.93 153.49
42.94 153.49
42.95 153.49
42.96 153.49
42.97 153.49
42.98 153.49
42.99 153.49
43.00 71.04
43.01 69.12
43.02 132.03
43.03 132.03
43.04 132.03
43.05 132.03
43.06 132.03
43.07 132.03
43.08 132.03
43.09 132.03
43.10 132.03
43.11 132.03
43.12 132.03
43.13 132.03
43.14 132.03
43.15 132.03
43.16 132.03
43.17 132.03
43.18 132.03
43.19 132.03
43.20 132.03
43.21 132.03
43.22 132.03
43.23 132.03
43.24 132.03
43.25 132.03
43.26 132.03
43.27 132.03
43.28 132.03
43.29 132.03
43.30 132.03
43.31 132.03
43.32 132.03
43.33 132.03
43.34 132.03
43.35 132.03
43.36 132.03
43.37 144.40
43.38 144.40
43.39 144.40
43.40 144.40
43.41 144.40
43.42 144.40
43.43 144.40
43.44 144.40
43.45 144.40
43.46 144.40
43.47 144.40
43.48 144.40
43.49 144.40
43.50 144.40
43.51 144.40
43.52 144.40
43.53 144.40
43.54 144.40
43.55 144.40
43.56 144.40
43.57 144.40
43.58 144.40
43.59 144.40
43.60 144.40
43.61 144.40
43.62 144.40
43.63 144.40
43.64 144.40
43.65 144.40
43.66 144.40
43.67 144.40
43.68 144.40
43.69 144.40
43.70 144.40
43.71 144.40
43.72 144.40
43.73 144.40
43.74 144.40
43.75 144.40
43.76 144.40
43.77 144.40
43.78 144.40
43.79 144.40
43.80 144.40
43.81 144.40
43.82 144.40
43.83 144.40
43.84 144.40
43.85 144.40
43.86 144.40
43.87 144.40
43.88 144.40
43.89 144.40
43.90 144.40
43.91 144.40
43.92 144.40
43.93 144.40
43.94 144.40
43.95 144.40
43.96 144.40
43.97 144.40
43.98 144.40
43.99 144.40
44.00 144.40
44.01 144.40
44.02 144.40
44.03 144.40
44.04 144.40
44.05 144.40
44.06 144.40
44.07 144.40
44.08 144.40
44.09 144.40
44.10 144.40
44.11 144.40
44.12 144.40
44.13 144.40
44.14 144.40
44.15 144.40
44.16 144.40
44.17 144.40
44.18 144.40
44.19 144.40
44.20 144.40
44.21 144.40
44.22 144.40
44.23 144.40
44.24 144.40
44.25 144.40
44.26 144.40
44.27 144.40
44.28 144.40
44.29 144.40
44.30 144.40
44.31 144.40
44.32 144.40
44.33 144.40
44.34 144.40
44.35 144.40
44.36 144.40
44.37 144.40
44.38 144.40
44.39 144.40
44.40 144.40
44.41 144.40
44.42 144.40
44.43 144.40
44.44 144.40
44.45 144.40
44.46 144.40
44.47 144.40
44.48 144.40
44.49 144.40
44.50 144.40
44.51 144.40
44.52 144.40
44.53 144.40
44.54 144.40
44.55 144.40
44.56 144.40
44.57 144.40
44.58 144.40
44.59 144.40
44.60 144.40
44.61 144.40
44.62 144.40
44.63 144.40
44.64 163.11
44.65 163.11
44.66 163.11
44.67 163.11
44.68 163.11
44.69 163.11
44.70 163.11
44.71 163.11
44.72 163.11
44.73 163.11
44.74 163.11
44.75 163.11
44.76 163.11
44.77 163.11
44.78 163.11
44.79 163.11
44.80 163.11
44.81 163.11
44.82 163.11
44.83 163.11
44.84 163.11
44.85 163.11
44.86 163.11
44.87 163.11
44.88 163.11
44.89 163.11
44.90 163.11
44.91 163.11
44.92 163.11
44.93 163.11
44.94 163.11
44.95 163.11
44.96 163.11
44.97 163.11
44.98 163.11
44.99 163.11
45.00 163.11
45.01 163.11
45.02 163.11
45.03 163.11
45.04 163.11
45.05 163.11
45.06 163.11
45.07 163.11
45.08 163.11
45.09 163.11
45.10 163.11
45.11 163.11
45.12 163.11
45.13 163.11
45.14 163.11
45.15 163.11
45.16 163.11
45.17 163.11
45.18 163.11
45.19 163.11
45.20 163.11
45.21 163.11
45.22 163.11
45.23 163.11
45.24 163.11
45.25 163.11
45.26 163.11
45.27 163.11
45.28 163.11
45.29 163.11
45.30 163.11
45.31 163.11
45.32 163.11
45.33 163.11
45.34 163.11
45.35 163.11
45.36 163.11
45.37 163.11
45.38 163.11
45.39 163.11
45.40 163.11
45.41 163.11
45.42 163.11
45.43 163.11
45.44 163.11
45.45 163.11
45.46 163.11
45.47 163.11
45.48 163.11
45.49 163.11
45.50 163.11
45.51 163.11
45.52 163.11
45.53 163.11
45.54 163.11
45.55 163.11
45.56 163.11
45.57 163.11
45.58 163.11
45.59 163.11
45.60 163.11
45.61 163.11
45.62 163.11
45.63 163.11
45.64 163.11
45.65 163.11
45.66 163.11
45.67 163.11
45.68 163.11
45.69 163.11
45.70 163.11
45.71 91.05
45.72 190.26
45.73 190.26
45.74 190.26
45.75 190.26
45.76 190.26
45.77 190.26
45.78 190.26
45.79 190.26
45.80 180.82
45.81 180.82
45.82 180.82
45.83 180.82
45.84 180.82
45.85 180.82
45.86 180.82
45.87 180.82
45.88 180.82
45.89 180.82
45.90 180.82
45.91 180.82
45.92 180.82
45.93 180.82
45.94 180.82
45.95 180.82
45.96 180.82
45.97 180.82
45.98 180.82
45.99 180.82
46.00 180.82
46.01 180.82
46.02 180.82
46.03 180.82
46.04 180.82
46.05 180.82
46.06 180.82
46.07 180.82
46.08 180.82
46.09 180.82
46.10 180.82
46.11 180.82
46.12 180.82
46.13 180.82
46.14 180.82
46.15 180.82
46.16 180.82
46.17 180.82
46.18 180.82
46.19 180.82
46.20 180.82
46.21 180.82
46.22 180.82
46.23 180.82
46.24 180.82
46.25 180.82
46.26 180.82
46.27 180.82
46.28 180.82
46.29 180.82
46.30 180.82
46.31 180.82
46.32 180.82
46.33 180.82
46.34 180.82
46.35 180.82
46.36 180.82
46.37 180.82
46.38 180.82
46.39 180.82
46.40 180.82
46.41 180.82
46.42 180.82
46.43 180.82
46.44 180.82
46.45 180.82
46.46 180.82
46.47 180.82
46.48 180.82
46.49 180.82
46.50 180.82
46.51 180.82
46.52 180.82
46.53 180.82
46.54 180.82
46.55 180.82
46.56 180.82
46.57 180.82
46.58 180.82
46.59 180.82
46.60 180.82
46.61 180.82
46.62 180.82
46.63 180.82
46.64 180.82
46.65 180.82
46.66 180.82
46.67 180.82
46.68 180.82
46.69 180.82
46.70 180.82
46.71 180.82
46.72 180.82
46.73 180.82
46.74 180.82
46.75 180.82
46.76 0.00
46.77 0.00
46.78 0.00
46.79 0.00
46.80 0.00
46.81 0.00
46.82 0.00
46.83 0.00
46.84 0.00
46.85 0.00
46.86 0.00
46.87 0.00
46.88 0.00
46.89 0.00
46.90 0.00
46.91 0.00
46.92 0.00
46.93 0.00
46.94 0.00
46.95 0.00
46.96 0.00
46.97 0.00
46.98 0.00
46.99 0.00
47.00 0.00
47.01 0.00
47.02 0.00
47.03 0.00
47.04 0.00
47.05 0.00
47.06 0.00
47.07 0.00
47.08 0.00
47.09 0.00
47.10 0.00
47.11 0.00
47.12 0.00
47.13 0.00
47.14 0.00
47.15 0.00
47.16 0.00
47.17 0.00
47.18 0.00
47.19 0.00
47.20 0.00
47.21 0.00
47.22 0.00
47.23 0.00
47.24 0.00
47.25 0.00
47.26 0.00
47.27 0.00
47.28 0.00
47.29 0.00
47.30 0.00
47.31 0.00
47.32 0.00
47.33 0.00
47.34 0.00
47.35 0.00
47.36 0.00
47.37 0.00
47.38 0.00
47.39 0.00
47.40 0.00
47.41 0.00
47.42 0.00
47.43 0.00
47.44 0.00
47.45 0.00
47.46 0.00
47.47 0.00
47.48 0.00
47.49 0.00
47.50 0.00
47.51 0.00
47.52 0.00
47.53 0.00
47.54 0.00
47.55 0.00
47.56 0.00
47.57 0.00
47.58 0.00
47.59 0.00
47.60 0.00
47.61 0.00
47.62 0.00
47.63 0.00
47.64 0.00
47.65 0.00
47.66 0.00
47.67 0.00
47.68 0.00
47.69 0.00
47.70 0.00
47.71 0.00
47.72 0.00
47.73 0.00
47.74 0.00
47.75 169.71
47.76 169.71
47.77 169.71
47.78 169.71
47.79 169.71
47.80 169.71
47.81 169.71
47.82 169.71
47.83 180.65
47.84 180.65
47.85 180.65
47.86 180.65
47.87 180.65
47.88 180.65
47.89 180.65
47.90 180.65
47.91 180.65
47.92 180.65
47.93 180.65
47.94 180.65
47.95 180.65
47.96 180.65
47.97 180.65
47.98 180.65
47.99 180.65
48.00 180.65
48.01 180.65
48.02 180.65
48.03 180.65
48.04 180.65
48.05 180.65
48.06 180.65
48.07 180.65
48.08 180.65
48.09 180.65
48.10 180.65
48.11 180.65
48.12 180.65
48.13 180.65
48.14 180.65
48.15 180.65
48.16 180.65
48.17 180.65
48.18 180.65
48.19 180.65
48.20 180.65
48.21 180.65
48.22 180.65
48.23 180.65
48.24 180.65
48.25 180.65
48.26 180.65
48.27 180.65
48.28 180.65
48.29 180.65
48.30 180.65
48.31 180.65
48.32 180.65
48.33 180.65
48.34 180.65
48.35 180.65
48.36 180.65
48.37 180.65
48.38 180.65
48.39 180.65
48.40 180.65
48.41 180.65
48.42 180.65
48.43 180.65
48.44 180.65
48.45 180.65
48.46 180.65
48.47 180.65
48.48 180.65
48.49 180.65
48.50 180.65
48.51 180.65
48.52 180.65
48.53 180.65
48.54 180.65
48.55 180.65
48.56 180.65
48.57 180.65
48.58 180.65
48.59 180.65
48.60 180.65
48.61 180.65
48.62 180.65
48.63 180.65
48.64 180.65
48.65 180.65
48.66 180.65
48.67 180.65
48.68 180.65
48.69 180.65
48.70 180.65
48.71 180.65
48.72 180.65
48.73 180.65
48.74 180.65
48.75 180.65
48.76 180.65
48.77 180.65
48.78 180.65
48.79 180.65
48.80 180.65
48.81 180.65
48.82 180.65
48.83 180.65
48.84 180.65
48.85 180.65
48.86 180.65
48.87 180.65
48.88 180.65
48.89 180.65
48.90 180.65
48.91 180.65
48.92 180.65
48.93 180.65
48.94 180.65
48.95 180.65
48.96 180.65
48.97 180.65
48.98 180.65
48.99 180.65
49.00 180.65
49.01 180.65
49.02 180.65
49.03 180.65
49.04 180.65
49.05 180.65
49.06 180.65
49.07 180.65
49.08 180.65
49.09 180.65
49.10 180.65
49.11 180.65
49.12 180.65
49.13 180.65
49.14 180.65
49.15 180.65
49.16 180.65
49.17 180.65
49.18 180.65
49.19 180.65
49.20 180.65
49.21 180.65
49.22 180.65
49.23 180.65
49.24 180.65
49.25 180.65
49.26 180.65
49.27 180.65
49.28 180.65
49.29 180.65
49.30 180.65
49.31 180.65
49.32 180.65
49.33 180.65
49.34 180.65
49.35 180.65
49.36 180.65
49.37 180.65
49.38 180.65
49.39 180.65
49.40 180.65
49.41 180.65
49.42 180.65
49.43 180.65
49.44 180.65
49.45 180.65
49.46 180.65
49.47 180.65
49.48 180.65
49.49 180.65
49.50 180.65
49.51 180.65
49.52 180.65
49.53 180.65
49.54 180.65
49.55 180.65
49.56 180.65
49.57 180.65
49.58 180.65
49.59 180.65
49.60 180.65
49.61 180.65
49.62 180.65
49.63 180.65
49.64 180.65
49.65 180.65
49.66 180.65
49.67 180.65
49.68 180.65
49.69 180.65
49.70 180.65
49.71 180.65
49.72 180.65
49.73 180.65
49.74 180.65
49.75 180.65
49.76 180.65
49.77 180.65
49.78 180.65
49.79 180.65
49.80 180.65
49.81 180.65
49.82 180.65
49.83 180.65
49.84 180.65
49.85 180.65
49.86 180.65
49.87 180.65
49.88 180.65
49.89 180.65
49.90 180.65
49.91 180.65
49.92 180.65
49.93 180.65
49.94 180.65
49.95 180.65
49.96 180.65
49.97 180.65
49.98 180.65
49.99 180.65
50.00 180.65
50.01 180.65
50.02 180.65
50.03 180.65
50.04 180.65
50.05 0.00
50.06 0.00
50.07 0.00
50.08 0.00
50.09 0.00
50.10 0.00
50.11 0.00
50.12 0.00
50.13 0.00
50.14 0.00
50.15 0.00
50.16 0.00
50.17 0.00
50.18 0.00
50.19 0.00
50.20 0.00
50.21 0.00
50.22 0.00
50.23 0.00
50.24 0.00
50.25 0.00
50.26 0.00
50.27 0.00
50.28 0.00
50.29 0.00
50.30 0.00
50.31 0.00
50.32 0.00
50.33 0.00
50.34 0.00
50.35 0.00
50.36 0.00
50.37 0.00
50.38 0.00
50.39 0.00
50.40 0.00
50.41 0.00
50.42 0.00
50.43 0.00
50.44 0.00
50.45 0.00
50.46 0.00
50.47 0.00
50.48 148.34
50.49 148.34
50.50 148.34
50.51 148.34
50.52 148.34
50.53 148.34
50.54 148.34
50.55 148.34
50.56 148.34
50.57 148.34
50.58 148.34
50.59 148.34
50.60 148.34
50.61 148.34
50.62 148.34
50.63 148.34
50.64 148.34
50.65 148.34
50.66 148.34
50.67 148.34
50.68 148.34
50.69 79.34
50.70 81.21
50.71 172.37
50.72 172.37
50.73 172.37
50.74 172.37
50.75 172.37
50.76 172.37
50.77 172.37
50.78 172.37
50.79 172.37
50.80 172.37
50.81 172.37
50.82 178.57
50.83 178.57
50.84 178.57
50.85 178.57
50.86 178.57
50.87 178.57
50.88 178.57
50.89 178.57
50.90 178.57
50.91 178.57
50.92 178.57
50.93 178.57
50.94 178.57
50.95 178.57
50.96 178.57
50.97 178.57
50.98 178.57
50.99 178.57
51.00 178.57
51.01 178.57
51.02 178.57
51.03 178.57
51.04 178.57
51.05 178.57
51.06 178.57
51.07 178.57
51.08 178.57
51.09 178.57
51.10 178.57
51.11 178.57
51.12 178.57
51.13 178.57
51.14 178.57
51.15 178.57
51.16 178.57
51.17 178.57
51.18 178.57
51.19 178.57
51.20 178.57
51.21 178.57
51.22 178.57
51.23 178.57
51.24 178.57
51.25 178.57
51.26 178.57
51.27 178.57
51.28 178.57
51.29 178.57
51.30 178.57
51.31 178.57
51.32 178.57
51.33 178.57
51.34 178.57
51.35 178.57
51.36 178.57
51.37 178.57
51.38 178.57
51.39 178.57
51.40 178.57
51.41 178.57
51.42 178.57
51.43 178.57
51.44 178.57
51.45 178.57
51.46 178.57
51.47 178.57
51.48 178.57
51.49 178.57
51.50 178.57
51.51 178.57
51.52 178.57
51.53 178.57
51.54 178.57
51.55 178.57
51.56 178.57
51.57 178.57
51.58 178.57
51.59 178.57
51.60 178.57
51.61 178.57
51.62 178.57
51.63 178.57
51.64 178.57
51.65 178.57
51.66 178.57
51.67 178.57
51.68 178.57
51.69 178.57
51.70 178.57
51.71 178.57
51.72 178.57
51.73 178.57
51.74 178.57
51.75 178.57
51.76 178.57
51.77 178.57
51.78 178.57
51.79 178.57
51.80 178.57
51.81 178.57
51.82 178.57
51.83 178.57
51.84 178.57
51.85 178.57
51.86 178.57
51.87 178.57
51.88 178.57
51.89 178.57
51.90 178.57
51.91 178.57
51.92 178.57
51.93 178.57
51.94 178.57
51.95 178.57
51.96 178.57
51.97 178.57
51.98 178.57
51.99 178.57
52.00 178.57
52.01 178.57
52.02 178.57
52.03 178.57
52.04 178.57
52.05 178.57
52.06 178.57
52.07 178.57
52.08 178.57
52.09 178.57
52.10 178.57
52.11 178.57
52.12 178.57
52.13 178.57
52.14 178.57
52.15 178.57
52.16 178.57
52.17 178.57
52.18 178.57
52.19 178.57
52.20 178.57
52.21 178.57
52.22 178.57
52.23 178.57
52.24 178.57
52.25 178.57
52.26 178.57
52.27 178.57
52.28 178.57
52.29 178.57
52.30 178.57
52.31 178.57
52.32 178.57
52.33 178.57
52.34 178.57
52.35 178.57
52.36 178.57
52.37 178.57
52.38 178.57
52.39 178.57
52.40 178.57
52.41 178.57
52.42 178.57
52.43 178.57
52.44 178.57
52.45 178.57
52.46 178.57
52.47 178.57
52.48 178.57
52.49 178.57
52.50 178.57
52.51 178.57
52.52 178.57
52.53 178.57
52.54 178.57
52.55 178.57
52.56 178.57
52.57 178.57
52.58 178.57
52.59 178.57
52.60 178.57
52.61 178.57
52.62 178.57
52.63 178.57
52.64 178.57
52.65 178.57
52.66 178.57
52.67 178.57
52.68 178.57
52.69 178.57
52.70 178.57
52.71 178.57
52.72 178.57
52.73 178.57
52.74 178.57
52.75 178.57
52.76 178.57
52.77 178.57
52.78 178.57
52.79 178.57
52.80 178.57
52.81 178.57
52.82 178.57
52.83 178.57
52.84 178.57
52.85 178.57
52.86 178.57
52.87 178.57
52.88 178.57
52.89 178.57
52.90 178.57
52.91 178.57
52.92 178.57
52.93 178.57
52.94 178.57
52.95 178.57
52.96 178.57
52.97 178.57
52.98 178.57
52.99 178.57
53.00 178.57
53.01 178.57
53.02 178.57
53.03 0.00
53.04 0.00
53.05 0.00
53.06 0.00
53.07 0.00
53.08 0.00
53.09 0.00
53.10 0.00
53.11 0.00
53.12 0.00
53.13 0.00
53.14 0.00
53.15 0.00
53.16 0.00
53.17 0.00
53.18 0.00
53.19 0.00
53.20 0.00
53.21 0.00
53.22 0.00
53.23 0.00
53.24 0.00
53.25 0.00
53.26 0.00
53.27 0.00
53.28 0.00
53.29 0.00
53.30 0.00
53.31 0.00
53.32 0.00
53.33 0.00
53.34 0.00
53.35 0.00
53.36 0.00
53.37 0.00
53.38 0.00
53.39 0.00
53.40 0.00
53.41 0.00
53.42 0.00
53.43 0.00
53.44 0.00
53.45 0.00
53.46 0.00
53.47 0.00
53.48 0.00
53.49 0.00
53.50 0.00
53.51 0.00
53.52 0.00
53.53 0.00
53.54 0.00
53.55 143.99
53.56 143.99
53.57 143.99
53.58 143.99
53.59 143.99
53.60 143.99
53.61 143.99
53.62 143.99
53.63 143.99
53.64 143.99
53.65 143.99
53.66 143.99
53.67 143.99
53.68 143.99
53.69 143.99
53.70 143.99
53.71 143.99
53.72 143.99
53.73 143.99
53.74 143.99
53.75 143.99
53.76 143.99
53.77 143.99
53.78 143.99
53.79 143.99
53.80 143.99
53.81 143.99
53.82 143.99
53.83 143.99
53.84 143.99
53.85 143.99
53.86 143.99
53.87 143.99
53.88 143.99
53.89 143.99
53.90 143.99
53.91 143.99
53.92 143.99
53.93 143.99
53.94 143.99
53.95 143.99
53.96 143.99
53.97 143.99
53.98 143.99
53.99 143.99
54.00 143.99
54.01 143.99
54.02 143.99
54.03 143.99
54.04 143.99
54.05 143.99
54.06 143.99
54.07 143.99
54.08 143.99
54.09 143.99
54.10 143.99
54.11 143.99
54.12 143.99
54.13 143.99
54.14 143.99
54.15 143.99
54.16 143.99
54.17 143.99
54.18 143.99
54.19 143.99
54.20 143.99
54.21 143.99
54.22 143.99
54.23 143.99
54.24 143.99
54.25 143.99
54.26 143.99
54.27 143.99
54.28 143.99
54.29 143.99
54.30 143.99
54.31 143.99
54.32 143.99
54.33 143.99
54.34 143.99
54.35 143.99
54.36 143.99
54.37 143.99
54.38 143.99
54.39 143.99
54.40 143.99
54.41 143.99
54.42 143.99
54.43 143.99
54.44 143.99
54.45 143.99
54.46 143.99
54.47 143.99
54.48 143.99
54.49 143.99
54.50 143.99
54.51 143.99
54.52 143.99
54.53 143.99
54.54 143.99
54.55 143.99
54.56 143.99
54.57 143.99
54.58 143.99
54.59 143.99
54.60 143.99
54.61 143.99
54.62 143.99
54.63 143.99
54.64 143.99
54.65 143.99
54.66 143.99
54.67 143.99
54.68 143.99
54.69 143.99
54.70 143.99
54.71 143.99
54.72 143.99
54.73 143.99
54.74 143.99
54.75 143.99
54.76 143.99
54.77 143.99
54.78 143.99
54.79 143.99
54.80 143.99
54.81 143.99
54.82 143.99
54.83 143.99
54.84 143.99
54.85 143.99
54.86 143.99
54.87 143.99
54.88 143.99
54.89 143.99
54.90 143.99
54.91 143.99
54.92 143.99
54.93 143.99
54.94 143.99
54.95 143.99
54.96 143.99
54.97 143.99
54.98 143.99
54.99 143.99
55.00 143.99
55.01 143.99
55.02 143.99
55.03 143.99
55.04 143.99
55.05 143.99
55.06 143.99
55.07 143.99
55.08 143.99
55.09 143.99
55.10 143.99
55.11 143.99
55.12 143.99
55.13 143.99
55.14 143.99
55.15 143.99
55.16 143.99
55.17 143.99
55.18 143.99
55.19 143.99
55.20 143.99
55.21 143.99
55.22 143.99
55.23 143.99
55.24 143.99
55.25 143.99
55.26 143.99
55.27 143.99
55.28 143.99
55.29 143.99
55.30 143.99
55.31 143.99
55.32 143.99
55.33 143.99
55.34 143.99
55.35 143.99
55.36 143.99
55.37 143.99
55.38 143.99
55.39 143.99
55.40 143.99
55.41 143.99
55.42 143.99
55.43 143.99
55.44 143.99
55.45 143.99
55.46 143.99
55.47 143.99
55.48 143.99
55.49 143.99
55.50 143.99
55.51 143.99
55.52 143.99
55.53 143.99
55.54 143.99
55.55 143.99
55.56 143.99
55.57 143.99
55.58 143.99
55.59 143.99
55.60 143.99
55.61 143.99
55.62 143.99
55.63 143.99
55.64 143.99
55.65 143.99
55.66 143.99
55.67 143.99
55.68 143.99
55.69 143.99
55.70 143.99
55.71 143.99
55.72 143.99
55.73 143.99
55.74 143.99
55.75 143.99
55.76 143.99
55.77 143.99
55.78 143.99
55.79 143.99
55.80 143.99
55.81 143.99
55.82 143.99
55.83 143.99
55.84 143.99
55.85 143.99
55.86 143.99
55.87 143.99
55.88 143.99
55.89 143.99
55.90 143.99
55.91 143.99
55.92 143.99
55.93 143.99
55.94 143.99
55.95 143.99
55.96 143.99
55.97 143.99
55.98 143.99
55.99 143.99
56.00 143.99
56.01 143.99
56.02 143.99
56.03 143.99
56.04 143.99
56.05 143.99
56.06 143.99
56.07 143.99
56.08 143.99
56.09 143.99
56.10 143.99
56.11 143.99
56.12 143.99
56.13 143.99
56.14 143.99
56.15 143.99
56.16 143.99
56.17 143.99
56.18 143.99
56.19 143.99
56.20 143.99
56.21 143.99
56.22 143.99
56.23 143.99
56.24 143.99
56.25 143.99
56.26 143.99
56.27 143.99
56.28 143.99
56.29 143.99
56.30 143.99
56.31 143.99
56.32 143.99
56.33 143.99
56.34 143.99
56.35 143.99
56.36 143.99
56.37 143.99
56.38 143.99
56.39 143.99
56.40 143.99
56.41 143.99
56.42 143.99
56.43 143.99
56.44 143.99
56.45 143.99
56.46 143.99
56.47 143.99
56.48 143.99
56.49 143.99
56.50 143.99
56.51 143.99
56.52 143.99
56.53 143.99
56.54 143.99
56.55 143.99
56.56 143.99
56.57 143.99
56.58 143.99
56.59 143.99
56.60 143.99
56.61 143.99
56.62 143.99
56.63 143.99
56.64 143.99
56.65 143.99
56.66 143.99
56.67 143.99
56.68 143.99
56.69 143.99
56.70 143.99
56.71 143.99
56.72 143.99
56.73 143.99
56.74 143.99
56.75 143.99
56.76 143.99
56.77 143.99
56.78 143.99
56.79 143.99
56.80 143.99
56.81 143.99
56.82 143.99
56.83 143.99
56.84 143.99
56.85 143.99
56.86 143.99
56.87 143.99
56.88 143.99
56.89 143.99
56.90 143.99
56.91 143.99
56.92 143.99
56.93 143.99
56.94 143.99
56.95 143.99
56.96 143.99
56.97 143.99
56.98 143.99
56.99 143.99
57.00 143.99
57.01 143.99
57.02 143.99
57.03 143.99
57.04 143.99
57.05 143.99
57.06 143.99
57.07 143.99
57.08 143.99
57.09 143.99
57.10 143.99
57.11 143.99
57.12 143.99
57.13 143.99
57.14 143.99
57.15 143.99
57.16 143.99
57.17 143.99
57.18 143.99
57.19 143.99
57.20 143.99
57.21 143.99
57.22 143.99
57.23 143.99
57.24 143.99
57.25 143.99
57.26 143.99
57.27 143.99
57.28 143.99
57.29 143.99
57.30 143.99
57.31 143.99
57.32 143.99
57.33 143.99
57.34 143.99
57.35 143.99
57.36 143.99
57.37 143.99
57.38 143.99
57.39 143.99
57.40 143.99
57.41 143.99
57.42 143.99
57.43 143.99
57.44 143.99
57.45 143.99
57.46 143.99
57.47 143.99
57.48 143.99
57.49 143.99
57.50 143.99
57.51 143.99
57.52 143.99
57.53 143.99
57.54 143.99
57.55 143.99
57.56 143.99
57.57 143.99
57.58 143.99
57.59 143.99
57.60 143.99
57.61 143.99
57.62 143.99
57.63 143.99
57.64 143.99
57.65 143.99
57.66 143.99
57.67 143.99
57.68 143.99
57.69 143.99
57.70 143.99
57.71 143.99
57.72 0.00
57.73 0.00
57.74 0.00
57.75 0.00
57.76 0.00
57.77 0.00
57.78 0.00
57.79 0.00
57.80 0.00
57.81 0.00
57.82 0.00
57.83 0.00
57.84 0.00
57.85 0.00
57.86 0.00
57.87 0.00
57.88 0.00
57.89 0.00
57.90 0.00
57.91 0.00
57.92 0.00
57.93 0.00
57.94 0.00
57.95 0.00
57.96 0.00
57.97 0.00
57.98 0.00
57.99 0.00
58.00 0.00
58.01 0.00
58.02 0.00
58.03 0.00
58.04 0.00
58.05 0.00
58.06 0.00
58.07 0.00
58.08 0.00
58.09 0.00
58.10 0.00
58.11 0.00
58.12 0.00
58.13 0.00
58.14 0.00
58.15 0.00
58.16 0.00
58.17 0.00
58.18 0.00
58.19 0.00
58.20 0.00
58.21 0.00
58.22 0.00
58.23 0.00
58.24 0.00
58.25 0.00
58.26 0.00
58.27 0.00
58.28 0.00
58.29 0.00
58.30 0.00
58.31 0.00
58.32 0.00
58.33 0.00
58.34 63.66
58.35 65.28
58.36 66.26
58.37 67.90
58.38 69.18
58.39 70.33
58.40 71.55
58.41 73.14
58.42 153.71
58.43 153.71
58.44 153.71
58.45 153.71
58.46 153.71
58.47 153.71
58.48 153.71
58.49 161.75
58.50 161.75
58.51 161.75
58.52 161.75
58.53 161.75
58.54 161.75
58.55 161.75
58.56 161.75
58.57 161.75
58.58 161.75
58.59 161.75
58.60 161.75
58.61 161.75
58.62 161.75
58.63 161.75
58.64 161.75
58.65 161.75
58.66 161.75
58.67 161.75
58.68 161.75
58.69 161.75
58.70 161.75
58.71 161.75
58.72 161.75
58.73 161.75
58.74 161.75
58.75 161.75
58.76 161.75
58.77 161.75
58.78 161.75
58.79 161.75
58.80 161.75
58.81 161.75
58.82 161.75
58.83 161.75
58.84 161.75
58.85 161.75
58.86 161.75
58.87 161.75
58.88 161.75
58.89 161.75
58.90 161.75
58.91 161.75
58.92 161.75
58.93 161.75
58.94 161.75
58.95 161.75
58.96 161.75
58.97 161.75
58.98 161.75
58.99 161.75
59.00 161.75
59.01 161.75
59.02 161.75
59.03 161.75
59.04 161.75
59.05 161.75
59.06 161.75
59.07 161.75
59.08 161.75
59.09 161.75
59.10 161.75
59.11 161.75
59.12 161.75
59.13 161.75
59.14 161.75
59.15 161.75
59.16 161.75
59.17 161.75
59.18 161.75
59.19 161.75
59.20 161.75
59.21 161.75
59.22 161.75
59.23 161.75
59.24 161.75
59.25 161.75
59.26 161.75
59.27 161.75
59.28 161.75
59.29 161.75
59.30 161.75
59.31 161.75
59.32 161.75
59.33 161.75
59.34 161.75
59.35 161.75
59.36 161.75
59.37 161.75
59.38 161.75
59.39 161.75
59.40 161.75
59.41 161.75
59.42 161.75
59.43 161.75
59.44 161.75
59.45 161.75
59.46 161.75
59.47 161.75
59.48 161.75
59.49 161.75
59.50 161.75
59.51 161.75
59.52 161.75
59.53 161.75
59.54 161.75
59.55 161.75
59.56 161.75
59.57 161.75
59.58 161.75
59.59 161.75
59.60 161.75
59.61 161.75
59.62 161.75
59.63 161.75
59.64 161.75
59.65 161.75
59.66 161.75
59.67 161.75
59.68 161.75
59.69 161.75
59.70 161.75
59.71 161.75
59.72 161.75
59.73 161.75
59.74 161.75
59.75 161.75
59.76 161.75
59.77 161.75
59.78 161.75
59.79 161.75
59.80 161.75
59.81 161.75
59.82 161.75
59.83 161.75
59.84 161.75
59.85 161.75
59.86 -1.00
59.87 -1.00
59.88 -1.00
59.89 -1.00
59.90 -1.00
59.91 -1.00
59.92 -1.00
59.93 -1.00
59.94 -1.00
59.95 -1.00
59.96 -1.00
59.97 -1.00
59.98 -1.00
59.99 -1.00
60.00 -1.00
60.01 -1.00
60.02 -1.00
60.03 182.23
60.04 182.23
60.05 182.23
60.06 182.23
60.07 182.23
60.08 182.23
60.09 182.23
60.10 182.23
60.11 182.23
60.12 182.23
60.13 182.23
60.14 182.23
60.15 182.23
60.16 182.23
60.17 182.23
60.18 182.23
60.19 182.23
60.20 182.23
60.21 182.23
60.22 182.23
60.23 182.23
60.24 182.23
60.25 182.23
60.26 182.23
60.27 182.23
60.28 182.23
60.29 182.23
60.30 182.23
60.31 182.23
60.32 182.23
60.33 182.23
60.34 182.23
60.35 182.23
60.36 182.23
60.37 182.23
60.38 182.23
60.39 182.23
60.40 182.23
60.41 182.23
60.42 182.23
60.43 182.23
60.44 182.23
60.45 182.23
60.46 182.23
60.47 182.23
60.48 182.23
60.49 182.23
60.50 182.23
60.51 182.23
60.52 182.23
60.53 182.23
60.54 182.23
60.55 182.23
60.56 182.23
60.57 182.23
60.58 182.23
60.59 182.23
60.60 182.23
60.61 182.23
60.62 182.23
60.63 182.23
60.64 182.23
60.65 182.23
60.66 182.23
60.67 182.23
60.68 182.23
60.69 182.23
60.70 182.23
60.71 182.23
60.72 182.23
60.73 182.23
60.74 182.23
60.75 182.23
60.76 182.23
60.77 182.23
60.78 182.23
60.79 182.23
60.80 182.23
60.81 182.23
60.82 182.23
60.83 182.23
60.84 182.23
60.85 182.23
60.86 182.23
60.87 182.23
60.88 182.23
60.89 182.23
60.90 182.23
60.91 182.23
60.92 182.23
60.93 182.23
60.94 182.23
60.95 182.23
60.96 182.23
60.97 182.23
60.98 182.23
60.99 182.23
61.00 182.23
61.01 182.23
61.02 182.23
61.03 182.23
61.04 182.23
61.05 182.23
61.06 182.23
61.07 182.23
61.08 182.23
61.09 182.23
61.10 182.23
61.11 182.23
61.12 182.23
61.13 182.23
61.14 182.23
61.15 182.23
61.16 182.23
61.17 182.23
61.18 182.23
61.19 182.23
61.20 182.23
61.21 182.23
61.22 182.23
61.23 182.23
61.24 182.23
61.25 182.23
61.26 182.23
61.27 182.23
61.28 182.23
61.29 182.23
61.30 182.23
61.31 182.23
61.32 182.23
61.33 182.23
61.34 182.23
61.35 182.23
61.36 182.23
61.37 182.23
61.38 182.23
61.39 182.23
61.40 182.23
61.41 182.23
61.42 182.23
61.43 182.23
61.44 182.23
61.45 182.23
61.46 182.23
61.47 182.23
61.48 182.23
61.49 182.23
61.50 182.23
61.51 182.23
61.52 182.23
61.53 182.23
61.54 182.23
61.55 182.23
61.56 182.23
61.57 182.23
61.58 0.00
61.59 0.00
61.60 0.00
61.61 0.00
61.62 0.00
61.63 0.00
61.64 0.00
61.65 0.00
61.66 0.00
61.67 0.00
61.68 0.00
61.69 0.00
61.70 0.00
61.71 0.00
61.72 0.00
61.73 0.00
61.74 0.00
61.75 0.00
61.76 0.00
61.77 0.00
61.78 0.00
61.79 0.00
61.80 0.00
61.81 0.00
61.82 0.00
61.83 0.00
61.84 0.00
61.85 0.00
61.86 0.00
61.87 0.00
61.88 0.00
61.89 0.00
61.90 0.00
61.91 0.00
61.92 0.00
61.93 0.00
61.94 0.00
61.95 0.00
61.96 0.00
61.97 0.00
61.98 0.00
61.99 0.00
62.00 0.00
62.01 0.00
62.02 0.00
62.03 0.00
62.04 0.00
62.05 0.00
62.06 0.00
62.07 0.00
62.08 0.00
62.09 0.00
62.10 0.00
62.11 0.00
62.12 0.00
62.13 0.00
62.14 0.00
62.15 0.00
62.16 0.00
62.17 0.00
62.18 0.00
62.19 0.00
62.20 0.00
62.21 0.00
62.22 0.00
62.23 0.00
62.24 0.00
62.25 0.00
62.26 0.00
