0.00 0.00
0.01 0.00
0.02 0.00
0.03 0.00
0.04 0.00
0.05 0.00
0.06 0.00
0.07 0.00
0.08 0.00
0.09 0.00
0.10 0.00
0.11 0.00
0.12 0.00
0.13 0.00
0.14 0.00
0.15 0.00
0.16 0.00
0.17 0.00
0.18 0.00
0.19 0.00
0.20 0.00
0.21 0.00
0.22 0.00
0.23 0.00
0.24 0.00
0.25 0.00
0.26 0.00
0.27 0.00
0.28 0.00
0.29 0.00
0.30 0.00
0.31 0.00
0.32 0.00
0.33 0.00
0.34 0.00
0.35 0.00
0.36 0.00
0.37 0.00
0.38 0.00
0.39 0.00
0.40 0.00
0.41 0.00
0.42 0.00
0.43 0.00
0.44 0.00
0.45 0.00
0.46 0.00
0.47 0.00
0.48 0.00
0.49 0.00
0.50 0.00
0.51 0.00
0.52 0.00
0.53 0.00
0.54 0.00
0.55 0.00
0.56 0.00
0.57 0.00
0.58 0.00
0.59 0.00
0.60 0.00
0.61 0.00
0.62 0.00
0.63 0.00
0.64 0.00
0.65 0.00
0.66 0.00
0.67 0.00
0.68 0.00
0.69 0.00
0.70 0.00
0.71 0.00
0.72 0.00
0.73 0.00
0.74 0.00
0.75 0.00
0.76 0.00
0.77 0.00
0.78 0.00
0.79 0.00
0.80 0.00
0.81 0.00
0.82 0.00
0.83 0.00
0.84 0.00
0.85 0.00
0.86 0.00
0.87 0.00
0.88 0.00
0.89 0.00
0.90 0.00
0.91 0.00
0.92 0.00
0.93 0.00
0.94 0.00
0.95 0.00
0.96 0.00
0.97 0.00
0.98 0.00
0.99 0.00
1.00 0.00
1.01 0.00
1.02 0.00
1.03 0.00
1.04 0.00
1.05 0.00
1.06 0.00
1.07 0.00
1.08 0.00
1.09 0.00
1.10 0.00
1.11 0.00
1.12 0.00
1.13 0.00
1.14 0.00
1.15 0.00
1.16 0.00
1.17 0.00
1.18 0.00
1.19 0.00
1.20 0.00
1.21 0.00
1.22 0.00
1.23 0.00
1.24 0.00
1.25 0.00
1.26 0.00
1.27 0.00
1.28 0.00
1.29 0.00
1.30 0.00
1.31 0.00
1.32 0.00
1.33 0.00
1.34 0.00
1.35 0.00
1.36 0.00
1.37 0.00
1.38 0.00
1.39 0.00
1.40 0.00
1.41 0.00
1.42 0.00
1.43 0.00
1.44 0.00
1.45 0.00
1.46 0.00
1.47 0.00
1.48 0.00
1.49 0.00
1.50 0.00
1.51 0.00
1.52 0.00
1.53 0.00
1.54 0.00
1.55 0.00
1.56 0.00
1.57 0.00
1.58 0.00
1.59 0.00
1.60 0.00
1.61 0.00
1.62 0.00
1.63 0.00
1.64 0.00
1.65 0.00
1.66 0.00
1.67 0.00
1.68 0.00
1.69 0.00
1.70 0.00
1.71 0.00
1.72 0.00
1.73 0.00
1.74 0.00
1.75 0.00
1.76 0.00
1.77 0.00
1.78 0.00
1.79 0.00
1.80 0.00
1.81 0.00
1.82 0.00
1.83 0.00
1.84 0.00
1.85 0.00
1.86 0.00
1.87 0.00
1.88 0.00
1.89 0.00
1.90 0.00
1.91 0.00
1.92 0.00
1.93 0.00
1.94 0.00
1.95 0.00
1.96 0.00
1.97 0.00
1.98 0.00
1.99 0.00
2.00 0.00
2.01 0.00
2.02 0.00
2.03 0.00
2.04 0.00
2.05 0.00
2.06 0.00
2.07 0.00
2.08 0.00
2.09 0.00
2.10 0.00
2.11 0.00
2.12 0.00
2.13 0.00
2.14 0.00
2.15 0.00
2.16 0.00
2.17 0.00
2.18 0.00
2.19 0.00
2.20 0.00
2.21 0.00
2.22 0.00
2.23 0.00
2.24 0.00
2.25 0.00
2.26 0.00
2.27 0.00
2.28 0.00
2.29 0.00
2.30 0.00
2.31 0.00
2.32 0.00
2.33 0.00
2.34 0.00
2.35 0.00
2.36 0.00
2.37 0.00
2.38 0.00
2.39 0.00
2.40 0.00
2.41 0.00
2.42 0.00
2.43 0.00
2.44 0.00
2.45 0.00
2.46 0.00
2.47 0.00
2.48 0.00
2.49 0.00
2.50 0.00
2.51 0.00
2.52 0.00
2.53 0.00
2.54 0.00
2.55 0.00
2.56 0.00
2.57 0.00
2.58 0.00
2.59 0.00
2.60 0.00
2.61 0.00
2.62 0.00
2.63 0.00
2.64 0.00
2.65 0.00
2.66 0.00
2.67 0.00
2.68 0.00
2.69 0.00
2.70 0.00
2.71 0.00
2.72 0.00
2.73 0.00
2.74 0.00
2.75 0.00
2.76 0.00
2.77 0.00
2.78 0.00
2.79 0.00
2.80 0.00
2.81 0.00
2.82 0.00
2.83 0.00
2.84 0.00
2.85 0.00
2.86 0.00
2.87 0.00
2.88 0.00
2.89 0.00
2.90 0.00
2.91 0.00
2.92 0.00
2.93 0.00
2.94 0.00
2.95 0.00
2.96 0.00
2.97 0.00
2.98 0.00
2.99 0.00
3.00 0.00
3.01 0.00
3.02 0.00
3.03 0.00
3.04 0.00
3.05 0.00
3.06 0.00
3.07 0.00
3.08 0.00
3.09 0.00
3.10 0.00
3.11 0.00
3.12 0.00
3.13 0.00
3.14 0.00
3.15 0.00
3.16 0.00
3.17 0.00
3.18 0.00
3.19 0.00
3.20 0.00
3.21 0.00
3.22 0.00
3.23 0.00
3.24 0.00
3.25 0.00
3.26 0.00
3.27 0.00
3.28 0.00
3.29 0.00
3.30 0.00
3.31 0.00
3.32 0.00
3.33 0.00
3.34 0.00
3.35 0.00
3.36 0.00
3.37 0.00
3.38 0.00
3.39 0.00
3.40 0.00
3.41 0.00
3.42 0.00
3.43 0.00
3.44 0.00
3.45 0.00
3.46 0.00
3.47 0.00
3.48 0.00
3.49 0.00
3.50 0.00
3.51 0.00
3.52 0.00
3.53 0.00
3.54 0.00
3.55 0.00
3.56 0.00
3.57 0.00
3.58 0.00
3.59 0.00
3.60 0.00
3.61 0.00
3.62 0.00
3.63 0.00
3.64 0.00
3.65 0.00
3.66 0.00
3.67 0.00
3.68 0.00
3.69 0.00
3.70 0.00
3.71 0.00
3.72 0.00
3.73 0.00
3.74 0.00
3.75 0.00
3.76 0.00
3.77 0.00
3.78 0.00
3.79 0.00
3.80 0.00
3.81 0.00
3.82 0.00
3.83 0.00
3.84 0.00
3.85 0.00
3.86 0.00
3.87 0.00
3.88 0.00
3.89 0.00
3.90 0.00
3.91 0.00
3.92 0.00
3.93 0.00
3.94 0.00
3.95 0.00
3.96 0.00
3.97 0.00
3.98 0.00
3.99 0.00
4.00 0.00
4.01 0.00
4.02 0.00
4.03 0.00
4.04 0.00
4.05 0.00
4.06 0.00
4.07 0.00
4.08 0.00
4.09 0.00
4.10 0.00
4.11 0.00
4.12 0.00
4.13 0.00
4.14 0.00
4.15 0.00
4.16 0.00
4.17 0.00
4.18 0.00
4.19 0.00
4.20 0.00
4.21 0.00
4.22 0.00
4.23 0.00
4.24 0.00
4.25 0.00
4.26 0.00
4.27 0.00
4.28 0.00
4.29 0.00
4.30 0.00
4.31 0.00
4.32 0.00
4.33 0.00
4.34 0.00
4.35 0.00
4.36 0.00
4.37 0.00
4.38 0.00
4.39 0.00
4.40 0.00
4.41 0.00
4.42 0.00
4.43 0.00
4.44 0.00
4.45 0.00
4.46 0.00
4.47 0.00
4.48 0.00
4.49 0.00
4.50 0.00
4.51 0.00
4.52 0.00
4.53 0.00
4.54 0.00
4.55 0.00
4.56 0.00
4.57 0.00
4.58 0.00
4.59 0.00
4.60 0.00
4.61 0.00
4.62 0.00
4.63 0.00
4.64 0.00
4.65 0.00
4.66 0.00
4.67 0.00
4.68 0.00
4.69 0.00
4.70 0.00
4.71 0.00
4.72 0.00
4.73 0.00
4.74 0.00
4.75 0.00
4.76 0.00
4.77 0.00
4.78 0.00
4.79 0.00
4.80 0.00
4.81 0.00
4.82 0.00
4.83 0.00
4.84 0.00
4.85 0.00
4.86 0.00
4.87 0.00
4.88 0.00
4.89 0.00
4.90 0.00
4.91 0.00
4.92 0.00
4.93 0.00
4.94 0.00
4.95 0.00
4.96 0.00
4.97 0.00
4.98 0.00
4.99 0.00
5.00 0.00
5.01 0.00
5.02 0.00
5.03 0.00
5.04 0.00
5.05 0.00
5.06 0.00
5.07 0.00
5.08 0.00
5.09 0.00
5.10 0.00
5.11 0.00
5.12 0.00
5.13 0.00
5.14 0.00
5.15 0.00
5.16 0.00
5.17 0.00
5.18 0.00
5.19 0.00
5.20 0.00
5.21 0.00
5.22 0.00
5.23 0.00
5.24 0.00
5.25 0.00
5.26 0.00
5.27 0.00
5.28 0.00
5.29 0.00
5.30 0.00
5.31 0.00
5.32 0.00
5.33 0.00
5.34 0.00
5.35 0.00
5.36 0.00
5.37 0.00
5.38 0.00
5.39 0.00
5.40 0.00
5.41 0.00
5.42 0.00
5.43 0.00
5.44 202.24
5.45 202.24
5.46 202.24
5.47 202.24
5.48 202.24
5.49 202.24
5.50 202.24
5.51 202.24
5.52 108.23
5.53 229.18
5.54 229.18
5.55 229.18
5.56 229.18
5.57 229.18
5.58 229.18
5.59 229.18
5.60 243.54
5.61 243.54
5.62 243.54
5.63 243.54
5.64 243.54
5.65 243.54
5.66 243.54
5.67 243.54
5.68 243.54
5.69 265.74
5.70 265.74
5.71 265.74
5.72 265.74
5.73 265.74
5.74 265.74
5.75 265.74
5.76 265.74
5.77 265.74
5.78 265.74
5.79 265.74
5.80 265.74
5.81 265.74
5.82 265.74
5.83 265.74
5.84 265.74
5.85 265.74
5.86 265.74
5.87 265.74
5.88 265.74
5.89 265.74
5.90 265.74
5.91 265.74
5.92 265.74
5.93 265.74
5.94 265.74
5.95 265.74
5.96 265.74
5.97 265.74
5.98 265.74
5.99 265.74
6.00 265.74
6.01 265.74
6.02 265.74
6.03 265.74
6.04 265.74
6.05 265.74
6.06 265.74
6.07 265.74
6.08 265.74
6.09 265.74
6.10 265.74
6.11 265.74
6.12 265.74
6.13 265.74
6.14 265.74
6.15 265.74
6.16 265.74
6.17 265.74
6.18 265.74
6.19 265.74
6.20 265.74
6.21 265.74
6.22 265.74
6.23 265.74
6.24 265.74
6.25 265.74
6.26 265.74
6.27 265.74
6.28 265.74
6.29 265.74
6.30 265.74
6.31 265.74
6.32 265.74
6.33 265.74
6.34 265.74
6.35 265.74
6.36 265.74
6.37 265.74
6.38 265.74
6.39 265.74
6.40 265.74
6.41 265.74
6.42 265.74
6.43 265.74
6.44 265.74
6.45 265.74
6.46 265.74
6.47 265.74
6.48 265.74
6.49 265.74
6.50 265.74
6.51 265.74
6.52 265.74
6.53 265.74
6.54 265.74
6.55 265.74
6.56 265.74
6.57 265.74
6.58 265.74
6.59 265.74
6.60 265.74
6.61 265.74
6.62 265.74
6.63 265.74
6.64 265.74
6.65 265.74
6.66 265.74
6.67 265.74
6.68 265.74
6.69 265.74
6.70 265.74
6.71 265.74
6.72 265.74
6.73 265.74
6.74 265.74
6.75 265.74
6.76 265.74
6.77 265.74
6.78 265.74
6.79 265.74
6.80 265.74
6.81 265.74
6.82 265.74
6.83 265.74
6.84 265.74
6.85 265.74
6.86 265.74
6.87 265.74
6.88 265.74
6.89 265.74
6.90 265.74
6.91 265.74
6.92 265.74
6.93 265.74
6.94 265.74
6.95 265.74
6.96 265.74
6.97 265.74
6.98 265.74
6.99 265.74
7.00 265.74
7.01 265.74
7.02 265.74
7.03 265.74
7.04 265.74
7.05 265.74
7.06 265.74
7.07 265.74
7.08 265.74
7.09 265.74
7.10 265.74
7.11 265.74
7.12 265.74
7.13 265.74
7.14 265.74
7.15 265.74
7.16 265.74
7.17 265.74
7.18 265.74
7.19 265.74
7.20 265.74
7.21 265.74
7.22 265.74
7.23 265.74
7.24 265.74
7.25 265.74
7.26 265.74
7.27 265.74
7.28 265.74
7.29 265.74
7.30 265.74
7.31 265.74
7.32 265.74
7.33 265.74
7.34 265.74
7.35 265.74
7.36 265.74
7.37 265.74
7.38 265.74
7.39 265.74
7.40 265.74
7.41 265.74
7.42 265.74
7.43 265.74
7.44 265.74
7.45 265.74
7.46 265.74
7.47 265.74
7.48 265.74
7.49 265.74
7.50 265.74
7.51 265.74
7.52 265.74
7.53 265.74
7.54 265.74
7.55 265.74
7.56 265.74
7.57 265.74
7.58 265.74
7.59 265.74
7.60 265.74
7.61 265.74
7.62 265.74
7.63 265.74
7.64 265.74
7.65 265.74
7.66 265.74
7.67 265.74
7.68 265.74
7.69 265.74
7.70 265.74
7.71 265.74
7.72 265.74
7.73 265.74
7.74 265.74
7.75 265.74
7.76 265.74
7.77 265.74
7.78 265.74
7.79 265.74
7.80 265.74
7.81 265.74
7.82 265.74
7.83 265.74
7.84 265.74
7.85 265.74
7.86 265.74
7.87 265.74
7.88 265.74
7.89 265.74
7.90 265.74
7.91 265.74
7.92 265.74
7.93 265.74
7.94 265.74
7.95 265.74
7.96 265.74
7.97 265.74
7.98 265.74
7.99 265.74
8.00 265.74
8.01 265.74
8.02 265.74
8.03 265.74
8.04 265.74
8.05 265.74
8.06 265.74
8.07 265.74
8.08 265.74
8.09 265.74
8.10 265.74
8.11 265.74
8.12 265.74
8.13 265.74
8.14 265.74
8.15 265.74
8.16 265.74
8.17 265.74
8.18 265.74
8.19 265.74
8.20 265.74
8.21 265.74
8.22 265.74
8.23 265.74
8.24 265.74
8.25 265.74
8.26 265.74
8.27 265.74
8.28 265.74
8.29 265.74
8.30 265.74
8.31 265.74
8.32 265.74
8.33 265.74
8.34 265.74
8.35 265.74
8.36 265.74
8.37 265.74
8.38 265.74
8.39 265.74
8.40 265.74
8.41 265.74
8.42 265.74
8.43 265.74
8.44 265.74
8.45 265.74
8.46 265.74
8.47 265.74
8.48 265.74
8.49 265.74
8.50 265.74
8.51 265.74
8.52 265.74
8.53 265.74
8.54 265.74
8.55 265.74
8.56 265.74
8.57 265.74
8.58 265.74
8.59 265.74
8.60 265.74
8.61 265.74
8.62 265.74
8.63 265.74
8.64 265.74
8.65 265.74
8.66 265.74
8.67 265.74
8.68 265.74
8.69 265.74
8.70 265.74
8.71 265.74
8.72 265.74
8.73 265.74
8.74 265.74
8.75 265.74
8.76 265.74
8.77 265.74
8.78 265.74
8.79 265.74
8.80 265.74
8.81 265.74
8.82 265.74
8.83 265.74
8.84 265.74
8.85 265.74
8.86 265.74
8.87 265.74
8.88 265.74
8.89 265.74
8.90 265.74
8.91 265.74
8.92 265.74
8.93 265.74
8.94 265.74
8.95 265.74
8.96 265.74
8.97 265.74
8.98 265.74
8.99 265.74
9.00 265.74
9.01 265.74
9.02 265.74
9.03 265.74
9.04 265.74
9.05 265.74
9.06 265.74
9.07 265.74
9.08 265.74
9.09 265.74
9.10 265.74
9.11 265.74
9.12 265.74
9.13 265.74
9.14 265.74
9.15 265.74
9.16 265.74
9.17 265.74
9.18 265.74
9.19 265.74
9.20 265.74
9.21 265.74
9.22 265.74
9.23 265.74
9.24 265.74
9.25 265.74
9.26 265.74
9.27 265.74
9.28 265.74
9.29 265.74
9.30 265.74
9.31 265.74
9.32 265.74
9.33 265.74
9.34 265.74
9.35 265.74
9.36 265.74
9.37 265.74
9.38 265.74
9.39 265.74
9.40 265.74
9.41 265.74
9.42 265.74
9.43 265.74
9.44 265.74
9.45 265.74
9.46 265.74
9.47 265.74
9.48 265.74
9.49 265.74
9.50 265.74
9.51 265.74
9.52 265.74
9.53 265.74
9.54 265.74
9.55 265.74
9.56 265.74
9.57 265.74
9.58 265.74
9.59 265.74
9.60 265.74
9.61 265.74
9.62 265.74
9.63 265.74
9.64 265.74
9.65 265.74
9.66 265.74
9.67 265.74
9.68 265.74
9.69 265.74
9.70 265.74
9.71 265.74
9.72 265.74
9.73 265.74
9.74 265.74
9.75 265.74
9.76 265.74
9.77 265.74
9.78 265.74
9.79 265.74
9.80 265.74
9.81 265.74
9.82 265.74
9.83 265.74
9.84 265.74
9.85 265.74
9.86 265.74
9.87 265.74
9.88 265.74
9.89 265.74
9.90 265.74
9.91 265.74
9.92 265.74
9.93 265.74
9.94 265.74
9.95 265.74
9.96 265.74
9.97 265.74
9.98 265.74
9.99 265.74
10.00 265.74
10.01 265.74
10.02 265.74
10.03 265.74
10.04 265.74
10.05 265.74
10.06 265.74
10.07 265.74
10.08 265.74
10.09 265.74
10.10 265.74
10.11 265.74
10.12 265.74
10.13 265.74
10.14 265.74
10.15 265.74
10.16 265.74
10.17 265.74
10.18 265.74
10.19 265.74
10.20 265.74
10.21 265.74
10.22 265.74
10.23 265.74
10.24 265.74
10.25 265.74
10.26 265.74
10.27 265.74
10.28 265.74
10.29 265.74
10.30 265.74
10.31 265.74
10.32 265.74
10.33 265.74
10.34 265.74
10.35 265.74
10.36 265.74
10.37 265.74
10.38 265.74
10.39 265.74
10.40 265.74
10.41 265.74
10.42 265.74
10.43 265.74
10.44 265.74
10.45 265.74
10.46 265.74
10.47 265.74
10.48 265.74
10.49 265.74
10.50 265.74
10.51 265.74
10.52 265.74
10.53 265.74
10.54 265.74
10.55 265.74
10.56 265.74
10.57 265.74
10.58 265.74
10.59 265.74
10.60 265.74
10.61 265.74
10.62 265.74
10.63 265.74
10.64 265.74
10.65 265.74
10.66 265.74
10.67 265.74
10.68 265.74
10.69 -1.00
10.70 -1.00
10.71 -1.00
10.72 260.72
10.73 260.72
10.74 260.72
10.75 260.72
10.76 260.72
10.77 260.72
10.78 260.72
10.79 260.72
10.80 260.72
10.81 260.72
10.82 260.72
10.83 260.72
10.84 260.72
10.85 260.72
10.86 260.72
10.87 260.72
10.88 260.72
10.89 260.72
10.90 260.72
10.91 260.72
10.92 260.72
10.93 260.72
10.94 -1.00
10.95 -1.00
10.96 -1.00
10.97 -1.00
10.98 -1.00
10.99 251.95
11.00 251.95
11.01 251.95
11.02 251.95
11.03 251.95
11.04 251.95
11.05 251.95
11.06 251.95
11.07 251.95
11.08 251.95
11.09 251.95
11.10 251.95
11.11 251.95
11.12 251.95
11.13 251.95
11.14 251.95
11.15 251.95
11.16 251.95
11.17 251.95
11.18 251.95
11.19 251.95
11.20 251.95
11.21 251.95
11.22 251.95
11.23 251.95
11.24 251.95
11.25 251.95
11.26 251.95
11.27 251.95
11.28 251.95
11.29 251.95
11.30 251.95
11.31 251.95
11.32 251.95
11.33 251.95
11.34 251.95
11.35 0.00
11.36 0.00
11.37 0.00
11.38 0.00
11.39 0.00
11.40 0.00
11.41 0.00
11.42 0.00
11.43 0.00
11.44 0.00
11.45 0.00
11.46 0.00
11.47 0.00
11.48 0.00
11.49 0.00
11.50 0.00
11.51 0.00
11.52 0.00
11.53 0.00
11.54 0.00
11.55 0.00
11.56 0.00
11.57 0.00
11.58 0.00
11.59 0.00
11.60 0.00
11.61 0.00
11.62 0.00
11.63 0.00
11.64 0.00
11.65 0.00
11.66 0.00
11.67 0.00
11.68 0.00
11.69 0.00
11.70 0.00
11.71 0.00
11.72 0.00
11.73 0.00
11.74 0.00
11.75 0.00
11.76 0.00
11.77 0.00
11.78 93.82
11.79 95.09
11.80 96.07
11.81 97.38
11.82 209.67
11.83 209.67
11.84 209.67
11.85 209.67
11.86 209.67
11.87 209.67
11.88 209.67
11.89 209.67
11.90 209.67
11.91 209.67
11.92 209.67
11.93 209.67
11.94 209.67
11.95 209.67
11.96 209.67
11.97 209.67
11.98 209.67
11.99 209.67
12.00 209.67
12.01 209.67
12.02 209.67
12.03 209.67
12.04 221.79
12.05 221.79
12.06 221.79
12.07 221.79
12.08 221.79
12.09 221.79
12.10 221.79
12.11 221.79
12.12 221.79
12.13 221.79
12.14 221.79
12.15 221.79
12.16 221.79
12.17 221.79
12.18 221.79
12.19 221.79
12.20 221.79
12.21 221.79
12.22 221.79
12.23 221.79
12.24 221.79
12.25 221.79
12.26 221.79
12.27 221.79
12.28 221.79
12.29 221.79
12.30 221.79
12.31 221.79
12.32 221.79
12.33 221.79
12.34 221.79
12.35 221.79
12.36 221.79
12.37 221.79
12.38 221.79
12.39 221.79
12.40 221.79
12.41 221.79
12.42 221.79
12.43 221.79
12.44 221.79
12.45 221.79
12.46 221.79
12.47 221.79
12.48 221.79
12.49 221.79
12.50 221.79
12.51 221.79
12.52 221.79
12.53 221.79
12.54 221.79
12.55 221.79
12.56 221.79
12.57 221.79
12.58 221.79
12.59 221.79
12.60 221.79
12.61 221.79
12.62 221.79
12.63 221.79
12.64 221.79
12.65 221.79
12.66 221.79
12.67 221.79
12.68 221.79
12.69 221.79
12.70 221.79
12.71 221.79
12.72 221.79
12.73 221.79
12.74 221.79
12.75 221.79
12.76 221.79
12.77 221.79
12.78 221.79
12.79 221.79
12.80 221.79
12.81 221.79
12.82 221.79
12.83 221.79
12.84 221.79
12.85 221.79
12.86 221.79
12.87 221.79
12.88 221.79
12.89 221.79
12.90 221.79
12.91 221.79
12.92 221.79
12.93 221.79
12.94 221.79
12.95 221.79
12.96 221.79
12.97 221.79
12.98 221.79
12.99 221.79
13.00 221.79
13.01 221.79
13.02 221.79
13.03 221.79
13.04 221.79
13.05 221.79
13.06 221.79
13.07 221.79
13.08 221.79
13.09 221.79
13.10 221.79
13.11 221.79
13.12 221.79
13.13 221.79
13.14 221.79
13.15 221.79
13.16 221.79
13.17 208.87
13.18 208.87
13.19 208.87
13.20 208.87
13.21 208.87
13.22 208.87
13.23 208.87
13.24 208.87
13.25 208.87
13.26 208.87
13.27 208.87
13.28 208.87
13.29 208.87
13.30 208.87
13.31 208.87
13.32 232.88
13.33 232.88
13.34 232.88
13.35 232.88
13.36 232.88
13.37 232.88
13.38 232.88
13.39 232.88
13.40 232.88
13.41 232.88
13.42 232.88
13.43 232.88
13.44 232.88
13.45 232.88
13.46 232.88
13.47 244.80
13.48 244.80
13.49 244.80
13.50 244.80
13.51 244.80
13.52 244.80
13.53 244.80
13.54 244.80
13.55 244.80
13.56 244.80
13.57 244.80
13.58 244.80
13.59 244.80
13.60 244.80
13.61 244.80
13.62 244.80
13.63 244.80
13.64 244.80
13.65 244.80
13.66 244.80
13.67 244.80
13.68 244.80
13.69 244.80
13.70 244.80
13.71 244.80
13.72 244.80
13.73 244.80
13.74 244.80
13.75 244.80
13.76 244.80
13.77 244.80
13.78 244.80
13.79 244.80
13.80 244.80
13.81 244.80
13.82 244.80
13.83 244.80
13.84 244.80
13.85 244.80
13.86 244.80
13.87 244.80
13.88 244.80
13.89 244.80
13.90 244.80
13.91 244.80
13.92 244.80
13.93 244.80
13.94 244.80
13.95 244.80
13.96 244.80
13.97 244.80
13.98 244.80
13.99 244.80
14.00 244.80
14.01 244.80
14.02 244.80
14.03 244.80
14.04 244.80
14.05 244.80
14.06 244.80
14.07 244.80
14.08 244.80
14.09 244.80
14.10 244.80
14.11 244.80
14.12 244.80
14.13 244.80
14.14 244.80
14.15 244.80
14.16 244.80
14.17 244.80
14.18 244.80
14.19 244.80
14.20 244.80
14.21 244.80
14.22 244.80
14.23 244.80
14.24 244.80
14.25 244.80
14.26 244.80
14.27 244.80
14.28 244.80
14.29 244.80
14.30 244.80
14.31 244.80
14.32 244.80
14.33 244.80
14.34 244.80
14.35 244.80
14.36 244.80
14.37 244.80
14.38 244.80
14.39 244.80
14.40 244.80
14.41 244.80
14.42 244.80
14.43 244.80
14.44 244.80
14.45 244.80
14.46 244.80
14.47 244.80
14.48 244.80
14.49 244.80
14.50 244.80
14.51 244.80
14.52 244.80
14.53 244.80
14.54 244.80
14.55 244.80
14.56 113.09
14.57 110.64
14.58 108.99
14.59 104.69
14.60 102.61
14.61 100.60
14.62 183.62
14.63 183.62
14.64 183.62
14.65 183.62
14.66 183.62
14.67 183.62
14.68 183.62
14.69 183.62
14.70 183.62
14.71 183.62
14.72 183.62
14.73 183.62
14.74 183.62
14.75 183.62
14.76 183.62
14.77 183.62
14.78 183.62
14.79 183.62
14.80 183.62
14.81 183.62
14.82 183.62
14.83 183.62
14.84 183.62
14.85 183.62
14.86 183.62
14.87 183.62
14.88 183.62
14.89 183.62
14.90 183.62
14.91 183.62
14.92 183.62
14.93 183.62
14.94 183.62
14.95 183.62
14.96 183.62
14.97 183.62
14.98 183.62
14.99 183.62
15.00 183.62
15.01 183.62
15.02 183.62
15.03 183.62
15.04 183.62
15.05 183.62
15.06 183.62
15.07 183.62
15.08 183.62
15.09 183.62
15.10 183.62
15.11 183.62
15.12 183.62
15.13 183.62
15.14 183.62
15.15 183.62
15.16 183.62
15.17 183.62
15.18 183.62
15.19 183.62
15.20 183.62
15.21 183.62
15.22 183.62
15.23 183.62
15.24 183.62
15.25 183.62
15.26 183.62
15.27 183.62
15.28 183.62
15.29 183.62
15.30 183.62
15.31 183.62
15.32 183.62
15.33 183.62
15.34 183.62
15.35 183.62
15.36 183.62
15.37 183.62
15.38 183.62
15.39 183.62
15.40 183.62
15.41 183.62
15.42 183.62
15.43 183.62
15.44 183.62
15.45 183.62
15.46 183.62
15.47 183.62
15.48 183.62
15.49 183.62
15.50 183.62
15.51 183.62
15.52 183.62
15.53 183.62
15.54 183.62
15.55 183.62
15.56 183.62
15.57 183.62
15.58 183.62
15.59 183.62
15.60 183.62
15.61 183.62
15.62 183.62
15.63 183.62
15.64 183.62
15.65 183.62
15.66 183.62
15.67 183.62
15.68 183.62
15.69 183.62
15.70 183.62
15.71 183.62
15.72 183.62
15.73 183.62
15.74 183.62
15.75 183.62
15.76 183.62
15.77 183.62
15.78 183.62
15.79 183.62
15.80 183.62
15.81 183.62
15.82 183.62
15.83 183.62
15.84 183.62
15.85 183.62
15.86 183.62
15.87 183.62
15.88 183.62
15.89 183.62
15.90 183.62
15.91 183.62
15.92 183.62
15.93 0.00
15.94 0.00
15.95 0.00
15.96 0.00
15.97 0.00
15.98 0.00
15.99 0.00
16.00 0.00
16.01 0.00
16.02 0.00
16.03 0.00
16.04 0.00
16.05 0.00
16.06 0.00
16.07 0.00
16.08 0.00
16.09 0.00
16.10 0.00
16.11 0.00
16.12 0.00
16.13 0.00
16.14 0.00
16.15 0.00
16.16 0.00
16.17 0.00
16.18 0.00
16.19 0.00
16.20 0.00
16.21 0.00
16.22 0.00
16.23 0.00
16.24 0.00
16.25 0.00
16.26 0.00
16.27 0.00
16.28 0.00
16.29 0.00
16.30 0.00
16.31 0.00
16.32 0.00
16.33 0.00
16.34 0.00
16.35 0.00
16.36 0.00
16.37 0.00
16.38 0.00
16.39 0.00
16.40 0.00
16.41 0.00
16.42 0.00
16.43 0.00
16.44 0.00
16.45 0.00
16.46 0.00
16.47 0.00
16.48 0.00
16.49 0.00
16.50 0.00
16.51 0.00
16.52 0.00
16.53 0.00
16.54 0.00
16.55 0.00
16.56 0.00
16.57 0.00
16.58 0.00
16.59 0.00
16.60 0.00
16.61 0.00
16.62 0.00
16.63 0.00
16.64 0.00
16.65 0.00
16.66 0.00
16.67 0.00
16.68 0.00
16.69 0.00
16.70 0.00
16.71 0.00
16.72 0.00
16.73 0.00
16.74 0.00
16.75 0.00
16.76 0.00
16.77 0.00
16.78 0.00
16.79 0.00
16.80 0.00
16.81 0.00
16.82 272.31
16.83 272.31
16.84 272.31
16.85 272.31
16.86 272.31
16.87 272.31
16.88 272.31
16.89 272.31
16.90 272.31
16.91 272.31
16.92 272.31
16.93 272.31
16.94 272.31
16.95 272.31
16.96 272.31
16.97 272.31
16.98 272.31
16.99 272.31
17.00 272.31
17.01 272.31
17.02 272.31
17.03 272.31
17.04 272.31
17.05 272.31
17.06 272.31
17.07 272.31
17.08 272.31
17.09 272.31
17.10 272.31
17.11 272.31
17.12 272.31
17.13 272.31
17.14 272.31
17.15 272.31
17.16 272.31
17.17 272.31
17.18 272.31
17.19 272.31
17.20 272.31
17.21 272.31
17.22 272.31
17.23 272.31
17.24 272.31
17.25 272.31
17.26 272.31
17.27 272.31
17.28 272.31
17.29 272.31
17.30 272.31
17.31 272.31
17.32 272.31
17.33 272.31
17.34 272.31
17.35 272.31
17.36 272.31
17.37 272.31
17.38 272.31
17.39 272.31
17.40 272.31
17.41 272.31
17.42 272.31
17.43 272.31
17.44 272.31
17.45 272.31
17.46 272.31
17.47 272.31
17.48 272.31
17.49 272.31
17.50 272.31
17.51 272.31
17.52 272.31
17.53 272.31
17.54 272.31
17.55 272.31
17.56 272.31
17.57 272.31
17.58 272.31
17.59 272.31
17.60 272.31
17.61 272.31
17.62 272.31
17.63 272.31
17.64 272.31
17.65 272.31
17.66 272.31
17.67 272.31
17.68 272.31
17.69 272.31
17.70 272.31
17.71 272.31
17.72 272.31
17.73 272.31
17.74 272.31
17.75 272.31
17.76 272.31
17.77 272.31
17.78 272.31
17.79 272.31
17.80 272.31
17.81 272.31
17.82 272.31
17.83 272.31
17.84 272.31
17.85 272.31
17.86 272.31
17.87 272.31
17.88 272.31
17.89 272.31
17.90 272.31
17.91 272.31
17.92 272.31
17.93 272.31
17.94 272.31
17.95 272.31
17.96 272.31
17.97 272.31
17.98 272.31
17.99 272.31
18.00 272.31
18.01 272.31
18.02 272.31
18.03 272.31
18.04 272.31
18.05 272.31
18.06 272.31
18.07 272.31
18.08 272.31
18.09 272.31
18.10 272.31
18.11 272.31
18.12 272.31
18.13 272.31
18.14 272.31
18.15 272.31
18.16 272.31
18.17 272.31
18.18 272.31
18.19 272.31
18.20 272.31
18.21 272.31
18.22 272.31
18.23 272.31
18.24 272.31
18.25 272.31
18.26 272.31
18.27 272.31
18.28 272.31
18.29 272.31
18.30 272.31
18.31 272.31
18.32 272.31
18.33 272.31
18.34 272.31
18.35 272.31
18.36 272.31
18.37 272.31
18.38 272.31
18.39 272.31
18.40 272.31
18.41 272.31
18.42 272.31
18.43 272.31
18.44 272.31
18.45 272.31
18.46 272.31
18.47 272.31
18.48 272.31
18.49 272.31
18.50 272.31
18.51 272.31
18.52 272.31
18.53 272.31
18.54 272.31
18.55 272.31
18.56 272.31
18.57 272.31
18.58 272.31
18.59 272.31
18.60 272.31
18.61 272.31
18.62 272.31
18.63 272.31
18.64 272.31
18.65 272.31
18.66 272.31
18.67 272.31
18.68 272.31
18.69 272.31
18.70 272.31
18.71 272.31
18.72 272.31
18.73 272.31
18.74 272.31
18.75 272.31
18.76 272.31
18.77 272.31
18.78 272.31
18.79 272.31
18.80 272.31
18.81 272.31
18.82 272.31
18.83 272.31
18.84 272.31
18.85 272.31
18.86 272.31
18.87 272.31
18.88 272.31
18.89 272.31
18.90 272.31
18.91 272.31
18.92 272.31
18.93 272.31
18.94 272.31
18.95 272.31
18.96 272.31
18.97 272.31
18.98 272.31
18.99 272.31
19.00 272.31
19.01 272.31
19.02 272.31
19.03 272.31
19.04 272.31
19.05 272.31
19.06 272.31
19.07 272.31
19.08 272.31
19.09 272.31
19.10 272.31
19.11 272.31
19.12 272.31
19.13 272.31
19.14 272.31
19.15 272.31
19.16 272.31
19.17 272.31
19.18 272.31
19.19 272.31
19.20 272.31
19.21 272.31
19.22 272.31
19.23 272.31
19.24 272.31
19.25 272.31
19.26 272.31
19.27 272.31
19.28 272.31
19.29 272.31
19.30 272.31
19.31 272.31
19.32 272.31
19.33 272.31
19.34 272.31
19.35 272.31
19.36 272.31
19.37 272.31
19.38 272.31
19.39 272.31
19.40 272.31
19.41 272.31
19.42 272.31
19.43 272.31
19.44 272.31
19.45 272.31
19.46 272.31
19.47 272.31
19.48 272.31
19.49 272.31
19.50 272.31
19.51 272.31
19.52 272.31
19.53 272.31
19.54 272.31
19.55 272.31
19.56 272.31
19.57 272.31
19.58 272.31
19.59 272.31
19.60 272.31
19.61 272.31
19.62 272.31
19.63 272.31
19.64 272.31
19.65 272.31
19.66 272.31
19.67 272.31
19.68 272.31
19.69 272.31
19.70 272.31
19.71 272.31
19.72 272.31
19.73 272.31
19.74 272.31
19.75 272.31
19.76 272.31
19.77 272.31
19.78 272.31
19.79 272.31
19.80 272.31
19.81 272.31
19.82 272.31
19.83 272.31
19.84 272.31
19.85 272.31
19.86 272.31
19.87 272.31
19.88 272.31
19.89 272.31
19.90 272.31
19.91 272.31
19.92 272.31
19.93 272.31
19.94 272.31
19.95 272.31
19.96 272.31
19.97 272.31
19.98 272.31
19.99 272.31
20.00 272.31
20.01 272.31
20.02 272.31
20.03 272.31
20.04 272.31
20.05 272.31
20.06 272.31
20.07 272.31
20.08 272.31
20.09 272.31
20.10 272.31
20.11 272.31
20.12 272.31
20.13 272.31
20.14 272.31
20.15 272.31
20.16 272.31
20.17 272.31
20.18 272.31
20.19 272.31
20.20 272.31
20.21 272.31
20.22 272.31
20.23 272.31
20.24 272.31
20.25 272.31
20.26 272.31
20.27 272.31
20.28 272.31
20.29 272.31
20.30 272.31
20.31 272.31
20.32 272.31
20.33 272.31
20.34 272.31
20.35 272.31
20.36 272.31
20.37 272.31
20.38 272.31
20.39 272.31
20.40 272.31
20.41 272.31
20.42 272.31
20.43 272.31
20.44 272.31
20.45 272.31
20.46 272.31
20.47 272.31
20.48 272.31
20.49 272.31
20.50 272.31
20.51 272.31
20.52 272.31
20.53 272.31
20.54 272.31
20.55 272.31
20.56 272.31
20.57 272.31
20.58 272.31
20.59 272.31
20.60 272.31
20.61 272.31
20.62 272.31
20.63 272.31
20.64 272.31
20.65 272.31
20.66 272.31
20.67 272.31
20.68 272.31
20.69 272.31
20.70 272.31
20.71 272.31
20.72 272.31
20.73 272.31
20.74 272.31
20.75 272.31
20.76 272.31
20.77 272.31
20.78 272.31
20.79 272.31
20.80 272.31
20.81 272.31
20.82 272.31
20.83 272.31
20.84 272.31
20.85 272.31
20.86 272.31
20.87 272.31
20.88 272.31
20.89 272.31
20.90 272.31
20.91 272.31
20.92 272.31
20.93 272.31
20.94 272.31
20.95 272.31
20.96 272.31
20.97 272.31
20.98 272.31
20.99 272.31
21.00 272.31
21.01 272.31
21.02 272.31
21.03 272.31
21.04 272.31
21.05 272.31
21.06 272.31
21.07 272.31
21.08 272.31
21.09 272.31
21.10 272.31
21.11 272.31
21.12 272.31
21.13 272.31
21.14 272.31
21.15 272.31
21.16 272.31
21.17 272.31
21.18 272.31
21.19 272.31
21.20 272.31
21.21 272.31
21.22 272.31
21.23 272.31
21.24 272.31
21.25 272.31
21.26 272.31
21.27 272.31
21.28 272.31
21.29 272.31
21.30 272.31
21.31 272.31
21.32 272.31
21.33 272.31
21.34 272.31
21.35 272.31
21.36 272.31
21.37 272.31
21.38 272.31
21.39 272.31
21.40 272.31
21.41 272.31
21.42 272.31
21.43 272.31
21.44 272.31
21.45 272.31
21.46 272.31
21.47 272.31
21.48 272.31
21.49 272.31
21.50 272.31
21.51 272.31
21.52 272.31
21.53 272.31
21.54 272.31
21.55 272.31
21.56 272.31
21.57 272.31
21.58 272.31
21.59 272.31
21.60 272.31
21.61 272.31
21.62 272.31
21.63 272.31
21.64 272.31
21.65 272.31
21.66 272.31
21.67 272.31
21.68 272.31
21.69 272.31
21.70 272.31
21.71 272.31
21.72 272.31
21.73 272.31
21.74 272.31
21.75 272.31
21.76 272.31
21.77 272.31
21.78 272.31
21.79 272.31
21.80 118.63
21.81 101.44
21.82 100.78
21.83 100.27
21.84 0.00
21.85 0.00
21.86 0.00
21.87 0.00
21.88 0.00
21.89 0.00
21.90 0.00
21.91 0.00
21.92 0.00
21.93 0.00
21.94 0.00
21.95 0.00
21.96 0.00
21.97 0.00
21.98 0.00
21.99 0.00
22.00 0.00
22.01 0.00
22.02 0.00
22.03 0.00
22.04 0.00
22.05 0.00
22.06 0.00
22.07 0.00
22.08 0.00
22.09 0.00
22.10 0.00
22.11 0.00
22.12 0.00
22.13 0.00
22.14 0.00
22.15 0.00
22.16 0.00
22.17 0.00
22.18 0.00
22.19 0.00
22.20 0.00
22.21 0.00
22.22 0.00
22.23 0.00
22.24 0.00
22.25 0.00
22.26 0.00
22.27 0.00
22.28 0.00
22.29 0.00
22.30 0.00
22.31 0.00
22.32 0.00
22.33 0.00
22.34 0.00
22.35 0.00
22.36 0.00
22.37 0.00
22.38 0.00
22.39 0.00
22.40 0.00
22.41 0.00
22.42 0.00
22.43 258.01
22.44 258.01
22.45 258.01
22.46 258.01
22.47 258.01
22.48 258.01
22.49 258.01
22.50 258.01
22.51 258.01
22.52 258.01
22.53 258.01
22.54 290.31
22.55 290.31
22.56 290.31
22.57 290.31
22.58 290.31
22.59 290.31
22.60 290.31
22.61 290.31
22.62 290.31
22.63 290.31
22.64 290.31
22.65 290.31
22.66 290.31
22.67 290.31
22.68 290.31
22.69 290.31
22.70 290.31
22.71 290.31
22.72 290.31
22.73 290.31
22.74 290.31
22.75 290.31
22.76 290.31
22.77 290.31
22.78 290.31
22.79 290.31
22.80 290.31
22.81 290.31
22.82 290.31
22.83 290.31
22.84 290.31
22.85 290.31
22.86 290.31
22.87 290.31
22.88 290.31
22.89 290.31
22.90 290.31
22.91 290.31
22.92 290.31
22.93 290.31
22.94 290.31
22.95 290.31
22.96 290.31
22.97 290.31
22.98 290.31
22.99 290.31
23.00 290.31
23.01 290.31
23.02 290.31
23.03 290.31
23.04 290.31
23.05 290.31
23.06 290.31
23.07 290.31
23.08 290.31
23.09 290.31
23.10 290.31
23.11 290.31
23.12 290.31
23.13 290.31
23.14 290.31
23.15 290.31
23.16 290.31
23.17 290.31
23.18 290.31
23.19 290.31
23.20 290.31
23.21 290.31
23.22 290.31
23.23 290.31
23.24 290.31
23.25 290.31
23.26 290.31
23.27 290.31
23.28 290.31
23.29 290.31
23.30 290.31
23.31 290.31
23.32 290.31
23.33 290.31
23.34 290.31
23.35 290.31
23.36 290.31
23.37 290.31
23.38 290.31
23.39 290.31
23.40 290.31
23.41 290.31
23.42 290.31
23.43 290.31
23.44 290.31
23.45 290.31
23.46 290.31
23.47 290.31
23.48 290.31
23.49 290.31
23.50 290.31
23.51 290.31
23.52 290.31
23.53 290.31
23.54 290.31
23.55 290.31
23.56 290.31
23.57 290.31
23.58 290.31
23.59 290.31
23.60 290.31
23.61 290.31
23.62 290.31
23.63 290.31
23.64 290.31
23.65 290.31
23.66 290.31
23.67 290.31
23.68 290.31
23.69 290.31
23.70 290.31
23.71 290.31
23.72 290.31
23.73 290.31
23.74 290.31
23.75 290.31
23.76 290.31
23.77 290.31
23.78 290.31
23.79 290.31
23.80 290.31
23.81 290.31
23.82 271.06
23.83 271.06
23.84 271.06
23.85 271.06
23.86 271.06
23.87 271.06
23.88 271.06
23.89 271.06
23.90 271.06
23.91 271.06
23.92 271.06
23.93 271.06
23.94 271.06
23.95 271.06
23.96 271.06
23.97 271.06
23.98 271.06
23.99 271.06
24.00 271.06
24.01 271.06
24.02 271.06
24.03 271.06
24.04 271.06
24.05 271.06
24.06 271.06
24.07 271.06
24.08 271.06
24.09 271.06
24.10 271.06
24.11 271.06
24.12 271.06
24.13 271.06
24.14 271.06
24.15 271.06
24.16 271.06
24.17 271.06
24.18 271.06
24.19 271.06
24.20 271.06
24.21 271.06
24.22 271.06
24.23 271.06
24.24 271.06
24.25 271.06
24.26 271.06
24.27 271.06
24.28 271.06
24.29 271.06
24.30 271.06
24.31 271.06
24.32 271.06
24.33 271.06
24.34 271.06
24.35 271.06
24.36 271.06
24.37 251.67
24.38 251.67
24.39 251.67
24.40 251.67
24.41 251.67
24.42 251.67
24.43 251.67
24.44 251.67
24.45 264.50
24.46 264.50
24.47 264.50
24.48 264.50
24.49 264.50
24.50 264.50
24.51 264.50
24.52 264.50
24.53 264.50
24.54 264.50
24.55 264.50
24.56 250.62
24.57 250.62
24.58 250.62
24.59 250.62
24.60 250.62
24.61 250.62
24.62 250.62
24.63 250.62
24.64 250.62
24.65 250.62
24.66 250.62
24.67 250.62
24.68 250.62
24.69 250.62
24.70 250.62
24.71 250.62
24.72 115.58
24.73 111.19
24.74 103.68
24.75 197.23
24.76 197.23
24.77 197.23
24.78 197.23
24.79 197.23
24.80 197.23
24.81 197.23
24.82 197.23
24.83 197.23
24.84 197.23
24.85 197.23
24.86 197.23
24.87 197.23
24.88 197.23
24.89 197.23
24.90 197.23
24.91 197.23
24.92 197.23
24.93 197.23
24.94 197.23
24.95 197.23
24.96 197.23
24.97 197.23
24.98 197.23
24.99 197.23
25.00 197.23
25.01 197.23
25.02 197.23
25.03 197.23
25.04 197.23
25.05 197.23
25.06 197.23
25.07 197.23
25.08 197.23
25.09 197.23
25.10 197.23
25.11 197.23
25.12 197.23
25.13 197.23
25.14 197.23
25.15 197.23
25.16 197.23
25.17 197.23
25.18 197.23
25.19 197.23
25.20 197.23
25.21 197.23
25.22 197.23
25.23 197.23
25.24 197.23
25.25 109.26
25.26 112.36
25.27 234.82
25.28 234.82
25.29 234.82
25.30 234.82
25.31 234.82
25.32 234.82
25.33 234.82
25.34 234.82
25.35 234.82
25.36 234.82
25.37 216.16
25.38 216.16
25.39 216.16
25.40 216.16
25.41 216.16
25.42 216.16
25.43 216.16
25.44 216.16
25.45 216.16
25.46 216.16
25.47 216.16
25.48 216.16
25.49 216.16
25.50 216.16
25.51 216.16
25.52 216.16
25.53 216.16
25.54 216.16
25.55 216.16
25.56 216.16
25.57 216.16
25.58 216.16
25.59 216.16
25.60 216.16
25.61 216.16
25.62 216.16
25.63 216.16
25.64 216.16
25.65 216.16
25.66 216.16
25.67 216.16
25.68 216.16
25.69 216.16
25.70 216.16
25.71 216.16
25.72 216.16
25.73 216.16
25.74 216.16
25.75 216.16
25.76 216.16
25.77 216.16
25.78 216.16
25.79 216.16
25.80 216.16
25.81 216.16
25.82 216.16
25.83 216.16
25.84 216.16
25.85 216.16
25.86 216.16
25.87 216.16
25.88 216.16
25.89 216.16
25.90 216.16
25.91 216.16
25.92 216.16
25.93 216.16
25.94 216.16
25.95 216.16
25.96 216.16
25.97 216.16
25.98 216.16
25.99 216.16
26.00 216.16
26.01 216.16
26.02 216.16
26.03 216.16
26.04 216.16
26.05 216.16
26.06 216.16
26.07 216.16
26.08 216.16
26.09 216.16
26.10 216.16
26.11 216.16
26.12 216.16
26.13 216.16
26.14 216.16
26.15 216.16
26.16 216.16
26.17 216.16
26.18 216.16
26.19 216.16
26.20 216.16
26.21 216.16
26.22 216.16
26.23 216.16
26.24 216.16
26.25 216.16
26.26 216.16
26.27 216.16
26.28 216.16
26.29 216.16
26.30 216.16
26.31 216.16
26.32 216.16
26.33 216.16
26.34 216.16
26.35 216.16
26.36 216.16
26.37 216.16
26.38 216.16
26.39 216.16
26.40 216.16
26.41 216.16
26.42 216.16
26.43 216.16
26.44 216.16
26.45 216.16
26.46 216.16
26.47 216.16
26.48 216.16
26.49 216.16
26.50 216.16
26.51 216.16
26.52 216.16
26.53 216.16
26.54 216.16
26.55 216.16
26.56 216.16
26.57 216.16
26.58 216.16
26.59 216.16
26.60 216.16
26.61 216.16
26.62 216.16
26.63 216.16
26.64 216.16
26.65 216.16
26.66 216.16
26.67 216.16
26.68 216.16
26.69 216.16
26.70 216.16
26.71 216.16
26.72 216.16
26.73 216.16
26.74 216.16
26.75 216.16
26.76 216.16
26.77 216.16
26.78 216.16
26.79 216.16
26.80 216.16
26.81 216.16
26.82 216.16
26.83 216.16
26.84 216.16
26.85 216.16
26.86 216.16
26.87 115.87
26.88 119.08
26.89 122.28
26.90 262.92
26.91 262.92
26.92 262.92
26.93 262.92
26.94 262.92
26.95 262.92
26.96 262.92
26.97 262.92
26.98 262.92
26.99 262.92
27.00 262.92
27.01 262.92
27.02 262.92
27.03 262.92
27.04 262.92
27.05 262.92
27.06 262.92
27.07 262.92
27.08 262.92
27.09 262.92
27.10 262.92
27.11 262.92
27.12 262.92
27.13 262.92
27.14 262.92
27.15 262.92
27.16 262.92
27.17 262.92
27.18 262.92
27.19 262.92
27.20 262.92
27.21 262.92
27.22 262.92
27.23 262.92
27.24 262.92
27.25 262.92
27.26 262.92
27.27 262.92
27.28 262.92
27.29 262.92
27.30 262.92
27.31 262.92
27.32 262.92
27.33 262.92
27.34 262.92
27.35 262.92
27.36 262.92
27.37 262.92
27.38 262.92
27.39 262.92
27.40 262.92
27.41 262.92
27.42 262.92
27.43 262.92
27.44 262.92
27.45 262.92
27.46 262.92
27.47 262.92
27.48 123.38
27.49 239.60
27.50 239.60
27.51 239.60
27.52 239.60
27.53 239.60
27.54 239.60
27.55 239.60
27.56 239.60
27.57 239.60
27.58 239.60
27.59 239.60
27.60 239.60
27.61 239.60
27.62 239.60
27.63 239.60
27.64 239.60
27.65 239.60
27.66 239.60
27.67 239.60
27.68 239.60
27.69 239.60
27.70 239.60
27.71 239.60
27.72 239.60
27.73 239.60
27.74 239.60
27.75 239.60
27.76 239.60
27.77 239.60
27.78 239.60
27.79 239.60
27.80 239.60
27.81 239.60
27.82 239.60
27.83 239.60
27.84 239.60
27.85 239.60
27.86 239.60
27.87 239.60
27.88 239.60
27.89 239.60
27.90 239.60
27.91 239.60
27.92 239.60
27.93 239.60
27.94 239.60
27.95 239.60
27.96 239.60
27.97 239.60
27.98 239.60
27.99 239.60
28.00 239.60
28.01 239.60
28.02 239.60
28.03 239.60
28.04 239.60
28.05 239.60
28.06 239.60
28.07 239.60
28.08 239.60
28.09 239.60
28.10 239.60
28.11 239.60
28.12 239.60
28.13 239.60
28.14 239.60
28.15 239.60
28.16 239.60
28.17 239.60
28.18 239.60
28.19 239.60
28.20 239.60
28.21 112.12
28.22 109.30
28.23 105.90
28.24 102.98
28.25 193.13
28.26 193.13
28.27 193.13
28.28 193.13
28.29 193.13
28.30 193.13
28.31 193.13
28.32 181.38
28.33 181.38
28.34 181.38
28.35 181.38
28.36 181.38
28.37 181.38
28.38 181.38
28.39 181.38
28.40 181.38
28.41 181.38
28.42 181.38
28.43 181.38
28.44 181.38
28.45 181.38
28.46 181.38
28.47 181.38
28.48 181.38
28.49 181.38
28.50 181.38
28.51 181.38
28.52 181.38
28.53 181.38
28.54 181.38
28.55 181.38
28.56 181.38
28.57 181.38
28.58 181.38
28.59 181.38
28.60 181.38
28.61 181.38
28.62 181.38
28.63 181.38
28.64 181.38
28.65 181.38
28.66 181.38
28.67 181.38
28.68 181.38
28.69 181.38
28.70 181.38
28.71 181.38
28.72 181.38
28.73 181.38
28.74 181.38
28.75 181.38
28.76 181.38
28.77 181.38
28.78 181.38
28.79 181.38
28.80 181.38
28.81 181.38
28.82 181.38
28.83 181.38
28.84 181.38
28.85 181.38
28.86 181.38
28.87 181.38
28.88 181.38
28.89 181.38
28.90 181.38
28.91 181.38
28.92 181.38
28.93 181.38
28.94 181.38
28.95 181.38
28.96 181.38
28.97 181.38
28.98 181.38
28.99 181.38
29.00 181.38
29.01 181.38
29.02 181.38
29.03 181.38
29.04 181.38
29.05 181.38
29.06 181.38
29.07 181.38
29.08 181.38
29.09 181.38
29.10 181.38
29.11 181.38
29.12 181.38
29.13 181.38
29.14 181.38
29.15 181.38
29.16 181.38
29.17 181.38
29.18 181.38
29.19 181.38
29.20 181.38
29.21 181.38
29.22 181.38
29.23 181.38
29.24 181.38
29.25 181.38
29.26 181.38
29.27 181.38
29.28 181.38
29.29 181.38
29.30 181.38
29.31 181.38
29.32 181.38
29.33 181.38
29.34 181.38
29.35 181.38
29.36 181.38
29.37 181.38
29.38 181.38
29.39 181.38
29.40 181.38
29.41 181.38
29.42 181.38
29.43 181.38
29.44 181.38
29.45 181.38
29.46 181.38
29.47 181.38
29.48 181.38
29.49 181.38
29.50 181.38
29.51 181.38
29.52 181.38
29.53 181.38
29.54 181.38
29.55 181.38
29.56 181.38
29.57 181.38
29.58 181.38
29.59 84.22
29.60 83.64
29.61 82.84
29.62 81.48
29.63 79.62
29.64 0.00
29.65 0.00
29.66 0.00
29.67 0.00
29.68 0.00
29.69 0.00
29.70 0.00
29.71 0.00
29.72 0.00
29.73 0.00
29.74 0.00
29.75 0.00
29.76 0.00
29.77 0.00
29.78 0.00
29.79 0.00
29.80 0.00
29.81 0.00
29.82 0.00
29.83 0.00
29.84 0.00
29.85 0.00
29.86 0.00
29.87 0.00
29.88 0.00
29.89 0.00
29.90 0.00
29.91 0.00
29.92 0.00
29.93 0.00
29.94 0.00
29.95 0.00
29.96 0.00
29.97 0.00
29.98 0.00
29.99 0.00
30.00 0.00
30.01 0.00
30.02 0.00
30.03 0.00
30.04 0.00
30.05 0.00
30.06 0.00
30.07 0.00
30.08 0.00
30.09 0.00
30.10 0.00
30.11 0.00
30.12 0.00
30.13 0.00
30.14 0.00
30.15 0.00
30.16 0.00
30.17 0.00
30.18 0.00
30.19 0.00
30.20 0.00
30.21 0.00
30.22 0.00
30.23 0.00
30.24 0.00
30.25 0.00
30.26 0.00
30.27 0.00
30.28 0.00
30.29 0.00
30.30 0.00
30.31 207.21
30.32 207.21
30.33 207.21
30.34 207.21
30.35 207.21
30.36 207.21
30.37 207.21
30.38 207.21
30.39 207.21
30.40 110.64
30.41 111.74
30.42 113.01
30.43 114.33
30.44 116.02
30.45 117.67
30.46 119.15
30.47 120.49
30.48 252.23
30.49 252.23
30.50 252.23
30.51 252.23
30.52 252.23
30.53 252.23
30.54 252.23
30.55 270.64
30.56 270.64
30.57 270.64
30.58 270.64
30.59 270.64
30.60 270.64
30.61 270.64
30.62 270.64
30.63 270.64
30.64 270.64
30.65 270.64
30.66 270.64
30.67 270.64
30.68 270.64
30.69 270.64
30.70 270.64
30.71 270.64
30.72 270.64
30.73 270.64
30.74 270.64
30.75 270.64
30.76 270.64
30.77 270.64
30.78 270.64
30.79 270.64
30.80 270.64
30.81 270.64
30.82 270.64
30.83 270.64
30.84 270.64
30.85 270.64
30.86 270.64
30.87 270.64
30.88 270.64
30.89 270.64
30.90 270.64
30.91 270.64
30.92 270.64
30.93 270.64
30.94 270.64
30.95 270.64
30.96 270.64
30.97 270.64
30.98 270.64
30.99 270.64
31.00 270.64
31.01 270.64
31.02 270.64
31.03 270.64
31.04 270.64
31.05 270.64
31.06 270.64
31.07 270.64
31.08 270.64
31.09 270.64
31.10 270.64
31.11 270.64
31.12 270.64
31.13 270.64
31.14 270.64
31.15 270.64
31.16 270.64
31.17 270.64
31.18 270.64
31.19 270.64
31.20 270.64
31.21 270.64
31.22 270.64
31.23 270.64
31.24 270.64
31.25 270.64
31.26 270.64
31.27 270.64
31.28 270.64
31.29 270.64
31.30 270.64
31.31 270.64
31.32 270.64
31.33 270.64
31.34 270.64
31.35 270.64
31.36 270.64
31.37 270.64
31.38 270.64
31.39 270.64
31.40 270.64
31.41 270.64
31.42 270.64
31.43 270.64
31.44 270.64
31.45 270.64
31.46 270.64
31.47 270.64
31.48 270.64
31.49 270.64
31.50 270.64
31.51 270.64
31.52 270.64
31.53 270.64
31.54 270.64
31.55 270.64
31.56 270.64
31.57 270.64
31.58 270.64
31.59 270.64
31.60 270.64
31.61 270.64
31.62 270.64
31.63 270.64
31.64 270.64
31.65 270.64
31.66 270.64
31.67 270.64
31.68 270.64
31.69 270.64
31.70 270.64
31.71 270.64
31.72 270.64
31.73 270.64
31.74 270.64
31.75 270.64
31.76 270.64
31.77 270.64
31.78 270.64
31.79 270.64
31.80 121.30
31.81 119.52
31.82 118.91
31.83 118.33
31.84 0.00
31.85 0.00
31.86 0.00
31.87 0.00
31.88 0.00
31.89 0.00
31.90 0.00
31.91 0.00
31.92 0.00
31.93 0.00
31.94 0.00
31.95 0.00
31.96 0.00
31.97 0.00
31.98 0.00
31.99 0.00
32.00 0.00
32.01 0.00
32.02 0.00
32.03 0.00
32.04 0.00
32.05 0.00
32.06 273.07
32.07 273.07
32.08 273.07
32.09 273.07
32.10 273.07
32.11 273.07
32.12 273.07
32.13 273.07
32.14 273.07
32.15 273.07
32.16 273.07
32.17 273.07
32.18 273.07
32.19 273.07
32.20 273.07
32.21 273.07
32.22 273.07
32.23 273.07
32.24 273.07
32.25 273.07
32.26 273.07
32.27 273.07
32.28 273.07
32.29 273.07
32.30 273.07
32.31 273.07
32.32 273.07
32.33 273.07
32.34 273.07
32.35 273.07
32.36 273.07
32.37 273.07
32.38 273.07
32.39 273.07
32.40 273.07
32.41 273.07
32.42 273.07
32.43 273.07
32.44 273.07
32.45 273.07
32.46 273.07
32.47 273.07
32.48 273.07
32.49 273.07
32.50 273.07
32.51 273.07
32.52 273.07
32.53 273.07
32.54 273.07
32.55 273.07
32.56 273.07
32.57 273.07
32.58 273.07
32.59 273.07
32.60 273.07
32.61 273.07
32.62 273.07
32.63 273.07
32.64 273.07
32.65 273.07
32.66 273.07
32.67 273.07
32.68 273.07
32.69 273.07
32.70 273.07
32.71 273.07
32.72 273.07
32.73 273.07
32.74 273.07
32.75 273.07
32.76 273.07
32.77 273.07
32.78 273.07
32.79 273.07
32.80 273.07
32.81 273.07
32.82 273.07
32.83 273.07
32.84 273.07
32.85 273.07
32.86 273.07
32.87 273.07
32.88 273.07
32.89 273.07
32.90 273.07
32.91 273.07
32.92 273.07
32.93 273.07
32.94 273.07
32.95 273.07
32.96 273.07
32.97 273.07
32.98 273.07
32.99 273.07
33.00 273.07
33.01 273.07
33.02 273.07
33.03 273.07
33.04 273.07
33.05 273.07
33.06 273.07
33.07 273.07
33.08 126.70
33.09 124.05
33.10 120.98
33.11 118.02
33.12 215.28
33.13 215.28
33.14 215.28
33.15 215.28
33.16 215.28
33.17 215.28
33.18 215.28
33.19 215.28
33.20 215.28
33.21 215.28
33.22 215.28
33.23 215.28
33.24 215.28
33.25 215.28
33.26 215.28
33.27 215.28
33.28 215.28
33.29 215.28
33.30 215.28
33.31 215.28
33.32 215.28
33.33 215.28
33.34 215.28
33.35 215.28
33.36 215.28
33.37 215.28
33.38 215.28
33.39 215.28
33.40 215.28
33.41 215.28
33.42 215.28
33.43 215.28
33.44 215.28
33.45 215.28
33.46 215.28
33.47 215.28
33.48 215.28
33.49 215.28
33.50 215.28
33.51 215.28
33.52 215.28
33.53 215.28
33.54 215.28
33.55 215.28
33.56 215.28
33.57 215.28
33.58 215.28
33.59 215.28
33.60 215.28
33.61 215.28
33.62 215.28
33.63 215.28
33.64 215.28
33.65 215.28
33.66 215.28
33.67 215.28
33.68 215.28
33.69 215.28
33.70 215.28
33.71 215.28
33.72 215.28
33.73 118.20
33.74 240.70
33.75 240.70
33.76 240.70
33.77 240.70
33.78 240.70
33.79 240.70
33.80 240.70
33.81 240.70
33.82 240.70
33.83 240.70
33.84 240.70
33.85 240.70
33.86 240.70
33.87 240.70
33.88 240.70
33.89 240.70
33.90 240.70
33.91 240.70
33.92 240.70
33.93 240.70
33.94 240.70
33.95 240.70
33.96 240.70
33.97 240.70
33.98 240.70
33.99 240.70
34.00 240.70
34.01 240.70
34.02 240.70
34.03 240.70
34.04 240.70
34.05 240.70
34.06 240.70
34.07 240.70
34.08 240.70
34.09 240.70
34.10 240.70
34.11 240.70
34.12 240.70
34.13 240.70
34.14 240.70
34.15 240.70
34.16 240.70
34.17 240.70
34.18 240.70
34.19 240.70
34.20 240.70
34.21 240.70
34.22 240.70
34.23 240.70
34.24 240.70
34.25 240.70
34.26 110.75
34.27 107.00
34.28 103.67
34.29 101.59
34.30 0.00
34.31 0.00
34.32 0.00
34.33 0.00
34.34 0.00
34.35 0.00
34.36 0.00
34.37 0.00
34.38 0.00
34.39 0.00
34.40 0.00
34.41 0.00
34.42 0.00
34.43 0.00
34.44 0.00
34.45 0.00
34.46 0.00
34.47 0.00
34.48 0.00
34.49 0.00
34.50 0.00
34.51 0.00
34.52 0.00
34.53 0.00
34.54 0.00
34.55 0.00
34.56 0.00
34.57 0.00
34.58 0.00
34.59 0.00
34.60 0.00
34.61 0.00
34.62 0.00
34.63 0.00
34.64 0.00
34.65 0.00
34.66 0.00
34.67 0.00
34.68 0.00
34.69 0.00
34.70 0.00
34.71 0.00
34.72 0.00
34.73 0.00
34.74 0.00
34.75 0.00
34.76 0.00
34.77 0.00
34.78 0.00
34.79 0.00
34.80 0.00
34.81 0.00
34.82 0.00
34.83 0.00
34.84 0.00
34.85 0.00
34.86 0.00
34.87 0.00
34.88 222.49
34.89 222.49
34.90 222.49
34.91 222.49
34.92 222.49
34.93 222.49
34.94 222.49
34.95 222.49
34.96 222.49
34.97 118.12
34.98 119.84
34.99 252.49
35.00 252.49
35.01 252.49
35.02 252.49
35.03 252.49
35.04 252.49
35.05 252.49
35.06 269.72
35.07 269.72
35.08 269.72
35.09 269.72
35.10 269.72
35.11 269.72
35.12 269.72
35.13 269.72
35.14 269.72
35.15 269.72
35.16 269.72
35.17 269.72
35.18 269.72
35.19 269.72
35.20 269.72
35.21 269.72
35.22 269.72
35.23 269.72
35.24 269.72
35.25 269.72
35.26 269.72
35.27 269.72
35.28 269.72
35.29 269.72
35.30 269.72
35.31 269.72
35.32 269.72
35.33 269.72
35.34 269.72
35.35 269.72
35.36 269.72
35.37 269.72
35.38 269.72
35.39 269.72
35.40 269.72
35.41 269.72
35.42 269.72
35.43 269.72
35.44 269.72
35.45 269.72
35.46 269.72
35.47 269.72
35.48 269.72
35.49 269.72
35.50 269.72
35.51 269.72
35.52 269.72
35.53 269.72
35.54 269.72
35.55 269.72
35.56 269.72
35.57 269.72
35.58 269.72
35.59 269.72
35.60 269.72
35.61 269.72
35.62 269.72
35.63 269.72
35.64 269.72
35.65 269.72
35.66 269.72
35.67 269.72
35.68 269.72
35.69 269.72
35.70 269.72
35.71 269.72
35.72 269.72
35.73 269.72
35.74 269.72
35.75 269.72
35.76 269.72
35.77 269.72
35.78 269.72
35.79 269.72
35.80 269.72
35.81 269.72
35.82 269.72
35.83 269.72
35.84 269.72
35.85 269.72
35.86 269.72
35.87 269.72
35.88 269.72
35.89 269.72
35.90 269.72
35.91 269.72
35.92 269.72
35.93 269.72
35.94 269.72
35.95 269.72
35.96 269.72
35.97 269.72
35.98 269.72
35.99 269.72
36.00 269.72
36.01 269.72
36.02 269.72
36.03 269.72
36.04 269.72
36.05 269.72
36.06 269.72
36.07 269.72
36.08 269.72
36.09 269.72
36.10 269.72
36.11 269.72
36.12 269.72
36.13 269.72
36.14 269.72
36.15 269.72
36.16 269.72
36.17 269.72
36.18 269.72
36.19 269.72
36.20 269.72
36.21 269.72
36.22 269.72
36.23 269.72
36.24 269.72
36.25 269.72
36.26 269.72
36.27 269.72
36.28 269.72
36.29 269.72
36.30 269.72
36.31 269.72
36.32 269.72
36.33 269.72
36.34 269.72
36.35 269.72
36.36 269.72
36.37 269.72
36.38 269.72
36.39 269.72
36.40 269.72
36.41 269.72
36.42 0.00
36.43 0.00
36.44 0.00
36.45 0.00
36.46 0.00
36.47 0.00
36.48 0.00
36.49 0.00
36.50 0.00
36.51 0.00
36.52 0.00
36.53 0.00
36.54 0.00
36.55 0.00
36.56 0.00
36.57 0.00
36.58 0.00
36.59 267.74
36.60 267.74
36.61 267.74
36.62 267.74
36.63 267.74
36.64 267.74
36.65 267.74
36.66 267.74
36.67 267.74
36.68 267.74
36.69 267.74
36.70 267.74
36.71 267.74
36.72 267.74
36.73 267.74
36.74 267.74
36.75 267.74
36.76 267.74
36.77 267.74
36.78 267.74
36.79 267.74
36.80 267.74
36.81 267.74
36.82 267.74
36.83 267.74
36.84 267.74
36.85 267.74
36.86 267.74
36.87 267.74
36.88 267.74
36.89 267.74
36.90 267.74
36.91 267.74
36.92 267.74
36.93 267.74
36.94 267.74
36.95 267.74
36.96 267.74
36.97 267.74
36.98 267.74
36.99 267.74
37.00 267.74
37.01 267.74
37.02 267.74
37.03 122.53
37.04 119.14
37.05 114.67
37.06 109.55
37.07 106.97
37.08 216.87
37.09 216.87
37.10 216.87
37.11 216.87
37.12 216.87
37.13 216.87
37.14 216.87
37.15 216.87
37.16 216.87
37.17 216.87
37.18 216.87
37.19 216.87
37.20 216.87
37.21 216.87
37.22 216.87
37.23 216.87
37.24 216.87
37.25 216.87
37.26 216.87
37.27 216.87
37.28 216.87
37.29 216.87
37.30 216.87
37.31 216.87
37.32 216.87
37.33 216.87
37.34 216.87
37.35 216.87
37.36 216.87
37.37 216.87
37.38 216.87
37.39 216.87
37.40 216.87
37.41 216.87
37.42 216.87
37.43 216.87
37.44 216.87
37.45 216.87
37.46 216.87
37.47 216.87
37.48 216.87
37.49 216.87
37.50 216.87
37.51 216.87
37.52 216.87
37.53 216.87
37.54 216.87
37.55 216.87
37.56 216.87
37.57 216.87
37.58 216.87
37.59 216.87
37.60 216.87
37.61 216.87
37.62 216.87
37.63 216.87
37.64 216.87
37.65 216.87
37.66 216.87
37.67 216.87
37.68 216.87
37.69 216.87
37.70 216.87
37.71 216.87
37.72 216.87
37.73 216.87
37.74 216.87
37.75 216.87
37.76 216.87
37.77 216.87
37.78 216.87
37.79 216.87
37.80 216.87
37.81 216.87
37.82 216.87
37.83 216.87
37.84 216.87
37.85 216.87
37.86 216.87
37.87 216.87
37.88 216.87
37.89 216.87
37.90 216.87
37.91 216.87
37.92 216.87
37.93 216.87
37.94 216.87
37.95 216.87
37.96 216.87
37.97 216.87
37.98 216.87
37.99 216.87
38.00 216.87
38.01 216.87
38.02 216.87
38.03 216.87
38.04 216.87
38.05 216.87
38.06 216.87
38.07 216.87
38.08 216.87
38.09 216.87
38.10 216.87
38.11 216.87
38.12 239.35
38.13 239.35
38.14 239.35
38.15 239.35
38.16 239.35
38.17 239.35
38.18 239.35
38.19 239.35
38.20 239.35
38.21 239.35
38.22 239.35
38.23 239.35
38.24 239.35
38.25 239.35
38.26 239.35
38.27 239.35
38.28 239.35
38.29 239.35
38.30 239.35
38.31 239.35
38.32 239.35
38.33 239.35
38.34 239.35
38.35 239.35
38.36 239.35
38.37 239.35
38.38 239.35
38.39 239.35
38.40 239.35
38.41 239.35
38.42 239.35
38.43 239.35
38.44 239.35
38.45 239.35
38.46 239.35
38.47 111.90
38.48 109.39
38.49 106.46
38.50 103.37
38.51 102.17
38.52 101.77
38.53 100.52
38.54 0.00
38.55 0.00
38.56 0.00
38.57 0.00
38.58 0.00
38.59 0.00
38.60 0.00
38.61 0.00
38.62 0.00
38.63 0.00
38.64 0.00
38.65 0.00
38.66 0.00
38.67 0.00
38.68 0.00
38.69 0.00
38.70 0.00
38.71 0.00
38.72 0.00
38.73 0.00
38.74 0.00
38.75 0.00
38.76 0.00
38.77 0.00
38.78 0.00
38.79 0.00
38.80 0.00
38.81 0.00
38.82 0.00
38.83 0.00
38.84 0.00
38.85 0.00
38.86 0.00
38.87 0.00
38.88 0.00
38.89 0.00
38.90 0.00
38.91 0.00
38.92 0.00
38.93 0.00
38.94 0.00
38.95 0.00
38.96 0.00
38.97 0.00
38.98 0.00
38.99 0.00
39.00 0.00
39.01 0.00
39.02 0.00
39.03 0.00
39.04 0.00
39.05 0.00
39.06 0.00
39.07 0.00
39.08 0.00
39.09 0.00
39.10 0.00
39.11 0.00
39.12 0.00
39.13 0.00
39.14 0.00
39.15 0.00
39.16 0.00
39.17 0.00
39.18 0.00
39.19 0.00
39.20 0.00
39.21 0.00
39.22 0.00
39.23 0.00
39.24 241.43
39.25 241.43
39.26 241.43
39.27 241.43
39.28 241.43
39.29 241.43
39.30 241.43
39.31 268.08
39.32 268.08
39.33 268.08
39.34 268.08
39.35 268.08
39.36 268.08
39.37 268.08
39.38 268.08
39.39 268.08
39.40 268.08
39.41 268.08
39.42 268.08
39.43 268.08
39.44 268.08
39.45 268.08
39.46 268.08
39.47 268.08
39.48 268.08
39.49 268.08
39.50 268.08
39.51 268.08
39.52 268.08
39.53 268.08
39.54 268.08
39.55 268.08
39.56 268.08
39.57 268.08
39.58 268.08
39.59 268.08
39.60 268.08
39.61 268.08
39.62 268.08
39.63 268.08
39.64 268.08
39.65 268.08
39.66 268.08
39.67 268.08
39.68 268.08
39.69 268.08
39.70 268.08
39.71 268.08
39.72 268.08
39.73 268.08
39.74 268.08
39.75 268.08
39.76 268.08
39.77 268.08
39.78 268.08
39.79 268.08
39.80 268.08
39.81 268.08
39.82 268.08
39.83 268.08
39.84 268.08
39.85 268.08
39.86 268.08
39.87 268.08
39.88 268.08
39.89 268.08
39.90 268.08
39.91 268.08
39.92 268.08
39.93 268.08
39.94 268.08
39.95 268.08
39.96 268.08
39.97 268.08
39.98 268.08
39.99 268.08
40.00 268.08
40.01 268.08
40.02 268.08
40.03 268.08
40.04 268.08
40.05 268.08
40.06 268.08
40.07 268.08
40.08 268.08
40.09 268.08
40.10 268.08
40.11 268.08
40.12 268.08
40.13 268.08
40.14 268.08
40.15 268.08
40.16 268.08
40.17 268.08
40.18 268.08
40.19 268.08
40.20 268.08
40.21 268.08
40.22 268.08
40.23 268.08
40.24 268.08
40.25 268.08
40.26 268.08
40.27 268.08
40.28 268.08
40.29 268.08
40.30 268.08
40.31 268.08
40.32 268.08
40.33 268.08
40.34 268.08
40.35 268.08
40.36 268.08
40.37 268.08
40.38 268.08
40.39 268.08
40.40 268.08
40.41 268.08
40.42 268.08
40.43 268.08
40.44 268.08
40.45 268.08
40.46 268.08
40.47 268.08
40.48 268.08
40.49 268.08
40.50 268.08
40.51 268.08
40.52 268.08
40.53 268.08
40.54 268.08
40.55 268.08
40.56 268.08
40.57 268.08
40.58 268.08
40.59 268.08
40.60 268.08
40.61 268.08
40.62 268.08
40.63 268.08
40.64 268.08
40.65 268.08
40.66 268.08
40.67 268.08
40.68 268.08
40.69 268.08
40.70 268.08
40.71 268.08
40.72 268.08
40.73 268.08
40.74 268.08
40.75 268.08
40.76 268.08
40.77 268.08
40.78 268.08
40.79 268.08
40.80 268.08
40.81 268.08
40.82 268.08
40.83 268.08
40.84 268.08
40.85 268.08
40.86 268.08
40.87 268.08
40.88 268.08
40.89 268.08
40.90 268.08
40.91 268.08
40.92 268.08
40.93 268.08
40.94 268.08
40.95 268.08
40.96 268.08
40.97 268.08
40.98 268.08
40.99 268.08
41.00 268.08
41.01 268.08
41.02 268.08
41.03 268.08
41.04 268.08
41.05 268.08
41.06 268.08
41.07 268.08
41.08 268.08
41.09 268.08
41.10 268.08
41.11 268.08
41.12 268.08
41.13 268.08
41.14 268.08
41.15 268.08
41.16 268.08
41.17 268.08
41.18 268.08
41.19 268.08
41.20 268.08
41.21 268.08
41.22 268.08
41.23 268.08
41.24 268.08
41.25 268.08
41.26 268.08
41.27 268.08
41.28 268.08
41.29 268.08
41.30 268.08
41.31 268.08
41.32 268.08
41.33 268.08
41.34 268.08
41.35 268.08
41.36 268.08
41.37 268.08
41.38 268.08
41.39 268.08
41.40 268.08
41.41 268.08
41.42 268.08
41.43 268.08
41.44 268.08
41.45 268.08
41.46 268.08
41.47 268.08
41.48 268.08
41.49 268.08
41.50 268.08
41.51 268.08
41.52 268.08
41.53 268.08
41.54 268.08
41.55 268.08
41.56 268.08
41.57 268.08
41.58 268.08
41.59 268.08
41.60 268.08
41.61 268.08
41.62 268.08
41.63 268.08
41.64 268.08
41.65 268.08
41.66 268.08
41.67 268.08
41.68 268.08
41.69 268.08
41.70 268.08
41.71 268.08
41.72 268.08
41.73 268.08
41.74 268.08
41.75 268.08
41.76 268.08
41.77 268.08
41.78 268.08
41.79 268.08
41.80 268.08
41.81 268.08
41.82 268.08
41.83 268.08
41.84 268.08
41.85 268.08
41.86 268.08
41.87 268.08
41.88 268.08
41.89 268.08
41.90 268.08
41.91 268.08
41.92 268.08
41.93 268.08
41.94 268.08
41.95 268.08
41.96 268.08
41.97 268.08
41.98 268.08
41.99 268.08
42.00 268.08
42.01 268.08
42.02 268.08
42.03 268.08
42.04 268.08
42.05 268.08
42.06 268.08
42.07 268.08
42.08 268.08
42.09 268.08
42.10 268.08
42.11 268.08
42.12 268.08
42.13 268.08
42.14 268.08
42.15 268.08
42.16 268.08
42.17 268.08
42.18 268.08
42.19 268.08
42.20 268.08
42.21 268.08
42.22 268.08
42.23 268.08
42.24 268.08
42.25 268.08
42.26 268.08
42.27 268.08
42.28 268.08
42.29 268.08
42.30 268.08
42.31 268.08
42.32 268.08
42.33 268.08
42.34 268.08
42.35 268.08
42.36 268.08
42.37 268.08
42.38 268.08
42.39 268.08
42.40 268.08
42.41 268.08
42.42 268.08
42.43 268.08
42.44 268.08
42.45 268.08
42.46 268.08
42.47 268.08
42.48 268.08
42.49 268.08
42.50 268.08
42.51 268.08
42.52 268.08
42.53 268.08
42.54 268.08
42.55 268.08
42.56 268.08
42.57 268.08
42.58 268.08
42.59 268.08
42.60 268.08
42.61 268.08
42.62 268.08
42.63 268.08
42.64 268.08
42.65 268.08
42.66 268.08
42.67 268.08
42.68 268.08
42.69 268.08
42.70 123.03
42.71 238.54
42.72 238.54
42.73 238.54
42.74 238.54
42.75 238.54
42.76 238.54
42.77 238.54
42.78 238.54
42.79 238.54
42.80 238.54
42.81 238.54
42.82 238.54
42.83 251.58
42.84 251.58
42.85 251.58
42.86 251.58
42.87 251.58
42.88 251.58
42.89 251.58
42.90 251.58
42.91 240.96
42.92 240.96
42.93 240.96
42.94 240.96
42.95 240.96
42.96 240.96
42.97 240.96
42.98 240.96
42.99 240.96
43.00 240.96
43.01 240.96
43.02 240.96
43.03 240.96
43.04 240.96
43.05 240.96
43.06 240.96
43.07 240.96
43.08 240.96
43.09 240.96
43.10 240.96
43.11 240.96
43.12 240.96
43.13 240.96
43.14 240.96
43.15 240.96
43.16 240.96
43.17 240.96
43.18 240.96
43.19 240.96
43.20 240.96
43.21 240.96
43.22 240.96
43.23 240.96
43.24 240.96
43.25 240.96
43.26 240.96
43.27 240.96
43.28 -1.00
43.29 -1.00
43.30 -1.00
43.31 -1.00
43.32 -1.00
43.33 -1.00
43.34 -1.00
43.35 -1.00
43.36 -1.00
43.37 -1.00
43.38 218.18
43.39 218.18
43.40 218.18
43.41 218.18
43.42 218.18
43.43 218.18
43.44 218.18
43.45 218.18
43.46 218.18
43.47 218.18
43.48 218.18
43.49 218.18
43.50 218.18
43.51 218.18
43.52 218.18
43.53 218.18
43.54 218.18
43.55 218.18
43.56 218.18
43.57 218.18
43.58 218.18
43.59 218.18
43.60 218.18
43.61 218.18
43.62 218.18
43.63 218.18
43.64 218.18
43.65 218.18
43.66 218.18
43.67 218.18
43.68 218.18
43.69 218.18
43.70 218.18
43.71 218.18
43.72 218.18
43.73 218.18
43.74 218.18
43.75 218.18
43.76 218.18
43.77 218.18
43.78 218.18
43.79 218.18
43.80 218.18
43.81 218.18
43.82 218.18
43.83 218.18
43.84 218.18
43.85 218.18
43.86 218.18
43.87 218.18
43.88 218.18
43.89 218.18
43.90 218.18
43.91 218.18
43.92 218.18
43.93 218.18
43.94 218.18
43.95 218.18
43.96 218.18
43.97 218.18
43.98 218.18
43.99 218.18
44.00 218.18
44.01 218.18
44.02 218.18
44.03 218.18
44.04 218.18
44.05 218.18
44.06 218.18
44.07 218.18
44.08 218.18
44.09 218.18
44.10 218.18
44.11 218.18
44.12 218.18
44.13 218.18
44.14 218.18
44.15 218.18
44.16 218.18
44.17 218.18
44.18 218.18
44.19 218.18
44.20 218.18
44.21 218.18
44.22 218.18
44.23 218.18
44.24 218.18
44.25 218.18
44.26 218.18
44.27 218.18
44.28 218.18
44.29 218.18
44.30 218.18
44.31 218.18
44.32 218.18
44.33 218.18
44.34 218.18
44.35 218.18
44.36 218.18
44.37 218.18
44.38 218.18
44.39 218.18
44.40 218.18
44.41 218.18
44.42 218.18
44.43 218.18
44.44 218.18
44.45 218.18
44.46 218.18
44.47 218.18
44.48 218.18
44.49 218.18
44.50 218.18
44.51 218.18
44.52 218.18
44.53 218.18
44.54 218.18
44.55 218.18
44.56 218.18
44.57 218.18
44.58 218.18
44.59 218.18
44.60 218.18
44.61 218.18
44.62 218.18
44.63 218.18
44.64 218.18
44.65 218.18
44.66 218.18
44.67 218.18
44.68 218.18
44.69 218.18
44.70 218.18
44.71 218.18
44.72 218.18
44.73 218.18
44.74 218.18
44.75 240.49
44.76 240.49
44.77 240.49
44.78 240.49
44.79 240.49
44.80 240.49
44.81 240.49
44.82 240.49
44.83 240.49
44.84 240.49
44.85 240.49
44.86 240.49
44.87 240.49
44.88 240.49
44.89 240.49
44.90 240.49
44.91 240.49
44.92 240.49
44.93 240.49
44.94 240.49
44.95 240.49
44.96 240.49
44.97 240.49
44.98 240.49
44.99 240.49
45.00 240.49
45.01 240.49
45.02 240.49
45.03 240.49
45.04 240.49
45.05 240.49
45.06 240.49
45.07 240.49
45.08 240.49
45.09 240.49
45.10 240.49
45.11 240.49
45.12 240.49
45.13 240.49
45.14 240.49
45.15 240.49
45.16 240.49
45.17 240.49
45.18 240.49
45.19 240.49
45.20 240.49
45.21 240.49
45.22 240.49
45.23 240.49
45.24 240.49
45.25 240.49
45.26 240.49
45.27 240.49
45.28 240.49
45.29 240.49
45.30 240.49
45.31 240.49
45.32 240.49
45.33 240.49
45.34 240.49
45.35 240.49
45.36 240.49
45.37 240.49
45.38 240.49
45.39 240.49
45.40 240.49
45.41 240.49
45.42 240.49
45.43 240.49
45.44 240.49
45.45 240.49
45.46 240.49
45.47 240.49
45.48 240.49
45.49 240.49
45.50 240.49
45.51 240.49
45.52 240.49
45.53 240.49
45.54 240.49
45.55 240.49
45.56 240.49
45.57 240.49
45.58 240.49
45.59 240.49
45.60 240.49
45.61 240.49
45.62 240.49
45.63 240.49
45.64 240.49
45.65 240.49
45.66 240.49
45.67 240.49
45.68 110.36
45.69 108.38
45.70 104.81
45.71 101.93
45.72 98.52
45.73 96.01
45.74 181.28
45.75 181.28
45.76 181.28
45.77 181.28
45.78 181.28
45.79 181.28
45.80 181.28
45.81 181.21
45.82 181.21
45.83 181.21
45.84 181.21
45.85 181.21
45.86 181.21
45.87 181.21
45.88 181.21
45.89 181.21
45.90 181.21
45.91 181.21
45.92 181.21
45.93 181.21
45.94 181.21
45.95 181.21
45.96 181.21
45.97 181.21
45.98 181.21
45.99 181.21
46.00 181.21
46.01 181.21
46.02 181.21
46.03 181.21
46.04 181.21
46.05 181.21
46.06 181.21
46.07 181.21
46.08 181.21
46.09 181.21
46.10 181.21
46.11 181.21
46.12 181.21
46.13 181.21
46.14 181.21
46.15 181.21
46.16 181.21
46.17 181.21
46.18 181.21
46.19 181.21
46.20 181.21
46.21 181.21
46.22 181.21
46.23 181.21
46.24 181.21
46.25 181.21
46.26 181.21
46.27 181.21
46.28 181.21
46.29 181.21
46.30 181.21
46.31 181.21
46.32 181.21
46.33 181.21
46.34 181.21
46.35 181.21
46.36 181.21
46.37 181.21
46.38 181.21
46.39 181.21
46.40 181.21
46.41 181.21
46.42 181.21
46.43 181.21
46.44 181.21
46.45 181.21
46.46 181.21
46.47 181.21
46.48 181.21
46.49 181.21
46.50 181.21
46.51 181.21
46.52 181.21
46.53 181.21
46.54 181.21
46.55 181.21
46.56 181.21
46.57 181.21
46.58 181.21
46.59 181.21
46.60 181.21
46.61 181.21
46.62 181.21
46.63 181.21
46.64 181.21
46.65 181.21
46.66 181.21
46.67 181.21
46.68 181.21
46.69 181.21
46.70 181.21
46.71 181.21
46.72 181.21
46.73 181.21
46.74 181.21
46.75 181.21
46.76 181.21
46.77 181.21
46.78 181.21
46.79 181.21
46.80 181.21
46.81 181.21
46.82 181.21
46.83 181.21
46.84 181.21
46.85 181.21
46.86 181.21
46.87 181.21
46.88 181.21
46.89 0.00
46.90 0.00
46.91 0.00
46.92 0.00
46.93 0.00
46.94 0.00
46.95 0.00
46.96 0.00
46.97 0.00
46.98 0.00
46.99 0.00
47.00 0.00
47.01 0.00
47.02 0.00
47.03 0.00
47.04 0.00
47.05 0.00
47.06 0.00
47.07 0.00
47.08 0.00
47.09 0.00
47.10 0.00
47.11 0.00
47.12 0.00
47.13 0.00
47.14 0.00
47.15 0.00
47.16 0.00
47.17 0.00
47.18 0.00
47.19 0.00
47.20 0.00
47.21 0.00
47.22 0.00
47.23 0.00
47.24 0.00
47.25 0.00
47.26 0.00
47.27 0.00
47.28 0.00
47.29 0.00
47.30 0.00
47.31 0.00
47.32 0.00
47.33 0.00
47.34 0.00
47.35 0.00
47.36 0.00
47.37 0.00
47.38 0.00
47.39 0.00
47.40 0.00
47.41 0.00
47.42 0.00
47.43 0.00
47.44 0.00
47.45 0.00
47.46 0.00
47.47 0.00
47.48 0.00
47.49 0.00
47.50 0.00
47.51 0.00
47.52 0.00
47.53 0.00
47.54 0.00
47.55 0.00
47.56 0.00
47.57 0.00
47.58 0.00
47.59 0.00
47.60 0.00
47.61 0.00
47.62 0.00
47.63 0.00
47.64 0.00
47.65 0.00
47.66 0.00
47.67 0.00
47.68 0.00
47.69 0.00
47.70 0.00
47.71 0.00
47.72 0.00
47.73 0.00
47.74 229.17
47.75 229.17
47.76 229.17
47.77 229.17
47.78 229.17
47.79 229.17
47.80 229.17
47.81 245.16
47.82 245.16
47.83 245.16
47.84 245.16
47.85 245.16
47.86 245.16
47.87 245.16
47.88 245.16
47.89 268.49
47.90 268.49
47.91 268.49
47.92 268.49
47.93 268.49
47.94 268.49
47.95 268.49
47.96 268.49
47.97 268.49
47.98 268.49
47.99 268.49
48.00 268.49
48.01 268.49
48.02 268.49
48.03 268.49
48.04 268.49
48.05 268.49
48.06 268.49
48.07 268.49
48.08 268.49
48.09 268.49
48.10 268.49
48.11 268.49
48.12 268.49
48.13 268.49
48.14 268.49
48.15 268.49
48.16 268.49
48.17 268.49
48.18 268.49
48.19 268.49
48.20 268.49
48.21 268.49
48.22 268.49
48.23 268.49
48.24 268.49
48.25 268.49
48.26 268.49
48.27 268.49
48.28 268.49
48.29 268.49
48.30 268.49
48.31 268.49
48.32 268.49
48.33 268.49
48.34 268.49
48.35 268.49
48.36 268.49
48.37 268.49
48.38 268.49
48.39 268.49
48.40 268.49
48.41 268.49
48.42 268.49
48.43 268.49
48.44 268.49
48.45 268.49
48.46 268.49
48.47 268.49
48.48 268.49
48.49 268.49
48.50 268.49
48.51 268.49
48.52 268.49
48.53 268.49
48.54 268.49
48.55 268.49
48.56 268.49
48.57 268.49
48.58 268.49
48.59 268.49
48.60 268.49
48.61 268.49
48.62 268.49
48.63 268.49
48.64 268.49
48.65 268.49
48.66 268.49
48.67 268.49
48.68 268.49
48.69 268.49
48.70 268.49
48.71 268.49
48.72 268.49
48.73 268.49
48.74 268.49
48.75 268.49
48.76 268.49
48.77 268.49
48.78 268.49
48.79 268.49
48.80 268.49
48.81 268.49
48.82 268.49
48.83 268.49
48.84 268.49
48.85 268.49
48.86 268.49
48.87 268.49
48.88 268.49
48.89 268.49
48.90 268.49
48.91 268.49
48.92 268.49
48.93 268.49
48.94 268.49
48.95 268.49
48.96 268.49
48.97 268.49
48.98 268.49
48.99 268.49
49.00 268.49
49.01 268.49
49.02 268.49
49.03 268.49
49.04 268.49
49.05 268.49
49.06 268.49
49.07 268.49
49.08 268.49
49.09 268.49
49.10 268.49
49.11 268.49
49.12 268.49
49.13 268.49
49.14 268.49
49.15 268.49
49.16 268.49
49.17 268.49
49.18 268.49
49.19 268.49
49.20 268.49
49.21 268.49
49.22 268.49
49.23 268.49
49.24 268.49
49.25 268.49
49.26 268.49
49.27 268.49
49.28 268.49
49.29 268.49
49.30 268.49
49.31 268.49
49.32 268.49
49.33 268.49
49.34 268.49
49.35 268.49
49.36 268.49
49.37 268.49
49.38 268.49
49.39 268.49
49.40 268.49
49.41 268.49
49.42 268.49
49.43 268.49
49.44 268.49
49.45 268.49
49.46 268.49
49.47 268.49
49.48 268.49
49.49 268.49
49.50 268.49
49.51 268.49
49.52 268.49
49.53 268.49
49.54 268.49
49.55 268.49
49.56 268.49
49.57 268.49
49.58 268.49
49.59 268.49
49.60 268.49
49.61 268.49
49.62 268.49
49.63 268.49
49.64 268.49
49.65 268.49
49.66 268.49
49.67 268.49
49.68 268.49
49.69 268.49
49.70 268.49
49.71 268.49
49.72 268.49
49.73 268.49
49.74 268.49
49.75 268.49
49.76 268.49
49.77 268.49
49.78 268.49
49.79 268.49
49.80 268.49
49.81 268.49
49.82 268.49
49.83 268.49
49.84 268.49
49.85 268.49
49.86 268.49
49.87 268.49
49.88 268.49
49.89 268.49
49.90 268.49
49.91 268.49
49.92 268.49
49.93 268.49
49.94 268.49
49.95 268.49
49.96 268.49
49.97 268.49
49.98 268.49
49.99 268.49
50.00 268.49
50.01 268.49
50.02 268.49
50.03 268.49
50.04 268.49
50.05 268.49
50.06 268.49
50.07 268.49
50.08 268.49
50.09 268.49
50.10 268.49
50.11 268.49
50.12 268.49
50.13 268.49
50.14 268.49
50.15 268.49
50.16 268.49
50.17 268.49
50.18 268.49
50.19 268.49
50.20 268.49
50.21 268.49
50.22 268.49
50.23 268.49
50.24 268.49
50.25 268.49
50.26 268.49
50.27 268.49
50.28 268.49
50.29 268.49
50.30 268.49
50.31 268.49
50.32 268.49
50.33 268.49
50.34 268.49
50.35 268.49
50.36 268.49
50.37 268.49
50.38 268.49
50.39 268.49
50.40 268.49
50.41 268.49
50.42 268.49
50.43 268.49
50.44 268.49
50.45 268.49
50.46 268.49
50.47 268.49
50.48 268.49
50.49 268.49
50.50 268.49
50.51 268.49
50.52 268.49
50.53 268.49
50.54 268.49
50.55 268.49
50.56 268.49
50.57 268.49
50.58 268.49
50.59 268.49
50.60 268.49
50.61 268.49
50.62 268.49
50.63 268.49
50.64 268.49
50.65 268.49
50.66 268.49
50.67 268.49
50.68 268.49
50.69 268.49
50.70 268.49
50.71 268.49
50.72 268.49
50.73 268.49
50.74 268.49
50.75 268.49
50.76 268.49
50.77 268.49
50.78 268.49
50.79 268.49
50.80 268.49
50.81 268.49
50.82 123.79
50.83 122.36
50.84 0.00
50.85 0.00
50.86 0.00
50.87 0.00
50.88 0.00
50.89 0.00
50.90 0.00
50.91 0.00
50.92 0.00
50.93 0.00
50.94 0.00
50.95 0.00
50.96 0.00
50.97 0.00
50.98 0.00
50.99 0.00
51.00 0.00
51.01 0.00
51.02 0.00
51.03 0.00
51.04 0.00
51.05 0.00
51.06 0.00
51.07 0.00
51.08 0.00
51.09 0.00
51.10 0.00
51.11 0.00
51.12 0.00
51.13 0.00
51.14 0.00
51.15 0.00
51.16 0.00
51.17 0.00
51.18 0.00
51.19 0.00
51.20 0.00
51.21 261.66
51.22 261.66
51.23 261.66
51.24 261.66
51.25 261.66
51.26 261.66
51.27 261.66
51.28 261.66
51.29 273.30
51.30 273.30
51.31 273.30
51.32 273.30
51.33 273.30
51.34 273.30
51.35 273.30
51.36 273.30
51.37 273.30
51.38 273.30
51.39 273.30
51.40 273.30
51.41 273.30
51.42 273.30
51.43 273.30
51.44 273.30
51.45 273.30
51.46 273.30
51.47 273.30
51.48 273.30
51.49 273.30
51.50 273.30
51.51 273.30
51.52 273.30
51.53 273.30
51.54 273.30
51.55 273.30
51.56 273.30
51.57 273.30
51.58 273.30
51.59 273.30
51.60 273.30
51.61 273.30
51.62 273.30
51.63 273.30
51.64 273.30
51.65 273.30
51.66 273.30
51.67 273.30
51.68 273.30
51.69 273.30
51.70 273.30
51.71 273.30
51.72 273.30
51.73 273.30
51.74 273.30
51.75 273.30
51.76 273.30
51.77 273.30
51.78 273.30
51.79 273.30
51.80 273.30
51.81 273.30
51.82 273.30
51.83 273.30
51.84 273.30
51.85 273.30
51.86 273.30
51.87 273.30
51.88 273.30
51.89 273.30
51.90 273.30
51.91 273.30
51.92 273.30
51.93 273.30
51.94 273.30
51.95 273.30
51.96 273.30
51.97 273.30
51.98 273.30
51.99 273.30
52.00 273.30
52.01 273.30
52.02 273.30
52.03 273.30
52.04 273.30
52.05 273.30
52.06 273.30
52.07 273.30
52.08 273.30
52.09 273.30
52.10 273.30
52.11 273.30
52.12 273.30
52.13 273.30
52.14 273.30
52.15 273.30
52.16 273.30
52.17 273.30
52.18 273.30
52.19 273.30
52.20 273.30
52.21 273.30
52.22 273.30
52.23 273.30
52.24 273.30
52.25 273.30
52.26 273.30
52.27 273.30
52.28 273.30
52.29 273.30
52.30 273.30
52.31 273.30
52.32 273.30
52.33 273.30
52.34 273.30
52.35 273.30
52.36 273.30
52.37 273.30
52.38 273.30
52.39 273.30
52.40 273.30
52.41 273.30
52.42 273.30
52.43 273.30
52.44 273.30
52.45 273.30
52.46 273.30
52.47 273.30
52.48 273.30
52.49 273.30
52.50 273.30
52.51 273.30
52.52 273.30
52.53 273.30
52.54 273.30
52.55 273.30
52.56 273.30
52.57 273.30
52.58 273.30
52.59 273.30
52.60 273.30
52.61 273.30
52.62 273.30
52.63 273.30
52.64 273.30
52.65 273.30
52.66 273.30
52.67 273.30
52.68 273.30
52.69 273.30
52.70 273.30
52.71 273.30
52.72 273.30
52.73 273.30
52.74 273.30
52.75 273.30
52.76 273.30
52.77 273.30
52.78 273.30
52.79 273.30
52.80 273.30
52.81 273.30
52.82 273.30
52.83 254.16
52.84 254.16
52.85 254.16
52.86 254.16
52.87 254.16
52.88 254.16
52.89 254.16
52.90 254.16
52.91 254.16
52.92 254.16
52.93 254.16
52.94 254.16
52.95 254.16
52.96 254.16
52.97 108.46
52.98 0.00
52.99 0.00
53.00 0.00
53.01 0.00
53.02 0.00
53.03 0.00
53.04 0.00
53.05 0.00
53.06 0.00
53.07 0.00
53.08 0.00
53.09 0.00
53.10 0.00
53.11 0.00
53.12 0.00
53.13 0.00
53.14 0.00
53.15 0.00
53.16 0.00
53.17 0.00
53.18 0.00
53.19 0.00
53.20 0.00
53.21 0.00
53.22 0.00
53.23 0.00
53.24 0.00
53.25 0.00
53.26 0.00
53.27 0.00
53.28 0.00
53.29 0.00
53.30 0.00
53.31 0.00
53.32 0.00
53.33 0.00
53.34 0.00
53.35 0.00
53.36 0.00
53.37 0.00
53.38 0.00
53.39 0.00
53.40 0.00
53.41 0.00
53.42 0.00
53.43 0.00
53.44 0.00
53.45 0.00
53.46 0.00
53.47 0.00
53.48 0.00
53.49 0.00
53.50 0.00
53.51 0.00
53.52 0.00
53.53 0.00
53.54 0.00
53.55 0.00
53.56 0.00
53.57 0.00
53.58 0.00
53.59 0.00
53.60 0.00
53.61 0.00
53.62 0.00
53.63 0.00
53.64 0.00
53.65 0.00
53.66 0.00
53.67 0.00
53.68 0.00
53.69 0.00
53.70 282.25
53.71 282.25
53.72 282.25
53.73 282.25
53.74 282.25
53.75 282.25
53.76 282.25
53.77 282.25
53.78 282.25
53.79 282.25
53.80 282.25
53.81 282.25
53.82 282.25
53.83 282.25
53.84 282.25
53.85 282.25
53.86 282.25
53.87 282.25
53.88 282.25
53.89 282.25
53.90 282.25
53.91 291.37
53.92 291.37
53.93 291.37
53.94 291.37
53.95 291.37
53.96 291.37
53.97 291.37
53.98 291.37
53.99 291.37
54.00 291.37
54.01 291.37
54.02 291.37
54.03 291.37
54.04 291.37
54.05 291.37
54.06 291.37
54.07 291.37
54.08 291.37
54.09 291.37
54.10 291.37
54.11 291.37
54.12 291.37
54.13 291.37
54.14 291.37
54.15 291.37
54.16 291.37
54.17 291.37
54.18 291.37
54.19 291.37
54.20 291.37
54.21 291.37
54.22 291.37
54.23 291.37
54.24 291.37
54.25 291.37
54.26 291.37
54.27 291.37
54.28 291.37
54.29 291.37
54.30 291.37
54.31 291.37
54.32 291.37
54.33 291.37
54.34 291.37
54.35 291.37
54.36 291.37
54.37 291.37
54.38 291.37
54.39 291.37
54.40 291.37
54.41 291.37
54.42 291.37
54.43 291.37
54.44 291.37
54.45 291.37
54.46 291.37
54.47 291.37
54.48 291.37
54.49 291.37
54.50 291.37
54.51 291.37
54.52 291.37
54.53 291.37
54.54 291.37
54.55 291.37
54.56 291.37
54.57 291.37
54.58 291.37
54.59 291.37
54.60 291.37
54.61 291.37
54.62 291.37
54.63 291.37
54.64 291.37
54.65 291.37
54.66 291.37
54.67 291.37
54.68 291.37
54.69 291.37
54.70 291.37
54.71 291.37
54.72 291.37
54.73 291.37
54.74 291.37
54.75 291.37
54.76 291.37
54.77 291.37
54.78 291.37
54.79 291.37
54.80 291.37
54.81 291.37
54.82 291.37
54.83 291.37
54.84 291.37
54.85 291.37
54.86 291.37
54.87 291.37
54.88 291.37
54.89 291.37
54.90 291.37
54.91 291.37
54.92 291.37
54.93 291.37
54.94 291.37
54.95 291.37
54.96 291.37
54.97 291.37
54.98 291.37
54.99 291.37
55.00 291.37
55.01 291.37
55.02 291.37
55.03 291.37
55.04 291.37
55.05 135.59
55.06 268.16
55.07 268.16
55.08 268.16
55.09 268.16
55.10 268.16
55.11 268.16
55.12 268.16
55.13 268.16
55.14 268.16
55.15 268.16
55.16 268.16
55.17 268.16
55.18 268.16
55.19 268.16
55.20 268.16
55.21 268.16
55.22 268.16
55.23 268.16
55.24 268.16
55.25 268.16
55.26 268.16
55.27 268.16
55.28 268.16
55.29 268.16
55.30 268.16
55.31 268.16
55.32 268.16
55.33 268.16
55.34 268.16
55.35 268.16
55.36 268.16
55.37 268.16
55.38 268.16
55.39 268.16
55.40 268.16
55.41 268.16
55.42 268.16
55.43 268.16
55.44 268.16
55.45 268.16
55.46 268.16
55.47 268.16
55.48 268.16
55.49 268.16
55.50 268.16
55.51 268.16
55.52 268.16
55.53 268.16
55.54 268.16
55.55 268.16
55.56 268.16
55.57 268.16
55.58 268.16
55.59 268.16
55.60 268.16
55.61 268.16
55.62 268.16
55.63 268.16
55.64 268.16
55.65 268.16
55.66 268.16
55.67 268.16
55.68 268.16
55.69 268.16
55.70 268.16
55.71 249.84
55.72 249.84
55.73 249.84
55.74 249.84
55.75 249.84
55.76 249.84
55.77 249.84
55.78 249.84
55.79 249.84
55.80 249.84
55.81 249.84
55.82 249.84
55.83 249.84
55.84 249.84
55.85 249.84
55.86 249.84
55.87 249.84
55.88 249.84
55.89 249.84
55.90 249.84
55.91 249.84
55.92 249.84
55.93 249.84
55.94 249.84
55.95 249.84
55.96 249.84
55.97 249.84
55.98 249.84
55.99 249.84
56.00 249.84
56.01 116.28
56.02 112.22
56.03 107.75
56.04 100.31
56.05 195.68
56.06 195.68
56.07 195.68
56.08 195.68
56.09 195.68
56.10 195.68
56.11 195.68
56.12 195.68
56.13 195.68
56.14 195.68
56.15 195.68
56.16 195.68
56.17 195.68
56.18 195.68
56.19 195.68
56.20 195.68
56.21 195.68
56.22 195.68
56.23 195.68
56.24 195.68
56.25 195.68
56.26 195.68
56.27 195.68
56.28 195.68
56.29 195.68
56.30 195.68
56.31 195.68
56.32 195.68
56.33 195.68
56.34 195.68
56.35 195.68
56.36 195.68
56.37 195.68
56.38 195.68
56.39 195.68
56.40 195.68
56.41 216.52
56.42 216.52
56.43 216.52
56.44 216.52
56.45 216.52
56.46 216.52
56.47 216.52
56.48 216.52
56.49 216.52
56.50 216.52
56.51 216.52
56.52 216.52
56.53 216.52
56.54 216.52
56.55 216.52
56.56 216.52
56.57 216.52
56.58 216.52
56.59 216.52
56.60 216.52
56.61 216.52
56.62 216.52
56.63 216.52
56.64 216.52
56.65 216.52
56.66 216.52
56.67 216.52
56.68 216.52
56.69 216.52
56.70 216.52
56.71 216.52
56.72 216.52
56.73 216.52
56.74 216.52
56.75 216.52
56.76 216.52
56.77 216.52
56.78 216.52
56.79 216.52
56.80 216.52
56.81 216.52
56.82 216.52
56.83 216.52
56.84 216.52
56.85 216.52
56.86 216.52
56.87 216.52
56.88 216.52
56.89 216.52
56.90 216.52
56.91 216.52
56.92 216.52
56.93 216.52
56.94 216.52
56.95 216.52
56.96 216.52
56.97 216.52
56.98 216.52
56.99 216.52
57.00 216.52
57.01 216.52
57.02 216.52
57.03 216.52
57.04 216.52
57.05 216.52
57.06 216.52
57.07 216.52
57.08 216.52
57.09 216.52
57.10 216.52
57.11 216.52
57.12 216.52
57.13 216.52
57.14 216.52
57.15 216.52
57.16 216.52
57.17 216.52
57.18 216.52
57.19 216.52
57.20 216.52
57.21 216.52
57.22 216.52
57.23 216.52
57.24 216.52
57.25 216.52
57.26 216.52
57.27 216.52
57.28 216.52
57.29 216.52
57.30 216.52
57.31 216.52
57.32 216.52
57.33 216.52
57.34 216.52
57.35 216.52
57.36 216.52
57.37 216.52
57.38 216.52
57.39 216.52
57.40 216.52
57.41 216.52
57.42 216.52
57.43 216.52
57.44 216.52
57.45 216.52
57.46 216.52
57.47 216.52
57.48 216.52
57.49 216.52
57.50 216.52
57.51 216.52
57.52 216.52
57.53 216.52
57.54 216.52
57.55 216.52
57.56 216.52
57.57 216.52
57.58 216.52
57.59 216.52
57.60 216.52
57.61 216.52
57.62 216.52
57.63 216.52
57.64 216.52
57.65 216.52
57.66 0.00
57.67 0.00
57.68 0.00
57.69 0.00
57.70 0.00
57.71 0.00
57.72 0.00
57.73 0.00
57.74 0.00
57.75 0.00
57.76 0.00
57.77 0.00
57.78 0.00
57.79 0.00
57.80 0.00
57.81 0.00
57.82 0.00
57.83 0.00
57.84 0.00
57.85 0.00
57.86 0.00
57.87 0.00
57.88 0.00
57.89 0.00
57.90 0.00
57.91 0.00
57.92 0.00
57.93 0.00
57.94 0.00
57.95 0.00
57.96 0.00
57.97 0.00
57.98 0.00
57.99 0.00
58.00 0.00
58.01 0.00
58.02 0.00
58.03 0.00
58.04 0.00
58.05 0.00
58.06 0.00
58.07 0.00
58.08 0.00
58.09 0.00
58.10 0.00
58.11 0.00
58.12 0.00
58.13 0.00
58.14 0.00
58.15 0.00
58.16 0.00
58.17 0.00
58.18 0.00
58.19 200.36
58.20 200.36
58.21 200.36
58.22 200.36
58.23 200.36
58.24 200.36
58.25 200.36
58.26 198.94
58.27 198.94
58.28 198.94
58.29 198.94
58.30 198.94
58.31 198.94
58.32 198.94
58.33 198.94
58.34 198.94
58.35 105.37
58.36 107.08
58.37 108.74
58.38 110.61
58.39 112.14
58.40 239.43
58.41 239.43
58.42 239.43
58.43 239.43
58.44 239.43
58.45 239.43
58.46 239.43
58.47 239.43
58.48 239.43
58.49 239.43
58.50 239.43
58.51 266.47
58.52 266.47
58.53 266.47
58.54 266.47
58.55 266.47
58.56 266.47
58.57 266.47
58.58 266.47
58.59 266.47
58.60 266.47
58.61 266.47
58.62 266.47
58.63 266.47
58.64 266.47
58.65 266.47
58.66 266.47
58.67 266.47
58.68 266.47
58.69 266.47
58.70 266.47
58.71 266.47
58.72 266.47
58.73 266.47
58.74 266.47
58.75 266.47
58.76 266.47
58.77 266.47
58.78 266.47
58.79 266.47
58.80 266.47
58.81 266.47
58.82 266.47
58.83 266.47
58.84 266.47
58.85 266.47
58.86 266.47
58.87 266.47
58.88 266.47
58.89 266.47
58.90 266.47
58.91 266.47
58.92 266.47
58.93 266.47
58.94 266.47
58.95 266.47
58.96 266.47
58.97 266.47
58.98 266.47
58.99 266.47
59.00 266.47
59.01 266.47
59.02 266.47
59.03 266.47
59.04 128.45
59.05 126.60
59.06 243.90
59.07 243.90
59.08 243.90
59.09 243.90
59.10 243.90
59.11 243.90
59.12 243.90
59.13 243.90
59.14 243.90
59.15 243.90
59.16 243.90
59.17 243.90
59.18 243.90
59.19 243.90
59.20 243.90
59.21 243.90
59.22 243.90
59.23 243.90
59.24 243.90
59.25 243.90
59.26 243.90
59.27 243.90
59.28 243.90
59.29 243.90
59.30 243.90
59.31 243.90
59.32 243.90
59.33 243.90
59.34 243.90
59.35 243.90
59.36 243.90
59.37 243.90
59.38 243.90
59.39 243.90
59.40 243.90
59.41 243.90
59.42 243.90
59.43 243.90
59.44 243.90
59.45 243.90
59.46 243.90
59.47 243.90
59.48 243.90
59.49 243.90
59.50 243.90
59.51 243.90
59.52 243.90
59.53 243.90
59.54 243.90
59.55 243.90
59.56 243.90
59.57 243.90
59.58 243.90
59.59 243.90
59.60 243.90
59.61 243.90
59.62 243.90
59.63 243.90
59.64 243.90
59.65 243.90
59.66 243.90
59.67 243.90
59.68 243.90
59.69 243.90
59.70 243.90
59.71 243.90
59.72 243.90
59.73 243.90
59.74 243.90
59.75 243.90
59.76 243.90
59.77 243.90
59.78 243.90
59.79 243.90
59.80 243.90
59.81 243.90
59.82 243.90
59.83 243.90
59.84 113.40
59.85 111.81
59.86 110.51
59.87 108.90
59.88 107.20
59.89 105.26
59.90 103.45
59.91 102.28
59.92 100.97
59.93 99.34
59.94 97.22
59.95 182.95
59.96 182.95
59.97 182.95
59.98 182.95
59.99 182.95
60.00 182.95
60.01 182.95
60.02 182.95
60.03 182.95
60.04 182.04
60.05 182.04
60.06 182.04
60.07 182.04
60.08 182.04
60.09 182.04
60.10 182.04
60.11 182.04
60.12 182.04
60.13 182.04
60.14 182.04
60.15 182.04
60.16 182.04
60.17 182.04
60.18 182.04
60.19 182.04
60.20 182.04
60.21 182.04
60.22 182.04
60.23 182.04
60.24 182.04
60.25 182.04
60.26 182.04
60.27 182.04
60.28 182.04
60.29 182.04
60.30 182.04
60.31 182.04
60.32 182.04
60.33 182.04
60.34 182.04
60.35 182.04
60.36 182.04
60.37 182.04
60.38 182.04
60.39 182.04
60.40 182.04
60.41 182.04
60.42 182.04
60.43 182.04
60.44 182.04
60.45 182.04
60.46 182.04
60.47 182.04
60.48 182.04
60.49 182.04
60.50 182.04
60.51 182.04
60.52 182.04
60.53 182.04
60.54 182.04
60.55 182.04
60.56 182.04
60.57 182.04
60.58 182.04
60.59 182.04
60.60 182.04
60.61 182.04
60.62 182.04
60.63 182.04
60.64 182.04
60.65 182.04
60.66 182.04
60.67 182.04
60.68 182.04
60.69 182.04
60.70 182.04
60.71 182.04
60.72 182.04
60.73 182.04
60.74 182.04
60.75 182.04
60.76 182.04
60.77 182.04
60.78 182.04
60.79 182.04
60.80 182.04
60.81 182.04
60.82 182.04
60.83 182.04
60.84 182.04
60.85 182.04
60.86 182.04
60.87 182.04
60.88 182.04
60.89 182.04
60.90 182.04
60.91 182.04
60.92 182.04
60.93 182.04
60.94 182.04
60.95 182.04
60.96 182.04
60.97 182.04
60.98 182.04
60.99 182.04
61.00 182.04
61.01 182.04
61.02 182.04
61.03 182.04
61.04 182.04
61.05 182.04
61.06 182.04
61.07 182.04
61.08 182.04
61.09 182.04
61.10 182.04
61.11 182.04
61.12 182.04
61.13 182.04
61.14 182.04
61.15 182.04
61.16 182.04
61.17 182.04
61.18 182.04
61.19 182.04
61.20 182.04
61.21 182.04
61.22 182.04
61.23 182.04
61.24 182.04
61.25 182.04
61.26 182.04
61.27 182.04
61.28 182.04
61.29 182.04
61.30 182.04
61.31 182.04
61.32 182.04
61.33 182.04
61.34 182.04
61.35 182.04
61.36 182.04
61.37 182.04
61.38 182.04
61.39 182.04
61.40 182.04
61.41 182.04
61.42 182.04
61.43 182.04
61.44 182.04
61.45 182.04
61.46 182.04
61.47 182.04
61.48 182.04
61.49 182.04
61.50 182.04
61.51 182.04
61.52 182.04
61.53 182.04
61.54 182.04
61.55 182.04
61.56 182.04
61.57 182.04
61.58 182.04
61.59 182.04
61.60 182.04
61.61 84.82
61.62 83.42
61.63 82.52
61.64 81.58
61.65 80.59
61.66 79.52
61.67 78.51
61.68 0.00
61.69 0.00
61.70 0.00
61.71 0.00
61.72 0.00
61.73 0.00
61.74 0.00
61.75 0.00
61.76 0.00
61.77 0.00
61.78 0.00
61.79 0.00
61.80 0.00
61.81 0.00
61.82 0.00
61.83 0.00
61.84 0.00
61.85 0.00
61.86 0.00
61.87 0.00
61.88 0.00
61.89 0.00
61.90 0.00
61.91 0.00
61.92 0.00
61.93 0.00
61.94 0.00
61.95 0.00
61.96 0.00
61.97 0.00
61.98 0.00
61.99 0.00
62.00 0.00
62.01 0.00
62.02 0.00
62.03 0.00
62.04 0.00
62.05 0.00
62.06 0.00
62.07 0.00
62.08 0.00
62.09 0.00
62.10 0.00
62.11 0.00
62.12 0.00
62.13 0.00
62.14 0.00
62.15 0.00
62.16 0.00
62.17 0.00
62.18 0.00
62.19 0.00
62.20 0.00
62.21 0.00
62.22 0.00
62.23 0.00
62.24 0.00
62.25 0.00
62.26 0.00
