0.0 0.0
0.01 0.0
0.02 0.0
0.03 0.0
0.04 0.0
0.05 0.0
0.06 0.0
0.07 0.0
0.08 0.0
0.09 0.0
0.1 0.0
0.11 0.0
0.12 0.0
0.13 0.0
0.14 0.0
0.15 0.0
0.16 0.0
0.17 0.0
0.18 0.0
0.19 0.0
0.2 0.0
0.21 0.0
0.22 0.0
0.23 0.0
0.24 0.0
0.25 0.0
0.26 0.0
0.27 0.0
0.28 0.0
0.29 0.0
0.3 0.0
0.31 0.0
0.32 0.0
0.33 0.0
0.34 0.0
0.35000000000000003 0.0
0.36 0.0
0.37 0.0
0.38 0.0
0.39 0.0
0.4 0.0
0.41000000000000003 0.0
0.42 0.0
0.43 0.0
0.44 0.0
0.45 0.0
0.46 0.0
0.47000000000000003 0.0
0.48 0.0
0.49 0.0
0.5 0.0
0.51 0.0
0.52 0.0
0.53 0.0
0.54 0.0
0.55 0.0
0.56 0.0
0.5700000000000001 0.0
0.58 0.0
0.59 0.0
0.6 0.0
0.61 0.0
0.62 0.0
0.63 0.0
0.64 0.0
0.65 0.0
0.66 0.0
0.67 0.0
0.68 0.0
0.6900000000000001 0.0
0.7000000000000001 0.0
0.71 0.0
0.72 0.0
0.73 0.0
0.74 0.0
0.75 0.0
0.76 0.0
0.77 0.0
0.78 0.0
0.79 0.0
0.8 0.0
0.81 0.0
0.8200000000000001 0.0
0.8300000000000001 0.0
0.84 0.0
0.85 0.0
0.86 0.0
0.87 0.0
0.88 0.0
0.89 0.0
0.9 0.0
0.91 0.0
0.92 0.0
0.93 0.0
0.9400000000000001 0.0
0.9500000000000001 0.0
0.96 0.0
0.97 0.0
0.98 0.0
0.99 0.0
1.0 0.0
1.01 0.0
1.02 0.0
1.03 0.0
1.04 0.0
1.05 0.0
1.06 0.0
1.07 0.0
1.08 0.0
1.09 0.0
1.1 0.0
1.11 0.0
1.12 0.0
1.1300000000000001 0.0
1.1400000000000001 0.0
1.1500000000000001 0.0
1.16 0.0
1.17 0.0
1.18 0.0
1.19 0.0
1.2 0.0
1.21 0.0
1.22 0.0
1.23 0.0
1.24 0.0
1.25 0.0
1.26 0.0
1.27 0.0
1.28 0.0
1.29 0.0
1.3 0.0
1.31 0.0
1.32 0.0
1.33 0.0
1.34 0.0
1.35 0.0
1.36 0.0
1.37 0.0
1.3800000000000001 0.0
1.3900000000000001 0.0
1.4000000000000001 0.0
1.41 0.0
1.42 0.0
1.43 0.0
1.44 0.0
1.45 0.0
1.46 0.0
1.47 0.0
1.48 0.0
1.49 0.0
1.5 0.0
1.51 0.0
1.52 0.0
1.53 0.0
1.54 0.0
1.55 0.0
1.56 0.0
1.57 0.0
1.58 0.0
1.59 0.0
1.6 0.0
1.61 0.0
1.62 0.0
1.6300000000000001 0.0
1.6400000000000001 0.0
1.6500000000000001 0.0
1.6600000000000001 0.0
1.67 0.0
1.68 0.0
1.69 0.0
1.7 0.0
1.71 0.0
1.72 0.0
1.73 0.0
1.74 0.0
1.75 0.0
1.76 0.0
1.77 0.0
1.78 0.0
1.79 0.0
1.8 0.0
1.81 0.0
1.82 0.0
1.83 0.0
1.84 0.0
1.85 0.0
1.86 0.0
1.87 0.0
1.8800000000000001 0.0
1.8900000000000001 0.0
1.9000000000000001 0.0
1.9100000000000001 0.0
1.92 0.0
1.93 0.0
1.94 0.0
1.95 0.0
1.96 0.0
1.97 0.0
1.98 0.0
1.99 0.0
2.0 0.0
2.0100000000000002 0.0
2.02 0.0
2.0300000000000002 0.0
2.04 0.0
2.05 0.0
2.06 0.0
2.07 0.0
2.08 0.0
2.09 0.0
2.1 0.0
2.11 0.0
2.12 0.0
2.13 0.0
2.14 0.0
2.15 0.0
2.16 0.0
2.17 0.0
2.18 0.0
2.19 0.0
2.2 0.0
2.21 0.0
2.22 0.0
2.23 0.0
2.24 0.0
2.25 0.0
2.2600000000000002 0.0
2.27 0.0
2.2800000000000002 0.0
2.29 0.0
2.3000000000000003 0.0
2.31 0.0
2.32 0.0
2.33 0.0
2.34 0.0
2.35 0.0
2.36 0.0
2.37 0.0
2.38 0.0
2.39 0.0
2.4 0.0
2.41 0.0
2.42 0.0
2.43 0.0
2.44 0.0
2.45 0.0
2.46 0.0
2.47 0.0
2.48 0.0
2.49 0.0
2.5 0.0
2.5100000000000002 0.0
2.52 0.0
2.5300000000000002 0.0
2.54 0.0
2.5500000000000003 0.0
2.56 0.0
2.57 0.0
2.58 0.0
2.59 0.0
2.6 0.0
2.61 0.0
2.62 0.0
2.63 0.0
2.64 0.0
2.65 0.0
2.66 0.0
2.67 0.0
2.68 0.0
2.69 0.0
2.7 0.0
2.71 0.0
2.72 0.0
2.73 0.0
2.74 0.0
2.75 0.0
2.7600000000000002 0.0
2.77 0.0
2.7800000000000002 0.0
2.79 0.0
2.8000000000000003 0.0
2.81 0.0
2.82 0.0
2.83 0.0
2.84 0.0
2.85 0.0
2.86 0.0
2.87 0.0
2.88 0.0
2.89 0.0
2.9 0.0
2.91 0.0
2.92 0.0
2.93 0.0
2.94 0.0
2.95 0.0
2.96 0.0
2.97 0.0
2.98 0.0
2.99 0.0
3.0 0.0
3.0100000000000002 0.0
3.02 0.0
3.0300000000000002 0.0
3.04 0.0
3.0500000000000003 0.0
3.06 0.0
3.0700000000000003 0.0
3.08 0.0
3.09 0.0
3.1 0.0
3.11 0.0
3.12 0.0
3.13 0.0
3.14 0.0
3.15 0.0
3.16 0.0
3.17 0.0
3.18 0.0
3.19 0.0
3.2 0.0
3.21 0.0
3.22 0.0
3.23 0.0
3.24 0.0
3.25 0.0
3.2600000000000002 0.0
3.27 0.0
3.2800000000000002 0.0
3.29 0.0
3.3000000000000003 0.0
3.31 0.0
3.3200000000000003 0.0
3.33 0.0
3.34 0.0
3.35 0.0
3.36 0.0
3.37 0.0
3.38 0.0
3.39 0.0
3.4 0.0
3.41 0.0
3.42 0.0
3.43 0.0
3.44 0.0
3.45 0.0
3.46 0.0
3.47 0.0
3.48 0.0
3.49 0.0
3.5 0.0
3.5100000000000002 0.0
3.52 0.0
3.5300000000000002 0.0
3.54 0.0
3.5500000000000003 0.0
3.56 0.0
3.5700000000000003 0.0
3.58 0.0
3.59 0.0
3.6 0.0
3.61 0.0
3.62 0.0
3.63 0.0
3.64 0.0
3.65 0.0
3.66 0.0
3.67 0.0
3.68 0.0
3.69 0.0
3.7 0.0
3.71 0.0
3.72 0.0
3.73 0.0
3.74 0.0
3.75 0.0
3.7600000000000002 0.0
3.77 0.0
3.7800000000000002 0.0
3.79 0.0
3.8000000000000003 0.0
3.81 0.0
3.8200000000000003 0.0
3.83 0.0
3.84 0.0
3.85 0.0
3.86 0.0
3.87 0.0
3.88 0.0
3.89 0.0
3.9 0.0
3.91 0.0
3.92 0.0
3.93 0.0
3.94 0.0
3.95 0.0
3.96 0.0
3.97 0.0
3.98 0.0
3.99 0.0
4.0 0.0
4.01 0.0
4.0200000000000005 0.0
4.03 0.0
4.04 0.0
4.05 0.0
4.0600000000000005 0.0
4.07 0.0
4.08 0.0
4.09 0.0
4.1 0.0
4.11 0.0
4.12 0.0
4.13 0.0
4.14 0.0
4.15 0.0
4.16 0.0
4.17 0.0
4.18 0.0
4.19 0.0
4.2 0.0
4.21 0.0
4.22 0.0
4.23 0.0
4.24 0.0
4.25 0.0
4.26 0.0
4.2700000000000005 0.0
4.28 0.0
4.29 0.0
4.3 0.0
4.3100000000000005 0.0
4.32 0.0
4.33 0.0
4.34 0.0
4.3500000000000005 0.0
4.36 0.0
4.37 0.0
4.38 0.0
4.39 0.0
4.4 0.0
4.41 0.0
4.42 0.0
4.43 0.0
4.44 0.0
4.45 0.0
4.46 0.0
4.47 0.0
4.48 0.0
4.49 0.0
4.5 0.0
4.51 0.0
4.5200000000000005 0.0
4.53 0.0
4.54 0.0
4.55 0.0
4.5600000000000005 0.0
4.57 0.0
4.58 0.0
4.59 0.0
4.6000000000000005 0.0
4.61 0.0
4.62 0.0
4.63 0.0
4.64 0.0
4.65 0.0
4.66 0.0
4.67 0.0
4.68 0.0
4.69 0.0
4.7 0.0
4.71 0.0
4.72 0.0
4.73 0.0
4.74 0.0
4.75 0.0
4.76 0.0
4.7700000000000005 0.0
4.78 0.0
4.79 0.0
4.8 0.0
4.8100000000000005 0.0
4.82 0.0
4.83 0.0
4.84 0.0
4.8500000000000005 0.0
4.86 0.0
4.87 0.0
4.88 0.0
4.89 0.0
4.9 0.0
4.91 0.0
4.92 0.0
4.93 0.0
4.94 0.0
4.95 0.0
4.96 0.0
4.97 0.0
4.98 0.0
4.99 0.0
5.0 0.0
5.01 0.0
5.0200000000000005 0.0
5.03 0.0
5.04 0.0
5.05 0.0
5.0600000000000005 0.0
5.07 0.0
5.08 0.0
5.09 0.0
5.1000000000000005 0.0
5.11 0.0
5.12 0.0
5.13 0.0
5.14 0.0
5.15 0.0
5.16 0.0
5.17 0.0
5.18 0.0
5.19 0.0
5.2 0.0
5.21 0.0
5.22 0.0
5.23 0.0
5.24 0.0
5.25 0.0
5.26 0.0
5.2700000000000005 0.0
5.28 0.0
5.29 0.0
5.3 0.0
5.3100000000000005 0.0
5.32 0.0
5.33 0.0
5.34 0.0
5.3500000000000005 0.0
5.36 0.0
5.37 0.0
5.38 0.0
5.39 0.0
5.4 0.0
5.41 0.0
5.42 0.0
5.43 0.0
5.44 0.0
5.45 0.0
5.46 0.0
5.47 0.0
5.48 0.0
5.49 0.0
5.5 0.0
5.51 0.0
5.5200000000000005 0.0
5.53 0.0
5.54 0.0
5.55 0.0
5.5600000000000005 0.0
5.57 0.0
5.58 0.0
5.59 0.0
5.6000000000000005 0.0
5.61 0.0
5.62 0.0
5.63 0.0
5.64 0.0
5.65 0.0
5.66 0.0
5.67 0.0
5.68 0.0
5.69 0.0
5.7 4.557128221991213e-11
5.71 256.5435120304844
5.72 255.822775533171
5.73 255.67419274570665
5.74 257.4693043728239
5.75 259.67291903916595
5.76 263.67443361762633
5.7700000000000005 266.5010278448651
5.78 266.8120767231573
5.79 265.41646700810634
5.8 262.842389440727
5.8100000000000005 260.5180372821018
5.82 259.2532047944378
5.83 260.3252502699746
5.84 263.0373173733939
5.8500000000000005 265.38676091815023
5.86 266.79143605197333
5.87 267.57086173644785
5.88 267.2206969941496
5.89 265.3240158023057
5.9 264.0135817672434
5.91 264.2034019622276
5.92 265.9554389228395
5.93 268.48149731865715
5.94 269.2326757555234
5.95 268.66092274958436
5.96 266.7747088023515
5.97 264.5800889919547
5.98 263.0898448697719
5.99 261.9825346361078
6.0 261.6412294660644
6.01 262.2556394983887
6.0200000000000005 263.58064962799415
6.03 265.2100704342834
6.04 265.83353760928503
6.05 265.2596351798603
6.0600000000000005 264.84753202281394
6.07 264.98291581524563
6.08 265.42273725112284
6.09 265.9471519828629
6.1000000000000005 266.1577138308596
6.11 265.6047648554983
6.12 264.7982498452588
6.13 264.15060920875794
6.140000000000001 264.4822645199058
6.15 265.96802200908485
6.16 267.39493464574883
6.17 268.3532805158802
6.18 268.3580145904897
6.19 267.4513022889004
6.2 266.4823940984431
6.21 266.457130301671
6.22 267.3666249320169
6.23 268.44455232859275
6.24 269.7769268556324
6.25 270.142207333036
6.26 269.05978605285605
6.2700000000000005 267.5261870147005
6.28 267.2720252418975
6.29 267.99927356679984
6.3 269.18564603240344
6.3100000000000005 270.24203454394416
6.32 270.3903001740821
6.33 270.20114456090323
6.34 269.70862918728506
6.3500000000000005 268.4967897121357
6.36 267.0728242325026
6.37 266.37201195116523
6.38 265.99746174929845
6.390000000000001 266.07736280151147
6.4 266.3662966412544
6.41 266.46560323527734
6.42 266.27450674322296
6.43 266.29715235817025
6.44 266.1548443202411
6.45 265.69118050325164
6.46 265.8356911924606
6.47 267.0757064408996
6.48 268.1664396812404
6.49 268.27392161241295
6.5 267.58694033423546
6.51 266.46818579617326
6.5200000000000005 265.3372670565216
6.53 264.1852669107682
6.54 263.2371636123558
6.55 262.7809961574669
6.5600000000000005 263.0060453532962
6.57 264.2209216019833
6.58 265.5054337407355
6.59 266.35648565246817
6.6000000000000005 266.42384431775565
6.61 265.9699406322825
6.62 265.2325706705848
6.63 264.24273629904036
6.640000000000001 263.8225109445748
6.65 264.5937155337914
6.66 266.49766382245224
6.67 268.907358760475
6.68 270.74722998735047
6.69 271.2223344881468
6.7 270.48988899422
6.71 268.5918925995654
6.72 266.4511583736758
6.73 265.111403087891
6.74 264.8586879887818
6.75 265.0012444208905
6.76 264.8884529213536
6.7700000000000005 264.5437921372058
6.78 264.4441970579783
6.79 264.65846646458726
6.8 265.1992515326366
6.8100000000000005 265.8695629599176
6.82 266.51217550316
6.83 266.7462904609729
6.84 266.4360441284708
6.8500000000000005 265.6943395575156
6.86 265.0272409189497
6.87 265.0780275942063
6.88 266.5409343172421
6.890000000000001 269.0303572596078
6.9 271.2993595107665
6.91 271.8211693822393
6.92 270.84039715519907
6.93 268.6855207908358
6.94 266.32876478587866
6.95 264.5530093563106
6.96 264.43959087607215
6.97 265.7133941073126
6.98 266.76147155748686
6.99 267.08558452674407
7.0 267.0768687551984
7.01 266.7553264346681
7.0200000000000005 266.13841596641146
7.03 265.16466016122
7.04 264.5100990796485
7.05 264.81450313330265
7.0600000000000005 265.61557216411705
7.07 266.5933959984481
7.08 267.9034457253988
7.09 268.5294302937663
7.1000000000000005 267.7217752512478
7.11 265.9389669572066
7.12 264.11379846525125
7.13 263.27257233633776
7.140000000000001 263.4909132410067
7.15 264.1062819050038
7.16 264.8128711498127
7.17 265.42059694563727
7.18 265.83664633143593
7.19 266.2989174699563
7.2 266.2667182221228
7.21 265.40572726022714
7.22 264.4421230934483
7.23 264.40595390531433
7.24 264.5799652010194
7.25 264.21434193317737
7.26 264.12216268429097
7.2700000000000005 264.72738422799705
7.28 263.82315690803995
7.29 261.1049110906858
7.3 258.864989638437
7.3100000000000005 257.29867777428694
7.32 256.90741702291086
7.33 256.03646396249155
7.34 256.12904098555504
7.3500000000000005 257.9881365587284
7.36 261.70190968552527
7.37 264.0952324353167
7.38 264.72593975012035
7.390000000000001 265.00980024578325
7.4 265.66793110010553
7.41 266.18572362060974
7.42 266.268396256507
7.43 266.1189729933927
7.44 265.53592267683257
7.45 264.8138950595974
7.46 264.78811206551137
7.47 264.8698982746967
7.48 264.7644545389834
7.49 265.50149571433235
7.5 267.26185916000503
7.51 268.9770950767668
7.5200000000000005 269.6366583227826
7.53 269.18682499972317
7.54 267.81117366308894
7.55 266.31143189761076
7.5600000000000005 265.1157773710894
7.57 264.72112394661656
7.58 264.6336644173001
7.59 264.21784503611195
7.6000000000000005 263.6314044230595
7.61 262.64723560584025
7.62 262.0343013906909
7.63 262.07406826663134
7.640000000000001 263.28830707479506
7.65 264.4582921656492
7.66 265.57497358859274
7.67 265.8819580782918
7.68 265.7434146294741
7.69 265.3120774621537
7.7 265.4857828906594
7.71 266.1170002949668
7.72 266.50413491204915
7.73 266.4282384099726
7.74 266.12355807866356
7.75 265.67095310588417
7.76 264.8527548854078
7.7700000000000005 263.454370127028
7.78 262.60725925244213
7.79 262.36613694823416
7.8 262.8938373553163
7.8100000000000005 263.4769743965485
7.82 264.11361667874144
7.83 264.5714572668355
7.84 265.279684137128
7.8500000000000005 265.9426088921512
7.86 266.1363867765148
7.87 266.3783014959179
7.88 266.5733769424765
7.890000000000001 266.71113402533814
7.9 266.0534888133843
7.91 264.79623467526443
7.92 264.38077817233653
7.930000000000001 264.55335278162266
7.94 264.6910182484587
7.95 264.0524648250215
7.96 263.6355552973671
7.97 263.7795700777367
7.98 264.17468239579324
7.99 265.09702934787794
8.0 266.35969643805686
8.01 267.5448026817715
8.02 267.927435407372
8.03 266.481752902781
8.040000000000001 264.47211290939
8.05 262.741397239079
8.06 261.7851891214255
8.07 262.20375525551077
8.08 262.79409616474845
8.09 262.85654537749264
8.1 262.3174283189207
8.11 261.72072395921896
8.120000000000001 261.8622124719488
8.13 262.62143934088886
8.14 263.34578821968364
8.15 263.9692501616415
8.16 264.7649262721297
8.17 265.88006528229187
8.18 266.515092922965
8.19 266.95382324497956
8.2 267.5002701676815
8.21 268.1885041914342
8.22 268.7666118821368
8.23 269.13411713966804
8.24 269.61349591348363
8.25 269.5126810619039
8.26 268.24699640516593
8.27 266.6404418421376
8.28 265.43756128478293
8.290000000000001 264.73830118606674
8.3 264.4080485095067
8.31 264.18673153379405
8.32 264.1494482450587
8.33 264.57237751231423
8.34 265.195338221391
8.35 265.5008055028314
8.36 265.6659622352384
8.370000000000001 266.14706536404327
8.38 266.56228462042367
8.39 266.6426494803685
8.4 266.7657757463063
8.41 267.1543419488406
8.42 267.08405106135893
8.43 266.3900636715064
8.44 265.71733563585934
8.45 265.07981405263405
8.46 264.63636583098145
8.47 264.27317096747646
8.48 264.24890565994303
8.49 264.20853050981043
8.5 264.7156483921816
8.51 265.3200044329684
8.52 265.61144864858437
8.53 265.9308946735105
8.540000000000001 266.43395748975996
8.55 266.44951704686747
8.56 265.74287127503715
8.57 264.3576930122637
8.58 263.428346645149
8.59 263.55986029306763
8.6 264.53106100347725
8.61 265.517230653072
8.620000000000001 266.1151844155173
8.63 266.6515446763144
8.64 267.2670075942831
8.65 267.32297769844473
8.66 267.02291834319516
8.67 266.62056309533943
8.68 265.9272172053713
8.69 265.6026782064691
8.700000000000001 266.0205911207202
8.71 266.2889487575281
8.72 266.52354433923335
8.73 266.76151025492396
8.74 266.9513330591718
8.75 267.1582164243567
8.76 266.8017233527514
8.77 266.62946453283456
8.78 267.11145599882957
8.790000000000001 267.57490653644425
8.8 267.009791983292
8.81 265.5736503303996
8.82 263.92631744110076
8.83 262.58317613191355
8.84 261.7183210478469
8.85 260.689035276615
8.86 259.59205446669176
8.870000000000001 258.81761269897794
8.88 258.5892998904331
8.89 0.0
8.9 0.0
8.91 0.0
8.92 0.0
8.93 0.0
8.94 0.0
8.950000000000001 0.0
8.96 0.0
8.97 0.0
8.98 0.0
8.99 0.0
9.0 0.0
9.01 0.0
9.02 0.0
9.03 0.0
9.040000000000001 0.0
9.05 0.0
9.06 0.0
9.07 0.0
9.08 0.0
9.09 0.0
9.1 0.0
9.11 0.0
9.120000000000001 0.0
9.13 0.0
9.14 0.0
9.15 0.0
9.16 0.0
9.17 0.0
9.18 0.0
9.19 0.0
9.200000000000001 0.0
9.21 0.0
9.22 0.0
9.23 0.0
9.24 0.0
9.25 0.0
9.26 0.0
9.27 0.0
9.28 0.0
9.290000000000001 0.0
9.3 0.0
9.31 0.0
9.32 0.0
9.33 0.0
9.34 0.0
9.35 0.0
9.36 0.0
9.370000000000001 0.0
9.38 0.0
9.39 0.0
9.4 0.0
9.41 0.0
9.42 0.0
9.43 0.0
9.44 0.0
9.450000000000001 0.0
9.46 0.0
9.47 0.0
9.48 0.0
9.49 0.0
9.5 0.0
9.51 0.0
9.52 0.0
9.53 0.0
9.540000000000001 0.0
9.55 0.0
9.56 0.0
9.57 0.0
9.58 0.0
9.59 0.0
9.6 0.0
9.61 0.0
9.620000000000001 0.0
9.63 0.0
9.64 0.0
9.65 0.0
9.66 0.0
9.67 0.0
9.68 0.0
9.69 0.0
9.700000000000001 0.0
9.71 0.0
9.72 0.0
9.73 0.0
9.74 0.0
9.75 0.0
9.76 0.0
9.77 0.0
9.78 0.0
9.790000000000001 0.0
9.8 0.0
9.81 0.0
9.82 0.0
9.83 0.0
9.84 0.0
9.85 0.0
9.86 0.0
9.870000000000001 0.0
9.88 0.0
9.89 0.0
9.9 0.0
9.91 0.0
9.92 0.0
9.93 0.0
9.94 0.0
9.950000000000001 0.0
9.96 0.0
9.97 0.0
9.98 0.0
9.99 0.0
10.0 0.0
10.01 0.0
10.02 0.0
10.03 0.0
10.040000000000001 0.0
10.05 0.0
10.06 0.0
10.07 0.0
10.08 0.0
10.09 0.0
10.1 0.0
10.11 0.0
10.120000000000001 0.0
10.13 0.0
10.14 0.0
10.15 0.0
10.16 0.0
10.17 0.0
10.18 0.0
10.19 0.0
10.200000000000001 0.0
10.21 0.0
10.22 0.0
10.23 0.0
10.24 0.0
10.25 0.0
10.26 0.0
10.27 0.0
10.28 0.0
10.290000000000001 0.0
10.3 0.0
10.31 0.0
10.32 0.0
10.33 0.0
10.34 0.0
10.35 0.0
10.36 0.0
10.370000000000001 0.0
10.38 0.0
10.39 0.0
10.4 0.0
10.41 0.0
10.42 0.0
10.43 0.0
10.44 0.0
10.450000000000001 0.0
10.46 0.0
10.47 0.0
10.48 0.0
10.49 0.0
10.5 0.0
10.51 0.0
10.52 0.0
10.53 0.0
10.540000000000001 0.0
10.55 0.0
10.56 0.0
10.57 0.0
10.58 0.0
10.59 0.0
10.6 0.0
10.61 0.0
10.620000000000001 0.0
10.63 0.0
10.64 0.0
10.65 0.0
10.66 0.0
10.67 0.0
10.68 0.0
10.69 0.0
10.700000000000001 0.0
10.71 0.0
10.72 0.0
10.73 0.0
10.74 0.0
10.75 0.0
10.76 0.0
10.77 0.0
10.78 0.0
10.790000000000001 0.0
10.8 0.0
10.81 0.0
10.82 0.0
10.83 0.0
10.84 0.0
10.85 0.0
10.86 0.0
10.870000000000001 0.0
10.88 0.0
10.89 0.0
10.9 0.0
10.91 0.0
10.92 0.0
10.93 0.0
10.94 0.0
10.950000000000001 0.0
10.96 0.0
10.97 0.0
10.98 0.0
10.99 0.0
11.0 0.0
11.01 0.0
11.02 0.0
11.03 0.0
11.040000000000001 0.0
11.05 0.0
11.06 0.0
11.07 0.0
11.08 0.0
11.09 0.0
11.1 0.0
11.11 0.0
11.120000000000001 0.0
11.13 0.0
11.14 0.0
11.15 0.0
11.16 0.0
11.17 0.0
11.18 0.0
11.19 0.0
11.200000000000001 0.0
11.21 0.0
11.22 0.0
11.23 0.0
11.24 0.0
11.25 0.0
11.26 0.0
11.27 0.0
11.28 0.0
11.290000000000001 0.0
11.3 0.0
11.31 0.0
11.32 0.0
11.33 0.0
11.34 0.0
11.35 0.0
11.36 0.0
11.370000000000001 0.0
11.38 0.0
11.39 0.0
11.4 0.0
11.41 0.0
11.42 0.0
11.43 0.0
11.44 0.0
11.450000000000001 0.0
11.46 0.0
11.47 0.0
11.48 0.0
11.49 0.0
11.5 0.0
11.51 0.0
11.52 0.0
11.53 0.0
11.540000000000001 0.0
11.55 0.0
11.56 0.0
11.57 0.0
11.58 0.0
11.59 0.0
11.6 0.0
11.61 0.0
11.620000000000001 0.0
11.63 0.0
11.64 0.0
11.65 0.0
11.66 0.0
11.67 0.0
11.68 0.0
11.69 0.0
11.700000000000001 0.0
11.71 0.0
11.72 0.0
11.73 0.0
11.74 0.0
11.75 0.0
11.76 0.0
11.77 0.0
11.78 0.0
11.790000000000001 0.0
11.8 0.0
11.81 0.0
11.82 0.0
11.83 0.0
11.84 0.0
11.85 0.0
11.86 0.0
11.870000000000001 0.0
11.88 0.0
11.89 0.0
11.9 0.0
11.91 0.0
11.92 0.0
11.93 0.0
11.94 0.0
11.950000000000001 0.0
11.96 0.0
11.97 0.0
11.98 0.0
11.99 0.0
12.0 0.0
12.01 0.0
12.02 0.0
12.030000000000001 0.0
12.040000000000001 0.0
12.05 0.0
12.06 0.0
12.07 0.0
12.08 0.0
12.09 0.0
12.1 0.0
12.11 0.0
12.120000000000001 0.0
12.13 0.0
12.14 0.0
12.15 0.0
12.16 0.0
12.17 0.0
12.18 0.0
12.19 0.0
12.200000000000001 0.0
12.21 0.0
12.22 0.0
12.23 0.0
12.24 0.0
12.25 0.0
12.26 0.0
12.27 0.0
12.280000000000001 0.0
12.290000000000001 0.0
12.3 0.0
12.31 0.0
12.32 0.0
12.33 0.0
12.34 0.0
12.35 0.0
12.36 0.0
12.370000000000001 0.0
12.38 0.0
12.39 0.0
12.4 0.0
12.41 0.0
12.42 0.0
12.43 0.0
12.44 0.0
12.450000000000001 0.0
12.46 0.0
12.47 0.0
12.48 0.0
12.49 0.0
12.5 0.0
12.51 0.0
12.52 0.0
12.530000000000001 0.0
12.540000000000001 0.0
12.55 0.0
12.56 0.0
12.57 0.0
12.58 0.0
12.59 0.0
12.6 0.0
12.61 0.0
12.620000000000001 0.0
12.63 0.0
12.64 0.0
12.65 0.0
12.66 0.0
12.67 0.0
12.68 0.0
12.69 0.0
12.700000000000001 0.0
12.71 0.0
12.72 0.0
12.73 0.0
12.74 0.0
12.75 0.0
12.76 0.0
12.77 0.0
12.780000000000001 0.0
12.790000000000001 0.0
12.8 0.0
12.81 0.0
12.82 0.0
12.83 0.0
12.84 0.0
12.85 0.0
12.86 0.0
12.870000000000001 0.0
12.88 0.0
12.89 0.0
12.9 0.0
12.91 0.0
12.92 0.0
12.93 0.0
12.94 0.0
12.950000000000001 0.0
12.96 0.0
12.97 0.0
12.98 0.0
12.99 0.0
13.0 0.0
13.01 0.0
13.02 0.0
13.030000000000001 0.0
13.040000000000001 0.0
13.05 0.0
13.06 0.0
13.07 0.0
13.08 0.0
13.09 0.0
13.1 0.0
13.11 0.0
13.120000000000001 0.0
13.13 0.0
13.14 0.0
13.15 0.0
13.16 0.0
13.17 0.0
13.18 0.0
13.19 0.0
13.200000000000001 0.0
13.21 0.0
13.22 0.0
13.23 0.0
13.24 0.0
13.25 0.0
13.26 0.0
13.27 0.0
13.280000000000001 0.0
13.290000000000001 0.0
13.3 0.0
13.31 0.0
13.32 0.0
13.33 0.0
13.34 4.0541133654084485e-11
13.35 228.22629302213585
13.36 229.73403698321428
13.370000000000001 231.9044030308966
13.38 232.81549480487445
13.39 233.33908275751006
13.4 233.8970225975152
13.41 234.80669312150533
13.42 235.8968632806834
13.43 235.7612115973992
13.44 236.34584508365123
13.450000000000001 236.78707278213733
13.46 238.60193877263958
13.47 239.1098841371041
13.48 239.6269692277508
13.49 238.80315108061183
13.5 238.00822509599453
13.51 237.8856520122921
13.52 238.19498185385314
13.530000000000001 240.1191921721548
13.540000000000001 241.2138924313109
13.55 243.1886184336151
13.56 243.6840928924693
13.57 243.1524890528901
13.58 242.48266948990693
13.59 241.56647280660908
13.6 240.39113583979204
13.61 239.71261725722243
13.620000000000001 239.3569377636858
13.63 239.4690749775507
13.64 240.15596767770228
13.65 240.87054534433943
13.66 241.97079525254708
13.67 243.52200476543715
13.68 244.58162113353322
13.69 244.77573057428583
13.700000000000001 243.78561887693903
13.71 243.22895832332063
13.72 242.78614478977843
13.73 242.80980925243537
13.74 243.52259709655675
13.75 243.18788142478076
13.76 243.2885658361885
13.77 243.42764521312537
13.780000000000001 242.37335965917129
13.790000000000001 241.9124776356364
13.8 242.92524872517066
13.81 243.85171334717876
13.82 244.76618008230167
13.83 246.3431075371366
13.84 246.90870310663433
13.85 247.07660486314032
13.86 123.11146797475398
13.870000000000001 122.79587101948997
13.88 0.0
13.89 0.0
13.9 0.0
13.91 0.0
13.92 0.0
13.93 0.0
13.94 0.0
13.950000000000001 0.0
13.96 0.0
13.97 0.0
13.98 0.0
13.99 0.0
14.0 0.0
14.01 0.0
14.02 0.0
14.030000000000001 0.0
14.040000000000001 0.0
14.05 0.0
14.06 0.0
14.07 0.0
14.08 0.0
14.09 0.0
14.1 0.0
14.11 0.0
14.120000000000001 0.0
14.13 0.0
14.14 0.0
14.15 0.0
14.16 0.0
14.17 0.0
14.18 0.0
14.19 0.0
14.200000000000001 0.0
14.21 0.0
14.22 0.0
14.23 0.0
14.24 0.0
14.25 0.0
14.26 0.0
14.27 0.0
14.280000000000001 0.0
14.290000000000001 0.0
14.3 0.0
14.31 0.0
14.32 0.0
14.33 0.0
14.34 0.0
14.35 0.0
14.36 0.0
14.370000000000001 0.0
14.38 0.0
14.39 0.0
14.4 0.0
14.41 0.0
14.42 0.0
14.43 0.0
14.44 0.0
14.450000000000001 0.0
14.46 0.0
14.47 0.0
14.48 0.0
14.49 0.0
14.5 0.0
14.51 0.0
14.52 0.0
14.530000000000001 0.0
14.540000000000001 0.0
14.55 0.0
14.56 0.0
14.57 0.0
14.58 0.0
14.59 0.0
14.6 0.0
14.61 0.0
14.620000000000001 0.0
14.63 0.0
14.64 0.0
14.65 0.0
14.66 0.0
14.67 0.0
14.68 0.0
14.69 0.0
14.700000000000001 0.0
14.71 0.0
14.72 0.0
14.73 0.0
14.74 0.0
14.75 0.0
14.76 0.0
14.77 0.0
14.780000000000001 0.0
14.790000000000001 0.0
14.8 0.0
14.81 0.0
14.82 0.0
14.83 0.0
14.84 0.0
14.85 0.0
14.86 0.0
14.870000000000001 0.0
14.88 0.0
14.89 0.0
14.9 0.0
14.91 0.0
14.92 0.0
14.93 0.0
14.94 0.0
14.950000000000001 0.0
14.96 0.0
14.97 0.0
14.98 0.0
14.99 0.0
15.0 0.0
15.01 0.0
15.02 0.0
15.030000000000001 0.0
15.040000000000001 0.0
15.05 0.0
15.06 0.0
15.07 0.0
15.08 0.0
15.09 0.0
15.1 0.0
15.11 0.0
15.120000000000001 0.0
15.13 0.0
15.14 0.0
15.15 0.0
15.16 0.0
15.17 0.0
15.18 0.0
15.19 0.0
15.200000000000001 0.0
15.21 0.0
15.22 0.0
15.23 0.0
15.24 0.0
15.25 0.0
15.26 0.0
15.27 0.0
15.280000000000001 0.0
15.290000000000001 0.0
15.3 0.0
15.31 0.0
15.32 0.0
15.33 0.0
15.34 0.0
15.35 0.0
15.36 0.0
15.370000000000001 0.0
15.38 0.0
15.39 0.0
15.4 0.0
15.41 0.0
15.42 0.0
15.43 0.0
15.44 0.0
15.450000000000001 0.0
15.46 0.0
15.47 0.0
15.48 0.0
15.49 0.0
15.5 0.0
15.51 0.0
15.52 0.0
15.530000000000001 0.0
15.540000000000001 0.0
15.55 0.0
15.56 0.0
15.57 0.0
15.58 0.0
15.59 0.0
15.6 0.0
15.610000000000001 0.0
15.620000000000001 0.0
15.63 0.0
15.64 0.0
15.65 0.0
15.66 0.0
15.67 0.0
15.68 0.0
15.69 0.0
15.700000000000001 0.0
15.71 0.0
15.72 0.0
15.73 0.0
15.74 0.0
15.75 0.0
15.76 0.0
15.77 0.0
15.780000000000001 0.0
15.790000000000001 0.0
15.8 0.0
15.81 0.0
15.82 0.0
15.83 0.0
15.84 0.0
15.85 0.0
15.860000000000001 0.0
15.870000000000001 0.0
15.88 0.0
15.89 0.0
15.9 0.0
15.91 0.0
15.92 0.0
15.93 0.0
15.94 0.0
15.950000000000001 0.0
15.96 0.0
15.97 0.0
15.98 0.0
15.99 0.0
16.0 0.0
16.01 0.0
16.02 0.0
16.03 0.0
16.04 0.0
16.05 0.0
16.06 0.0
16.07 0.0
16.080000000000002 0.0
16.09 0.0
16.1 0.0
16.11 0.0
16.12 0.0
16.13 0.0
16.14 0.0
16.15 0.0
16.16 0.0
16.17 0.0
16.18 0.0
16.19 0.0
16.2 0.0
16.21 0.0
16.22 0.0
16.23 0.0
16.240000000000002 0.0
16.25 0.0
16.26 0.0
16.27 0.0
16.28 0.0
16.29 0.0
16.3 0.0
16.31 0.0
16.32 0.0
16.330000000000002 0.0
16.34 0.0
16.35 0.0
16.36 0.0
16.37 0.0
16.38 0.0
16.39 0.0
16.4 0.0
16.41 0.0
16.42 0.0
16.43 0.0
16.44 0.0
16.45 0.0
16.46 0.0
16.47 0.0
16.48 0.0
16.490000000000002 0.0
16.5 0.0
16.51 0.0
16.52 0.0
16.53 0.0
16.54 0.0
16.55 0.0
16.56 0.0
16.57 0.0
16.580000000000002 0.0
16.59 0.0
16.6 0.0
16.61 0.0
16.62 0.0
16.63 0.0
16.64 0.0
16.65 0.0
16.66 0.0
16.67 0.0
16.68 0.0
16.69 0.0
16.7 0.0
16.71 0.0
16.72 0.0
16.73 0.0
16.740000000000002 0.0
16.75 0.0
16.76 0.0
16.77 0.0
16.78 0.0
16.79 0.0
16.8 8.627684620629669e-11
16.81 242.8477327658169
16.82 251.6848301571801
16.830000000000002 255.0203129467744
16.84 255.54591347992795
16.85 254.875369167344
16.86 254.49899976858276
16.87 254.64339480837106
16.88 254.95221557780445
16.89 255.81600867211975
16.9 258.3229697373896
16.91 261.03831213827044
16.92 263.44513840409405
16.93 265.68392812710704
16.94 268.6075971683854
16.95 270.4864791769793
16.96 270.83389994080534
16.97 269.84207396829424
16.98 267.9813980727069
16.990000000000002 265.6785048010791
17.0 263.86451045007954
17.01 263.6088413684118
17.02 264.0812249036613
17.03 263.365442816996
17.04 262.54176726267787
17.05 262.16354482759346
17.06 262.66197751295437
17.07 262.93634367127623
17.080000000000002 263.5223710992289
17.09 264.6483113605679
17.1 266.69518729808885
17.11 269.0378382078594
17.12 271.17012456405325
17.13 272.2613209040383
17.14 272.03057535517996
17.150000000000002 270.87622922602344
17.16 269.64633837358826
17.17 269.0089444918189
17.18 268.63082615950566
17.19 268.4375790367401
17.2 268.61540121403203
17.21 268.85245186867644
17.22 268.946485703777
17.23 269.30054784167976
17.240000000000002 269.87025931959613
17.25 270.7536742360457
17.26 271.65633276158
17.27 272.35435138440613
17.28 272.85329091722906
17.29 273.1767108366593
17.3 273.3464731178776
17.31 273.0309919062672
17.32 272.6985913098035
17.330000000000002 272.5358640977073
17.34 272.0859973755552
17.35 271.1986626780414
17.36 0.0
17.37 0.0
17.38 0.0
17.39 0.0
17.400000000000002 0.0
17.41 0.0
17.42 0.0
17.43 0.0
17.44 0.0
17.45 0.0
17.46 0.0
17.47 0.0
17.48 0.0
17.490000000000002 0.0
17.5 0.0
17.51 0.0
17.52 0.0
17.53 0.0
17.54 0.0
17.55 0.0
17.56 0.0
17.57 0.0
17.580000000000002 0.0
17.59 0.0
17.6 0.0
17.61 0.0
17.62 0.0
17.63 0.0
17.64 0.0
17.650000000000002 0.0
17.66 0.0
17.67 0.0
17.68 0.0
17.69 0.0
17.7 0.0
17.71 0.0
17.72 0.0
17.73 0.0
17.740000000000002 0.0
17.75 0.0
17.76 0.0
17.77 0.0
17.78 0.0
17.79 0.0
17.8 0.0
17.81 0.0
17.82 0.0
17.830000000000002 0.0
17.84 0.0
17.85 0.0
17.86 0.0
17.87 0.0
17.88 0.0
17.89 0.0
17.900000000000002 0.0
17.91 0.0
17.92 0.0
17.93 0.0
17.94 0.0
17.95 0.0
17.96 0.0
17.97 0.0
17.98 0.0
17.990000000000002 0.0
18.0 0.0
18.01 0.0
18.02 0.0
18.03 0.0
18.04 0.0
18.05 0.0
18.06 0.0
18.07 0.0
18.080000000000002 0.0
18.09 0.0
18.1 0.0
18.11 0.0
18.12 0.0
18.13 0.0
18.14 0.0
18.150000000000002 0.0
18.16 0.0
18.17 0.0
18.18 0.0
18.19 0.0
18.2 0.0
18.21 0.0
18.22 0.0
18.23 0.0
18.240000000000002 9.7511496371708e-11
18.25 274.4704617024239
18.26 277.9977713729743
18.27 279.37781872602665
18.28 278.39770937673256
18.29 276.92842266581
18.3 275.8415318671717
18.31 274.8100369785516
18.32 273.42441445369207
18.330000000000002 272.1173713431904
18.34 270.971028420031
18.35 270.30512201901814
18.36 270.4434771393549
18.37 270.53843136478133
18.38 270.12141587257804
18.39 270.3102487325024
18.400000000000002 271.43105182709405
18.41 272.4691150024385
18.42 273.1043474570502
18.43 273.7891852073013
18.44 274.0372122370805
18.45 273.69288275972616
18.46 273.2247588814345
18.47 272.9540905255919
18.48 273.3321096793978
18.490000000000002 273.3027349973472
18.5 272.7295335909883
18.51 272.376897781883
18.52 272.3272310124537
18.53 271.5993714943399
18.54 270.74052391369673
18.55 271.07863155441953
18.56 271.92456048522996
18.57 272.55206935051365
18.580000000000002 272.77415088762393
18.59 272.7208005391705
18.6 272.3026302817316
18.61 272.13595641222423
18.62 272.4390318050697
18.63 272.3963136273162
18.64 271.68747714898865
18.650000000000002 271.04127623262895
18.66 270.46668887774683
18.67 270.11369282927575
18.68 271.1799695480737
18.69 272.55978377958195
18.7 272.88543327517556
18.71 273.3562690688292
18.72 274.1780906549247
18.73 274.648107367526
18.740000000000002 274.50073849897996
18.75 274.10534317997474
18.76 273.6243955013485
18.77 273.5782798911671
18.78 273.8395404239106
18.79 273.2710496819307
18.8 272.2290111986479
18.81 271.2117728074358
18.82 269.93495924761913
18.830000000000002 268.943632023807
18.84 268.7841619107881
18.85 267.9521528483622
18.86 266.83949667571454
18.87 266.82575439647417
18.88 267.7415532587581
18.89 269.4320866229124
18.900000000000002 0.0
18.91 0.0
18.92 0.0
18.93 0.0
18.94 0.0
18.95 0.0
18.96 0.0
18.97 0.0
18.98 0.0
18.990000000000002 0.0
19.0 0.0
19.01 0.0
19.02 0.0
19.03 0.0
19.04 0.0
19.05 0.0
19.06 0.0
19.07 0.0
19.080000000000002 0.0
19.09 0.0
19.1 0.0
19.11 0.0
19.12 0.0
19.13 0.0
19.14 0.0
19.150000000000002 0.0
19.16 0.0
19.17 0.0
19.18 0.0
19.19 0.0
19.2 0.0
19.21 0.0
19.22 0.0
19.23 0.0
19.240000000000002 0.0
19.25 0.0
19.26 0.0
19.27 0.0
19.28 0.0
19.29 0.0
19.3 0.0
19.31 0.0
19.32 0.0
19.330000000000002 0.0
19.34 0.0
19.35 0.0
19.36 0.0
19.37 0.0
19.38 0.0
19.39 0.0
19.400000000000002 0.0
19.41 0.0
19.42 0.0
19.43 0.0
19.44 0.0
19.45 0.0
19.46 0.0
19.47 0.0
19.48 0.0
19.490000000000002 0.0
19.5 0.0
19.51 0.0
19.52 0.0
19.53 0.0
19.54 0.0
19.55 0.0
19.56 0.0
19.57 0.0
19.580000000000002 0.0
19.59 0.0
19.6 0.0
19.61 0.0
19.62 0.0
19.63 0.0
19.64 0.0
19.650000000000002 0.0
19.66 0.0
19.67 0.0
19.68 0.0
19.69 0.0
19.7 0.0
19.71 0.0
19.72 0.0
19.73 0.0
19.740000000000002 0.0
19.75 0.0
19.76 0.0
19.77 0.0
19.78 0.0
19.79 0.0
19.8 0.0
19.81 0.0
19.82 0.0
19.830000000000002 0.0
19.84 0.0
19.85 0.0
19.86 0.0
19.87 0.0
19.88 0.0
19.89 0.0
19.900000000000002 0.0
19.91 0.0
19.92 0.0
19.93 0.0
19.94 0.0
19.95 0.0
19.96 0.0
19.97 0.0
19.98 0.0
19.990000000000002 0.0
20.0 0.0
20.01 0.0
20.02 0.0
20.03 0.0
20.04 0.0
20.05 0.0
20.06 0.0
20.07 0.0
20.080000000000002 0.0
20.09 0.0
20.1 0.0
20.11 0.0
20.12 0.0
20.13 0.0
20.14 0.0
20.150000000000002 0.0
20.16 0.0
20.17 0.0
20.18 0.0
20.19 0.0
20.2 0.0
20.21 0.0
20.22 0.0
20.23 0.0
20.240000000000002 0.0
20.25 0.0
20.26 0.0
20.27 0.0
20.28 0.0
20.29 0.0
20.3 0.0
20.31 0.0
20.32 0.0
20.330000000000002 0.0
20.34 0.0
20.35 0.0
20.36 0.0
20.37 0.0
20.38 0.0
20.39 0.0
20.400000000000002 0.0
20.41 0.0
20.42 0.0
20.43 0.0
20.44 0.0
20.45 0.0
20.46 0.0
20.47 0.0
20.48 0.0
20.490000000000002 0.0
20.5 0.0
20.51 0.0
20.52 0.0
20.53 0.0
20.54 0.0
20.55 0.0
20.56 0.0
20.57 0.0
20.580000000000002 0.0
20.59 0.0
20.6 0.0
20.61 0.0
20.62 0.0
20.63 0.0
20.64 0.0
20.650000000000002 0.0
20.66 0.0
20.67 0.0
20.68 0.0
20.69 0.0
20.7 0.0
20.71 0.0
20.72 0.0
20.73 0.0
20.740000000000002 0.0
20.75 0.0
20.76 0.0
20.77 0.0
20.78 0.0
20.79 0.0
20.8 0.0
20.81 0.0
20.82 0.0
20.830000000000002 0.0
20.84 0.0
20.85 0.0
20.86 0.0
20.87 0.0
20.88 0.0
20.89 0.0
20.900000000000002 0.0
20.91 0.0
20.92 0.0
20.93 0.0
20.94 0.0
20.95 0.0
20.96 0.0
20.97 0.0
20.98 0.0
20.990000000000002 0.0
21.0 0.0
21.01 0.0
21.02 0.0
21.03 0.0
21.04 0.0
21.05 0.0
21.06 0.0
21.07 0.0
21.080000000000002 0.0
21.09 0.0
21.1 0.0
21.11 0.0
21.12 0.0
21.13 0.0
21.14 0.0
21.150000000000002 0.0
21.16 0.0
21.17 0.0
21.18 0.0
21.19 0.0
21.2 0.0
21.21 0.0
21.22 0.0
21.23 0.0
21.240000000000002 0.0
21.25 0.0
21.26 0.0
21.27 0.0
21.28 0.0
21.29 0.0
21.3 0.0
21.31 0.0
21.32 0.0
21.330000000000002 0.0
21.34 0.0
21.35 0.0
21.36 0.0
21.37 0.0
21.38 0.0
21.39 0.0
21.400000000000002 0.0
21.41 0.0
21.42 0.0
21.43 0.0
21.44 0.0
21.45 0.0
21.46 0.0
21.47 0.0
21.48 0.0
21.490000000000002 0.0
21.5 0.0
21.51 0.0
21.52 0.0
21.53 0.0
21.54 0.0
21.55 0.0
21.56 0.0
21.57 0.0
21.580000000000002 0.0
21.59 0.0
21.6 0.0
21.61 0.0
21.62 0.0
21.63 0.0
21.64 0.0
21.650000000000002 0.0
21.66 0.0
21.67 0.0
21.68 0.0
21.69 0.0
21.7 0.0
21.71 0.0
21.72 0.0
21.73 0.0
21.740000000000002 0.0
21.75 0.0
21.76 0.0
21.77 0.0
21.78 0.0
21.79 0.0
21.8 0.0
21.81 0.0
21.82 0.0
21.830000000000002 0.0
21.84 0.0
21.85 0.0
21.86 0.0
21.87 0.0
21.88 0.0
21.89 0.0
21.900000000000002 0.0
21.91 0.0
21.92 0.0
21.93 0.0
21.94 0.0
21.95 0.0
21.96 0.0
21.97 0.0
21.98 0.0
21.990000000000002 0.0
22.0 0.0
22.01 0.0
22.02 0.0
22.03 0.0
22.04 0.0
22.05 0.0
22.06 0.0
22.07 0.0
22.080000000000002 0.0
22.09 0.0
22.1 0.0
22.11 0.0
22.12 0.0
22.13 0.0
22.14 0.0
22.150000000000002 0.0
22.16 0.0
22.17 0.0
22.18 0.0
22.19 0.0
22.2 0.0
22.21 0.0
22.22 0.0
22.23 0.0
22.240000000000002 0.0
22.25 0.0
22.26 0.0
22.27 0.0
22.28 0.0
22.29 0.0
22.3 0.0
22.31 0.0
22.32 0.0
22.330000000000002 0.0
22.34 0.0
22.35 0.0
22.36 0.0
22.37 0.0
22.38 0.0
22.39 0.0
22.400000000000002 0.0
22.41 9.194524540623661e-11
22.42 258.8028580937965
22.43 247.58656962876998
22.44 246.46076659040185
22.45 247.69343269290837
22.46 250.1622008550754
22.47 254.03859219780878
22.48 258.3216216593159
22.490000000000002 262.3946957746306
22.5 266.1605600012146
22.51 268.8133479473246
22.52 270.38759182729564
22.53 271.91394077369364
22.54 273.9132514146052
22.55 275.62318630897676
22.56 278.18155140742385
22.57 281.0475548064942
22.580000000000002 283.1322086669361
22.59 283.33278751737924
22.6 282.47776829014936
22.61 282.2705217188712
22.62 282.55785415083614
22.63 283.1742918208598
22.64 284.1050915669114
22.650000000000002 285.1086259404069
22.66 285.77103037047607
22.67 286.0622316480236
22.68 285.9317151637828
22.69 285.9110487352371
22.7 285.68728222573327
22.71 285.9698124519699
22.72 287.5160459338946
22.73 289.3828952617017
22.740000000000002 290.98898610066266
22.75 291.70346868796304
22.76 291.5150888406039
22.77 290.58086589301513
22.78 288.64428800267893
22.79 287.17684648099845
22.8 286.7238953988594
22.81 287.5985358216121
22.82 289.6178347657702
22.830000000000002 292.06316702078186
22.84 292.75577507464334
22.85 291.1495697721727
22.86 289.0962701624041
22.87 288.17449691895735
22.88 288.2925523597578
22.89 288.4119908273968
22.900000000000002 288.1331085154882
22.91 288.27664020528715
22.92 289.09105820701996
22.93 288.9856006438603
22.94 288.7605406106406
22.95 290.056573350792
22.96 292.0360084209269
22.97 293.13570920312634
22.98 293.48374332290433
22.990000000000002 293.03204304499997
23.0 292.0523169262962
23.01 291.5890847781765
23.02 290.91592239304293
23.03 289.77413369884255
23.04 288.885731278544
23.05 289.0638970430577
23.06 290.3500292745688
23.07 291.11690431278686
23.080000000000002 291.31101653686176
23.09 292.408333845035
23.1 293.78835084576104
23.11 294.03865572753887
23.12 293.6020363708474
23.13 293.4563632863969
23.14 293.3439475229709
23.150000000000002 292.6320791666925
23.16 292.14055100358337
23.17 292.75430578289934
23.18 293.50323112049347
23.19 293.7375376250019
23.2 294.4803259762164
23.21 294.9489431835843
23.22 294.52459636604345
23.23 293.66935294246116
23.240000000000002 293.09273131708807
23.25 292.77021889933803
23.26 292.906947297976
23.27 293.4380381903322
23.28 293.8422274242517
23.29 293.29369874616356
23.3 291.9384751010451
23.31 291.1766217283799
23.32 290.7252330713171
23.330000000000002 290.39399187585025
23.34 290.56541276899026
23.35 291.5780153803841
23.36 292.81854199278496
23.37 293.33215605883953
23.38 293.1369313755917
23.39 292.2981048068696
23.400000000000002 291.14805450181706
23.41 290.13711546960417
23.42 289.941416852286
23.43 290.0820037317261
23.44 289.8675726591203
23.45 289.441418249658
23.46 289.2440943638453
23.47 289.0641826287376
23.48 288.93959499944066
23.490000000000002 289.0786585111733
23.5 289.95076675739244
23.51 291.33502726384637
23.52 292.74407423648927
23.53 293.9098490365981
23.54 295.16471346143965
23.55 295.67625547916396
23.56 295.2557944461553
23.57 294.9160040381259
23.580000000000002 294.89299043296876
23.59 293.9639249996187
23.6 292.42092902320564
23.61 290.8189702644659
23.62 290.3750367040706
23.63 291.29285611620617
23.64 292.7242715383932
23.650000000000002 294.3400109260862
23.66 295.3338984528601
23.67 295.7691676308788
23.68 295.96079494289654
23.69 295.2258098986668
23.7 294.07557896858714
23.71 292.90113492928083
23.72 292.08983682847895
23.73 291.2836109493086
23.740000000000002 290.28569029673804
23.75 289.41277227793705
23.76 288.00727283184864
23.77 285.9104819380018
23.78 283.55900390721587
23.79 281.4292878030519
23.8 278.25789967735085
23.81 273.7707555993533
23.82 271.0676315229926
23.830000000000002 271.07255179668954
23.84 9.694784672216611e-11
23.85 272.8839289827427
23.86 274.30174232131515
23.87 274.69106469880296
23.88 274.79786232926267
23.89 274.85662987086056
23.900000000000002 274.7182674395825
23.91 274.3611471935643
23.92 273.75632618173057
23.93 272.7424739793286
23.94 271.0665677912732
23.95 9.530849103204072e-11
23.96 268.2695529357559
23.97 267.3604928148505
23.98 266.9301382350692
23.990000000000002 267.4733834911766
24.0 9.589252439134511e-11
24.01 269.9134606978415
24.02 271.4731230074411
24.03 273.18500768256666
24.04 274.1297437531437
24.05 0.0
24.060000000000002 0.0
24.07 9.693838652360184e-11
24.080000000000002 272.8573008909397
24.09 9.689358462459675e-11
24.1 272.7311947561492
24.11 9.680898266217559e-11
24.12 272.4930614021275
24.13 9.626877562367561e-11
24.14 270.97251376641674
24.150000000000002 270.39562305972254
24.16 270.2772898979429
24.17 270.31752392644586
24.18 0.0
24.19 0.0
24.2 0.0
24.21 0.0
24.22 0.0
24.23 0.0
24.240000000000002 0.0
24.25 0.0
24.26 0.0
24.27 0.0
24.28 0.0
24.29 0.0
24.3 0.0
24.310000000000002 0.0
24.32 0.0
24.330000000000002 0.0
24.34 0.0
24.35 0.0
24.36 0.0
24.37 0.0
24.38 0.0
24.39 0.0
24.400000000000002 0.0
24.41 0.0
24.42 0.0
24.43 0.0
24.44 0.0
24.45 0.0
24.46 0.0
24.47 0.0
24.48 0.0
24.490000000000002 0.0
24.5 0.0
24.51 0.0
24.52 0.0
24.53 0.0
24.54 0.0
24.55 0.0
24.560000000000002 0.0
24.57 0.0
24.580000000000002 0.0
24.59 0.0
24.6 0.0
24.61 0.0
24.62 0.0
24.63 0.0
24.64 0.0
24.650000000000002 0.0
24.66 0.0
24.67 0.0
24.68 0.0
24.69 0.0
24.7 0.0
24.71 0.0
24.72 0.0
24.73 0.0
24.740000000000002 0.0
24.75 0.0
24.76 0.0
24.77 0.0
24.78 0.0
24.79 0.0
24.8 0.0
24.810000000000002 0.0
24.82 0.0
24.830000000000002 0.0
24.84 0.0
24.85 0.0
24.86 0.0
24.87 0.0
24.88 0.0
24.89 0.0
24.900000000000002 0.0
24.91 0.0
24.92 0.0
24.93 0.0
24.94 0.0
24.95 0.0
24.96 0.0
24.97 0.0
24.98 0.0
24.990000000000002 0.0
25.0 0.0
25.01 0.0
25.02 0.0
25.03 0.0
25.04 0.0
25.05 0.0
25.060000000000002 0.0
25.07 0.0
25.080000000000002 0.0
25.09 0.0
25.1 0.0
25.11 0.0
25.12 0.0
25.13 0.0
25.14 0.0
25.150000000000002 0.0
25.16 0.0
25.17 0.0
25.18 0.0
25.19 0.0
25.2 0.0
25.21 0.0
25.22 0.0
25.23 0.0
25.240000000000002 0.0
25.25 0.0
25.26 0.0
25.27 0.0
25.28 0.0
25.29 0.0
25.3 0.0
25.310000000000002 0.0
25.32 0.0
25.330000000000002 0.0
25.34 0.0
25.35 0.0
25.36 0.0
25.37 0.0
25.38 0.0
25.39 0.0
25.400000000000002 0.0
25.41 0.0
25.42 0.0
25.43 0.0
25.44 0.0
25.45 0.0
25.46 0.0
25.47 0.0
25.48 0.0
25.490000000000002 0.0
25.5 0.0
25.51 0.0
25.52 0.0
25.53 0.0
25.54 0.0
25.55 0.0
25.560000000000002 0.0
25.57 0.0
25.580000000000002 0.0
25.59 0.0
25.6 0.0
25.61 0.0
25.62 0.0
25.63 0.0
25.64 0.0
25.650000000000002 0.0
25.66 0.0
25.67 0.0
25.68 0.0
25.69 0.0
25.7 0.0
25.71 0.0
25.72 0.0
25.73 0.0
25.740000000000002 0.0
25.75 0.0
25.76 0.0
25.77 0.0
25.78 0.0
25.79 0.0
25.8 0.0
25.810000000000002 0.0
25.82 0.0
25.830000000000002 0.0
25.84 0.0
25.85 0.0
25.86 0.0
25.87 0.0
25.88 0.0
25.89 0.0
25.900000000000002 0.0
25.91 0.0
25.92 0.0
25.93 0.0
25.94 0.0
25.95 0.0
25.96 0.0
25.97 0.0
25.98 0.0
25.990000000000002 0.0
26.0 0.0
26.01 0.0
26.02 0.0
26.03 0.0
26.04 0.0
26.05 0.0
26.060000000000002 0.0
26.07 0.0
26.080000000000002 0.0
26.09 0.0
26.1 0.0
26.11 0.0
26.12 0.0
26.13 0.0
26.14 0.0
26.150000000000002 0.0
26.16 0.0
26.17 0.0
26.18 0.0
26.19 0.0
26.2 0.0
26.21 0.0
26.22 0.0
26.23 0.0
26.240000000000002 0.0
26.25 0.0
26.26 0.0
26.27 0.0
26.28 0.0
26.29 0.0
26.3 0.0
26.310000000000002 0.0
26.32 0.0
26.330000000000002 0.0
26.34 0.0
26.35 0.0
26.36 0.0
26.37 0.0
26.38 0.0
26.39 0.0
26.400000000000002 0.0
26.41 0.0
26.42 0.0
26.43 0.0
26.44 0.0
26.45 0.0
26.46 0.0
26.47 0.0
26.48 0.0
26.490000000000002 0.0
26.5 0.0
26.51 0.0
26.52 0.0
26.53 0.0
26.54 0.0
26.55 0.0
26.560000000000002 0.0
26.57 0.0
26.580000000000002 0.0
26.59 0.0
26.6 0.0
26.61 0.0
26.62 0.0
26.63 0.0
26.64 0.0
26.650000000000002 0.0
26.66 0.0
26.67 0.0
26.68 0.0
26.69 0.0
26.7 0.0
26.71 0.0
26.72 0.0
26.73 0.0
26.740000000000002 0.0
26.75 0.0
26.76 0.0
26.77 0.0
26.78 0.0
26.79 0.0
26.8 0.0
26.810000000000002 0.0
26.82 0.0
26.830000000000002 0.0
26.84 0.0
26.85 0.0
26.86 0.0
26.87 0.0
26.88 0.0
26.89 0.0
26.900000000000002 0.0
26.91 0.0
26.92 9.319257394672958e-11
26.93 262.31377581256595
26.94 262.8667938734226
26.95 263.1759261221977
26.96 263.02058986707283
26.97 262.1891158127586
26.98 260.8226878882185
26.990000000000002 259.8914847139767
27.0 259.39932588864974
27.01 258.93782231672736
27.02 259.4341731742393
27.03 261.05700669075867
27.04 262.8531291204572
27.05 263.8406702504743
27.060000000000002 264.33638551903624
27.07 265.19286888925933
27.080000000000002 265.8855585063954
27.09 265.88081084074736
27.1 265.81809294663566
27.11 266.1542198716598
27.12 267.02430741230455
27.13 267.88148493093115
27.14 268.0791276556783
27.150000000000002 267.2896599515658
27.16 266.12575216445583
27.17 264.9889325790833
27.18 263.76343492105036
27.19 262.5336546183061
27.2 261.55828149494965
27.21 261.17623660858396
27.22 261.3977519978964
27.23 262.472520273946
27.240000000000002 263.9553353302123
27.25 265.15322373862443
27.26 266.02632964146244
27.27 265.9561965802959
27.28 265.62992561229476
27.29 265.82010660343894
27.3 266.155818427974
27.310000000000002 265.92260646952116
27.32 265.2141352519381
27.330000000000002 264.48624072300936
27.34 264.0990389467463
27.35 264.12558754918837
27.36 264.62417024180576
27.37 265.10722623108074
27.38 265.27214344409515
27.39 265.86586686005666
27.400000000000002 266.53169133132974
27.41 265.99374034259364
27.42 263.57476657863936
27.43 260.0747950423744
27.44 256.89693919812055
27.45 253.91320477440763
27.46 251.40438956964562
27.47 248.80205641773173
27.48 245.54916999181486
27.490000000000002 242.6512305065323
27.5 0.0
27.51 0.0
27.52 0.0
27.53 0.0
27.54 0.0
27.55 0.0
27.560000000000002 0.0
27.57 0.0
27.580000000000002 0.0
27.59 0.0
27.6 0.0
27.61 0.0
27.62 0.0
27.63 0.0
27.64 0.0
27.650000000000002 0.0
27.66 0.0
27.67 0.0
27.68 0.0
27.69 0.0
27.7 0.0
27.71 0.0
27.72 0.0
27.73 0.0
27.740000000000002 0.0
27.75 0.0
27.76 0.0
27.77 0.0
27.78 0.0
27.79 0.0
27.8 0.0
27.810000000000002 0.0
27.82 0.0
27.830000000000002 0.0
27.84 0.0
27.85 0.0
27.86 0.0
27.87 0.0
27.88 0.0
27.89 0.0
27.900000000000002 0.0
27.91 0.0
27.92 0.0
27.93 0.0
27.94 0.0
27.95 0.0
27.96 0.0
27.97 0.0
27.98 0.0
27.990000000000002 0.0
28.0 0.0
28.01 0.0
28.02 0.0
28.03 0.0
28.04 0.0
28.05 0.0
28.060000000000002 0.0
28.07 0.0
28.080000000000002 0.0
28.09 0.0
28.1 0.0
28.11 0.0
28.12 0.0
28.13 0.0
28.14 0.0
28.150000000000002 0.0
28.16 0.0
28.17 0.0
28.18 0.0
28.19 0.0
28.2 0.0
28.21 0.0
28.22 0.0
28.23 0.0
28.240000000000002 0.0
28.25 0.0
28.26 0.0
28.27 0.0
28.28 0.0
28.29 0.0
28.3 0.0
28.310000000000002 0.0
28.32 0.0
28.330000000000002 0.0
28.34 0.0
28.35 0.0
28.36 0.0
28.37 0.0
28.38 0.0
28.39 0.0
28.400000000000002 0.0
28.41 0.0
28.42 0.0
28.43 0.0
28.44 0.0
28.45 0.0
28.46 0.0
28.47 0.0
28.48 0.0
28.490000000000002 0.0
28.5 0.0
28.51 0.0
28.52 0.0
28.53 0.0
28.54 0.0
28.55 0.0
28.560000000000002 0.0
28.57 0.0
28.580000000000002 0.0
28.59 0.0
28.6 0.0
28.61 0.0
28.62 0.0
28.63 0.0
28.64 0.0
28.650000000000002 0.0
28.66 0.0
28.67 0.0
28.68 0.0
28.69 0.0
28.7 0.0
28.71 0.0
28.72 0.0
28.73 0.0
28.740000000000002 0.0
28.75 0.0
28.76 0.0
28.77 0.0
28.78 0.0
28.79 0.0
28.8 0.0
28.810000000000002 0.0
28.82 0.0
28.830000000000002 0.0
28.84 0.0
28.85 0.0
28.86 0.0
28.87 0.0
28.88 0.0
28.89 0.0
28.900000000000002 0.0
28.91 0.0
28.92 0.0
28.93 0.0
28.94 0.0
28.95 0.0
28.96 0.0
28.97 0.0
28.98 0.0
28.990000000000002 0.0
29.0 0.0
29.01 0.0
29.02 0.0
29.03 0.0
29.04 0.0
29.05 0.0
29.060000000000002 0.0
29.07 0.0
29.080000000000002 0.0
29.09 0.0
29.1 0.0
29.11 0.0
29.12 0.0
29.13 0.0
29.14 0.0
29.150000000000002 0.0
29.16 0.0
29.17 0.0
29.18 0.0
29.19 0.0
29.2 0.0
29.21 0.0
29.22 0.0
29.23 0.0
29.240000000000002 0.0
29.25 0.0
29.26 0.0
29.27 0.0
29.28 0.0
29.29 0.0
29.3 0.0
29.310000000000002 0.0
29.32 0.0
29.330000000000002 0.0
29.34 0.0
29.35 0.0
29.36 0.0
29.37 0.0
29.38 0.0
29.39 0.0
29.400000000000002 0.0
29.41 0.0
29.42 0.0
29.43 0.0
29.44 0.0
29.45 0.0
29.46 0.0
29.47 0.0
29.48 0.0
29.490000000000002 0.0
29.5 0.0
29.51 0.0
29.52 0.0
29.53 0.0
29.54 0.0
29.55 0.0
29.560000000000002 0.0
29.57 0.0
29.580000000000002 0.0
29.59 0.0
29.6 0.0
29.61 0.0
29.62 0.0
29.63 0.0
29.64 0.0
29.650000000000002 0.0
29.66 0.0
29.67 0.0
29.68 0.0
29.69 0.0
29.7 0.0
29.71 0.0
29.72 0.0
29.73 0.0
29.740000000000002 0.0
29.75 0.0
29.76 0.0
29.77 0.0
29.78 0.0
29.79 0.0
29.8 0.0
29.810000000000002 0.0
29.82 0.0
29.830000000000002 0.0
29.84 0.0
29.85 0.0
29.86 0.0
29.87 0.0
29.88 0.0
29.89 0.0
29.900000000000002 0.0
29.91 0.0
29.92 0.0
29.93 0.0
29.94 0.0
29.95 0.0
29.96 0.0
29.97 0.0
29.98 0.0
29.990000000000002 0.0
30.0 0.0
30.01 0.0
30.02 0.0
30.03 0.0
30.04 0.0
30.05 0.0
30.060000000000002 0.0
30.07 0.0
30.080000000000002 0.0
30.09 0.0
30.1 0.0
30.11 0.0
30.12 0.0
30.13 0.0
30.14 0.0
30.150000000000002 0.0
30.16 0.0
30.17 0.0
30.18 0.0
30.19 0.0
30.2 0.0
30.21 0.0
30.22 0.0
30.23 0.0
30.240000000000002 0.0
30.25 0.0
30.26 0.0
30.27 0.0
30.28 0.0
30.29 0.0
30.3 0.0
30.310000000000002 0.0
30.32 0.0
30.330000000000002 0.0
30.34 0.0
30.35 0.0
30.36 0.0
30.37 0.0
30.38 0.0
30.39 0.0
30.400000000000002 0.0
30.41 0.0
30.42 0.0
30.43 8.26764328264612e-11
30.44 232.7134700435203
30.45 235.83961515200753
30.46 238.98226643587705
30.47 241.53154708663766
30.48 242.2362451082654
30.490000000000002 244.28127159972252
30.5 246.18624365238085
30.51 249.5776137134352
30.52 252.97914745243517
30.53 255.89987894147006
30.54 258.31889523371075
30.55 260.94812421939935
30.560000000000002 262.21065963255575
30.57 262.8000010402371
30.580000000000002 262.45335827008716
30.59 260.9830385661056
30.6 259.1942052501243
30.61 258.42209563315464
30.62 258.9130978363722
30.63 259.98896365461485
30.64 261.24242416317657
30.650000000000002 262.4559249238821
30.66 263.1503567391892
30.67 264.05639892923455
30.68 264.84585662234605
30.69 265.2374048228044
30.7 265.5893584910897
30.71 265.88844306931605
30.72 266.9304273942924
30.73 267.8452859935253
30.740000000000002 268.8878210789375
30.75 270.2947184142213
30.76 270.925994934512
30.77 270.74608660587614
30.78 270.0498246320348
30.79 269.3005053474889
30.8 268.79209970008174
30.810000000000002 268.62127756990526
30.82 268.78146277498047
30.830000000000002 269.30269535905046
30.84 269.8691462111154
30.85 270.09774505837146
30.86 269.69723043470543
30.87 268.8104834208516
30.88 268.11394589309236
30.89 268.2534897031432
30.900000000000002 268.8670800228453
30.91 269.3332915189301
30.92 270.03837478700234
30.93 271.2912078029833
30.94 272.7814555114096
30.95 273.30237676327937
30.96 272.3948332263123
30.970000000000002 270.88556891467573
30.98 269.7631051420965
30.990000000000002 269.3083926761174
31.0 269.4913432302622
31.01 269.5079055650893
31.02 269.11201421799825
31.03 269.0198485929131
31.04 269.44050770112676
31.05 269.85499550236244
31.060000000000002 269.77008966836223
31.07 270.0098234900046
31.080000000000002 270.3533725697548
31.09 269.8413100958709
31.1 269.291432342274
31.11 269.64485306878856
31.12 270.83421368021095
31.13 271.54619978060913
31.14 270.9824647238668
31.150000000000002 269.87102885252295
31.16 268.9909261618412
31.17 268.9471863829715
31.18 270.43933013382866
31.19 272.54423396368037
31.2 273.79382510756324
31.21 274.0524353153389
31.220000000000002 272.98337295101396
31.23 271.55816523585025
31.240000000000002 270.8125398504428
31.25 270.6547072664804
31.26 270.48984576271056
31.27 270.1265713569925
31.28 270.39197146497963
31.29 271.02215123816757
31.3 271.6004384460978
31.310000000000002 271.8966415516395
31.32 271.4570951306243
31.330000000000002 271.22574487404484
31.34 271.0184398504657
31.35 270.2456266737196
31.36 269.9126422725836
31.37 270.17044980735926
31.38 0.0
31.39 0.0
31.400000000000002 0.0
31.41 0.0
31.42 0.0
31.43 0.0
31.44 0.0
31.45 0.0
31.46 0.0
31.470000000000002 0.0
31.48 0.0
31.490000000000002 0.0
31.5 0.0
31.51 0.0
31.52 0.0
31.53 0.0
31.54 0.0
31.55 0.0
31.560000000000002 0.0
31.57 0.0
31.580000000000002 0.0
31.59 0.0
31.6 0.0
31.61 0.0
31.62 0.0
31.63 0.0
31.64 0.0
31.650000000000002 0.0
31.66 0.0
31.67 0.0
31.68 0.0
31.69 0.0
31.7 0.0
31.71 0.0
31.720000000000002 0.0
31.73 0.0
31.740000000000002 0.0
31.75 0.0
31.76 0.0
31.77 0.0
31.78 0.0
31.79 0.0
31.8 0.0
31.810000000000002 0.0
31.82 0.0
31.830000000000002 0.0
31.84 0.0
31.85 0.0
31.86 0.0
31.87 0.0
31.88 0.0
31.89 0.0
31.900000000000002 0.0
31.91 0.0
31.92 0.0
31.93 0.0
31.94 0.0
31.95 0.0
31.96 0.0
31.970000000000002 0.0
31.98 0.0
31.990000000000002 0.0
32.0 0.0
32.01 0.0
32.02 0.0
32.03 0.0
32.04 0.0
32.05 0.0
32.06 0.0
32.07 273.46489456570237
32.08 272.9177916144171
32.09 272.3004930311816
32.1 271.16790366925534
32.11 270.06352522816155
32.12 268.88088401116914
32.13 267.74900364554225
32.14 267.4896618758236
32.15 268.56802161078457
32.160000000000004 269.9442820615967
32.17 271.2975352361588
32.18 273.3639790722468
32.19 275.4384580651931
32.2 276.4644929207468
32.21 276.65653712850786
32.22 276.2523660956892
32.230000000000004 275.69937336963676
32.24 276.30826666227296
32.25 277.1332169373107
32.26 276.94607294665366
32.27 276.50415557701
32.28 275.93594934708614
32.29 275.22094795040266
32.3 274.3872950671378
32.31 274.61799080571166
32.32 275.8883994550674
32.33 277.2329002043598
32.34 277.8282282619957
32.35 277.49782581583884
32.36 277.25940085811555
32.37 276.9603927069277
32.38 276.682999283475
32.39 276.13036369268025
32.4 275.56033024777037
32.410000000000004 275.826061706956
32.42 276.7557901301072
32.43 277.5840045076722
32.44 278.3113408554339
32.45 278.8445150548645
32.46 278.68476655463166
32.47 278.6459160832611
32.480000000000004 278.00463158109477
32.49 276.4100585603308
32.5 275.89123546583073
32.51 275.0090865010394
32.52 273.7048456123553
32.53 272.7552744839523
32.54 272.6588032627827
32.55 273.1610454483959
32.56 274.02471828618224
32.57 275.8549289806079
32.58 277.3910475862234
32.59 277.04862588326995
32.6 277.24020991803303
32.61 276.74115047706727
32.62 0.0
32.63 0.0
32.64 0.0
32.65 0.0
32.660000000000004 0.0
32.67 0.0
32.68 0.0
32.69 0.0
32.7 0.0
32.71 0.0
32.72 0.0
32.730000000000004 0.0
32.74 0.0
32.75 0.0
32.76 0.0
32.77 0.0
32.78 0.0
32.79 0.0
32.8 0.0
32.81 0.0
32.82 0.0
32.83 0.0
32.84 0.0
32.85 0.0
32.86 0.0
32.87 0.0
32.88 0.0
32.89 0.0
32.9 0.0
32.910000000000004 0.0
32.92 0.0
32.93 0.0
32.94 0.0
32.95 0.0
32.96 0.0
32.97 0.0
32.980000000000004 0.0
32.99 0.0
33.0 0.0
33.01 0.0
33.02 0.0
33.03 0.0
33.04 0.0
33.05 0.0
33.06 0.0
33.07 0.0
33.08 0.0
33.09 0.0
33.1 0.0
33.11 0.0
33.12 0.0
33.13 0.0
33.14 0.0
33.15 0.0
33.160000000000004 0.0
33.17 0.0
33.18 0.0
33.19 0.0
33.2 0.0
33.21 0.0
33.22 0.0
33.230000000000004 0.0
33.24 0.0
33.25 0.0
33.26 0.0
33.27 0.0
33.28 0.0
33.29 0.0
33.3 0.0
33.31 0.0
33.32 0.0
33.33 0.0
33.34 0.0
33.35 0.0
33.36 0.0
33.37 0.0
33.38 0.0
33.39 0.0
33.4 0.0
33.410000000000004 0.0
33.42 0.0
33.43 0.0
33.44 0.0
33.45 0.0
33.46 0.0
33.47 0.0
33.480000000000004 0.0
33.49 0.0
33.5 0.0
33.51 0.0
33.52 0.0
33.53 0.0
33.54 0.0
33.55 0.0
33.56 0.0
33.57 0.0
33.58 0.0
33.59 0.0
33.6 0.0
33.61 0.0
33.62 0.0
33.63 0.0
33.64 0.0
33.65 0.0
33.660000000000004 0.0
33.67 0.0
33.68 0.0
33.69 0.0
33.7 0.0
33.71 0.0
33.72 0.0
33.730000000000004 0.0
33.74 0.0
33.75 0.0
33.76 0.0
33.77 0.0
33.78 0.0
33.79 0.0
33.8 0.0
33.81 0.0
33.82 0.0
33.83 0.0
33.84 0.0
33.85 0.0
33.86 0.0
33.87 0.0
33.88 0.0
33.89 0.0
33.9 0.0
33.910000000000004 0.0
33.92 0.0
33.93 0.0
33.94 0.0
33.95 0.0
33.96 0.0
33.97 0.0
33.980000000000004 0.0
33.99 0.0
34.0 0.0
34.01 0.0
34.02 0.0
34.03 0.0
34.04 0.0
34.05 0.0
34.06 0.0
34.07 0.0
34.08 0.0
34.09 0.0
34.1 0.0
34.11 0.0
34.12 0.0
34.13 0.0
34.14 0.0
34.15 0.0
34.160000000000004 0.0
34.17 0.0
34.18 0.0
34.19 0.0
34.2 0.0
34.21 0.0
34.22 0.0
34.230000000000004 0.0
34.24 0.0
34.25 0.0
34.26 0.0
34.27 0.0
34.28 0.0
34.29 0.0
34.300000000000004 0.0
34.31 0.0
34.32 0.0
34.33 0.0
34.34 0.0
34.35 0.0
34.36 0.0
34.37 0.0
34.38 0.0
34.39 0.0
34.4 0.0
34.410000000000004 0.0
34.42 0.0
34.43 0.0
34.44 0.0
34.45 0.0
34.46 0.0
34.47 0.0
34.480000000000004 0.0
34.49 0.0
34.5 0.0
34.51 0.0
34.52 0.0
34.53 0.0
34.54 0.0
34.550000000000004 0.0
34.56 0.0
34.57 0.0
34.58 0.0
34.59 0.0
34.6 0.0
34.61 0.0
34.62 0.0
34.63 0.0
34.64 0.0
34.65 0.0
34.660000000000004 0.0
34.67 0.0
34.68 0.0
34.69 0.0
34.7 0.0
34.71 0.0
34.72 0.0
34.730000000000004 0.0
34.74 0.0
34.75 0.0
34.76 0.0
34.77 0.0
34.78 0.0
34.79 0.0
34.800000000000004 0.0
34.81 0.0
34.82 0.0
34.83 0.0
34.84 0.0
34.85 0.0
34.86 0.0
34.87 0.0
34.88 0.0
34.89 0.0
34.9 0.0
34.910000000000004 0.0
34.92 220.22942166786063
34.93 223.51395314369572
34.94 227.96762118426227
34.95 231.39954935816274
34.96 233.93456073952908
34.97 237.41606830237512
34.980000000000004 241.5079433263251
34.99 244.32718480665676
35.0 248.35927678652536
35.01 252.4470842700411
35.02 254.36342286762377
35.03 255.4544690546671
35.04 257.0046618675041
35.050000000000004 259.81146472948274
35.06 261.0149689646603
35.07 260.4744080405848
35.08 259.95671039726375
35.09 260.5066517315082
35.1 261.540309087207
35.11 262.28914394083404
35.12 262.65399159479125
35.13 263.04333420470465
35.14 264.4808475589486
35.15 267.07918955229496
35.160000000000004 268.3397522572778
35.17 269.0731801496361
35.18 269.9263995562344
35.19 270.02093533338433
35.2 269.0890573700419
35.21 268.23851437347156
35.22 267.5841472306412
35.230000000000004 267.01900834600104
35.24 267.4106455992834
35.25 267.94847492523604
35.26 268.44898603240193
35.27 269.1069425687368
35.28 269.68490128135085
35.29 270.0356004023669
35.300000000000004 269.6218064024302
35.31 268.79049012973326
35.32 268.5722795855593
35.33 269.4368640303484
35.34 270.95097553495174
35.35 271.5324686119496
35.36 271.1862525832175
35.37 270.55758088418855
35.38 269.51574722213877
35.39 268.5593304390423
35.4 268.4613888413153
35.410000000000004 269.22539943471975
35.42 270.3743849582285
35.43 271.2482714555151
35.44 271.46686494309773
35.45 271.1900549890067
35.46 270.45647484585305
35.47 269.74244110646106
35.480000000000004 269.0377538896451
35.49 268.6976986344401
35.5 268.6087094748436
35.51 267.9841635393768
35.52 268.07301792399795
35.53 268.7011379192924
35.54 268.9097332721104
35.550000000000004 269.0367483672984
35.56 268.76913932262266
35.57 268.15669445122484
35.58 268.05135216605095
35.59 268.27161411362414
35.6 268.3999868362337
35.61 268.22555181805603
35.62 267.6567259462106
35.63 267.02471879645833
35.64 0.0
35.65 0.0
35.660000000000004 0.0
35.67 0.0
35.68 0.0
35.69 0.0
35.7 0.0
35.71 0.0
35.72 0.0
35.730000000000004 0.0
35.74 0.0
35.75 0.0
35.76 0.0
35.77 0.0
35.78 0.0
35.79 0.0
35.800000000000004 0.0
35.81 0.0
35.82 0.0
35.83 0.0
35.84 0.0
35.85 0.0
35.86 0.0
35.87 0.0
35.88 0.0
35.89 0.0
35.9 0.0
35.910000000000004 0.0
35.92 0.0
35.93 0.0
35.94 0.0
35.95 0.0
35.96 0.0
35.97 0.0
35.980000000000004 0.0
35.99 0.0
36.0 0.0
36.01 0.0
36.02 0.0
36.03 0.0
36.04 0.0
36.050000000000004 0.0
36.06 0.0
36.07 0.0
36.08 0.0
36.09 0.0
36.1 0.0
36.11 0.0
36.12 0.0
36.13 0.0
36.14 0.0
36.15 0.0
36.160000000000004 0.0
36.17 0.0
36.18 0.0
36.19 0.0
36.2 0.0
36.21 0.0
36.22 0.0
36.230000000000004 0.0
36.24 0.0
36.25 0.0
36.26 0.0
36.27 0.0
36.28 0.0
36.29 0.0
36.300000000000004 0.0
36.31 0.0
36.32 0.0
36.33 0.0
36.34 0.0
36.35 0.0
36.36 0.0
36.37 0.0
36.38 0.0
36.39 0.0
36.4 0.0
36.410000000000004 0.0
36.42 0.0
36.43 0.0
36.44 0.0
36.45 0.0
36.46 0.0
36.47 0.0
36.480000000000004 0.0
36.49 0.0
36.5 0.0
36.51 0.0
36.52 0.0
36.53 0.0
36.54 0.0
36.550000000000004 0.0
36.56 0.0
36.57 0.0
36.58 0.0
36.59 0.0
36.6 271.164857139971
36.61 268.15772177518073
36.62 267.3449798235285
36.63 268.21553368135096
36.64 268.5972014173999
36.65 268.5687800453222
36.660000000000004 267.7108600294739
36.67 265.75641104273734
36.68 263.7058096487908
36.69 261.53185042079673
36.7 260.92379763142804
36.71 263.0864561202801
36.72 264.02065833724527
36.730000000000004 264.2730338420554
36.74 264.716516055762
36.75 264.955022438392
36.76 266.1586617602129
36.77 266.68306381196976
36.78 266.70191198523275
36.79 265.77449807404787
36.800000000000004 266.04458908936067
36.81 266.16437382010105
36.82 266.5030177371834
36.83 267.18125861829424
36.84 268.55015592412593
36.85 270.58702156476727
36.86 272.7689059181794
36.87 274.9986945901865
36.88 275.89504439794507
36.89 275.09443419230416
36.9 273.3472117903635
36.910000000000004 271.79916416297283
36.92 271.45768235022575
36.93 271.14677675639535
36.94 270.89088089855306
36.95 270.0569662204064
36.96 268.2723041904538
36.97 267.2219853130933
36.980000000000004 265.8870852615397
36.99 262.945146529763
37.0 258.5933915354077
37.01 0.0
37.02 0.0
37.03 0.0
37.04 0.0
37.050000000000004 0.0
37.06 0.0
37.07 0.0
37.08 0.0
37.09 0.0
37.1 0.0
37.11 0.0
37.12 0.0
37.13 0.0
37.14 0.0
37.15 0.0
37.160000000000004 0.0
37.17 0.0
37.18 0.0
37.19 0.0
37.2 0.0
37.21 0.0
37.22 0.0
37.230000000000004 0.0
37.24 0.0
37.25 0.0
37.26 0.0
37.27 0.0
37.28 0.0
37.29 0.0
37.300000000000004 0.0
37.31 0.0
37.32 0.0
37.33 0.0
37.34 0.0
37.35 0.0
37.36 0.0
37.37 0.0
37.38 0.0
37.39 0.0
37.4 0.0
37.410000000000004 0.0
37.42 0.0
37.43 0.0
37.44 0.0
37.45 0.0
37.46 0.0
37.47 0.0
37.480000000000004 0.0
37.49 0.0
37.5 0.0
37.51 0.0
37.52 0.0
37.53 0.0
37.54 0.0
37.550000000000004 0.0
37.56 0.0
37.57 0.0
37.58 0.0
37.59 0.0
37.6 0.0
37.61 0.0
37.62 0.0
37.63 0.0
37.64 0.0
37.65 0.0
37.660000000000004 0.0
37.67 0.0
37.68 0.0
37.69 0.0
37.7 0.0
37.71 0.0
37.72 0.0
37.730000000000004 0.0
37.74 0.0
37.75 0.0
37.76 0.0
37.77 0.0
37.78 0.0
37.79 0.0
37.800000000000004 0.0
37.81 0.0
37.82 0.0
37.83 0.0
37.84 0.0
37.85 0.0
37.86 0.0
37.87 0.0
37.88 0.0
37.89 0.0
37.9 0.0
37.910000000000004 0.0
37.92 0.0
37.93 0.0
37.94 0.0
37.95 0.0
37.96 0.0
37.97 0.0
37.980000000000004 0.0
37.99 0.0
38.0 0.0
38.01 0.0
38.02 0.0
38.03 0.0
38.04 0.0
38.050000000000004 0.0
38.06 0.0
38.07 0.0
38.08 0.0
38.09 0.0
38.1 0.0
38.11 0.0
38.12 0.0
38.13 0.0
38.14 0.0
38.15 0.0
38.160000000000004 0.0
38.17 0.0
38.18 0.0
38.19 0.0
38.2 0.0
38.21 0.0
38.22 0.0
38.230000000000004 0.0
38.24 0.0
38.25 0.0
38.26 0.0
38.27 0.0
38.28 0.0
38.29 0.0
38.300000000000004 0.0
38.31 0.0
38.32 0.0
38.33 0.0
38.34 0.0
38.35 0.0
38.36 0.0
38.37 0.0
38.38 0.0
38.39 0.0
38.4 0.0
38.410000000000004 0.0
38.42 0.0
38.43 0.0
38.44 0.0
38.45 0.0
38.46 0.0
38.47 0.0
38.480000000000004 0.0
38.49 0.0
38.5 0.0
38.51 0.0
38.52 0.0
38.53 0.0
38.54 0.0
38.550000000000004 0.0
38.56 0.0
38.57 0.0
38.58 0.0
38.59 0.0
38.6 0.0
38.61 0.0
38.62 0.0
38.63 0.0
38.64 0.0
38.65 0.0
38.660000000000004 0.0
38.67 0.0
38.68 0.0
38.69 0.0
38.7 0.0
38.71 0.0
38.72 0.0
38.730000000000004 0.0
38.74 0.0
38.75 0.0
38.76 0.0
38.77 0.0
38.78 0.0
38.79 0.0
38.800000000000004 0.0
38.81 0.0
38.82 0.0
38.83 0.0
38.84 0.0
38.85 0.0
38.86 0.0
38.87 0.0
38.88 0.0
38.89 0.0
38.9 0.0
38.910000000000004 0.0
38.92 0.0
38.93 0.0
38.94 0.0
38.95 0.0
38.96 0.0
38.97 0.0
38.980000000000004 0.0
38.99 0.0
39.0 0.0
39.01 0.0
39.02 0.0
39.03 0.0
39.04 0.0
39.050000000000004 0.0
39.06 0.0
39.07 0.0
39.08 0.0
39.09 0.0
39.1 0.0
39.11 0.0
39.12 0.0
39.13 0.0
39.14 0.0
39.15 0.0
39.160000000000004 0.0
39.17 0.0
39.18 0.0
39.19 0.0
39.2 0.0
39.21 0.0
39.22 0.0
39.230000000000004 0.0
39.24 233.52864757377762
39.25 237.0266394795675
39.26 239.75722661299102
39.27 242.06625204538656
39.28 244.28045419806259
39.29 246.36986527905535
39.300000000000004 248.9083116697912
39.31 251.94457163421177
39.32 254.65219618719598
39.33 256.84035621426733
39.34 259.6387771849399
39.35 262.76408761653863
39.36 264.13359267021605
39.37 264.3071404615971
39.38 263.245834140114
39.39 261.1017303440481
39.4 257.8196699808036
39.410000000000004 255.42859226167428
39.42 255.10350280133585
39.43 256.03243947109746
39.44 258.2123580221956
39.45 260.9062938712239
39.46 262.79554179355534
39.47 264.05422055144663
39.480000000000004 265.1615101119451
39.49 265.4496202013303
39.5 265.2231446473368
39.51 265.9303347776027
39.52 267.23658687105575
39.53 267.84171556571295
39.54 266.97324651577117
39.550000000000004 265.45549145089166
39.56 264.34184622894537
39.57 264.3593431817547
39.58 265.0586349090974
39.59 265.8324122563658
39.6 266.71461990051944
39.61 268.3763134610641
39.62 270.0824364902912
39.63 271.0970023005626
39.64 271.30179602677856
39.65 270.8295007371501
39.660000000000004 270.7742951621922
39.67 270.64640149494056
39.68 268.1824217598953
39.69 265.3252688169224
39.7 266.0028784420463
39.71 266.5549338956178
39.72 266.4825435014883
39.730000000000004 266.6190136254708
39.74 267.36344949488523
39.75 267.2196419116372
39.76 266.9547953719776
39.77 266.7251728969579
39.78 267.88437513857366
39.79 268.80781339277877
39.800000000000004 269.90562177102487
39.81 271.030178650152
39.82 272.2086227964064
39.83 272.9173831067792
39.84 273.4377839343791
39.85 273.35572592092484
39.86 272.72803755944113
39.87 271.48803904815344
39.88 270.2174424340909
39.89 269.23049844141474
39.9 268.72153943466515
39.910000000000004 269.15512401144525
39.92 269.49696619874635
39.93 269.78187839294264
39.94 269.9067273880332
39.95 270.08576715579187
39.96 270.59234029435476
39.97 270.83828958614083
39.980000000000004 270.6860804379629
39.99 270.1740073283444
40.0 269.4744681003469
40.01 268.4848111546365
40.02 267.63865398418403
40.03 266.7729819748829
40.04 266.9145479064232
40.050000000000004 266.9998233641057
40.06 266.95011239909724
40.07 266.51355925225744
40.08 266.35193694176354
40.09 266.11059081021347
40.1 265.7349015753277
40.11 263.0178391794581
40.12 258.9579205061002
40.13 251.6090506502222
40.14 252.16086424004388
40.15 0.0
40.160000000000004 0.0
40.17 257.7445683670598
40.18 257.20994893196104
40.19 257.34996225907634
40.2 257.96247460904897
40.21 258.1280232003773
40.22 259.8688634197243
40.230000000000004 262.52952434167054
40.24 264.80222120786533
40.25 265.7019761381095
40.26 266.49152789187514
40.27 267.09093030066197
40.28 266.9305187525218
40.29 266.43733577715903
40.300000000000004 265.9260020701872
40.31 265.7031169459521
40.32 265.98798319709533
40.33 265.9756674951777
40.34 266.0623067120946
40.35 266.4989257554769
40.36 266.5377201874097
40.37 266.47275782010746
40.38 266.91319603877554
40.39 267.027004046638
40.4 267.17905100920245
40.410000000000004 267.9142551112728
40.42 268.7321659159349
40.43 269.399606402724
40.44 270.14529806930494
40.45 271.2110130454599
40.46 272.0554513295929
40.47 272.63720407058196
40.480000000000004 272.94717783661906
40.49 0.0
40.5 272.585991217243
40.51 271.8481988989332
40.52 270.4279859468018
40.53 268.8738148246546
40.54 267.8145844045399
40.550000000000004 267.8062608726497
40.56 0.0
40.57 269.4394638431614
40.58 270.00474717930564
40.59 270.50946569877675
40.6 270.51312437574313
40.61 269.8575088666355
40.62 269.38840357381974
40.63 269.787088839927
40.64 270.87521780735227
40.65 272.05083087841007
40.660000000000004 273.29015177177536
40.67 272.19064369145536
40.68 268.0343717657294
40.69 266.199077699528
40.7 270.1245473990803
40.71 273.00988169928706
40.72 273.3616409216575
40.730000000000004 273.5559039575503
40.74 274.046877630334
40.75 273.8272962515761
40.76 273.823165181901
40.77 274.1717275164421
40.78 273.71824568024863
40.79 272.8562027043536
40.800000000000004 272.7836766918327
40.81 273.54413515315844
40.82 273.8335794983017
40.83 273.5400283151622
40.84 273.15143268422923
40.85 273.20689537419446
40.86 273.15437076789004
40.87 272.58099120618
40.88 271.8329744915789
40.89 271.91418696466883
40.9 272.3641390001991
40.910000000000004 272.5040325757707
40.92 272.0384150542299
40.93 271.4811091723668
40.94 270.9372271315448
40.95 269.9192287607913
40.96 269.286223854712
40.97 269.6083638612549
40.980000000000004 270.14648250095723
40.99 270.8045277387727
41.0 271.5023735173606
41.01 271.94364934684546
41.02 271.4726220486336
41.03 270.86640366219956
41.04 270.3765305909215
41.050000000000004 270.09674705193623
41.06 269.59854022201193
41.07 268.8268046545612
41.08 269.02712369068195
41.09 269.41412842872614
41.1 269.8423598021452
41.11 269.6530487024639
41.12 269.3487811321438
41.13 269.246650807759
41.14 269.72997810422686
41.15 269.44983814835945
41.160000000000004 268.71892275479837
41.17 267.94709146774613
41.18 266.45428737442035
41.19 265.35977105884314
41.2 265.19563484800216
41.21 265.6514633163927
41.22 266.6031298072721
41.230000000000004 268.0121674516776
41.24 270.12231012137414
41.25 271.73292206279785
41.26 272.5481875742254
41.27 272.97428925266837
41.28 272.91030110722664
41.29 272.47348889384085
41.300000000000004 271.3213919246387
41.31 268.0788661239427
41.32 264.7750439667671
41.33 263.8900292207485
41.34 264.4297352458002
41.35 264.94423532227376
41.36 265.60932789017284
41.37 266.4992478802028
41.38 266.8275639658104
41.39 266.3983270730626
41.4 265.7440190769911
41.410000000000004 266.0733396518139
41.42 267.1248475614677
41.43 268.10794205882723
41.44 268.96045379066294
41.45 0.0
41.46 0.0
41.47 0.0
41.480000000000004 0.0
41.49 0.0
41.5 0.0
41.51 0.0
41.52 0.0
41.53 0.0
41.54 0.0
41.550000000000004 0.0
41.56 0.0
41.57 0.0
41.58 0.0
41.59 0.0
41.6 0.0
41.61 0.0
41.62 0.0
41.63 0.0
41.64 0.0
41.65 0.0
41.660000000000004 0.0
41.67 0.0
41.68 0.0
41.69 0.0
41.7 0.0
41.71 0.0
41.72 0.0
41.730000000000004 0.0
41.74 0.0
41.75 0.0
41.76 0.0
41.77 0.0
41.78 0.0
41.79 0.0
41.800000000000004 0.0
41.81 0.0
41.82 0.0
41.83 0.0
41.84 0.0
41.85 0.0
41.86 0.0
41.87 0.0
41.88 0.0
41.89 0.0
41.9 0.0
41.910000000000004 0.0
41.92 0.0
41.93 0.0
41.94 0.0
41.95 0.0
41.96 0.0
41.97 0.0
41.980000000000004 0.0
41.99 0.0
42.0 0.0
42.01 0.0
42.02 0.0
42.03 0.0
42.04 0.0
42.050000000000004 0.0
42.06 0.0
42.07 0.0
42.08 0.0
42.09 0.0
42.1 0.0
42.11 0.0
42.12 0.0
42.13 0.0
42.14 0.0
42.15 0.0
42.160000000000004 0.0
42.17 0.0
42.18 0.0
42.19 0.0
42.2 0.0
42.21 0.0
42.22 0.0
42.230000000000004 0.0
42.24 0.0
42.25 0.0
42.26 0.0
42.27 0.0
42.28 0.0
42.29 0.0
42.300000000000004 0.0
42.31 0.0
42.32 0.0
42.33 0.0
42.34 0.0
42.35 0.0
42.36 0.0
42.37 0.0
42.38 0.0
42.39 0.0
42.4 0.0
42.410000000000004 0.0
42.42 0.0
42.43 0.0
42.44 0.0
42.45 0.0
42.46 0.0
42.47 0.0
42.480000000000004 0.0
42.49 0.0
42.5 0.0
42.51 0.0
42.52 0.0
42.53 0.0
42.54 0.0
42.550000000000004 0.0
42.56 0.0
42.57 0.0
42.58 0.0
42.59 0.0
42.6 0.0
42.61 0.0
42.62 0.0
42.63 0.0
42.64 0.0
42.65 0.0
42.660000000000004 0.0
42.67 0.0
42.68 0.0
42.69 0.0
42.7 0.0
42.71 0.0
42.72 0.0
42.730000000000004 0.0
42.74 0.0
42.75 0.0
42.76 0.0
42.77 0.0
42.78 0.0
42.79 0.0
42.800000000000004 0.0
42.81 0.0
42.82 0.0
42.83 0.0
42.84 0.0
42.85 0.0
42.86 0.0
42.87 0.0
42.88 0.0
42.89 0.0
42.9 0.0
42.910000000000004 0.0
42.92 0.0
42.93 0.0
42.94 0.0
42.95 0.0
42.96 0.0
42.97 0.0
42.980000000000004 0.0
42.99 0.0
43.0 0.0
43.01 0.0
43.02 0.0
43.03 0.0
43.04 0.0
43.050000000000004 0.0
43.06 0.0
43.07 0.0
43.08 0.0
43.09 0.0
43.1 0.0
43.11 0.0
43.12 0.0
43.13 0.0
43.14 0.0
43.15 0.0
43.160000000000004 0.0
43.17 0.0
43.18 0.0
43.19 0.0
43.2 0.0
43.21 0.0
43.22 0.0
43.230000000000004 0.0
43.24 0.0
43.25 0.0
43.26 0.0
43.27 0.0
43.28 0.0
43.29 0.0
43.300000000000004 0.0
43.31 0.0
43.32 0.0
43.33 0.0
43.34 0.0
43.35 0.0
43.36 0.0
43.37 0.0
43.38 0.0
43.39 0.0
43.4 0.0
43.410000000000004 0.0
43.42 0.0
43.43 0.0
43.44 0.0
43.45 0.0
43.46 0.0
43.47 0.0
43.480000000000004 0.0
43.49 0.0
43.5 0.0
43.51 0.0
43.52 0.0
43.53 0.0
43.54 0.0
43.550000000000004 0.0
43.56 0.0
43.57 0.0
43.58 0.0
43.59 0.0
43.6 0.0
43.61 0.0
43.62 0.0
43.63 0.0
43.64 0.0
43.65 0.0
43.660000000000004 0.0
43.67 0.0
43.68 0.0
43.69 0.0
43.7 0.0
43.71 0.0
43.72 0.0
43.730000000000004 0.0
43.74 0.0
43.75 0.0
43.76 0.0
43.77 0.0
43.78 0.0
43.79 0.0
43.800000000000004 0.0
43.81 0.0
43.82 0.0
43.83 0.0
43.84 0.0
43.85 0.0
43.86 0.0
43.87 0.0
43.88 0.0
43.89 0.0
43.9 0.0
43.910000000000004 0.0
43.92 0.0
43.93 0.0
43.94 0.0
43.95 0.0
43.96 0.0
43.97 0.0
43.980000000000004 0.0
43.99 0.0
44.0 0.0
44.01 0.0
44.02 0.0
44.03 0.0
44.04 0.0
44.050000000000004 0.0
44.06 0.0
44.07 0.0
44.08 0.0
44.09 0.0
44.1 0.0
44.11 0.0
44.12 0.0
44.13 0.0
44.14 0.0
44.15 0.0
44.160000000000004 0.0
44.17 0.0
44.18 0.0
44.19 0.0
44.2 0.0
44.21 0.0
44.22 0.0
44.230000000000004 0.0
44.24 0.0
44.25 0.0
44.26 0.0
44.27 0.0
44.28 0.0
44.29 0.0
44.300000000000004 0.0
44.31 0.0
44.32 0.0
44.33 0.0
44.34 0.0
44.35 0.0
44.36 0.0
44.37 0.0
44.38 0.0
44.39 0.0
44.4 0.0
44.410000000000004 0.0
44.42 0.0
44.43 0.0
44.44 0.0
44.45 0.0
44.46 0.0
44.47 0.0
44.480000000000004 0.0
44.49 0.0
44.5 0.0
44.51 0.0
44.52 0.0
44.53 0.0
44.54 0.0
44.550000000000004 0.0
44.56 0.0
44.57 0.0
44.58 0.0
44.59 0.0
44.6 0.0
44.61 0.0
44.62 0.0
44.63 0.0
44.64 0.0
44.65 0.0
44.660000000000004 0.0
44.67 0.0
44.68 0.0
44.69 0.0
44.7 0.0
44.71 0.0
44.72 0.0
44.730000000000004 0.0
44.74 0.0
44.75 0.0
44.76 0.0
44.77 0.0
44.78 0.0
44.79 0.0
44.800000000000004 0.0
44.81 0.0
44.82 0.0
44.83 0.0
44.84 0.0
44.85 0.0
44.86 0.0
44.87 0.0
44.88 0.0
44.89 0.0
44.9 0.0
44.910000000000004 0.0
44.92 0.0
44.93 0.0
44.94 0.0
44.95 0.0
44.96 0.0
44.97 0.0
44.980000000000004 0.0
44.99 0.0
45.0 0.0
45.01 0.0
45.02 0.0
45.03 0.0
45.04 0.0
45.050000000000004 0.0
45.06 0.0
45.07 0.0
45.08 0.0
45.09 0.0
45.1 0.0
45.11 0.0
45.12 0.0
45.13 0.0
45.14 0.0
45.15 0.0
45.160000000000004 0.0
45.17 0.0
45.18 0.0
45.19 0.0
45.2 0.0
45.21 0.0
45.22 0.0
45.230000000000004 0.0
45.24 0.0
45.25 0.0
45.26 0.0
45.27 0.0
45.28 0.0
45.29 0.0
45.300000000000004 0.0
45.31 0.0
45.32 0.0
45.33 0.0
45.34 0.0
45.35 0.0
45.36 0.0
45.37 0.0
45.38 0.0
45.39 0.0
45.4 0.0
45.410000000000004 0.0
45.42 0.0
45.43 0.0
45.44 0.0
45.45 0.0
45.46 0.0
45.47 0.0
45.480000000000004 0.0
45.49 0.0
45.5 0.0
45.51 0.0
45.52 0.0
45.53 0.0
45.54 0.0
45.550000000000004 0.0
45.56 0.0
45.57 0.0
45.58 0.0
45.59 0.0
45.6 0.0
45.61 0.0
45.62 0.0
45.63 0.0
45.64 0.0
45.65 0.0
45.660000000000004 0.0
45.67 0.0
45.68 0.0
45.69 0.0
45.7 0.0
45.71 0.0
45.72 0.0
45.730000000000004 0.0
45.74 0.0
45.75 0.0
45.76 0.0
45.77 0.0
45.78 0.0
45.79 0.0
45.800000000000004 0.0
45.81 0.0
45.82 0.0
45.83 0.0
45.84 0.0
45.85 0.0
45.86 0.0
45.87 0.0
45.88 0.0
45.89 0.0
45.9 0.0
45.910000000000004 0.0
45.92 0.0
45.93 0.0
45.94 0.0
45.95 0.0
45.96 0.0
45.97 0.0
45.980000000000004 0.0
45.99 0.0
46.0 0.0
46.01 0.0
46.02 0.0
46.03 0.0
46.04 0.0
46.050000000000004 0.0
46.06 0.0
46.07 0.0
46.08 0.0
46.09 0.0
46.1 0.0
46.11 0.0
46.12 0.0
46.13 0.0
46.14 0.0
46.15 0.0
46.160000000000004 0.0
46.17 0.0
46.18 0.0
46.19 0.0
46.2 0.0
46.21 0.0
46.22 0.0
46.230000000000004 0.0
46.24 0.0
46.25 0.0
46.26 0.0
46.27 0.0
46.28 0.0
46.29 0.0
46.300000000000004 0.0
46.31 0.0
46.32 0.0
46.33 0.0
46.34 0.0
46.35 0.0
46.36 0.0
46.37 0.0
46.38 0.0
46.39 0.0
46.4 0.0
46.410000000000004 0.0
46.42 0.0
46.43 0.0
46.44 0.0
46.45 0.0
46.46 0.0
46.47 0.0
46.480000000000004 0.0
46.49 0.0
46.5 0.0
46.51 0.0
46.52 0.0
46.53 0.0
46.54 0.0
46.550000000000004 0.0
46.56 0.0
46.57 0.0
46.58 0.0
46.59 0.0
46.6 0.0
46.61 0.0
46.62 0.0
46.63 0.0
46.64 0.0
46.65 0.0
46.660000000000004 0.0
46.67 0.0
46.68 0.0
46.69 0.0
46.7 0.0
46.71 0.0
46.72 0.0
46.730000000000004 0.0
46.74 0.0
46.75 0.0
46.76 0.0
46.77 0.0
46.78 0.0
46.79 0.0
46.800000000000004 0.0
46.81 0.0
46.82 0.0
46.83 0.0
46.84 0.0
46.85 0.0
46.86 0.0
46.87 0.0
46.88 0.0
46.89 0.0
46.9 0.0
46.910000000000004 0.0
46.92 0.0
46.93 0.0
46.94 0.0
46.95 0.0
46.96 0.0
46.97 0.0
46.980000000000004 0.0
46.99 0.0
47.0 0.0
47.01 0.0
47.02 0.0
47.03 0.0
47.04 0.0
47.050000000000004 0.0
47.06 0.0
47.07 0.0
47.08 0.0
47.09 0.0
47.1 0.0
47.11 0.0
47.12 0.0
47.13 0.0
47.14 0.0
47.15 0.0
47.160000000000004 0.0
47.17 0.0
47.18 0.0
47.19 0.0
47.2 0.0
47.21 0.0
47.22 0.0
47.230000000000004 0.0
47.24 0.0
47.25 0.0
47.26 0.0
47.27 0.0
47.28 0.0
47.29 0.0
47.300000000000004 0.0
47.31 0.0
47.32 0.0
47.33 0.0
47.34 0.0
47.35 0.0
47.36 0.0
47.37 0.0
47.38 0.0
47.39 0.0
47.4 0.0
47.410000000000004 0.0
47.42 0.0
47.43 0.0
47.44 0.0
47.45 0.0
47.46 0.0
47.47 0.0
47.480000000000004 0.0
47.49 0.0
47.5 0.0
47.51 0.0
47.52 0.0
47.53 0.0
47.54 0.0
47.550000000000004 0.0
47.56 0.0
47.57 0.0
47.58 0.0
47.59 0.0
47.6 0.0
47.61 0.0
47.62 0.0
47.63 0.0
47.64 0.0
47.65 0.0
47.660000000000004 0.0
47.67 0.0
47.68 0.0
47.69 0.0
47.7 0.0
47.71 0.0
47.72 0.0
47.730000000000004 0.0
47.74 0.0
47.75 0.0
47.76 0.0
47.77 0.0
47.78 0.0
47.79 0.0
47.800000000000004 0.0
47.81 0.0
47.82 0.0
47.83 0.0
47.84 0.0
47.85 0.0
47.86 0.0
47.870000000000005 0.0
47.88 0.0
47.89 253.2026195719887
47.9 253.91078398430844
47.910000000000004 254.18157247943944
47.92 253.01340907395593
47.93 252.85591091792972
47.94 252.3132830875573
47.95 252.8169912072956
47.96 253.38214344285058
47.97 253.95521183179116
47.980000000000004 254.54477232518622
47.99 256.7098574920634
48.0 257.9413816415995
48.01 259.03612233880773
48.02 260.016181585934
48.03 260.86741359964793
48.04 262.3905039690962
48.050000000000004 262.96091906165833
48.06 263.19278724585445
48.07 263.4400435181107
48.08 264.62295721199234
48.09 265.4123449179705
48.1 266.16225087309533
48.11 266.32923026507507
48.120000000000005 265.69706555125754
48.13 264.5414403406462
48.14 262.7377765537202
48.15 261.27573106538506
48.160000000000004 259.79365243514667
48.17 259.6683794092617
48.18 260.27890288197113
48.19 260.48295193121913
48.2 260.4432260810123
48.21 260.3586729324946
48.22 260.9067462644976
48.230000000000004 261.97911167436666
48.24 263.4121536889659
48.25 264.72991005369363
48.26 266.18727505322295
48.27 266.9426703104582
48.28 267.852378357037
48.29 269.19728303404867
48.300000000000004 270.03582573774787
48.31 270.28695995642244
48.32 269.96014534603694
48.33 269.2519256475693
48.34 268.40949185852554
48.35 267.9726688993012
48.36 268.103313760144
48.370000000000005 268.1345227876222
48.38 268.3008452233761
48.39 268.54638763273886
48.4 268.03309591263604
48.410000000000004 266.9866158230534
48.42 266.26309604931123
48.43 266.25497729769074
48.44 266.9582900176883
48.45 268.02285978347953
48.46 269.47441412055935
48.47 270.63596237505595
48.480000000000004 270.76106494553824
48.49 270.86675075640966
48.5 271.1196078840012
48.51 270.9690948887798
48.52 269.91161850379933
48.53 268.53335002652574
48.54 267.8055522716273
48.550000000000004 267.0896412983115
48.56 266.7827798315006
48.57 266.9443639285989
48.58 267.2675818473479
48.59 267.09542079432094
48.6 266.82384533394514
48.61 265.9634001209408
48.620000000000005 265.1811781137895
48.63 265.0112165150778
48.64 265.4649373721836
48.65 266.24171238790194
48.660000000000004 267.0800406800413
48.67 267.93670305895205
48.68 268.68918756457464
48.69 269.32063098736967
48.7 269.4549987272865
48.71 269.26507570145475
48.72 268.6879231162161
48.730000000000004 268.16130137046076
48.74 267.8076010772192
48.75 267.2471389531801
48.76 266.72442321826435
48.77 266.49616506632725
48.78 266.9190685963466
48.79 0.0
48.800000000000004 0.0
48.81 0.0
48.82 0.0
48.83 0.0
48.84 0.0
48.85 0.0
48.86 0.0
48.870000000000005 0.0
48.88 0.0
48.89 0.0
48.9 0.0
48.910000000000004 0.0
48.92 0.0
48.93 0.0
48.94 0.0
48.95 0.0
48.96 0.0
48.97 0.0
48.980000000000004 0.0
48.99 0.0
49.0 0.0
49.01 0.0
49.02 0.0
49.03 0.0
49.04 0.0
49.050000000000004 0.0
49.06 0.0
49.07 0.0
49.08 0.0
49.09 0.0
49.1 0.0
49.11 0.0
49.120000000000005 0.0
49.13 0.0
49.14 263.0570232139374
49.15 265.500749444225
49.160000000000004 266.6143050326125
49.17 266.950640418549
49.18 266.6844998151895
49.19 266.16530404275824
49.2 266.3575895089784
49.21 266.2643641412131
49.22 266.2461169896923
49.230000000000004 265.3544291953413
49.24 265.38759668604655
49.25 265.6075679588532
49.26 265.10231378695175
49.27 265.08527268748946
49.28 265.02114918440947
49.29 265.7195685179291
49.300000000000004 266.36801954349136
49.31 267.90864749095067
49.32 269.5224897540311
49.33 270.7129822554808
49.34 271.15902191069273
49.35 270.93538570771165
49.36 270.70864204672165
49.370000000000005 269.95848080632106
49.38 269.0245488750683
49.39 269.04469466061704
49.4 269.53947254720157
49.410000000000004 269.77173371565533
49.42 269.65352357437627
49.43 269.9558281712544
49.44 269.52879200656025
49.45 268.559328840834
49.46 267.8813058912328
49.47 267.49116941298774
49.480000000000004 266.8833477012631
49.49 266.2664746356602
49.5 267.0281599227161
49.51 268.5271655846403
49.52 270.166340965854
49.53 271.70681648786876
49.54 273.017272021017
49.550000000000004 273.227649185788
49.56 272.62497723991083
49.57 272.1709767102674
49.58 271.1161827776909
49.59 269.47055394997346
49.6 268.652598309278
49.61 268.156643450442
49.620000000000005 267.5357029831638
49.63 266.0611624933904
49.64 265.9790932605026
49.65 266.4367710747673
49.660000000000004 267.13416511151144
49.67 267.1266793116847
49.68 266.70503361017256
49.69 266.14958076956924
49.7 266.58442389447964
49.71 267.35610473525855
49.72 268.1989185516914
49.730000000000004 268.59598152856415
49.74 268.3387342738524
49.75 266.9628279556721
49.76 267.1069588949613
49.77 267.0661893263715
49.78 268.2817730885551
49.79 269.48721259766944
49.800000000000004 270.54652192887403
49.81 271.04591111288204
49.82 270.360740744672
49.83 269.1961431273315
49.84 268.163943361477
49.85 267.28296477673047
49.86 266.3665245521705
49.870000000000005 266.38084190029537
49.88 266.481933180086
49.89 266.9347162448665
49.9 267.2783945014671
49.910000000000004 267.3541667358162
49.92 267.0980388992254
49.93 266.1727822656804
49.94 266.04582742502964
49.95 266.7531154763135
49.96 267.8950411144787
49.97 269.1754520440759
49.980000000000004 269.74657206552683
49.99 269.19186678247263
50.0 268.24042595110143
50.01 267.6062044540042
50.02 268.0254147376004
50.03 269.0824165898099
50.04 270.41555234555057
50.050000000000004 270.9068249606338
50.06 270.3605328089601
50.07 269.7010766117455
50.08 269.7319962676291
50.09 269.6803479441104
50.1 0.0
50.11 269.3548785844639
50.120000000000005 269.44146444343863
50.13 269.84090174862996
50.14 270.2494846898732
50.15 269.95343907163243
50.160000000000004 269.36214733933446
50.17 268.9304028691355
50.18 268.98424487992867
50.19 269.5943137647134
50.2 270.58060317677655
50.21 271.325450886372
50.22 271.5519545971516
50.230000000000004 271.04745686476764
50.24 270.3109975477011
50.25 269.8437207806273
50.26 269.54102525564576
50.27 269.1676670485204
50.28 268.6412083185149
50.29 268.46212428140046
50.300000000000004 269.34385668312285
50.31 270.3105814125662
50.32 271.2478624182396
50.33 271.72870205105613
50.34 270.9311406956966
50.35 269.3043719325105
50.36 267.91147701323115
50.370000000000005 267.4065725067576
50.38 267.4671886162737
50.39 268.5217673910678
50.4 269.61244987645904
50.410000000000004 271.40433751981703
50.42 272.5897360182928
50.43 273.515656319065
50.44 275.5938129894269
50.45 277.07674445613446
50.46 276.85298252873093
50.47 276.8792664920478
50.480000000000004 276.81645152000027
50.49 276.71564064766005
50.5 276.82533003175996
50.51 276.42272960427164
50.52 275.06951929858093
50.53 272.2692909273125
50.54 269.8576911255744
50.550000000000004 269.20713415142393
50.56 268.87664638411457
50.57 268.59045519815555
50.58 268.36543025489794
50.59 268.6652102403131
50.6 269.94719223554034
50.61 272.04264988706495
50.620000000000005 273.3217090396096
50.63 273.47664169356284
50.64 0.0
50.65 0.0
50.660000000000004 0.0
50.67 0.0
50.68 0.0
50.69 0.0
50.7 0.0
50.71 0.0
50.72 0.0
50.730000000000004 0.0
50.74 0.0
50.75 0.0
50.76 0.0
50.77 0.0
50.78 0.0
50.79 0.0
50.800000000000004 0.0
50.81 0.0
50.82 0.0
50.83 0.0
50.84 0.0
50.85 0.0
50.86 0.0
50.870000000000005 0.0
50.88 0.0
50.89 0.0
50.9 0.0
50.910000000000004 0.0
50.92 0.0
50.93 0.0
50.94 0.0
50.95 0.0
50.96 0.0
50.97 0.0
50.980000000000004 0.0
50.99 0.0
51.0 0.0
51.01 0.0
51.02 0.0
51.03 0.0
51.04 0.0
51.050000000000004 0.0
51.06 0.0
51.07 0.0
51.08 0.0
51.09 0.0
51.1 0.0
51.11 0.0
51.120000000000005 0.0
51.13 0.0
51.14 0.0
51.15 0.0
51.160000000000004 0.0
51.17 0.0
51.18 0.0
51.19 0.0
51.2 0.0
51.21 0.0
51.22 0.0
51.230000000000004 0.0
51.24 0.0
51.25 0.0
51.26 0.0
51.27 0.0
51.28 0.0
51.29 0.0
51.300000000000004 0.0
51.31 0.0
51.32 0.0
51.33 0.0
51.34 0.0
51.35 0.0
51.36 0.0
51.370000000000005 0.0
51.38 0.0
51.39 0.0
51.4 0.0
51.410000000000004 0.0
51.42 0.0
51.43 0.0
51.44 0.0
51.45 0.0
51.46 0.0
51.47 0.0
51.480000000000004 0.0
51.49 0.0
51.5 0.0
51.51 0.0
51.52 0.0
51.53 0.0
51.54 0.0
51.550000000000004 0.0
51.56 0.0
51.57 0.0
51.58 0.0
51.59 0.0
51.6 0.0
51.61 0.0
51.620000000000005 0.0
51.63 0.0
51.64 0.0
51.65 0.0
51.660000000000004 0.0
51.67 0.0
51.68 0.0
51.69 0.0
51.7 0.0
51.71 0.0
51.72 0.0
51.730000000000004 0.0
51.74 0.0
51.75 0.0
51.76 0.0
51.77 0.0
51.78 0.0
51.79 0.0
51.800000000000004 0.0
51.81 0.0
51.82 0.0
51.83 0.0
51.84 0.0
51.85 0.0
51.86 0.0
51.870000000000005 0.0
51.88 0.0
51.89 0.0
51.9 0.0
51.910000000000004 0.0
51.92 0.0
51.93 0.0
51.94 0.0
51.95 0.0
51.96 0.0
51.97 0.0
51.980000000000004 0.0
51.99 0.0
52.0 0.0
52.01 0.0
52.02 0.0
52.03 0.0
52.04 0.0
52.050000000000004 0.0
52.06 0.0
52.07 0.0
52.08 0.0
52.09 0.0
52.1 0.0
52.11 0.0
52.120000000000005 0.0
52.13 0.0
52.14 0.0
52.15 0.0
52.160000000000004 0.0
52.17 0.0
52.18 0.0
52.19 0.0
52.2 0.0
52.21 0.0
52.22 0.0
52.230000000000004 0.0
52.24 0.0
52.25 0.0
52.26 0.0
52.27 0.0
52.28 0.0
52.29 0.0
52.300000000000004 0.0
52.31 0.0
52.32 0.0
52.33 0.0
52.34 0.0
52.35 0.0
52.36 0.0
52.370000000000005 0.0
52.38 0.0
52.39 0.0
52.4 0.0
52.410000000000004 0.0
52.42 0.0
52.43 0.0
52.44 0.0
52.45 0.0
52.46 0.0
52.47 0.0
52.480000000000004 0.0
52.49 0.0
52.5 0.0
52.51 0.0
52.52 0.0
52.53 0.0
52.54 0.0
52.550000000000004 0.0
52.56 0.0
52.57 0.0
52.58 0.0
52.59 0.0
52.6 0.0
52.61 0.0
52.620000000000005 0.0
52.63 0.0
52.64 0.0
52.65 0.0
52.660000000000004 0.0
52.67 0.0
52.68 0.0
52.69 0.0
52.7 0.0
52.71 0.0
52.72 0.0
52.730000000000004 0.0
52.74 0.0
52.75 0.0
52.76 0.0
52.77 0.0
52.78 0.0
52.79 0.0
52.800000000000004 0.0
52.81 0.0
52.82 0.0
52.83 0.0
52.84 0.0
52.85 0.0
52.86 0.0
52.870000000000005 0.0
52.88 0.0
52.89 0.0
52.9 0.0
52.910000000000004 0.0
52.92 0.0
52.93 0.0
52.94 0.0
52.95 0.0
52.96 0.0
52.97 0.0
52.980000000000004 0.0
52.99 0.0
53.0 0.0
53.01 0.0
53.02 0.0
53.03 0.0
53.04 0.0
53.050000000000004 0.0
53.06 0.0
53.07 0.0
53.08 0.0
53.09 0.0
53.1 0.0
53.11 0.0
53.120000000000005 0.0
53.13 0.0
53.14 0.0
53.15 0.0
53.160000000000004 0.0
53.17 0.0
53.18 0.0
53.19 0.0
53.2 0.0
53.21 0.0
53.22 0.0
53.230000000000004 0.0
53.24 0.0
53.25 0.0
53.26 0.0
53.27 0.0
53.28 0.0
53.29 0.0
53.300000000000004 0.0
53.31 0.0
53.32 0.0
53.33 0.0
53.34 0.0
53.35 0.0
53.36 0.0
53.370000000000005 0.0
53.38 0.0
53.39 0.0
53.4 0.0
53.410000000000004 0.0
53.42 0.0
53.43 0.0
53.44 0.0
53.45 0.0
53.46 0.0
53.47 0.0
53.480000000000004 0.0
53.49 0.0
53.5 0.0
53.51 0.0
53.52 0.0
53.53 0.0
53.54 0.0
53.550000000000004 0.0
53.56 0.0
53.57 0.0
53.58 0.0
53.59 0.0
53.6 0.0
53.61 0.0
53.620000000000005 0.0
53.63 0.0
53.64 238.40441795718775
53.65 239.86065878344297
53.660000000000004 244.4585559374732
53.67 250.73996478593068
53.68 256.3351313199854
53.69 261.8039355362534
53.7 268.7026358994039
53.71 273.62764905827567
53.72 276.0016408070483
53.730000000000004 277.7179826797478
53.74 278.45429382445445
53.75 278.0673021175793
53.76 277.55747514037057
53.77 277.4428635136481
53.78 277.84640461826956
53.79 279.2141325705362
53.800000000000004 281.67081905738337
53.81 284.78966150438566
53.82 285.81312067045144
53.83 285.63500049115294
53.84 285.8093313635269
53.85 287.0376383309119
53.86 289.1720493007511
53.870000000000005 291.7721981613331
53.88 294.88409951099277
53.89 296.8312396818321
53.9 296.75762454802737
53.910000000000004 297.13821358829813
53.92 298.09421716324397
53.93 298.16615523256706
53.94 296.91127101621436
53.95 295.32533288859815
53.96 293.41450249756167
53.97 291.4543562765442
53.980000000000004 290.56524207281325
53.99 290.4012142577496
54.0 290.4329196437476
54.01 290.3455834375865
54.02 290.6485544901094
54.03 291.35202965764915
54.04 291.60690524889304
54.050000000000004 290.9200384670143
54.06 290.0185318388822
54.07 290.0540802661378
54.08 291.22280256862257
54.09 292.39324066978753
54.1 292.23343996848126
54.11 291.1913008727828
54.120000000000005 290.72813164844996
54.13 291.00279225603714
54.14 291.40078998608163
54.15 291.80677038083815
54.160000000000004 292.4271351312089
54.17 291.98368083073433
54.18 290.42390807224103
54.19 289.22967858062054
54.2 288.8727764631964
54.21 289.16279593452407
54.22 290.07078815083713
54.230000000000004 290.4897854551922
54.24 290.1670606613532
54.25 289.69861298632526
54.26 289.47385775033996
54.27 289.39389961768023
54.28 290.4464198125327
54.29 292.58757993315817
54.300000000000004 294.19009287237907
54.31 294.9480035380955
54.32 294.88278817150314
54.33 294.37970945144184
54.34 293.7895398985796
54.35 293.1570054718886
54.36 292.7521463835993
54.370000000000005 292.74795842737814
54.38 292.61215942938793
54.39 292.7576756256641
54.4 293.56025868157883
54.410000000000004 294.64523599040155
54.42 294.6104889996603
54.43 293.209518560606
54.44 291.75794338838085
54.45 290.7280773827888
54.46 289.6751592208174
54.47 288.95047000507014
54.480000000000004 288.39542406359396
54.49 288.3201336205704
54.5 288.7404978260236
54.51 289.29003444102784
54.52 289.60947090031186
54.53 289.25546823618794
54.54 288.6795851875761
54.550000000000004 287.85751271666606
54.56 287.27101380024595
54.57 287.4818396777911
54.58 288.49308691281203
54.59 289.05647755067133
54.6 288.80845602353475
54.61 288.4312386499416
54.620000000000005 288.2383055109773
54.63 288.36204926570775
54.64 289.3269630792224
54.65 290.22477966011223
54.660000000000004 290.0320657650765
54.67 288.82025930000435
54.68 287.08439455661846
54.69 285.1320320608017
54.7 283.7441129839272
54.71 283.0263794812841
54.72 282.50379476236577
54.730000000000004 282.15745839246097
54.74 282.469962418488
54.75 283.13920950594974
54.76 283.87704156971967
54.77 285.3528979129828
54.78 287.79842052675195
54.79 290.8646397816232
54.800000000000004 293.5498209915549
54.81 295.11136613328455
54.82 295.5936651152499
54.83 295.2845943283184
54.84 294.5351130233379
54.85 293.97429355557557
54.86 293.79094872062694
54.870000000000005 293.5966419631501
54.88 293.6245665517345
54.89 294.1654444079172
54.9 294.6554834324603
54.910000000000004 294.6798876666498
54.92 294.6759777069709
54.93 295.62505988260193
54.94 296.85877660850866
54.95 297.463808937598
54.96 297.6116470872584
54.97 297.6095337638693
54.980000000000004 297.07152228229427
54.99 295.7318736942567
55.0 293.0379249244737
55.01 289.606080919837
55.02 285.5610349662846
55.03 280.582489411188
55.04 274.3015034632719
55.050000000000004 266.3192371571594
55.06 258.66668172782283
55.07 252.0158806350759
55.08 247.95996364690498
55.09 247.76940635221902
55.1 250.92292968256825
55.11 254.40270391278165
55.120000000000005 258.63507464638985
55.13 263.5938918757693
55.14 267.3046342631741
55.15 269.02953964628585
55.160000000000004 269.4906720574575
55.17 269.4223752537559
55.18 269.52584408766074
55.19 269.63157863007814
55.2 269.27619429025304
55.21 268.55977105279214
55.22 267.3883209837414
55.230000000000004 265.79565455754164
55.24 264.5972898080849
55.25 264.6509040733124
55.26 265.7218532451296
55.27 266.89633604741323
55.28 267.7167127891248
55.29 268.2354991936234
55.300000000000004 268.5500032305647
55.31 268.77370471665563
55.32 268.5188939201006
55.33 267.9037758081464
55.34 267.5568582096092
55.35 268.4419696915443
55.36 270.1456516273389
55.370000000000005 271.2669277337988
55.38 271.85860285487166
55.39 272.5713218767633
55.4 272.5860557600264
55.410000000000004 0.0
55.42 273.05409404060526
55.43 273.5651225464687
55.44 274.0864502269349
55.45 274.15760694214566
55.46 274.0008781822602
55.47 273.8953727379909
55.480000000000004 0.0
55.49 274.0944598273768
55.5 274.1198787587776
55.51 274.2205750589589
55.52 274.1972667069195
55.53 273.77330479893715
55.54 273.1548210981935
55.550000000000004 273.47854609529713
55.56 0.0
55.57 0.0
55.58 0.0
55.59 0.0
55.6 0.0
55.61 270.51420229423604
55.620000000000005 269.83051146168236
55.63 269.834806352601
55.64 269.73644081121336
55.65 269.00624207519616
55.660000000000004 267.91894244788807
55.67 266.2307897145139
55.68 263.5493749934238
55.69 259.73263173
55.7 254.908723374119
55.71 249.48506686298262
55.72 243.07823277434696
55.730000000000004 237.76804292319295
55.74 234.71717105534202
55.75 234.09841072176087
55.76 235.72893320289597
55.77 238.18765105403745
55.78 242.49074610637268
55.79 247.96755548225457
55.800000000000004 253.4619832744633
55.81 258.7128089275599
55.82 262.0010369604286
55.83 264.47712482827296
55.84 265.5368201382368
55.85 265.23742929735
55.86 262.92433328974204
55.870000000000005 259.67717019507336
55.88 256.73081367152
55.89 253.81618744871773
55.9 251.24932775306124
55.910000000000004 249.711262481749
55.92 0.0
55.93 0.0
55.94 0.0
55.95 0.0
55.96 0.0
55.97 0.0
55.980000000000004 0.0
55.99 0.0
56.0 0.0
56.01 0.0
56.02 0.0
56.03 0.0
56.04 0.0
56.050000000000004 0.0
56.06 0.0
56.07 0.0
56.08 0.0
56.09 0.0
56.1 0.0
56.11 0.0
56.120000000000005 0.0
56.13 0.0
56.14 0.0
56.15 0.0
56.160000000000004 0.0
56.17 0.0
56.18 0.0
56.19 0.0
56.2 0.0
56.21 0.0
56.22 0.0
56.230000000000004 0.0
56.24 0.0
56.25 0.0
56.26 0.0
56.27 0.0
56.28 0.0
56.29 0.0
56.300000000000004 0.0
56.31 0.0
56.32 0.0
56.33 0.0
56.34 0.0
56.35 0.0
56.36 0.0
56.370000000000005 0.0
56.38 0.0
56.39 0.0
56.4 0.0
56.410000000000004 0.0
56.42 0.0
56.43 0.0
56.44 0.0
56.45 0.0
56.46 0.0
56.47 0.0
56.480000000000004 0.0
56.49 0.0
56.5 0.0
56.51 0.0
56.52 0.0
56.53 0.0
56.54 0.0
56.550000000000004 0.0
56.56 0.0
56.57 0.0
56.58 0.0
56.59 0.0
56.6 0.0
56.61 0.0
56.620000000000005 0.0
56.63 0.0
56.64 0.0
56.65 0.0
56.660000000000004 0.0
56.67 0.0
56.68 0.0
56.69 0.0
56.7 0.0
56.71 0.0
56.72 0.0
56.730000000000004 0.0
56.74 0.0
56.75 0.0
56.76 0.0
56.77 0.0
56.78 0.0
56.79 0.0
56.800000000000004 0.0
56.81 0.0
56.82 0.0
56.83 0.0
56.84 0.0
56.85 0.0
56.86 0.0
56.870000000000005 0.0
56.88 0.0
56.89 0.0
56.9 0.0
56.910000000000004 0.0
56.92 0.0
56.93 0.0
56.94 0.0
56.95 0.0
56.96 0.0
56.97 0.0
56.980000000000004 0.0
56.99 0.0
57.0 0.0
57.01 0.0
57.02 0.0
57.03 0.0
57.04 0.0
57.050000000000004 0.0
57.06 0.0
57.07 0.0
57.08 0.0
57.09 0.0
57.1 0.0
57.11 0.0
57.120000000000005 0.0
57.13 0.0
57.14 0.0
57.15 0.0
57.160000000000004 0.0
57.17 0.0
57.18 0.0
57.19 0.0
57.2 0.0
57.21 0.0
57.22 0.0
57.230000000000004 0.0
57.24 0.0
57.25 0.0
57.26 0.0
57.27 0.0
57.28 0.0
57.29 0.0
57.300000000000004 0.0
57.31 0.0
57.32 0.0
57.33 0.0
57.34 0.0
57.35 0.0
57.36 0.0
57.370000000000005 0.0
57.38 0.0
57.39 0.0
57.4 0.0
57.410000000000004 0.0
57.42 0.0
57.43 0.0
57.44 0.0
57.45 0.0
57.46 0.0
57.47 0.0
57.480000000000004 0.0
57.49 0.0
57.5 0.0
57.51 0.0
57.52 0.0
57.53 0.0
57.54 0.0
57.550000000000004 0.0
57.56 0.0
57.57 0.0
57.58 0.0
57.59 0.0
57.6 0.0
57.61 0.0
57.620000000000005 0.0
57.63 0.0
57.64 0.0
57.65 0.0
57.660000000000004 0.0
57.67 0.0
57.68 0.0
57.69 0.0
57.7 0.0
57.71 0.0
57.72 0.0
57.730000000000004 0.0
57.74 0.0
57.75 0.0
57.76 0.0
57.77 0.0
57.78 0.0
57.79 0.0
57.800000000000004 0.0
57.81 0.0
57.82 0.0
57.83 0.0
57.84 0.0
57.85 0.0
57.86 0.0
57.870000000000005 0.0
57.88 0.0
57.89 0.0
57.9 0.0
57.910000000000004 0.0
57.92 0.0
57.93 0.0
57.94 0.0
57.95 0.0
57.96 0.0
57.97 0.0
57.980000000000004 0.0
57.99 0.0
58.0 0.0
58.01 0.0
58.02 0.0
58.03 0.0
58.04 0.0
58.050000000000004 0.0
58.06 0.0
58.07 0.0
58.08 0.0
58.09 0.0
58.1 0.0
58.11 0.0
58.120000000000005 0.0
58.13 0.0
58.14 0.0
58.15 0.0
58.160000000000004 0.0
58.17 0.0
58.18 0.0
58.19 0.0
58.2 0.0
58.21 0.0
58.22 0.0
58.230000000000004 0.0
58.24 0.0
58.25 0.0
58.26 0.0
58.27 0.0
58.28 0.0
58.29 0.0
58.300000000000004 0.0
58.31 0.0
58.32 0.0
58.33 0.0
58.34 0.0
58.35 0.0
58.36 0.0
58.370000000000005 0.0
58.38 0.0
58.39 0.0
58.4 0.0
58.410000000000004 0.0
58.42 0.0
58.43 0.0
58.44 0.0
58.45 0.0
58.46 0.0
58.47 0.0
58.480000000000004 0.0
58.49 0.0
58.5 0.0
58.51 0.0
58.52 0.0
58.53 0.0
58.54 0.0
58.550000000000004 256.7853456851871
58.56 258.4403680615506
58.57 260.17280342939256
58.58 261.30945658839636
58.59 261.9577562982877
58.6 261.8074774658042
58.61 261.29707456814424
58.620000000000005 260.1992912224495
58.63 258.84518334383375
58.64 258.20090739251594
58.65 258.7359440773416
58.660000000000004 260.53428982429847
58.67 262.38183648459847
58.68 263.85196346666766
58.69 265.04989863913806
58.7 266.6783338765534
58.71 268.5485553187078
58.72 269.7133810570727
58.730000000000004 269.4247692883586
58.74 269.009287637588
58.75 269.1159315714739
58.76 269.66552534961454
58.77 270.7238928517039
58.78 271.49675588556045
58.79 272.4244174227657
58.800000000000004 273.2616530998611
58.81 273.0014570111048
58.82 271.28416709909663
58.83 269.8091147684886
58.84 268.7864612475069
58.85 268.2207498069136
58.86 268.4198089083954
58.870000000000005 269.3927425567792
58.88 271.34536170829364
58.89 273.58361975276085
58.9 275.71083855588364
58.910000000000004 276.54611030050813
58.92 276.3804686636791
58.93 276.1722603683442
58.94 276.2490306689689
58.95 276.5239636521905
58.96 276.5808116425262
58.97 275.4117599307103
58.980000000000004 273.3031183255604
58.99 270.5649559248739
59.0 267.4871349331549
59.01 264.143600891864
59.02 260.84278143038154
59.03 257.7413069246339
59.04 254.64657771478917
59.050000000000004 250.77691208182742
59.06 245.96099633210702
59.07 242.1604517636758
59.08 0.0
59.09 235.20219842772616
59.1 233.72749047625692
59.11 233.78601272637783
59.120000000000005 235.3343074635423
59.13 237.6694785380009
59.14 240.20421970492941
59.15 242.22511497722232
59.160000000000004 242.962250101871
59.17 242.9918566271898
59.18 242.40707137741165
59.19 241.47549379263586
59.2 240.65323845175516
59.21 240.78825938013873
59.22 241.5814748882108
59.230000000000004 242.3249462378558
59.24 242.92525792414432
59.25 243.58877101755118
59.26 244.01879276578973
59.27 244.199153013684
59.28 244.87432241192036
59.29 244.7610977128887
59.300000000000004 244.12692404833382
59.31 243.87486357712245
59.32 244.13268964792658
59.33 244.2912346839925
59.34 244.23621282065628
59.35 244.17011356480205
59.36 243.58678761389058
59.370000000000005 242.52370886738277
59.38 241.72337237525818
59.39 241.82789409388727
59.4 242.55203452917624
59.410000000000004 243.7494662779898
59.42 244.96889696352116
59.43 245.86079809515414
59.44 246.29571200457562
59.45 246.72657157016425
59.46 247.3656910514674
59.47 248.05064163765448
59.480000000000004 248.44343100831304
59.49 248.4927791589097
59.5 248.62276476548132
59.51 248.1358714750055
59.52 247.21365994103476
59.53 246.91760589945676
59.54 246.7270203622903
59.550000000000004 246.82068029178555
59.56 246.68378450362258
59.57 246.1807679940633
59.58 245.5070876848332
59.59 244.9515747820854
59.6 245.22302378681218
59.61 245.50458543694984
59.620000000000005 245.18080799660768
59.63 0.0
59.64 244.96184141578726
59.65 245.73081932567993
59.660000000000004 246.3089289547988
59.67 246.65832989154814
59.68 247.0634771703407
59.69 247.21768556795453
59.7 246.60140239378862
59.71 245.8155445281904
59.72 244.72258743803246
59.730000000000004 243.46161558271433
59.74 242.8145564015719
59.75 242.881380275307
59.76 243.2757031666861
59.77 243.43483511366387
59.78 243.06378799614012
59.79 242.3070852186186
59.800000000000004 240.67009437588993
59.81 238.29739342773254
59.82 234.8798515558754
59.83 230.42401889094992
59.84 225.76617554567122
59.85 222.46575270631658
59.86 219.5109760528878
59.870000000000005 216.7218663952223
59.88 212.98171660948583
59.89 209.52058440172564
59.9 206.52930548651358
59.910000000000004 204.00501756520342
59.92 201.085669229628
59.93 197.77552772629363
59.94 0.0
59.95 0.0
59.96 187.6173027813679
59.97 0.0
59.980000000000004 0.0
59.99 0.0
60.0 0.0
60.01 179.08602404037487
60.02 0.0
60.03 178.72068885790344
60.04 178.05253580472004
60.050000000000004 177.88307095968824
60.06 177.6186507272583
60.07 178.04053486174348
60.08 179.00426937169644
60.09 179.06283300935408
60.1 2.842170943040401e-14
60.11 0.0
60.120000000000005 0.0
60.13 0.0
60.14 176.69364641460984
60.15 176.41693800799163
60.160000000000004 176.64901290631875
60.17 177.4436299595118
60.18 178.35499293174564
60.19 179.46008116663572
60.2 0.0
60.21 181.8314775163917
60.22 182.34806305733426
60.230000000000004 182.57521521169593
60.24 182.9052138884367
60.25 183.46982040937485
60.26 184.38242217592256
60.27 185.39363525875459
60.28 184.3304368353466
60.29 182.69663843353075
60.300000000000004 0.0
60.31 181.06659534593484
60.32 180.96514124616664
60.33 181.58449676585897
60.34 182.08969297015386
60.35 182.91920973029536
60.36 183.93858473275802
60.370000000000005 184.32592026072
60.38 184.71054116570951
60.39 184.96886073983097
60.4 185.24454817410376
60.410000000000004 185.299009795151
60.42 184.59317520775446
60.43 183.9386789692869
60.44 183.44691958266083
60.45 182.76593408151982
60.46 182.40678837785524
60.47 181.85237988667976
60.480000000000004 181.5283768359978
60.49 0.0
60.5 0.0
60.51 183.37890627725844
60.52 183.9004580970957
60.53 184.54659747054347
60.54 185.28112262699588
60.550000000000004 185.7494918268648
60.56 186.1225639197516
60.57 0.0
60.58 184.18472609746007
60.59 183.67933316449856
60.6 183.60040964445508
60.61 183.45128069088602
60.620000000000005 183.64073070289624
60.63 184.13599858114563
60.64 184.47245792054198
60.65 184.52937670224128
60.660000000000004 184.2790061182868
60.67 183.8675133784157
60.68 183.785505103361
60.69 183.8516116105588
60.7 183.52785913771513
60.71 183.40124251587312
60.72 183.46761547671247
60.730000000000004 183.79322955646722
60.74 183.83446233574355
60.75 183.06721108446035
60.76 182.01219881883733
60.77 181.5362744174768
60.78 181.53386135181154
60.79 181.72274904868078
60.800000000000004 181.80264477590407
60.81 181.74060540840273
60.82 181.86477570492923
60.83 182.31980149191304
60.84 182.5139522910213
60.85 181.92062554906903
60.86 180.99676481406374
60.870000000000005 180.59501973619945
60.88 181.0208605306511
60.89 180.8547514751428
60.9 0.0
60.910000000000004 0.0
60.92 0.0
60.93 0.0
60.94 0.0
60.95 0.0
60.96 0.0
60.97 0.0
60.980000000000004 0.0
60.99 0.0
61.0 0.0
61.01 0.0
61.02 0.0
61.03 0.0
61.04 0.0
61.050000000000004 0.0
61.06 0.0
61.07 0.0
61.08 0.0
61.09 0.0
61.1 0.0
61.11 0.0
61.120000000000005 0.0
61.13 0.0
61.14 0.0
61.15 0.0
61.160000000000004 0.0
61.17 0.0
61.18 0.0
61.19 0.0
61.2 0.0
61.21 0.0
61.22 0.0
61.230000000000004 0.0
61.24 0.0
61.25 0.0
61.26 0.0
61.27 0.0
61.28 0.0
61.29 0.0
61.300000000000004 0.0
61.31 0.0
61.32 0.0
61.33 0.0
61.34 0.0
61.35 0.0
61.36 0.0
61.370000000000005 0.0
61.38 0.0
61.39 0.0
61.4 0.0
61.410000000000004 0.0
61.42 0.0
61.43 0.0
61.44 0.0
61.45 0.0
61.46 0.0
61.47 0.0
61.480000000000004 0.0
61.49 0.0
61.5 0.0
61.51 0.0
61.52 0.0
61.53 0.0
61.54 0.0
61.550000000000004 0.0
61.56 0.0
61.57 0.0
61.58 0.0
61.59 0.0
61.6 0.0
61.61 0.0
61.620000000000005 0.0
61.63 0.0
61.64 0.0
61.65 0.0
61.660000000000004 0.0
61.67 0.0
61.68 0.0
61.690000000000005 0.0
61.7 0.0
61.71 0.0
61.72 0.0
61.730000000000004 0.0
61.74 0.0
61.75 0.0
61.76 0.0
61.77 0.0
61.78 0.0
61.79 0.0
61.800000000000004 0.0
61.81 0.0
61.82 0.0
61.83 0.0
61.84 0.0
61.85 0.0
61.86 0.0
61.870000000000005 0.0
61.88 0.0
61.89 0.0
61.9 0.0
61.910000000000004 0.0
61.92 0.0
61.93 0.0
61.940000000000005 0.0
61.95 0.0
61.96 0.0
61.97 0.0
61.980000000000004 0.0
61.99 0.0
62.0 0.0
62.01 0.0
62.02 0.0
62.03 0.0
62.04 0.0
62.050000000000004 0.0
62.06 0.0
62.07 0.0
62.08 0.0
