0.0 0.0
0.01 0.0
0.02 0.0
0.03 0.0
0.04 0.0
0.05 0.0
0.06 0.0
0.07 0.0
0.08 0.0
0.09 0.0
0.1 0.0
0.11 0.0
0.12 0.0
0.13 0.0
0.14 0.0
0.15 0.0
0.16 0.0
0.17 0.0
0.18 0.0
0.19 0.0
0.2 0.0
0.21 0.0
0.22 0.0
0.23 0.0
0.24 0.0
0.25 0.0
0.26 0.0
0.27 0.0
0.28 0.0
0.29 0.0
0.3 0.0
0.31 0.0
0.32 0.0
0.33 0.0
0.34 0.0
0.35000000000000003 0.0
0.36 0.0
0.37 0.0
0.38 0.0
0.39 0.0
0.4 0.0
0.41000000000000003 0.0
0.42 0.0
0.43 0.0
0.44 0.0
0.45 0.0
0.46 0.0
0.47000000000000003 0.0
0.48 0.0
0.49 0.0
0.5 0.0
0.51 0.0
0.52 0.0
0.53 0.0
0.54 0.0
0.55 0.0
0.56 0.0
0.5700000000000001 0.0
0.58 0.0
0.59 0.0
0.6 0.0
0.61 0.0
0.62 0.0
0.63 0.0
0.64 0.0
0.65 0.0
0.66 0.0
0.67 0.0
0.68 0.0
0.6900000000000001 0.0
0.7000000000000001 0.0
0.71 0.0
0.72 0.0
0.73 0.0
0.74 0.0
0.75 0.0
0.76 0.0
0.77 0.0
0.78 0.0
0.79 0.0
0.8 0.0
0.81 0.0
0.8200000000000001 0.0
0.8300000000000001 0.0
0.84 0.0
0.85 0.0
0.86 0.0
0.87 0.0
0.88 0.0
0.89 0.0
0.9 0.0
0.91 0.0
0.92 0.0
0.93 0.0
0.9400000000000001 0.0
0.9500000000000001 0.0
0.96 0.0
0.97 0.0
0.98 0.0
0.99 0.0
1.0 0.0
1.01 0.0
1.02 0.0
1.03 0.0
1.04 0.0
1.05 0.0
1.06 0.0
1.07 0.0
1.08 0.0
1.09 0.0
1.1 0.0
1.11 0.0
1.12 0.0
1.1300000000000001 0.0
1.1400000000000001 0.0
1.1500000000000001 0.0
1.16 0.0
1.17 0.0
1.18 0.0
1.19 0.0
1.2 0.0
1.21 0.0
1.22 0.0
1.23 0.0
1.24 0.0
1.25 0.0
1.26 0.0
1.27 0.0
1.28 0.0
1.29 0.0
1.3 0.0
1.31 0.0
1.32 0.0
1.33 0.0
1.34 0.0
1.35 0.0
1.36 0.0
1.37 0.0
1.3800000000000001 0.0
1.3900000000000001 0.0
1.4000000000000001 0.0
1.41 0.0
1.42 0.0
1.43 0.0
1.44 0.0
1.45 0.0
1.46 0.0
1.47 0.0
1.48 0.0
1.49 0.0
1.5 0.0
1.51 0.0
1.52 0.0
1.53 0.0
1.54 0.0
1.55 0.0
1.56 0.0
1.57 0.0
1.58 0.0
1.59 0.0
1.6 0.0
1.61 0.0
1.62 0.0
1.6300000000000001 0.0
1.6400000000000001 0.0
1.6500000000000001 0.0
1.6600000000000001 0.0
1.67 0.0
1.68 0.0
1.69 0.0
1.7 0.0
1.71 0.0
1.72 0.0
1.73 0.0
1.74 0.0
1.75 0.0
1.76 0.0
1.77 0.0
1.78 0.0
1.79 0.0
1.8 0.0
1.81 0.0
1.82 0.0
1.83 0.0
1.84 0.0
1.85 0.0
1.86 0.0
1.87 0.0
1.8800000000000001 0.0
1.8900000000000001 0.0
1.9000000000000001 0.0
1.9100000000000001 0.0
1.92 0.0
1.93 0.0
1.94 0.0
1.95 0.0
1.96 0.0
1.97 0.0
1.98 0.0
1.99 0.0
2.0 0.0
2.0100000000000002 0.0
2.02 0.0
2.0300000000000002 0.0
2.04 0.0
2.05 0.0
2.06 0.0
2.07 0.0
2.08 0.0
2.09 0.0
2.1 0.0
2.11 0.0
2.12 0.0
2.13 0.0
2.14 0.0
2.15 0.0
2.16 0.0
2.17 0.0
2.18 0.0
2.19 0.0
2.2 0.0
2.21 0.0
2.22 0.0
2.23 0.0
2.24 0.0
2.25 0.0
2.2600000000000002 0.0
2.27 0.0
2.2800000000000002 0.0
2.29 0.0
2.3000000000000003 0.0
2.31 0.0
2.32 0.0
2.33 0.0
2.34 0.0
2.35 0.0
2.36 0.0
2.37 0.0
2.38 0.0
2.39 0.0
2.4 0.0
2.41 0.0
2.42 0.0
2.43 0.0
2.44 0.0
2.45 0.0
2.46 0.0
2.47 0.0
2.48 0.0
2.49 0.0
2.5 0.0
2.5100000000000002 0.0
2.52 0.0
2.5300000000000002 0.0
2.54 0.0
2.5500000000000003 0.0
2.56 0.0
2.57 0.0
2.58 0.0
2.59 0.0
2.6 0.0
2.61 0.0
2.62 0.0
2.63 0.0
2.64 0.0
2.65 0.0
2.66 0.0
2.67 0.0
2.68 0.0
2.69 0.0
2.7 0.0
2.71 0.0
2.72 0.0
2.73 0.0
2.74 0.0
2.75 0.0
2.7600000000000002 0.0
2.77 0.0
2.7800000000000002 0.0
2.79 0.0
2.8000000000000003 0.0
2.81 0.0
2.82 0.0
2.83 0.0
2.84 0.0
2.85 0.0
2.86 0.0
2.87 0.0
2.88 0.0
2.89 0.0
2.9 0.0
2.91 0.0
2.92 0.0
2.93 0.0
2.94 0.0
2.95 0.0
2.96 0.0
2.97 0.0
2.98 0.0
2.99 0.0
3.0 0.0
3.0100000000000002 0.0
3.02 0.0
3.0300000000000002 0.0
3.04 0.0
3.0500000000000003 0.0
3.06 0.0
3.0700000000000003 0.0
3.08 0.0
3.09 0.0
3.1 0.0
3.11 0.0
3.12 0.0
3.13 0.0
3.14 0.0
3.15 0.0
3.16 0.0
3.17 0.0
3.18 0.0
3.19 0.0
3.2 0.0
3.21 0.0
3.22 0.0
3.23 0.0
3.24 0.0
3.25 0.0
3.2600000000000002 0.0
3.27 0.0
3.2800000000000002 0.0
3.29 0.0
3.3000000000000003 0.0
3.31 0.0
3.3200000000000003 0.0
3.33 0.0
3.34 0.0
3.35 0.0
3.36 0.0
3.37 0.0
3.38 0.0
3.39 0.0
3.4 0.0
3.41 0.0
3.42 0.0
3.43 0.0
3.44 0.0
3.45 0.0
3.46 0.0
3.47 0.0
3.48 0.0
3.49 0.0
3.5 0.0
3.5100000000000002 0.0
3.52 0.0
3.5300000000000002 0.0
3.54 0.0
3.5500000000000003 0.0
3.56 0.0
3.5700000000000003 0.0
3.58 0.0
3.59 0.0
3.6 0.0
3.61 0.0
3.62 0.0
3.63 0.0
3.64 0.0
3.65 0.0
3.66 0.0
3.67 0.0
3.68 0.0
3.69 0.0
3.7 0.0
3.71 0.0
3.72 0.0
3.73 0.0
3.74 0.0
3.75 0.0
3.7600000000000002 0.0
3.77 0.0
3.7800000000000002 0.0
3.79 0.0
3.8000000000000003 0.0
3.81 0.0
3.8200000000000003 0.0
3.83 0.0
3.84 0.0
3.85 0.0
3.86 0.0
3.87 0.0
3.88 0.0
3.89 0.0
3.9 0.0
3.91 0.0
3.92 0.0
3.93 0.0
3.94 0.0
3.95 0.0
3.96 0.0
3.97 0.0
3.98 0.0
3.99 0.0
4.0 0.0
4.01 0.0
4.0200000000000005 0.0
4.03 0.0
4.04 0.0
4.05 0.0
4.0600000000000005 0.0
4.07 0.0
4.08 0.0
4.09 0.0
4.1 0.0
4.11 0.0
4.12 0.0
4.13 0.0
4.14 0.0
4.15 0.0
4.16 0.0
4.17 0.0
4.18 0.0
4.19 0.0
4.2 0.0
4.21 0.0
4.22 0.0
4.23 0.0
4.24 0.0
4.25 0.0
4.26 0.0
4.2700000000000005 0.0
4.28 0.0
4.29 0.0
4.3 0.0
4.3100000000000005 0.0
4.32 0.0
4.33 0.0
4.34 0.0
4.3500000000000005 0.0
4.36 0.0
4.37 0.0
4.38 0.0
4.39 0.0
4.4 0.0
4.41 0.0
4.42 0.0
4.43 0.0
4.44 0.0
4.45 0.0
4.46 0.0
4.47 0.0
4.48 0.0
4.49 0.0
4.5 0.0
4.51 0.0
4.5200000000000005 0.0
4.53 0.0
4.54 0.0
4.55 0.0
4.5600000000000005 0.0
4.57 0.0
4.58 0.0
4.59 0.0
4.6000000000000005 0.0
4.61 0.0
4.62 0.0
4.63 0.0
4.64 0.0
4.65 0.0
4.66 0.0
4.67 0.0
4.68 0.0
4.69 0.0
4.7 0.0
4.71 0.0
4.72 0.0
4.73 0.0
4.74 0.0
4.75 0.0
4.76 0.0
4.7700000000000005 0.0
4.78 0.0
4.79 0.0
4.8 0.0
4.8100000000000005 0.0
4.82 0.0
4.83 0.0
4.84 0.0
4.8500000000000005 0.0
4.86 0.0
4.87 0.0
4.88 0.0
4.89 0.0
4.9 0.0
4.91 0.0
4.92 0.0
4.93 0.0
4.94 0.0
4.95 0.0
4.96 0.0
4.97 0.0
4.98 0.0
4.99 0.0
5.0 0.0
5.01 0.0
5.0200000000000005 0.0
5.03 0.0
5.04 0.0
5.05 0.0
5.0600000000000005 0.0
5.07 0.0
5.08 0.0
5.09 0.0
5.1000000000000005 0.0
5.11 0.0
5.12 0.0
5.13 0.0
5.14 0.0
5.15 0.0
5.16 0.0
5.17 0.0
5.18 0.0
5.19 0.0
5.2 0.0
5.21 0.0
5.22 0.0
5.23 0.0
5.24 0.0
5.25 0.0
5.26 0.0
5.2700000000000005 0.0
5.28 0.0
5.29 0.0
5.3 0.0
5.3100000000000005 0.0
5.32 0.0
5.33 0.0
5.34 0.0
5.3500000000000005 0.0
5.36 0.0
5.37 0.0
5.38 0.0
5.39 0.0
5.4 0.0
5.41 0.0
5.42 0.0
5.43 0.0
5.44 0.0
5.45 0.0
5.46 0.0
5.47 0.0
5.48 0.0
5.49 0.0
5.5 0.0
5.51 0.0
5.5200000000000005 0.0
5.53 0.0
5.54 0.0
5.55 0.0
5.5600000000000005 0.0
5.57 0.0
5.58 0.0
5.59 0.0
5.6000000000000005 0.0
5.61 0.0
5.62 0.0
5.63 0.0
5.64 0.0
5.65 0.0
5.66 0.0
5.67 0.0
5.68 0.0
5.69 0.0
5.7 0.0
5.71 256.5150216879356
5.72 256.2696646612908
5.73 254.65118270770023
5.74 256.36004551614167
5.75 259.0598523377103
5.76 262.55952791098326
5.7700000000000005 266.11872687219443
5.78 266.9794175364947
5.79 266.20164698026036
5.8 131.637168115203
5.8100000000000005 130.49748659874544
5.82 259.244997494908
5.83 259.30077645166887
5.84 262.0396573209201
5.8500000000000005 264.91919817417903
5.86 266.4096651985271
5.87 267.4596319996576
5.88 267.73938642917966
5.89 266.02014845091367
5.9 263.98085095157415
5.91 263.91039766369295
5.92 265.19024040781886
5.93 267.92923793522397
5.94 269.34934759353166
5.95 269.18957997549785
5.96 267.4900509009612
5.97 265.14055537216615
5.98 263.5802440326216
5.99 262.11050707868407
6.0 261.6902799424893
6.01 262.04011196552824
6.0200000000000005 262.95013126702196
6.03 264.75956893454594
6.04 265.94933675679516
6.05 265.41004665529607
6.0600000000000005 264.77033070173553
6.07 264.970006569818
6.08 265.28999260622805
6.09 265.7399744084133
6.1000000000000005 266.319600150459
6.11 265.79002805820096
6.12 265.100056264131
6.13 264.2703199531434
6.140000000000001 264.1504160192222
6.15 265.41993454347045
6.16 267.0796128555646
6.17 268.1995992508515
6.18 268.4696951007977
6.19 267.80999456558203
6.2 266.81024606258984
6.21 266.1804643232002
6.22 266.86006011565837
6.23 268.07989264383565
6.24 269.51962635491435
6.25 270.3594201384045
6.26 269.5898548196008
6.2700000000000005 267.94042879564955
6.28 266.98056505267675
6.29 267.52011990776754
6.3 268.73986967564844
6.3100000000000005 270.09955713979406
6.32 270.57972030650666
6.33 270.32000469088564
6.34 269.9498966300507
6.3500000000000005 269.039906069615
6.36 267.3604415974036
6.37 266.4003094612917
6.38 266.0501609866003
6.390000000000001 266.0900633597892
6.4 266.36992927618746
6.41 266.5398699687806
6.42 266.34004516473897
6.43 266.2000511621054
6.44 266.1699180518825
6.45 265.84007772358035
6.46 265.6203524170097
6.47 266.520037933583
6.48 267.98949297376623
6.49 268.4097056950397
6.5 268.009840471428
6.51 266.860120520151
6.5200000000000005 265.5702521374992
6.53 264.53014542933545
6.54 263.49025453993374
6.55 262.83025027382666
6.5600000000000005 262.7203341993173
6.57 263.7199866298132
6.58 265.15966659401874
6.59 266.13965042890374
6.6000000000000005 266.3798314067654
6.61 266.14994882622227
6.62 265.6299147351332
6.63 264.5602328525831
6.640000000000001 263.7804020239101
6.65 264.0203858243521
6.66 265.72001227754873
6.67 268.28950289137333
6.68 270.3793573787499
6.69 271.2495221439554
6.7 270.8797098726376
6.71 269.3199911489481
6.72 266.9705237931414
6.73 265.30059251860473
6.74 264.88019954036974
6.75 264.9500218302874
6.76 265.12978818054745
6.7700000000000005 264.660111614882
6.78 264.35017259301145
6.79 264.49011830713454
6.8 265.1098932559414
6.8100000000000005 265.65994606973004
6.82 266.2898573530209
6.83 266.7297919965644
6.84 266.65984030592904
6.8500000000000005 266.0000233146433
6.86 265.10028952737974
6.87 264.7704539987037
6.88 265.8601952156051
6.890000000000001 268.1597991207935
6.9 270.87916597671347
6.91 272.01932067598307
6.92 271.3497690023456
6.93 269.5500591613377
6.94 267.08041709895747
6.95 264.86075268010643
6.96 264.18053171943706
6.97 265.0200951775925
6.98 266.5995206832682
6.99 267.27964065434793
7.0 267.04005357781676
7.01 266.86995483870515
7.0200000000000005 266.4598763825024
7.03 265.4201769611206
7.04 264.4904430643929
7.05 264.65010982649403
7.0600000000000005 265.27000526182223
7.07 266.2100150552546
7.08 267.6596393448203
7.09 268.55949790272683
7.1000000000000005 268.14973556615496
7.11 266.6200530116192
7.12 264.53049321084364
7.13 263.1406452691578
7.140000000000001 263.32009557823994
7.15 263.91995060770194
7.16 264.63987062450076
7.17 265.2598443906716
7.18 265.6399985404528
7.19 266.1998527775712
7.2 266.51963646725613
7.21 265.73000699214094
7.22 264.58041060779294
7.23 264.300208640509
7.24 264.6097815276608
7.25 264.3100332978103
7.26 263.98034478222985
7.2700000000000005 264.6896337003062
7.28 264.46936730191686
7.29 261.94035354741726
7.3 259.41059783017226
7.3100000000000005 257.7303986570121
7.32 256.6204108102599
7.33 256.39983558868903
7.34 255.50072889532066
7.3500000000000005 256.7005646958051
7.36 260.449381097536
7.37 263.86869762548343
7.38 264.4199458481803
7.390000000000001 265.04993201586177
7.4 265.74970399788475
7.41 265.76017658340476
7.42 266.38971380263933
7.43 266.3297843447468
7.44 265.4902810625237
7.45 265.2199487795113
7.46 264.6402332780185
7.47 264.5901477409048
7.48 265.0297920903918
7.49 264.9604319263708
7.5 266.3602523343946
7.51 269.318845351776
7.5200000000000005 269.6996566138403
7.53 269.0700851099598
7.54 268.4298367573499
7.55 266.9101607739355
7.5600000000000005 265.2106425865293
7.57 264.92010095523494
7.58 264.83984464893666
7.59 264.1802501547224
7.6000000000000005 264.06970240506524
7.61 262.8702509819016
7.62 261.96038572573616
7.63 261.9502369684617
7.640000000000001 262.76006486484596
7.65 264.1897082193053
7.66 265.29974999567685
7.67 266.07956928125645
7.68 265.74002734749854
7.69 265.3301377437888
7.7 265.2002881415479
7.71 266.0098322479924
7.72 266.62963187871605
7.73 266.2702081870373
7.74 266.4597753218577
7.75 265.95997794206573
7.76 265.139962419135
7.7700000000000005 263.7902719948485
7.78 262.7303492583893
7.79 262.3702370629414
7.8 262.66010021705983
7.8100000000000005 263.439770377777
7.82 263.800015686832
7.83 264.3899376350995
7.84 265.04993356925223
7.8500000000000005 265.7997716560561
7.86 266.1198403706402
7.87 266.0402494938734
7.88 266.7896482346705
7.890000000000001 266.67998083006455
7.9 266.44975645964826
7.91 265.2602266278078
7.92 264.2805132283374
7.930000000000001 264.6098764260356
7.94 264.6699197777817
7.95 264.4797623651733
7.96 263.3705399420535
7.97 263.60011152528494
7.98 264.3296567850698
7.99 264.22054945695976
8.0 265.96967792941496
8.01 267.4495460564691
8.02 268.0694480059614
8.03 267.06992141881096
8.040000000000001 265.3101770885874
8.05 263.31040025026755
8.06 261.73076657753955
8.07 262.05005305018904
8.08 262.709833067334
8.09 263.1096453872867
8.1 262.47004633391674
8.11 261.6803631603981
8.120000000000001 261.77008514029455
8.13 262.20011507962374
8.14 263.23972828758895
8.15 263.839893119147
8.16 264.360151280391
8.17 265.65965173877333
8.18 266.3797671943987
8.19 266.6400555141386
8.2 267.21999359918846
8.21 268.0598308818013
8.22 268.7197985874774
8.23 269.00002112730976
8.24 269.48989127955707
8.25 269.83955760763496
8.26 268.81992999160275
8.27 267.06037237081296
8.28 265.74029946518175
8.290000000000001 264.82027799401175
8.3 264.42012201774986
8.31 264.2500381522913
8.32 264.1301259157769
8.33 264.3900699321139
8.34 265.01985163744376
8.35 265.4398637289205
8.36 265.5900393182358
8.370000000000001 265.9500128571365
8.38 266.52980405198593
8.39 266.7098972731285
8.4 266.62015327593923
8.41 267.01990963672773
8.42 267.29969089581215
8.43 266.64008358427856
8.44 265.9501165673056
8.45 265.33006659117365
8.46 264.6401883670407
8.47 264.2701608828403
8.48 264.27999576500633
8.49 264.2800631834257
8.5 264.50004680262407
8.51 264.9900061699073
8.52 265.7397199847555
8.53 265.879971773867
8.540000000000001 265.9901655166641
8.55 266.72953185762793
8.56 266.1997954409546
8.57 264.700318781605
8.58 263.5804323229469
8.59 263.4202464574458
8.6 264.04008855214363
8.61 265.2697132018426
8.620000000000001 266.0997231109789
8.63 266.3700368746433
8.64 266.8999603665225
8.65 267.5496535375992
8.66 267.30991861379397
8.67 266.6701296489816
8.68 266.17004408498343
8.69 265.58030935507156
8.700000000000001 265.7800352782882
8.71 266.19989822014867
8.72 266.4699478807678
8.73 266.68997498743863
8.74 266.93005831861814
8.75 267.48953118035394
8.76 266.6902610856476
8.77 266.4102746804564
8.78 266.9500135684814
8.790000000000001 267.7994877424508
8.8 267.2799088867088
8.81 266.1899685554737
8.82 264.4602877800812
8.83 262.8904147936265
8.84 262.0001043806097
8.85 261.0400968784056
8.86 259.9501523971883
8.870000000000001 258.8603850103155
8.88 258.58009665789825
8.89 0.0
8.9 0.0
8.91 0.0
8.92 0.0
8.93 0.0
8.94 0.0
8.950000000000001 0.0
8.96 0.0
8.97 0.0
8.98 0.0
8.99 0.0
9.0 0.0
9.01 0.0
9.02 0.0
9.03 0.0
9.040000000000001 0.0
9.05 0.0
9.06 0.0
9.07 0.0
9.08 0.0
9.09 0.0
9.1 0.0
9.11 0.0
9.120000000000001 0.0
9.13 0.0
9.14 0.0
9.15 0.0
9.16 0.0
9.17 0.0
9.18 0.0
9.19 0.0
9.200000000000001 0.0
9.21 0.0
9.22 0.0
9.23 0.0
9.24 0.0
9.25 0.0
9.26 0.0
9.27 0.0
9.28 0.0
9.290000000000001 0.0
9.3 0.0
9.31 0.0
9.32 0.0
9.33 0.0
9.34 0.0
9.35 0.0
9.36 0.0
9.370000000000001 0.0
9.38 0.0
9.39 0.0
9.4 0.0
9.41 0.0
9.42 0.0
9.43 0.0
9.44 0.0
9.450000000000001 0.0
9.46 0.0
9.47 0.0
9.48 0.0
9.49 0.0
9.5 0.0
9.51 0.0
9.52 0.0
9.53 0.0
9.540000000000001 0.0
9.55 0.0
9.56 0.0
9.57 0.0
9.58 0.0
9.59 0.0
9.6 0.0
9.61 0.0
9.620000000000001 0.0
9.63 0.0
9.64 0.0
9.65 0.0
9.66 0.0
9.67 0.0
9.68 0.0
9.69 0.0
9.700000000000001 0.0
9.71 0.0
9.72 0.0
9.73 0.0
9.74 0.0
9.75 0.0
9.76 0.0
9.77 0.0
9.78 0.0
9.790000000000001 0.0
9.8 0.0
9.81 0.0
9.82 0.0
9.83 0.0
9.84 0.0
9.85 0.0
9.86 0.0
9.870000000000001 0.0
9.88 0.0
9.89 0.0
9.9 0.0
9.91 0.0
9.92 0.0
9.93 0.0
9.94 0.0
9.950000000000001 0.0
9.96 0.0
9.97 0.0
9.98 0.0
9.99 0.0
10.0 0.0
10.01 0.0
10.02 0.0
10.03 0.0
10.040000000000001 0.0
10.05 0.0
10.06 0.0
10.07 0.0
10.08 0.0
10.09 0.0
10.1 0.0
10.11 0.0
10.120000000000001 0.0
10.13 0.0
10.14 0.0
10.15 0.0
10.16 0.0
10.17 0.0
10.18 0.0
10.19 0.0
10.200000000000001 0.0
10.21 0.0
10.22 0.0
10.23 0.0
10.24 0.0
10.25 0.0
10.26 0.0
10.27 0.0
10.28 0.0
10.290000000000001 0.0
10.3 0.0
10.31 0.0
10.32 0.0
10.33 0.0
10.34 0.0
10.35 0.0
10.36 0.0
10.370000000000001 0.0
10.38 0.0
10.39 0.0
10.4 0.0
10.41 0.0
10.42 0.0
10.43 0.0
10.44 0.0
10.450000000000001 0.0
10.46 0.0
10.47 0.0
10.48 0.0
10.49 0.0
10.5 0.0
10.51 0.0
10.52 0.0
10.53 0.0
10.540000000000001 0.0
10.55 0.0
10.56 0.0
10.57 0.0
10.58 0.0
10.59 0.0
10.6 0.0
10.61 0.0
10.620000000000001 0.0
10.63 0.0
10.64 0.0
10.65 0.0
10.66 0.0
10.67 0.0
10.68 0.0
10.69 0.0
10.700000000000001 0.0
10.71 0.0
10.72 0.0
10.73 0.0
10.74 0.0
10.75 0.0
10.76 0.0
10.77 0.0
10.78 0.0
10.790000000000001 0.0
10.8 0.0
10.81 0.0
10.82 0.0
10.83 0.0
10.84 0.0
10.85 0.0
10.86 0.0
10.870000000000001 0.0
10.88 0.0
10.89 0.0
10.9 0.0
10.91 0.0
10.92 0.0
10.93 0.0
10.94 0.0
10.950000000000001 0.0
10.96 0.0
10.97 0.0
10.98 0.0
10.99 0.0
11.0 0.0
11.01 0.0
11.02 0.0
11.03 0.0
11.040000000000001 0.0
11.05 0.0
11.06 0.0
11.07 0.0
11.08 0.0
11.09 0.0
11.1 0.0
11.11 0.0
11.120000000000001 0.0
11.13 0.0
11.14 0.0
11.15 0.0
11.16 0.0
11.17 0.0
11.18 0.0
11.19 0.0
11.200000000000001 0.0
11.21 0.0
11.22 0.0
11.23 0.0
11.24 0.0
11.25 0.0
11.26 0.0
11.27 0.0
11.28 0.0
11.290000000000001 0.0
11.3 0.0
11.31 0.0
11.32 0.0
11.33 0.0
11.34 0.0
11.35 0.0
11.36 0.0
11.370000000000001 0.0
11.38 0.0
11.39 0.0
11.4 0.0
11.41 0.0
11.42 0.0
11.43 0.0
11.44 0.0
11.450000000000001 0.0
11.46 0.0
11.47 0.0
11.48 0.0
11.49 0.0
11.5 0.0
11.51 0.0
11.52 0.0
11.53 0.0
11.540000000000001 0.0
11.55 0.0
11.56 0.0
11.57 0.0
11.58 0.0
11.59 0.0
11.6 0.0
11.61 0.0
11.620000000000001 0.0
11.63 0.0
11.64 0.0
11.65 0.0
11.66 0.0
11.67 0.0
11.68 0.0
11.69 0.0
11.700000000000001 0.0
11.71 0.0
11.72 0.0
11.73 0.0
11.74 0.0
11.75 0.0
11.76 0.0
11.77 0.0
11.78 0.0
11.790000000000001 0.0
11.8 0.0
11.81 0.0
11.82 0.0
11.83 0.0
11.84 0.0
11.85 0.0
11.86 0.0
11.870000000000001 0.0
11.88 0.0
11.89 0.0
11.9 0.0
11.91 0.0
11.92 0.0
11.93 0.0
11.94 0.0
11.950000000000001 0.0
11.96 0.0
11.97 0.0
11.98 0.0
11.99 0.0
12.0 0.0
12.01 0.0
12.02 0.0
12.030000000000001 0.0
12.040000000000001 0.0
12.05 0.0
12.06 0.0
12.07 0.0
12.08 0.0
12.09 0.0
12.1 0.0
12.11 0.0
12.120000000000001 0.0
12.13 0.0
12.14 0.0
12.15 0.0
12.16 0.0
12.17 0.0
12.18 0.0
12.19 0.0
12.200000000000001 0.0
12.21 0.0
12.22 0.0
12.23 0.0
12.24 0.0
12.25 0.0
12.26 0.0
12.27 0.0
12.280000000000001 0.0
12.290000000000001 0.0
12.3 0.0
12.31 0.0
12.32 0.0
12.33 0.0
12.34 0.0
12.35 0.0
12.36 0.0
12.370000000000001 0.0
12.38 0.0
12.39 0.0
12.4 0.0
12.41 0.0
12.42 0.0
12.43 0.0
12.44 0.0
12.450000000000001 0.0
12.46 0.0
12.47 0.0
12.48 0.0
12.49 0.0
12.5 0.0
12.51 0.0
12.52 0.0
12.530000000000001 0.0
12.540000000000001 0.0
12.55 0.0
12.56 0.0
12.57 0.0
12.58 0.0
12.59 0.0
12.6 0.0
12.61 0.0
12.620000000000001 0.0
12.63 0.0
12.64 0.0
12.65 0.0
12.66 0.0
12.67 0.0
12.68 0.0
12.69 0.0
12.700000000000001 0.0
12.71 0.0
12.72 0.0
12.73 0.0
12.74 0.0
12.75 0.0
12.76 0.0
12.77 0.0
12.780000000000001 0.0
12.790000000000001 0.0
12.8 0.0
12.81 0.0
12.82 0.0
12.83 0.0
12.84 0.0
12.85 0.0
12.86 0.0
12.870000000000001 0.0
12.88 0.0
12.89 0.0
12.9 0.0
12.91 0.0
12.92 0.0
12.93 0.0
12.94 0.0
12.950000000000001 0.0
12.96 0.0
12.97 0.0
12.98 0.0
12.99 0.0
13.0 0.0
13.01 0.0
13.02 0.0
13.030000000000001 0.0
13.040000000000001 0.0
13.05 0.0
13.06 0.0
13.07 0.0
13.08 0.0
13.09 0.0
13.1 0.0
13.11 0.0
13.120000000000001 0.0
13.13 0.0
13.14 0.0
13.15 0.0
13.16 0.0
13.17 0.0
13.18 0.0
13.19 0.0
13.200000000000001 0.0
13.21 0.0
13.22 0.0
13.23 0.0
13.24 0.0
13.25 0.0
13.26 0.0
13.27 0.0
13.280000000000001 0.0
13.290000000000001 0.0
13.3 0.0
13.31 0.0
13.32 0.0
13.33 0.0
13.34 0.0
13.35 227.68606693585215
13.36 228.6804823948075
13.370000000000001 231.75900338688734
13.38 232.8294898959087
13.39 58.72445164265011
13.4 58.89996525221598
13.41 59.14064506479664
13.42 235.6239249324013
13.43 59.415325499753436
13.44 59.48092936387969
13.450000000000001 236.7945081605625
13.46 237.77010683348567
13.47 239.5292169811779
13.48 239.42002669081893
13.49 239.3496422268474
13.5 238.00056484021613
13.51 237.95997127127018
13.52 237.80054501968883
13.530000000000001 239.45970775706522
13.540000000000001 240.90981449284286
13.55 242.41983479524745
13.56 244.0890715637882
13.57 243.3401563476507
13.58 242.76999067273258
13.59 241.88999953121788
13.6 240.58034106945968
13.61 239.82019533282244
13.620000000000001 239.37018356579478
13.63 239.34018228346568
13.64 239.92999222705924
13.65 240.77985535252807
13.66 241.5401320856949
13.67 243.12963417510093
13.68 244.21975851408578
13.69 244.99946589467544
13.700000000000001 244.30001447615487
13.71 243.3103020801775
13.72 242.89007027566228
13.73 242.51039485978083
13.74 243.31969156158507
13.75 243.44986116786484
13.76 243.16023577067548
13.77 243.54962388433538
13.780000000000001 242.82001584946278
13.790000000000001 241.79063793861042
13.8 242.48010180497226
13.81 243.85952857525444
13.82 244.27023552167543
13.83 245.6998087553788
13.84 247.15956951991114
13.85 247.80392381131858
13.86 123.27303163203881
13.870000000000001 122.63038830211384
13.88 0.0
13.89 0.0
13.9 0.0
13.91 0.0
13.92 0.0
13.93 0.0
13.94 0.0
13.950000000000001 0.0
13.96 0.0
13.97 0.0
13.98 0.0
13.99 0.0
14.0 0.0
14.01 0.0
14.02 0.0
14.030000000000001 0.0
14.040000000000001 0.0
14.05 0.0
14.06 0.0
14.07 0.0
14.08 0.0
14.09 0.0
14.1 0.0
14.11 0.0
14.120000000000001 0.0
14.13 0.0
14.14 0.0
14.15 0.0
14.16 0.0
14.17 0.0
14.18 0.0
14.19 0.0
14.200000000000001 0.0
14.21 0.0
14.22 0.0
14.23 0.0
14.24 0.0
14.25 0.0
14.26 0.0
14.27 0.0
14.280000000000001 0.0
14.290000000000001 0.0
14.3 0.0
14.31 0.0
14.32 0.0
14.33 0.0
14.34 0.0
14.35 0.0
14.36 0.0
14.370000000000001 0.0
14.38 0.0
14.39 0.0
14.4 0.0
14.41 0.0
14.42 0.0
14.43 0.0
14.44 0.0
14.450000000000001 0.0
14.46 0.0
14.47 0.0
14.48 0.0
14.49 0.0
14.5 0.0
14.51 0.0
14.52 0.0
14.530000000000001 0.0
14.540000000000001 0.0
14.55 0.0
14.56 0.0
14.57 0.0
14.58 0.0
14.59 0.0
14.6 0.0
14.61 0.0
14.620000000000001 0.0
14.63 0.0
14.64 0.0
14.65 0.0
14.66 0.0
14.67 0.0
14.68 0.0
14.69 0.0
14.700000000000001 0.0
14.71 0.0
14.72 0.0
14.73 0.0
14.74 0.0
14.75 0.0
14.76 0.0
14.77 0.0
14.780000000000001 0.0
14.790000000000001 0.0
14.8 0.0
14.81 0.0
14.82 0.0
14.83 0.0
14.84 0.0
14.85 0.0
14.86 0.0
14.870000000000001 0.0
14.88 0.0
14.89 0.0
14.9 0.0
14.91 0.0
14.92 0.0
14.93 0.0
14.94 0.0
14.950000000000001 0.0
14.96 0.0
14.97 0.0
14.98 0.0
14.99 0.0
15.0 0.0
15.01 0.0
15.02 0.0
15.030000000000001 0.0
15.040000000000001 0.0
15.05 0.0
15.06 0.0
15.07 0.0
15.08 0.0
15.09 0.0
15.1 0.0
15.11 0.0
15.120000000000001 0.0
15.13 0.0
15.14 0.0
15.15 0.0
15.16 0.0
15.17 0.0
15.18 0.0
15.19 0.0
15.200000000000001 0.0
15.21 0.0
15.22 0.0
15.23 0.0
15.24 0.0
15.25 0.0
15.26 0.0
15.27 0.0
15.280000000000001 0.0
15.290000000000001 0.0
15.3 0.0
15.31 0.0
15.32 0.0
15.33 0.0
15.34 0.0
15.35 0.0
15.36 0.0
15.370000000000001 0.0
15.38 0.0
15.39 0.0
15.4 0.0
15.41 0.0
15.42 0.0
15.43 0.0
15.44 0.0
15.450000000000001 0.0
15.46 0.0
15.47 0.0
15.48 0.0
15.49 0.0
15.5 0.0
15.51 0.0
15.52 0.0
15.530000000000001 0.0
15.540000000000001 0.0
15.55 0.0
15.56 0.0
15.57 0.0
15.58 0.0
15.59 0.0
15.6 0.0
15.610000000000001 0.0
15.620000000000001 0.0
15.63 0.0
15.64 0.0
15.65 0.0
15.66 0.0
15.67 0.0
15.68 0.0
15.69 0.0
15.700000000000001 0.0
15.71 0.0
15.72 0.0
15.73 0.0
15.74 0.0
15.75 0.0
15.76 0.0
15.77 0.0
15.780000000000001 0.0
15.790000000000001 0.0
15.8 0.0
15.81 0.0
15.82 0.0
15.83 0.0
15.84 0.0
15.85 0.0
15.860000000000001 0.0
15.870000000000001 0.0
15.88 0.0
15.89 0.0
15.9 0.0
15.91 0.0
15.92 0.0
15.93 0.0
15.94 0.0
15.950000000000001 0.0
15.96 0.0
15.97 0.0
15.98 0.0
15.99 0.0
16.0 0.0
16.01 0.0
16.02 0.0
16.03 0.0
16.04 0.0
16.05 0.0
16.06 0.0
16.07 0.0
16.080000000000002 0.0
16.09 0.0
16.1 0.0
16.11 0.0
16.12 0.0
16.13 0.0
16.14 0.0
16.15 0.0
16.16 0.0
16.17 0.0
16.18 0.0
16.19 0.0
16.2 0.0
16.21 0.0
16.22 0.0
16.23 0.0
16.240000000000002 0.0
16.25 0.0
16.26 0.0
16.27 0.0
16.28 0.0
16.29 0.0
16.3 0.0
16.31 0.0
16.32 0.0
16.330000000000002 0.0
16.34 0.0
16.35 0.0
16.36 0.0
16.37 0.0
16.38 0.0
16.39 0.0
16.4 0.0
16.41 0.0
16.42 0.0
16.43 0.0
16.44 0.0
16.45 0.0
16.46 0.0
16.47 0.0
16.48 0.0
16.490000000000002 0.0
16.5 0.0
16.51 0.0
16.52 0.0
16.53 0.0
16.54 0.0
16.55 0.0
16.56 0.0
16.57 0.0
16.580000000000002 0.0
16.59 0.0
16.6 0.0
16.61 0.0
16.62 0.0
16.63 0.0
16.64 0.0
16.65 0.0
16.66 0.0
16.67 0.0
16.68 0.0
16.69 0.0
16.7 0.0
16.71 0.0
16.72 0.0
16.73 0.0
16.740000000000002 0.0
16.75 0.0
16.76 0.0
16.77 0.0
16.78 0.0
16.79 0.0
16.8 0.0
16.81 239.42423891071044
16.82 250.1221366580761
16.830000000000002 64.66924309110243
16.84 64.63996781660946
16.85 64.55002118890907
16.86 64.49001413474637
16.87 64.45000847331954
16.88 64.42011906853327
16.89 64.78998317996502
16.9 65.28626623486932
16.91 87.82055701041058
16.92 88.46991449653817
16.93 89.12995079757118
16.94 89.93979198880542
16.95 90.41979788487738
16.96 90.42990379122034
16.97 90.10998440236978
16.98 89.58003388132602
16.990000000000002 88.91015684927893
17.0 88.46020077768675
17.01 88.48999871084645
17.02 88.5299111266459
17.03 88.28003206319285
17.04 88.0201282483073
17.05 88.08001748180935
17.06 88.22995606425114
17.07 88.30003041516215
17.080000000000002 88.5100223452212
17.09 88.89997420869008
17.1 89.38996309172293
17.11 89.98992760329554
17.12 90.62980426305987
17.13 90.89986744844505
17.14 90.83994230964291
17.150000000000002 90.55002042786514
17.16 90.1901135062441
17.17 90.05003969283175
17.18 89.97999830766692
17.19 89.87005270932485
17.2 89.89000295693754
17.21 89.92998005241337
17.22 89.92003298607355
17.23 90.02002336144444
17.240000000000002 90.24997359919047
17.25 90.4999851509256
17.26 90.81994377665393
17.27 91.09991777264389
17.28 91.22997032456512
17.29 91.31997305199047
17.3 91.359948454918
17.31 91.24001389374891
17.32 91.11003827538046
17.330000000000002 91.04998541755161
17.34 90.90998223393036
17.35 90.64004061286562
17.36 0.0
17.37 0.0
17.38 0.0
17.39 0.0
17.400000000000002 0.0
17.41 0.0
17.42 0.0
17.43 0.0
17.44 0.0
17.45 0.0
17.46 0.0
17.47 0.0
17.48 0.0
17.490000000000002 0.0
17.5 0.0
17.51 0.0
17.52 0.0
17.53 0.0
17.54 0.0
17.55 0.0
17.56 0.0
17.57 0.0
17.580000000000002 0.0
17.59 0.0
17.6 0.0
17.61 0.0
17.62 0.0
17.63 0.0
17.64 0.0
17.650000000000002 0.0
17.66 0.0
17.67 0.0
17.68 0.0
17.69 0.0
17.7 0.0
17.71 0.0
17.72 0.0
17.73 0.0
17.740000000000002 0.0
17.75 0.0
17.76 0.0
17.77 0.0
17.78 0.0
17.79 0.0
17.8 0.0
17.81 0.0
17.82 0.0
17.830000000000002 0.0
17.84 0.0
17.85 0.0
17.86 0.0
17.87 0.0
17.88 0.0
17.89 0.0
17.900000000000002 0.0
17.91 0.0
17.92 0.0
17.93 0.0
17.94 0.0
17.95 0.0
17.96 0.0
17.97 0.0
17.98 0.0
17.990000000000002 0.0
18.0 0.0
18.01 0.0
18.02 0.0
18.03 0.0
18.04 0.0
18.05 0.0
18.06 0.0
18.07 0.0
18.080000000000002 0.0
18.09 0.0
18.1 0.0
18.11 0.0
18.12 0.0
18.13 0.0
18.14 0.0
18.150000000000002 0.0
18.16 0.0
18.17 0.0
18.18 0.0
18.19 0.0
18.2 0.0
18.21 0.0
18.22 0.0
18.23 0.0
18.240000000000002 0.0
18.25 273.2601623902441
18.26 277.67874245580333
18.27 279.7788217073306
18.28 278.8000821940611
18.29 277.63006592904316
18.3 276.12032882809035
18.31 275.0201566873586
18.32 273.93002891220885
18.330000000000002 272.4102957643457
18.34 271.18027825975537
18.35 270.3203442771845
18.36 270.24019789276144
18.37 270.80960447181855
18.38 270.28017167304165
18.39 270.09036833170705
18.400000000000002 271.0898401847799
18.41 272.0198785792447
18.42 272.9797509131265
18.43 273.5399073048388
18.44 274.0497678598662
18.45 273.9998001900957
18.46 273.2303057516699
18.47 273.1500686703017
18.48 273.26989421990913
18.490000000000002 273.0801184173998
18.5 273.2097032971008
18.51 272.37025522282994
18.52 272.01029155371464
18.53 272.48923228160584
18.54 270.5308281146746
18.55 270.50048965200085
18.56 272.1593258093649
18.57 272.2801439075884
18.580000000000002 272.9597470065545
18.59 273.0896716471685
18.6 272.14042278012306
18.61 272.1999715942244
18.62 272.19005594851905
18.63 272.3698570823812
18.64 272.1396616968962
18.650000000000002 270.62072069586605
18.66 270.8697325915191
18.67 270.31030513631015
18.68 270.5405450851542
18.69 272.77892311697127
18.7 272.3603801492731
18.71 273.05997974794167
18.72 274.02965190112167
18.73 274.26006253683374
18.740000000000002 274.81968048445646
18.75 274.5397433152786
18.76 273.23063682417455
18.77 273.50020356226554
18.78 274.60913842240114
18.79 273.2602000576779
18.8 271.95058804822634
18.81 272.049584073812
18.82 270.7500265882301
18.830000000000002 268.9106391561402
18.84 268.400125963875
18.85 268.0798868141269
18.86 267.2102364785471
18.87 266.74033284356375
18.88 267.20032057650724
18.89 268.99967664328454
18.900000000000002 0.0
18.91 0.0
18.92 0.0
18.93 0.0
18.94 0.0
18.95 0.0
18.96 0.0
18.97 0.0
18.98 0.0
18.990000000000002 0.0
19.0 0.0
19.01 0.0
19.02 0.0
19.03 0.0
19.04 0.0
19.05 0.0
19.06 0.0
19.07 0.0
19.080000000000002 0.0
19.09 0.0
19.1 0.0
19.11 0.0
19.12 0.0
19.13 0.0
19.14 0.0
19.150000000000002 0.0
19.16 0.0
19.17 0.0
19.18 0.0
19.19 0.0
19.2 0.0
19.21 0.0
19.22 0.0
19.23 0.0
19.240000000000002 0.0
19.25 0.0
19.26 0.0
19.27 0.0
19.28 0.0
19.29 0.0
19.3 0.0
19.31 0.0
19.32 0.0
19.330000000000002 0.0
19.34 0.0
19.35 0.0
19.36 0.0
19.37 0.0
19.38 0.0
19.39 0.0
19.400000000000002 0.0
19.41 0.0
19.42 0.0
19.43 0.0
19.44 0.0
19.45 0.0
19.46 0.0
19.47 0.0
19.48 0.0
19.490000000000002 0.0
19.5 0.0
19.51 0.0
19.52 0.0
19.53 0.0
19.54 0.0
19.55 0.0
19.56 0.0
19.57 0.0
19.580000000000002 0.0
19.59 0.0
19.6 0.0
19.61 0.0
19.62 0.0
19.63 0.0
19.64 0.0
19.650000000000002 0.0
19.66 0.0
19.67 0.0
19.68 0.0
19.69 0.0
19.7 0.0
19.71 0.0
19.72 0.0
19.73 0.0
19.740000000000002 0.0
19.75 0.0
19.76 0.0
19.77 0.0
19.78 0.0
19.79 0.0
19.8 0.0
19.81 0.0
19.82 0.0
19.830000000000002 0.0
19.84 0.0
19.85 0.0
19.86 0.0
19.87 0.0
19.88 0.0
19.89 0.0
19.900000000000002 0.0
19.91 0.0
19.92 0.0
19.93 0.0
19.94 0.0
19.95 0.0
19.96 0.0
19.97 0.0
19.98 0.0
19.990000000000002 0.0
20.0 0.0
20.01 0.0
20.02 0.0
20.03 0.0
20.04 0.0
20.05 0.0
20.06 0.0
20.07 0.0
20.080000000000002 0.0
20.09 0.0
20.1 0.0
20.11 0.0
20.12 0.0
20.13 0.0
20.14 0.0
20.150000000000002 0.0
20.16 0.0
20.17 0.0
20.18 0.0
20.19 0.0
20.2 0.0
20.21 0.0
20.22 0.0
20.23 0.0
20.240000000000002 0.0
20.25 0.0
20.26 0.0
20.27 0.0
20.28 0.0
20.29 0.0
20.3 0.0
20.31 0.0
20.32 0.0
20.330000000000002 0.0
20.34 0.0
20.35 0.0
20.36 0.0
20.37 0.0
20.38 0.0
20.39 0.0
20.400000000000002 0.0
20.41 0.0
20.42 0.0
20.43 0.0
20.44 0.0
20.45 0.0
20.46 0.0
20.47 0.0
20.48 0.0
20.490000000000002 0.0
20.5 0.0
20.51 0.0
20.52 0.0
20.53 0.0
20.54 0.0
20.55 0.0
20.56 0.0
20.57 0.0
20.580000000000002 0.0
20.59 0.0
20.6 0.0
20.61 0.0
20.62 0.0
20.63 0.0
20.64 0.0
20.650000000000002 0.0
20.66 0.0
20.67 0.0
20.68 0.0
20.69 0.0
20.7 0.0
20.71 0.0
20.72 0.0
20.73 0.0
20.740000000000002 0.0
20.75 0.0
20.76 0.0
20.77 0.0
20.78 0.0
20.79 0.0
20.8 0.0
20.81 0.0
20.82 0.0
20.830000000000002 0.0
20.84 0.0
20.85 0.0
20.86 0.0
20.87 0.0
20.88 0.0
20.89 0.0
20.900000000000002 0.0
20.91 0.0
20.92 0.0
20.93 0.0
20.94 0.0
20.95 0.0
20.96 0.0
20.97 0.0
20.98 0.0
20.990000000000002 0.0
21.0 0.0
21.01 0.0
21.02 0.0
21.03 0.0
21.04 0.0
21.05 0.0
21.06 0.0
21.07 0.0
21.080000000000002 0.0
21.09 0.0
21.1 0.0
21.11 0.0
21.12 0.0
21.13 0.0
21.14 0.0
21.150000000000002 0.0
21.16 0.0
21.17 0.0
21.18 0.0
21.19 0.0
21.2 0.0
21.21 0.0
21.22 0.0
21.23 0.0
21.240000000000002 0.0
21.25 0.0
21.26 0.0
21.27 0.0
21.28 0.0
21.29 0.0
21.3 0.0
21.31 0.0
21.32 0.0
21.330000000000002 0.0
21.34 0.0
21.35 0.0
21.36 0.0
21.37 0.0
21.38 0.0
21.39 0.0
21.400000000000002 0.0
21.41 0.0
21.42 0.0
21.43 0.0
21.44 0.0
21.45 0.0
21.46 0.0
21.47 0.0
21.48 0.0
21.490000000000002 0.0
21.5 0.0
21.51 0.0
21.52 0.0
21.53 0.0
21.54 0.0
21.55 0.0
21.56 0.0
21.57 0.0
21.580000000000002 0.0
21.59 0.0
21.6 0.0
21.61 0.0
21.62 0.0
21.63 0.0
21.64 0.0
21.650000000000002 0.0
21.66 0.0
21.67 0.0
21.68 0.0
21.69 0.0
21.7 0.0
21.71 0.0
21.72 0.0
21.73 0.0
21.740000000000002 0.0
21.75 0.0
21.76 0.0
21.77 0.0
21.78 0.0
21.79 0.0
21.8 0.0
21.81 0.0
21.82 0.0
21.830000000000002 0.0
21.84 0.0
21.85 0.0
21.86 0.0
21.87 0.0
21.88 0.0
21.89 0.0
21.900000000000002 0.0
21.91 0.0
21.92 0.0
21.93 0.0
21.94 0.0
21.95 0.0
21.96 0.0
21.97 0.0
21.98 0.0
21.990000000000002 0.0
22.0 0.0
22.01 0.0
22.02 0.0
22.03 0.0
22.04 0.0
22.05 0.0
22.06 0.0
22.07 0.0
22.080000000000002 0.0
22.09 0.0
22.1 0.0
22.11 0.0
22.12 0.0
22.13 0.0
22.14 0.0
22.150000000000002 0.0
22.16 0.0
22.17 0.0
22.18 0.0
22.19 0.0
22.2 0.0
22.21 0.0
22.22 0.0
22.23 0.0
22.240000000000002 0.0
22.25 0.0
22.26 0.0
22.27 0.0
22.28 0.0
22.29 0.0
22.3 0.0
22.31 0.0
22.32 0.0
22.330000000000002 0.0
22.34 0.0
22.35 0.0
22.36 0.0
22.37 0.0
22.38 0.0
22.39 0.0
22.400000000000002 0.0
22.41 0.0
22.42 268.1858696382284
22.43 248.68770117020648
22.44 246.40119033537235
22.45 247.15020844606542
22.46 248.9902626432226
22.47 252.6396822466947
22.48 256.95933576778776
22.490000000000002 261.06939950458656
22.5 265.08920818781877
22.51 268.3091218460305
22.52 270.03964601783827
22.53 271.3799389809602
22.54 273.1597368271437
22.55 274.88993331768864
22.56 277.22988252331237
22.57 280.29939563854686
22.580000000000002 282.7592510577373
22.59 283.8092356622519
22.6 282.71028860986553
22.61 282.0803867838091
22.62 282.48995425646643
22.63 282.94004622370727
22.64 283.76999310697016
22.650000000000002 284.9796872667271
22.66 285.6898173997917
22.67 286.109737366233
22.68 285.8201323822138
22.69 285.8499642410729
22.7 285.76999684223523
22.71 285.6404030029911
22.72 286.8500348332214
22.73 288.76970288942675
22.740000000000002 290.5895042937787
22.75 291.56963029100035
22.76 291.7397693738774
22.77 291.18969776349934
22.78 289.3202814567502
22.79 287.52051301872336
22.8 286.63048924740025
22.81 287.0103633941787
22.82 288.83991368715687
22.830000000000002 291.2594548910762
22.84 292.9590098327847
22.85 292.0397235075089
22.86 289.71056115585094
22.87 288.2006333384
22.88 288.1601291819437
22.89 288.54970428299845
22.900000000000002 288.100114563096
22.91 287.830413955272
22.92 288.86968812081767
22.93 289.32963125623826
22.94 288.73045141470107
22.95 289.41031568478945
22.96 291.51951269166904
22.97 292.9595458885857
22.98 293.5196947496437
22.990000000000002 293.2897994862974
23.0 292.2502688302967
23.01 291.640197300842
23.02 291.4197694551076
23.03 290.29011772573364
23.04 289.0204733653392
23.05 288.78041845543737
23.06 289.8798376868662
23.07 290.9496120542282
23.080000000000002 291.19012721178245
23.09 291.9900949478158
23.1 293.50951471113217
23.11 294.07965315757826
23.12 293.7200703667853
23.13 293.4301640235498
23.14 293.5697765583295
23.150000000000002 292.99997627298717
23.16 292.0704803659196
23.17 292.36018928170466
23.18 293.44962654565614
23.19 293.7699609484503
23.2 294.110047221308
23.21 294.77969670025846
23.22 294.71979294817635
23.23 293.9101447806956
23.240000000000002 293.2101897776131
23.25 292.8301307043728
23.26 292.72021068319384
23.27 293.2899404505366
23.28 293.92967502034935
23.29 293.7497005932633
23.3 292.44025773577226
23.31 291.39030476911086
23.32 290.8900728283993
23.330000000000002 290.40018052479877
23.34 290.3002868433933
23.35 291.15006214626874
23.36 292.62957198977267
23.37 293.33965656171785
23.38 293.19986729388705
23.39 292.52999598660165
23.400000000000002 291.52010385853595
23.41 290.3803345633659
23.42 289.85026368356756
23.43 289.97994740943557
23.44 289.989886592818
23.45 289.6100531008085
23.46 289.2301249221133
23.47 289.10001819942124
23.48 288.9700784895836
23.490000000000002 289.05009510369166
23.5 289.5001754783769
23.51 290.77989864042985
23.52 292.32965408920467
23.53 293.42988063160186
23.54 294.6497863413957
23.55 295.7194856694533
23.56 295.51993309859756
23.57 294.99019755209224
23.580000000000002 294.8899106137725
23.59 294.42979145428257
23.6 293.0200448707275
23.61 291.08058137057446
23.62 290.2205884362033
23.63 290.99008488766515
23.64 292.42979872445585
23.650000000000002 293.8697383536643
23.66 295.09962699081564
23.67 295.629897110877
23.68 296.0597015033019
23.69 295.6598605730818
23.7 294.58011073687993
23.71 293.3602078968308
23.72 292.27026439969495
23.73 291.5700576920143
23.740000000000002 290.73009732042453
23.75 289.8200381802495
23.76 288.5999321815439
23.77 286.5502348527337
23.78 284.32034621459195
23.79 282.21018009922466
23.8 279.69977941109306
23.81 275.2007123387533
23.82 270.99173160662025
23.830000000000002 270.7602880715125
23.84 0.0
23.85 272.2497724291024
23.86 274.0794203459525
23.87 274.68972796373123
23.88 274.65008594396744
23.89 274.88988030987684
23.900000000000002 274.82993082345
23.91 274.5000030322243
23.92 274.01996944409456
23.93 273.1999336833316
23.94 271.7500361233077
23.95 0.0
23.96 268.3106595547932
23.97 267.7100301502977
23.98 266.83045041184454
23.990000000000002 267.0901561595791
24.0 0.0
24.01 269.31076961582414
24.02 270.9198647898476
24.03 272.74958333346444
24.04 274.01952084221443
24.05 0.0
24.060000000000002 0.0
24.07 0.0
24.080000000000002 272.7391674218156
24.09 0.0
24.1 272.70910899466315
24.11 0.0
24.12 272.5091036620862
24.13 0.0
24.14 271.0996081610414
24.150000000000002 270.50021949627825
24.16 270.2800911088263
24.17 270.270093323703
24.18 0.0
24.19 0.0
24.2 0.0
24.21 0.0
24.22 0.0
24.23 0.0
24.240000000000002 0.0
24.25 0.0
24.26 0.0
24.27 0.0
24.28 0.0
24.29 0.0
24.3 0.0
24.310000000000002 0.0
24.32 0.0
24.330000000000002 0.0
24.34 0.0
24.35 0.0
24.36 0.0
24.37 0.0
24.38 0.0
24.39 0.0
24.400000000000002 0.0
24.41 0.0
24.42 0.0
24.43 0.0
24.44 0.0
24.45 0.0
24.46 0.0
24.47 0.0
24.48 0.0
24.490000000000002 0.0
24.5 0.0
24.51 0.0
24.52 0.0
24.53 0.0
24.54 0.0
24.55 0.0
24.560000000000002 0.0
24.57 0.0
24.580000000000002 0.0
24.59 0.0
24.6 0.0
24.61 0.0
24.62 0.0
24.63 0.0
24.64 0.0
24.650000000000002 0.0
24.66 0.0
24.67 0.0
24.68 0.0
24.69 0.0
24.7 0.0
24.71 0.0
24.72 0.0
24.73 0.0
24.740000000000002 0.0
24.75 0.0
24.76 0.0
24.77 0.0
24.78 0.0
24.79 0.0
24.8 0.0
24.810000000000002 0.0
24.82 0.0
24.830000000000002 0.0
24.84 0.0
24.85 0.0
24.86 0.0
24.87 0.0
24.88 0.0
24.89 0.0
24.900000000000002 0.0
24.91 0.0
24.92 0.0
24.93 0.0
24.94 0.0
24.95 0.0
24.96 0.0
24.97 0.0
24.98 0.0
24.990000000000002 0.0
25.0 0.0
25.01 0.0
25.02 0.0
25.03 0.0
25.04 0.0
25.05 0.0
25.060000000000002 0.0
25.07 0.0
25.080000000000002 0.0
25.09 0.0
25.1 0.0
25.11 0.0
25.12 0.0
25.13 0.0
25.14 0.0
25.150000000000002 0.0
25.16 0.0
25.17 0.0
25.18 0.0
25.19 0.0
25.2 0.0
25.21 0.0
25.22 0.0
25.23 0.0
25.240000000000002 0.0
25.25 0.0
25.26 0.0
25.27 0.0
25.28 0.0
25.29 0.0
25.3 0.0
25.310000000000002 0.0
25.32 0.0
25.330000000000002 0.0
25.34 0.0
25.35 0.0
25.36 0.0
25.37 0.0
25.38 0.0
25.39 0.0
25.400000000000002 0.0
25.41 0.0
25.42 0.0
25.43 0.0
25.44 0.0
25.45 0.0
25.46 0.0
25.47 0.0
25.48 0.0
25.490000000000002 0.0
25.5 0.0
25.51 0.0
25.52 0.0
25.53 0.0
25.54 0.0
25.55 0.0
25.560000000000002 0.0
25.57 0.0
25.580000000000002 0.0
25.59 0.0
25.6 0.0
25.61 0.0
25.62 0.0
25.63 0.0
25.64 0.0
25.650000000000002 0.0
25.66 0.0
25.67 0.0
25.68 0.0
25.69 0.0
25.7 0.0
25.71 0.0
25.72 0.0
25.73 0.0
25.740000000000002 0.0
25.75 0.0
25.76 0.0
25.77 0.0
25.78 0.0
25.79 0.0
25.8 0.0
25.810000000000002 0.0
25.82 0.0
25.830000000000002 0.0
25.84 0.0
25.85 0.0
25.86 0.0
25.87 0.0
25.88 0.0
25.89 0.0
25.900000000000002 0.0
25.91 0.0
25.92 0.0
25.93 0.0
25.94 0.0
25.95 0.0
25.96 0.0
25.97 0.0
25.98 0.0
25.990000000000002 0.0
26.0 0.0
26.01 0.0
26.02 0.0
26.03 0.0
26.04 0.0
26.05 0.0
26.060000000000002 0.0
26.07 0.0
26.080000000000002 0.0
26.09 0.0
26.1 0.0
26.11 0.0
26.12 0.0
26.13 0.0
26.14 0.0
26.150000000000002 0.0
26.16 0.0
26.17 0.0
26.18 0.0
26.19 0.0
26.2 0.0
26.21 0.0
26.22 0.0
26.23 0.0
26.240000000000002 0.0
26.25 0.0
26.26 0.0
26.27 0.0
26.28 0.0
26.29 0.0
26.3 0.0
26.310000000000002 0.0
26.32 0.0
26.330000000000002 0.0
26.34 0.0
26.35 0.0
26.36 0.0
26.37 0.0
26.38 0.0
26.39 0.0
26.400000000000002 0.0
26.41 0.0
26.42 0.0
26.43 0.0
26.44 0.0
26.45 0.0
26.46 0.0
26.47 0.0
26.48 0.0
26.490000000000002 0.0
26.5 0.0
26.51 0.0
26.52 0.0
26.53 0.0
26.54 0.0
26.55 0.0
26.560000000000002 0.0
26.57 0.0
26.580000000000002 0.0
26.59 0.0
26.6 0.0
26.61 0.0
26.62 0.0
26.63 0.0
26.64 0.0
26.650000000000002 0.0
26.66 0.0
26.67 0.0
26.68 0.0
26.69 0.0
26.7 0.0
26.71 0.0
26.72 0.0
26.73 0.0
26.740000000000002 0.0
26.75 0.0
26.76 0.0
26.77 0.0
26.78 0.0
26.79 0.0
26.8 0.0
26.810000000000002 0.0
26.82 0.0
26.830000000000002 0.0
26.84 0.0
26.85 0.0
26.86 0.0
26.87 0.0
26.88 0.0
26.89 0.0
26.900000000000002 0.0
26.91 0.0
26.92 0.0
26.93 261.84342308668016
26.94 263.0694961927901
26.95 263.0499883358841
26.96 262.9799035135923
26.97 262.5398604591084
26.98 261.4001191347733
26.990000000000002 260.12038283917224
27.0 259.55004817231054
27.01 258.87029324359884
27.02 258.8804437910156
27.03 260.43989688284756
27.04 262.39956229552723
27.05 263.78952131811775
27.060000000000002 264.1900301536238
27.07 264.8899653221796
27.080000000000002 265.8096502605257
27.09 265.95989569054166
27.1 265.8201085816319
27.11 265.9900767808323
27.12 266.5100967517451
27.13 267.6196840223058
27.14 268.16966171001775
27.150000000000002 267.8097831837042
27.16 266.5202003840336
27.17 265.3002079006174
27.18 264.21006338571084
27.19 262.810316328147
27.2 261.8302145993312
27.21 261.1203118160128
27.22 261.15026582368336
27.23 262.120028524751
27.240000000000002 263.63170890211853
27.25 132.68609391295314
27.26 133.15979868946852
27.27 133.20991256714836
27.28 132.98010967479502
27.29 133.02004324560085
27.3 133.22990996699448
27.310000000000002 133.2579724086936
27.32 265.3833218028817
27.330000000000002 264.63024033404577
27.34 264.300049060331
27.35 263.98025438258264
27.36 264.3899858053176
27.37 264.949792496254
27.38 265.0600994609998
27.39 265.5700091287232
27.400000000000002 266.3597287117947
27.41 266.5893331100583
27.42 264.6098918239274
27.43 261.29043534555916
27.44 257.8705384588854
27.45 254.6606130142923
27.46 251.99449585462455
27.47 124.53398979446048
27.48 122.87022379121336
27.490000000000002 121.2202450425787
27.5 0.0
27.51 0.0
27.52 0.0
27.53 0.0
27.54 0.0
27.55 0.0
27.560000000000002 0.0
27.57 0.0
27.580000000000002 0.0
27.59 0.0
27.6 0.0
27.61 0.0
27.62 0.0
27.63 0.0
27.64 0.0
27.650000000000002 0.0
27.66 0.0
27.67 0.0
27.68 0.0
27.69 0.0
27.7 0.0
27.71 0.0
27.72 0.0
27.73 0.0
27.740000000000002 0.0
27.75 0.0
27.76 0.0
27.77 0.0
27.78 0.0
27.79 0.0
27.8 0.0
27.810000000000002 0.0
27.82 0.0
27.830000000000002 0.0
27.84 0.0
27.85 0.0
27.86 0.0
27.87 0.0
27.88 0.0
27.89 0.0
27.900000000000002 0.0
27.91 0.0
27.92 0.0
27.93 0.0
27.94 0.0
27.95 0.0
27.96 0.0
27.97 0.0
27.98 0.0
27.990000000000002 0.0
28.0 0.0
28.01 0.0
28.02 0.0
28.03 0.0
28.04 0.0
28.05 0.0
28.060000000000002 0.0
28.07 0.0
28.080000000000002 0.0
28.09 0.0
28.1 0.0
28.11 0.0
28.12 0.0
28.13 0.0
28.14 0.0
28.150000000000002 0.0
28.16 0.0
28.17 0.0
28.18 0.0
28.19 0.0
28.2 0.0
28.21 0.0
28.22 0.0
28.23 0.0
28.240000000000002 0.0
28.25 0.0
28.26 0.0
28.27 0.0
28.28 0.0
28.29 0.0
28.3 0.0
28.310000000000002 0.0
28.32 0.0
28.330000000000002 0.0
28.34 0.0
28.35 0.0
28.36 0.0
28.37 0.0
28.38 0.0
28.39 0.0
28.400000000000002 0.0
28.41 0.0
28.42 0.0
28.43 0.0
28.44 0.0
28.45 0.0
28.46 0.0
28.47 0.0
28.48 0.0
28.490000000000002 0.0
28.5 0.0
28.51 0.0
28.52 0.0
28.53 0.0
28.54 0.0
28.55 0.0
28.560000000000002 0.0
28.57 0.0
28.580000000000002 0.0
28.59 0.0
28.6 0.0
28.61 0.0
28.62 0.0
28.63 0.0
28.64 0.0
28.650000000000002 0.0
28.66 0.0
28.67 0.0
28.68 0.0
28.69 0.0
28.7 0.0
28.71 0.0
28.72 0.0
28.73 0.0
28.740000000000002 0.0
28.75 0.0
28.76 0.0
28.77 0.0
28.78 0.0
28.79 0.0
28.8 0.0
28.810000000000002 0.0
28.82 0.0
28.830000000000002 0.0
28.84 0.0
28.85 0.0
28.86 0.0
28.87 0.0
28.88 0.0
28.89 0.0
28.900000000000002 0.0
28.91 0.0
28.92 0.0
28.93 0.0
28.94 0.0
28.95 0.0
28.96 0.0
28.97 0.0
28.98 0.0
28.990000000000002 0.0
29.0 0.0
29.01 0.0
29.02 0.0
29.03 0.0
29.04 0.0
29.05 0.0
29.060000000000002 0.0
29.07 0.0
29.080000000000002 0.0
29.09 0.0
29.1 0.0
29.11 0.0
29.12 0.0
29.13 0.0
29.14 0.0
29.150000000000002 0.0
29.16 0.0
29.17 0.0
29.18 0.0
29.19 0.0
29.2 0.0
29.21 0.0
29.22 0.0
29.23 0.0
29.240000000000002 0.0
29.25 0.0
29.26 0.0
29.27 0.0
29.28 0.0
29.29 0.0
29.3 0.0
29.310000000000002 0.0
29.32 0.0
29.330000000000002 0.0
29.34 0.0
29.35 0.0
29.36 0.0
29.37 0.0
29.38 0.0
29.39 0.0
29.400000000000002 0.0
29.41 0.0
29.42 0.0
29.43 0.0
29.44 0.0
29.45 0.0
29.46 0.0
29.47 0.0
29.48 0.0
29.490000000000002 0.0
29.5 0.0
29.51 0.0
29.52 0.0
29.53 0.0
29.54 0.0
29.55 0.0
29.560000000000002 0.0
29.57 0.0
29.580000000000002 0.0
29.59 0.0
29.6 0.0
29.61 0.0
29.62 0.0
29.63 0.0
29.64 0.0
29.650000000000002 0.0
29.66 0.0
29.67 0.0
29.68 0.0
29.69 0.0
29.7 0.0
29.71 0.0
29.72 0.0
29.73 0.0
29.740000000000002 0.0
29.75 0.0
29.76 0.0
29.77 0.0
29.78 0.0
29.79 0.0
29.8 0.0
29.810000000000002 0.0
29.82 0.0
29.830000000000002 0.0
29.84 0.0
29.85 0.0
29.86 0.0
29.87 0.0
29.88 0.0
29.89 0.0
29.900000000000002 0.0
29.91 0.0
29.92 0.0
29.93 0.0
29.94 0.0
29.95 0.0
29.96 0.0
29.97 0.0
29.98 0.0
29.990000000000002 0.0
30.0 0.0
30.01 0.0
30.02 0.0
30.03 0.0
30.04 0.0
30.05 0.0
30.060000000000002 0.0
30.07 0.0
30.080000000000002 0.0
30.09 0.0
30.1 0.0
30.11 0.0
30.12 0.0
30.13 0.0
30.14 0.0
30.150000000000002 0.0
30.16 0.0
30.17 0.0
30.18 0.0
30.19 0.0
30.2 0.0
30.21 0.0
30.22 0.0
30.23 0.0
30.240000000000002 0.0
30.25 0.0
30.26 0.0
30.27 0.0
30.28 0.0
30.29 0.0
30.3 0.0
30.310000000000002 0.0
30.32 0.0
30.330000000000002 0.0
30.34 0.0
30.35 0.0
30.36 0.0
30.37 0.0
30.38 0.0
30.39 0.0
30.400000000000002 0.0
30.41 0.0
30.42 0.0
30.43 0.0
30.44 231.7550290361659
30.45 235.04954043601379
30.46 238.26953539815682
30.47 241.43870623929823
30.48 241.60839236927552
30.490000000000002 62.34673783491567
30.5 62.809919360892366
30.51 63.28619148491316
30.52 85.53068368597046
30.53 86.18990163200378
30.54 86.81990042538762
30.55 87.40983135253758
30.560000000000002 87.6999106066373
30.57 87.81992331356493
30.580000000000002 87.77003664476837
30.59 261.705375382646
30.6 86.75470118538502
30.61 86.48013688031311
30.62 86.61004503327585
30.63 86.959968313303
30.64 87.36991726106456
30.650000000000002 87.73016929204935
30.66 262.7754082857033
30.67 263.50997356459317
30.68 264.40911756538463
30.69 88.75507890157493
30.7 88.8099989237003
30.71 88.95001776124134
30.72 89.21994875387477
30.73 89.452931606631
30.740000000000002 134.7808278989844
30.75 135.46977635004467
30.76 135.6998845208064
30.77 135.63992762096652
30.78 135.328706264664
30.79 269.50259598340784
30.8 269.26984875920823
30.810000000000002 268.35039566785844
30.82 268.3602976642253
30.830000000000002 269.381007864271
30.84 135.2673631139343
30.85 135.43687423958082
30.86 90.07929399265669
30.87 89.77006142805132
30.88 89.54011831673377
30.89 89.61001980697934
30.900000000000002 89.79295009032718
30.91 135.1107374160121
30.92 135.4700148775032
30.93 136.03994329550977
30.94 136.68982583619524
30.95 137.04975924081361
30.96 136.73683544436574
30.970000000000002 90.47968112321789
30.98 90.18006584542586
30.990000000000002 89.9800891309566
31.0 90.00302127655812
31.01 135.33054649499485
31.02 135.0401171885987
31.03 135.00004581890815
31.04 135.09998890045006
31.05 135.20995877817717
31.060000000000002 135.23003367580193
31.07 135.3669707282393
31.080000000000002 90.24924036346879
31.09 90.11006924188617
31.1 90.16004184655581
31.11 90.38000945527425
31.12 90.73986926221468
31.13 90.8198715798417
31.14 90.53187343967178
31.150000000000002 270.5011715714227
31.16 89.89720314219116
31.17 89.920102023727
31.18 90.3831148465279
31.19 136.69036644030462
31.2 137.22987476284283
31.21 137.57978648479286
31.220000000000002 137.34668068847668
31.23 90.66990062301801
31.240000000000002 90.51005492797736
31.25 90.47999271685879
31.26 90.41001552963345
31.27 90.36004719813499
31.28 90.45000465915363
31.29 90.59997989517343
31.3 90.76310707161919
31.310000000000002 136.58721420689787
31.32 90.65961684055098
31.330000000000002 90.6099906768137
31.34 90.51998099205248
31.35 90.32007677684524
31.36 90.29005877259266
31.37 90.44998913238682
31.38 0.0
31.39 0.0
31.400000000000002 0.0
31.41 0.0
31.42 0.0
31.43 0.0
31.44 0.0
31.45 0.0
31.46 0.0
31.470000000000002 0.0
31.48 0.0
31.490000000000002 0.0
31.5 0.0
31.51 0.0
31.52 0.0
31.53 0.0
31.54 0.0
31.55 0.0
31.560000000000002 0.0
31.57 0.0
31.580000000000002 0.0
31.59 0.0
31.6 0.0
31.61 0.0
31.62 0.0
31.63 0.0
31.64 0.0
31.650000000000002 0.0
31.66 0.0
31.67 0.0
31.68 0.0
31.69 0.0
31.7 0.0
31.71 0.0
31.720000000000002 0.0
31.73 0.0
31.740000000000002 0.0
31.75 0.0
31.76 0.0
31.77 0.0
31.78 0.0
31.79 0.0
31.8 0.0
31.810000000000002 0.0
31.82 0.0
31.830000000000002 0.0
31.84 0.0
31.85 0.0
31.86 0.0
31.87 0.0
31.88 0.0
31.89 0.0
31.900000000000002 0.0
31.91 0.0
31.92 0.0
31.93 0.0
31.94 0.0
31.95 0.0
31.96 0.0
31.970000000000002 0.0
31.98 0.0
31.990000000000002 0.0
32.0 0.0
32.01 0.0
32.02 0.0
32.03 0.0
32.04 0.0
32.05 0.0
32.06 0.0
32.07 273.7587802611346
32.08 273.0502663408254
32.09 272.82967471614694
32.1 271.37039355214915
32.11 270.57000564048155
32.12 269.4000917667528
32.13 267.9804110502459
32.14 267.30054026517143
32.15 268.1700163353003
32.160000000000004 269.51979407409505
32.17 270.80995462573463
32.18 272.56992626879
32.19 274.92950062752857
32.2 276.6992125907175
32.21 276.58995204711175
32.22 276.2600346441088
32.230000000000004 275.8902326589477
32.24 276.1501245042605
32.25 276.9696441653973
32.26 276.9499022197621
32.27 276.5801091202247
32.28 276.40977106874
32.29 275.36016972366474
32.3 274.3904486611337
32.31 274.51021880707356
32.32 275.45002371273085
32.33 276.92966099464144
32.34 277.9494151094567
32.35 277.4301702242723
32.36 277.2501371775141
32.37 277.45974092335626
32.38 276.86999340251134
32.39 275.97019762063576
32.4 275.32043551201144
32.410000000000004 275.86995478928225
32.42 276.52987615764715
32.43 277.080115492038
32.44 278.29963131772075
32.45 278.829681754834
32.46 278.51021123456485
32.47 278.7699774042165
32.480000000000004 279.0362852232342
32.49 92.58954882624326
32.5 92.15006308473278
32.51 91.82243667895717
32.52 273.73208781336257
32.53 273.1203229133576
32.54 273.26984987404205
32.55 272.9701826609878
32.56 273.1605421024043
32.57 275.32991494545126
32.58 278.25832398404617
32.59 276.7804995139128
32.6 276.32053533534656
32.61 277.499358387905
32.62 0.0
32.63 0.0
32.64 0.0
32.65 0.0
32.660000000000004 0.0
32.67 0.0
32.68 0.0
32.69 0.0
32.7 0.0
32.71 0.0
32.72 0.0
32.730000000000004 0.0
32.74 0.0
32.75 0.0
32.76 0.0
32.77 0.0
32.78 0.0
32.79 0.0
32.8 0.0
32.81 0.0
32.82 0.0
32.83 0.0
32.84 0.0
32.85 0.0
32.86 0.0
32.87 0.0
32.88 0.0
32.89 0.0
32.9 0.0
32.910000000000004 0.0
32.92 0.0
32.93 0.0
32.94 0.0
32.95 0.0
32.96 0.0
32.97 0.0
32.980000000000004 0.0
32.99 0.0
33.0 0.0
33.01 0.0
33.02 0.0
33.03 0.0
33.04 0.0
33.05 0.0
33.06 0.0
33.07 0.0
33.08 0.0
33.09 0.0
33.1 0.0
33.11 0.0
33.12 0.0
33.13 0.0
33.14 0.0
33.15 0.0
33.160000000000004 0.0
33.17 0.0
33.18 0.0
33.19 0.0
33.2 0.0
33.21 0.0
33.22 0.0
33.230000000000004 0.0
33.24 0.0
33.25 0.0
33.26 0.0
33.27 0.0
33.28 0.0
33.29 0.0
33.3 0.0
33.31 0.0
33.32 0.0
33.33 0.0
33.34 0.0
33.35 0.0
33.36 0.0
33.37 0.0
33.38 0.0
33.39 0.0
33.4 0.0
33.410000000000004 0.0
33.42 0.0
33.43 0.0
33.44 0.0
33.45 0.0
33.46 0.0
33.47 0.0
33.480000000000004 0.0
33.49 0.0
33.5 0.0
33.51 0.0
33.52 0.0
33.53 0.0
33.54 0.0
33.55 0.0
33.56 0.0
33.57 0.0
33.58 0.0
33.59 0.0
33.6 0.0
33.61 0.0
33.62 0.0
33.63 0.0
33.64 0.0
33.65 0.0
33.660000000000004 0.0
33.67 0.0
33.68 0.0
33.69 0.0
33.7 0.0
33.71 0.0
33.72 0.0
33.730000000000004 0.0
33.74 0.0
33.75 0.0
33.76 0.0
33.77 0.0
33.78 0.0
33.79 0.0
33.8 0.0
33.81 0.0
33.82 0.0
33.83 0.0
33.84 0.0
33.85 0.0
33.86 0.0
33.87 0.0
33.88 0.0
33.89 0.0
33.9 0.0
33.910000000000004 0.0
33.92 0.0
33.93 0.0
33.94 0.0
33.95 0.0
33.96 0.0
33.97 0.0
33.980000000000004 0.0
33.99 0.0
34.0 0.0
34.01 0.0
34.02 0.0
34.03 0.0
34.04 0.0
34.05 0.0
34.06 0.0
34.07 0.0
34.08 0.0
34.09 0.0
34.1 0.0
34.11 0.0
34.12 0.0
34.13 0.0
34.14 0.0
34.15 0.0
34.160000000000004 0.0
34.17 0.0
34.18 0.0
34.19 0.0
34.2 0.0
34.21 0.0
34.22 0.0
34.230000000000004 0.0
34.24 0.0
34.25 0.0
34.26 0.0
34.27 0.0
34.28 0.0
34.29 0.0
34.300000000000004 0.0
34.31 0.0
34.32 0.0
34.33 0.0
34.34 0.0
34.35 0.0
34.36 0.0
34.37 0.0
34.38 0.0
34.39 0.0
34.4 0.0
34.410000000000004 0.0
34.42 0.0
34.43 0.0
34.44 0.0
34.45 0.0
34.46 0.0
34.47 0.0
34.480000000000004 0.0
34.49 0.0
34.5 0.0
34.51 0.0
34.52 0.0
34.53 0.0
34.54 0.0
34.550000000000004 0.0
34.56 0.0
34.57 0.0
34.58 0.0
34.59 0.0
34.6 0.0
34.61 0.0
34.62 0.0
34.63 0.0
34.64 0.0
34.65 0.0
34.660000000000004 0.0
34.67 0.0
34.68 0.0
34.69 0.0
34.7 0.0
34.71 0.0
34.72 0.0
34.730000000000004 0.0
34.74 0.0
34.75 0.0
34.76 0.0
34.77 0.0
34.78 0.0
34.79 0.0
34.800000000000004 0.0
34.81 0.0
34.82 0.0
34.83 0.0
34.84 0.0
34.85 0.0
34.86 0.0
34.87 0.0
34.88 0.0
34.89 0.0
34.9 0.0
34.910000000000004 0.0
34.92 219.3195213871278
34.93 222.28001804582334
34.94 226.6692858125874
34.95 230.70894695403564
34.96 233.04990821964165
34.97 236.20994879948225
34.980000000000004 240.72890295287092
34.99 243.62975238737747
35.0 247.0797962294746
35.01 251.49885414983322
35.02 254.05254537188554
35.03 127.56422431155107
35.04 128.16016308921468
35.050000000000004 129.68708219879332
35.06 260.9438883520922
35.07 260.86985003342846
35.08 260.163015674768
35.09 130.46561215569508
35.1 131.11984152851613
35.11 131.57718727439917
35.12 87.68879565531356
35.13 87.83007681448892
35.14 88.33289388372003
35.15 133.9307068738808
35.160000000000004 134.59985666647577
35.17 135.07993574206085
35.18 135.56982522754316
35.19 135.6898195033831
35.2 135.2400907334607
35.21 134.8770607411382
35.22 89.32942397472608
35.230000000000004 89.19008448112139
35.24 89.30291680986771
35.25 134.4007595464464
35.26 134.51004695437024
35.27 134.81995954516862
35.28 135.13990845621925
35.29 135.2869204877489
35.300000000000004 90.00928282206453
35.31 89.78008757792385
35.32 89.76011194069865
35.33 90.11996692506125
35.34 90.53986661367624
35.35 90.69990293979083
35.36 90.59996226622422
35.37 90.32001413789236
35.38 89.96302844654264
35.39 134.75085087374546
35.4 134.70716448720776
35.410000000000004 89.97920109985942
35.42 90.29304761110984
35.43 136.1604135710303
35.44 136.20991370177313
35.45 135.95698215525576
35.46 90.29947953858014
35.47 90.1900449865285
35.480000000000004 90.19997563691868
35.49 90.13002126373648
35.5 90.0999496350367
35.51 89.88005085084946
35.52 89.73010712745437
35.53 89.87993310398285
35.54 89.86999564046944
35.550000000000004 89.83998696029693
35.56 89.74998673670879
35.57 89.57009695424267
35.58 89.64001033487042
35.59 89.77996319938622
35.6 89.85995434639356
35.61 89.81996537701536
35.62 89.64001366916814
35.63 89.42005947341539
35.64 0.0
35.65 0.0
35.660000000000004 0.0
35.67 0.0
35.68 0.0
35.69 0.0
35.7 0.0
35.71 0.0
35.72 0.0
35.730000000000004 0.0
35.74 0.0
35.75 0.0
35.76 0.0
35.77 0.0
35.78 0.0
35.79 0.0
35.800000000000004 0.0
35.81 0.0
35.82 0.0
35.83 0.0
35.84 0.0
35.85 0.0
35.86 0.0
35.87 0.0
35.88 0.0
35.89 0.0
35.9 0.0
35.910000000000004 0.0
35.92 0.0
35.93 0.0
35.94 0.0
35.95 0.0
35.96 0.0
35.97 0.0
35.980000000000004 0.0
35.99 0.0
36.0 0.0
36.01 0.0
36.02 0.0
36.03 0.0
36.04 0.0
36.050000000000004 0.0
36.06 0.0
36.07 0.0
36.08 0.0
36.09 0.0
36.1 0.0
36.11 0.0
36.12 0.0
36.13 0.0
36.14 0.0
36.15 0.0
36.160000000000004 0.0
36.17 0.0
36.18 0.0
36.19 0.0
36.2 0.0
36.21 0.0
36.22 0.0
36.230000000000004 0.0
36.24 0.0
36.25 0.0
36.26 0.0
36.27 0.0
36.28 0.0
36.29 0.0
36.300000000000004 0.0
36.31 0.0
36.32 0.0
36.33 0.0
36.34 0.0
36.35 0.0
36.36 0.0
36.37 0.0
36.38 0.0
36.39 0.0
36.4 0.0
36.410000000000004 0.0
36.42 0.0
36.43 0.0
36.44 0.0
36.45 0.0
36.46 0.0
36.47 0.0
36.480000000000004 0.0
36.49 0.0
36.5 0.0
36.51 0.0
36.52 0.0
36.53 0.0
36.54 0.0
36.550000000000004 0.0
36.56 0.0
36.57 0.0
36.58 0.0
36.59 0.0
36.6 272.79807204978374
36.61 268.3915071448338
36.62 266.99079045185675
36.63 267.66006154809946
36.64 268.86948050894307
36.65 268.8598777816419
36.660000000000004 268.41958476589485
36.67 266.3202905903
36.68 264.21023758158435
36.69 261.90062454182265
36.7 260.6411066903043
36.71 262.61955397678173
36.72 264.00938922429617
36.730000000000004 263.95024087297645
36.74 264.6997056846497
36.75 264.79019700534553
36.76 265.60991125158034
36.77 266.51972629552154
36.78 266.91957358653553
36.79 266.03029377793604
36.800000000000004 265.7302975649727
36.81 266.3197050879441
36.82 266.17025353645533
36.83 266.83007149616657
36.84 268.0600348569134
36.85 270.0098566524677
36.86 272.4095553475324
36.87 274.42943898249604
36.88 275.47971809604314
36.89 276.0591291378708
36.9 273.89037498863
36.910000000000004 271.9707221930418
36.92 271.63000746227397
36.93 271.15013027944383
36.94 270.89008228658736
36.95 270.789554503766
36.96 269.09015429053915
36.97 267.1006629899785
36.980000000000004 266.4496946538034
36.99 264.41989881236856
37.0 261.049388417405
37.01 0.0
37.02 0.0
37.03 0.0
37.04 0.0
37.050000000000004 0.0
37.06 0.0
37.07 0.0
37.08 0.0
37.09 0.0
37.1 0.0
37.11 0.0
37.12 0.0
37.13 0.0
37.14 0.0
37.15 0.0
37.160000000000004 0.0
37.17 0.0
37.18 0.0
37.19 0.0
37.2 0.0
37.21 0.0
37.22 0.0
37.230000000000004 0.0
37.24 0.0
37.25 0.0
37.26 0.0
37.27 0.0
37.28 0.0
37.29 0.0
37.300000000000004 0.0
37.31 0.0
37.32 0.0
37.33 0.0
37.34 0.0
37.35 0.0
37.36 0.0
37.37 0.0
37.38 0.0
37.39 0.0
37.4 0.0
37.410000000000004 0.0
37.42 0.0
37.43 0.0
37.44 0.0
37.45 0.0
37.46 0.0
37.47 0.0
37.480000000000004 0.0
37.49 0.0
37.5 0.0
37.51 0.0
37.52 0.0
37.53 0.0
37.54 0.0
37.550000000000004 0.0
37.56 0.0
37.57 0.0
37.58 0.0
37.59 0.0
37.6 0.0
37.61 0.0
37.62 0.0
37.63 0.0
37.64 0.0
37.65 0.0
37.660000000000004 0.0
37.67 0.0
37.68 0.0
37.69 0.0
37.7 0.0
37.71 0.0
37.72 0.0
37.730000000000004 0.0
37.74 0.0
37.75 0.0
37.76 0.0
37.77 0.0
37.78 0.0
37.79 0.0
37.800000000000004 0.0
37.81 0.0
37.82 0.0
37.83 0.0
37.84 0.0
37.85 0.0
37.86 0.0
37.87 0.0
37.88 0.0
37.89 0.0
37.9 0.0
37.910000000000004 0.0
37.92 0.0
37.93 0.0
37.94 0.0
37.95 0.0
37.96 0.0
37.97 0.0
37.980000000000004 0.0
37.99 0.0
38.0 0.0
38.01 0.0
38.02 0.0
38.03 0.0
38.04 0.0
38.050000000000004 0.0
38.06 0.0
38.07 0.0
38.08 0.0
38.09 0.0
38.1 0.0
38.11 0.0
38.12 0.0
38.13 0.0
38.14 0.0
38.15 0.0
38.160000000000004 0.0
38.17 0.0
38.18 0.0
38.19 0.0
38.2 0.0
38.21 0.0
38.22 0.0
38.230000000000004 0.0
38.24 0.0
38.25 0.0
38.26 0.0
38.27 0.0
38.28 0.0
38.29 0.0
38.300000000000004 0.0
38.31 0.0
38.32 0.0
38.33 0.0
38.34 0.0
38.35 0.0
38.36 0.0
38.37 0.0
38.38 0.0
38.39 0.0
38.4 0.0
38.410000000000004 0.0
38.42 0.0
38.43 0.0
38.44 0.0
38.45 0.0
38.46 0.0
38.47 0.0
38.480000000000004 0.0
38.49 0.0
38.5 0.0
38.51 0.0
38.52 0.0
38.53 0.0
38.54 0.0
38.550000000000004 0.0
38.56 0.0
38.57 0.0
38.58 0.0
38.59 0.0
38.6 0.0
38.61 0.0
38.62 0.0
38.63 0.0
38.64 0.0
38.65 0.0
38.660000000000004 0.0
38.67 0.0
38.68 0.0
38.69 0.0
38.7 0.0
38.71 0.0
38.72 0.0
38.730000000000004 0.0
38.74 0.0
38.75 0.0
38.76 0.0
38.77 0.0
38.78 0.0
38.79 0.0
38.800000000000004 0.0
38.81 0.0
38.82 0.0
38.83 0.0
38.84 0.0
38.85 0.0
38.86 0.0
38.87 0.0
38.88 0.0
38.89 0.0
38.9 0.0
38.910000000000004 0.0
38.92 0.0
38.93 0.0
38.94 0.0
38.95 0.0
38.96 0.0
38.97 0.0
38.980000000000004 0.0
38.99 0.0
39.0 0.0
39.01 0.0
39.02 0.0
39.03 0.0
39.04 0.0
39.050000000000004 0.0
39.06 0.0
39.07 0.0
39.08 0.0
39.09 0.0
39.1 0.0
39.11 0.0
39.12 0.0
39.13 0.0
39.14 0.0
39.15 0.0
39.160000000000004 0.0
39.17 0.0
39.18 0.0
39.19 0.0
39.2 0.0
39.21 0.0
39.22 0.0
39.230000000000004 0.0
39.24 232.2850008309241
39.25 236.22907049888389
39.26 238.77962902458503
39.27 241.27972798875288
39.28 244.0492882470693
39.29 245.68990247409502
39.300000000000004 247.75216583428943
39.31 84.43004625935109
39.32 85.30978283923207
39.33 85.92000084444715
39.34 86.82988714626545
39.35 87.78971070437318
39.36 88.2098435890311
39.37 88.28988539821611
39.38 88.00995582841895
39.39 87.4399643934659
39.4 86.46399039641625
39.410000000000004 64.10953849931661
39.42 64.06011406877094
39.43 64.39627427082749
39.44 86.72066102791769
39.45 87.41983572846044
39.46 87.87991556465252
39.47 88.269919619575
39.480000000000004 88.56991209636257
39.49 88.70990622118177
39.5 88.63098604471607
39.51 265.8646767812694
39.52 267.26834251248937
39.53 89.60584217479376
39.54 89.32998489122575
39.550000000000004 88.93012196411696
39.56 88.76008409377731
39.57 88.79999729713556
39.58 88.85000449978055
39.59 88.940025258701
39.6 89.20141808861129
39.61 268.443796197917
39.62 269.8097334423139
39.63 270.84972245517116
39.64 271.4296259515812
39.65 270.9900585807872
39.660000000000004 270.5403500486176
39.67 271.08927124894996
39.68 269.3695884689116
39.69 265.3816834256944
39.7 265.3104925243067
39.71 266.91919207772753
39.72 266.5001562127546
39.730000000000004 266.42026104251806
39.74 267.2096684907882
39.75 267.22995118723486
39.76 267.0899305578587
39.77 266.6404075117834
39.78 267.39003307716047
39.79 268.61970459691787
39.800000000000004 269.42004605995965
39.81 270.7697280195807
39.82 271.8298460207095
39.83 272.8696392126094
39.84 273.15995363894734
39.85 273.42977844329533
39.86 273.05985926122787
39.87 272.02003335572897
39.88 270.59031189967624
39.89 269.5502086286556
39.9 268.7303587755032
39.910000000000004 268.7601882748017
39.92 269.45976721424773
39.93 269.6899735435095
39.94 269.9398760370717
39.95 269.8802065117427
39.96 270.50984304326704
39.97 270.8997961168802
39.980000000000004 270.76993484838806
39.99 270.3500098706617
40.0 269.7599963171291
40.01 268.8700727172477
40.02 267.80019554805597
40.03 266.8904000611198
40.04 266.9300318104139
40.050000000000004 267.0998671162287
40.06 266.8900436849712
40.07 266.72997355671896
40.08 266.4000978131735
40.09 266.24998648920405
40.1 265.97949781875917
40.11 263.8299097229564
40.12 260.3181504022396
40.13 248.6659056011754
40.14 251.88957252143223
40.15 0.0
40.160000000000004 0.0
40.17 256.5353532881309
40.18 257.7793932106651
40.19 257.4303704235138
40.2 258.19949042166206
40.21 257.5705991740468
40.22 258.7203045873872
40.230000000000004 261.4895553940405
40.24 264.0591987918452
40.25 265.06178003863744
40.26 133.6062312660301
40.27 133.79982636951786
40.28 133.5299860217645
40.29 133.08015730245836
40.300000000000004 132.98819313190992
40.31 265.7033312592717
40.32 265.8599551848004
40.33 265.8899900649234
40.34 265.9001450614001
40.35 266.41993305875656
40.36 266.95954257422244
40.37 266.1703602016806
40.38 266.250215743884
40.39 267.11969176599695
40.4 267.3400007868215
40.410000000000004 267.67007448645643
40.42 268.4198951696263
40.43 269.1697860363269
40.44 269.54026986843786
40.45 271.0296309505313
40.46 271.95980674532655
40.47 272.66978871330645
40.480000000000004 272.9898834317106
40.49 0.0
40.5 272.8588105956593
40.51 271.92012040947833
40.52 270.8500490757016
40.53 269.430132478263
40.54 267.7806557070956
40.550000000000004 267.61027660746475
40.56 0.0
40.57 269.12059800940875
40.58 269.78986406696595
40.59 270.2199656985096
40.6 270.7396745767273
40.61 270.3798521314553
40.62 269.33051147371447
40.63 269.550173555837
40.64 270.45091550330704
40.65 135.83768080684655
40.660000000000004 136.3797113143898
40.67 136.25831778090125
40.68 269.3621511613462
40.69 265.99245001868104
40.7 269.4594033686265
40.71 272.53881407937996
40.72 272.989971334344
40.730000000000004 273.5599203078578
40.74 274.1297623525859
40.75 274.1498736875266
40.76 273.74028127555243
40.77 274.10979037192106
40.78 273.9298154923036
40.79 273.02029374612914
40.800000000000004 272.6902788038255
40.81 273.17001909276235
40.82 273.94962388621883
40.83 273.79985147935133
40.84 273.0603790974477
40.85 273.27989751599944
40.86 273.24986632509615
40.87 272.7400167055351
40.88 272.04017828414294
40.89 271.6204090861498
40.9 272.41968147612283
40.910000000000004 272.4998853690084
40.92 272.21997880661564
40.93 271.7300139262768
40.94 271.05010078908737
40.95 270.3899458423388
40.96 269.2205770751708
40.97 269.4900083187846
40.980000000000004 269.9199772328666
40.99 270.4799963792659
41.0 271.29982219068484
41.01 271.8998040665437
41.02 272.1095054037838
41.03 270.7005559715562
41.04 270.5400023641953
41.050000000000004 270.3099718362149
41.06 269.86995525282344
41.07 269.0602568194903
41.08 268.7502673824373
41.09 269.2199688020611
41.1 269.80973659564125
41.11 269.76993949089047
41.12 269.50004347956866
41.13 269.25012685998905
41.14 269.32012805840907
41.15 269.86952396794845
41.160000000000004 269.030143163654
41.17 268.2799526537408
41.18 267.0000812996657
41.19 265.38063426305735
41.2 265.1801257313793
41.21 265.32019584797416
41.22 266.21003358421245
41.230000000000004 267.64989349269297
41.24 269.41983295057094
41.25 271.4693630482365
41.26 272.29976612342045
41.27 272.72004747738214
41.28 273.50950474460706
41.29 272.9598125688894
41.300000000000004 271.4899871651817
41.31 269.25992692826395
41.32 265.690998745587
41.33 263.8609268724716
41.34 264.3191739061797
41.35 53.4303185956536
41.36 88.90490099403272
41.37 89.1899019589735
41.38 89.25994999080142
41.39 89.189992548441
41.4 89.06007560899018
41.410000000000004 89.13003618079797
41.42 89.36001093041148
41.43 89.73990093527402
41.44 89.95995774202744
41.45 0.0
41.46 0.0
41.47 0.0
41.480000000000004 0.0
41.49 0.0
41.5 0.0
41.51 0.0
41.52 0.0
41.53 0.0
41.54 0.0
41.550000000000004 0.0
41.56 0.0
41.57 0.0
41.58 0.0
41.59 0.0
41.6 0.0
41.61 0.0
41.62 0.0
41.63 0.0
41.64 0.0
41.65 0.0
41.660000000000004 0.0
41.67 0.0
41.68 0.0
41.69 0.0
41.7 0.0
41.71 0.0
41.72 0.0
41.730000000000004 0.0
41.74 0.0
41.75 0.0
41.76 0.0
41.77 0.0
41.78 0.0
41.79 0.0
41.800000000000004 0.0
41.81 0.0
41.82 0.0
41.83 0.0
41.84 0.0
41.85 0.0
41.86 0.0
41.87 0.0
41.88 0.0
41.89 0.0
41.9 0.0
41.910000000000004 0.0
41.92 0.0
41.93 0.0
41.94 0.0
41.95 0.0
41.96 0.0
41.97 0.0
41.980000000000004 0.0
41.99 0.0
42.0 0.0
42.01 0.0
42.02 0.0
42.03 0.0
42.04 0.0
42.050000000000004 0.0
42.06 0.0
42.07 0.0
42.08 0.0
42.09 0.0
42.1 0.0
42.11 0.0
42.12 0.0
42.13 0.0
42.14 0.0
42.15 0.0
42.160000000000004 0.0
42.17 0.0
42.18 0.0
42.19 0.0
42.2 0.0
42.21 0.0
42.22 0.0
42.230000000000004 0.0
42.24 0.0
42.25 0.0
42.26 0.0
42.27 0.0
42.28 0.0
42.29 0.0
42.300000000000004 0.0
42.31 0.0
42.32 0.0
42.33 0.0
42.34 0.0
42.35 0.0
42.36 0.0
42.37 0.0
42.38 0.0
42.39 0.0
42.4 0.0
42.410000000000004 0.0
42.42 0.0
42.43 0.0
42.44 0.0
42.45 0.0
42.46 0.0
42.47 0.0
42.480000000000004 0.0
42.49 0.0
42.5 0.0
42.51 0.0
42.52 0.0
42.53 0.0
42.54 0.0
42.550000000000004 0.0
42.56 0.0
42.57 0.0
42.58 0.0
42.59 0.0
42.6 0.0
42.61 0.0
42.62 0.0
42.63 0.0
42.64 0.0
42.65 0.0
42.660000000000004 0.0
42.67 0.0
42.68 0.0
42.69 0.0
42.7 0.0
42.71 0.0
42.72 0.0
42.730000000000004 0.0
42.74 0.0
42.75 0.0
42.76 0.0
42.77 0.0
42.78 0.0
42.79 0.0
42.800000000000004 0.0
42.81 0.0
42.82 0.0
42.83 0.0
42.84 0.0
42.85 0.0
42.86 0.0
42.87 0.0
42.88 0.0
42.89 0.0
42.9 0.0
42.910000000000004 0.0
42.92 0.0
42.93 0.0
42.94 0.0
42.95 0.0
42.96 0.0
42.97 0.0
42.980000000000004 0.0
42.99 0.0
43.0 0.0
43.01 0.0
43.02 0.0
43.03 0.0
43.04 0.0
43.050000000000004 0.0
43.06 0.0
43.07 0.0
43.08 0.0
43.09 0.0
43.1 0.0
43.11 0.0
43.12 0.0
43.13 0.0
43.14 0.0
43.15 0.0
43.160000000000004 0.0
43.17 0.0
43.18 0.0
43.19 0.0
43.2 0.0
43.21 0.0
43.22 0.0
43.230000000000004 0.0
43.24 0.0
43.25 0.0
43.26 0.0
43.27 0.0
43.28 0.0
43.29 0.0
43.300000000000004 0.0
43.31 0.0
43.32 0.0
43.33 0.0
43.34 0.0
43.35 0.0
43.36 0.0
43.37 0.0
43.38 0.0
43.39 0.0
43.4 0.0
43.410000000000004 0.0
43.42 0.0
43.43 0.0
43.44 0.0
43.45 0.0
43.46 0.0
43.47 0.0
43.480000000000004 0.0
43.49 0.0
43.5 0.0
43.51 0.0
43.52 0.0
43.53 0.0
43.54 0.0
43.550000000000004 0.0
43.56 0.0
43.57 0.0
43.58 0.0
43.59 0.0
43.6 0.0
43.61 0.0
43.62 0.0
43.63 0.0
43.64 0.0
43.65 0.0
43.660000000000004 0.0
43.67 0.0
43.68 0.0
43.69 0.0
43.7 0.0
43.71 0.0
43.72 0.0
43.730000000000004 0.0
43.74 0.0
43.75 0.0
43.76 0.0
43.77 0.0
43.78 0.0
43.79 0.0
43.800000000000004 0.0
43.81 0.0
43.82 0.0
43.83 0.0
43.84 0.0
43.85 0.0
43.86 0.0
43.87 0.0
43.88 0.0
43.89 0.0
43.9 0.0
43.910000000000004 0.0
43.92 0.0
43.93 0.0
43.94 0.0
43.95 0.0
43.96 0.0
43.97 0.0
43.980000000000004 0.0
43.99 0.0
44.0 0.0
44.01 0.0
44.02 0.0
44.03 0.0
44.04 0.0
44.050000000000004 0.0
44.06 0.0
44.07 0.0
44.08 0.0
44.09 0.0
44.1 0.0
44.11 0.0
44.12 0.0
44.13 0.0
44.14 0.0
44.15 0.0
44.160000000000004 0.0
44.17 0.0
44.18 0.0
44.19 0.0
44.2 0.0
44.21 0.0
44.22 0.0
44.230000000000004 0.0
44.24 0.0
44.25 0.0
44.26 0.0
44.27 0.0
44.28 0.0
44.29 0.0
44.300000000000004 0.0
44.31 0.0
44.32 0.0
44.33 0.0
44.34 0.0
44.35 0.0
44.36 0.0
44.37 0.0
44.38 0.0
44.39 0.0
44.4 0.0
44.410000000000004 0.0
44.42 0.0
44.43 0.0
44.44 0.0
44.45 0.0
44.46 0.0
44.47 0.0
44.480000000000004 0.0
44.49 0.0
44.5 0.0
44.51 0.0
44.52 0.0
44.53 0.0
44.54 0.0
44.550000000000004 0.0
44.56 0.0
44.57 0.0
44.58 0.0
44.59 0.0
44.6 0.0
44.61 0.0
44.62 0.0
44.63 0.0
44.64 0.0
44.65 0.0
44.660000000000004 0.0
44.67 0.0
44.68 0.0
44.69 0.0
44.7 0.0
44.71 0.0
44.72 0.0
44.730000000000004 0.0
44.74 0.0
44.75 0.0
44.76 0.0
44.77 0.0
44.78 0.0
44.79 0.0
44.800000000000004 0.0
44.81 0.0
44.82 0.0
44.83 0.0
44.84 0.0
44.85 0.0
44.86 0.0
44.87 0.0
44.88 0.0
44.89 0.0
44.9 0.0
44.910000000000004 0.0
44.92 0.0
44.93 0.0
44.94 0.0
44.95 0.0
44.96 0.0
44.97 0.0
44.980000000000004 0.0
44.99 0.0
45.0 0.0
45.01 0.0
45.02 0.0
45.03 0.0
45.04 0.0
45.050000000000004 0.0
45.06 0.0
45.07 0.0
45.08 0.0
45.09 0.0
45.1 0.0
45.11 0.0
45.12 0.0
45.13 0.0
45.14 0.0
45.15 0.0
45.160000000000004 0.0
45.17 0.0
45.18 0.0
45.19 0.0
45.2 0.0
45.21 0.0
45.22 0.0
45.230000000000004 0.0
45.24 0.0
45.25 0.0
45.26 0.0
45.27 0.0
45.28 0.0
45.29 0.0
45.300000000000004 0.0
45.31 0.0
45.32 0.0
45.33 0.0
45.34 0.0
45.35 0.0
45.36 0.0
45.37 0.0
45.38 0.0
45.39 0.0
45.4 0.0
45.410000000000004 0.0
45.42 0.0
45.43 0.0
45.44 0.0
45.45 0.0
45.46 0.0
45.47 0.0
45.480000000000004 0.0
45.49 0.0
45.5 0.0
45.51 0.0
45.52 0.0
45.53 0.0
45.54 0.0
45.550000000000004 0.0
45.56 0.0
45.57 0.0
45.58 0.0
45.59 0.0
45.6 0.0
45.61 0.0
45.62 0.0
45.63 0.0
45.64 0.0
45.65 0.0
45.660000000000004 0.0
45.67 0.0
45.68 0.0
45.69 0.0
45.7 0.0
45.71 0.0
45.72 0.0
45.730000000000004 0.0
45.74 0.0
45.75 0.0
45.76 0.0
45.77 0.0
45.78 0.0
45.79 0.0
45.800000000000004 0.0
45.81 0.0
45.82 0.0
45.83 0.0
45.84 0.0
45.85 0.0
45.86 0.0
45.87 0.0
45.88 0.0
45.89 0.0
45.9 0.0
45.910000000000004 0.0
45.92 0.0
45.93 0.0
45.94 0.0
45.95 0.0
45.96 0.0
45.97 0.0
45.980000000000004 0.0
45.99 0.0
46.0 0.0
46.01 0.0
46.02 0.0
46.03 0.0
46.04 0.0
46.050000000000004 0.0
46.06 0.0
46.07 0.0
46.08 0.0
46.09 0.0
46.1 0.0
46.11 0.0
46.12 0.0
46.13 0.0
46.14 0.0
46.15 0.0
46.160000000000004 0.0
46.17 0.0
46.18 0.0
46.19 0.0
46.2 0.0
46.21 0.0
46.22 0.0
46.230000000000004 0.0
46.24 0.0
46.25 0.0
46.26 0.0
46.27 0.0
46.28 0.0
46.29 0.0
46.300000000000004 0.0
46.31 0.0
46.32 0.0
46.33 0.0
46.34 0.0
46.35 0.0
46.36 0.0
46.37 0.0
46.38 0.0
46.39 0.0
46.4 0.0
46.410000000000004 0.0
46.42 0.0
46.43 0.0
46.44 0.0
46.45 0.0
46.46 0.0
46.47 0.0
46.480000000000004 0.0
46.49 0.0
46.5 0.0
46.51 0.0
46.52 0.0
46.53 0.0
46.54 0.0
46.550000000000004 0.0
46.56 0.0
46.57 0.0
46.58 0.0
46.59 0.0
46.6 0.0
46.61 0.0
46.62 0.0
46.63 0.0
46.64 0.0
46.65 0.0
46.660000000000004 0.0
46.67 0.0
46.68 0.0
46.69 0.0
46.7 0.0
46.71 0.0
46.72 0.0
46.730000000000004 0.0
46.74 0.0
46.75 0.0
46.76 0.0
46.77 0.0
46.78 0.0
46.79 0.0
46.800000000000004 0.0
46.81 0.0
46.82 0.0
46.83 0.0
46.84 0.0
46.85 0.0
46.86 0.0
46.87 0.0
46.88 0.0
46.89 0.0
46.9 0.0
46.910000000000004 0.0
46.92 0.0
46.93 0.0
46.94 0.0
46.95 0.0
46.96 0.0
46.97 0.0
46.980000000000004 0.0
46.99 0.0
47.0 0.0
47.01 0.0
47.02 0.0
47.03 0.0
47.04 0.0
47.050000000000004 0.0
47.06 0.0
47.07 0.0
47.08 0.0
47.09 0.0
47.1 0.0
47.11 0.0
47.12 0.0
47.13 0.0
47.14 0.0
47.15 0.0
47.160000000000004 0.0
47.17 0.0
47.18 0.0
47.19 0.0
47.2 0.0
47.21 0.0
47.22 0.0
47.230000000000004 0.0
47.24 0.0
47.25 0.0
47.26 0.0
47.27 0.0
47.28 0.0
47.29 0.0
47.300000000000004 0.0
47.31 0.0
47.32 0.0
47.33 0.0
47.34 0.0
47.35 0.0
47.36 0.0
47.37 0.0
47.38 0.0
47.39 0.0
47.4 0.0
47.410000000000004 0.0
47.42 0.0
47.43 0.0
47.44 0.0
47.45 0.0
47.46 0.0
47.47 0.0
47.480000000000004 0.0
47.49 0.0
47.5 0.0
47.51 0.0
47.52 0.0
47.53 0.0
47.54 0.0
47.550000000000004 0.0
47.56 0.0
47.57 0.0
47.58 0.0
47.59 0.0
47.6 0.0
47.61 0.0
47.62 0.0
47.63 0.0
47.64 0.0
47.65 0.0
47.660000000000004 0.0
47.67 0.0
47.68 0.0
47.69 0.0
47.7 0.0
47.71 0.0
47.72 0.0
47.730000000000004 0.0
47.74 0.0
47.75 0.0
47.76 0.0
47.77 0.0
47.78 0.0
47.79 0.0
47.800000000000004 0.0
47.81 0.0
47.82 0.0
47.83 0.0
47.84 0.0
47.85 0.0
47.86 0.0
47.870000000000005 0.0
47.88 0.0
47.89 51.09925673798037
47.9 253.3854171971588
47.910000000000004 51.13638153588292
47.92 50.94801327844274
47.93 252.53392895483734
47.94 252.78983359161631
47.95 252.52028755919557
47.96 253.11996500372692
47.97 253.8898751342345
47.980000000000004 254.59996967736808
47.99 255.55023762740805
48.0 257.78919300484796
48.01 258.3102315628697
48.02 259.88969301455046
48.03 261.16953673145304
48.04 261.46023505608724
48.050000000000004 262.7096726681829
48.06 263.38939522608604
48.07 88.37489185067739
48.08 88.72992823064693
48.09 89.06991512081383
48.1 89.2798930887992
48.11 89.21996815730533
48.120000000000005 89.01995902569574
48.13 88.58003031309387
48.14 88.07001236789424
48.15 261.2757516025252
48.160000000000004 260.4700745160484
48.17 259.47063087236296
48.18 260.1798979758243
48.19 260.8795054505211
48.2 260.160607457209
48.21 87.28393244117302
48.22 87.48004231207919
48.230000000000004 87.97990714074925
48.24 88.39993552794986
48.25 88.79991583594737
48.26 89.14101058480826
48.27 267.0840553912452
48.28 267.42009574262926
48.29 268.1900560683944
48.300000000000004 269.52966857168275
48.31 270.32789382522026
48.32 90.26687254085965
48.33 90.01001387916928
48.34 89.74008656654965
48.35 89.64006568559893
48.36 89.71997159798683
48.370000000000005 89.73997997004895
48.38 89.7000347958171
48.39 89.80121643941037
48.4 268.1036604698166
48.410000000000004 267.5998340209569
48.42 266.2105130617018
48.43 265.93043553416913
48.44 267.02972521661724
48.45 267.6686915450367
48.46 90.14596051365837
48.47 90.48986952259712
48.480000000000004 90.60993151022564
48.49 90.55003996245443
48.5 90.59997578159026
48.51 90.58990999302667
48.52 90.30136570252867
48.53 268.5437090993458
48.54 268.11996354038024
48.550000000000004 267.30006295413193
48.56 266.3005935443443
48.57 266.8800420106719
48.58 267.8482750255902
48.59 89.36622386205832
48.6 89.20002414571803
48.61 89.09999675219625
48.620000000000005 88.94003959837016
48.63 88.84005993710315
48.64 88.90003470331523
48.65 89.11000511083316
48.660000000000004 89.43991366676654
48.67 89.62996244708839
48.68 89.82149102540454
48.69 269.2135426072991
48.7 269.91947565705425
48.71 269.0517629681164
48.72 134.7572994111041
48.730000000000004 134.43722128038624
48.74 89.55917526726
48.75 89.54997064642689
48.76 89.4500398192284
48.77 89.44001289588286
48.78 89.47004750135055
48.79 0.0
48.800000000000004 0.0
48.81 0.0
48.82 0.0
48.83 0.0
48.84 0.0
48.85 0.0
48.86 0.0
48.870000000000005 0.0
48.88 0.0
48.89 0.0
48.9 0.0
48.910000000000004 0.0
48.92 0.0
48.93 0.0
48.94 0.0
48.95 0.0
48.96 0.0
48.97 0.0
48.980000000000004 0.0
48.99 0.0
49.0 0.0
49.01 0.0
49.02 0.0
49.03 0.0
49.04 0.0
49.050000000000004 0.0
49.06 0.0
49.07 0.0
49.08 0.0
49.09 0.0
49.1 0.0
49.11 0.0
49.120000000000005 0.0
49.13 0.0
49.14 262.75336441775175
49.15 264.1305204898595
49.160000000000004 267.89787933998696
49.17 266.1211558416575
49.18 267.4990032455766
49.19 266.08058600184813
49.2 266.010139119288
49.21 266.38984638141716
49.22 266.419766039979
49.230000000000004 265.6501822737766
49.24 265.14035848315774
49.25 265.6296472763402
49.26 265.13019618735024
49.27 265.07007447280876
49.28 265.2399418060263
49.29 265.2902428430992
49.300000000000004 266.20984849544527
49.31 267.0502501269054
49.32 269.16948543145975
49.33 270.529496783024
49.34 270.8001057224345
49.35 271.56943865612556
49.36 270.76026817200153
49.370000000000005 270.4897018146249
49.38 269.05051427356943
49.39 268.70033045547206
49.4 269.32990623758053
49.410000000000004 269.939639032423
49.42 269.5901809650931
49.43 269.7000994927392
49.44 270.2093716201455
49.45 268.78044099742164
49.46 268.19003948528416
49.47 267.4502010844366
49.480000000000004 267.05001001699486
49.49 266.49029368534957
49.5 266.6803008792828
49.51 268.00980841378635
49.52 269.31999775957405
49.53 271.25957086800065
49.54 272.6497366458732
49.550000000000004 273.7990523618675
49.56 272.2106758205039
49.57 272.2000589060172
49.58 272.38912918963143
49.59 269.64099879666276
49.6 269.03004525668337
49.61 268.28017662471086
49.620000000000005 267.7798315797728
49.63 266.45037543852203
49.64 265.78042111068027
49.65 266.24996596712504
49.660000000000004 266.829855727018
49.67 267.1897486211323
49.68 266.84996995851134
49.69 266.2403580855425
49.7 266.5800214642722
49.71 267.15991893438974
49.72 267.7399878169392
49.730000000000004 268.55963838445655
49.74 268.519729842213
49.75 267.52029481459994
49.76 267.0601648828512
49.77 266.9502365486844
49.78 267.6101260312999
49.79 269.0296206335378
49.800000000000004 269.82025127939465
49.81 271.86873422858025
49.82 270.51038800293816
49.83 269.83986399904603
49.84 268.37040647181607
49.85 267.5999842442042
49.86 266.400483640155
49.870000000000005 266.30013180588514
49.88 266.60985045276965
49.89 266.5502581874211
49.9 267.35964272582254
49.910000000000004 267.3200428356671
49.92 267.40966579591776
49.93 266.38025880914336
49.94 265.75046432392327
49.95 266.4300342709664
49.96 267.55992532168545
49.97 268.9796262947886
49.980000000000004 269.7895736693009
49.99 269.50986100595355
50.0 268.6100913376608
50.01 267.5904556384558
50.02 267.66027174168164
50.03 268.7099422956974
50.04 270.06967775827985
50.050000000000004 270.9695094103156
50.06 270.599931022283
50.07 269.81026549882233
50.08 269.56014411895677
50.09 269.68991005875085
50.1 0.0
50.11 269.2304677059368
50.120000000000005 269.3600687704018
50.13 269.700012784767
50.14 270.2497565440156
50.15 270.2197830250995
50.160000000000004 269.42018359230036
50.17 268.87026645817895
50.18 268.98006509300114
50.19 269.3700804720457
50.2 270.2299027660238
50.21 271.169716368551
50.22 271.5797502114955
50.230000000000004 271.3198151868331
50.24 270.29041101327385
50.25 270.1899566070075
50.26 269.8898351823551
50.27 268.8705043783258
50.28 269.1097626525949
50.29 268.6400857962594
50.300000000000004 268.2406762273751
50.31 269.9996564469158
50.32 271.4194596855632
50.33 271.6497293840421
50.34 271.0499947736628
50.35 270.13982568706246
50.36 268.18061283044625
50.370000000000005 267.40039345038576
50.38 267.60993054343027
50.39 267.680420986798
50.4 269.2500533933076
50.410000000000004 271.7689470565527
50.42 271.8502011618047
50.43 272.6703764969967
50.44 275.1997497358952
50.45 278.08855637957436
50.46 277.3598605800619
50.47 275.7908483536442
50.480000000000004 276.409927841624
50.49 277.0797167863078
50.5 277.0898779247554
50.51 276.6799194090004
50.52 275.7896132104813
50.53 273.1203042631639
50.54 270.2109898068388
50.550000000000004 269.3302639160336
50.56 268.94008902446694
50.57 268.6700033027875
50.58 268.28014356474597
50.59 268.20037020032663
50.6 269.3701122090393
50.61 271.49961610349465
50.620000000000005 273.3293420583703
50.63 273.7596841731508
50.64 0.0
50.65 0.0
50.660000000000004 0.0
50.67 0.0
50.68 0.0
50.69 0.0
50.7 0.0
50.71 0.0
50.72 0.0
50.730000000000004 0.0
50.74 0.0
50.75 0.0
50.76 0.0
50.77 0.0
50.78 0.0
50.79 0.0
50.800000000000004 0.0
50.81 0.0
50.82 0.0
50.83 0.0
50.84 0.0
50.85 0.0
50.86 0.0
50.870000000000005 0.0
50.88 0.0
50.89 0.0
50.9 0.0
50.910000000000004 0.0
50.92 0.0
50.93 0.0
50.94 0.0
50.95 0.0
50.96 0.0
50.97 0.0
50.980000000000004 0.0
50.99 0.0
51.0 0.0
51.01 0.0
51.02 0.0
51.03 0.0
51.04 0.0
51.050000000000004 0.0
51.06 0.0
51.07 0.0
51.08 0.0
51.09 0.0
51.1 0.0
51.11 0.0
51.120000000000005 0.0
51.13 0.0
51.14 0.0
51.15 0.0
51.160000000000004 0.0
51.17 0.0
51.18 0.0
51.19 0.0
51.2 0.0
51.21 0.0
51.22 0.0
51.230000000000004 0.0
51.24 0.0
51.25 0.0
51.26 0.0
51.27 0.0
51.28 0.0
51.29 0.0
51.300000000000004 0.0
51.31 0.0
51.32 0.0
51.33 0.0
51.34 0.0
51.35 0.0
51.36 0.0
51.370000000000005 0.0
51.38 0.0
51.39 0.0
51.4 0.0
51.410000000000004 0.0
51.42 0.0
51.43 0.0
51.44 0.0
51.45 0.0
51.46 0.0
51.47 0.0
51.480000000000004 0.0
51.49 0.0
51.5 0.0
51.51 0.0
51.52 0.0
51.53 0.0
51.54 0.0
51.550000000000004 0.0
51.56 0.0
51.57 0.0
51.58 0.0
51.59 0.0
51.6 0.0
51.61 0.0
51.620000000000005 0.0
51.63 0.0
51.64 0.0
51.65 0.0
51.660000000000004 0.0
51.67 0.0
51.68 0.0
51.69 0.0
51.7 0.0
51.71 0.0
51.72 0.0
51.730000000000004 0.0
51.74 0.0
51.75 0.0
51.76 0.0
51.77 0.0
51.78 0.0
51.79 0.0
51.800000000000004 0.0
51.81 0.0
51.82 0.0
51.83 0.0
51.84 0.0
51.85 0.0
51.86 0.0
51.870000000000005 0.0
51.88 0.0
51.89 0.0
51.9 0.0
51.910000000000004 0.0
51.92 0.0
51.93 0.0
51.94 0.0
51.95 0.0
51.96 0.0
51.97 0.0
51.980000000000004 0.0
51.99 0.0
52.0 0.0
52.01 0.0
52.02 0.0
52.03 0.0
52.04 0.0
52.050000000000004 0.0
52.06 0.0
52.07 0.0
52.08 0.0
52.09 0.0
52.1 0.0
52.11 0.0
52.120000000000005 0.0
52.13 0.0
52.14 0.0
52.15 0.0
52.160000000000004 0.0
52.17 0.0
52.18 0.0
52.19 0.0
52.2 0.0
52.21 0.0
52.22 0.0
52.230000000000004 0.0
52.24 0.0
52.25 0.0
52.26 0.0
52.27 0.0
52.28 0.0
52.29 0.0
52.300000000000004 0.0
52.31 0.0
52.32 0.0
52.33 0.0
52.34 0.0
52.35 0.0
52.36 0.0
52.370000000000005 0.0
52.38 0.0
52.39 0.0
52.4 0.0
52.410000000000004 0.0
52.42 0.0
52.43 0.0
52.44 0.0
52.45 0.0
52.46 0.0
52.47 0.0
52.480000000000004 0.0
52.49 0.0
52.5 0.0
52.51 0.0
52.52 0.0
52.53 0.0
52.54 0.0
52.550000000000004 0.0
52.56 0.0
52.57 0.0
52.58 0.0
52.59 0.0
52.6 0.0
52.61 0.0
52.620000000000005 0.0
52.63 0.0
52.64 0.0
52.65 0.0
52.660000000000004 0.0
52.67 0.0
52.68 0.0
52.69 0.0
52.7 0.0
52.71 0.0
52.72 0.0
52.730000000000004 0.0
52.74 0.0
52.75 0.0
52.76 0.0
52.77 0.0
52.78 0.0
52.79 0.0
52.800000000000004 0.0
52.81 0.0
52.82 0.0
52.83 0.0
52.84 0.0
52.85 0.0
52.86 0.0
52.870000000000005 0.0
52.88 0.0
52.89 0.0
52.9 0.0
52.910000000000004 0.0
52.92 0.0
52.93 0.0
52.94 0.0
52.95 0.0
52.96 0.0
52.97 0.0
52.980000000000004 0.0
52.99 0.0
53.0 0.0
53.01 0.0
53.02 0.0
53.03 0.0
53.04 0.0
53.050000000000004 0.0
53.06 0.0
53.07 0.0
53.08 0.0
53.09 0.0
53.1 0.0
53.11 0.0
53.120000000000005 0.0
53.13 0.0
53.14 0.0
53.15 0.0
53.160000000000004 0.0
53.17 0.0
53.18 0.0
53.19 0.0
53.2 0.0
53.21 0.0
53.22 0.0
53.230000000000004 0.0
53.24 0.0
53.25 0.0
53.26 0.0
53.27 0.0
53.28 0.0
53.29 0.0
53.300000000000004 0.0
53.31 0.0
53.32 0.0
53.33 0.0
53.34 0.0
53.35 0.0
53.36 0.0
53.370000000000005 0.0
53.38 0.0
53.39 0.0
53.4 0.0
53.410000000000004 0.0
53.42 0.0
53.43 0.0
53.44 0.0
53.45 0.0
53.46 0.0
53.47 0.0
53.480000000000004 0.0
53.49 0.0
53.5 0.0
53.51 0.0
53.52 0.0
53.53 0.0
53.54 0.0
53.550000000000004 0.0
53.56 0.0
53.57 0.0
53.58 0.0
53.59 0.0
53.6 0.0
53.61 0.0
53.620000000000005 0.0
53.63 0.0
53.64 237.95232792489224
53.65 239.0404664496078
53.660000000000004 242.20056922123962
53.67 248.87875907901807
53.68 254.4892557963168
53.69 260.2393425613517
53.7 266.49903862434496
53.71 272.4583195132196
53.72 275.46923430979933
53.730000000000004 277.2795745135196
53.74 278.48941436636454
53.75 278.24991857453097
53.76 277.61022155175357
53.77 277.4300884037395
53.78 277.4703246941554
53.79 278.66004913170207
53.800000000000004 280.60016530942676
53.81 284.0590424990446
53.82 285.8691494857043
53.83 285.60010652190476
53.84 285.57029141289485
53.85 286.5401889832335
53.86 288.63980701374174
53.870000000000005 291.08981256283323
53.88 294.0794584822539
53.89 296.63896717689283
53.9 296.8498527343208
53.910000000000004 296.65044432540503
53.92 297.89965301744473
53.93 298.5494352183211
53.94 297.5499357820683
53.95 295.84027346772837
53.96 294.25006150047915
53.97 292.1005015926433
53.980000000000004 290.65055026953445
53.99 290.41009108811977
54.0 290.3700113545772
54.01 290.3500401413071
54.02 290.4601425795031
54.03 291.11991061913477
54.04 291.789558833319
54.050000000000004 291.2499260788603
54.06 290.19033197351047
54.07 289.7704177594379
54.08 290.60011664857075
54.09 292.2393945476058
54.1 292.5695402278681
54.11 291.46026421786115
54.120000000000005 290.73037778589935
54.13 290.9600196085639
54.14 291.36986803788056
54.15 291.5201541770198
54.160000000000004 292.2797559166112
54.17 292.55947260940894
54.18 291.1401582034079
54.19 289.58046507817625
54.2 288.8803047211255
54.21 288.9002528469974
54.22 289.80982113590534
54.230000000000004 290.53963371437106
54.24 290.34992885231554
54.25 289.8201257654788
54.26 289.4700776788913
54.27 289.22023601801016
54.28 289.67043970101975
54.29 291.86965233369943
54.300000000000004 293.92937884139684
54.31 294.8296730387046
54.32 295.02975372568187
54.33 294.4700696176847
54.34 293.8800997157012
54.35 293.35007124138224
54.36 292.8102162131634
54.370000000000005 292.7600012855484
54.38 292.689992681001
54.39 292.52819494044144
54.4 146.87240395925917
54.410000000000004 147.4297834971494
54.42 147.54565253747867
54.43 97.81111020516727
54.44 97.32406996097743
54.45 145.5909063507092
54.46 290.0580053178057
54.47 289.14021715027286
54.480000000000004 288.480221538198
54.49 288.2701701169778
54.5 288.5500125868609
54.51 289.00996440788595
54.52 289.5697379104195
54.53 289.4898495623868
54.54 288.8048960708494
54.550000000000004 96.11226302328066
54.56 95.83012108256149
54.57 95.90007925796556
54.58 96.27988734351108
54.59 96.49520690673468
54.6 288.8477270933059
54.61 288.59005204703146
54.620000000000005 288.32007223065233
54.63 288.17027657834586
54.64 288.91003156747723
54.65 290.119540796685
54.660000000000004 290.31963594316613
54.67 289.3499057749287
54.68 287.5801957101689
54.69 285.6303329429533
54.7 283.890570668462
54.71 283.2900839777516
54.72 282.69008102886573
54.730000000000004 282.08031216300924
54.74 282.260118486748
54.75 282.93989923297323
54.76 283.6000082580171
54.77 284.6101890933374
54.78 286.7699737932461
54.79 289.8895351336319
54.800000000000004 292.9092675926212
54.81 294.84938979518057
54.82 295.6096351782276
54.83 295.4698529375411
54.84 294.75010349774703
54.85 294.0402514702726
54.86 293.8600309487514
54.870000000000005 293.69997069496213
54.88 293.36028875316356
54.89 293.8599761040722
54.9 294.5197928601115
54.910000000000004 294.77985163078245
54.92 294.6502163113539
54.93 295.21014862111707
54.94 296.5596303913449
54.95 297.2797844097208
54.96 297.599874812545
54.97 297.6398996040039
54.980000000000004 297.3498538279348
54.99 296.4097580160239
55.0 294.16999141697175
55.01 290.8102858657175
55.02 286.81040695413725
55.03 282.2802053762114
55.04 276.2604882931636
55.050000000000004 269.01084409455285
55.06 261.17124255888683
55.07 253.84161650580702
55.08 248.5718627717353
55.09 247.22127461793355
55.1 249.65004825244176
55.11 253.42937689461996
55.120000000000005 256.88004027827554
55.13 262.1490220790676
55.14 266.5787372654787
55.15 268.7692111739572
55.160000000000004 269.2798826072995
55.17 269.62986777040294
55.18 269.6899657410159
55.19 269.6599898154811
55.2 269.57981876925476
55.21 268.8300703246796
55.22 267.9598631709013
55.230000000000004 266.1903450487436
55.24 264.7604756729316
55.25 264.29047646330497
55.26 265.25002957442274
55.27 266.77955065044205
55.28 267.4898834316212
55.29 268.13980860664714
55.300000000000004 268.43995802222497
55.31 268.739857532791
55.32 268.6898231726421
55.33 268.000162480771
55.34 267.5402625114694
55.35 267.7703900530249
55.36 269.46979113326415
55.370000000000005 271.269334821833
55.38 271.6300586712246
55.39 272.36976733403344
55.4 272.659844558412
55.410000000000004 0.0
55.42 272.9091620431131
55.43 273.3700195410781
55.44 274.0297756398179
55.45 274.22986861645984
55.46 274.0700165985516
55.47 273.8900510193509
55.480000000000004 0.0
55.49 274.0986136093975
55.5 274.16997059411074
55.51 274.0800728782085
55.52 274.1998970764689
55.53 274.01987294659233
55.54 273.3102428361476
55.550000000000004 273.1004142043361
55.56 0.0
55.57 0.0
55.58 0.0
55.59 0.0
55.6 0.0
55.61 270.69972615654694
55.620000000000005 269.9602993988707
55.63 269.81013875097426
55.64 270.0696937261969
55.65 269.38995427128157
55.660000000000004 268.2200716272464
55.67 266.7300043735112
55.68 264.5299944708682
55.69 261.2400204920022
55.7 256.4205043075876
55.71 251.0105150976956
55.72 244.7609513246021
55.730000000000004 238.78151673620098
55.74 235.17113674710134
55.75 233.76098132173942
55.76 235.080068409468
55.77 237.2800084359815
55.78 240.58030259706823
55.79 246.53896019102453
55.800000000000004 251.77940514470097
55.81 257.49858575789324
55.82 261.0793556837058
55.83 264.1590208123006
55.84 265.3294715288129
55.85 265.229654875865
55.86 263.87973201441963
55.870000000000005 260.9401898079201
55.88 257.2308747299581
55.89 254.76031671834698
55.9 252.1904541006437
55.910000000000004 249.95076123217314
55.92 0.0
55.93 0.0
55.94 0.0
55.95 0.0
55.96 0.0
55.97 0.0
55.980000000000004 0.0
55.99 0.0
56.0 0.0
56.01 0.0
56.02 0.0
56.03 0.0
56.04 0.0
56.050000000000004 0.0
56.06 0.0
56.07 0.0
56.08 0.0
56.09 0.0
56.1 0.0
56.11 0.0
56.120000000000005 0.0
56.13 0.0
56.14 0.0
56.15 0.0
56.160000000000004 0.0
56.17 0.0
56.18 0.0
56.19 0.0
56.2 0.0
56.21 0.0
56.22 0.0
56.230000000000004 0.0
56.24 0.0
56.25 0.0
56.26 0.0
56.27 0.0
56.28 0.0
56.29 0.0
56.300000000000004 0.0
56.31 0.0
56.32 0.0
56.33 0.0
56.34 0.0
56.35 0.0
56.36 0.0
56.370000000000005 0.0
56.38 0.0
56.39 0.0
56.4 0.0
56.410000000000004 0.0
56.42 0.0
56.43 0.0
56.44 0.0
56.45 0.0
56.46 0.0
56.47 0.0
56.480000000000004 0.0
56.49 0.0
56.5 0.0
56.51 0.0
56.52 0.0
56.53 0.0
56.54 0.0
56.550000000000004 0.0
56.56 0.0
56.57 0.0
56.58 0.0
56.59 0.0
56.6 0.0
56.61 0.0
56.620000000000005 0.0
56.63 0.0
56.64 0.0
56.65 0.0
56.660000000000004 0.0
56.67 0.0
56.68 0.0
56.69 0.0
56.7 0.0
56.71 0.0
56.72 0.0
56.730000000000004 0.0
56.74 0.0
56.75 0.0
56.76 0.0
56.77 0.0
56.78 0.0
56.79 0.0
56.800000000000004 0.0
56.81 0.0
56.82 0.0
56.83 0.0
56.84 0.0
56.85 0.0
56.86 0.0
56.870000000000005 0.0
56.88 0.0
56.89 0.0
56.9 0.0
56.910000000000004 0.0
56.92 0.0
56.93 0.0
56.94 0.0
56.95 0.0
56.96 0.0
56.97 0.0
56.980000000000004 0.0
56.99 0.0
57.0 0.0
57.01 0.0
57.02 0.0
57.03 0.0
57.04 0.0
57.050000000000004 0.0
57.06 0.0
57.07 0.0
57.08 0.0
57.09 0.0
57.1 0.0
57.11 0.0
57.120000000000005 0.0
57.13 0.0
57.14 0.0
57.15 0.0
57.160000000000004 0.0
57.17 0.0
57.18 0.0
57.19 0.0
57.2 0.0
57.21 0.0
57.22 0.0
57.230000000000004 0.0
57.24 0.0
57.25 0.0
57.26 0.0
57.27 0.0
57.28 0.0
57.29 0.0
57.300000000000004 0.0
57.31 0.0
57.32 0.0
57.33 0.0
57.34 0.0
57.35 0.0
57.36 0.0
57.370000000000005 0.0
57.38 0.0
57.39 0.0
57.4 0.0
57.410000000000004 0.0
57.42 0.0
57.43 0.0
57.44 0.0
57.45 0.0
57.46 0.0
57.47 0.0
57.480000000000004 0.0
57.49 0.0
57.5 0.0
57.51 0.0
57.52 0.0
57.53 0.0
57.54 0.0
57.550000000000004 0.0
57.56 0.0
57.57 0.0
57.58 0.0
57.59 0.0
57.6 0.0
57.61 0.0
57.620000000000005 0.0
57.63 0.0
57.64 0.0
57.65 0.0
57.660000000000004 0.0
57.67 0.0
57.68 0.0
57.69 0.0
57.7 0.0
57.71 0.0
57.72 0.0
57.730000000000004 0.0
57.74 0.0
57.75 0.0
57.76 0.0
57.77 0.0
57.78 0.0
57.79 0.0
57.800000000000004 0.0
57.81 0.0
57.82 0.0
57.83 0.0
57.84 0.0
57.85 0.0
57.86 0.0
57.870000000000005 0.0
57.88 0.0
57.89 0.0
57.9 0.0
57.910000000000004 0.0
57.92 0.0
57.93 0.0
57.94 0.0
57.95 0.0
57.96 0.0
57.97 0.0
57.980000000000004 0.0
57.99 0.0
58.0 0.0
58.01 0.0
58.02 0.0
58.03 0.0
58.04 0.0
58.050000000000004 0.0
58.06 0.0
58.07 0.0
58.08 0.0
58.09 0.0
58.1 0.0
58.11 0.0
58.120000000000005 0.0
58.13 0.0
58.14 0.0
58.15 0.0
58.160000000000004 0.0
58.17 0.0
58.18 0.0
58.19 0.0
58.2 0.0
58.21 0.0
58.22 0.0
58.230000000000004 0.0
58.24 0.0
58.25 0.0
58.26 0.0
58.27 0.0
58.28 0.0
58.29 0.0
58.300000000000004 0.0
58.31 0.0
58.32 0.0
58.33 0.0
58.34 0.0
58.35 0.0
58.36 0.0
58.370000000000005 0.0
58.38 0.0
58.39 0.0
58.4 0.0
58.410000000000004 0.0
58.42 0.0
58.43 0.0
58.44 0.0
58.45 0.0
58.46 0.0
58.47 0.0
58.480000000000004 0.0
58.49 0.0
58.5 0.0
58.51 0.0
58.52 0.0
58.53 0.0
58.54 0.0
58.550000000000004 256.34557400510477
58.56 258.04973959595634
58.57 259.5897703150487
58.58 261.0796049995322
58.59 261.91966137097114
58.6 261.9898465554961
58.61 261.5599595467418
58.620000000000005 260.7798247349257
58.63 259.01052022074646
58.64 258.19040192629456
58.65 258.37039706895786
58.660000000000004 260.0198038936936
58.67 261.78974104797237
58.68 263.51958008060967
58.69 264.6299165722994
58.7 265.99006257898543
58.71 268.229431285067
58.72 269.5794407118355
58.730000000000004 269.63978188003057
58.74 268.97028890151137
58.75 268.98010779675155
58.76 269.3701321663151
58.77 270.40978860120293
58.78 271.2199097149742
58.79 272.1099530962667
58.800000000000004 273.26956786307
58.81 273.4894752125084
58.82 271.99009759188425
58.83 270.1005083144786
58.84 269.0602172783671
58.85 268.27031150752447
58.86 268.18021369002867
58.870000000000005 268.7903110809425
58.88 270.7797620981092
58.89 272.9097424056436
58.9 275.1794356409914
58.910000000000004 276.5893519273631
58.92 276.42998778780117
58.93 276.1501396522485
58.94 276.22003619236256
58.95 276.4500022979219
58.96 276.79964376997265
58.97 276.07970426348277
58.980000000000004 273.98018147854407
58.99 271.4901872721975
59.0 268.44038903643985
59.01 265.26037853187097
59.02 261.8504595141806
59.03 258.3806803936184
59.04 255.5900575248533
59.050000000000004 251.6148368194755
59.06 123.39419374204263
59.07 121.3103967519316
59.08 0.0
59.09 235.35585264914852
59.1 233.81080136921042
59.11 234.22002966651084
59.120000000000005 234.9063706796373
59.13 118.94990002575204
59.14 120.15977300544556
59.15 121.20966363833973
59.160000000000004 121.59982134271522
59.17 121.58474229696617
59.18 242.38347139021806
59.19 120.96174141099348
59.2 120.4102261620867
59.21 120.42012500006163
59.22 120.86989978744518
59.230000000000004 121.18994605364638
59.24 121.50485356083341
59.25 243.20827694937464
59.26 244.199577948256
59.27 244.13502814107804
59.28 122.39201290179975
59.29 122.34992517461934
59.300000000000004 122.07006784813689
59.31 121.89011707074104
59.32 122.02998044895858
59.33 122.16992586398932
59.34 122.12002420107538
59.35 122.12992680718642
59.36 121.88995599773885
59.370000000000005 121.38009713421926
59.38 120.96016786150213
59.39 120.92010613953306
59.4 121.23001986723696
59.410000000000004 121.75993740527304
59.42 122.32991168965764
59.43 122.86982111654342
59.44 123.04997767920368
59.45 123.24000790041019
59.46 123.54998825284198
59.47 123.9698580038878
59.480000000000004 124.09993011248281
59.49 124.05005578994444
59.5 124.16988846373869
59.51 123.95996615983692
59.52 123.53014625520407
59.53 123.40004117486846
59.54 123.35002422649512
59.550000000000004 123.3599813745743
59.56 123.30998400762351
59.57 123.1799607328139
59.58 122.85004038647308
59.59 122.50018677713093
59.6 122.6299818567885
59.61 122.75987844014439
59.620000000000005 122.5300235175933
59.63 0.0
59.64 122.27487200421315
59.65 122.62996661065121
59.660000000000004 122.99989083962335
59.67 123.1699848302167
59.68 123.36995193145833
59.69 123.4998813034309
59.7 123.27997903683213
59.71 122.88004154528359
59.72 122.4299853803302
59.730000000000004 121.71022413227244
59.74 121.42011237591286
59.75 121.38003433152744
59.76 121.44000884566621
59.77 121.55991430161143
59.78 121.43996505402804
59.79 121.13986387498795
59.800000000000004 120.22008261587493
59.81 119.13999521436007
59.82 117.54345209665895
59.83 231.53003357232976
59.84 227.16068020063472
59.85 222.99103102111872
59.86 220.38034203700758
59.870000000000005 217.69010325737088
59.88 214.05043417600606
59.89 210.1507319153242
59.9 206.90065832622696
59.910000000000004 204.3602977308027
59.92 201.620271032324
59.93 198.48997522558815
59.94 0.0
59.95 0.0
59.96 187.88977260479436
59.97 0.0
59.980000000000004 0.0
59.99 0.0
60.0 0.0
60.01 179.09388493364602
60.02 0.0
60.03 179.1034812686991
60.04 178.10035995449624
60.050000000000004 177.80009369768402
60.06 177.6800397885647
60.07 177.64035019859435
60.08 178.79962826411557
60.09 179.2297273068638
60.1 0.0
60.11 0.0
60.120000000000005 0.0
60.13 0.0
60.14 176.80449026012474
60.15 176.36025313344456
60.160000000000004 176.52013850726976
60.17 177.2399596899541
60.18 178.1698728796245
60.19 179.1100782040466
60.2 0.0
60.21 181.55297026163612
60.22 182.14988349562245
60.230000000000004 182.56989819811264
60.24 182.84003403564822
60.25 183.3599560566332
60.26 183.98021195028443
60.27 185.63914479284955
60.28 185.12959443033944
60.29 182.96058182601698
60.300000000000004 0.0
60.31 181.0729357478191
60.32 180.6404237816953
60.33 181.4098551146452
60.34 182.04990190903993
60.35 182.66011284708173
60.36 183.9595225106684
60.370000000000005 184.22997078534536
60.38 184.5299867731904
60.39 184.92988090964042
60.4 185.11004371581282
60.410000000000004 185.5295852008438
60.42 184.710146141622
60.43 184.0002284924347
60.44 183.73986408899157
60.45 182.88025516057928
60.46 182.4900430726631
60.47 182.05999982392206
60.480000000000004 181.42033931610888
60.49 0.0
60.5 0.0
60.51 183.1423758698431
60.52 183.71996661367862
60.53 184.39997959511015
60.54 185.3396647093636
60.550000000000004 185.57005393146193
60.56 186.09979953259344
60.57 0.0
60.58 184.39170901389195
60.59 183.74023896681982
60.6 183.5400337555602
60.61 183.3601630148187
60.620000000000005 183.65998968457575
60.63 184.06992832412135
60.64 184.429889350363
60.65 184.5798756216872
60.660000000000004 184.36994031252587
60.67 183.85017606975512
60.68 183.69017171664592
60.69 184.04972858663066
60.7 183.6401032124594
60.71 183.39010102246692
60.72 183.3700975833173
60.730000000000004 183.6799537979214
60.74 183.9797139420874
60.75 183.42987868507026
60.76 182.19034562517786
60.77 181.55024747883309
60.78 181.4600786801524
60.79 181.60000915815618
60.800000000000004 181.83989178640286
60.81 181.81998555485757
60.82 181.7401691279536
60.83 182.20993718596742
60.84 182.68963134541636
60.85 182.11992741317698
60.86 181.02032033083
60.870000000000005 180.50037714534923
60.88 181.03975513662579
60.89 180.98974848283643
60.9 0.0
60.910000000000004 0.0
60.92 0.0
60.93 0.0
60.94 0.0
60.95 0.0
60.96 0.0
60.97 0.0
60.980000000000004 0.0
60.99 0.0
61.0 0.0
61.01 0.0
61.02 0.0
61.03 0.0
61.04 0.0
61.050000000000004 0.0
61.06 0.0
61.07 0.0
61.08 0.0
61.09 0.0
61.1 0.0
61.11 0.0
61.120000000000005 0.0
61.13 0.0
61.14 0.0
61.15 0.0
61.160000000000004 0.0
61.17 0.0
61.18 0.0
61.19 0.0
61.2 0.0
61.21 0.0
61.22 0.0
61.230000000000004 0.0
61.24 0.0
61.25 0.0
61.26 0.0
61.27 0.0
61.28 0.0
61.29 0.0
61.300000000000004 0.0
61.31 0.0
61.32 0.0
61.33 0.0
61.34 0.0
61.35 0.0
61.36 0.0
61.370000000000005 0.0
61.38 0.0
61.39 0.0
61.4 0.0
61.410000000000004 0.0
61.42 0.0
61.43 0.0
61.44 0.0
61.45 0.0
61.46 0.0
61.47 0.0
61.480000000000004 0.0
61.49 0.0
61.5 0.0
61.51 0.0
61.52 0.0
61.53 0.0
61.54 0.0
61.550000000000004 0.0
61.56 0.0
61.57 0.0
61.58 0.0
61.59 0.0
61.6 0.0
61.61 0.0
61.620000000000005 0.0
61.63 0.0
61.64 0.0
61.65 0.0
61.660000000000004 0.0
61.67 0.0
61.68 0.0
61.690000000000005 0.0
61.7 0.0
61.71 0.0
61.72 0.0
61.730000000000004 0.0
61.74 0.0
61.75 0.0
61.76 0.0
61.77 0.0
61.78 0.0
61.79 0.0
61.800000000000004 0.0
61.81 0.0
61.82 0.0
61.83 0.0
61.84 0.0
61.85 0.0
61.86 0.0
61.870000000000005 0.0
61.88 0.0
61.89 0.0
61.9 0.0
61.910000000000004 0.0
61.92 0.0
61.93 0.0
61.940000000000005 0.0
61.95 0.0
61.96 0.0
61.97 0.0
61.980000000000004 0.0
61.99 0.0
62.0 0.0
62.01 0.0
62.02 0.0
62.03 0.0
62.04 0.0
62.050000000000004 0.0
62.06 0.0
62.07 0.0
62.08 0.0
62.09 0.0
