19.05
19.13
20.11
22.3
25.71
27.88
30.47
30.57
30.69
30.78
31.57
33.76
34.59
34.85
35.87
37.53
38.0
39.15
43.74
43.85
44.63
46.75
47.57
47.83
48.87
50.48
50.97
52.12
56.79
58.82
59.78
60.88
61.89
62.88
63.87
65.11
65.18
67.13
67.29
67.59
68.12
68.22
69.29
70.3
71.24
72.26
76.6
76.73
78.19
78.8
79.8
79.88
80.87
81.95
82.95
83.93
85.15
85.23
85.33
87.16
87.56
88.06
88.22
89.24
90.27
91.22
92.24
96.97
97.11
97.92
99.0
100.05
102.01
103.17
103.37
103.98
104.2
104.28
105.19
107.61
107.68
107.77
107.87
108.77
109.84
110.75
111.54
112.82
113.95
114.38
114.85
114.96
115.93
120.14
120.26
120.39
120.47
121.36
122.38
123.32
125.4
126.48
127.01
127.45
127.54
128.53
132.87
132.96
133.1
133.22
134.86
137.92
138.93
140.01
141.0
141.11
141.36
143.12
143.46
143.54
143.64
144.16
145.09
146.13
146.9
148.17
152.69
152.76
152.84
154.72
156.49
156.58
157.81
158.84
159.93
160.02
161.04
163.1
163.43
163.82
164.04
165.1
166.09
166.87
167.19
168.09
173.1
173.29
174.02
176.29
179.72
181.91
184.63
184.71
184.79
184.89
184.97
185.08
185.86
188.15
189.02
189.34
190.35
192.26
192.78
194.09
