18.96
19.22
19.29
19.4
20.22
22.38
27.92
30.43
30.54
30.74
33.82
34.69
36.0
38.3
39.22
39.36
43.42
43.6
43.77
43.84
46.82
47.33
47.85
48.98
51.28
52.4
52.49
56.67
56.89
58.81
58.93
60.94
63.07
64.1
64.57
65.17
65.34
65.54
67.84
68.32
68.39
69.37
70.38
71.38
71.5
72.4
72.54
76.65
76.86
76.93
77.03
79.84
80.99
81.09
83.06
84.08
84.17
84.55
85.26
85.34
85.46
86.25
87.2
87.42
87.79
88.27
88.39
89.35
90.38
91.37
91.48
92.55
97.02
97.12
97.26
98.02
99.16
102.04
102.11
102.24
103.22
104.16
104.32
105.66
105.89
106.14
106.54
107.66
107.91
108.02
108.79
109.88
110.9
111.86
113.98
114.07
115.03
115.19
116.26
120.11
120.44
120.53
121.39
121.47
122.51
123.48
123.97
124.49
126.61
127.59
127.72
128.8
133.07
133.14
133.25
135.06
135.97
136.78
136.85
137.07
137.15
138.05
139.03
140.03
140.52
140.62
141.08
141.2
141.29
143.16
143.66
143.99
144.22
145.22
145.3
145.38
146.24
146.35
147.26
147.4
147.47
152.79
154.84
157.96
158.96
160.04
160.47
161.1
161.28
161.41
162.11
163.1
163.61
163.7
164.16
165.12
165.25
166.21
167.02
168.2
173.19
173.26
174.11
174.21
181.98
184.96
185.05
188.28
189.18
189.35
189.52
189.6
190.6
192.9
193.06
194.14
194.29
194.37
