0 0
0.01 0
0.02 0
0.03 0
0.04 22.8497
0.05 22.8497
0.06 22.5
0.07 22.5
0.08 22.5
0.09 22.5
0.1 22.5
0.11 0
0.12 0
0.13 0
0.14 0
0.15 18.9433
0.16 0
0.17 0
0.18 0
0.19 0
0.2 0
0.21 0
0.22 0
0.23 0
0.24 0
0.25 114.844
0.26 0
0.27 0
0.28 114.844
0.29 0
0.3 114.844
0.31 0
0.32 123.529
0.33 0
0.34 120.822
0.35 0
0.36 0
0.37 0
0.38 125.284
0.39 0
0.4 138.245
0.41 159.783
0.42 159.783
0.43 0
0.44 100.685
0.45 0
0.46 109.701
0.47 0
0.48 223.858
0.49 223.858
0.5 231.496
0.51 234.824
0.52 239.674
0.53 240.545
0.54 242.901
0.55 243.646
0.56 243.646
0.57 243.646
0.58 243.646
0.59 244.698
0.6 244.66
0.61 247.197
0.62 255.652
0.63 257.393
0.64 259.091
0.65 259.267
0.66 260.433
0.67 263.284
0.68 262.5
0.69 262.848
0.7 263.48
0.71 262.75
0.72 263.721
0.73 264.037
0.74 264.413
0.75 264.849
0.76 264.971
0.77 265.082
0.78 264.988
0.79 264.923
0.8 264.996
0.81 264.802
0.82 264.532
0.83 264.529
0.84 264.842
0.85 265.206
0.86 265.499
0.87 265.808
0.88 265.996
0.89 266.047
0.9 266.13
0.91 266.334
0.92 266.592
0.93 267.057
0.94 267.343
0.95 266.64
0.96 265.757
0.97 265.507
0.98 264.953
0.99 264.8
1 265.024
1.01 265.241
1.02 265.387
1.03 265.887
1.04 266.136
1.05 266.358
1.06 266.555
1.07 266.797
1.08 266.888
1.09 267.116
1.1 267.467
1.11 267.217
1.12 266.969
1.13 266.396
1.14 266.246
1.15 266.304
1.16 266.274
1.17 266.386
1.18 266.538
1.19 266.605
1.2 266.655
1.21 266.66
1.22 267.114
1.23 267.309
1.24 267.814
1.25 267.969
1.26 268.159
1.27 267.839
1.28 267.273
1.29 267.226
1.3 267.231
1.31 267.196
1.32 267.202
1.33 267.307
1.34 267.381
1.35 267.391
1.36 267.435
1.37 267.492
1.38 267.518
1.39 267.363
1.4 267.381
1.41 267.31
1.42 267.273
1.43 267.196
1.44 267.154
1.45 267.314
1.46 267.427
1.47 267.543
1.48 267.882
1.49 268.155
1.5 268.269
1.51 268.539
1.52 268.325
1.53 268.004
1.54 267.312
1.55 267.042
1.56 266.811
1.57 265.263
1.58 264.388
1.59 263.608
1.6 262.917
1.61 262.5
1.62 259.412
1.63 245
1.64 245
1.65 243.646
1.66 242.975
1.67 245
1.68 262.5
1.69 262.5
1.7 262.5
1.71 262.5
1.72 233.333
1.73 237.462
1.74 233.864
1.75 235.29
1.76 236.428
1.77 236.612
1.78 236.612
1.79 236.612
1.8 237.43
1.81 238.271
1.82 239.179
1.83 240.288
1.84 240.984
1.85 241.975
1.86 241.27
1.87 240.74
1.88 239.891
1.89 239.935
1.9 239.302
1.91 239.196
1.92 238.966
1.93 238.993
1.94 238.926
1.95 239.145
1.96 239.968
1.97 240.132
1.98 240.81
1.99 241.136
2 241.423
2.01 241.975
2.02 242.469
2.03 243.121
2.04 242.464
2.05 242.118
2.06 241.975
2.07 232.923
2.08 232.105
2.09 223.858
2.1 224.02
2.11 223.858
2.12 224.583
2.13 224.713
2.14 225
2.15 225.191
2.16 225.255
2.17 225.215
2.18 225.066
2.19 225.164
2.2 224.921
2.21 224.427
2.22 224.237
2.23 223.777
2.24 223.178
2.25 222.634
2.26 222.634
2.27 222.625
2.28 221.856
2.29 221.682
2.3 221.386
2.31 220.942
2.32 220.5
2.33 219.403
2.34 218.317
2.35 219.13
2.36 218.678
2.37 219.092
2.38 219.487
2.39 219.185
2.4 219.467
2.41 219.116
2.42 219.002
2.43 218.642
2.44 218.197
2.45 217.912
2.46 217.548
2.47 217.241
2.48 217.241
2.49 216.48
2.5 216.176
2.51 214.773
2.52 212.019
2.53 212.019
2.54 203.226
2.55 202.914
2.56 202.914
2.57 202.914
2.58 200.911
2.59 200.091
2.6 200.091
2.61 199.548
2.62 200.195
2.63 197.659
2.64 197.631
2.65 197.242
2.66 197.758
2.67 197.817
2.68 198.232
2.69 198.418
2.7 198.726
2.71 198.019
2.72 198.228
2.73 198.438
2.74 198.754
2.75 199.282
2.76 199.282
2.77 199.707
2.78 199.601
2.79 199.813
2.8 199.707
2.81 199.247
2.82 198.649
2.83 197.911
2.84 196.928
2.85 196.662
2.86 196.609
2.87 196.715
2.88 196.875
2.89 196.992
2.9 196.47
2.91 197.516
2.92 198.975
2.93 200.124
2.94 200.175
2.95 200.091
2.96 199.494
2.97 199.247
2.98 198.99
2.99 196.875
3 196.524
3.01 196.19
3.02 195.605
3.03 195.921
3.04 195.599
3.05 195.942
3.06 195.933
3.07 195.627
3.08 199.548
3.09 199.548
3.1 199.548
3.11 202.294
3.12 202.294
3.13 202.294
3.14 202.759
3.15 203.092
3.16 205.499
3.17 210.501
3.18 212.189
3.19 212.019
3.2 212.019
3.21 213.918
3.22 215.472
3.23 218.817
3.24 221.053
3.25 223.961
3.26 230.588
3.27 231.024
3.28 231.375
3.29 231.375
3.3 231.618
3.31 235.903
3.32 237.097
3.33 237.445
3.34 238.224
3.35 239.154
3.36 239.565
3.37 240.03
3.38 240.499
3.39 240.751
3.4 240.896
3.41 241.085
3.42 243.036
3.43 243.199
3.44 242.752
3.45 242.028
3.46 241.776
3.47 241.266
3.48 240.984
3.49 241.08
3.5 240.953
3.51 240.954
3.52 240.926
3.53 240.887
3.54 240.837
3.55 240.702
3.56 240.874
3.57 241.5
3.58 241.865
3.59 243.467
3.6 243.415
3.61 243.743
3.62 243.121
3.63 242.948
3.64 242.689
3.65 242.53
3.66 242.432
3.67 242.362
3.68 242.408
3.69 242.213
3.7 242.05
3.71 241.934
3.72 241.851
3.73 241.644
3.74 241.465
3.75 241.148
3.76 241.14
3.77 240.89
3.78 240.984
3.79 241.013
3.8 241.115
3.81 241.231
3.82 241.288
3.83 241.459
3.84 242.308
3.85 243.646
3.86 243.497
3.87 242.38
3.88 242.308
3.89 242.222
3.9 242.205
3.91 242.168
3.92 242.042
3.93 241.802
3.94 240.984
3.95 240.744
3.96 240.764
3.97 240.655
3.98 240.721
3.99 240.74
4 240.68
4.01 240.837
4.02 241.036
4.03 241.283
4.04 240.826
4.05 239.426
4.06 240.691
4.07 240.421
4.08 240.277
4.09 240.135
4.1 240.327
4.11 240.355
4.12 240.171
4.13 240.342
4.14 240.503
4.15 240.708
4.16 240.918
4.17 241.247
4.18 241.393
4.19 241.298
4.2 242.13
4.21 242.308
4.22 243.646
4.23 244.428
4.24 244.383
4.25 243.884
4.26 242.888
4.27 242.708
4.28 242.562
4.29 242.424
4.3 242.41
4.31 241.914
4.32 241.928
4.33 241.389
4.34 241.423
4.35 241.644
4.36 241.423
4.37 241.36
4.38 241.865
4.39 242.414
4.4 242.841
4.41 242.734
4.42 242.593
4.43 242.308
4.44 242.308
4.45 242.201
4.46 242.227
4.47 242.308
4.48 242.219
4.49 242.308
4.5 242.406
4.51 242.403
4.52 242.628
4.53 242.734
4.54 242.888
4.55 242.864
4.56 242.914
4.57 242.656
4.58 242.023
4.59 241.491
4.6 241.27
4.61 241.115
4.62 240.914
4.63 240.655
4.64 240.277
4.65 240.109
4.66 240.796
4.67 239.674
4.68 237.097
4.69 220.5
4.7 218.317
4.71 218.317
4.72 214.912
4.73 208.019
4.74 208.019
4.75 214.078
4.76 214.078
4.77 241.423
4.78 241.423
4.79 229.688
4.8 229.688
4.81 250.568
4.82 224.427
4.83 232.805
4.84 229.688
4.85 235.829
4.86 200.455
4.87 235.075
4.88 237.736
4.89 245.911
4.9 245.911
4.91 245.911
4.92 244.096
4.93 242.308
4.94 234.574
4.95 233.746
4.96 235.829
4.97 236.081
4.98 235.829
4.99 236.371
5 237.522
5.01 237.827
5.02 237.097
5.03 237.561
5.04 237.687
5.05 238.217
5.06 238.522
5.07 238.766
5.08 239.426
5.09 239.674
5.1 239.798
5.11 239.798
5.12 239.792
5.13 239.362
5.14 238.904
5.15 238.334
5.16 237.802
5.17 237.449
5.18 236.921
5.19 236.833
5.2 236.72
5.21 236.404
5.22 236.109
5.23 235.926
5.24 235.732
5.25 235.689
5.26 235.075
5.27 237.097
5.28 239.674
5.29 246.369
5.3 246.369
5.31 246.369
5.32 246.369
5.33 246.369
5.34 0
5.35 0
5.36 218.317
5.37 223.858
5.38 223.631
5.39 223.631
5.4 223.631
5.41 240.545
5.42 240.545
5.43 204.167
5.44 202.914
5.45 206.075
5.46 210.222
5.47 214.599
5.48 218.452
5.49 221.943
5.5 223.178
5.51 223.662
5.52 228.497
5.53 232.105
5.54 233.087
5.55 235.514
5.56 237.522
5.57 237.827
5.58 238.522
5.59 239.201
5.6 240.047
5.61 240.984
5.62 244.165
5.63 244.806
5.64 246.025
5.65 248.101
5.66 249.153
5.67 251.103
5.68 251.641
5.69 255.97
5.7 255.97
5.71 255.97
5.72 259.158
5.73 261.61
5.74 261.61
5.75 262.305
5.76 258.651
5.77 259.412
5.78 259.412
5.79 259.412
5.8 259.412
5.81 262.054
5.82 262.054
5.83 262.054
5.84 0
5.85 0
5.86 265.227
5.87 265.517
5.88 265.227
5.89 267.111
5.9 266.338
5.91 266.144
5.92 263.546
5.93 263.126
5.94 262.761
5.95 262.5
5.96 262.26
5.97 261.832
5.98 262.5
5.99 262.5
6 262.5
6.01 264.171
6.02 264.171
6.03 264.171
6.04 264.823
6.05 264.823
6.06 0
6.07 265.494
6.08 265.183
6.09 265.183
6.1 265.941
6.11 264.6
6.12 265.372
6.13 266.685
6.14 267.196
6.15 266.427
6.16 267.504
6.17 267.814
6.18 267.934
6.19 268.085
6.2 268.279
6.21 268.231
6.22 268.085
6.23 268.341
6.24 268.294
6.25 269.052
6.26 266.892
6.27 266.892
6.28 266.892
6.29 269.146
6.3 268.902
6.31 265.766
6.32 265.766
6.33 268.585
6.34 268.229
6.35 267.017
6.36 268.019
6.37 268.019
6.38 264.322
6.39 264.714
6.4 264.543
6.41 263.037
6.42 266.618
6.43 265.581
6.44 267.633
6.45 267.969
6.46 267.317
6.47 266.538
6.48 265.663
6.49 265.909
6.5 266.681
6.51 265.449
6.52 265.147
6.53 264.538
6.54 265.389
6.55 264.351
6.56 264.865
6.57 265.076
6.58 264.82
6.59 265.389
6.6 265.745
6.61 266.224
6.62 266.58
6.63 267.568
6.64 268.05
6.65 268.276
6.66 268.321
6.67 270.235
6.68 270.088
6.69 270.164
6.7 269.832
6.71 267.34
6.72 266.054
6.73 261.075
6.74 264.897
6.75 262.5
6.76 262.642
6.77 264.897
6.78 264.953
6.79 264.997
6.8 264.946
6.81 265.024
6.82 267.242
6.83 267.393
6.84 266.012
6.85 267.085
6.86 268.585
6.87 268.585
6.88 268.996
6.89 268.902
6.9 268.73
6.91 268.902
6.92 268.996
6.93 268.806
6.94 268.269
6.95 267.715
6.96 266.495
6.97 266.164
6.98 265.739
6.99 265.585
7 265.51
7.01 265.941
7.02 266.14
7.03 266.081
7.04 266.151
7.05 266.246
7.06 266.334
7.07 266.484
7.08 266.112
7.09 267.746
7.1 265.599
7.11 266.815
7.12 265.008
7.13 265.227
7.14 265.663
7.15 265.663
7.16 265.663
7.17 265.663
7.18 265.663
7.19 265.663
7.2 265.663
7.21 265.663
7.22 265.663
7.23 265.663
7.24 265.024
7.25 264.538
7.26 263.928
7.27 263.396
7.28 264.751
7.29 263.284
7.3 253.448
7.31 258.398
7.32 259.242
7.33 262.848
7.34 263.546
7.35 263.546
7.36 265.983
7.37 265.663
7.38 265.463
7.39 266.108
7.4 265.358
7.41 265.396
7.42 265.802
7.43 265.663
7.44 265.919
7.45 266.197
7.46 265.93
7.47 266.734
7.48 267.062
7.49 267.408
7.5 267.273
7.51 267.484
7.52 267.408
7.53 267.343
7.54 267.196
7.55 266.538
7.56 264.969
7.57 264.937
7.58 263.441
7.59 263.598
7.6 264.83
7.61 263.546
7.62 263.677
7.63 262.5
7.64 263.16
7.65 263.721
7.66 264.36
7.67 265.358
7.68 266.04
7.69 266
7.7 265.815
7.71 265.851
7.72 265.663
7.73 265.559
7.74 265.13
7.75 264.673
7.76 265.456
7.77 263.896
7.78 263.715
7.79 263.779
7.8 263.63
7.81 263.959
7.82 264.388
7.83 264.903
7.84 264.072
7.85 265.831
7.86 265.831
7.87 264.547
7.88 264.351
7.89 262.316
7.9 262.327
7.91 261.256
7.92 262.947
7.93 265.064
7.94 262.277
7.95 264.6
7.96 264.865
7.97 264.793
7.98 264.793
7.99 265.307
8 265.307
8.01 265.326
8.02 264.725
8.03 263.989
8.04 264.388
8.05 263.097
8.06 262.636
8.07 262.5
8.08 262.207
8.09 262.311
8.1 262.587
8.11 262.587
8.12 263.196
8.13 263.355
8.14 263.621
8.15 264.783
8.16 265.552
8.17 266.138
8.18 266.973
8.19 267.693
8.2 268.248
8.21 268.221
8.22 268.221
8.23 268.191
8.24 267.814
8.25 267.408
8.26 266.921
8.27 266.197
8.28 265.663
8.29 265.107
8.3 264.997
8.31 264.83
8.32 264.969
8.33 265.082
8.34 265.222
8.35 265.663
8.36 265.869
8.37 266.197
8.38 266.5
8.39 266.465
8.4 266.5
8.41 266.22
8.42 265.796
8.43 265.802
8.44 265.152
8.45 265.171
8.46 264.969
8.47 264.969
8.48 265.13
8.49 265.107
8.5 265.396
8.51 265.663
8.52 265.663
8.53 265.372
8.54 265.082
8.55 265.246
8.56 264.937
8.57 264.937
8.58 265.054
8.59 265.396
8.6 265.663
8.61 265.941
8.62 266.331
8.63 266.465
8.64 268.05
8.65 266.734
8.66 265.535
8.67 265.385
8.68 265.082
8.69 264.656
8.7 264.165
8.71 263.874
8.72 264.27
8.73 264.666
8.74 266.246
8.75 266.538
8.76 265.449
8.77 265.326
8.78 265.343
8.79 265.206
8.8 264.468
8.81 264.416
8.82 263.318
8.83 262.38
8.84 261.148
8.85 260.746
8.86 258.943
8.87 259.208
8.88 259.107
8.89 259.717
8.9 261.278
8.91 263.441
8.92 264.804
8.93 265.857
8.94 266.304
8.95 268.622
8.96 267.597
8.97 267.003
8.98 266.899
8.99 266.788
9 266.64
9.01 266.418
9.02 266.376
9.03 266.508
9.04 266.063
9.05 264.6
9.06 264.429
9.07 264.345
9.08 267.722
9.09 265.158
9.1 265.158
9.11 266.465
9.12 267.093
9.13 268.977
9.14 269.108
9.15 269.176
9.16 269.259
9.17 269.067
9.18 269.085
9.19 268.191
9.2 267.475
9.21 267.368
9.22 266.913
9.23 266.899
9.24 269.244
9.25 268.066
9.26 268.019
9.27 268.037
9.28 268.338
9.29 267.814
9.3 268.902
9.31 264.468
9.32 264.468
9.33 264.468
9.34 264.524
9.35 264.524
9.36 264.524
9.37 0
9.38 88.0943
9.39 88.1217
9.4 88.1412
9.41 88.1412
9.42 88.1295
9.43 88.1295
9.44 88.1295
9.45 88.1171
9.46 88.0887
9.47 88.0887
9.48 88.0887
9.49 88.0887
9.5 88.0887
9.51 0
9.52 263.586
9.53 0
9.54 89.1269
9.55 0
9.56 0
9.57 0
9.58 133.886
9.59 0
9.6 0
9.61 266.734
9.62 266.857
9.63 266.879
9.64 267.126
9.65 267.273
9.66 266.549
9.67 266.734
9.68 267.358
9.69 266.538
9.7 266.09
9.71 266.09
9.72 267.273
9.73 264.322
9.74 264.865
9.75 265.485
9.76 265.831
9.77 266.531
9.78 266.513
9.79 266.644
9.8 266.705
9.81 266.538
9.82 267.188
9.83 266.758
9.84 266.734
9.85 266.006
9.86 264.765
9.87 263.817
9.88 263.022
9.89 261.369
9.9 262.11
9.91 263.126
9.92 263.126
9.93 263.126
9.94 263.126
9.95 263.126
9.96 263.126
9.97 263.126
9.98 262.5
9.99 267.814
10 266.868
10.01 269.059
10.02 272.362
10.03 271.835
10.04 271.385
10.05 270.671
10.06 270.315
10.07 269.924
10.08 269.432
10.09 269.114
10.1 269.008
10.11 268.902
10.12 269.016
10.13 269.129
10.14 269.372
10.15 269.617
10.16 269.65
10.17 270.251
10.18 266.899
10.19 267.42
10.2 279.114
10.21 278.108
10.22 281.091
10.23 280
10.24 280
10.25 280.892
10.26 280.892
10.27 280
10.28 280.099
10.29 282.692
10.3 277.552
10.31 270.276
10.32 269.45
10.33 267.969
10.34 267.577
10.35 267.7
10.36 267.863
10.37 267.789
10.38 267.897
10.39 268.289
10.4 268.289
10.41 268.325
10.42 267.597
10.43 267.273
10.44 267.111
10.45 266.427
10.46 265.13
10.47 263.896
10.48 261.832
10.49 263.793
10.5 262.793
10.51 262.604
10.52 262.604
10.53 262.604
10.54 262.604
10.55 262.604
10.56 0
10.57 87.3267
10.58 87.4653
10.59 87.1542
10.6 86.8732
10.61 86.8732
10.62 86.2592
10.63 86.2592
10.64 86.2592
10.65 86.2592
10.66 0
10.67 136.111
10.68 136.533
10.69 137.812
10.7 138.679
10.71 134.269
10.72 133.072
10.73 134.043
10.74 133.582
10.75 133.528
10.76 133.118
10.77 132.144
10.78 132.161
10.79 130.916
10.8 130.253
10.81 130.128
10.82 128.947
10.83 128.797
10.84 128.411
10.85 128.198
10.86 127.752
10.87 126.967
10.88 125.284
10.89 125.284
10.9 125.284
10.91 124.257
10.92 123.761
10.93 123.122
10.94 122.198
10.95 121.992
10.96 125.522
10.97 125.522
10.98 123.529
10.99 124.295
11 125.284
11.01 131.13
11.02 132.396
11.03 134.043
11.04 133.984
11.05 133.984
11.06 133.984
11.07 133.984
11.08 0
11.09 83.6812
11.1 83.6812
11.11 83.2075
11.12 83.2075
11.13 83.2075
11.14 0
11.15 84.9711
11.16 0
11.17 127.123
11.18 126.328
11.19 125.94
11.2 126
11.21 126.127
11.22 126.127
11.23 126.17
11.24 126.16
11.25 119.155
11.26 119.306
11.27 124.811
11.28 124.717
11.29 119.431
11.3 123.663
11.31 122.89
11.32 117.809
11.33 117
11.34 119.744
11.35 119.005
11.36 119.365
11.37 119.365
11.38 118.942
11.39 119.365
11.4 119.967
11.41 120.859
11.42 120.859
11.43 120.859
11.44 120.859
11.45 120.859
11.46 0
11.47 224.427
11.48 225
11.49 225
11.5 220.5
11.51 220.5
11.52 220.5
11.53 220.5
11.54 0
11.55 72.3742
11.56 0
11.57 220.5
11.58 220.5
11.59 220.5
11.6 214.078
11.61 214.078
11.62 202.294
11.63 202.294
11.64 202.294
11.65 188.462
11.66 186.864
11.67 186.864
11.68 186.864
11.69 186.864
11.7 0
11.71 259.412
11.72 0
11.73 179.268
11.74 181.731
11.75 181.731
11.76 190.634
11.77 191.739
11.78 191.739
11.79 191.739
11.8 191.739
11.81 200.455
11.82 215.332
11.83 214.425
11.84 209.253
11.85 209.584
11.86 210.358
11.87 210.334
11.88 210.438
11.89 210.313
11.9 221.608
11.91 219.767
11.92 216.176
11.93 219.524
11.94 218.533
11.95 209.041
11.96 210.445
11.97 238.194
11.98 220.133
11.99 221.608
12 221.608
12.01 221.98
12.02 221.887
12.03 221.98
12.04 222.042
12.05 222.078
12.06 221.943
12.07 221.767
12.08 221.767
12.09 221.497
12.1 221.053
12.11 220.5
12.12 220.107
12.13 219.494
12.14 219.403
12.15 219.319
12.16 219.585
12.17 219.95
12.18 220.5
12.19 220.983
12.2 221.67
12.21 221.805
12.22 222.193
12.23 222.078
12.24 222.002
12.25 222.278
12.26 222.382
12.27 222.727
12.28 222.166
12.29 220.623
12.3 219.487
12.31 219.312
12.32 219.646
12.33 221.114
12.34 222.014
12.35 223.034
12.36 223.335
12.37 224.471
12.38 224.471
12.39 224.427
12.4 224.102
12.41 224
12.42 223.574
12.43 223.291
12.44 223.079
12.45 222.727
12.46 222.54
12.47 222.503
12.48 222.353
12.49 222.166
12.5 221.386
12.51 219.655
12.52 219.106
12.53 219.185
12.54 220.17
12.55 221.237
12.56 222.353
12.57 223.651
12.58 224.332
12.59 225.354
12.6 225.328
12.61 224.754
12.62 224.161
12.63 223.574
12.64 222.852
12.65 221.747
12.66 221.09
12.67 220.579
12.68 219.992
12.69 219.992
12.7 219.824
12.71 219.859
12.72 220.077
12.73 220.5
12.74 221.002
12.75 221.204
12.76 222.123
12.77 221.943
12.78 222.523
12.79 222.727
12.8 222.802
12.81 223.079
12.82 223.253
12.83 223.329
12.84 223.21
12.85 223.049
12.86 222.641
12.87 222.353
12.88 222.278
12.89 222.026
12.9 221.608
12.91 221.053
12.92 219.767
12.93 219.403
12.94 219.403
12.95 220.28
12.96 220.942
12.97 221.608
12.98 222.446
12.99 222.952
13 224.364
13.01 224.313
13.02 224.389
13.03 224.509
13.04 224.596
13.05 224.672
13.06 224.237
13.07 223.858
13.08 223.631
13.09 223.596
13.1 222.915
13.11 222.727
13.12 222.478
13.13 225.354
13.14 221.98
13.15 222.727
13.16 216.176
13.17 207.896
13.18 206.826
13.19 205.475
13.2 205.389
13.21 196.875
13.22 205.435
13.23 201.37
13.24 201.37
13.25 218.75
13.26 216.885
13.27 222.406
13.28 222.406
13.29 228.103
13.3 229.289
13.31 227.991
13.32 228.103
13.33 227.711
13.34 228.667
13.35 228.972
13.36 228.972
13.37 229.488
13.38 229.905
13.39 230.287
13.4 230.287
13.41 230.287
13.42 230.287
13.43 234.041
13.44 236.2
13.45 236.588
13.46 237.097
13.47 237.329
13.48 237.764
13.49 239.117
13.5 239.674
13.51 241.139
13.52 241.216
13.53 241.761
13.54 241.948
13.55 242.028
13.56 242.308
13.57 242.308
13.58 241.831
13.59 241.679
13.6 240.346
13.61 240.664
13.62 240.443
13.63 241.024
13.64 241.761
13.65 242.308
13.66 242.38
13.67 242.918
13.68 243.247
13.69 243.576
13.7 243.512
13.71 243.377
13.72 243.454
13.73 243.226
13.74 242.419
13.75 242.498
13.76 242.498
13.77 243.059
13.78 243.199
13.79 242.901
13.8 242.641
13.81 242.689
13.82 242.793
13.83 245
13.84 245.546
13.85 246.644
13.86 245.682
13.87 245
13.88 244.547
13.89 244.547
13.9 244.032
13.91 244.152
13.92 245
13.93 247.197
13.94 247.197
13.95 247.521
13.96 247.521
13.97 246.96
13.98 246.369
13.99 245.372
14 244.547
14.01 243.946
14.02 243.199
14.03 242.456
14.04 242.708
14.05 243.071
14.06 244.032
14.07 245
14.08 245.976
14.09 247.753
14.1 247.753
14.11 247.753
14.12 247.579
14.13 247.579
14.14 247.059
14.15 246.793
14.16 246.581
14.17 246.369
14.18 246.002
14.19 245.735
14.2 245.525
14.21 245.525
14.22 245.42
14.23 245.455
14.24 245.994
14.25 246.063
14.26 246.369
14.27 247.405
14.28 247.927
14.29 249.293
14.3 249.281
14.31 249.153
14.32 249.025
14.33 248.84
14.34 248.871
14.35 248.451
14.36 248.218
14.37 248.351
14.38 248.591
14.39 247.952
14.4 247.579
14.41 247.29
14.42 246.782
14.43 246.231
14.44 246.119
14.45 246.025
14.46 246.025
14.47 245.341
14.48 245.372
14.49 243.199
14.5 242.141
14.51 240.68
14.52 239.964
14.53 239.544
14.54 238.121
14.55 236.865
14.56 234.076
14.57 232.923
14.58 220.5
14.59 210.222
14.6 202.665
14.61 202.665
14.62 202.665
14.63 202.665
14.64 202.665
14.65 184.365
14.66 182.988
14.67 185.294
14.68 183.942
14.69 183.632
14.7 183.641
14.71 183.75
14.72 183.66
14.73 183.368
14.74 182.879
14.75 182.919
14.76 182.634
14.77 182.654
14.78 182.623
14.79 182.473
14.8 182.672
14.81 182.648
14.82 182.609
14.83 182.988
14.84 182.231
14.85 182.124
14.86 181.994
14.87 181.994
14.88 181.994
14.89 181.994
14.9 181.994
14.91 181.966
14.92 181.769
14.93 181.822
14.94 181.109
14.95 181.424
14.96 181.831
14.97 182.231
14.98 182.506
14.99 182.625
15 182.42
15.01 182.775
15.02 183.016
15.03 183.573
15.04 183.683
15.05 183.883
15.06 183.75
15.07 183.673
15.08 183.58
15.09 183.58
15.1 183.559
15.11 183.75
15.12 183.58
15.13 185.294
15.14 183.57
15.15 183.57
15.16 183.463
15.17 183.543
15.18 183.241
15.19 183.477
15.2 183.846
15.21 183.914
15.22 186.621
15.23 188.14
15.24 186.864
15.25 183.58
15.26 183.38
15.27 183.273
15.28 183.32
15.29 183.435
15.3 184.707
15.31 184.581
15.32 184.691
15.33 183.942
15.34 184.211
15.35 184.459
15.36 184.928
15.37 184.928
15.38 184.928
15.39 184.928
15.4 184.928
15.41 185.087
15.42 185.174
15.43 185.964
15.44 186.469
15.45 184.906
15.46 184.683
15.47 184.57
15.48 184.386
15.49 183.849
15.5 183.532
15.51 183.057
15.52 182.836
15.53 182.879
15.54 182.988
15.55 182.903
15.56 183.195
15.57 183.515
15.58 183.515
15.59 183.622
15.6 183.75
15.61 183.75
15.62 183.969
15.63 184.262
15.64 184.673
15.65 184.519
15.66 184.134
15.67 184.134
15.68 184.134
15.69 184.134
15.7 184.134
15.71 184.777
15.72 186.338
15.73 186.338
15.74 186.338
15.75 186.338
15.76 186.338
15.77 186.338
15.78 186.338
15.79 186.338
15.8 185.294
15.81 182.735
15.82 186.257
15.83 188.06
15.84 183.75
15.85 182.231
15.86 182.231
15.87 182.231
15.88 182.231
15.89 182.231
15.9 182.231
15.91 182.231
15.92 182.231
15.93 0
15.94 179.451
15.95 179.451
15.96 180.738
15.97 180.738
15.98 177.108
15.99 177.108
16 176.804
16.01 178.302
16.02 178.302
16.03 178.302
16.04 178.302
16.05 0
16.06 533.468
16.07 506.897
16.08 506.897
16.09 0
16.1 0
16.11 612.5
16.12 0
16.13 750.638
16.14 750.638
16.15 750.638
16.16 750.638
16.17 775.628
16.18 775.628
16.19 775.628
16.2 775.628
16.21 775.628
16.22 0
16.23 0
16.24 0
16.25 406.452
16.26 414.474
16.27 414.474
16.28 0
16.29 0
16.3 254.179
16.31 0
16.32 0
16.33 0
16.34 0
16.35 52.4584
16.36 52.4584
16.37 52.4584
16.38 0
16.39 0
16.4 173.964
16.41 0
16.42 170.93
16.43 172.266
16.44 174.079
16.45 174.079
16.46 174.079
16.47 0
16.48 261.369
16.49 0
16.5 0
16.51 0
16.52 0
16.53 183.75
16.54 186.413
16.55 189.108
16.56 191.739
16.57 194.178
16.58 194.178
16.59 194.178
16.6 206.075
16.61 207.529
16.62 207.529
16.63 207.529
16.64 210
16.65 219.872
16.66 217.489
16.67 217.489
16.68 223.48
16.69 225
16.7 220.133
16.71 221.053
16.72 216.176
16.73 213.663
16.74 229.21
16.75 230.167
16.76 230.167
16.77 229.21
16.78 229.21
16.79 231.883
16.8 231.883
16.81 233.619
16.82 238.701
16.83 247.753
16.84 253.184
16.85 253.157
16.86 253.448
16.87 254.913
16.88 255.027
16.89 255.027
16.9 255.027
16.91 255.027
16.92 255.027
16.93 0
16.94 178.376
16.95 178.376
16.96 177.823
16.97 178.062
16.98 177.933
16.99 176.657
17 176.657
17.01 176.657
17.02 176.657
17.03 176.657
17.04 0
17.05 259.412
17.06 0
17.07 178.302
17.08 178.376
17.09 178.784
17.1 178.709
17.11 178.487
17.12 178.687
17.13 178.687
17.14 178.687
17.15 178.687
17.16 180.335
17.17 179.878
17.18 179.662
17.19 179.804
17.2 179.862
17.21 180.057
17.22 180.184
17.23 180.368
17.24 180.624
17.25 180.985
17.26 181.544
17.27 181.822
17.28 181.918
17.29 182.106
17.3 183.532
17.31 183.532
17.32 183.532
17.33 183.532
17.34 0
17.35 90.5751
17.36 90.5338
17.37 90.4801
17.38 90.5172
17.39 90.4925
17.4 90.4925
17.41 90.6941
17.42 90.7941
17.43 109.701
17.44 109.701
17.45 109.701
17.46 109.701
17.47 109.701
17.48 0
17.49 90.3352
17.5 90.3318
17.51 90.47
17.52 90.4362
17.53 90.5713
17.54 90.5916
17.55 90.5916
17.56 90.5916
17.57 90.5916
17.58 90.5916
17.59 0
17.6 138.028
17.61 138.028
17.62 137.614
17.63 137.383
17.64 137.383
17.65 137.383
17.66 137.212
17.67 137.212
17.68 137.212
17.69 0
17.7 0
17.71 90.9108
17.72 0
17.73 137.07
17.74 137.127
17.75 137.241
17.76 137.35
17.77 137.598
17.78 137.661
17.79 137.661
17.8 137.765
17.81 137.765
17.82 137.765
17.83 137.765
17.84 137.765
17.85 0
17.86 138.028
17.87 0
17.88 179.06
17.89 0
17.9 137.656
17.91 0
17.92 0
17.93 0
17.94 138.071
17.95 138.158
17.96 138.196
17.97 138.196
17.98 138.196
17.99 138.196
18 138.196
18.01 0
18.02 138.679
18.03 0
18.04 277.058
18.05 277.01
18.06 277.153
18.07 276.489
18.08 276.696
18.09 276.2
18.1 276.056
18.11 275.982
18.12 276.418
18.13 276.393
18.14 276.445
18.15 276.562
18.16 276.568
18.17 276.735
18.18 276.682
18.19 273.347
18.2 274.569
18.21 274.197
18.22 273.758
18.23 273.758
18.24 273.758
18.25 273.758
18.26 273.758
18.27 274.156
18.28 279.114
18.29 281.489
18.3 276.884
18.31 274.306
18.32 271.449
18.33 271.192
18.34 270.68
18.35 270.276
18.36 270.68
18.37 270.829
18.38 271.504
18.39 271.706
18.4 271.663
18.41 272.222
18.42 271.494
18.43 271.93
18.44 270.386
18.45 269.725
18.46 271.237
18.47 271.237
18.48 267.273
18.49 272.222
18.5 271.954
18.51 270.913
18.52 270.401
18.53 271.552
18.54 270.789
18.55 272.012
18.56 272.222
18.57 272.222
18.58 272.596
18.59 272.42
18.6 272.432
18.61 272.432
18.62 270.885
18.63 270.737
18.64 270.737
18.65 270.737
18.66 270.138
18.67 271.218
18.68 273.347
18.69 274.254
18.7 274.339
18.71 272.222
18.72 272.222
18.73 272.222
18.74 274.102
18.75 273.45
18.76 273.45
18.77 273.45
18.78 273.45
18.79 273.45
18.8 273.234
18.81 273.67
18.82 272.222
18.83 269.121
18.84 267.736
18.85 266.691
18.86 268.509
18.87 269.408
18.88 270.507
18.89 270.378
18.9 270.418
18.91 270.552
18.92 270.595
18.93 270.085
18.94 269.613
18.95 268.991
18.96 268.315
18.97 267.273
18.98 267.335
18.99 267.432
19 268.055
19.01 268.724
19.02 269.981
19.03 270.896
19.04 271.942
19.05 272.274
19.06 272.612
19.07 272.643
19.08 272.362
19.09 271.982
19.1 271.372
19.11 270.293
19.12 269.163
19.13 268.144
19.14 267.798
19.15 267.814
19.16 268.05
19.17 268.618
19.18 269.267
19.19 270.092
19.2 270.922
19.21 271.477
19.22 271.785
19.23 271.849
19.24 271.767
19.25 271.499
19.26 270.983
19.27 270.518
19.28 270.345
19.29 270.113
19.3 270.518
19.31 271.23
19.32 271.899
19.33 272.222
19.34 272.222
19.35 272.279
19.36 272.276
19.37 272.222
19.38 272.036
19.39 271.608
19.4 271.309
19.41 271.639
19.42 271.964
19.43 272.626
19.44 273.065
19.45 276.118
19.46 276.118
19.47 274.102
19.48 273.234
19.49 272.222
19.5 272.74
19.51 271.385
19.52 292.053
19.53 277.01
19.54 277.358
19.55 277.358
19.56 303.44
19.57 303.44
19.58 300.682
19.59 297.973
19.6 266.465
19.61 267.597
19.62 268.435
19.63 268.435
19.64 268.435
19.65 268.435
19.66 0
19.67 89.5485
19.68 89.6114
19.69 90.2896
19.7 90.3195
19.71 90.3119
19.72 90.5115
19.73 90.5115
19.74 90.5115
19.75 90.5115
19.76 90.5115
19.77 0
19.78 139.625
19.79 139.557
19.8 140.895
19.81 140.297
19.82 140.297
19.83 140.297
19.84 140.297
19.85 0
19.86 39.0819
19.87 0
19.88 137.567
19.89 137.812
19.9 138.126
19.91 138.363
19.92 138.43
19.93 138.43
19.94 138.43
19.95 138.43
19.96 139.117
19.97 139.117
19.98 139.117
19.99 0
20 91.0815
20.01 91.0815
20.02 90.9108
20.03 91.0867
20.04 91.1471
20.05 91.2185
20.06 91.2872
20.07 91.38
20.08 91.6568
20.09 109.484
20.1 109.429
20.11 109.507
20.12 109.429
20.13 109.463
20.14 109.497
20.15 109.429
20.16 109.429
20.17 109.429
20.18 109.429
20.19 109.429
20.2 0
20.21 91.0687
20.22 0
20.23 138.825
20.24 0
20.25 55.1447
20.26 0
20.27 138.788
20.28 138.788
20.29 138.486
20.3 138.486
20.31 138.486
20.32 138.486
20.33 138.486
20.34 0
20.35 91.3516
20.36 91.5571
20.37 91.5571
20.38 0
20.39 138.929
20.4 138.929
20.41 138.971
20.42 138.679
20.43 138.592
20.44 138.505
20.45 138.293
20.46 138.353
20.47 138.838
20.48 139.007
20.49 139.007
20.5 139.007
20.51 139.007
20.52 139.007
20.53 0
20.54 55.171
20.55 55.171
20.56 55.171
20.57 0
20.58 39.4808
20.59 39.506
20.6 39.5043
20.61 39.5043
20.62 39.5043
20.63 0
20.64 140
20.65 138.284
20.66 140.52
20.67 140.446
20.68 140.39
20.69 140.288
20.7 140.111
20.71 141.346
20.72 141.058
20.73 140.976
20.74 140.83
20.75 140.787
20.76 140.871
20.77 140.974
20.78 141.286
20.79 141.625
20.8 139.483
20.81 139.227
20.82 139.41
20.83 139.41
20.84 139.41
20.85 139.41
20.86 139.41
20.87 0
20.88 270.614
20.89 269.356
20.9 266.734
20.91 265.945
20.92 265.544
20.93 266.465
20.94 268.085
20.95 271.903
20.96 273.994
20.97 277.941
20.98 277.634
20.99 284.657
21 287.163
21.01 290.132
21.02 289.37
21.03 275.625
21.04 276.056
21.05 275.052
21.06 274.981
21.07 274.424
21.08 274.481
21.09 274.481
21.1 274.595
21.11 274.615
21.12 274.553
21.13 274.306
21.14 277.01
21.15 277.461
21.16 277.461
21.17 277.442
21.18 277.442
21.19 275.534
21.2 275.534
21.21 275.534
21.22 0
21.23 137.193
21.24 137.298
21.25 137.107
21.26 137.257
21.27 137.098
21.28 137.207
21.29 137.107
21.3 136.957
21.31 136.744
21.32 136.408
21.33 136.006
21.34 135.914
21.35 135.588
21.36 135.276
21.37 135.276
21.38 135.163
21.39 135.163
21.4 135.118
21.41 135.069
21.42 134.825
21.43 134.787
21.44 134.451
21.45 134.302
21.46 134.154
21.47 133.747
21.48 133.566
21.49 134.043
21.5 133.997
21.51 134.451
21.52 133.152
21.53 130.938
21.54 130.861
21.55 130.473
21.56 131.698
21.57 131.25
21.58 130.337
21.59 130.337
21.6 130.337
21.61 130.337
21.62 130.337
21.63 0
21.64 86.5083
21.65 0
21.66 65.3656
21.67 65.4691
21.68 65.395
21.69 65.3527
21.7 65.3011
21.71 65.1724
21.72 65.1724
21.73 65.1724
21.74 65.1724
21.75 65.1724
21.76 0
21.77 85.7977
21.78 86.1328
21.79 86.1328
21.8 86.1328
21.81 86.1328
21.82 0
21.83 199.849
21.84 200.108
21.85 200.124
21.86 199.935
21.87 199.548
21.88 199.608
21.89 199.548
21.9 199.617
21.91 199.548
21.92 199.047
21.93 201.14
21.94 200.455
21.95 200.035
21.96 200.182
21.97 200.657
21.98 200.87
21.99 200.953
22 200.946
22.01 201.107
22.02 200.911
22.03 201.166
22.04 201.424
22.05 201.208
22.06 201.14
22.07 201.14
22.08 201.208
22.09 201.806
22.1 201.754
22.11 201.705
22.12 201.882
22.13 201.749
22.14 201.866
22.15 201.985
22.16 201.957
22.17 202.294
22.18 199.728
22.19 197.98
22.2 197.98
22.21 197.98
22.22 197.98
22.23 197.98
22.24 200.455
22.25 200.455
22.26 0
22.27 294
22.28 274.481
22.29 266.949
22.3 271.107
22.31 271.107
22.32 271.107
22.33 271.107
22.34 297.973
22.35 279.114
22.36 272.222
22.37 270.552
22.38 250.568
22.39 248.551
22.4 246.369
22.41 247.753
22.42 249.309
22.43 251.282
22.44 253.643
22.45 256.239
22.46 257.895
22.47 259.412
22.48 261.504
22.49 264.769
22.5 267.453
22.51 271.064
22.52 273.222
22.53 276.101
22.54 277.294
22.55 278.761
22.56 279.889
22.57 281.054
22.58 281.911
22.59 282.599
22.6 283.312
22.61 283.784
22.62 283.962
22.63 284.312
22.64 284.669
22.65 285.097
22.66 285.413
22.67 285.862
22.68 286.266
22.69 286.464
22.7 286.473
22.71 286.612
22.72 287.109
22.73 285.353
22.74 289.013
22.75 289.869
22.76 290.004
22.77 288.825
22.78 288.97
22.79 289.23
22.8 289.439
22.81 289.277
22.82 289.2
22.83 289.552
22.84 289.598
22.85 290.744
22.86 289.51
22.87 289.236
22.88 288.939
22.89 288.613
22.9 288.839
22.91 289.338
22.92 289.893
22.93 290.218
22.94 290.783
22.95 291.022
22.96 291.41
22.97 291.41
22.98 291.918
22.99 291.904
23 291.904
23.01 291.904
23.02 291.904
23.03 291.904
23.04 290.504
23.05 290.504
23.06 0
23.07 0
23.08 0
23.09 0
23.1 292.668
23.11 292.792
23.12 292.792
23.13 0
23.14 0
23.15 293.237
23.16 293.545
23.17 293.555
23.18 293.555
23.19 293.555
23.2 0
23.21 0
23.22 296.497
23.23 292.673
23.24 296.269
23.25 296.269
23.26 295.542
23.27 294
23.28 294
23.29 294
23.3 294
23.31 0
23.32 0
23.33 0
23.34 145.878
23.35 145.878
23.36 145.878
23.37 0
23.38 291.607
23.39 291.385
23.4 290.957
23.41 290.53
23.42 290.132
23.43 289.859
23.44 289.53
23.45 289.418
23.46 289.567
23.47 289.094
23.48 289.075
23.49 290.868
23.5 291.358
23.51 292.634
23.52 292.699
23.53 293.706
23.54 294
23.55 295.831
23.56 293.72
23.57 293.088
23.58 292.311
23.59 291.932
23.6 292.167
23.61 293.218
23.62 293.218
23.63 293.782
23.64 293.186
23.65 294
23.66 295.222
23.67 295.049
23.68 294
23.69 293.32
23.7 293.32
23.71 293.32
23.72 285.9
23.73 283.906
23.74 286.364
23.75 282.692
23.76 279.822
23.77 279.822
23.78 279.822
23.79 279.822
23.8 279.822
23.81 279.822
23.82 279.822
23.83 275.134
23.84 274.102
23.85 273.724
23.86 273.978
23.87 274.089
23.88 274.265
23.89 274.057
23.9 273.585
23.91 272.784
23.92 271.928
23.93 271.524
23.94 270.691
23.95 270.473
23.96 271.027
23.97 271.906
23.98 271.552
23.99 272.758
24 271.785
24.01 272.288
24.02 272.104
24.03 273.435
24.04 273.786
24.05 274.013
24.06 274.135
24.07 274.068
24.08 274.044
24.09 273.63
24.1 273.654
24.11 273.329
24.12 271.644
24.13 271.634
24.14 271.154
24.15 271.203
24.16 271.539
24.17 272.114
24.18 272.114
24.19 273.244
24.2 273.311
24.21 273.724
24.22 273.288
24.23 273.592
24.24 273.592
24.25 273.592
24.26 271.998
24.27 271.083
24.28 269.87
24.29 269.87
24.3 266.58
24.31 264.6
24.32 260.024
24.33 257.518
24.34 253.06
24.35 253.06
24.36 253.06
24.37 252.288
24.38 251.227
24.39 252.206
24.4 258.904
24.41 260.994
24.42 264.57
24.43 266.019
24.44 267.69
24.45 268.448
24.46 269.482
24.47 270.448
24.48 271.018
24.49 270.116
24.5 268.248
24.51 265.082
24.52 260.067
24.53 256.822
24.54 255.529
24.55 254.112
24.56 254.112
24.57 254.211
24.58 254.379
24.59 254.563
24.6 254.325
24.61 253.575
24.62 252.788
24.63 251.521
24.64 250.31
24.65 249.354
24.66 248.373
24.67 247.753
24.68 246.899
24.69 246.494
24.7 245.682
24.71 245
24.72 242.308
24.73 242.308
24.74 233.333
24.75 233.333
24.76 233.333
24.77 233.333
24.78 233.333
24.79 0
24.8 187.182
24.81 187.182
24.82 187.527
24.83 187.527
24.84 188.596
24.85 189.333
24.86 189.96
24.87 190.592
24.88 190.684
24.89 192.254
24.9 193.058
24.91 194.102
24.92 195.025
24.93 196
24.94 196.783
24.95 197.432
24.96 197.758
24.97 197.565
24.98 197.677
24.99 198.202
25 198.162
25.01 198.486
25.02 198.47
25.03 199.347
25.04 200.455
25.05 201.6
25.06 202.426
25.07 203.762
25.08 204.612
25.09 204.64
25.1 204.64
25.11 204.545
25.12 204.466
25.13 204.167
25.14 204.056
25.15 204.056
25.16 204.049
25.17 203.897
25.18 203.695
25.19 203.789
25.2 204.167
25.21 202.914
25.22 202.914
25.23 221.98
25.24 229.555
25.25 238.378
25.26 239.544
25.27 239.21
25.28 238.092
25.29 236.519
25.3 235.502
25.31 235.075
25.32 234.991
25.33 234.9
25.34 233.268
25.35 233.268
25.36 220.011
25.37 213.043
25.38 213.043
25.39 213.043
25.4 208.346
25.41 208.807
25.42 209.667
25.43 210.236
25.44 210.077
25.45 212.391
25.46 211.849
25.47 211.68
25.48 210.85
25.49 210
25.5 209.846
25.51 209.846
25.52 210
25.53 210.837
25.54 211.207
25.55 212.147
25.56 214.267
25.57 215.965
25.58 217.134
25.59 217.67
25.6 217.778
25.61 217.654
25.62 216.885
25.63 216.035
25.64 212.989
25.65 213.357
25.66 212.701
25.67 212.223
25.68 211.816
25.69 212.019
25.7 211.834
25.71 212.019
25.72 212.391
25.73 211.922
25.74 213.123
25.75 210.722
25.76 209.463
25.77 209.601
25.78 209.335
25.79 209.724
25.8 210.2
25.81 210.501
25.82 212.799
25.83 213.146
25.84 213.085
25.85 214.985
25.86 214.985
25.87 214.985
25.88 216.065
25.89 216.4
25.9 216
25.91 216.176
25.92 217.028
25.93 217.028
25.94 216.885
25.95 217.749
25.96 217.838
25.97 218.49
25.98 218.497
25.99 218.245
26 218.008
26.01 218.085
26.02 218.69
26.03 218.678
26.04 217.885
26.05 218.047
26.06 217.615
26.07 216.848
26.08 217.241
26.09 217.104
26.1 217.241
26.11 216.927
26.12 217.175
26.13 217.406
26.14 217.599
26.15 218.425
26.16 220.638
26.17 220.236
26.18 221.543
26.19 221.723
26.2 222.397
26.21 222.099
26.22 221.927
26.23 221.877
26.24 221.191
26.25 220.262
26.26 219.552
26.27 219.04
26.28 218.317
26.29 217.474
26.3 217.257
26.31 216.767
26.32 216.568
26.33 216.636
26.34 216.693
26.35 216.678
26.36 216.619
26.37 216.708
26.38 216.78
26.39 217.01
26.4 217.212
26.41 217.333
26.42 217.536
26.43 217.701
26.44 217.723
26.45 217.723
26.46 217.827
26.47 217.936
26.48 217.566
26.49 217.339
26.5 217.501
26.51 217.405
26.52 217.505
26.53 217.656
26.54 218.317
26.55 218.283
26.56 218.811
26.57 219.003
26.58 218.713
26.59 218.548
26.6 218.373
26.61 218.146
26.62 217.948
26.63 217.467
26.64 217.061
26.65 216.54
26.66 215.81
26.67 215.288
26.68 214.912
26.69 214.964
26.7 214.454
26.71 214.388
26.72 214.355
26.73 214.309
26.74 214.255
26.75 214.131
26.76 214.403
26.77 213.361
26.78 216.176
26.79 217.67
26.8 225
26.81 236.588
26.82 235.829
26.83 237.736
26.84 237.736
26.85 237.736
26.86 237.736
26.87 237.736
26.88 237.736
26.89 237.736
26.9 239.674
26.91 243.646
26.92 260.202
26.93 263.914
26.94 263.648
26.95 264.477
26.96 262.998
26.97 260.839
26.98 260.839
26.99 260.433
27 260.861
27.01 261.038
27.02 260.903
27.03 262.58
27.04 263.458
27.05 265.535
27.06 264.729
27.07 264.729
27.08 264.729
27.09 264.729
27.1 265.754
27.11 267.957
27.12 267.957
27.13 267.957
27.14 264.16
27.15 265.263
27.16 263.001
27.17 265.297
27.18 262.732
27.19 263.614
27.2 261.696
27.21 264.547
27.22 266.216
27.23 267.086
27.24 267.882
27.25 268.493
27.26 270.968
27.27 270.968
27.28 270.968
27.29 271.128
27.3 271.128
27.31 254.779
27.32 254.779
27.33 254.779
27.34 258.223
27.35 260.709
27.36 272.316
27.37 258.943
27.38 259.412
27.39 256.395
27.4 259.412
27.41 259.412
27.42 259.412
27.43 259.412
27.44 259.412
27.45 259.412
27.46 259.412
27.47 259.412
27.48 258.197
27.49 259.412
27.5 259.412
27.51 232.105
27.52 233.221
27.53 233.51
27.54 235.311
27.55 238.217
27.56 238.217
27.57 248.451
27.58 246.664
27.59 248.101
27.6 247.908
27.61 247.614
27.62 247.197
27.63 247.092
27.64 246.531
27.65 245.341
27.66 244.321
27.67 243.743
27.68 242.308
27.69 240.829
27.7 240.109
27.71 239.395
27.72 238.975
27.73 239.395
27.74 239.565
27.75 240.14
27.76 240.478
27.77 240.764
27.78 240.882
27.79 240.68
27.8 240.864
27.81 239.964
27.82 239.488
27.83 238.839
27.84 238.279
27.85 238.217
27.86 238.286
27.87 238.486
27.88 238.966
27.89 238.848
27.9 238.966
27.91 239.132
27.92 239.474
27.93 240.14
27.94 240.233
27.95 239.935
27.96 240.14
27.97 240.233
27.98 240.478
27.99 240.283
28 240.233
28.01 239.385
28.02 239.674
28.03 239.674
28.04 241.343
28.05 241.085
28.06 240.171
28.07 239.901
28.08 239.901
28.09 239.901
28.1 239.448
28.11 239.448
28.12 238.194
28.13 237.807
28.14 237.416
28.15 237.416
28.16 237.416
28.17 233.581
28.18 231.294
28.19 231.294
28.2 228.972
28.21 222.353
28.22 219.185
28.23 217.241
28.24 215.472
28.25 215.472
28.26 215.472
28.27 191.832
28.28 189.759
28.29 188.716
28.3 188.462
28.31 187.587
28.32 185.964
28.33 185.02
28.34 184.335
28.35 183.95
28.36 182.775
28.37 182.412
28.38 182.412
28.39 181.871
28.4 180.95
28.41 181.357
28.42 181.295
28.43 181.183
28.44 181.414
28.45 181.414
28.46 181.414
28.47 181.414
28.48 181.414
28.49 181.414
28.5 181.109
28.51 181.375
28.52 181.233
28.53 180.271
28.54 179.542
28.55 179.56
28.56 179.56
28.57 180.283
28.58 180.738
28.59 181.731
28.6 181.731
28.61 181.762
28.62 181.731
28.63 181.648
28.64 181.613
28.65 181.531
28.66 181.424
28.67 181.278
28.68 180.902
28.69 180.491
28.7 179.853
28.71 179.268
28.72 179.933
28.73 180.349
28.74 180.82
28.75 181.109
28.76 181.295
28.77 181.481
28.78 181.525
28.79 181.648
28.8 181.599
28.81 181.757
28.82 181.814
28.83 181.731
28.84 181.648
28.85 181.388
28.86 181.295
28.87 181.233
28.88 181.034
28.89 181.08
28.9 181.007
28.91 180.902
28.92 180.95
28.93 180.738
28.94 180.368
28.95 180
28.96 180
28.97 180.996
28.98 181.367
28.99 181.481
29 181.459
29.01 184.215
29.02 183.963
29.03 184.066
29.04 180.985
29.05 181.233
29.06 181.034
29.07 180.526
29.08 180.368
29.09 180.409
29.1 180.409
29.11 180.409
29.12 180.409
29.13 180.315
29.14 180
29.15 180
29.16 180.184
29.17 180.738
29.18 180.861
29.19 181.481
29.2 181.885
29.21 182.231
29.22 182.675
29.23 183.122
29.24 183.654
29.25 183.75
29.26 183.954
29.27 183.75
29.28 183.597
29.29 183.509
29.3 183.273
29.31 182.703
29.32 182.326
29.33 182.137
29.34 182
29.35 182.533
29.36 182.447
29.37 182.463
29.38 182.506
29.39 182.988
29.4 183.75
29.41 183.903
29.42 183.92
29.43 184.189
29.44 183.195
29.45 182.735
29.46 182.382
29.47 182.064
29.48 181.375
29.49 180.738
29.5 179.755
29.51 179.755
29.52 179.755
29.53 179.268
29.54 179.268
29.55 178.028
29.56 177.536
29.57 177.346
29.58 176.4
29.59 176.4
29.6 170.71
29.61 166.206
29.62 166.206
29.63 166.206
29.64 166.206
29.65 166.206
29.66 0
29.67 0
29.68 0
29.69 0
29.7 0
29.71 0
29.72 31.9797
29.73 0
29.74 0
29.75 0
29.76 275.625
29.77 275.625
29.78 275.625
29.79 0
29.8 277.358
29.81 0
29.82 490
29.83 465.19
29.84 512.791
29.85 490
29.86 490
29.87 490
29.88 576.471
29.89 576.471
29.9 576.471
29.91 570.259
29.92 570.259
29.93 570.259
29.94 570.259
29.95 570.259
29.96 570.259
29.97 0
29.98 91.875
29.99 0
30 179.06
30.01 178.832
30.02 179.026
30.03 179.136
30.04 179.136
30.05 179.878
30.06 179.268
30.07 180
30.08 179.187
30.09 179.341
30.1 179.268
30.11 179.195
30.12 179.205
30.13 179.605
30.14 180.147
30.15 180.17
30.16 180.245
30.17 182.533
30.18 185.294
30.19 185.294
30.2 185.294
30.21 193.988
30.22 198.649
30.23 198.649
30.24 208.511
30.25 206.075
30.26 206.075
30.27 201.831
30.28 201.37
30.29 204.167
30.3 204.64
30.31 206.075
30.32 208.412
30.33 209.833
30.34 212.127
30.35 214.411
30.36 222.727
30.37 227.32
30.38 228.202
30.39 229.448
30.4 230.488
30.41 230.488
30.42 231.543
30.43 232.923
30.44 232.923
30.45 233.581
30.46 236.705
30.47 239.186
30.48 242.308
30.49 242.308
30.5 242.308
30.51 242.308
30.52 242.308
30.53 0
30.54 255.467
30.55 258.318
30.56 255.146
30.57 256.271
30.58 256.515
30.59 257.143
30.6 257.193
30.61 256.395
30.62 276.717
30.63 278.557
30.64 277.552
30.65 276.031
30.66 276.031
30.67 276.031
30.68 276.031
30.69 276.031
30.7 0
30.71 135.32
30.72 135.739
30.73 136.023
30.74 136.023
30.75 136.023
30.76 135.692
30.77 135.712
30.78 135.672
30.79 135.567
30.8 135.712
30.81 135.712
30.82 135.712
30.83 135.797
30.84 135.797
30.85 135.797
30.86 135.797
30.87 0
30.88 178.142
30.89 178.415
30.9 178.415
30.91 0
30.92 178.591
30.93 0
30.94 0
30.95 0
30.96 179.414
30.97 179.195
30.98 178.864
30.99 178.755
31 178.362
31.01 178.439
31.02 178.439
31.03 178.926
31.04 179.171
31.05 179.359
31.06 179.542
31.07 179.817
31.08 179.817
31.09 179.755
31.1 180.057
31.11 179.944
31.12 179.755
31.13 180.17
31.14 180
31.15 180.349
31.16 180.673
31.17 180.442
31.18 180.456
31.19 180.48
31.2 180.597
31.21 180.582
31.22 180.738
31.23 180.526
31.24 180.516
31.25 180.526
31.26 180.516
31.27 180.194
31.28 180.271
31.29 180.504
31.3 180.504
31.31 180.655
31.32 180.303
31.33 180.39
31.34 180.303
31.35 180.245
31.36 180.966
31.37 180.844
31.38 180
31.39 180.664
31.4 180.664
31.41 180.664
31.42 180.664
31.43 180.349
31.44 180
31.45 180.294
31.46 180.221
31.47 180.294
31.48 180.504
31.49 180.303
31.5 179.837
31.51 179.667
31.52 179.667
31.53 179.777
31.54 179.667
31.55 179.572
31.56 179.467
31.57 179.467
31.58 179.686
31.59 180.664
31.6 182.303
31.61 182.903
31.62 182.903
31.63 182.903
31.64 182.903
31.65 182.903
31.66 0
31.67 140
31.68 140.148
31.69 139.205
31.7 139.205
31.71 137.098
31.72 136.352
31.73 136.352
31.74 136.352
31.75 136.352
31.76 0
31.77 89.181
31.78 0
31.79 0
31.8 252
31.81 243.646
31.82 238.378
31.83 234.574
31.84 234.574
31.85 234.574
31.86 234.574
31.87 0
31.88 0
31.89 0
31.9 0
31.91 0
31.92 0
31.93 0
31.94 0
31.95 0
31.96 0
31.97 0
31.98 286.364
31.99 282.692
32 279.556
32.01 277.01
32.02 275.312
32.03 273.701
32.04 273.994
32.05 271.887
32.06 271.385
32.07 271.265
32.08 269.248
32.09 268.746
32.1 268.902
32.11 269.029
32.12 267.647
32.13 267.62
32.14 268.66
32.15 269.389
32.16 271.151
32.17 271.504
32.18 273.391
32.19 275.134
32.2 276.156
32.21 275.939
32.22 276.316
32.23 276.393
32.24 276.253
32.25 275.338
32.26 275
32.27 275.625
32.28 275.625
32.29 275.871
32.3 274.283
32.31 275.775
32.32 275.775
32.33 275.625
32.34 274.97
32.35 276.957
32.36 276.861
32.37 276.547
32.38 276.316
32.39 276.706
32.4 276.923
32.41 277.165
32.42 277.267
32.43 277.267
32.44 278.108
32.45 277.2
32.46 276.118
32.47 275.134
32.48 275.134
32.49 274.569
32.5 274.013
32.51 273.913
32.52 275.195
32.53 275.625
32.54 276.118
32.55 275.625
32.56 276.393
32.57 275.625
32.58 274.254
32.59 272.671
32.6 272.671
32.61 272.671
32.62 272.671
32.63 272.462
32.64 272.481
32.65 270.885
32.66 270.552
32.67 266.734
32.68 267.552
32.69 267.597
32.7 268.8
32.71 269.416
32.72 270.034
32.73 270.241
32.74 270.609
32.75 270.495
32.76 270.486
32.77 270.495
32.78 270.789
32.79 271.027
32.8 270.687
32.81 272.475
32.82 272.382
32.83 273.209
32.84 271.588
32.85 271.486
32.86 271.477
32.87 270.818
32.88 269.656
32.89 271.759
32.9 272.222
32.91 272.854
32.92 272.993
32.93 273.283
32.94 273.314
32.95 274.355
32.96 274.664
32.97 274.58
32.98 273.839
32.99 272.896
33 271.051
33.01 269.215
33.02 267.435
33.03 267.093
33.04 267.093
33.05 265.876
33.06 264.336
33.07 263.126
33.08 261.168
33.09 240.109
33.1 222.727
33.11 209.005
33.12 209.501
33.13 210
33.14 210.334
33.15 210.717
33.16 210.753
33.17 210.781
33.18 211.117
33.19 211.698
33.2 212.019
33.21 212.408
33.22 213.088
33.23 212.92
33.24 213.357
33.25 214.078
33.26 214.985
33.27 215.648
33.28 216.084
33.29 216.453
33.3 216.731
33.31 216.176
33.32 216.772
33.33 215.707
33.34 215.086
33.35 214.463
33.36 213.87
33.37 213.098
33.38 212.929
33.39 212.786
33.4 212.975
33.41 213.663
33.42 214.468
33.43 215.472
33.44 216.176
33.45 216.581
33.46 216.708
33.47 216.282
33.48 215.984
33.49 215.717
33.5 215.442
33.51 214.736
33.52 214.297
33.53 213.968
33.54 214.078
33.55 214.187
33.56 214.516
33.57 214.956
33.58 215.509
33.59 215.707
33.6 215.912
33.61 216.025
33.62 216.53
33.63 216.814
33.64 217.241
33.65 217.456
33.66 217.778
33.67 217.394
33.68 216.601
33.69 217.509
33.7 220.5
33.71 216.176
33.72 236.25
33.73 258.398
33.74 265.663
33.75 258.398
33.76 246.231
33.77 246.369
33.78 242.403
33.79 240.984
33.8 240.984
33.81 240.443
33.82 237.097
33.83 234.965
33.84 255.405
33.85 225.768
33.86 238.73
33.87 238.73
33.88 245
33.89 249.153
33.9 238.378
33.91 238.809
33.92 239.444
33.93 239.981
33.94 240.163
33.95 240.579
33.96 256.893
33.97 251.608
33.98 251.608
33.99 251.608
34 251.608
34.01 0
34.02 96.9941
34.03 96.8167
34.04 120.68
34.05 120.712
34.06 120.441
34.07 120.492
34.08 120.492
34.09 120.492
34.1 120.492
34.11 120.163
34.12 120.127
34.13 120.127
34.14 120.127
34.15 120.127
34.16 0
34.17 47.6585
34.18 0
34.19 117.287
34.2 0
34.21 0
34.22 501.136
34.23 476.757
34.24 476.757
34.25 497.368
34.26 512.791
34.27 512.791
34.28 512.791
34.29 0
34.3 0
34.31 0
34.32 39.1652
34.33 0
34.34 0
34.35 0
34.36 0
34.37 0
34.38 0
34.39 504
34.4 0
34.41 0
34.42 47.1154
34.43 47.1154
34.44 47.1154
34.45 0
34.46 0
34.47 0
34.48 0
34.49 0
34.5 0
34.51 560.593
34.52 0
34.53 0
34.54 560.593
34.55 0
34.56 0
34.57 0
34.58 0
34.59 407.752
34.6 0
34.61 599.547
34.62 0
34.63 237.736
34.64 237.736
34.65 237.736
34.66 0
34.67 0
34.68 0
34.69 75
34.7 0
34.71 155.282
34.72 154.196
34.73 153.98
34.74 154.316
34.75 154.196
34.76 154.196
34.77 154.196
34.78 154.196
34.79 139.557
34.8 127.457
34.81 132.831
34.82 113.271
34.83 113.271
34.84 108.088
34.85 107.299
34.86 108.088
34.87 109.811
34.88 110.804
34.89 112.5
34.9 113.66
34.91 114.38
34.92 115.033
34.93 116.319
34.94 117.537
34.95 118.163
34.96 121.646
34.97 119.837
34.98 119.837
34.99 119.837
35 119.837
35.01 0
35.02 259.412
35.03 0
35.04 0
35.05 552.978
35.06 541.279
35.07 542.617
35.08 572.232
35.09 585.769
35.1 598.256
35.11 594.71
35.12 589.31
35.13 589.31
35.14 589.31
35.15 589.31
35.16 589.31
35.17 0
35.18 136.111
35.19 136.205
35.2 136.111
35.21 136.111
35.22 136.111
35.23 135.442
35.24 135.832
35.25 135.982
35.26 135.999
35.27 135.999
35.28 135.999
35.29 135.999
35.3 135.999
35.31 0
35.32 0
35.33 136.111
35.34 0
35.35 180.21
35.36 180.21
35.37 180.21
35.38 0
35.39 136.336
35.4 136.336
35.41 136.167
35.42 136.216
35.43 136.26
35.44 136.504
35.45 136.504
35.46 136.504
35.47 136.504
35.48 136.504
35.49 0
35.5 89.9034
35.51 89.8167
35.52 89.7878
35.53 89.7558
35.54 89.7436
35.55 89.7732
35.56 89.8167
35.57 89.7109
35.58 89.6862
35.59 89.601
35.6 89.5648
35.61 89.4886
35.62 89.4523
35.63 89.3919
35.64 89.2991
35.65 89.4663
35.66 89.5129
35.67 89.6081
35.68 89.7123
35.69 89.9214
35.7 89.8952
35.71 90.0216
35.72 90.049
35.73 90.0216
35.74 90.0817
35.75 90.0817
35.76 90.1355
35.77 90.1472
35.78 90.0525
35.79 89.9333
35.8 89.9166
35.81 89.9362
35.82 89.9043
35.83 89.8952
35.84 89.8981
35.85 90.0566
35.86 90.1472
35.87 90.3689
35.88 90.3974
35.89 90.443
35.9 90.5338
35.91 90.3689
35.92 90.41
35.93 90.3689
35.94 90.0919
35.95 89.6341
35.96 89.7071
35.97 89.7336
35.98 89.5018
35.99 89.5679
36 89.5977
36.01 90.2242
36.02 89.9083
36.03 90.0334
36.04 89.9449
36.05 89.9807
36.06 90.0367
36.07 90.0735
36.08 90.0387
36.09 89.9352
36.1 89.8921
36.11 89.8396
36.12 89.8705
36.13 89.8705
36.14 89.8871
36.15 89.8589
36.16 89.8777
36.17 89.9333
36.18 89.8999
36.19 89.8777
36.2 89.8777
36.21 89.6949
36.22 89.4523
36.23 89.4523
36.24 90.184
36.25 90.2948
36.26 90.2948
36.27 90.2948
36.28 90.2948
36.29 90.2948
36.3 0
36.31 270.241
36.32 270.138
36.33 269.828
36.34 269.56
36.35 269.489
36.36 269.587
36.37 269.052
36.38 268.517
36.39 267.897
36.4 266.868
36.41 264.072
36.42 256.395
36.43 252.481
36.44 239.674
36.45 239.674
36.46 239.674
36.47 239.674
36.48 239.674
36.49 0
36.5 0
36.51 0
36.52 0
36.53 275.625
36.54 268.902
36.55 272.703
36.56 272.703
36.57 269.725
36.58 268.539
36.59 269.661
36.6 270
36.61 269.931
36.62 268.539
36.63 268.279
36.64 265.326
36.65 263.069
36.66 262.891
36.67 262.75
36.68 262.38
36.69 262.708
36.7 263.216
36.71 263.512
36.72 263.145
36.73 263.8
36.74 264.117
36.75 264.177
36.76 264.248
36.77 264.937
36.78 265.385
36.79 265.851
36.8 265.449
36.81 266.58
36.82 267.042
36.83 269.248
36.84 270.055
36.85 271.237
36.86 270.968
36.87 271.329
36.88 272.817
36.89 272.596
36.9 271.449
36.91 271.027
36.92 269.408
36.93 269.121
36.94 264.953
36.95 259.412
36.96 252.722
36.97 250.095
36.98 249.354
36.99 250.095
37 250.095
37.01 250.095
37.02 250.095
37.03 248.311
37.04 248.311
37.05 228.103
37.06 199.247
37.07 200.091
37.08 200.091
37.09 201.501
37.1 202.5
37.11 202.665
37.12 202.971
37.13 203.154
37.14 203.36
37.15 204.021
37.16 205.562
37.17 205.397
37.18 205.397
37.19 204.759
37.2 205.475
37.21 206.075
37.22 206.921
37.23 208.019
37.24 208.565
37.25 209.057
37.26 209.778
37.27 210.376
37.28 210.861
37.29 210.861
37.3 211.583
37.31 212.975
37.32 213.939
37.33 215.272
37.34 217.063
37.35 217.028
37.36 217.089
37.37 217.534
37.38 217.729
37.39 218.317
37.4 218.471
37.41 218.471
37.42 218.471
37.43 219.04
37.44 219.403
37.45 219.767
37.46 220.206
37.47 220.087
37.48 219.596
37.49 219.143
37.5 218.663
37.51 218.085
37.52 217.945
37.53 217.819
37.54 217.474
37.55 217.047
37.56 216.682
37.57 216.176
37.58 215.707
37.59 216.48
37.6 217.159
37.61 217.599
37.62 218.063
37.63 218.75
37.64 219.185
37.65 220.037
37.66 220.616
37.67 220.965
37.68 221.386
37.69 221.555
37.7 221.386
37.71 221.305
37.72 221.132
37.73 221.077
37.74 220.853
37.75 220.755
37.76 220.5
37.77 220.5
37.78 220.596
37.79 220.801
37.8 221.082
37.81 221.315
37.82 221.719
37.83 222.054
37.84 222.39
37.85 222.964
37.86 223.083
37.87 222.727
37.88 222.503
37.89 221.767
37.9 220.853
37.91 220.5
37.92 220.264
37.93 220.308
37.94 220
37.95 219.976
37.96 219.95
37.97 219.982
37.98 220.029
37.99 220.316
38 220.5
38.01 220.5
38.02 220.5
38.03 221.132
38.04 220.5
38.05 220.815
38.06 220.721
38.07 220.942
38.08 226.154
38.09 238.378
38.1 242.308
38.11 240.047
38.12 239.981
38.13 239.414
38.14 238.547
38.15 236.715
38.16 236.519
38.17 236.486
38.18 237.097
38.19 237.352
38.2 236.695
38.21 237.522
38.22 238.478
38.23 238.747
38.24 240.254
38.25 240.984
38.26 241.36
38.27 241.776
38.28 244.276
38.29 244.276
38.3 242.604
38.31 244.791
38.32 245.404
38.33 244.806
38.34 242.308
38.35 242.308
38.36 244.397
38.37 246.263
38.38 241.776
38.39 241.491
38.4 241.491
38.41 240.047
38.42 240.163
38.43 240.545
38.44 238.809
38.45 237.736
38.46 237.736
38.47 237.736
38.48 227.32
38.49 227.32
38.5 243.199
38.51 243.199
38.52 243.199
38.53 208.019
38.54 183.75
38.55 223.858
38.56 196.875
38.57 196.875
38.58 234.574
38.59 234.574
38.6 234.574
38.61 234.574
38.62 234.574
38.63 0
38.64 0
38.65 190.086
38.66 0
38.67 0
38.68 0
38.69 0
38.7 122.5
38.71 0
38.72 0
38.73 572.727
38.74 0
38.75 0
38.76 0
38.77 0
38.78 0
38.79 0
38.8 0
38.81 0
38.82 0
38.83 348.617
38.84 0
38.85 497.368
38.86 0
38.87 0
38.88 0
38.89 604.11
38.9 0
38.91 0
38.92 495.506
38.93 0
38.94 0
38.95 689.062
38.96 658.209
38.97 658.209
38.98 658.209
38.99 606.881
39 630
39.01 630
39.02 630
39.03 630
39.04 0
39.05 161.983
39.06 0
39.07 277.358
39.08 234.574
39.09 236.25
39.1 266.465
39.11 266.465
39.12 266.465
39.13 266.465
39.14 0
39.15 217.241
39.16 219.403
39.17 219.403
39.18 225
39.19 227.842
39.2 229.47
39.21 229.289
39.22 231.063
39.23 232.718
39.24 235.016
39.25 235.829
39.26 238.279
39.27 240.764
39.28 246.745
39.29 246.745
39.3 249.695
39.31 249.695
39.32 249.695
39.33 249.695
39.34 249.695
39.35 0
39.36 87.4133
39.37 87.4769
39.38 87.4769
39.39 87.4199
39.4 87.3267
39.41 87.2922
39.42 87.4075
39.43 87.6159
39.44 87.9581
39.45 88.0826
39.46 88.1629
39.47 88.3861
39.48 88.6789
39.49 88.8039
39.5 88.9711
39.51 88.9711
39.52 89.1651
39.53 89.1762
39.54 89.0729
39.55 89.1134
39.56 89.1879
39.57 89.0092
39.58 88.7522
39.59 89.001
39.6 89.001
39.61 89.001
39.62 89.001
39.63 89.001
39.64 0
39.65 270.737
39.66 270.789
39.67 269.254
39.68 268.59
39.69 268.386
39.7 267.042
39.71 266.392
39.72 266.229
39.73 266.138
39.74 266.235
39.75 267.408
39.76 267.093
39.77 267.693
39.78 269.165
39.79 268.248
39.8 268.618
39.81 269.067
39.82 270.65
39.83 270.656
39.84 270.953
39.85 271.365
39.86 271.051
39.87 270.512
39.88 269.359
39.89 269.085
39.9 269.192
39.91 268.902
39.92 268.902
39.93 269.346
39.94 271.242
39.95 270.552
39.96 270.303
39.97 270.255
39.98 266.465
39.99 265.417
40 265.663
40.01 268.176
40.02 267.543
40.03 266.677
40.04 266.58
40.05 266.626
40.06 266.58
40.07 266.58
40.08 266.555
40.09 266.418
40.1 265.396
40.11 265.206
40.12 265.663
40.13 260.561
40.14 253.448
40.15 253.448
40.16 259.412
40.17 258.803
40.18 262.5
40.19 264.072
40.2 263.756
40.21 266.465
40.22 266.465
40.23 268.085
40.24 267.42
40.25 267.522
40.26 266.926
40.27 266.926
40.28 266.04
40.29 273.347
40.3 273.347
40.31 265.823
40.32 266.508
40.33 266.121
40.34 266.28
40.35 265.407
40.36 266.626
40.37 266.626
40.38 266.979
40.39 266.979
40.4 269.421
40.41 268.902
40.42 269.661
40.43 271.051
40.44 270.922
40.45 271.301
40.46 271.63
40.47 272.42
40.48 272.045
40.49 271.827
40.5 272.432
40.51 268.902
40.52 270.936
40.53 270.68
40.54 267.273
40.55 267.504
40.56 267.937
40.57 268.279
40.58 268.558
40.59 270.789
40.6 270.789
40.61 269.231
40.62 269.482
40.63 269.579
40.64 269.67
40.65 269.5
40.66 270.138
40.67 266.734
40.68 271.849
40.69 272.643
40.7 270.885
40.71 268.902
40.72 268.902
40.73 273.771
40.74 273.391
40.75 273.347
40.76 273.46
40.77 273.347
40.78 273.379
40.79 273.379
40.8 273.317
40.81 273.283
40.82 273.266
40.83 273.292
40.84 273.105
40.85 273.006
40.86 272.962
40.87 272.827
40.88 272.488
40.89 272.409
40.9 271.743
40.91 271.358
40.92 271.107
40.93 270.789
40.94 270.614
40.95 270.491
40.96 270.285
40.97 270.595
40.98 270.593
40.99 270.593
41 270.936
41.01 270.823
41.02 270.779
41.03 270.359
41.04 270.025
41.05 270.069
41.06 269.725
41.07 269.654
41.08 269.45
41.09 269.267
41.1 269.346
41.11 269.278
41.12 269.301
41.13 269.008
41.14 268.451
41.15 268.221
41.16 268.159
41.17 267.922
41.18 267.435
41.19 267.559
41.2 268.176
41.21 268.539
41.22 271.385
41.23 275.625
41.24 272.222
41.25 278.526
41.26 274.938
41.27 274.938
41.28 278.526
41.29 274.938
41.3 274.938
41.31 274.938
41.32 279.114
41.33 279.114
41.34 279.114
41.35 279.114
41.36 279.114
41.37 279.114
41.38 0
41.39 89.5018
41.4 0
41.41 0
41.42 258.476
41.43 261.333
41.44 261.333
41.45 0
41.46 90
41.47 90.0649
41.48 90.0525
41.49 90.1022
41.5 90.0649
41.51 90.1314
41.52 90.1577
41.53 90.255
41.54 90.2632
41.55 90.2632
41.56 90.3226
41.57 90.3689
41.58 90.3689
41.59 90.1963
41.6 90.1082
41.61 90.0204
41.62 89.9825
41.63 89.9235
41.64 89.7928
41.65 89.7502
41.66 89.7134
41.67 89.6817
41.68 89.6746
41.69 89.6544
41.7 89.5485
41.71 89.5431
41.72 89.5384
41.73 89.5302
41.74 89.5958
41.75 89.5886
41.76 89.6341
41.77 89.6099
41.78 89.7071
41.79 89.9136
41.8 90.0735
41.81 90.2266
41.82 90.184
41.83 90.0566
41.84 89.9214
41.85 89.9214
41.86 89.8777
41.87 89.6746
41.88 89.5886
41.89 89.1269
41.9 89.0909
41.91 89.0909
41.92 89.0909
41.93 89.0909
41.94 89.0909
41.95 0
41.96 268.103
41.97 267.839
41.98 267.231
41.99 266.197
42 266.5
42.01 264.388
42.02 263.809
42.03 263.809
42.04 263.809
42.05 263.809
42.06 263.809
42.07 263.809
42.08 263.809
42.09 264.865
42.1 268.902
42.11 270.885
42.12 270.789
42.13 272.919
42.14 272.671
42.15 272.611
42.16 272.062
42.17 270.789
42.18 269.87
42.19 269.519
42.2 268.493
42.21 268.902
42.22 269.267
42.23 269.108
42.24 270.552
42.25 270
42.26 269.267
42.27 269.313
42.28 269.313
42.29 269.313
42.3 269.313
42.31 269.313
42.32 269.313
42.33 269.267
42.34 268.902
42.35 266.734
42.36 262.5
42.37 262.761
42.38 263.165
42.39 263.165
42.4 263.788
42.41 263.7
42.42 263.846
42.43 264.839
42.44 265.143
42.45 265.011
42.46 265.011
42.47 264.524
42.48 263.95
42.49 263.635
42.5 263.962
42.51 264.072
42.52 264.11
42.53 264.312
42.54 264.532
42.55 264.751
42.56 264.564
42.57 265.152
42.58 264.83
42.59 264.515
42.6 264.216
42.61 263.237
42.62 262.5
42.63 258.955
42.64 257.967
42.65 255.97
42.66 253.069
42.67 250.816
42.68 249.205
42.69 245.404
42.7 237.813
42.71 234.908
42.72 232.443
42.73 232.682
42.74 240.254
42.75 250.568
42.76 252.206
42.77 253.448
42.78 253.448
42.79 254.032
42.8 254.245
42.81 254.179
42.82 253.897
42.83 255.047
42.84 254.545
42.85 254.619
42.86 253.224
42.87 253.184
42.88 252.16
42.89 250.568
42.9 247.29
42.91 245
42.92 238.577
42.93 240.109
42.94 241.13
42.95 241.958
42.96 243.567
42.97 243.422
42.98 243.576
42.99 244.122
43 243.567
43.01 242.752
43.02 241.609
43.03 239.488
43.04 239.302
43.05 239.327
43.06 239.414
43.07 239.587
43.08 239.674
43.09 240.109
43.1 240.288
43.11 240.573
43.12 240.773
43.13 240.387
43.14 240.131
43.15 239.891
43.16 239.488
43.17 238.809
43.18 238.952
43.19 238.563
43.2 243.646
43.21 245.911
43.22 245.911
43.23 245.911
43.24 247.475
43.25 247.475
43.26 247.475
43.27 248.101
43.28 249.858
43.29 259.412
43.3 262.5
43.31 258.398
43.32 237.864
43.33 231.409
43.34 228.497
43.35 223.858
43.36 202.294
43.37 202.914
43.38 203.789
43.39 204.482
43.4 205.253
43.41 205.861
43.42 206.601
43.43 207.117
43.44 207.627
43.45 208.128
43.46 208.953
43.47 209.648
43.48 210.59
43.49 211.765
43.5 212.53
43.51 213.43
43.52 214.425
43.53 215.288
43.54 215.941
43.55 216.309
43.56 217.073
43.57 217.885
43.58 217.885
43.59 218.444
43.6 218.452
43.61 218.461
43.62 218.008
43.63 217.688
43.64 217.729
43.65 217.729
43.66 217.683
43.67 217.936
43.68 218.557
43.69 219.082
43.7 219.403
43.71 219.559
43.72 219.824
43.73 220.3
43.74 220.3
43.75 220.06
43.76 220.037
43.77 220.112
43.78 220.133
43.79 220.133
43.8 220.112
43.81 220.011
43.82 220.112
43.83 220.353
43.84 220.353
43.85 220.415
43.86 220.316
43.87 220.868
43.88 220.942
43.89 221.747
43.9 222.026
43.91 222.026
43.92 221.767
43.93 221.529
43.94 221.412
43.95 220.776
43.96 220.776
43.97 219.403
43.98 219.403
43.99 217.331
44 216.442
44.01 216.095
44.02 216.095
44.03 216.095
44.04 0
44.05 108.487
44.06 108.688
44.07 108.943
44.08 109.274
44.09 109.701
44.1 110.2
44.11 110.526
44.12 110.557
44.13 110.526
44.14 110.35
44.15 110.189
44.16 110.128
44.17 109.945
44.18 109.845
44.19 109.647
44.2 109.546
44.21 109.325
44.22 109.081
44.23 109.158
44.24 109.004
44.25 108.951
44.26 109.034
44.27 109.249
44.28 109.384
44.29 109.52
44.3 109.652
44.31 109.701
44.32 109.701
44.33 109.641
44.34 109.701
44.35 109.92
44.36 110.03
44.37 110.006
44.38 110.14
44.39 110.25
44.4 110.324
44.41 110.38
44.42 110.483
44.43 110.599
44.44 110.804
44.45 110.915
44.46 111.127
44.47 111.304
44.48 111.476
44.49 111.476
44.5 111.551
44.51 111.664
44.52 111.537
44.53 111.466
44.54 111.239
44.55 110.804
44.56 110.526
44.57 110.067
44.58 107.912
44.59 105.402
44.6 105.864
44.61 109.294
44.62 107.771
44.63 108.088
44.64 107.561
44.65 108.889
44.66 110.943
44.67 111.022
44.68 111.756
44.69 112.412
44.7 112.628
44.71 112.829
44.72 114.227
44.73 114.645
44.74 115.992
44.75 117.37
44.76 118.243
44.77 118.868
44.78 118.68
44.79 118.606
44.8 118.986
44.81 119.427
44.82 119.451
44.83 119.504
44.84 119.425
44.85 119.489
44.86 119.225
44.87 119.646
44.88 119.341
44.89 119.593
44.9 119.171
44.91 119.041
44.92 118.745
44.93 118.581
44.94 118.385
44.95 118.3
44.96 118.357
44.97 118.516
44.98 119.157
44.99 119.837
45 124.811
45.01 124.342
45.02 124.109
45.03 124.385
45.04 123.777
45.05 123.777
45.06 123.777
45.07 123.777
45.08 123.777
45.09 123.769
45.1 123.737
45.11 123.529
45.12 121.823
45.13 121.823
45.14 118.389
45.15 118.69
45.16 118.839
45.17 119.232
45.18 119.431
45.19 119.666
45.2 119.715
45.21 119.634
45.22 119.875
45.23 119.875
45.24 120.041
45.25 120.023
45.26 120.023
45.27 119.837
45.28 119.837
45.29 120.015
45.3 120.239
45.31 120.492
45.32 120.624
45.33 120.68
45.34 120.723
45.35 120.69
45.36 120.68
45.37 120.77
45.38 120.822
45.39 120.764
45.4 120.781
45.41 120.822
45.42 121.154
45.43 121.579
45.44 122.031
45.45 121.919
45.46 121.919
45.47 122.064
45.48 121.927
45.49 122.031
45.5 121.592
45.51 121.341
45.52 121.184
45.53 120.822
45.54 120.437
45.55 120.304
45.56 120.349
45.57 120.062
45.58 119.837
45.59 119.681
45.6 119.778
45.61 119.27
45.62 119.338
45.63 119.365
45.64 119.189
45.65 118.975
45.66 118.975
45.67 116.79
45.68 116.79
45.69 116.79
45.7 116.79
45.71 0
45.72 183.205
45.73 181.285
45.74 181.432
45.75 181.531
45.76 180.327
45.77 179.56
45.78 178.125
45.79 174.907
45.8 173.713
45.81 172.896
45.82 172.266
45.83 172.355
45.84 171.997
45.85 172.176
45.86 172.49
45.87 177.536
45.88 181.332
45.89 182.231
45.9 182.903
45.91 183.333
45.92 183.632
45.93 184.057
45.94 184.006
45.95 183.889
45.96 183.878
45.97 183.114
45.98 182.735
45.99 181.731
46 181.08
46.01 181.08
46.02 180.738
46.03 180.442
46.04 179.933
46.05 180
46.06 180.469
46.07 180.872
46.08 181.332
46.09 182.064
46.1 182.064
46.11 182.064
46.12 182.095
46.13 182.368
46.14 182.231
46.15 182.231
46.16 182.357
46.17 182.382
46.18 182.42
46.19 182.567
46.2 182.798
46.21 183.241
46.22 183.163
46.23 183.163
46.24 182.933
46.25 182.933
46.26 183.188
46.27 182.988
46.28 182.798
46.29 182.609
46.3 182.231
46.31 182.231
46.32 182.231
46.33 182.382
46.34 182.609
46.35 182.483
46.36 182.609
46.37 182.231
46.38 181.233
46.39 181.295
46.4 181.388
46.41 181.388
46.42 181.731
46.43 181.856
46.44 181.949
46.45 181.949
46.46 181.856
46.47 181.79
46.48 182.031
46.49 182.137
46.5 182.231
46.51 182.326
46.52 182.447
46.53 182.771
46.54 182.988
46.55 183.163
46.56 183.333
46.57 183.241
46.58 183.472
46.59 183.484
46.6 182.988
46.61 182.696
46.62 182.567
46.63 182.131
46.64 182.511
46.65 182.473
46.66 182.861
46.67 183.057
46.68 183.057
46.69 183.348
46.7 183.343
46.71 183.75
46.72 183.75
46.73 184.906
46.74 183.241
46.75 183.241
46.76 181.143
46.77 180.886
46.78 180.816
46.79 180.738
46.8 180.837
46.81 181.162
46.82 181.481
46.83 181.481
46.84 182.231
46.85 182.231
46.86 182.567
46.87 180.442
46.88 178.543
46.89 178.543
46.9 177.823
46.91 180
46.92 180
46.93 180.738
46.94 180.738
46.95 180.738
46.96 180.738
46.97 180.738
46.98 0
46.99 544.444
47 544.444
47.01 544.444
47.02 544.444
47.03 544.444
47.04 0
47.05 0
47.06 0
47.07 0
47.08 0
47.09 210.669
47.1 0
47.11 112
47.12 0
47.13 0
47.14 0
47.15 110.25
47.16 0
47.17 0
47.18 103.521
47.19 0
47.2 580.263
47.21 580.263
47.22 580.263
47.23 580.263
47.24 580.263
47.25 580.263
47.26 516.797
47.27 580.263
47.28 580.263
47.29 580.263
47.3 580.263
47.31 580.263
47.32 580.263
47.33 0
47.34 155.83
47.35 0
47.36 0
47.37 0
47.38 0
47.39 0
47.4 0
47.41 0
47.42 172.266
47.43 170.93
47.44 170.49
47.45 170.402
47.46 170.49
47.47 172.266
47.48 172.266
47.49 172.266
47.5 172.266
47.51 172.266
47.52 0
47.53 531.325
47.54 560.593
47.55 566.838
47.56 559.239
47.57 559.239
47.58 559.239
47.59 559.239
47.6 0
47.61 196.875
47.62 201.064
47.63 201.064
47.64 0
47.65 201.064
47.66 216.176
47.67 265.663
47.68 265.663
47.69 265.663
47.7 0
47.71 219.403
47.72 219.403
47.73 219.403
47.74 219.403
47.75 219.403
47.76 219.403
47.77 220.5
47.78 236.288
47.79 237.352
47.8 238.378
47.81 240.757
47.82 241.211
47.83 242.86
47.84 244.87
47.85 248.871
47.86 250.568
47.87 251.072
47.88 251.521
47.89 251.408
47.9 252.412
47.91 256.045
47.92 256.594
47.93 254.913
47.94 254.75
47.95 254.913
47.96 255.405
47.97 252.254
47.98 253.125
47.99 254.372
48 255.208
48.01 269.56
48.02 269.56
48.03 269.56
48.04 269.56
48.05 262.5
48.06 262.5
48.07 262.5
48.08 0
48.09 0
48.1 559.014
48.11 0
48.12 88.5542
48.13 0
48.14 175.697
48.15 176.087
48.16 176.087
48.17 0
48.18 258.11
48.19 258.398
48.2 259.412
48.21 258.841
48.22 259.603
48.23 260.754
48.24 262.848
48.25 262.848
48.26 262.848
48.27 262.848
48.28 262.848
48.29 0
48.3 90.0735
48.31 90.1103
48.32 90.1338
48.33 90.0306
48.34 89.8333
48.35 89.7464
48.36 89.7004
48.37 89.7004
48.38 89.5735
48.39 89.5679
48.4 89.5679
48.41 89.5679
48.42 89.5679
48.43 89.5679
48.44 89.8026
48.45 90.2632
48.46 90.1533
48.47 90.1533
48.48 90.184
48.49 90.6874
48.5 90.7068
48.51 89.9592
48.52 89.9592
48.53 89.9592
48.54 89.9592
48.55 89.9592
48.56 0
48.57 89.2411
48.58 89.1681
48.59 89.1681
48.6 89.1602
48.61 89.199
48.62 89.1681
48.63 89.1681
48.64 89.1681
48.65 89.1681
48.66 89.1681
48.67 0
48.68 267.196
48.69 0
48.7 134.627
48.71 0
48.72 0
48.73 134.825
48.74 0
48.75 89.6584
48.76 89.6114
48.77 89.7314
48.78 89.8396
48.79 89.9352
48.8 89.9352
48.81 90.3689
48.82 90.3689
48.83 90.5401
48.84 90.5544
48.85 90.483
48.86 90.4615
48.87 90.2835
48.88 90.2266
48.89 90.1472
48.9 89.9476
48.91 89.869
48.92 89.8308
48.93 89.8167
48.94 89.8777
48.95 89.7004
48.96 89.7004
48.97 89.7004
48.98 89.7004
48.99 89.7004
49 0
49.01 267.846
49.02 267.42
49.03 267.489
49.04 267.852
49.05 268.357
49.06 268.902
49.07 267.475
49.08 267.44
49.09 268.753
49.1 268.698
49.11 268.435
49.12 268.148
49.13 267.715
49.14 266.868
49.15 265.663
49.16 266.304
49.17 265.663
49.18 268.902
49.19 265.663
49.2 265.206
49.21 265.082
49.22 265.171
49.23 265.206
49.24 264.777
49.25 265.326
49.26 265.024
49.27 265.663
49.28 266.063
49.29 266.304
49.3 266.868
49.31 267.165
49.32 267.647
49.33 268.435
49.34 268.668
49.35 270.116
49.36 270.116
49.37 269.89
49.38 269.768
49.39 269.595
49.4 269.421
49.41 269.231
49.42 268.76
49.43 268.753
49.44 267.647
49.45 267.543
49.46 267.814
49.47 267.814
49.48 268.902
49.49 269.8
49.5 269.5
49.51 270.401
49.52 270.401
49.53 271.237
49.54 271.803
49.55 271.998
49.56 271.434
49.57 271.107
49.58 269.5
49.59 269.45
49.6 268.629
49.61 268.629
49.62 268.202
49.63 267.897
49.64 267.814
49.65 267.273
49.66 267.148
49.67 267.042
49.68 267.07
49.69 267.165
49.7 267.07
49.71 267.597
49.72 267.559
49.73 268.133
49.74 268.902
49.75 269.372
49.76 269.56
49.77 269.56
49.78 269.685
49.79 269.788
49.8 269.56
49.81 269.34
49.82 268.902
49.83 268.391
49.84 268.031
49.85 267.475
49.86 267.463
49.87 267.141
49.88 267.226
49.89 266.832
49.9 266.899
49.91 266.888
49.92 266.899
49.93 267.312
49.94 267.397
49.95 267.404
49.96 267.404
49.97 267.73
49.98 268.148
49.99 268.739
50 269.208
50.01 269.223
50.02 269.126
50.03 269.34
50.04 269.617
50.05 269.761
50.06 269.904
50.07 269.862
50.08 269.656
50.09 269.725
50.1 269.742
50.11 269.672
50.12 269.587
50.13 269.532
50.14 269.532
50.15 269.725
50.16 269.931
50.17 270.094
50.18 270.094
50.19 270.073
50.2 270.495
50.21 270.345
50.22 270.448
50.23 270.301
50.24 270.031
50.25 269.725
50.26 269.267
50.27 269.725
50.28 270.221
50.29 270.221
50.3 270.17
50.31 270.17
50.32 269.843
50.33 269.607
50.34 269.121
50.35 269.121
50.36 270.442
50.37 271.265
50.38 271.107
50.39 271.107
50.4 271.107
50.41 275.625
50.42 276.393
50.43 278.233
50.44 276.316
50.45 275.625
50.46 275.625
50.47 274.889
50.48 274.361
50.49 274.083
50.5 274.083
50.51 274.182
50.52 274.292
50.53 273.414
50.54 273.186
50.55 271.176
50.56 270
50.57 270
50.58 270
50.59 270
50.6 270
50.61 0
50.62 90.8155
50.63 0
50.64 135.72
50.65 135.832
50.66 136.674
50.67 136.826
50.68 136.957
50.69 137.07
50.7 136.907
50.71 136.9
50.72 137.07
50.73 137.111
50.74 137.146
50.75 136.957
50.76 136.352
50.77 135.943
50.78 135.276
50.79 135.276
50.8 135.276
50.81 126.724
50.82 126.724
50.83 126.724
50.84 0
50.85 235.409
50.86 235.409
50.87 235.409
50.88 235.409
50.89 235.409
50.9 235.409
50.91 236.461
50.92 236.461
50.93 282.692
50.94 282.692
50.95 282.692
50.96 282.692
50.97 0
50.98 503.425
50.99 498.305
51 498.305
51.01 0
51.02 238.164
51.03 238.164
51.04 238.164
51.05 238.027
51.06 238.235
51.07 238.378
51.08 238.563
51.09 240.984
51.1 235.829
51.11 235.829
51.12 258.398
51.13 258.398
51.14 240.625
51.15 242.308
51.16 248.311
51.17 249.153
51.18 248.451
51.19 252
51.2 257.895
51.21 259.412
51.22 259.412
51.23 259.412
51.24 259.412
51.25 259.412
51.26 0
51.27 137.051
51.28 137.051
51.29 137.051
51.3 0
51.31 90.5172
51.32 0
51.33 0
51.34 180.245
51.35 186.548
51.36 186.548
51.37 0
51.38 266.465
51.39 262.054
51.4 262.054
51.41 0
51.42 138.679
51.43 139.263
51.44 137.899
51.45 138.172
51.46 138.278
51.47 138.306
51.48 138.245
51.49 138.245
51.5 138.245
51.51 138.245
51.52 138.245
51.53 0
51.54 90.5872
51.55 90.023
51.56 89.6602
51.57 89.7253
51.58 89.6127
51.59 89.6985
51.6 89.9476
51.61 90.255
51.62 90.6164
51.63 91.0906
51.64 91.3516
51.65 91.3516
51.66 91.83
51.67 91.9297
51.68 91.9772
51.69 92.054
51.7 92.0908
51.71 92.0908
51.72 92.1309
51.73 91.9708
51.74 91.9708
51.75 91.9708
51.76 91.9708
51.77 91.9708
51.78 0
51.79 135.092
51.8 135.145
51.81 135.864
51.82 135.864
51.83 135.797
51.84 135.484
51.85 135.193
51.86 134.908
51.87 137.078
51.88 137.098
51.89 137.383
51.9 137.383
51.91 134.269
51.92 135.345
51.93 134.88
51.94 134.377
51.95 136.018
51.96 134.945
51.97 134.548
51.98 134.101
51.99 133.099
52 132.725
52.01 132.219
52.02 131.821
52.03 131.25
52.04 138.854
52.05 145.066
52.06 144.643
52.07 144.335
52.08 144
52.09 143.182
52.1 142.47
52.11 141.744
52.12 141.061
52.13 140.555
52.14 140.331
52.15 139.557
52.16 138.989
52.17 138.589
52.18 137.647
52.19 137.162
52.2 137.162
52.21 136.879
52.22 137.726
52.23 137.604
52.24 137.683
52.25 137.768
52.26 137.762
52.27 137.76
52.28 137.552
52.29 137.304
52.3 136.879
52.31 136.563
52.32 136.431
52.33 136.279
52.34 136.19
52.35 136.346
52.36 136.111
52.37 136.031
52.38 136.228
52.39 135.985
52.4 136.279
52.41 136.213
52.42 135.909
52.43 136.083
52.44 136.111
52.45 136.201
52.46 136.423
52.47 136.151
52.48 136.153
52.49 136.027
52.5 136.111
52.51 136.151
52.52 136.111
52.53 136.151
52.54 136.321
52.55 136.302
52.56 136.555
52.57 136.644
52.58 136.688
52.59 136.707
52.6 136.907
52.61 136.957
52.62 137.098
52.63 136.991
52.64 137.588
52.65 137.588
52.66 137.734
52.67 137.621
52.68 137.598
52.69 137.127
52.7 136.925
52.71 136.651
52.72 136.624
52.73 136.412
52.74 136.331
52.75 136.023
52.76 135.633
52.77 135.352
52.78 135.352
52.79 135.352
52.8 135.352
52.81 0
52.82 85.5757
52.83 85.1351
52.84 85.0882
52.85 85.4651
52.86 85.7977
52.87 86.0908
52.88 86.0908
52.89 86.0908
52.9 86.2291
52.91 86.811
52.92 86.8966
52.93 86.811
52.94 86.811
52.95 86.811
52.96 86.811
52.97 86.811
52.98 0
52.99 611.438
53 611.438
53.01 611.438
53.02 611.438
53.03 611.368
53.04 610.957
53.05 618.224
53.06 618.224
53.07 618.224
53.08 618.224
53.09 618.224
53.1 0
53.11 586.696
53.12 558.228
53.13 558.228
53.14 0
53.15 0
53.16 182.231
53.17 172.266
53.18 172.266
53.19 0
53.2 191.739
53.21 191.739
53.22 191.739
53.23 202.294
53.24 202.294
53.25 0
53.26 49.5506
53.27 49.5506
53.28 49.5506
53.29 49.5506
53.3 49.5506
53.31 49.5506
53.32 49.5506
53.33 49.5506
53.34 49.5506
53.35 49.5506
53.36 43.1507
53.37 43.1507
53.38 43.1507
53.39 0
53.4 367.5
53.41 329.104
53.42 329.104
53.43 307.674
53.44 286.364
53.45 286.364
53.46 281.489
53.47 281.489
53.48 250.568
53.49 244.321
53.5 245
53.51 245.682
53.52 246.052
53.53 246.052
53.54 246.052
53.55 250.568
53.56 248.684
53.57 244.457
53.58 239.674
53.59 236.673
53.6 236.25
53.61 240.68
53.62 244.186
53.63 248.918
53.64 250.349
53.65 251.384
53.66 252.674
53.67 253.62
53.68 256.082
53.69 259.848
53.7 263.866
53.71 271.903
53.72 271.903
53.73 271.903
53.74 271.903
53.75 279.507
53.76 281.582
53.77 281.582
53.78 283.187
53.79 283.862
53.8 283.862
53.81 284.149
53.82 284.779
53.83 285.745
53.84 285.745
53.85 285.745
53.86 286.098
53.87 286.829
53.88 286.829
53.89 286.829
53.9 298.357
53.91 298.357
53.92 298.357
53.93 0
53.94 149.039
53.95 148.086
53.96 148.086
53.97 0
53.98 0
53.99 292.751
54 291.051
54.01 290.72
54.02 290.72
54.03 290.868
54.04 290.769
54.05 290.769
54.06 290.897
54.07 290.897
54.08 290.897
54.09 290.705
54.1 293.023
54.11 291.526
54.12 291.474
54.13 291.351
54.14 291.002
54.15 290.514
54.16 290.514
54.17 290.132
54.18 290.305
54.19 289.931
54.2 289.95
54.21 289.587
54.22 289.587
54.23 289.8
54.24 290.291
54.25 289.139
54.26 291.318
54.27 291.318
54.28 289.56
54.29 289.56
54.3 293.177
54.31 294.655
54.32 294.655
54.33 294.655
54.34 294.655
54.35 293.31
54.36 293.267
54.37 293.267
54.38 293.267
54.39 293.267
54.4 0
54.41 146.242
54.42 146.62
54.43 146.188
54.44 145.823
54.45 145.823
54.46 144.72
54.47 144.554
54.48 144.554
54.49 144.531
54.5 144.432
54.51 144.432
54.52 144.432
54.53 0
54.54 96.1832
54.55 96.1483
54.56 96.1268
54.57 96.1268
54.58 96.1268
54.59 0
54.6 288.764
54.61 289.139
54.62 289.107
54.63 288.915
54.64 288.462
54.65 288.407
54.66 288.047
54.67 287.938
54.68 287.021
54.69 284.976
54.7 283.959
54.71 283.419
54.72 283.419
54.73 283.967
54.74 284.756
54.75 285.935
54.76 287.368
54.77 288.962
54.78 290.426
54.79 291.607
54.8 292.948
54.81 292.948
54.82 292.948
54.83 292.948
54.84 292.788
54.85 291.281
54.86 294.327
54.87 294.327
54.88 294.327
54.89 294.327
54.9 293.326
54.91 295.181
54.92 297.303
54.93 297.584
54.94 297.47
54.95 295.69
54.96 293.588
54.97 288.235
54.98 287.817
54.99 283.187
55 276.234
55.01 260.638
55.02 259.158
55.03 259.158
55.04 259.158
55.05 259.158
55.06 259.158
55.07 258.977
55.08 260.591
55.09 259.921
55.1 258.735
55.11 262.868
55.12 263.196
55.13 263.756
55.14 264.865
55.15 266.847
55.16 268.221
55.17 269.56
55.18 268.618
55.19 268.022
55.2 267.625
55.21 267.633
55.22 267.183
55.23 266.857
55.24 266.667
55.25 266.841
55.26 267.43
55.27 267.504
55.28 267.814
55.29 268.031
55.3 268.318
55.31 268.406
55.32 269.257
55.33 269.4
55.34 270.126
55.35 270.737
55.36 271.301
55.37 271.775
55.38 272.222
55.39 276.043
55.4 273.082
55.41 273.083
55.42 273.41
55.43 273.517
55.44 273.704
55.45 273.711
55.46 273.997
55.47 274.138
55.48 274.175
55.49 274.044
55.5 274.039
55.51 274.115
55.52 274.404
55.53 274.311
55.54 274.278
55.55 274.608
55.56 274.102
55.57 272.896
55.58 272.63
55.59 272.222
55.6 271.663
55.61 271.573
55.62 270.034
55.63 267.755
55.64 267.343
55.65 264.449
55.66 262.5
55.67 259.412
55.68 257.806
55.69 255.546
55.7 254.574
55.71 254.574
55.72 252
55.73 248.684
55.74 245.78
55.75 246.216
55.76 250.568
55.77 254.779
55.78 257.779
55.79 258.803
55.8 259.591
55.81 259.733
55.82 259.733
55.83 261.29
55.84 261.584
55.85 259.951
55.86 258.339
55.87 255.457
55.88 253.085
55.89 252.481
55.9 251.68
55.91 251.282
55.92 250.704
55.93 249.537
55.94 248.514
55.95 247.092
55.96 246.877
55.97 246.025
55.98 245
55.99 242.793
56 241.423
56.01 238.809
56.02 237.097
56.03 230.89
56.04 197.463
56.05 185.684
56.06 186.338
56.07 186.638
56.08 187.394
56.09 188.462
56.1 189.583
56.11 190.634
56.12 191.948
56.13 192.408
56.14 194.867
56.15 196
56.16 196.218
56.17 196.699
56.18 197.095
56.19 197.379
56.2 197.379
56.21 197.379
56.22 197.379
56.23 197.581
56.24 197.758
56.25 197.758
56.26 197.758
56.27 197.758
56.28 197.758
56.29 0
56.3 198.649
56.31 0
56.32 0
56.33 199.728
56.34 199.728
56.35 200.227
56.36 202.294
56.37 204.403
56.38 207.823
56.39 208.863
56.4 210.861
56.41 210.861
56.42 210.861
56.43 202.294
56.44 202.294
56.45 202.294
56.46 202.294
56.47 213.559
56.48 213.559
56.49 216.601
56.5 216.601
56.51 220.5
56.52 227.32
56.53 227.32
56.54 227.32
56.55 227.32
56.56 229.688
56.57 229.688
56.58 221.608
56.59 219.767
56.6 212.019
56.61 210.842
56.62 211.298
56.63 212.662
56.64 213.338
56.65 212.741
56.66 213.663
56.67 211.28
56.68 213.732
56.69 213.191
56.7 213.191
56.71 213.191
56.72 213.191
56.73 213.191
56.74 0
56.75 0
56.76 0
56.77 108.265
56.78 0
56.79 108.324
56.8 0
56.81 216.601
56.82 216.269
56.83 215.992
56.84 215.888
56.85 215.472
56.86 214.773
56.87 213.206
56.88 213.847
56.89 213.272
56.9 215.589
56.91 215.589
56.92 215.589
56.93 215.731
56.94 216.4
56.95 216.727
56.96 218.137
56.97 218.587
56.98 218.587
56.99 218.711
57 217.749
57.01 217.749
57.02 217.749
57.03 217.749
57.04 217.701
57.05 217.599
57.06 217.729
57.07 218.75
57.08 219.403
57.09 219.987
57.1 219.622
57.11 219.646
57.12 220.831
57.13 220.112
57.14 219.54
57.15 219.676
57.16 219.54
57.17 220.225
57.18 220.225
57.19 219.476
57.2 219.824
57.21 219.282
57.22 219.282
57.23 220.148
57.24 218.317
57.25 230.263
57.26 217.304
57.27 235.376
57.28 217.925
57.29 239.674
57.3 217.339
57.31 217.885
57.32 218.533
57.33 240.944
57.34 240.944
57.35 240.944
57.36 217.729
57.37 217.729
57.38 217.729
57.39 217.565
57.4 216.946
57.41 216.426
57.42 216.255
57.43 216.334
57.44 217.004
57.45 217.221
57.46 217.3
57.47 217.857
57.48 218.203
57.49 218.283
57.5 218.283
57.51 218.283
57.52 218.283
57.53 217.912
57.54 217.756
57.55 217.917
57.56 217.675
57.57 217.966
57.58 217.819
57.59 217.819
57.6 217.819
57.61 246.828
57.62 254.619
57.63 216.784
57.64 216.784
57.65 216.784
57.66 0
57.67 565.385
57.68 0
57.69 0
57.7 0
57.71 557.498
57.72 546.284
57.73 547.105
57.74 546.932
57.75 546.932
57.76 546.932
57.77 546.932
57.78 0
57.79 182.861
57.8 182.951
57.81 183.083
57.82 183.75
57.83 183.75
57.84 183.75
57.85 183.75
57.86 0
57.87 79.0323
57.88 0
57.89 479.348
57.9 0
57.91 0
57.92 515.789
57.93 459.375
57.94 531.325
57.95 630
57.96 648.529
57.97 569.032
57.98 569.032
57.99 572.727
58 572.727
58.01 572.727
58.02 572.727
58.03 572.727
58.04 0
58.05 0
58.06 0
58.07 0
58.08 459.375
58.09 0
58.1 0
58.11 222.727
58.12 0
58.13 211.005
58.14 208.511
58.15 206.627
58.16 205.203
58.17 203.664
58.18 203.177
58.19 202.559
58.2 202.559
58.21 199.744
58.22 199.465
58.23 198.291
58.24 198.162
58.25 196.565
58.26 201.831
58.27 203.226
58.28 200.455
58.29 205.499
58.3 212.019
58.31 216.412
58.32 215.792
58.33 218.182
58.34 219.559
58.35 221.297
58.36 222.326
58.37 223.329
58.38 225.658
58.39 228.462
58.4 231.42
58.41 234.98
58.42 237.026
58.43 239.096
58.44 241.019
58.45 241.776
58.46 242.438
58.47 243.482
58.48 245
58.49 246.189
58.5 248.731
58.51 249.434
58.52 250.827
58.53 255.124
58.54 258.803
58.55 259.829
58.56 259.412
58.57 259.944
58.58 260.21
58.59 259.014
58.6 260.344
58.61 260.21
58.62 260.478
58.63 259.412
58.64 259.677
58.65 261.687
58.66 262.761
58.67 263.641
58.68 265.385
58.69 266.331
58.7 267.138
58.71 267.949
58.72 267.678
58.73 268.357
58.74 270
58.75 270.691
58.76 271.107
58.77 271.203
58.78 271.461
58.79 269.95
58.8 271.157
58.81 270.703
58.82 270.414
58.83 270.276
58.84 270.276
58.85 270.691
58.86 271.524
58.87 271.524
58.88 273.13
58.89 274.278
58.9 275.292
58.91 275.292
58.92 275.292
58.93 275.292
58.94 273.509
58.95 273.509
58.96 266.304
58.97 260.024
58.98 259.921
58.99 259.921
59 259.921
59.01 259.921
59.02 259.921
59.03 259.921
59.04 259.921
59.05 259.412
59.06 259.412
59.07 275.625
59.08 240.984
59.09 240.984
59.1 240.984
59.11 240.984
59.12 0
59.13 120.756
59.14 121.071
59.15 121.243
59.16 121.279
59.17 121.302
59.18 121.254
59.19 121.224
59.2 121.228
59.21 121.279
59.22 121.209
59.23 121.644
59.24 121.823
59.25 121.784
59.26 121.823
59.27 121.935
59.28 122.061
59.29 122.064
59.3 122.104
59.31 122.068
59.32 122.007
59.33 121.794
59.34 121.722
59.35 121.535
59.36 121.622
59.37 121.354
59.38 121.44
59.39 121.655
59.4 122.104
59.41 122.5
59.42 122.935
59.43 123.184
59.44 123.48
59.45 123.799
59.46 123.954
59.47 123.876
59.48 123.813
59.49 123.761
59.5 123.703
59.51 123.645
59.52 123.529
59.53 123.357
59.54 123.184
59.55 123.059
59.56 123.059
59.57 122.935
59.58 122.784
59.59 122.686
59.6 122.636
59.61 122.636
59.62 122.748
59.63 122.773
59.64 123.079
59.65 123.093
59.66 123.081
59.67 123.086
59.68 123.047
59.69 122.967
59.7 122.765
59.71 122.651
59.72 122.462
59.73 122.112
59.74 121.711
59.75 121.396
59.76 121.117
59.77 120.88
59.78 120.727
59.79 120.612
59.8 119.66
59.81 117.705
59.82 114.798
59.83 112.588
59.84 111.301
59.85 111.301
59.86 107.53
59.87 106.408
59.88 104.944
59.89 103.359
59.9 101.717
59.91 100.593
59.92 99.8085
59.93 99.1619
59.94 98.3399
59.95 97.7394
59.96 96.2882
59.97 94.7708
59.98 94.07
59.99 94.07
60 91.3043
60.01 89.4783
60.02 89.1879
60.03 89.1681
60.04 89.2925
60.05 89.3499
60.06 89.4523
60.07 89.2991
60.08 89.019
60.09 88.9711
60.1 88.8345
60.11 88.7579
60.12 88.7395
60.13 88.5712
60.14 88.408
60.15 88.5333
60.16 88.9113
60.17 90.0408
60.18 91.2099
60.19 91.3215
60.2 91.4062
60.21 91.4062
60.22 91.4062
60.23 91.4062
60.24 91.4396
60.25 91.4938
60.26 91.348
60.27 91.3904
60.28 91.2774
60.29 91.1737
60.3 91.1737
60.31 91.1157
60.32 91.1157
60.33 91.1157
60.34 91.348
60.35 91.536
60.36 91.6024
60.37 91.875
60.38 92.3023
60.39 92.536
60.4 92.3146
60.41 91.875
60.42 91.4938
60.43 91.3043
60.44 91.0321
60.45 91.0473
60.46 91.1737
60.47 91.2666
60.48 91.3674
60.49 91.4938
60.5 91.6713
60.51 91.875
60.52 92.052
60.53 92.2243
60.54 92.3648
60.55 92.4141
60.56 92.3367
60.57 92.0284
60.58 91.7794
60.59 91.875
60.6 91.875
60.61 91.875
60.62 91.875
60.63 91.7985
60.64 91.9339
60.65 92.0752
60.66 92.0816
60.67 92.0989
60.68 91.99
60.69 91.9176
60.7 91.875
60.71 91.785
60.72 91.6205
60.73 91.5888
60.74 91.548
60.75 91.3904
60.76 91.3674
60.77 91.0217
60.78 90.9653
60.79 91.1157
60.8 91.1157
60.81 91.1157
60.82 90.9011
60.83 90.9653
60.84 90.9011
60.85 90.822
60.86 90.6921
60.87 90.486
60.88 90.2702
60.89 90.0408
60.9 90.3689
60.91 90.3689
60.92 90.1226
60.93 90.1226
60.94 90
60.95 90
60.96 90
60.97 90
60.98 89.6341
60.99 90.5172
61 90.6941
61.01 90.4998
61.02 90.2866
61.03 90.2132
61.04 90.2045
61.05 90.2045
61.06 90.2045
61.07 90.2045
61.08 0
61.09 179.755
61.1 0
61.11 180.368
61.12 181.233
61.13 181.831
61.14 181.668
61.15 181.525
61.16 181.262
61.17 181.295
61.18 181.268
61.19 181.233
61.2 181.332
61.21 180.923
61.22 181.856
61.23 182.463
61.24 183.422
61.25 183.75
61.26 184.029
61.27 184.104
61.28 184.111
61.29 183.92
61.3 183.648
61.31 183.114
61.32 183.057
61.33 182.919
61.34 182.919
61.35 183.096
61.36 182.988
61.37 183.114
61.38 183.333
61.39 183.58
61.4 183.14
61.41 182.988
61.42 182.903
61.43 182.798
61.44 182.609
61.45 183.178
61.46 182.988
61.47 184.006
61.48 184.409
61.49 184.777
61.5 184.983
61.51 185.684
61.52 185.684
61.53 185.684
61.54 184.449
61.55 183.92
61.56 183.92
61.57 180.245
61.58 179.136
61.59 179.136
61.6 179.136
61.61 173.622
61.62 171.93
61.63 169.615
61.64 168.321
61.65 164.144
61.66 162.531
61.67 162.531
61.68 162.531
61.69 162.531
61.7 152.069
61.71 152.069
61.72 152.069
61.73 143.182
61.74 143.182
61.75 0
61.76 286.364
61.77 0
61.78 0
61.79 0
61.8 0
61.81 0
61.82 537.805
61.83 0
61.84 227.32
61.85 0
61.86 0
61.87 0
61.88 0
61.89 0
61.9 26.0638
61.91 26.0638
61.92 26.0638
61.93 0
61.94 0
61.95 0
61.96 0
61.97 18.1034
61.98 0
61.99 18.0738
62 0
62.01 31.9565
62.02 31.9565
62.03 31.9565
62.04 0
62.05 0
62.06 24.9434
62.07 0
62.08 0
62.09 53.5194
62.1 0
62.11 12.6579
62.12 0
62.13 47.8308
62.14 47.8308
62.15 47.8308
62.16 0
62.17 97.1366
62.18 0
62.19 0
62.2 0
62.21 0
62.22 51.5187
62.23 51.9435
62.24 51.9435
62.25 0
62.26 0
62.27 0
62.28 210
62.29 0
62.3 0
62.31 512.791
