0 24.2841
0.01 24.2308
0.02 24.2308
0.03 24.2308
0.04 24.8591
0.05 22.732
0.06 24.8591
0.07 22.9688
0.08 23.0408
0.09 25.306
0.1 25.1712
0.11 25.5208
0.12 25.1712
0.13 25.2867
0.14 24.9858
0.15 24.9858
0.16 24.9293
0.17 25.374
0.18 25
0.19 25.1712
0.2 26.1256
0.21 26.1256
0.22 25.2
0.23 24.6552
0.24 26.1256
0.25 25.5603
0.26 26.0024
0.27 24.8311
0.28 25.5603
0.29 25.3448
0.3 25.4619
0.31 25.3448
0.32 25.6395
0.33 25.9412
0.34 25.6873
0.35 25.6395
0.36 27.3913
0.37 27.38
0.38 27.5281
0.39 27.1775
0.4 24.9153
0.41 24.9153
0.42 24.9153
0.43 21.875
0.44 21.875
0.45 25.3448
0.46 25.3448
0.47 25.1425
0.48 25.1425
0.49 25.1425
0.5 0
0.51 242.308
0.52 243.199
0.53 243.646
0.54 243.646
0.55 255.405
0.56 254.913
0.57 247.753
0.58 250.568
0.59 253.74
0.6 253.74
0.61 258.709
0.62 262.084
0.63 259.412
0.64 259.733
0.65 260.541
0.66 261.02
0.67 262.11
0.68 262.292
0.69 262.868
0.7 263.396
0.71 263.707
0.72 263.756
0.73 264.411
0.74 263.997
0.75 264.842
0.76 264.964
0.77 264.964
0.78 264.964
0.79 264.964
0.8 264.194
0.81 263.896
0.82 263.546
0.83 263.651
0.84 263.663
0.85 263.415
0.86 263.598
0.87 263.422
0.88 264.072
0.89 264.216
0.9 264.865
0.91 258.803
0.92 266.58
0.93 272.703
0.94 264.216
0.95 275.625
0.96 263.641
0.97 263.707
0.98 263.793
0.99 263.989
1 264.165
1.01 264.072
1.02 264.165
1.03 264.177
1.04 264.504
1.05 264.6
1.06 265.663
1.07 262.5
1.08 266.019
1.09 265.663
1.1 260.675
1.11 266.734
1.12 265.983
1.13 257.593
1.14 266.197
1.15 266.274
1.16 266.338
1.17 266.599
1.18 266.599
1.19 266.651
1.2 266.685
1.21 266.781
1.22 267.017
1.23 267.273
1.24 267.715
1.25 268.902
1.26 268.308
1.27 270.221
1.28 263.979
1.29 266.465
1.3 266.949
1.31 267.042
1.32 267.042
1.33 270.936
1.34 267.273
1.35 270.936
1.36 267.504
1.37 269.676
1.38 269.676
1.39 269.676
1.4 266.734
1.41 266.58
1.42 266.58
1.43 269.915
1.44 269.915
1.45 266.734
1.46 266.734
1.47 266.734
1.48 266.734
1.49 0
1.5 525
1.51 522.925
1.52 526.792
1.53 532.609
1.54 523.339
1.55 523.339
1.56 523.339
1.57 523.339
1.58 527.692
1.59 526.044
1.6 524.48
1.61 523.96
1.62 523.442
1.63 544.444
1.64 469.149
1.65 469.149
1.66 469.149
1.67 469.149
1.68 469.149
1.69 0
1.7 0
1.71 484.615
1.72 0
1.73 233.333
1.74 233.746
1.75 234.574
1.76 235.409
1.77 237.608
1.78 238.235
1.79 238.261
1.8 238.895
1.81 239.457
1.82 239.874
1.83 240.458
1.84 241.423
1.85 240.984
1.86 237.097
1.87 237.736
1.88 237.608
1.89 237.95
1.9 237.95
1.91 238.378
1.92 238.378
1.93 238.378
1.94 239.024
1.95 239.674
1.96 240.421
1.97 240.608
1.98 240.764
1.99 241.13
2 242.308
2.01 242.308
2.02 243.646
2.03 243.646
2.04 244.321
2.05 244.321
2.06 242.975
2.07 290.132
2.08 290.132
2.09 290.132
2.1 253.448
2.11 231.757
2.12 237.736
2.13 224.427
2.14 230.22
2.15 225
2.16 225
2.17 225
2.18 0
2.19 459.375
2.2 459.375
2.21 459.375
2.22 459.375
2.23 459.375
2.24 459.375
2.25 459.375
2.26 459.375
2.27 459.375
2.28 459.375
2.29 459.375
2.3 0
2.31 663.158
2.32 0
2.33 24.5
2.34 0
2.35 54.7146
2.36 54.7146
2.37 54.7146
2.38 54.7146
2.39 54.7146
2.4 54.7146
2.41 54.7146
2.42 0
2.43 0
2.44 0
2.45 0
2.46 0
2.47 0
2.48 218.317
2.49 0
2.5 217.241
2.51 0
2.52 537.805
2.53 0
2.54 18.3444
2.55 0
2.56 118.548
2.57 0
2.58 324.265
2.59 0
2.6 98.2183
2.61 0
2.62 0
2.63 0
2.64 0
2.65 0
2.66 0
2.67 0
2.68 0
2.69 0
2.7 0
2.71 198.351
2.72 198.351
2.73 198.905
2.74 199.247
2.75 199.247
2.76 199.247
2.77 199.247
2.78 0
2.79 565.385
2.8 565.385
2.81 580.263
2.82 580.263
2.83 590.625
2.84 601.364
2.85 606.881
2.86 606.881
2.87 604.11
2.88 604.11
2.89 604.11
2.9 604.11
2.91 606.881
2.92 606.881
2.93 606.881
2.94 606.881
2.95 606.881
2.96 0
2.97 49.8587
2.98 49.7743
2.99 49.7743
3 0
3.01 595.946
3.02 585.398
3.03 595.946
3.04 595.946
3.05 595.946
3.06 595.946
3.07 595.946
3.08 580.263
3.09 636.058
3.1 585.398
3.11 585.398
3.12 585.398
3.13 585.398
3.14 585.398
3.15 0
3.16 51.1601
3.17 52.1277
3.18 52.1277
3.19 52.4168
3.2 52.1277
3.21 52.4168
3.22 49.8305
3.23 49.8305
3.24 49.8305
3.25 49.8305
3.26 49.8305
3.27 0
3.28 0
3.29 0
3.3 0
3.31 0
3.32 47.3854
3.33 47.5069
3.34 47.5216
3.35 47.5801
3.36 47.6654
3.37 47.9087
3.38 53.0048
3.39 47.9348
3.4 49.3289
3.41 47.8654
3.42 47.8654
3.43 59.6752
3.44 59.6752
3.45 59.6752
3.46 59.6752
3.47 59.6752
3.48 0
3.49 58.9572
3.5 0
3.51 154.196
3.52 0
3.53 59.9185
3.54 0
3.55 154.196
3.56 154.196
3.57 154.196
3.58 0
3.59 0
3.6 53.5194
3.61 50.1897
3.62 50.1897
3.63 0
3.64 0
3.65 0
3.66 0
3.67 0
3.68 0
3.69 124.576
3.7 124.576
3.71 124.576
3.72 0
3.73 124.576
3.74 124.576
3.75 124.576
3.76 0
3.77 124.576
3.78 0
3.79 17.6259
3.8 17.6259
3.81 17.6259
3.82 0
3.83 24.7475
3.84 24.7475
3.85 24.7475
3.86 24.7475
3.87 24.7475
3.88 24.7475
3.89 24.7475
3.9 0
3.91 0
3.92 0
3.93 0
3.94 0
3.95 0
3.96 0
3.97 0
3.98 48.1591
3.99 47.9348
4 48.0392
4.01 48.0392
4.02 48.0392
4.03 0
4.04 0
4.05 0
4.06 0
4.07 0
4.08 0
4.09 0
4.1 0
4.11 0
4.12 475.216
4.13 475.216
4.14 475.216
4.15 475.216
4.16 469.149
4.17 465.845
4.18 525
4.19 525
4.2 525
4.21 525
4.22 525
4.23 0
4.24 48.5683
4.25 48.7832
4.26 48.4615
4.27 48.4615
4.28 48.4615
4.29 48.5149
4.3 60.3558
4.31 60.3558
4.32 60.3558
4.33 60.3558
4.34 60.3558
4.35 60.3558
4.36 60.3558
4.37 0
4.38 48.7472
4.39 53.4762
4.4 53.4762
4.41 53.4762
4.42 53.4762
4.43 53.4762
4.44 53.4762
4.45 53.4762
4.46 53.4762
4.47 0
4.48 0
4.49 0
4.5 0
4.51 14.6317
4.52 14.6317
4.53 14.6317
4.54 0
4.55 176.4
4.56 176.4
4.57 176.4
4.58 176.4
4.59 176.4
4.6 176.4
4.61 176.4
4.62 0
4.63 572.727
4.64 542.213
4.65 572.727
4.66 542.213
4.67 572.727
4.68 580.263
4.69 580.263
4.7 544.444
4.71 544.444
4.72 544.444
4.73 544.444
4.74 544.444
4.75 0
4.76 0
4.77 0
4.78 0
4.79 0
4.8 0
4.81 0
4.82 0
4.83 26.0331
4.84 0
4.85 26.0331
4.86 0
4.87 24.6369
4.88 0
4.89 25.1282
4.9 25.1282
4.91 25.4032
4.92 24.9717
4.93 26.6949
4.94 26.6949
4.95 26.6949
4.96 26.6949
4.97 26.6949
4.98 0
4.99 0
5 238.378
5.01 238.378
5.02 238.378
5.03 0
5.04 47.6242
5.05 47.5216
5.06 47.6242
5.07 47.6242
5.08 47.6242
5.09 47.6242
5.1 47.8308
5.11 47.8308
5.12 47.8308
5.13 47.7962
5.14 47.6242
5.15 47.6242
5.16 59.1153
5.17 59.1153
5.18 59.1153
5.19 59.1153
5.2 0
5.21 0
5.22 668.182
5.23 652.367
5.24 664.824
5.25 657.555
5.26 657.555
5.27 657.555
5.28 657.555
5.29 0
5.3 0
5.31 104.751
5.32 0
5.33 0
5.34 68.6916
5.35 68.9062
5.36 68.9062
5.37 0
5.38 101.147
5.39 100.838
5.4 100.838
5.41 100.227
5.42 100.685
5.43 100.685
5.44 101.147
5.45 103.683
5.46 104.8
5.47 105.864
5.48 108.194
5.49 108.962
5.5 110.067
5.51 110.884
5.52 111.896
5.53 112.672
5.54 113.426
5.55 114.953
5.56 116.286
5.57 117.109
5.58 118.065
5.59 118.792
5.6 119.651
5.61 120.21
5.62 121.093
5.63 122.112
5.64 123.184
5.65 124.076
5.66 124.961
5.67 125.657
5.68 126.526
5.69 127.233
5.7 127.927
5.71 128.718
5.72 129.507
5.73 129.972
5.74 130.574
5.75 130.796
5.76 131.182
5.77 131.25
5.78 131.454
5.79 131.659
5.8 131.773
5.81 131.591
5.82 131.659
5.83 131.941
5.84 132.002
5.85 132.277
5.86 132.499
5.87 132.831
5.88 133.099
5.89 133.3
5.9 133.461
5.91 133.457
5.92 133.152
5.93 133.099
5.94 132.955
5.95 132.965
5.96 132.565
5.97 132.402
5.98 132.036
5.99 131.904
6 131.878
6.01 131.933
6.02 132.002
6.03 132.234
6.04 132.484
6.05 132.698
6.06 132.831
6.07 132.692
6.08 132.64
6.09 132.565
6.1 132.692
6.11 132.767
6.12 132.959
6.13 133.11
6.14 133.166
6.15 133.166
6.16 133.32
6.17 133.502
6.18 133.771
6.19 133.954
6.2 134.11
6.21 134.178
6.22 134.096
6.23 134.043
6.24 134.178
6.25 134.309
6.26 134.451
6.27 134.588
6.28 134.52
6.29 134.588
6.3 134.451
6.31 134.451
6.32 134.451
6.33 134.315
6.34 134.043
6.35 133.742
6.36 133.636
6.37 133.367
6.38 133.18
6.39 133.166
6.4 133.099
6.41 133.04
6.42 133.099
6.43 133.233
6.44 133.32
6.45 133.434
6.46 133.434
6.47 133.39
6.48 133.233
6.49 133.032
6.5 132.901
6.51 132.632
6.52 132.415
6.53 132.234
6.54 132.319
6.55 132.391
6.56 132.608
6.57 132.668
6.58 132.636
6.59 132.607
6.6 132.582
6.61 132.677
6.62 132.898
6.63 133.17
6.64 133.422
6.65 133.704
6.66 133.853
6.67 134.031
6.68 134.043
6.69 134.083
6.7 133.991
6.71 133.726
6.72 133.336
6.73 132.923
6.74 132.651
6.75 132.482
6.76 132.457
6.77 132.577
6.78 132.712
6.79 132.704
6.8 132.783
6.81 132.831
6.82 132.894
6.83 132.98
6.84 133.199
6.85 133.707
6.86 133.967
6.87 134.558
6.88 134.588
6.89 134.533
6.9 134.538
6.91 134.54
6.92 134.494
6.93 134.403
6.94 134.082
6.95 133.664
6.96 133.152
6.97 132.971
6.98 132.965
6.99 133.032
7 133.04
7.01 132.965
7.02 132.965
7.03 133.04
7.04 133.099
7.05 133.166
7.06 133.18
7.07 133.099
7.08 132.965
7.09 132.971
7.1 132.898
7.11 132.765
7.12 132.554
7.13 132.565
7.14 132.499
7.15 132.469
7.16 132.527
7.17 132.751
7.18 132.751
7.19 132.686
7.2 132.554
7.21 132.282
7.22 131.928
7.23 131.799
7.24 131.653
7.25 131.737
7.26 131.576
7.27 131.415
7.28 131.13
7.29 131.923
7.3 132.036
7.31 129.177
7.32 129.243
7.33 130.533
7.34 132.3
7.35 132.671
7.36 132.698
7.37 132.831
7.38 133.02
7.39 133.009
7.4 132.908
7.41 132.901
7.42 132.831
7.43 132.831
7.44 132.762
7.45 132.901
7.46 133.099
7.47 133.3
7.48 133.531
7.49 133.636
7.5 133.704
7.51 133.704
7.52 133.771
7.53 133.672
7.54 133.502
7.55 133.166
7.56 132.762
7.57 132.124
7.58 131.878
7.59 131.715
7.6 131.691
7.61 131.757
7.62 131.831
7.63 131.789
7.64 131.868
7.65 132.124
7.66 132.337
7.67 132.713
7.68 132.961
7.69 133.04
7.7 133.009
7.71 133.002
7.72 132.899
7.73 132.671
7.74 132.526
7.75 132.323
7.76 132.139
7.77 132.019
7.78 131.952
7.79 131.933
7.8 132.086
7.81 132.221
7.82 132.415
7.83 132.665
7.84 132.934
7.85 133.07
7.86 133.065
7.87 133.07
7.88 133.036
7.89 132.931
7.9 132.831
7.91 132.729
7.92 132.559
7.93 132.381
7.94 132.323
7.95 132.458
7.96 132.623
7.97 132.797
7.98 132.899
7.99 132.936
8 132.658
8.01 132.399
8.02 132.259
8.03 132.265
8.04 132
8.05 131.688
8.06 131.389
8.07 131.182
8.08 131.08
8.09 131.154
8.1 131.318
8.11 131.45
8.12 131.609
8.13 131.796
8.14 132.069
8.15 132.432
8.16 132.763
8.17 133.132
8.18 133.447
8.19 133.673
8.2 134.043
8.21 134.138
8.22 134.138
8.23 134.043
8.24 133.861
8.25 133.688
8.26 133.367
8.27 133.104
8.28 132.797
8.29 132.565
8.3 132.424
8.31 132.346
8.32 132.466
8.33 132.593
8.34 132.729
8.35 132.898
8.36 133.036
8.37 133.173
8.38 133.266
8.39 133.275
8.4 133.207
8.41 133.099
8.42 132.968
8.43 132.831
8.44 132.661
8.45 132.554
8.46 132.458
8.47 132.492
8.48 132.484
8.49 132.627
8.5 132.763
8.51 132.866
8.52 132.865
8.53 132.831
8.54 132.692
8.55 132.698
8.56 132.627
8.57 132.658
8.58 132.665
8.59 132.695
8.6 132.797
8.61 132.998
8.62 133.207
8.63 133.172
8.64 133.246
8.65 133.269
8.66 133.298
8.67 133.29
8.68 133.29
8.69 133.298
8.7 133.244
8.71 133.22
8.72 133.313
8.73 133.416
8.74 133.779
8.75 134.365
8.76 134.451
8.77 134.533
8.78 134.287
8.79 134.025
8.8 133.604
8.81 133.032
8.82 132.703
8.83 132.036
8.84 130.498
8.85 129.769
8.86 129.613
8.87 129.591
8.88 129.759
8.89 130.065
8.9 130.357
8.91 130.776
8.92 131.316
8.93 132.036
8.94 132.751
8.95 133.086
8.96 133.581
8.97 133.57
8.98 133.544
8.99 133.544
9 133.367
9.01 133.121
9.02 132.808
9.03 132.392
9.04 132.159
9.05 131.979
9.06 132.047
9.07 132.069
9.08 132.254
9.09 132.584
9.1 132.906
9.11 133.384
9.12 133.815
9.13 134.113
9.14 134.206
9.15 134.161
9.16 134.124
9.17 133.961
9.18 133.736
9.19 133.558
9.2 133.384
9.21 133.284
9.22 133.238
9.23 133.175
9.24 133.148
9.25 133.08
9.26 133.06
9.27 133.012
9.28 132.854
9.29 132.669
9.3 132.427
9.31 132.24
9.32 132.104
9.33 131.98
9.34 131.946
9.35 131.968
9.36 132.003
9.37 132.059
9.38 132.126
9.39 132.172
9.4 132.261
9.41 132.341
9.42 132.426
9.43 132.465
9.44 132.432
9.45 132.432
9.46 132.396
9.47 132.359
9.48 132.44
9.49 132.446
9.5 132.575
9.51 132.657
9.52 132.774
9.53 133.006
9.54 133.233
9.55 133.502
9.56 133.606
9.57 133.684
9.58 133.752
9.59 133.686
9.6 133.704
9.61 133.672
9.62 133.67
9.63 133.704
9.64 133.654
9.65 133.636
9.66 133.636
9.67 133.672
9.68 133.704
9.69 133.636
9.7 133.531
9.71 133.413
9.72 133.333
9.73 133.344
9.74 133.447
9.75 133.569
9.76 133.654
9.77 133.723
9.78 133.704
9.79 133.688
9.8 133.619
9.81 133.535
9.82 133.413
9.83 133.306
9.84 133.233
9.85 133.067
9.86 132.885
9.87 132.708
9.88 132.252
9.89 129.706
9.9 129.924
9.91 130.559
9.92 130.783
9.93 130.559
9.94 130.559
9.95 130.783
9.96 130.783
9.97 130.559
9.98 130.805
9.99 132.831
10 134.451
10.01 136.181
10.02 136.06
10.03 135.776
10.04 135.536
10.05 135.276
10.06 135.046
10.07 134.893
10.08 134.787
10.09 134.634
10.1 134.556
10.11 134.588
10.12 134.622
10.13 134.725
10.14 134.759
10.15 134.809
10.16 135.019
10.17 135.356
10.18 135.553
10.19 136.787
10.2 139.557
10.21 139.778
10.22 139.879
10.23 139.704
10.24 139.704
10.25 139.704
10.26 139.704
10.27 139.704
10.28 139.718
10.29 139.778
10.3 139.117
10.31 134.043
10.32 133.734
10.33 133.558
10.34 133.502
10.35 133.521
10.36 133.521
10.37 133.542
10.38 133.694
10.39 133.79
10.4 133.919
10.41 134.032
10.42 133.941
10.43 133.839
10.44 133.654
10.45 133.367
10.46 133.038
10.47 132.385
10.48 131.616
10.49 130.979
10.5 130.711
10.51 130.435
10.52 130.641
10.53 130.796
10.54 130.796
10.55 130.731
10.56 130.217
10.57 130.105
10.58 129.441
10.59 129.177
10.6 128.849
10.61 129.177
10.62 129.706
10.63 131.047
10.64 133.04
10.65 134.931
10.66 137.17
10.67 138.297
10.68 139.483
10.69 139.345
10.7 139.242
10.71 138.028
10.72 137.219
10.73 136.533
10.74 134.451
10.75 133.307
10.76 132.499
10.77 131.864
10.78 131.315
10.79 130.979
10.8 130.574
10.81 130.373
10.82 130.038
10.83 129.055
10.84 129.452
10.85 128.696
10.86 127.927
10.87 126.724
10.88 125.82
10.89 125.047
10.9 124.209
10.91 123.561
10.92 122.686
10.93 122.376
10.94 122.5
10.95 122.955
10.96 124.257
10.97 125.719
10.98 127.323
10.99 128.123
11 129.437
11.01 130.57
11.02 131.733
11.03 132.168
11.04 132.671
11.05 131.904
11.06 129.283
11.07 127.524
11.08 127.169
11.09 126.79
11.1 126.851
11.11 126.79
11.12 126.99
11.13 127.042
11.14 127.256
11.15 126.978
11.16 126.724
11.17 126.262
11.18 125.543
11.19 125.026
11.2 124.512
11.21 124.194
11.22 123.876
11.23 123.75
11.24 123.75
11.25 123.624
11.26 123.435
11.27 123.059
11.28 122.931
11.29 122.821
11.3 121.154
11.31 120.067
11.32 118.924
11.33 117.948
11.34 117.038
11.35 117.993
11.36 118.548
11.37 119
11.38 119
11.39 119.664
11.4 120.822
11.41 121.421
11.42 122.33
11.43 123.876
11.44 125.284
11.45 125.284
11.46 125.284
11.47 0
11.48 0
11.49 227.32
11.5 227.32
11.51 227.32
11.52 227.32
11.53 227.32
11.54 227.32
11.55 227.32
11.56 275.625
11.57 275.625
11.58 275.625
11.59 0
11.6 125.284
11.61 125.284
11.62 125.284
11.63 125.284
11.64 125.284
11.65 114.249
11.66 114.249
11.67 114.249
11.68 114.249
11.69 0
11.7 198.649
11.71 189
11.72 188.06
11.73 188.06
11.74 191.739
11.75 193.421
11.76 193.704
11.77 196.875
11.78 199.447
11.79 202.632
11.8 205.69
11.81 206.751
11.82 208.206
11.83 209.203
11.84 209.549
11.85 209.568
11.86 209.902
11.87 210.114
11.88 209.941
11.89 209.765
11.9 209.446
11.91 209.161
11.92 208.848
11.93 208.744
11.94 210.162
11.95 210.596
11.96 210.783
11.97 212.069
11.98 213.4
11.99 215.416
12 216.686
12.01 218.234
12.02 218.483
12.03 220.39
12.04 221.163
12.05 222.054
12.06 222.054
12.07 221.831
12.08 221.497
12.09 221.163
12.1 220.39
12.11 219.95
12.12 218.705
12.13 219.403
12.14 219.025
12.15 219.177
12.16 219.363
12.17 219.644
12.18 220.146
12.19 220.725
12.2 221.309
12.21 221.786
12.22 222.099
12.23 221.997
12.24 221.997
12.25 221.534
12.26 221.014
12.27 220.124
12.28 219.512
12.29 219.599
12.3 218.354
12.31 218.707
12.32 219.37
12.33 220.755
12.34 222.031
12.35 223.061
12.36 223.74
12.37 224.483
12.38 224.722
12.39 224.682
12.4 224.518
12.41 225.224
12.42 223.248
12.43 223.543
12.44 223.04
12.45 222.727
12.46 222.319
12.47 221.905
12.48 221.386
12.49 220.914
12.5 220.293
12.51 219.518
12.52 219.1
12.53 219.356
12.54 220.005
12.55 220.408
12.56 221.253
12.57 222.278
12.58 223.094
12.59 223.884
12.6 224.656
12.61 223.775
12.62 224.313
12.63 224.553
12.64 222.952
12.65 221.853
12.66 220.844
12.67 220.542
12.68 220.3
12.69 220.011
12.7 219.836
12.71 220.045
12.72 220.127
12.73 220.351
12.74 220.728
12.75 221.276
12.76 221.732
12.77 222.206
12.78 222.488
12.79 222.727
12.8 222.868
12.81 223.049
12.82 223.391
12.83 223.513
12.84 223.465
12.85 223.168
12.86 222.615
12.87 222.215
12.88 221.767
12.89 221.301
12.9 220.912
12.91 220.425
12.92 220.045
12.93 219.998
12.94 220.348
12.95 220.843
12.96 221.401
12.97 222.07
12.98 222.727
12.99 223.301
13 223.858
13.01 224.186
13.02 224.34
13.03 224.277
13.04 224.18
13.05 224.142
13.06 223.997
13.07 223.858
13.08 223.615
13.09 223.21
13.1 222.468
13.11 220.592
13.12 219.169
13.13 216.616
13.14 215.434
13.15 213.781
13.16 211.801
13.17 210.401
13.18 208.785
13.19 206.59
13.2 204.302
13.21 204.618
13.22 206.557
13.23 209.667
13.24 214.078
13.25 217.599
13.26 220.991
13.27 223.548
13.28 226.386
13.29 227.027
13.3 228.103
13.31 228.582
13.32 229.463
13.33 230.442
13.34 231.351
13.35 232.008
13.36 232.489
13.37 233.289
13.38 234.076
13.39 234.77
13.4 235.544
13.41 236.441
13.42 237.056
13.43 237.705
13.44 238.235
13.45 238.358
13.46 238.44
13.47 238.727
13.48 238.973
13.49 239.43
13.5 239.798
13.51 240.368
13.52 240.754
13.53 241.231
13.54 241.685
13.55 241.934
13.56 241.975
13.57 241.97
13.58 241.573
13.59 241.19
13.6 240.819
13.61 240.696
13.62 240.67
13.63 241.107
13.64 241.675
13.65 242.267
13.66 242.683
13.67 243.101
13.68 243.419
13.69 243.646
13.7 243.709
13.71 243.731
13.72 243.543
13.73 243.268
13.74 243.059
13.75 243.047
13.76 243.226
13.77 243.394
13.78 243.857
13.79 244.373
13.8 244.688
13.81 244.95
13.82 245.29
13.83 245.911
13.84 246.455
13.85 247.087
13.86 247.908
13.87 248.031
13.88 247.356
13.89 246.052
13.9 244.806
13.91 244.806
13.92 245.39
13.93 245.911
13.94 246.369
13.95 246.506
13.96 246.369
13.97 246.244
13.98 246.041
13.99 245.248
14 244.87
14.01 244.137
14.02 243.326
14.03 243.036
14.04 242.943
14.05 243.199
14.06 243.891
14.07 244.506
14.08 245.745
14.09 246.434
14.1 247.122
14.11 247.5
14.12 247.879
14.13 247.753
14.14 247.5
14.15 247.122
14.16 246.745
14.17 246.494
14.18 246.119
14.19 245.869
14.2 245.65
14.21 245.62
14.22 245.911
14.23 246.619
14.24 247.224
14.25 248.133
14.26 248.818
14.27 249.409
14.28 249.665
14.29 249.923
14.3 250.052
14.31 250.181
14.32 249.923
14.33 249.665
14.34 249.281
14.35 248.769
14.36 248.514
14.37 248.387
14.38 248.26
14.39 248.006
14.4 247.753
14.41 247.374
14.42 247.122
14.43 246.828
14.44 246.226
14.45 245.753
14.46 244.849
14.47 243.859
14.48 242.545
14.49 240.51
14.5 238.676
14.51 236.873
14.52 234.166
14.53 231.334
14.54 227.773
14.55 225.044
14.56 222.03
14.57 219.263
14.58 217.576
14.59 210.065
14.6 204.573
14.61 198.464
14.62 193.209
14.63 188.232
14.64 185.964
14.65 184.57
14.66 183.878
14.67 183.75
14.68 183.57
14.69 183.314
14.7 183.403
14.71 183.432
14.72 183.108
14.73 182.988
14.74 182.765
14.75 182.549
14.76 182.458
14.77 182.311
14.78 182.231
14.79 182.095
14.8 181.885
14.81 181.945
14.82 181.963
14.83 182.006
14.84 181.991
14.85 181.931
14.86 181.802
14.87 181.709
14.88 181.35
14.89 181.207
14.9 181
14.91 181.087
14.92 180.923
14.93 180.837
14.94 180.639
14.95 180.738
14.96 181.016
14.97 181.481
14.98 182.043
14.99 182.131
15 182.42
15.01 182.893
15.02 183.368
15.03 183.846
15.04 184.038
15.05 184.292
15.06 184.23
15.07 184.23
15.08 184.134
15.09 184.23
15.1 184.23
15.11 184.134
15.12 184.038
15.13 183.942
15.14 183.846
15.15 183.75
15.16 183.75
15.17 183.654
15.18 183.559
15.19 183.654
15.2 183.75
15.21 183.942
15.22 184.134
15.23 183.942
15.24 183.846
15.25 183.75
15.26 183.559
15.27 183.463
15.28 183.559
15.29 183.654
15.3 183.654
15.31 183.654
15.32 183.75
15.33 183.942
15.34 184.23
15.35 184.712
15.36 184.928
15.37 184.906
15.38 184.809
15.39 184.906
15.4 185.1
15.41 185.1
15.42 185.1
15.43 185.197
15.44 185.003
15.45 184.615
15.46 184.422
15.47 184.326
15.48 184.134
15.49 183.846
15.5 183.75
15.51 183.463
15.52 183.273
15.53 183.178
15.54 183.178
15.55 183.14
15.56 183.178
15.57 183.368
15.58 183.648
15.59 184.079
15.6 184.961
15.61 185.294
15.62 185.569
15.63 185.782
15.64 186.024
15.65 186.257
15.66 185.628
15.67 185.294
15.68 184.961
15.69 184.85
15.7 184.906
15.71 185.1
15.72 185.294
15.73 185.489
15.74 185.489
15.75 185.386
15.76 185.489
15.77 185.517
15.78 185.294
15.79 184.828
15.8 184.326
15.81 183.75
15.82 183.75
15.83 183.75
15.84 183.75
15.85 181.631
15.86 180.738
15.87 177.823
15.88 176.4
15.89 175
15.9 170.93
15.91 170.93
15.92 170.93
15.93 170.93
15.94 170.93
15.95 159.783
15.96 168.321
15.97 168.321
15.98 168.321
15.99 168.321
16 168.321
16.01 0
16.02 261.462
16.03 260.947
16.04 260.947
16.05 320.494
16.06 273.913
16.07 275.625
16.08 275.625
16.09 275.625
16.1 275.625
16.11 275.625
16.12 275.625
16.13 267.273
16.14 267.273
16.15 267.273
16.16 264.6
16.17 264.6
16.18 264.6
16.19 264.6
16.2 264.6
16.21 264.6
16.22 319.565
16.23 319.565
16.24 319.565
16.25 319.565
16.26 319.565
16.27 0
16.28 600
16.29 561.783
16.3 624.057
16.31 624.057
16.32 533.468
16.33 504
16.34 504
16.35 516.797
16.36 516.797
16.37 459.375
16.38 459.375
16.39 459.375
16.4 459.375
16.41 459.375
16.42 459.375
16.43 459.375
16.44 0
16.45 0
16.46 0
16.47 0
16.48 0
16.49 0
16.5 23.5577
16.51 23.5577
16.52 23.5577
16.53 23.5577
16.54 23.5577
16.55 23.6461
16.56 23.7813
16.57 23.7813
16.58 23.7813
16.59 23.7813
16.6 23.7813
16.61 0
16.62 208.675
16.63 0
16.64 310.563
16.65 0
16.66 225
16.67 0
16.68 218.317
16.69 214.972
16.7 213.732
16.71 217.241
16.72 218.75
16.73 222.727
16.74 225.164
16.75 226.735
16.76 227.734
16.77 227.734
16.78 227.734
16.79 227.734
16.8 228.35
16.81 231.092
16.82 248.062
16.83 254.466
16.84 256.85
16.85 258.197
16.86 259.017
16.87 259.856
16.88 261.13
16.89 263.731
16.9 265.279
16.91 266.367
16.92 267.368
16.93 268.189
16.94 268.318
16.95 268.292
16.96 268.031
16.97 267.705
16.98 267.064
16.99 266.333
17 265.663
17.01 265.033
17.02 264.6
17.03 264.54
17.04 264.854
17.05 265.252
17.06 265.798
17.07 266.418
17.08 267.42
17.09 268.331
17.1 269.225
17.11 269.963
17.12 270.578
17.13 271.027
17.14 271.146
17.15 271.02
17.16 270.637
17.17 270.363
17.18 270.23
17.19 270
17.2 270.113
17.21 269.843
17.22 270.688
17.23 271.88
17.24 271.82
17.25 271.88
17.26 272.761
17.27 273.67
17.28 273.438
17.29 273.573
17.3 274.087
17.31 273.302
17.32 272.428
17.33 272.761
17.34 272.979
17.35 272.491
17.36 271.88
17.37 272.357
17.38 272.979
17.39 272.896
17.4 272.841
17.41 273.63
17.42 274.055
17.43 274.283
17.44 274.197
17.45 274.784
17.46 273.709
17.47 272.566
17.48 272.761
17.49 273.042
17.5 272.222
17.51 272.471
17.52 272.825
17.53 273.11
17.54 273.424
17.55 273.972
17.56 274.481
17.57 274.84
17.58 274.792
17.59 273.764
17.6 273.913
17.61 272.952
17.62 272.643
17.63 272.732
17.64 272.711
17.65 272.896
17.66 272.991
17.67 273.228
17.68 274.207
17.69 273.438
17.7 273.211
17.71 273.186
17.72 272.885
17.73 272.948
17.74 272.971
17.75 273.065
17.76 273.253
17.77 273.546
17.78 273.657
17.79 273.813
17.8 273.936
17.81 274.055
17.82 274.059
17.83 274.119
17.84 274.091
17.85 274.216
17.86 274.263
17.87 274.446
17.88 274.481
17.89 274.216
17.9 274.357
17.91 274.481
17.92 274.68
17.93 274.814
17.94 274.851
17.95 274.791
17.96 274.766
17.97 274.928
17.98 275.578
17.99 275.934
18 276.328
18.01 276.829
18.02 276.639
18.03 276.909
18.04 276.996
18.05 277.417
18.06 277.571
18.07 276.923
18.08 276.328
18.09 276.182
18.1 275.934
18.11 275.912
18.12 276.247
18.13 276.568
18.14 276.468
18.15 276.187
18.16 276.096
18.17 276.016
18.18 274.254
18.19 271.107
18.2 272.222
18.21 272.222
18.22 271.613
18.23 271.613
18.24 271.613
18.25 272.222
18.26 271.613
18.27 271.803
18.28 262.5
18.29 276.056
18.3 274.766
18.31 273.598
18.32 273.065
18.33 271.974
18.34 271.424
18.35 271.348
18.36 271.421
18.37 271.443
18.38 272.012
18.39 272.149
18.4 272.313
18.41 272.665
18.42 273.277
18.43 273.589
18.44 273.824
18.45 273.872
18.46 273.715
18.47 273.656
18.48 273.277
18.49 273.025
18.5 272.88
18.51 272.754
18.52 272.677
18.53 272.643
18.54 272.452
18.55 272.457
18.56 272.446
18.57 272.634
18.58 272.69
18.59 272.765
18.6 272.835
18.61 272.324
18.62 272.222
18.63 272.222
18.64 272.058
18.65 272.362
18.66 272.503
18.67 272.784
18.68 274.569
18.69 274.938
18.7 274.766
18.71 274.339
18.72 274.254
18.73 274.481
18.74 274.414
18.75 274.044
18.76 273.858
18.77 273.854
18.78 273.792
18.79 273.913
18.8 273.845
18.81 273.845
18.82 273.645
18.83 273.065
18.84 271.192
18.85 268.828
18.86 268.635
18.87 269.103
18.88 269.231
18.89 269.34
18.9 269.711
18.91 269.828
18.92 269.954
18.93 269.725
18.94 269.267
18.95 268.672
18.96 268.12
18.97 267.408
18.98 267.226
18.99 267.387
19 267.859
19.01 268.395
19.02 269.222
19.03 270.138
19.04 271.107
19.05 271.763
19.06 272.409
19.07 272.69
19.08 272.406
19.09 271.763
19.1 270.829
19.11 269.633
19.12 268.672
19.13 268.13
19.14 267.753
19.15 267.798
19.16 268.074
19.17 268.539
19.18 269.359
19.19 270.155
19.2 271.06
19.21 271.617
19.22 271.803
19.23 271.663
19.24 271.35
19.25 271.06
19.26 270.837
19.27 270.527
19.28 270.506
19.29 270.622
19.3 270.922
19.31 271.524
19.32 271.763
19.33 272.13
19.34 272.409
19.35 272.637
19.36 272.545
19.37 272.414
19.38 272.076
19.39 271.703
19.4 271.458
19.41 271.58
19.42 271.719
19.43 271.626
19.44 271.584
19.45 270.998
19.46 270.394
19.47 270.06
19.48 269.9
19.49 269.297
19.5 268.629
19.51 268.248
19.52 267.857
19.53 267.408
19.54 266.734
19.55 266.063
19.56 265.107
19.57 264.204
19.58 263.729
19.59 263.455
19.6 263.677
19.61 263.809
19.62 264.278
19.63 264.997
19.64 266.197
19.65 267.343
19.66 267.949
19.67 268.221
19.68 268.357
19.69 268.357
19.7 268.766
19.71 269.045
19.72 270.138
19.73 271.524
19.74 272.924
19.75 274.39
19.76 275.769
19.77 277.068
19.78 277.428
19.79 277.848
19.8 277.941
19.81 277.213
19.82 276.316
19.83 275.625
19.84 274.909
19.85 274.481
19.86 274.339
19.87 274.39
19.88 274.339
19.89 274.481
19.9 274.481
19.91 274.664
19.92 274.766
19.93 274.909
19.94 275.075
19.95 274.938
19.96 275.052
19.97 275.052
19.98 274.624
19.99 274.39
20 274.055
20.01 273.771
20.02 273.709
20.03 273.845
20.04 273.913
20.05 273.913
20.06 273.845
20.07 274.117
20.08 274.339
20.09 274.339
20.1 274.527
20.11 274.481
20.12 274.055
20.13 273.913
20.14 273.709
20.15 273.63
20.16 273.488
20.17 273.63
20.18 273.845
20.19 273.771
20.2 274.055
20.21 274.055
20.22 274.527
20.23 275.052
20.24 275.482
20.25 275.625
20.26 275.901
20.27 276.056
20.28 275.912
20.29 275.487
20.3 275.35
20.31 275.052
20.32 274.766
20.33 274.766
20.34 275.35
20.35 275.763
20.36 276.2
20.37 276.634
20.38 276.871
20.39 277.149
20.4 277.504
20.41 277.213
20.42 277.149
20.43 276.454
20.44 276.056
20.45 275.912
20.46 275.901
20.47 276.039
20.48 276.2
20.49 276.2
20.5 276.316
20.51 276.316
20.52 276.593
20.53 276.634
20.54 276.634
20.55 276.454
20.56 276.454
20.57 276.345
20.58 276.345
20.59 276.454
20.6 276.732
20.61 276.923
20.62 277.358
20.63 277.708
20.64 278.409
20.65 278.832
20.66 279.114
20.67 279.397
20.68 279.68
20.69 279.822
20.7 279.964
20.71 279.852
20.72 279.822
20.73 279.68
20.74 279.539
20.75 279.539
20.76 279.556
20.77 279.68
20.78 279.822
20.79 279.397
20.8 278.832
20.81 278.673
20.82 278.269
20.83 277.708
20.84 276.732
20.85 274.801
20.86 271.623
20.87 270.936
20.88 269.428
20.89 266.734
20.9 266.284
20.91 265.922
20.92 266.705
20.93 268.357
20.94 269.383
20.95 271.242
20.96 273.457
20.97 275.065
20.98 277.237
20.99 280
21 283.732
21.01 286.736
21.02 288.235
21.03 287.709
21.04 285.622
21.05 283.419
21.06 281.825
21.07 279.255
21.08 277.568
21.09 276.177
21.1 275.487
21.11 275.195
21.12 275.052
21.13 275.212
21.14 275.487
21.15 275.769
21.16 276.056
21.17 276.039
21.18 276.039
21.19 275.912
21.2 275.769
21.21 275.487
21.22 275.487
21.23 275.338
21.24 275.482
21.25 275.625
21.26 275.625
21.27 275.625
21.28 275.482
21.29 275.212
21.3 274.938
21.31 274.481
21.32 273.771
21.33 273.302
21.34 272.924
21.35 272.503
21.36 271.942
21.37 271.418
21.38 271.246
21.39 271.107
21.4 270.829
21.41 270.691
21.42 270.414
21.43 270
21.44 269.474
21.45 269.176
21.46 268.766
21.47 268.333
21.48 267.678
21.49 267.138
21.5 266.5
21.51 265.663
21.52 264.468
21.53 263.455
21.54 262.63
21.55 261.822
21.56 261.283
21.57 260.746
21.58 260.077
21.59 259.677
21.6 259.677
21.61 259.81
21.62 260.21
21.63 260.344
21.64 260.88
21.65 260.88
21.66 260.746
21.67 260.433
21.68 260.21
21.69 259.677
21.7 259.279
21.71 258.75
21.72 258.254
21.73 257.974
21.74 257.518
21.75 257.465
21.76 257.895
21.77 257.895
21.78 258.543
21.79 258.803
21.8 259.412
21.81 256.395
21.82 256.395
21.83 256.395
21.84 256.395
21.85 256.395
21.86 256.395
21.87 0
21.88 0
21.89 0
21.9 66.4157
21.91 66.4157
21.92 66.4157
21.93 0
21.94 0
21.95 215.122
21.96 213.387
21.97 213.387
21.98 213.387
21.99 213.387
22 0
22.01 102.917
22.02 102.558
22.03 102.558
22.04 103.037
22.05 103.037
22.06 98.6577
22.07 98.6577
22.08 98.6577
22.09 98.6577
22.1 98.6577
22.11 0
22.12 445.455
22.13 445.455
22.14 445.455
22.15 445.455
22.16 445.455
22.17 462.587
22.18 462.587
22.19 462.587
22.2 462.587
22.21 462.587
22.22 0
22.23 193.421
22.24 0
22.25 0
22.26 0
22.27 0
22.28 0
22.29 0
22.3 0
22.31 0
22.32 0
22.33 299.321
22.34 289.18
22.35 282.692
22.36 278.233
22.37 259.412
22.38 245
22.39 245.455
22.4 245.819
22.41 246.899
22.42 247.967
22.43 249.466
22.44 251.362
22.45 252.691
22.46 254.461
22.47 256.949
22.48 260.561
22.49 264.83
22.5 267.408
22.51 270.552
22.52 272.503
22.53 275.052
22.54 276.593
22.55 278.269
22.56 279.539
22.57 280.594
22.58 281.537
22.59 282.547
22.6 283.273
22.61 283.711
22.62 284.003
22.63 284.234
22.64 284.59
22.65 285.031
22.66 285.474
22.67 285.918
22.68 286.661
22.69 287.224
22.7 287.946
22.71 288.525
22.72 289.107
22.73 289.399
22.74 289.674
22.75 289.674
22.76 289.545
22.77 289.545
22.78 289.838
22.79 289.838
22.8 289.838
22.81 289.545
22.82 289.545
22.83 289.826
22.84 290.132
22.85 289.985
22.86 289.692
22.87 289.253
22.88 288.816
22.89 288.525
22.9 288.816
22.91 289.253
22.92 289.985
22.93 290.437
22.94 291.051
22.95 291.459
22.96 291.607
22.97 291.904
22.98 291.904
22.99 291.756
23 291.311
23.01 291.015
23.02 290.72
23.03 290.573
23.04 290.72
23.05 290.897
23.06 291.311
23.07 291.756
23.08 292.351
23.09 292.948
23.1 292.948
23.11 293.098
23.12 293.248
23.13 293.398
23.14 293.248
23.15 293.248
23.16 293.548
23.17 293.699
23.18 293.699
23.19 293.71
23.2 293.849
23.21 293.849
23.22 293.849
23.23 293.849
23.24 293.699
23.25 293.398
23.26 292.799
23.27 292.649
23.28 292.351
23.29 292.053
23.3 291.904
23.31 291.756
23.32 291.756
23.33 291.667
23.34 291.756
23.35 291.904
23.36 291.756
23.37 291.756
23.38 291.756
23.39 291.311
23.4 291.015
23.41 290.426
23.42 289.985
23.43 289.826
23.44 289.522
23.45 289.522
23.46 289.692
23.47 289.985
23.48 290.573
23.49 291.163
23.5 291.904
23.51 292.649
23.52 293.398
23.53 293.849
23.54 294.453
23.55 294.453
23.56 294
23.57 293.699
23.58 293.248
23.59 292.948
23.6 292.948
23.61 292.948
23.62 293.098
23.63 293.248
23.64 293.699
23.65 294.151
23.66 294.453
23.67 294.302
23.68 294.151
23.69 293.548
23.7 292.948
23.71 292.13
23.72 290.415
23.73 284.779
23.74 285.689
23.75 284.72
23.76 284.72
23.77 284.806
23.78 284.72
23.79 284.72
23.8 284.84
23.81 284.624
23.82 284.976
23.83 283.601
23.84 273.817
23.85 273.378
23.86 273.983
23.87 274.17
23.88 274.339
23.89 273.867
23.9 273.159
23.91 272.503
23.92 271.524
23.93 270.644
23.94 269.876
23.95 269.222
23.96 268.81
23.97 268.811
23.98 268.248
23.99 273
24 274.878
24.01 277.336
24.02 275.625
24.03 277.955
24.04 279.455
24.05 276.613
24.06 278.684
24.07 276.511
24.08 276.289
24.09 273.61
24.1 273.225
24.11 271.756
24.12 271.57
24.13 271.246
24.14 271.155
24.15 268.857
24.16 271.743
24.17 271.899
24.18 272.54
24.19 273.005
24.2 273.368
24.21 273.45
24.22 273.347
24.23 273.125
24.24 272.703
24.25 272.116
24.26 271.346
24.27 270.301
24.28 269.386
24.29 268.1
24.3 267.659
24.31 267.659
24.32 254.26
24.33 249.505
24.34 246.369
24.35 246.996
24.36 247.248
24.37 248.182
24.38 250.39
24.39 252.989
24.4 255.585
24.41 257.567
24.42 261.148
24.43 263.546
24.44 265.941
24.45 267.273
24.46 268.221
24.47 268.085
24.48 266.465
24.49 264.278
24.5 261.283
24.51 259.677
24.52 257.567
24.53 255.989
24.54 255.106
24.55 254.338
24.56 254.112
24.57 253.897
24.58 254.016
24.59 254.016
24.6 253.61
24.61 252.964
24.62 252.16
24.63 251.374
24.64 250
24.65 249.645
24.66 248.735
24.67 247.579
24.68 247.444
24.69 246.244
24.7 246.612
24.71 244.547
24.72 245.78
24.73 236.461
24.74 213.315
24.75 197.955
24.76 183.942
24.77 184.519
24.78 185.774
24.79 186.678
24.8 187.318
24.81 187.66
24.82 187.945
24.83 188.11
24.84 188.804
24.85 189.401
24.86 189.984
24.87 190.298
24.88 190.799
24.89 192.157
24.9 193.347
24.91 194.162
24.92 195.399
24.93 196.067
24.94 196.605
24.95 197.071
24.96 197.332
24.97 197.719
24.98 197.581
24.99 197.935
25 198.338
25.01 198.649
25.02 199.195
25.03 199.959
25.04 200.802
25.05 201.501
25.06 202.386
25.07 203.27
25.08 203.766
25.09 203.824
25.1 204.052
25.11 203.931
25.12 203.801
25.13 203.582
25.14 203.617
25.15 203.968
25.16 204.049
25.17 204.056
25.18 203.413
25.19 202.914
25.2 202.971
25.21 207.599
25.22 216.48
25.23 231.169
25.24 235.755
25.25 238.164
25.26 238.863
25.27 238.701
25.28 238.187
25.29 237.191
25.3 237.698
25.31 237.827
25.32 237.751
25.33 237.309
25.34 236.196
25.35 234.235
25.36 230.943
25.37 228.419
25.38 219.982
25.39 208.487
25.4 208.129
25.41 209.06
25.42 210.111
25.43 210.923
25.44 211.431
25.45 212.147
25.46 211.908
25.47 211.33
25.48 210.408
25.49 210
25.5 210.032
25.51 209.839
25.52 210
25.53 210.358
25.54 210.964
25.55 211.583
25.56 214.725
25.57 217.709
25.58 217.324
25.59 217.418
25.6 217.049
25.61 217.443
25.62 217.199
25.63 214.875
25.64 212.897
25.65 212.701
25.66 212.438
25.67 212.508
25.68 212.463
25.69 212.391
25.7 212.399
25.71 212.268
25.72 212.449
25.73 212.648
25.74 212.391
25.75 211.005
25.76 210.743
25.77 210.831
25.78 210.972
25.79 211.061
25.8 211.034
25.81 211.139
25.82 211.321
25.83 212.274
25.84 213.332
25.85 214.48
25.86 214.699
25.87 214.972
25.88 215.203
25.89 215.753
25.9 216.09
25.91 216.393
25.92 216.601
25.93 216.558
25.94 217.102
25.95 217.666
25.96 218.252
25.97 219.61
25.98 218.672
25.99 218.982
26 218.448
26.01 218.537
26.02 218.659
26.03 218.849
26.04 218.42
26.05 218.229
26.06 217.617
26.07 217.316
26.08 217.321
26.09 217.178
26.1 217.264
26.11 217.585
26.12 217.65
26.13 218.066
26.14 218.257
26.15 218.859
26.16 220.068
26.17 220.687
26.18 221.263
26.19 221.685
26.2 221.967
26.21 222.119
26.22 222.224
26.23 222.301
26.24 221.608
26.25 220.896
26.26 219.824
26.27 219.403
26.28 218.111
26.29 217.379
26.3 216.955
26.31 216.61
26.32 216.592
26.33 216.575
26.34 216.575
26.35 216.592
26.36 216.592
26.37 216.592
26.38 216.736
26.39 216.998
26.4 217.185
26.41 217.463
26.42 217.648
26.43 217.749
26.44 217.749
26.45 217.787
26.46 217.9
26.47 217.982
26.48 217.908
26.49 217.796
26.5 217.674
26.51 217.712
26.52 217.749
26.53 217.9
26.54 218.165
26.55 218.391
26.56 218.545
26.57 218.735
26.58 218.765
26.59 218.626
26.6 218.514
26.61 218.19
26.62 217.789
26.63 217.17
26.64 216.591
26.65 216.047
26.66 215.573
26.67 215.206
26.68 214.937
26.69 214.983
26.7 214.785
26.71 214.8
26.72 214.819
26.73 214.805
26.74 214.351
26.75 214.078
26.76 213.043
26.77 212.881
26.78 213.88
26.79 215.975
26.8 219.076
26.81 222.868
26.82 227.097
26.83 229.305
26.84 230.056
26.85 230.056
26.86 230.056
26.87 230.456
26.88 232.338
26.89 235.043
26.9 240.149
26.91 246.094
26.92 254.913
26.93 260.894
26.94 261.687
26.95 261.687
26.96 261.283
26.97 260.914
26.98 260.746
26.99 260.678
27 260.88
27.01 261.081
27.02 261.62
27.03 262.364
27.04 263.249
27.05 263.971
27.06 264.761
27.07 265.459
27.08 265.935
27.09 266.43
27.1 266.667
27.11 266.825
27.12 266.64
27.13 266.331
27.14 265.935
27.15 265.527
27.16 264.666
27.17 263.971
27.18 263.318
27.19 263.1
27.2 263.045
27.21 263.181
27.22 263.568
27.23 264.003
27.24 264.442
27.25 265.119
27.26 265.663
27.27 265.867
27.28 265.867
27.29 265.593
27.3 265.463
27.31 265.187
27.32 265.176
27.33 265.197
27.34 265.051
27.35 265.107
27.36 265.459
27.37 263.546
27.38 260.947
27.39 258.943
27.4 259.412
27.41 259.412
27.42 259.412
27.43 259.412
27.44 259.412
27.45 259.412
27.46 259.412
27.47 257.593
27.48 260.433
27.49 237.208
27.5 235.895
27.51 233.333
27.52 233.463
27.53 234.053
27.54 235.227
27.55 236.997
27.56 238.939
27.57 241.031
27.58 242.579
27.59 244.169
27.6 245.341
27.61 246.119
27.62 246.559
27.63 246.221
27.64 245.63
27.65 244.575
27.66 243.46
27.67 242.435
27.68 241.437
27.69 240.504
27.7 240
27.71 239.633
27.72 239.55
27.73 239.755
27.74 240.213
27.75 240.614
27.76 241.107
27.77 241.313
27.78 241.298
27.79 241.221
27.8 240.856
27.81 240.382
27.82 239.767
27.83 239.107
27.84 238.657
27.85 238.522
27.86 238.437
27.87 238.547
27.88 238.694
27.89 238.747
27.9 238.769
27.91 239.055
27.92 239.508
27.93 239.783
27.94 239.792
27.95 239.735
27.96 239.798
27.97 239.798
27.98 240.099
27.99 240.171
28 240.16
28.01 239.922
28.02 239.922
28.03 240.038
28.04 240.171
28.05 240.16
28.06 240.171
28.07 240.109
28.08 240.038
28.09 239.922
28.1 239.674
28.11 238.624
28.12 237.827
28.13 236.662
28.14 235.23
28.15 233.982
28.16 231.983
28.17 229.688
28.18 226.481
28.19 223.921
28.2 221.216
28.21 217.691
28.22 213.707
28.23 209.769
28.24 205.594
28.25 200.041
28.26 194.559
28.27 192.355
28.28 189.372
28.29 188.82
28.3 188.651
28.31 188.096
28.32 187.42
28.33 186.785
28.34 186.29
28.35 185.554
28.36 184.673
28.37 183.969
28.38 182.708
28.39 181.525
28.4 180.553
28.41 180.049
28.42 180.092
28.43 180
28.44 180.368
28.45 180.738
28.46 180.935
28.47 180.83
28.48 180.83
28.49 180.738
28.5 180.553
28.51 180.344
28.52 179.853
28.53 179.633
28.54 179.542
28.55 179.633
28.56 179.56
28.57 179.853
28.58 180.184
28.59 180.645
28.6 181.202
28.61 181.531
28.62 181.831
28.63 181.575
28.64 181.295
28.65 180.83
28.66 180.54
28.67 180.245
28.68 180.184
28.69 180
28.7 180
28.71 179.951
28.72 180.147
28.73 180.368
28.74 180.738
28.75 181.016
28.76 181.109
28.77 181.332
28.78 181.388
28.79 181.575
28.8 181.575
28.81 181.668
28.82 181.731
28.83 181.668
28.84 181.481
28.85 181.388
28.86 181.202
28.87 181.134
28.88 180.837
28.89 180.645
28.9 180.368
28.91 180.184
28.92 180.147
28.93 179.951
28.94 180
28.95 180.184
28.96 180.368
28.97 180.738
28.98 181.034
28.99 181.202
29 181.295
29.01 181.388
29.02 181.481
29.03 181.332
29.04 181.202
29.05 181.109
29.06 180.923
29.07 180.738
29.08 180.442
29.09 180.344
29.1 180.46
29.11 180.276
29.12 180.276
29.13 180.245
29.14 180.245
29.15 180.276
29.16 180.276
29.17 180.553
29.18 180.738
29.19 181.134
29.2 181.575
29.21 182.137
29.22 182.609
29.23 183.178
29.24 183.75
29.25 183.846
29.26 183.942
29.27 183.942
29.28 183.75
29.29 183.463
29.3 183.14
29.31 182.703
29.32 182.231
29.33 181.949
29.34 182.137
29.35 182.514
29.36 182.893
29.37 183.178
29.38 183.75
29.39 184.23
29.4 184.615
29.41 184.809
29.42 185.072
29.43 185.174
29.44 185.011
29.45 183.75
29.46 182.836
29.47 181.856
29.48 180.632
29.49 180.396
29.5 179.755
29.51 179.414
29.52 179.268
29.53 179.268
29.54 179.268
29.55 178.543
29.56 176.636
29.57 173.871
29.58 173.168
29.59 171.762
29.6 169.615
29.61 168.321
29.62 168.321
29.63 168.321
29.64 168.321
29.65 168.321
29.66 0
29.67 0
29.68 11.419
29.69 0
29.7 441
29.71 441
29.72 441
29.73 446.959
29.74 469.149
29.75 506.897
29.76 506.897
29.77 506.897
29.78 506.897
29.79 506.897
29.8 506.897
29.81 506.897
29.82 612.5
29.83 612.5
29.84 612.5
29.85 612.5
29.86 531.325
29.87 531.325
29.88 531.325
29.89 531.325
29.9 0
29.91 182.231
29.92 182.231
29.93 182.231
29.94 182.231
29.95 182.231
29.96 182.231
29.97 182.231
29.98 182.231
29.99 182.231
30 182.231
30.01 0
30.02 565.385
30.03 565.385
30.04 565.385
30.05 565.385
30.06 565.385
30.07 565.385
30.08 565.385
30.09 565.385
30.1 565.385
30.11 565.385
30.12 565.385
30.13 565.385
30.14 0
30.15 178.687
30.16 178.687
30.17 178.687
30.18 182.447
30.19 179.853
30.2 179.853
30.21 179.853
30.22 179.853
30.23 179.853
30.24 0
30.25 216.176
30.26 0
30.27 198.649
30.28 200.455
30.29 200.82
30.3 201.985
30.31 204.167
30.32 206.654
30.33 209.857
30.34 212.342
30.35 213.485
30.36 212.701
30.37 216.176
30.38 219.116
30.39 223.157
30.4 226.154
30.41 228.755
30.42 231.824
30.43 234.13
30.44 236.991
30.45 238.486
30.46 239.556
30.47 240.589
30.48 243.6
30.49 245.118
30.5 247.899
30.51 255.473
30.52 257.155
30.53 259.367
30.54 260.287
30.55 261.103
30.56 261.373
30.57 261.462
30.58 261.418
30.59 261.433
30.6 261.418
30.61 261.344
30.62 261.418
30.63 262.054
30.64 262.764
30.65 263.637
30.66 264.406
30.67 265.302
30.68 265.846
30.69 266.613
30.7 267.433
30.71 268.165
30.72 268.72
30.73 269.267
30.74 269.597
30.75 269.816
30.76 269.908
30.77 269.954
30.78 269.876
30.79 269.862
30.8 269.816
30.81 269.679
30.82 269.679
30.83 269.542
30.84 269.633
30.85 269.771
30.86 269.816
30.87 269.829
30.88 270.016
30.89 270.368
30.9 270.848
30.91 271.153
30.92 271.431
30.93 271.617
30.94 271.671
30.95 271.71
30.96 271.663
30.97 271.338
30.98 270.875
30.99 270.414
31 270.092
31.01 270.046
31.02 270
31.03 270.092
31.04 270.092
31.05 270.109
31.06 270.276
31.07 270.666
31.08 270.968
31.09 271.107
31.1 271.107
31.11 270.939
31.12 270.829
31.13 271.014
31.14 271.442
31.15 271.71
31.16 272.036
31.17 272.129
31.18 272.268
31.19 272.453
31.2 272.737
31.21 272.868
31.22 272.776
31.23 272.503
31.24 272.222
31.25 272.082
31.26 271.942
31.27 271.942
31.28 272.082
31.29 272.084
31.3 272.038
31.31 271.989
31.32 272.038
31.33 272.082
31.34 271.989
31.35 272.082
31.36 272.314
31.37 272.453
31.38 272.596
31.39 272.776
31.4 272.915
31.41 272.915
31.42 272.924
31.43 272.86
31.44 272.776
31.45 272.503
31.46 272.453
31.47 272.36
31.48 272.314
31.49 272.222
31.5 271.946
31.51 271.756
31.52 271.803
31.53 272.176
31.54 272.409
31.55 272.453
31.56 272.409
31.57 272.406
31.58 272.915
31.59 273.89
31.6 275.201
31.61 275.956
31.62 276.466
31.63 276.715
31.64 277.01
31.65 276.632
31.66 276.47
31.67 276.464
31.68 275.682
31.69 273.13
31.7 270.315
31.71 268.248
31.72 266.868
31.73 265.183
31.74 264.991
31.75 264.991
31.76 264.991
31.77 264.991
31.78 264.165
31.79 262.741
31.8 258.977
31.81 253.448
31.82 243.646
31.83 243.646
31.84 243.646
31.85 243.646
31.86 243.646
31.87 0
31.88 25.8803
31.89 0
31.9 0
31.91 0
31.92 12.6724
31.93 0
31.94 0
31.95 0
31.96 0
31.97 0
31.98 279.114
31.99 279.114
32 279.704
32.01 279.62
32.02 277.941
32.03 276.884
32.04 275.871
32.05 275.22
32.06 274.424
32.07 273.913
32.08 272.784
32.09 271.107
32.1 270.552
32.11 269.862
32.12 269.862
32.13 269.904
32.14 270.221
32.15 271.246
32.16 271.725
32.17 272.896
32.18 273.782
32.19 274.481
32.2 275.403
32.21 276.365
32.22 276.732
32.23 276.729
32.24 276.684
32.25 276.33
32.26 276.128
32.27 276.189
32.28 276.385
32.29 276.401
32.3 276.417
32.31 276.471
32.32 276.524
32.33 276.755
32.34 277.038
32.35 277.11
32.36 277.01
32.37 276.896
32.38 276.896
32.39 277.11
32.4 277.252
32.41 277.568
32.42 277.751
32.43 278.037
32.44 278.251
32.45 278.269
32.46 277.896
32.47 277.428
32.48 276.008
32.49 274.254
32.5 273.824
32.51 273.758
32.52 274.254
32.53 274.807
32.54 275.468
32.55 275.939
32.56 276.613
32.57 276.989
32.58 276.405
32.59 275.36
32.6 274.832
32.61 274.811
32.62 274.697
32.63 274.274
32.64 274.027
32.65 273.26
32.66 271.63
32.67 269.633
32.68 266.063
32.69 266.264
32.7 266.976
32.71 268.975
32.72 269.843
32.73 270.378
32.74 270.865
32.75 271.162
32.76 271.265
32.77 271.256
32.78 271.211
32.79 271.154
32.8 271.255
32.81 271.21
32.82 271.454
32.83 271.418
32.84 271.54
32.85 271.397
32.86 270.895
32.87 271.197
32.88 271.107
32.89 271.803
32.9 273.159
32.91 273.782
32.92 273.913
32.93 274.038
32.94 274.481
32.95 274.832
32.96 275.067
32.97 274.644
32.98 273.965
32.99 272.432
33 270.448
33.01 268.605
33.02 266.212
33.03 265.275
33.04 264.737
33.05 263.846
33.06 263.252
33.07 261.933
33.08 261.038
33.09 250.925
33.1 250.925
33.11 250.925
33.12 209.43
33.13 210
33.14 210.364
33.15 210.772
33.16 210.803
33.17 210.827
33.18 211.117
33.19 211.591
33.2 211.912
33.21 212.342
33.22 212.603
33.23 212.857
33.24 213.206
33.25 214.267
33.26 215.076
33.27 215.688
33.28 216.176
33.29 216.346
33.3 216.503
33.31 216.763
33.32 216.318
33.33 215.448
33.34 215.083
33.35 214.338
33.36 213.627
33.37 212.994
33.38 212.897
33.39 213.085
33.4 213.512
33.41 213.897
33.42 214.456
33.43 214.947
33.44 215.56
33.45 215.922
33.46 215.935
33.47 215.6
33.48 215.231
33.49 215.067
33.5 214.875
33.51 214.773
33.52 214.246
33.53 213.979
33.54 214.145
33.55 214.221
33.56 214.541
33.57 214.88
33.58 215.445
33.59 215.824
33.6 215.992
33.61 216.282
33.62 216.551
33.63 216.676
33.64 217.089
33.65 217.42
33.66 217.43
33.67 217.867
33.68 217.631
33.69 218.317
33.7 218.452
33.71 217.885
33.72 223.178
33.73 253.448
33.74 256.098
33.75 255.854
33.76 255.854
33.77 255.854
33.78 255.854
33.79 255.854
33.8 255.854
33.81 255.854
33.82 255.652
33.83 246.828
33.84 234.503
33.85 233.872
33.86 234.219
33.87 235.222
33.88 236.211
33.89 236.742
33.9 237.548
33.91 238.443
33.92 239.545
33.93 240.967
33.94 241.733
33.95 242.611
33.96 243.137
33.97 243.463
33.98 243.409
33.99 243.482
34 243.425
34.01 242.862
34.02 242.308
34.03 241.971
34.04 241.839
34.05 241.665
34.06 241.691
34.07 241.833
34.08 241.928
34.09 242.012
34.1 241.835
34.11 241.012
34.12 240.1
34.13 239.414
34.14 238.615
34.15 238.11
34.16 237.513
34.17 237.162
34.18 236.947
34.19 236.213
34.2 236.695
34.21 237.097
34.22 237.779
34.23 237.644
34.24 235.326
34.25 234.574
34.26 230.89
34.27 227.32
34.28 222.727
34.29 206.075
34.3 206.075
34.31 206.075
34.32 206.075
34.33 206.075
34.34 0
34.35 537.805
34.36 537.805
34.37 537.805
34.38 490
34.39 490
34.4 490
34.41 490
34.42 490
34.43 490
34.44 490
34.45 490
34.46 490
34.47 490
34.48 490
34.49 490
34.5 0
34.51 0
34.52 0
34.53 0
34.54 0
34.55 0
34.56 0
34.57 0
34.58 528.144
34.59 528.144
34.6 560.593
34.61 531.325
34.62 531.325
34.63 531.325
34.64 531.325
34.65 0
34.66 60.3283
34.67 0
34.68 443.96
34.69 0
34.7 341.86
34.71 286.364
34.72 286.364
34.73 0
34.74 51.0417
34.75 0
34.76 0
34.77 0
34.78 0
34.79 265.663
34.8 256.395
34.81 256.395
34.82 227.32
34.83 219.767
34.84 214.912
34.85 214.599
34.86 215.472
34.87 216.885
34.88 219.992
34.89 221.98
34.9 223.755
34.91 225.265
34.92 227.872
34.93 229.31
34.94 230.862
34.95 234.219
34.96 237.416
34.97 239.674
34.98 242.236
34.99 244.521
35 246.126
35.01 250.194
35.02 252.103
35.03 255.952
35.04 257.94
35.05 259.191
35.06 260.032
35.07 260.88
35.08 261.655
35.09 262.188
35.1 262.999
35.11 263.82
35.12 264.666
35.13 265.663
35.14 266.647
35.15 267.358
35.16 268.039
35.17 269.059
35.18 269.393
35.19 269.364
35.2 269.348
35.21 269.196
35.22 268.822
35.23 268.75
35.24 268.957
35.25 269.165
35.26 269.165
35.27 269.254
35.28 269.607
35.29 270.241
35.3 270.448
35.31 270.829
35.32 270.845
35.33 270.845
35.34 270.748
35.35 270.839
35.36 271.107
35.37 270.839
35.38 270.789
35.39 270.724
35.4 270.619
35.41 270.619
35.42 270.829
35.43 270.968
35.44 271.107
35.45 271.246
35.46 270.968
35.47 270.829
35.48 270.552
35.49 270.138
35.5 270.138
35.51 269.862
35.52 269.725
35.53 269.474
35.54 269.45
35.55 269.587
35.56 269.45
35.57 269.45
35.58 269.313
35.59 269.039
35.6 268.902
35.61 268.902
35.62 268.766
35.63 268.629
35.64 268.629
35.65 268.902
35.66 269.045
35.67 269.176
35.68 269.313
35.69 269.725
35.7 270
35.71 270.414
35.72 270.829
35.73 270.829
35.74 270.691
35.75 270.829
35.76 270.691
35.77 270.691
35.78 270.414
35.79 270.138
35.8 269.862
35.81 269.587
35.82 269.725
35.83 269.725
35.84 269.725
35.85 270.276
35.86 270.829
35.87 271.107
35.88 271.524
35.89 271.524
35.9 271.663
35.91 271.524
35.92 271.246
35.93 270.691
35.94 270
35.95 269.587
35.96 269.313
35.97 269.039
35.98 268.902
35.99 268.629
36 268.766
36.01 269.039
36.02 269.725
36.03 270
36.04 270.138
36.05 270.138
36.06 270.276
36.07 270.276
36.08 270.138
36.09 270
36.1 269.862
36.11 269.725
36.12 269.587
36.13 269.587
36.14 269.725
36.15 269.45
36.16 269.474
36.17 269.587
36.18 269.862
36.19 270.276
36.2 270.552
36.21 270.968
36.22 271.107
36.23 271.107
36.24 271.385
36.25 271.613
36.26 271.803
36.27 271.663
36.28 271.246
36.29 271.107
36.3 270.35
36.31 270
36.32 268.357
36.33 266.58
36.34 265.343
36.35 263.809
36.36 263.809
36.37 263.809
36.38 263.809
36.39 263.809
36.4 262.5
36.41 260.726
36.42 257.593
36.43 252.722
36.44 245
36.45 232.105
36.46 210
36.47 193.421
36.48 193.421
36.49 193.421
36.5 193.421
36.51 193.421
36.52 0
36.53 279.114
36.54 277.11
36.55 275.625
36.56 271.849
36.57 270.552
36.58 269.942
36.59 270
36.6 269.862
36.61 269.469
36.62 269.231
36.63 267.78
36.64 266.403
36.65 265.275
36.66 264.631
36.67 264.165
36.68 263.788
36.69 263.495
36.7 263.196
36.71 263.347
36.72 263.656
36.73 264.369
36.74 264.842
36.75 265.389
36.76 265.663
36.77 266.169
36.78 266.591
36.79 266.817
36.8 267.273
36.81 267.688
36.82 268.423
36.83 269.162
36.84 270.126
36.85 270.905
36.86 271.815
36.87 272.503
36.88 272.86
36.89 273.249
36.9 272.316
36.91 271.725
36.92 270.737
36.93 270.353
36.94 266.304
36.95 261.61
36.96 258.032
36.97 254.097
36.98 251.521
36.99 251.521
37 251.521
37.01 251.521
37.02 251.521
37.03 250.269
37.04 247.939
37.05 243.31
37.06 229.688
37.07 205.01
37.08 200.272
37.09 201.064
37.1 201.633
37.11 202.178
37.12 202.603
37.13 202.759
37.14 202.801
37.15 203.413
37.16 204.062
37.17 204.377
37.18 204.377
37.19 204.588
37.2 205.01
37.21 205.648
37.22 206.396
37.23 207.401
37.24 208.226
37.25 209.057
37.26 210
37.27 210.669
37.28 211.117
37.29 211.567
37.3 212.246
37.31 213.315
37.32 214.078
37.33 214.846
37.34 215.509
37.35 216.288
37.36 217.073
37.37 217.41
37.38 217.863
37.39 218.203
37.4 218.545
37.41 219.185
37.42 219.575
37.43 220.037
37.44 220.384
37.45 220.732
37.46 220.831
37.47 220.721
37.48 220.5
37.49 220.037
37.5 219.231
37.51 218.659
37.52 217.67
37.53 216.96
37.54 216.624
37.55 216.288
37.56 215.954
37.57 215.62
37.58 215.62
37.59 215.842
37.6 216.4
37.61 217.073
37.62 217.863
37.63 218.642
37.64 219.346
37.65 219.921
37.66 220.5
37.67 220.965
37.68 221.386
37.69 221.497
37.7 221.667
37.71 221.432
37.72 221.432
37.73 221.274
37.74 221.053
37.75 220.616
37.76 220.5
37.77 220.384
37.78 220.61
37.79 220.849
37.8 221.082
37.81 221.432
37.82 221.608
37.83 222.054
37.84 222.609
37.85 222.964
37.86 222.952
37.87 222.84
37.88 222.503
37.89 222.019
37.9 221.432
37.91 221.053
37.92 220.61
37.93 220.384
37.94 220.152
37.95 220.037
37.96 220.011
37.97 219.95
37.98 220.353
37.99 220.5
38 220.658
38.01 220.974
38.02 220.206
38.03 220.37
38.04 220.206
38.05 219.701
38.06 219.247
38.07 218.626
38.08 226.541
38.09 238.378
38.1 241.13
38.11 239.891
38.12 239.911
38.13 239.911
38.14 239.911
38.15 239.911
38.16 239.911
38.17 239.911
38.18 240.327
38.19 234.574
38.2 234.325
38.21 236.934
38.22 238.164
38.23 238.468
38.24 239.613
38.25 241.076
38.26 240.924
38.27 241.971
38.28 241.825
38.29 242.247
38.3 242.952
38.31 242.671
38.32 243.26
38.33 242.155
38.34 242.671
38.35 242.55
38.36 242.308
38.37 242.276
38.38 241.235
38.39 240.625
38.4 239.674
38.41 238.359
38.42 237.437
38.43 236.145
38.44 234.574
38.45 233.294
38.46 230.359
38.47 228.235
38.48 224.857
38.49 220.5
38.5 217.241
38.51 213.387
38.52 213.387
38.53 213.387
38.54 213.387
38.55 213.387
38.56 0
38.57 0
38.58 0
38.59 0
38.6 16.9225
38.61 16.9225
38.62 16.9225
38.63 16.9225
38.64 16.9225
38.65 0
38.66 484.615
38.67 484.615
38.68 484.615
38.69 469.149
38.7 454.639
38.71 537.805
38.72 537.805
38.73 537.805
38.74 537.805
38.75 537.805
38.76 537.805
38.77 537.805
38.78 537.805
38.79 469.149
38.8 469.149
38.81 469.149
38.82 469.149
38.83 469.149
38.84 469.149
38.85 469.149
38.86 469.149
38.87 469.149
38.88 580.263
38.89 580.263
38.9 580.263
38.91 588
38.92 588
38.93 588
38.94 588
38.95 588
38.96 588
38.97 560.593
38.98 560.593
38.99 0
39 300
39.01 0
39.02 619.382
39.03 531.325
39.04 531.325
39.05 0
39.06 250.568
39.07 247.753
39.08 234.574
39.09 230.167
39.1 213.043
39.11 213.043
39.12 202.294
39.13 203.538
39.14 207.627
39.15 210
39.16 212.473
39.17 214.646
39.18 217.855
39.19 219.813
39.2 221.608
39.21 225.345
39.22 229.091
39.23 233.157
39.24 236.13
39.25 239.437
39.26 242.689
39.27 245.496
39.28 247.626
39.29 250.827
39.3 252.92
39.31 256.873
39.32 258.439
39.33 259.921
39.34 261.462
39.35 261.752
39.36 261.958
39.37 261.687
39.38 261.148
39.39 260.612
39.4 260.433
39.41 260.077
39.42 260.077
39.43 261.066
39.44 261.876
39.45 263.196
39.46 263.63
39.47 264.997
39.48 266.105
39.49 266.702
39.5 267.116
39.51 267.093
39.52 267.116
39.53 267.116
39.54 267.333
39.55 267.504
39.56 267.522
39.57 267.543
39.58 268.176
39.59 268.475
39.6 269.039
39.61 269.5
39.62 269.8
39.63 270.26
39.64 269.085
39.65 268.902
39.66 269.108
39.67 267.727
39.68 267.42
39.69 267.042
39.7 266.491
39.71 265.307
39.72 266.599
39.73 267.273
39.74 267.408
39.75 267.678
39.76 268.221
39.77 269.039
39.78 269.45
39.79 270.276
39.8 271.107
39.81 271.686
39.82 272.082
39.83 272.222
39.84 271.529
39.85 271.237
39.86 270.777
39.87 270.465
39.88 270.188
39.89 270.025
39.9 269.883
39.91 269.862
39.92 270
39.93 270.276
39.94 270.414
39.95 270.345
39.96 269.961
39.97 269.108
39.98 267.922
39.99 267.042
40 267.093
40.01 267.597
40.02 267.597
40.03 267.529
40.04 267.568
40.05 267.453
40.06 267.105
40.07 266.973
40.08 267.157
40.09 266.921
40.1 266.734
40.11 266.35
40.12 266.019
40.13 264.072
40.14 260.947
40.15 255.159
40.16 256.915
40.17 258.092
40.18 259.014
40.19 259.81
40.2 260.88
40.21 261.592
40.22 262.636
40.23 263.866
40.24 264.6
40.25 265.663
40.26 266.197
40.27 266.644
40.28 266.465
40.29 266.446
40.3 266.255
40.31 266.205
40.32 266.114
40.33 266.093
40.34 266.25
40.35 266.386
40.36 266.658
40.37 266.995
40.38 267.296
40.39 267.753
40.4 268.211
40.41 268.994
40.42 269.542
40.43 270.202
40.44 270.922
40.45 270.936
40.46 271.594
40.47 271.859
40.48 271.663
40.49 271.318
40.5 270.885
40.51 270.374
40.52 270
40.53 269.571
40.54 269.286
40.55 269.19
40.56 269.081
40.57 269.15
40.58 269.46
40.59 269.741
40.6 270.025
40.61 269.942
40.62 270.138
40.63 268.793
40.64 266.847
40.65 265.891
40.66 264.248
40.67 261.462
40.68 261.462
40.69 261.462
40.7 261.462
40.71 261.462
40.72 270
40.73 273.63
40.74 273.573
40.75 273.488
40.76 273.521
40.77 273.529
40.78 273.42
40.79 273.428
40.8 273.347
40.81 273.4
40.82 273.288
40.83 273.173
40.84 273.102
40.85 273.083
40.86 272.955
40.87 272.703
40.88 272.573
40.89 272.432
40.9 271.942
40.91 271.594
40.92 271.334
40.93 271.176
40.94 270.898
40.95 270.898
40.96 270.898
40.97 270.898
40.98 270.829
40.99 270.857
41 271.107
41.01 271.037
41.02 270.829
41.03 270.436
41.04 270.1
41.05 269.976
41.06 269.883
41.07 269.725
41.08 269.462
41.09 269.532
41.1 269.519
41.11 269.519
41.12 269.382
41.13 269.039
41.14 268.484
41.15 268.121
41.16 267.915
41.17 267.597
41.18 267.317
41.19 267.319
41.2 267.42
41.21 267.889
41.22 270.1
41.23 271.385
41.24 273.45
41.25 272.896
41.26 272.896
41.27 272.896
41.28 272.896
41.29 272.896
41.3 272.896
41.31 272.944
41.32 273.45
41.33 271.107
41.34 267.814
41.35 266.159
41.36 266.477
41.37 267.068
41.38 267.478
41.39 267.859
41.4 268.372
41.41 268.86
41.42 269.108
41.43 269.457
41.44 269.676
41.45 269.924
41.46 270.294
41.47 270.722
41.48 272.152
41.49 270.829
41.5 270.894
41.51 270.956
41.52 270.985
41.53 271.452
41.54 271.684
41.55 271.814
41.56 271.909
41.57 271.639
41.58 271.434
41.59 271.188
41.6 270.955
41.61 270.833
41.62 270.503
41.63 270.079
41.64 269.816
41.65 269.359
41.66 269.176
41.67 269.043
41.68 268.902
41.69 268.715
41.7 268.481
41.71 268.239
41.72 268.155
41.73 268.037
41.74 268.148
41.75 268.227
41.76 268.217
41.77 268.419
41.78 268.733
41.79 269.248
41.8 269.572
41.81 269.626
41.82 269.34
41.83 268.902
41.84 268.53
41.85 268.53
41.86 268.605
41.87 268.684
41.88 268.836
41.89 268.967
41.9 269.095
41.91 269.16
41.92 269.362
41.93 269.336
41.94 269.336
41.95 269.176
41.96 268.902
41.97 268.637
41.98 268.001
41.99 267.475
42 263.546
42.01 263.196
42.02 264.216
42.03 264.216
42.04 264.216
42.05 264.216
42.06 264.216
42.07 264.216
42.08 264.216
42.09 264.6
42.1 268.902
42.11 272.222
42.12 273.065
42.13 273.171
42.14 272.77
42.15 272.291
42.16 271.606
42.17 270.968
42.18 270.276
42.19 269.656
42.2 269.382
42.21 269.244
42.22 269.267
42.23 269.5
42.24 271.107
42.25 271.385
42.26 271.613
42.27 271.552
42.28 271.552
42.29 271.552
42.3 271.552
42.31 271.552
42.32 271.477
42.33 271.887
42.34 271.663
42.35 275.625
42.36 262.97
42.37 263.418
42.38 264
42.39 264.413
42.4 264.619
42.41 264.767
42.42 264.619
42.43 264.677
42.44 264.85
42.45 264.751
42.46 264.541
42.47 264.216
42.48 264.015
42.49 263.768
42.5 263.855
42.51 263.963
42.52 264.155
42.53 264.158
42.54 264.315
42.55 264.413
42.56 264.365
42.57 264.442
42.58 264.577
42.59 264.27
42.6 263.866
42.61 263.336
42.62 262.645
42.63 261.669
42.64 260.01
42.65 257.698
42.66 254.713
42.67 251.232
42.68 248.381
42.69 243.505
42.7 240.691
42.71 236.573
42.72 234.247
42.73 234.574
42.74 242.012
42.75 249.623
42.76 250.925
42.77 252.92
42.78 253.897
42.79 254.545
42.8 254.75
42.81 254.563
42.82 254.913
42.83 255.504
42.84 256.045
42.85 255.405
42.86 255.027
42.87 253.184
42.88 252.16
42.89 248.514
42.9 244.26
42.91 238.809
42.92 238.3
42.93 238.947
42.94 240.06
42.95 241.172
42.96 242.214
42.97 242.814
42.98 243.322
42.99 243.671
43 243.078
43.01 242.419
43.02 241.423
43.03 240.208
43.04 239.55
43.05 239.302
43.06 239.302
43.07 239.432
43.08 239.736
43.09 239.984
43.1 240.233
43.11 240.233
43.12 240.109
43.13 239.869
43.14 239.604
43.15 239.241
43.16 238.836
43.17 238.809
43.18 239.024
43.19 238.522
43.2 242.793
43.21 245
43.22 244.506
43.23 245
43.24 245
43.25 244.506
43.26 245
43.27 245.341
43.28 247.753
43.29 256.395
43.3 252.16
43.31 241.172
43.32 237.329
43.33 232.841
43.34 228.794
43.35 228.794
43.36 221.103
43.37 211.511
43.38 207.181
43.39 205.253
43.4 205.754
43.41 206.654
43.42 207.46
43.43 208.128
43.44 208.704
43.45 209.041
43.46 209.439
43.47 210.303
43.48 210.918
43.49 211.323
43.5 212.019
43.51 212.811
43.52 213.577
43.53 214.463
43.54 215.332
43.55 216.176
43.56 216.53
43.57 217.339
43.58 217.993
43.59 218.203
43.6 218.203
43.61 218.09
43.62 217.778
43.63 217.636
43.64 217.636
43.65 217.749
43.66 217.863
43.67 218.203
43.68 218.642
43.69 219.116
43.7 219.46
43.71 219.691
43.72 219.921
43.73 220.17
43.74 220.268
43.75 220.152
43.76 219.921
43.77 220.037
43.78 220.17
43.79 220.152
43.8 220.037
43.81 220.037
43.82 220.152
43.83 220.17
43.84 220.384
43.85 220.384
43.86 220.5
43.87 220.942
43.88 221.274
43.89 221.784
43.9 222.019
43.91 222.019
43.92 221.719
43.93 221.386
43.94 220.965
43.95 220.268
43.96 219.691
43.97 218.887
43.98 217.863
43.99 217.185
44 216.736
44.01 216.4
44.02 216.288
44.03 216.288
44.04 216.848
44.05 217.41
44.06 218.09
44.07 218.659
44.08 219.512
44.09 219.95
44.1 220.732
44.11 220.965
44.12 220.965
44.13 220.942
44.14 220.831
44.15 220.5
44.16 220.152
44.17 219.921
44.18 219.512
44.19 219.294
44.2 218.887
44.21 218.545
44.22 218.317
44.23 217.976
44.24 217.993
44.25 217.976
44.26 218.203
44.27 218.659
44.28 218.887
44.29 219.185
44.3 219.346
44.31 219.346
44.32 219.346
44.33 219.346
44.34 219.622
44.35 219.731
44.36 219.806
44.37 220.037
44.38 220.152
44.39 220.28
44.4 220.5
44.41 220.732
44.42 220.849
44.43 221.082
44.44 221.608
44.45 221.831
44.46 222.255
44.47 222.609
44.48 222.84
44.49 223.103
44.5 223.433
44.51 223.596
44.52 223.548
44.53 220.658
44.54 219.04
44.55 216.743
44.56 216.088
44.57 214.646
44.58 213.25
44.59 212.019
44.6 212.701
44.61 213.663
44.62 214.375
44.63 215.385
44.64 215.984
44.65 217.701
44.66 219.185
44.67 220.5
44.68 220.5
44.69 220
44.7 220.721
44.71 221.98
44.72 222.868
44.73 225.383
44.74 229.091
44.75 235.075
44.76 237.157
44.77 237.889
44.78 238.378
44.79 238.501
44.8 238.624
44.81 238.87
44.82 238.949
44.83 238.87
44.84 238.809
44.85 238.932
44.86 239.179
44.87 239.426
44.88 239.55
44.89 239.302
44.9 238.809
44.91 238.133
44.92 237.705
44.93 237.401
44.94 236.975
44.95 236.6
44.96 236.733
44.97 237.097
44.98 238.194
44.99 239.736
45 241.628
45.01 250.976
45.02 250.568
45.03 250
45.04 249.409
45.05 249.409
45.06 249.409
45.07 249.409
45.08 249.409
45.09 249.409
45.1 249.293
45.11 248.751
45.12 248.151
45.13 241.549
45.14 238.068
45.15 237.449
45.16 237.449
45.17 237.974
45.18 238.311
45.19 238.563
45.2 238.87
45.21 239.179
45.22 239.492
45.23 239.674
45.24 239.977
45.25 239.984
45.26 239.922
45.27 239.856
45.28 239.922
45.29 240.038
45.3 240.296
45.31 240.545
45.32 240.831
45.33 240.984
45.34 240.953
45.35 241.046
45.36 241.109
45.37 241.382
45.38 241.423
45.39 241.403
45.4 241.423
45.41 241.69
45.42 242.122
45.43 242.804
45.44 243.365
45.45 243.711
45.46 243.646
45.47 243.839
45.48 243.678
45.49 243.365
45.5 243.135
45.51 242.618
45.52 242.118
45.53 241.567
45.54 240.984
45.55 240.823
45.56 240.707
45.57 240.57
45.58 240.366
45.59 239.935
45.6 239.674
45.61 239.179
45.62 238.045
45.63 237.403
45.64 233.51
45.65 231.654
45.66 228.64
45.67 226.32
45.68 224.461
45.69 213.59
45.7 204.799
45.71 183.75
45.72 180
45.73 177.966
45.74 177.188
45.75 176.501
45.76 175.955
45.77 175.536
45.78 175.048
45.79 174.332
45.8 173.622
45.81 173.199
45.82 172.434
45.83 172.124
45.84 172.124
45.85 172.458
45.86 173.191
45.87 174.275
45.88 176.016
45.89 177.823
45.9 179.22
45.91 180.46
45.92 181.481
45.93 182.28
45.94 183.454
45.95 183.942
45.96 184.086
45.97 183.903
45.98 183.695
45.99 183.128
46 182.352
46.01 181.579
46.02 180.872
46.03 180.368
46.04 179.81
46.05 179.873
46.06 180.138
46.07 180.414
46.08 180.786
46.09 181.073
46.1 181.342
46.11 181.715
46.12 182.043
46.13 182.134
46.14 182.231
46.15 182.181
46.16 182.332
46.17 182.332
46.18 182.561
46.19 182.816
46.2 182.963
46.21 183.178
46.22 183.307
46.23 183.273
46.24 183.178
46.25 183.13
46.26 183.061
46.27 182.963
46.28 182.836
46.29 182.533
46.3 182.278
46.31 182.086
46.32 182.031
46.33 181.92
46.34 181.842
46.35 181.511
46.36 181.481
46.37 181.304
46.38 181.332
46.39 181.125
46.4 181.343
46.41 181.481
46.42 181.691
46.43 181.897
46.44 182.124
46.45 181.981
46.46 181.781
46.47 181.92
46.48 182.064
46.49 182.231
46.5 182.282
46.51 182.382
46.52 182.609
46.53 182.961
46.54 183.19
46.55 183.467
46.56 183.444
46.57 183.339
46.58 183.304
46.59 183.087
46.6 183.024
46.61 182.76
46.62 182.315
46.63 182.148
46.64 182.437
46.65 182.757
46.66 182.823
46.67 183.219
46.68 183.55
46.69 183.683
46.7 183.992
46.71 184.134
46.72 184.341
46.73 184.057
46.74 182.432
46.75 181.831
46.76 181.202
46.77 181.35
46.78 181.109
46.79 180.95
46.8 181.143
46.81 181.399
46.82 181.588
46.83 181.856
46.84 182.609
46.85 182.988
46.86 180.738
46.87 180.738
46.88 180.738
46.89 157.5
46.9 157.5
46.91 157.5
46.92 157.5
46.93 0
46.94 143.182
46.95 143.182
46.96 143.182
46.97 143.182
46.98 143.182
46.99 143.182
47 143.182
47.01 143.182
47.02 143.182
47.03 143.182
47.04 0
47.05 51.8824
47.06 49.6063
47.07 49.6063
47.08 0
47.09 575.217
47.1 0
47.11 435.197
47.12 0
47.13 0
47.14 45.9375
47.15 45.9375
47.16 45.9375
47.17 0
47.18 46.0334
47.19 46.0334
47.2 46.0334
47.21 46.0334
47.22 46.0334
47.23 0
47.24 207.367
47.25 196.875
47.26 196.875
47.27 0
47.28 45.1844
47.29 45.1844
47.3 45.1844
47.31 45.1844
47.32 45.1844
47.33 45.1844
47.34 45.1844
47.35 50.3808
47.36 53.1966
47.37 53.1966
47.38 54.8507
47.39 54.8507
47.4 54.8507
47.41 54.8507
47.42 54.8507
47.43 54.8507
47.44 54.8507
47.45 0
47.46 0
47.47 0
47.48 0
47.49 0
47.5 0
47.51 539
47.52 651.266
47.53 651.266
47.54 0
47.55 187.926
47.56 189.27
47.57 190.086
47.58 235.829
47.59 235.829
47.6 235.829
47.61 198.649
47.62 198.649
47.63 196.875
47.64 196.875
47.65 198.873
47.66 201.985
47.67 206.426
47.68 209.203
47.69 211.698
47.7 213.807
47.71 215.628
47.72 216.689
47.73 218.781
47.74 220.246
47.75 222.045
47.76 227.571
47.77 230.666
47.78 232.923
47.79 235.649
47.8 240.011
47.81 243.465
47.82 245.759
47.83 248.018
47.84 249.766
47.85 251.384
47.86 252.722
47.87 253.62
47.88 254.139
47.89 254.489
47.9 254.581
47.91 254.709
47.92 254.697
47.93 254.796
47.94 255.063
47.95 255.405
47.96 256.212
47.97 257.355
47.98 258.272
47.99 259.607
48 259.615
48.01 261.705
48.02 261.851
48.03 262.761
48.04 263.546
48.05 264.188
48.06 264.962
48.07 265.663
48.08 265.788
48.09 265.663
48.1 265.537
48.11 264.835
48.12 264.189
48.13 263.51
48.14 263.013
48.15 262.351
48.16 261.876
48.17 261.65
48.18 261.584
48.19 261.876
48.2 262.273
48.21 263.126
48.22 263.651
48.23 264.211
48.24 265.263
48.25 266.383
48.26 267.487
48.27 268.593
48.28 269.289
48.29 269.439
48.3 269.471
48.31 269.806
48.32 269.824
48.33 269.755
48.34 269.598
48.35 269.224
48.36 268.969
48.37 268.629
48.38 268.466
48.39 268.137
48.4 268.168
48.41 268.235
48.42 268.568
48.43 268.902
48.44 269.382
48.45 270
48.46 270.396
48.47 270.911
48.48 270.975
48.49 271.038
48.5 270.839
48.51 270.386
48.52 269.826
48.53 269.328
48.54 268.781
48.55 268.273
48.56 267.791
48.57 267.543
48.58 267.307
48.59 267.309
48.6 267.138
48.61 267.238
48.62 267.237
48.63 267.543
48.64 267.722
48.65 267.998
48.66 268.357
48.67 268.698
48.68 268.971
48.69 269.176
48.7 269.176
48.71 269.176
48.72 269.039
48.73 268.766
48.74 268.624
48.75 268.629
48.76 268.902
48.77 269.042
48.78 269.322
48.79 269.656
48.8 270.276
48.81 270.829
48.82 271.315
48.83 271.663
48.84 271.743
48.85 271.663
48.86 271.663
48.87 271.246
48.88 271.107
48.89 270.76
48.9 270.276
48.91 269.862
48.92 269.587
48.93 269.382
48.94 269.182
48.95 268.902
48.96 268.766
48.97 268.415
48.98 268.137
48.99 267.949
49 267.86
49.01 267.742
49.02 267.641
49.03 267.814
49.04 267.783
49.05 267.814
49.06 268.338
49.07 268.248
49.08 267.492
49.09 266.847
49.1 266.797
49.11 266.595
49.12 266.235
49.13 265.791
49.14 265.227
49.15 264.489
49.16 263.465
49.17 266.304
49.18 268.902
49.19 267.7
49.2 267.343
49.21 266.868
49.22 266.403
49.23 266.331
49.24 266.235
49.25 266.264
49.26 266.771
49.27 267.07
49.28 267.654
49.29 268.338
49.3 268.698
49.31 269.583
49.32 269.964
49.33 270.071
49.34 270.609
49.35 270.986
49.36 270.703
49.37 270.624
49.38 270.48
49.39 270.376
49.4 270.207
49.41 269.904
49.42 269.862
49.43 269.656
49.44 269.176
49.45 268.971
49.46 268.766
49.47 268.766
49.48 268.974
49.49 269.131
49.5 269.624
49.51 270.149
49.52 271.405
49.53 271.878
49.54 272.375
49.55 272.503
49.56 272.07
49.57 270.829
49.58 270
49.59 269.08
49.6 268.583
49.61 268.159
49.62 267.958
49.63 267.678
49.64 267.408
49.65 267.238
49.66 267.307
49.67 267.611
49.68 267.998
49.69 268.207
49.7 268.221
49.71 268.137
49.72 268.176
49.73 268.404
49.74 268.83
49.75 268.981
49.76 269.293
49.77 269.577
49.78 269.681
49.79 269.725
49.8 269.816
49.81 269.492
49.82 269.155
49.83 268.575
49.84 268.046
49.85 267.789
49.86 267.475
49.87 267.169
49.88 266.894
49.89 266.667
49.9 266.757
49.91 266.894
49.92 267.273
49.93 267.514
49.94 267.722
49.95 267.814
49.96 267.86
49.97 268.137
49.98 268.493
49.99 268.971
50 269.244
50.01 269.244
50.02 269.176
50.03 269.382
50.04 269.519
50.05 269.794
50.06 269.862
50.07 269.931
50.08 269.725
50.09 269.742
50.1 269.656
50.11 269.656
50.12 269.519
50.13 269.519
50.14 269.45
50.15 269.725
50.16 269.794
50.17 270.138
50.18 270.138
50.19 270.138
50.2 270.345
50.21 270.483
50.22 270.552
50.23 270.552
50.24 270.276
50.25 270
50.26 269.931
50.27 270
50.28 270.276
50.29 270.414
50.3 270.414
50.31 270.207
50.32 270.069
50.33 270.069
50.34 270.138
50.35 269.831
50.36 269.702
50.37 269.702
50.38 270
50.39 270.703
50.4 272.006
50.41 273.428
50.42 274.909
50.43 275.769
50.44 276.265
50.45 277.708
50.46 275.625
50.47 274.481
50.48 273.347
50.49 272.446
50.5 272.025
50.51 271.385
50.52 271.265
50.53 271.265
50.54 271.265
50.55 270.345
50.56 268.605
50.57 269.45
50.58 269.862
50.59 270.414
50.6 270.983
50.61 271.498
50.62 271.743
50.63 271.964
50.64 272.126
50.65 272.316
50.66 272.519
50.67 272.548
50.68 272.462
50.69 272.74
50.7 272.703
50.71 272.481
50.72 271.789
50.73 271.265
50.74 270.808
50.75 269.725
50.76 267.597
50.77 266.651
50.78 264.504
50.79 262.5
50.8 260.638
50.81 259.412
50.82 257.895
50.83 256.395
50.84 259.412
50.85 259.412
50.86 259.412
50.87 259.412
50.88 233.864
50.89 233.864
50.9 233.864
50.91 233.581
50.92 237.097
50.93 237.95
50.94 237.95
50.95 239.062
50.96 239.521
50.97 239.263
50.98 238.99
50.99 238.718
51 238.311
51.01 238.175
51.02 237.698
51.03 237.77
51.04 237.827
51.05 237.827
51.06 237.827
51.07 238.027
51.08 238.194
51.09 238.194
51.1 238.194
51.11 238.194
51.12 238.194
51.13 0
51.14 0
51.15 256.395
51.16 256.395
51.17 256.395
51.18 256.395
51.19 256.993
51.2 259.208
51.21 260.866
51.22 263.663
51.23 264.969
51.24 267.217
51.25 267.912
51.26 270.051
51.27 271.421
51.28 272.095
51.29 272.162
51.3 271.782
51.31 271.3
51.32 270.672
51.33 270.092
51.34 269.319
51.35 268.629
51.36 267.647
51.37 267.175
51.38 266.939
51.39 267.273
51.4 267.778
51.41 269.239
51.42 270.609
51.43 272.093
51.44 273.782
51.45 275.901
51.46 277.358
51.47 278.233
51.48 278.269
51.49 277.848
51.5 276.871
51.51 275.195
51.52 273.709
51.53 272.784
51.54 271.681
51.55 270.968
51.56 269.78
51.57 269.372
51.58 268.575
51.59 269.01
51.6 269.683
51.61 272.437
51.62 272.503
51.63 273.951
51.64 275.478
51.65 275.075
51.66 275.487
51.67 275.901
51.68 276.085
51.69 276.454
51.7 277.181
51.71 276.634
51.72 276.316
51.73 276.177
51.74 276.039
51.75 275.912
51.76 275.625
51.77 275.487
51.78 275.052
51.79 274.938
51.8 274.527
51.81 274.527
51.82 274.527
51.83 274.766
51.84 274.92
51.85 274.902
51.86 275.134
51.87 275.312
51.88 275.379
51.89 275.338
51.9 275.052
51.91 274.39
51.92 273.771
51.93 272.924
51.94 271.942
51.95 268.308
51.96 267.647
51.97 267.647
51.98 267.647
51.99 267.647
52 267.543
52.01 266.734
52.02 266.121
52.03 264.865
52.04 265.663
52.05 294
52.06 290.827
52.07 289.316
52.08 287.826
52.09 287.074
52.1 285.173
52.11 284.359
52.12 283.353
52.13 282.883
52.14 282.272
52.15 280.234
52.16 278.095
52.17 276.642
52.18 275.428
52.19 274.451
52.2 274.33
52.21 274.506
52.22 274.746
52.23 274.922
52.24 275.243
52.25 275.457
52.26 275.537
52.27 275.312
52.28 274.889
52.29 274.481
52.3 273.913
52.31 273.488
52.32 273.302
52.33 273.065
52.34 272.503
52.35 272.222
52.36 272.222
52.37 272.362
52.38 272.222
52.39 272.222
52.4 272.222
52.41 272.222
52.42 272.222
52.43 272.503
52.44 272.784
52.45 272.784
52.46 272.896
52.47 272.924
52.48 272.924
52.49 272.924
52.5 273.031
52.51 273.206
52.52 273.488
52.53 273.771
52.54 273.981
52.55 274.197
52.56 274.339
52.57 274.39
52.58 274.527
52.59 274.624
52.6 274.766
52.61 274.664
52.62 274.39
52.63 274.055
52.64 273.913
52.65 273.845
52.66 274.055
52.67 274.197
52.68 274.055
52.69 273.573
52.7 273.206
52.71 272.362
52.72 271.385
52.73 270.414
52.74 268.766
52.75 266.868
52.76 265.107
52.77 263.153
52.78 261.148
52.79 258.618
52.8 257.175
52.81 255.491
52.82 254.512
52.83 254.211
52.84 253.846
52.85 254.338
52.86 254.977
52.87 255.546
52.88 256.239
52.89 257.33
52.9 258.11
52.91 259.135
52.92 259.751
52.93 259.848
52.94 258.904
52.95 257.895
52.96 254.913
52.97 254.913
52.98 247.753
52.99 247.753
53 247.753
53.01 247.753
53.02 247.753
53.03 292.268
53.04 290.132
53.05 290.132
53.06 277.358
53.07 265.663
53.08 265.663
53.09 258.398
53.1 258.398
53.11 229.688
53.12 229.688
53.13 220.5
53.14 220.5
53.15 220.5
53.16 220.5
53.17 220.5
53.18 0
53.19 595.946
53.2 595.946
53.21 537.805
53.22 518.824
53.23 518.824
53.24 544.444
53.25 546.694
53.26 558.228
53.27 558.228
53.28 558.228
53.29 558.228
53.3 545.792
53.31 558.228
53.32 558.228
53.33 542.213
53.34 544.444
53.35 544.444
53.36 544.444
53.37 544.444
53.38 544.444
53.39 0
53.4 20.2852
53.41 0
53.42 0
53.43 0
53.44 26.6949
53.45 0
53.46 344.531
53.47 344.531
53.48 344.531
53.49 0
53.5 204.167
53.51 204.167
53.52 204.167
53.53 0
53.54 0
53.55 0
53.56 252.481
53.57 248.311
53.58 239.241
53.59 238.378
53.6 238.593
53.61 240.4
53.62 242.187
53.63 245.195
53.64 247.753
53.65 250.493
53.66 252.703
53.67 256.326
53.68 259.703
53.69 263.486
53.7 267.404
53.71 272.772
53.72 274.924
53.73 276.634
53.74 277.537
53.75 278.409
53.76 279.468
53.77 280.222
53.78 280.892
53.79 282.008
53.8 282.16
53.81 283.487
53.82 285.935
53.83 287.135
53.84 289.286
53.85 290.415
53.86 291.552
53.87 293.131
53.88 294.907
53.89 295.973
53.9 296.586
53.91 296.586
53.92 295.973
53.93 295.059
53.94 294.582
53.95 293.855
53.96 293.098
53.97 292.202
53.98 291.607
53.99 291.163
54 291.015
54.01 290.868
54.02 290.868
54.03 290.868
54.04 291.163
54.05 291.459
54.06 291.311
54.07 291.311
54.08 291.204
54.09 291.311
54.1 291.459
54.11 291.756
54.12 291.904
54.13 291.607
54.14 291.163
54.15 291.015
54.16 290.72
54.17 290.72
54.18 290.573
54.19 290.437
54.2 289.979
54.21 289.838
54.22 289.692
54.23 289.838
54.24 290.426
54.25 291.015
54.26 291.459
54.27 292.053
54.28 292.5
54.29 292.948
54.3 293.398
54.31 293.71
54.32 294
54.33 293.849
54.34 293.699
54.35 293.548
54.36 293.548
54.37 293.699
54.38 293.548
54.39 293.248
54.4 293.098
54.41 292.649
54.42 292.202
54.43 291.756
54.44 291.204
54.45 290.437
54.46 289.985
54.47 289.545
54.48 289.399
54.49 289.107
54.5 288.962
54.51 288.816
54.52 288.671
54.53 288.613
54.54 288.764
54.55 288.764
54.56 288.525
54.57 288.38
54.58 288.235
54.59 288.525
54.6 288.962
54.61 289.253
54.62 289.218
54.63 288.764
54.64 288.311
54.65 287.946
54.66 287.224
54.67 286.65
54.68 285.77
54.69 284.737
54.7 283.857
54.71 283.419
54.72 283.273
54.73 283.857
54.74 284.657
54.75 285.935
54.76 287.513
54.77 289.107
54.78 290.437
54.79 291.459
54.8 292.649
54.81 293.699
54.82 294.302
54.83 294.453
54.84 294.604
54.85 294.302
54.86 294.302
54.87 294.151
54.88 294.453
54.89 294.756
54.9 295.211
54.91 295.668
54.92 296.279
54.93 296.341
54.94 296.489
54.95 296.194
54.96 295.606
54.97 294.756
54.98 292.649
54.99 274.938
55 266.304
55.01 262.216
55.02 260.228
55.03 260.228
55.04 260.228
55.05 260.287
55.06 260.228
55.07 260.228
55.08 259.63
55.09 257.593
55.1 253.448
55.11 259.836
55.12 262.638
55.13 264.554
55.14 266.133
55.15 267.58
55.16 268.483
55.17 268.944
55.18 268.657
55.19 268.223
55.2 267.647
55.21 267.138
55.22 266.885
55.23 266.644
55.24 266.567
55.25 266.534
55.26 266.749
55.27 267.159
55.28 267.551
55.29 267.814
55.3 268.165
55.31 268.533
55.32 268.902
55.33 269.359
55.34 269.69
55.35 270.109
55.36 270.644
55.37 271.246
55.38 271.896
55.39 272.549
55.4 272.822
55.41 273.146
55.42 273.332
55.43 273.525
55.44 273.745
55.45 273.797
55.46 274.076
55.47 274.01
55.48 273.959
55.49 273.913
55.5 273.797
55.51 273.936
55.52 274.005
55.53 273.936
55.54 273.771
55.55 273.424
55.56 273.007
55.57 272.453
55.58 272.176
55.59 271.763
55.6 271.153
55.61 270.368
55.62 269.542
55.63 268.58
55.64 266.317
55.65 257.25
55.66 252.16
55.67 247.29
55.68 245.182
55.69 243.726
55.7 242.308
55.71 240.545
55.72 239.964
55.73 239.414
55.74 239.55
55.75 240.421
55.76 242.793
55.77 245
55.78 249.153
55.79 252
55.8 255.106
55.81 258.486
55.82 260.077
55.83 261.148
55.84 261.014
55.85 259.944
55.86 258.444
55.87 256.655
55.88 254.913
55.89 253.829
55.9 252.788
55.91 251.738
55.92 250.66
55.93 250.184
55.94 249.401
55.95 249.032
55.96 249.059
55.97 248.535
55.98 247.606
55.99 245.682
56 243.199
56.01 238.73
56.02 239.096
56.03 232.923
56.04 227.789
56.05 227.789
56.06 227.789
56.07 227.789
56.08 227.789
56.09 0
56.1 189.96
56.11 190.964
56.12 191.837
56.13 192.857
56.14 194.178
56.15 195.133
56.16 196.506
56.17 197.181
56.18 197.677
56.19 197.758
56.2 197.832
56.21 197.906
56.22 197.832
56.23 197.919
56.24 197.935
56.25 197.758
56.26 197.497
56.27 197.289
56.28 197.289
56.29 197.497
56.3 197.601
56.31 198.019
56.32 198.45
56.33 199.707
56.34 201.316
56.35 202.841
56.36 204.836
56.37 207.367
56.38 209.115
56.39 210.557
56.4 211.454
56.41 211.454
56.42 211.005
56.43 210.222
56.44 209.446
56.45 209.005
56.46 209.005
56.47 211.511
56.48 214.551
56.49 217.713
56.5 220.991
56.51 222.478
56.52 224.085
56.53 225.5
56.54 225.2
56.55 223.513
56.56 221.274
56.57 217.113
56.58 213.818
56.59 212.428
56.6 211.417
56.61 210.501
56.62 211.249
56.63 211.567
56.64 212.731
56.65 213.267
56.66 214.078
56.67 214.309
56.68 215.122
56.69 215.161
56.7 214.808
56.71 213.991
56.72 213.27
56.73 212.337
56.74 212.55
56.75 213.369
56.76 214.429
56.77 215.409
56.78 216.066
56.79 216.285
56.8 215.905
56.81 215.851
56.82 216.449
56.83 217.049
56.84 216.612
56.85 215.737
56.86 214.051
56.87 213.62
56.88 213.512
56.89 214.592
56.9 215.31
56.91 215.136
56.92 214.987
56.93 214.826
56.94 215.792
56.95 216.995
56.96 218.539
56.97 218.984
56.98 218.095
56.99 217.635
57 217.744
57.01 218.454
57.02 218.761
57.03 218.18
57.04 217.654
57.05 216.831
57.06 218.04
57.07 219.319
57.08 219.279
57.09 218.838
57.1 219.567
57.11 219.444
57.12 220.5
57.13 220.953
57.14 220.221
57.15 219.058
57.16 218.893
57.17 219.666
57.18 219.992
57.19 219.61
57.2 219.003
57.21 219.113
57.22 220.166
57.23 220.557
57.24 219.943
57.25 218.897
57.26 219.211
57.27 218.984
57.28 218.666
57.29 218.101
57.3 217.945
57.31 217.787
57.32 217.863
57.33 217.749
57.34 217.825
57.35 217.648
57.36 217.426
57.37 217.41
57.38 217.41
57.39 217.223
57.4 216.848
57.41 216.474
57.42 216.506
57.43 216.624
57.44 217.073
57.45 217.373
57.46 217.599
57.47 217.749
57.48 217.833
57.49 218.131
57.5 218.393
57.51 218.431
57.52 218.466
57.53 218.131
57.54 217.9
57.55 217.674
57.56 217.523
57.57 217.378
57.58 217.178
57.59 217.047
57.6 216.808
57.61 216.53
57.62 216.353
57.63 215.941
57.64 215.409
57.65 214.338
57.66 212.838
57.67 208.019
57.68 208.019
57.69 208.019
57.7 208.019
57.71 208.019
57.72 0
57.73 479.348
57.74 479.348
57.75 479.348
57.76 479.348
57.77 479.348
57.78 479.348
57.79 479.348
57.8 0
57.81 275.625
57.82 275.625
57.83 275.625
57.84 0
57.85 275.625
57.86 0
57.87 268.248
57.88 268.248
57.89 268.248
57.9 285.129
57.91 253.448
57.92 253.448
57.93 253.448
57.94 275.625
57.95 275.625
57.96 275.625
57.97 0
57.98 27.4595
57.99 27.4595
58 23.2841
58.01 23.2841
58.02 23.2841
58.03 23.2841
58.04 23.2841
58.05 23.2841
58.06 23.2841
58.07 0
58.08 0
58.09 0
58.1 0
58.11 214.078
58.12 215.648
58.13 212.786
58.14 208.915
58.15 204.482
58.16 203.132
58.17 199.728
58.18 198.649
58.19 197.463
58.2 196.75
58.21 195.938
58.22 193.885
58.23 194.151
58.24 193.717
58.25 194.989
58.26 199.806
58.27 201.501
58.28 204.98
58.29 206.289
58.3 211.005
58.31 212.95
58.32 214.972
58.33 216.426
58.34 218.505
58.35 220.174
58.36 220.815
58.37 222.517
58.38 224.335
58.39 227.395
58.4 230.101
58.41 233.428
58.42 236.757
58.43 239.488
58.44 240.831
58.45 241.998
58.46 243.053
58.47 244.18
58.48 245.571
58.49 246.231
58.5 247.68
58.51 248.762
58.52 250.731
58.53 252.536
58.54 255.815
58.55 258.062
58.56 259.208
58.57 259.944
58.58 260.21
58.59 260.344
58.6 260.277
58.61 260.21
58.62 260.411
58.63 260.612
58.64 261.014
58.65 261.687
58.66 262.633
58.67 264.003
58.68 265.255
58.69 266.345
58.7 267.238
58.71 268.017
58.72 268.902
58.73 269.519
58.74 270
58.75 270.691
58.76 270.968
58.77 271.197
58.78 271.385
58.79 271.246
58.8 271.037
58.81 270.691
58.82 270.414
58.83 270.414
58.84 270.345
58.85 270.691
58.86 271.524
58.87 272.222
58.88 273.065
58.89 274.126
58.9 274.924
58.91 275.836
58.92 276.118
58.93 275.89
58.94 272.971
58.95 268.248
58.96 265.206
58.97 263.022
58.98 262.947
58.99 262.001
59 262.001
59.01 262.384
59.02 262.384
59.03 262.384
59.04 261.851
59.05 261.687
59.06 261.256
59.07 244.547
59.08 237.722
59.09 236.934
59.1 237.347
59.11 237.965
59.12 238.611
59.13 239.344
59.14 240.245
59.15 240.963
59.16 241.52
59.17 241.886
59.18 242.058
59.19 242.017
59.2 242.1
59.21 242.226
59.22 242.392
59.23 242.924
59.24 243.436
59.25 243.709
59.26 243.957
59.27 244.11
59.28 244.29
59.29 244.279
59.3 244.342
59.31 244.237
59.32 243.957
59.33 243.478
59.34 243.352
59.35 243.212
59.36 243.143
59.37 243.212
59.38 243.412
59.39 243.646
59.4 243.941
59.41 244.582
59.42 245.294
59.43 246.136
59.44 246.729
59.45 247.283
59.46 247.542
59.47 247.668
59.48 247.753
59.49 247.71
59.5 247.626
59.51 247.496
59.52 247.206
59.53 246.814
59.54 246.452
59.55 246.178
59.56 246.036
59.57 245.84
59.58 245.588
59.59 245.294
59.6 245.128
59.61 245.21
59.62 245.426
59.63 245.662
59.64 245.883
59.65 245.911
59.66 246.009
59.67 246.077
59.68 245.84
59.69 245.504
59.7 245.084
59.71 244.703
59.72 244.29
59.73 243.773
59.74 243.402
59.75 242.766
59.76 242.058
59.77 241.025
59.78 239.674
59.79 237.787
59.8 234.863
59.81 232.367
59.82 227.262
59.83 223.744
59.84 220.849
59.85 218.642
59.86 216.229
59.87 213.016
59.88 210.108
59.89 206.773
59.9 203.434
59.91 199.78
59.92 196.205
59.93 193.953
59.94 191.462
59.95 189.421
59.96 186.991
59.97 184.821
59.98 182.951
59.99 181.399
60 180.163
60.01 179.026
60.02 178.33
60.03 178.302
60.04 178.135
60.05 178.062
60.06 177.961
60.07 177.918
60.08 177.937
60.09 178.035
60.1 178.028
60.11 177.88
60.12 177.593
60.13 177.303
60.14 177.465
60.15 177.747
60.16 178.222
60.17 178.995
60.18 179.56
60.19 180.645
60.2 181.262
60.21 182.054
60.22 182.854
60.23 183.39
60.24 183.559
60.25 183.495
60.26 183.48
60.27 183.178
60.28 182.988
60.29 182.798
60.3 182.609
60.31 182.42
60.32 182.231
60.33 182.703
60.34 183.083
60.35 183.75
60.36 184.134
60.37 184.519
60.38 184.712
60.39 184.809
60.4 184.615
60.41 184.519
60.42 184.134
60.43 183.559
60.44 182.988
60.45 182.609
60.46 182.514
60.47 182.609
60.48 182.735
60.49 183.083
60.5 183.654
60.51 184.422
60.52 185.1
60.53 185.294
60.54 185.386
60.55 185.391
60.56 185.294
60.57 185.003
60.58 184.519
60.59 184.326
60.6 184.038
60.61 183.846
60.62 183.846
60.63 183.654
60.64 183.846
60.65 183.942
60.66 183.942
60.67 183.852
60.68 183.846
60.69 183.846
60.7 183.75
60.71 183.559
60.72 183.178
60.73 182.937
60.74 182.609
60.75 182.231
60.76 182.043
60.77 181.668
60.78 181.332
60.79 181.432
60.8 181.295
60.81 181.388
60.82 181.295
60.83 181.295
60.84 181.134
60.85 181.016
60.86 180.553
60.87 179.908
60.88 179.366
60.89 178.977
60.9 178.784
60.91 178.814
60.92 178.814
60.93 178.784
60.94 179.268
60.95 179.633
60.96 180.276
60.97 180.83
60.98 181.295
60.99 181.432
61 181.295
61.01 180.83
61.02 180.553
61.03 180.147
61.04 179.951
61.05 179.817
61.06 180
61.07 180.092
61.08 180.368
61.09 180.639
61.1 181.016
61.11 181.295
61.12 181.481
61.13 181.575
61.14 181.531
61.15 181.332
61.16 181.202
61.17 181.202
61.18 181.202
61.19 181.202
61.2 181.332
61.21 181.481
61.22 182.043
61.23 182.703
61.24 183.273
61.25 183.654
61.26 183.942
61.27 184.23
61.28 184.519
61.29 184.422
61.3 184.134
61.31 183.75
61.32 183.75
61.33 183.654
61.34 183.846
61.35 183.75
61.36 183.846
61.37 183.942
61.38 184.057
61.39 184.038
61.4 184.038
61.41 183.75
61.42 183.368
61.43 183.273
61.44 183.241
61.45 183.178
61.46 183.463
61.47 184.038
61.48 184.519
61.49 184.809
61.5 184.809
61.51 184.712
61.52 184.326
61.53 183.463
61.54 182.043
61.55 180.639
61.56 179.06
61.57 178.487
61.58 177.432
61.59 176.243
61.6 174.802
61.61 173.077
61.62 170.93
61.63 169.615
61.64 165.789
61.65 164.552
61.66 163.941
61.67 160.949
61.68 160.949
61.69 160.949
61.7 152.069
61.71 152.069
61.72 152.069
61.73 152.069
61.74 0
61.75 51.1601
61.76 0
61.77 0
61.78 0
61.79 0
61.8 630
61.81 0
61.82 0
61.83 0
61.84 0
61.85 0
61.86 0
61.87 0
61.88 0
61.89 0
61.9 0
61.91 26.6949
61.92 26.6949
61.93 26.6949
61.94 0
61.95 0
61.96 0
61.97 50.4577
61.98 0
61.99 24.0589
62 24.0721
62.01 24.0721
62.02 24.0721
62.03 24.9576
62.04 25.1425
62.05 26.4388
62.06 25.1139
62.07 24.9623
62.08 25.1139
62.09 24.9717
62.1 25.2867
62.11 25.2481
62.12 24.8031
62.13 24.6094
62.14 24.8031
62.15 24.8871
62.16 25.1712
62.17 24.7013
62.18 28.4149
62.19 25.0284
62.2 28.0892
62.21 27.8409
62.22 24.9811
62.23 24.8871
62.24 22.5
62.25 22.3858
62.26 24.8451
62.27 22.4085
62.28 22.4085
62.29 22.4085
62.3 22.4085
62.31 22.4085
