0 188.462
0.01 188.462
0.02 188.462
0.03 188.462
0.04 188.462
0.05 188.462
0.06 188.462
0.07 0
0.08 0
0.09 0
0.1 65.1403
0.11 0
0.12 0
0.13 286.364
0.14 0
0.15 35
0.16 0
0.17 0
0.18 0
0.19 0
0.2 111.929
0.21 0
0.22 0
0.23 0
0.24 0
0.25 0
0.26 250.568
0.27 250.568
0.28 250.568
0.29 0
0.3 0
0.31 0
0.32 0
0.33 391.42
0.34 0
0.35 0
0.36 0
0.37 0
0.38 128.198
0.39 136.957
0.4 136.957
0.41 155.282
0.42 169.615
0.43 169.615
0.44 169.615
0.45 187.66
0.46 214.078
0.47 218.75
0.48 225.383
0.49 227.69
0.5 230.845
0.51 233.837
0.52 237.097
0.53 240.224
0.54 242.703
0.55 246.132
0.56 248.062
0.57 251.746
0.58 253.581
0.59 256.545
0.6 257.473
0.61 258.197
0.62 258.364
0.63 258.716
0.64 259.507
0.65 260.024
0.66 260.678
0.67 261.462
0.68 262.011
0.69 262.336
0.7 262.756
0.71 263.237
0.72 263.738
0.73 264.232
0.74 264.585
0.75 264.784
0.76 264.841
0.77 264.889
0.78 264.678
0.79 264.444
0.8 264.049
0.81 263.615
0.82 263.449
0.83 263.42
0.84 263.546
0.85 263.816
0.86 264.521
0.87 265.058
0.88 265.575
0.89 266.381
0.9 266.748
0.91 267.162
0.92 267.343
0.93 267.148
0.94 266.555
0.95 265.93
0.96 265.441
0.97 265.007
0.98 264.757
0.99 264.515
1 264.484
1.01 264.843
1.02 264.997
1.03 265.524
1.04 266.075
1.05 266.781
1.06 267.408
1.07 267.798
1.08 268.085
1.09 268.12
1.1 268.05
1.11 267.861
1.12 267.615
1.13 267.341
1.14 267.022
1.15 266.794
1.16 266.647
1.17 266.663
1.18 266.767
1.19 267.161
1.2 267.577
1.21 267.927
1.22 268.269
1.23 268.34
1.24 268.525
1.25 268.546
1.26 268.368
1.27 268.102
1.28 267.789
1.29 267.641
1.3 267.358
1.31 267.229
1.32 267.229
1.33 267.231
1.34 267.335
1.35 267.504
1.36 267.386
1.37 267.568
1.38 267.475
1.39 267.427
1.4 267.354
1.41 267.31
1.42 267.183
1.43 267.273
1.44 267.231
1.45 267.504
1.46 267.785
1.47 268.133
1.48 268.391
1.49 268.517
1.5 268.637
1.51 268.734
1.52 268.46
1.53 268.128
1.54 268.176
1.55 268.059
1.56 266.257
1.57 265.663
1.58 264.468
1.59 262.5
1.6 259.412
1.61 254.179
1.62 250.213
1.63 248.218
1.64 245.911
1.65 245.911
1.66 271.107
1.67 270.221
1.68 269.372
1.69 259.412
1.7 247.753
1.71 239.674
1.72 235.2
1.73 233.828
1.74 233.864
1.75 234.076
1.76 234.076
1.77 234.219
1.78 234.076
1.79 234.076
1.8 234.076
1.81 234.263
1.82 235.2
1.83 241.47
1.84 243.137
1.85 243.491
1.86 243.254
1.87 242.656
1.88 241.612
1.89 240.387
1.9 239.393
1.91 238.486
1.92 238.426
1.93 239.074
1.94 239.577
1.95 240.14
1.96 240.74
1.97 241.13
1.98 241.423
1.99 241.67
2 242.066
2.01 242.464
2.02 242.975
2.03 243.109
2.04 242.689
2.05 242.308
2.06 240.984
2.07 220.5
2.08 224.427
2.09 222.727
2.1 223.009
2.11 223.343
2.12 224.12
2.13 224.389
2.14 224.059
2.15 224.313
2.16 225.115
2.17 224.313
2.18 224.879
2.19 224.656
2.2 224.427
2.21 223.744
2.22 223.679
2.23 223.202
2.24 222.615
2.25 221.901
2.26 221.887
2.27 221.767
2.28 221.608
2.29 221.181
2.3 220.5
2.31 219.813
2.32 219.294
2.33 219.166
2.34 219.151
2.35 219.227
2.36 219.247
2.37 219.319
2.38 219.173
2.39 219.231
2.4 219.231
2.41 219.207
2.42 218.984
2.43 218.434
2.44 218.126
2.45 217.957
2.46 217.736
2.47 217.394
2.48 216.841
2.49 216.176
2.5 215.122
2.51 213.663
2.52 213.663
2.53 204.167
2.54 204.403
2.55 203.931
2.56 203.931
2.57 202.479
2.58 201.217
2.59 200.065
2.6 199.548
2.61 199.347
2.62 198.438
2.63 196.524
2.64 197.581
2.65 197.61
2.66 197.906
2.67 197.885
2.68 197.856
2.69 198
2.7 198.237
2.71 198.41
2.72 198.649
2.73 198.965
2.74 199.282
2.75 199.494
2.76 199.648
2.77 199.712
2.78 199.677
2.79 199.849
2.8 198.478
2.81 198.493
2.82 198.266
2.83 197.647
2.84 196.68
2.85 196.641
2.86 196.163
2.87 196.308
2.88 196.631
2.89 196.968
2.9 197.463
2.91 197.779
2.92 198.257
2.93 199.31
2.94 200.565
2.95 200.353
2.96 200.072
2.97 199.218
2.98 198.316
2.99 197.411
3 196.582
3.01 195.947
3.02 195.091
3.03 194.912
3.04 194.607
3.05 194.38
3.06 194.241
3.07 194.232
3.08 194.559
3.09 195.306
3.1 196.582
3.11 202.559
3.12 202.062
3.13 202.227
3.14 202.227
3.15 202.736
3.16 203.628
3.17 205.253
3.18 206.557
3.19 207.367
3.2 208.387
3.21 209.572
3.22 210.501
3.23 213.301
3.24 217.778
3.25 228.39
3.26 233.809
3.27 235.311
3.28 236.404
3.29 236.109
3.3 235.549
3.31 235.721
3.32 235.977
3.33 236.461
3.34 236.842
3.35 238.14
3.36 240.047
3.37 241.644
3.38 242.591
3.39 243.28
3.4 243.736
3.41 243.815
3.42 243.949
3.43 243.646
3.44 242.862
3.45 242.689
3.46 242.17
3.47 241.767
3.48 241.423
3.49 241.088
3.5 240.963
3.51 240.837
3.52 240.917
3.53 241.219
3.54 241.606
3.55 242.151
3.56 242.734
3.57 243.454
3.58 243.75
3.59 244.08
3.6 244.057
3.61 243.732
3.62 243.519
3.63 243.099
3.64 242.941
3.65 242.635
3.66 242.353
3.67 242.519
3.68 242.225
3.69 242.138
3.7 241.482
3.71 241.405
3.72 241.18
3.73 241.093
3.74 241.036
3.75 241.043
3.76 241.13
3.77 241.313
3.78 241.559
3.79 242.004
3.8 242.396
3.81 243.027
3.82 243.237
3.83 243.237
3.84 243.199
3.85 242.943
3.86 242.793
3.87 242.435
3.88 242.066
3.89 241.675
3.9 241.463
3.91 241.172
3.92 241.046
3.93 240.864
3.94 240.796
3.95 240.744
3.96 240.545
3.97 240.67
3.98 240.796
3.99 240.796
4 240.984
4.01 241.172
4.02 241.298
4.03 241.298
4.04 241.172
4.05 240.984
4.06 240.545
4.07 240.545
4.08 240.421
4.09 240.421
4.1 240.625
4.11 240.67
4.12 240.984
4.13 241.549
4.14 242.054
4.15 242.914
4.16 243.454
4.17 243.891
4.18 244.225
4.19 244.383
4.2 244.354
4.21 244.383
4.22 244.26
4.23 244.096
4.24 243.646
4.25 243.071
4.26 242.671
4.27 242.308
4.28 242.054
4.29 241.928
4.3 241.928
4.31 241.945
4.32 241.928
4.33 242.187
4.34 242.689
4.35 242.914
4.36 243.158
4.37 243.326
4.38 243.28
4.39 243.326
4.4 243.158
4.41 242.943
4.42 242.816
4.43 242.435
4.44 242.308
4.45 242.187
4.46 242.181
4.47 242.187
4.48 242.308
4.49 242.435
4.5 242.671
4.51 242.816
4.52 242.914
4.53 242.943
4.54 242.914
4.55 242.943
4.56 242.943
4.57 242.671
4.58 242.308
4.59 242.16
4.6 241.953
4.61 241.899
4.62 241.776
4.63 241.644
4.64 241.423
4.65 241.423
4.66 240.984
4.67 220.5
4.68 228.497
4.69 221.608
4.7 218.317
4.71 216.885
4.72 212.019
4.73 185.294
4.74 169.615
4.75 169.615
4.76 200.455
4.77 200.455
4.78 200.455
4.79 200.455
4.8 200.455
4.81 200.455
4.82 0
4.83 400.909
4.84 400.909
4.85 400.909
4.86 0
4.87 0
4.88 0
4.89 0
4.9 0
4.91 245
4.92 235.829
4.93 235.829
4.94 238.378
4.95 235.2
4.96 235.29
4.97 234.991
4.98 236.25
4.99 236.779
5 236.842
5.01 237.293
5.02 237.437
5.03 237.548
5.04 237.736
5.05 238.072
5.06 238.563
5.07 239.179
5.08 239.798
5.09 239.798
5.1 239.798
5.11 240.03
5.12 240.047
5.13 239.798
5.14 238.932
5.15 238.44
5.16 237.678
5.17 236.842
5.18 236.356
5.19 235.724
5.2 235.577
5.21 235.305
5.22 235.233
5.23 235.101
5.24 235.016
5.25 234.383
5.26 234.298
5.27 233.333
5.28 233.333
5.29 245.372
5.3 246.87
5.31 248.387
5.32 248.897
5.33 248.897
5.34 239.674
5.35 235.829
5.36 232.595
5.37 232.268
5.38 231.641
5.39 231.395
5.4 231.149
5.41 230.927
5.42 230.611
5.43 230.245
5.44 229.403
5.45 228.767
5.46 228.166
5.47 227.269
5.48 226.638
5.49 225.785
5.5 225
5.51 224.485
5.52 223.819
5.53 223.816
5.54 223.858
5.55 224.237
5.56 224.663
5.57 224.882
5.58 225.172
5.59 225.261
5.6 225.342
5.61 225.431
5.62 225.287
5.63 224.809
5.64 224.168
5.65 223.48
5.66 222.727
5.67 221.98
5.68 221.274
5.69 220.877
5.7 220.555
5.71 220.381
5.72 220.433
5.73 220.902
5.74 221.071
5.75 221.57
5.76 222.006
5.77 222.186
5.78 222.022
5.79 221.439
5.8 220.89
5.81 220.112
5.82 219.646
5.83 219.348
5.84 218.872
5.85 218.434
5.86 218.431
5.87 218.488
5.88 218.804
5.89 219.151
5.9 219.575
5.91 219.864
5.92 220.152
5.93 220.5
5.94 220.721
5.95 221.023
5.96 221.082
5.97 221.124
5.98 221.147
5.99 221.163
6 221.124
6.01 221.237
6.02 221.053
6.03 220.931
6.04 220.776
6.05 220.67
6.06 220.384
6.07 220.105
6.08 219.84
6.09 219.543
6.1 219.487
6.11 219.403
6.12 219.551
6.13 219.669
6.14 219.767
6.15 220.087
6.16 220.565
6.17 220.565
6.18 220.565
6.19 220.565
6.2 220.616
6.21 220.616
6.22 220.616
6.23 218.249
6.24 217.599
6.25 217.272
6.26 217.212
6.27 217.298
6.28 217.42
6.29 217.414
6.3 218.019
6.31 218.4
6.32 218.977
6.33 220.565
6.34 221.023
6.35 221.199
6.36 220.674
6.37 220.674
6.38 219.06
6.39 217.833
6.4 217.42
6.41 217.103
6.42 216.956
6.43 216.964
6.44 217.28
6.45 217.627
6.46 217.973
6.47 217.973
6.48 217.973
6.49 220.684
6.5 220.978
6.51 220.93
6.52 220.745
6.53 220.44
6.54 219.908
6.55 219.605
6.56 219.363
6.57 219.363
6.58 219.363
6.59 218.577
6.6 218.523
6.61 218.317
6.62 218.09
6.63 217.885
6.64 217.885
6.65 217.496
6.66 216.96
6.67 216.736
6.68 216.756
6.69 216.512
6.7 217.028
6.71 217.942
6.72 218.577
6.73 219.201
6.74 219.605
6.75 219.95
6.76 220.12
6.77 220.107
6.78 220.255
6.79 220.213
6.8 219.831
6.81 219.403
6.82 218.936
6.83 217.957
6.84 216.619
6.85 216.841
6.86 216.736
6.87 217.028
6.88 216.736
6.89 216.848
6.9 217.073
6.91 217.185
6.92 216.96
6.93 216.921
6.94 216.96
6.95 216.512
6.96 216.624
6.97 216.708
6.98 216.601
6.99 216.176
7 216.495
7.01 215.965
7.02 215.648
7.03 215.122
7.04 215.122
7.05 214.773
7.06 214.425
7.07 214.286
7.08 213.137
7.09 212.246
7.1 211.728
7.11 210.803
7.12 210
7.13 210
7.14 210
7.15 175.522
7.16 179.026
7.17 177.823
7.18 193.421
7.19 193.421
7.2 204.167
7.21 206.075
7.22 206.557
7.23 206.719
7.24 207.529
7.25 209.501
7.26 210.334
7.27 212.897
7.28 215.122
7.29 216.176
7.3 217.654
7.31 217.654
7.32 221.667
7.33 223.404
7.34 226.459
7.35 228.972
7.36 230.528
7.37 231.739
7.38 232.805
7.39 233.333
7.4 233.952
7.41 233.746
7.42 233.952
7.43 233.581
7.44 233.51
7.45 233.457
7.46 233.333
7.47 233.04
7.48 232.595
7.49 232.841
7.5 232.805
7.51 232.841
7.52 232.841
7.53 233.157
7.54 232.964
7.55 233.21
7.56 233.51
7.57 234.201
7.58 234.219
7.59 234.812
7.6 235.451
7.61 236.25
7.62 236.491
7.63 237.224
7.64 236.975
7.65 237.097
7.66 237.097
7.67 236.612
7.68 236.854
7.69 236.25
7.7 235.529
7.71 235.529
7.72 235.889
7.73 235.649
7.74 235.829
7.75 235.769
7.76 235.649
7.77 236.334
7.78 236.733
7.79 236.854
7.8 236.491
7.81 236.491
7.82 236.733
7.83 237.097
7.84 237.097
7.85 237.218
7.86 237.218
7.87 237.097
7.88 237.319
7.89 237.365
7.9 236.648
7.91 236.334
7.92 235.409
7.93 235.29
7.94 234.325
7.95 232.105
7.96 230.528
7.97 228.56
7.98 226.8
7.99 224.694
8 224.12
8.01 222.932
8.02 219.95
8.03 217.241
8.04 215.648
8.05 208.807
8.06 205.116
8.07 190.086
8.08 183.75
8.09 172.941
8.1 172.941
8.11 156.383
8.12 156.383
8.13 175.261
8.14 175.464
8.15 175.139
8.16 175.139
8.17 175.139
8.18 176.165
8.19 175.697
8.2 175.697
8.21 175.697
8.22 175.697
8.23 0
8.24 132.831
8.25 0
8.26 133.29
8.27 132.671
8.28 132.108
8.29 132.495
8.3 132.527
8.31 132.554
8.32 132.576
8.33 132.623
8.34 132.679
8.35 132.679
8.36 132.679
8.37 0
8.38 119.189
8.39 0
8.4 227.32
8.41 221.608
8.42 224.237
8.43 225.46
8.44 226.93
8.45 230.488
8.46 229.987
8.47 231.132
8.48 231.543
8.49 231.78
8.5 231.962
8.51 231.618
8.52 231.861
8.53 231.861
8.54 231.525
8.55 231.294
8.56 230.528
8.57 230.287
8.58 230.603
8.59 230.528
8.6 230.408
8.61 230.833
8.62 231.132
8.63 231.024
8.64 231.193
8.65 231.543
8.66 231.662
8.67 231.564
8.68 231.294
8.69 230.89
8.7 227.32
8.71 227.32
8.72 208.807
8.73 208.807
8.74 182.231
8.75 182.663
8.76 183.333
8.77 184.777
8.78 185.952
8.79 187.14
8.8 188.7
8.81 190.909
8.82 193.421
8.83 196.028
8.84 202.117
8.85 203.909
8.86 207.46
8.87 208.346
8.88 209.185
8.89 212.019
8.9 213.447
8.91 217.028
8.92 218.711
8.93 219.739
8.94 220.942
8.95 222.587
8.96 222.51
8.97 224.483
8.98 225.691
8.99 226.819
9 227.32
9.01 227.879
9.02 227.966
9.03 227.752
9.04 227.26
9.05 227.012
9.06 226.8
9.07 226.995
9.08 227.443
9.09 228
9.1 228.311
9.11 228.649
9.12 228.934
9.13 228.997
9.14 229.122
9.15 228.913
9.16 229.043
9.17 228.786
9.18 228.815
9.19 228.722
9.2 228.978
9.21 229.278
9.22 229.833
9.23 230.212
9.24 230.333
9.25 230.333
9.26 230.087
9.27 230.201
9.28 230.167
9.29 230.087
9.3 229.859
9.31 229.944
9.32 229.865
9.33 230.056
9.34 230.087
9.35 230.263
9.36 230.418
9.37 230.523
9.38 230.732
9.39 231
9.4 231.132
9.41 231.035
9.42 231.22
9.43 231.33
9.44 231.294
9.45 231.409
9.46 231.618
9.47 232.105
9.48 232.338
9.49 232.328
9.5 232.399
9.51 232.105
9.52 231.999
9.53 232.105
9.54 231.873
9.55 231.496
9.56 231.441
9.57 231.52
9.58 231.73
9.59 231.917
9.6 232.28
9.61 232.559
9.62 233.016
9.63 233.139
9.64 232.954
9.65 233.025
9.66 232.831
9.67 232.866
9.68 232.831
9.69 232.693
9.7 232.615
9.71 232.377
9.72 232.377
9.73 232.216
9.74 231.983
9.75 230.89
9.76 228.235
9.77 228.011
9.78 228.011
9.79 228.011
9.8 228.011
9.81 227.76
9.82 226.347
9.83 223.696
9.84 229.688
9.85 229.688
9.86 238.279
9.87 241.423
9.88 240.691
9.89 238.952
9.9 235.2
9.91 236.25
9.92 236.25
9.93 231.699
9.94 231.699
9.95 231.699
9.96 231.699
9.97 233.864
9.98 236.695
9.99 235.27
10 234.312
10.01 233.628
10.02 233.04
10.03 233.04
10.04 233.04
10.05 233.04
10.06 229.422
10.07 229.422
10.08 229.528
10.09 229.091
10.1 231.041
10.11 231.041
10.12 231.041
10.13 240.387
10.14 247.753
10.15 239.674
10.16 239.241
10.17 239.414
10.18 238.676
10.19 237.95
10.2 237.397
10.21 236.208
10.22 235.485
10.23 235.096
10.24 234.574
10.25 233.457
10.26 231.618
10.27 231.344
10.28 231.193
10.29 230.739
10.3 230.819
10.31 230.488
10.32 229.801
10.33 229.579
10.34 229.305
10.35 229.045
10.36 228.68
10.37 228.315
10.38 228.406
10.39 228.261
10.4 228.446
10.41 228.929
10.42 229.19
10.43 229.488
10.44 229.584
10.45 229.688
10.46 229.588
10.47 229.584
10.48 229.592
10.49 229.289
10.5 229.305
10.51 229.51
10.52 229.596
10.53 229.865
10.54 229.688
10.55 230.241
10.56 230.426
10.57 230.056
10.58 230.11
10.59 230.167
10.6 230.857
10.61 229.107
10.62 228.025
10.63 226.881
10.64 226.226
10.65 225.431
10.66 224.009
10.67 222.326
10.68 219.908
10.69 217.509
10.7 215.753
10.71 213.818
10.72 211.342
10.73 209.765
10.74 207.164
10.75 204.957
10.76 202.825
10.77 202.294
10.78 196.291
10.79 199.548
10.8 237.097
10.81 236.461
10.82 234.263
10.83 233.746
10.84 233.746
10.85 233.746
10.86 233.746
10.87 233.746
10.88 233.746
10.89 233.333
10.9 231.618
10.91 216.736
10.92 214.795
10.93 213.743
10.94 213.167
10.95 213.191
10.96 213.082
10.97 212.727
10.98 212.333
10.99 211.656
11 211.082
11.01 210.417
11.02 209.546
11.03 208.433
11.04 207.692
11.05 207.475
11.06 207.584
11.07 207.692
11.08 207.801
11.09 207.801
11.1 207.801
11.11 207.823
11.12 207.763
11.13 207.627
11.14 207.485
11.15 207.401
11.16 207.329
11.17 207.367
11.18 207.567
11.19 207.739
11.2 208.019
11.21 212.466
11.22 214.626
11.23 216.761
11.24 219.254
11.25 220.763
11.26 222.675
11.27 225.724
11.28 226.8
11.29 226.086
11.3 225.768
11.31 225.539
11.32 225.328
11.33 224.82
11.34 224.427
11.35 223.922
11.36 223.462
11.37 223.217
11.38 223.086
11.39 223.103
11.4 223.222
11.41 223.631
11.42 223.915
11.43 224.413
11.44 225.066
11.45 225.348
11.46 225.445
11.47 225.635
11.48 225.737
11.49 225.328
11.5 225.135
11.51 224.824
11.52 222.978
11.53 218.678
11.54 217.534
11.55 216.412
11.56 215.824
11.57 215.122
11.58 214.078
11.59 213.559
11.6 213.387
11.61 210.669
11.62 201.923
11.63 202.294
11.64 186.864
11.65 182.609
11.66 181.588
11.67 180.738
11.68 180.738
11.69 179.755
11.7 179.268
11.71 178.821
11.72 179.074
11.73 177.727
11.74 176.754
11.75 177.261
11.76 178.07
11.77 178.089
11.78 178.633
11.79 178.832
11.8 178.817
11.81 178.706
11.82 178.617
11.83 178.629
11.84 178.543
11.85 179.162
11.86 179.671
11.87 181.262
11.88 181.709
11.89 181.781
11.9 181.915
11.91 181.964
11.92 181.971
11.93 182.128
11.94 182.179
11.95 182.357
11.96 182.634
11.97 182.38
11.98 182.682
11.99 182.483
12 182.2
12.01 181.998
12.02 181.886
12.03 182.031
12.04 181.788
12.05 181.926
12.06 181.9
12.07 181.747
12.08 181.678
12.09 181.849
12.1 181.798
12.11 182.436
12.12 182.231
12.13 182.335
12.14 182.47
12.15 182.788
12.16 182.708
12.17 182.946
12.18 183.156
12.19 183.145
12.2 182.753
12.21 182.533
12.22 182.149
12.23 182.129
12.24 182.11
12.25 182.009
12.26 181.862
12.27 182.11
12.28 182.208
12.29 182.377
12.3 182.207
12.31 181.875
12.32 181.757
12.33 181.596
12.34 181.321
12.35 180.959
12.36 180.501
12.37 180.454
12.38 180.676
12.39 182.111
12.4 183.397
12.41 183.909
12.42 184.034
12.43 183.963
12.44 183.787
12.45 183.484
12.46 183.282
12.47 183.079
12.48 182.922
12.49 182.145
12.5 182.09
12.51 181.346
12.52 181.613
12.53 180.738
12.54 179.014
12.55 179.598
12.56 179.06
12.57 179.06
12.58 180.645
12.59 180.833
12.6 180.833
12.61 180.833
12.62 180.833
12.63 180.833
12.64 182.547
12.65 182.843
12.66 182.937
12.67 182.907
12.68 182.817
12.69 182.817
12.7 182.817
12.71 182.292
12.72 182.442
12.73 182.39
12.74 182.148
12.75 181.285
12.76 181.268
12.77 180.955
12.78 180.955
12.79 180.955
12.8 180.955
12.81 180.955
12.82 0
12.83 577.291
12.84 575.406
12.85 573.582
12.86 573.529
12.87 538.9
12.88 570.517
12.89 568.846
12.9 569.295
12.91 569.295
12.92 569.295
12.93 569.295
12.94 569.295
12.95 0
12.96 177.72
12.97 177.382
12.98 177.029
12.99 175
13 174.538
13.01 174.538
13.02 177.823
13.03 177.823
13.04 177.823
13.05 177.823
13.06 177.823
13.07 0
13.08 0
13.09 0
13.1 0
13.11 0
13.12 0
13.13 0
13.14 144.118
13.15 143.182
13.16 150
13.17 152.069
13.18 157.126
13.19 159.494
13.2 164.552
13.21 179.853
13.22 183.75
13.23 188.14
13.24 189.27
13.25 191.739
13.26 193.421
13.27 194.38
13.28 195.652
13.29 197.651
13.3 198.932
13.31 201.589
13.32 202.81
13.33 203.567
13.34 204.621
13.35 205.79
13.36 206.461
13.37 207.562
13.38 208.449
13.39 209.238
13.4 210.108
13.41 211.058
13.42 211.793
13.43 212.56
13.44 213.387
13.45 213.998
13.46 215.035
13.47 215.573
13.48 216.052
13.49 216.562
13.5 216.974
13.51 217.241
13.52 218.859
13.53 219.95
13.54 220.28
13.55 220.965
13.56 221.432
13.57 221.784
13.58 222.014
13.59 222.337
13.6 222.54
13.61 222.637
13.62 222.634
13.63 223.009
13.64 222.641
13.65 222.817
13.66 223.228
13.67 223.103
13.68 223.89
13.69 224.313
13.7 224.73
13.71 225.709
13.72 226.274
13.73 226.808
13.74 227.182
13.75 227.32
13.76 226.95
13.77 225.633
13.78 222.727
13.79 211.342
13.8 209.146
13.81 207.841
13.82 206.765
13.83 206.195
13.84 206.075
13.85 205.709
13.86 205.767
13.87 205.515
13.88 204.517
13.89 204.451
13.9 204.74
13.91 204.907
13.92 204.973
13.93 204.814
13.94 204.582
13.95 204.025
13.96 203.302
13.97 202.796
13.98 202.339
13.99 201.877
14 201.797
14.01 201.721
14.02 201.809
14.03 201.971
14.04 202.173
14.05 202.42
14.06 202.656
14.07 202.948
14.08 203.181
14.09 202.98
14.1 202.98
14.11 203.324
14.12 203.522
14.13 203.67
14.14 203.8
14.15 204.555
14.16 204.746
14.17 204.904
14.18 204.966
14.19 204.878
14.2 204.753
14.21 204.403
14.22 204.167
14.23 203.869
14.24 203.648
14.25 203.502
14.26 203.434
14.27 203.657
14.28 203.807
14.29 204.041
14.3 204.272
14.31 204.403
14.32 204.536
14.33 204.675
14.34 204.735
14.35 204.815
14.36 204.763
14.37 204.684
14.38 204.428
14.39 204.275
14.4 204.275
14.41 204.275
14.42 202.651
14.43 202.294
14.44 202.294
14.45 201.941
14.46 201.532
14.47 201.309
14.48 200.455
14.49 199.548
14.5 199.548
14.51 212.838
14.52 211.849
14.53 204.799
14.54 196.875
14.55 196.875
14.56 181.856
14.57 181.856
14.58 181.856
14.59 181.856
14.6 181.856
14.61 181.856
14.62 181.856
14.63 180.738
14.64 180.738
14.65 180.738
14.66 180.738
14.67 183.794
14.68 183.794
14.69 183.794
14.7 184.277
14.71 184.277
14.72 0
14.73 184.495
14.74 184.245
14.75 184.519
14.76 184.386
14.77 184.386
14.78 184.386
14.79 184.386
14.8 0
14.81 553.735
14.82 0
14.83 555.882
14.84 556.733
14.85 560.593
14.86 556.818
14.87 556.35
14.88 557.09
14.89 549.828
14.9 561.907
14.91 563.321
14.92 563.778
14.93 563.075
14.94 562.875
14.95 562.875
14.96 562.875
14.97 562.875
14.98 562.875
14.99 0
15 183.119
15.01 183.911
15.02 184.217
15.03 184.299
15.04 184.247
15.05 184.309
15.06 184.145
15.07 184.169
15.08 184.211
15.09 184.118
15.1 183.292
15.11 182.903
15.12 182.76
15.13 182.76
15.14 182.76
15.15 183.188
15.16 183.673
15.17 184.482
15.18 184.299
15.19 184.262
15.2 184.211
15.21 184.057
15.22 183.909
15.23 183.803
15.24 183.637
15.25 183.456
15.26 183.14
15.27 183.14
15.28 183.14
15.29 183.14
15.3 183.14
15.31 0
15.32 274.726
15.33 0
15.34 552.062
15.35 550.301
15.36 550.054
15.37 547.146
15.38 541.326
15.39 547.826
15.4 547.826
15.41 556.818
15.42 554.02
15.43 553.888
15.44 557.053
15.45 553.722
15.46 553.722
15.47 553.722
15.48 553.722
15.49 551.825
15.5 555.476
15.51 556.157
15.52 553.556
15.53 549.803
15.54 549.458
15.55 552.506
15.56 552.506
15.57 552.506
15.58 552.506
15.59 552.506
15.6 0
15.61 182.521
15.62 182.292
15.63 182.173
15.64 181.631
15.65 181.332
15.66 181.016
15.67 181.364
15.68 181.517
15.69 181.617
15.7 181.822
15.71 181.945
15.72 181.822
15.73 181.753
15.74 181.617
15.75 181.407
15.76 181.15
15.77 181.424
15.78 181.802
15.79 182.609
15.8 183.046
15.81 183.39
15.82 183.75
15.83 183.75
15.84 183.98
15.85 184.038
15.86 184.079
15.87 184.006
15.88 183.878
15.89 183.75
15.9 183.314
15.91 181.981
15.92 181.332
15.93 180.738
15.94 176.4
15.95 176.966
15.96 174.308
15.97 174.308
15.98 176.754
15.99 175.931
16 162.731
16.01 162.731
16.02 162.731
16.03 155.282
16.04 155.282
16.05 155.282
16.06 0
16.07 0
16.08 0
16.09 0
16.1 0
16.11 416.038
16.12 0
16.13 479.348
16.14 0
16.15 0
16.16 0
16.17 0
16.18 0
16.19 0
16.2 126.724
16.21 0
16.22 112.5
16.23 0
16.24 0
16.25 0
16.26 0
16.27 0
16.28 0
16.29 0
16.3 0
16.31 0
16.32 0
16.33 0
16.34 0
16.35 0
16.36 0
16.37 0
16.38 172.266
16.39 174.308
16.4 170.139
16.41 170.27
16.42 170.27
16.43 172.941
16.44 174.308
16.45 176.048
16.46 177.108
16.47 178.543
16.48 179.56
16.49 180.491
16.5 180.852
16.51 181.831
16.52 183.368
16.53 185.489
16.54 188.372
16.55 191.264
16.56 192.576
16.57 197.505
16.58 202.294
16.59 205.116
16.6 205.8
16.61 209.095
16.62 210.463
16.63 212.147
16.64 215.072
16.65 216.95
16.66 218.788
16.67 220.596
16.68 222.547
16.69 224.102
16.7 225.144
16.71 225.768
16.72 226.4
16.73 226.824
16.74 227.604
16.75 228.23
16.76 230.018
16.77 231.67
16.78 233.471
16.79 235.158
16.8 235.829
16.81 236.722
16.82 237.097
16.83 237.426
16.84 238.121
16.85 238.217
16.86 238.261
16.87 238.339
16.88 238.339
16.89 238.417
16.9 238.42
16.91 238.423
16.92 238.478
16.93 238.18
16.94 238.268
16.95 238.563
16.96 238.713
16.97 238.884
16.98 238.947
16.99 239.096
17 239.315
17.01 239.254
17.02 239.349
17.03 239.215
17.04 238.932
17.05 238.593
17.06 238.342
17.07 238.204
17.08 237.901
17.09 237.774
17.1 237.48
17.11 237.608
17.12 237.608
17.13 238.057
17.14 238.25
17.15 238.41
17.16 238.582
17.17 238.71
17.18 238.809
17.19 238.836
17.2 238.722
17.21 238.776
17.22 238.916
17.23 239.024
17.24 239.222
17.25 240
17.26 240.03
17.27 240.267
17.28 240.267
17.29 240.267
17.3 239.787
17.31 239.319
17.32 238.848
17.33 238.144
17.34 237.462
17.35 237.218
17.36 236.854
17.37 236.854
17.38 236.969
17.39 237.097
17.4 237.462
17.41 237.827
17.42 238.072
17.43 238.194
17.44 238.44
17.45 238.563
17.46 238.613
17.47 238.932
17.48 239.055
17.49 239.179
17.5 239.179
17.51 238.966
17.52 238.686
17.53 238.44
17.54 237.827
17.55 237.462
17.56 236.975
17.57 236.371
17.58 236.13
17.59 235.829
17.6 236.13
17.61 236.612
17.62 237.583
17.63 238.317
17.64 239.055
17.65 239.798
17.66 240.171
17.67 240.387
17.68 240.67
17.69 240.67
17.7 240.296
17.71 239.922
17.72 239.556
17.73 239.179
17.74 239.055
17.75 239.055
17.76 239.055
17.77 239.083
17.78 239.055
17.79 239.179
17.8 239.179
17.81 239.055
17.82 238.932
17.83 238.809
17.84 238.686
17.85 238.563
17.86 238.686
17.87 238.809
17.88 239.055
17.89 239.179
17.9 239.426
17.91 239.426
17.92 239.179
17.93 239.302
17.94 239.179
17.95 238.996
17.96 238.932
17.97 238.758
17.98 238.701
17.99 238.454
18 238.464
18.01 238.809
18.02 238.895
18.03 238.121
18.04 244.321
18.05 245
18.06 245
18.07 250.568
18.08 247.197
18.09 268.902
18.1 260.638
18.11 256.822
18.12 252.656
18.13 252.656
18.14 249.261
18.15 247.952
18.16 247.232
18.17 246.296
18.18 246.189
18.19 246.204
18.2 244.321
18.21 243.983
18.22 243.354
18.23 243.939
18.24 243.983
18.25 242.656
18.26 243.485
18.27 244.41
18.28 242.539
18.29 243.871
18.3 243.422
18.31 242.948
18.32 242.53
18.33 241.491
18.34 241.491
18.35 241.36
18.36 241.484
18.37 241.797
18.38 241.865
18.39 242.201
18.4 242.308
18.41 242.403
18.42 242.419
18.43 242.205
18.44 242.066
18.45 241.845
18.46 241.423
18.47 241.172
18.48 240.67
18.49 240.625
18.5 240.625
18.51 240.67
18.52 240.921
18.53 241.172
18.54 241.298
18.55 241.463
18.56 241.675
18.57 241.825
18.58 241.802
18.59 241.928
18.6 241.825
18.61 241.802
18.62 241.825
18.63 241.928
18.64 242.187
18.65 242.054
18.66 242.181
18.67 242.429
18.68 242.435
18.69 242.066
18.7 241.928
18.71 241.549
18.72 240.864
18.73 240.242
18.74 239.556
18.75 238.378
18.76 237.213
18.77 235.649
18.78 228.497
18.79 224.771
18.8 218.711
18.81 218.711
18.82 218.711
18.83 218.711
18.84 218.711
18.85 214.86
18.86 212.019
18.87 203.039
18.88 198.054
18.89 195.133
18.9 180.738
18.91 175
18.92 175
18.93 175
18.94 175
18.95 175
18.96 0
18.97 89.4523
18.98 0
18.99 268.902
19 268.902
19.01 267.814
19.02 268.902
19.03 272.222
19.04 272.222
19.05 272.835
19.06 274.766
19.07 273.913
19.08 273.45
19.09 273.45
19.1 273.45
19.11 273.45
19.12 272.528
19.13 272.528
19.14 268.902
19.15 271.107
19.16 270
19.17 268.902
19.18 268.902
19.19 268.902
19.2 268.902
19.21 235.829
19.22 234.076
19.23 236.588
19.24 237.097
19.25 236.461
19.26 236.25
19.27 236.532
19.28 236.334
19.29 236.334
19.3 236.334
19.31 236.334
19.32 236.334
19.33 236.461
19.34 236.25
19.35 236.25
19.36 236.25
19.37 237.097
19.38 237.097
19.39 237.097
19.4 237.097
19.41 237.097
19.42 0
19.43 191.739
19.44 192.745
19.45 191.891
19.46 191.1
19.47 190.846
19.48 192.483
19.49 194.04
19.5 198.425
19.51 198.425
19.52 201.268
19.53 203.226
19.54 206.223
19.55 207.497
19.56 208.848
19.57 210.261
19.58 212.397
19.59 212.397
19.6 213.25
19.61 213.987
19.62 217.047
19.63 221.767
19.64 225.727
19.65 231.344
19.66 236.288
19.67 237.522
19.68 237.166
19.69 236.27
19.7 236.017
19.71 235.906
19.72 235.93
19.73 236.081
19.74 236.132
19.75 236.385
19.76 237.201
19.77 237.819
19.78 238.501
19.79 238.941
19.8 238.279
19.81 237.48
19.82 236.415
19.83 235.8
19.84 235.124
19.85 234.62
19.86 234.487
19.87 234.113
19.88 234.315
19.89 234.745
19.9 235.538
19.91 236.349
19.92 237.267
19.93 238.478
19.94 239.222
19.95 240.014
19.96 240.171
19.97 240.171
19.98 239.798
19.99 239.674
20 239.556
20.01 239.55
20.02 239.55
20.03 240.171
20.04 240.296
20.05 240.387
20.06 240.421
20.07 240.421
20.08 240.047
20.09 239.798
20.1 239.201
20.11 238.44
20.12 237.95
20.13 237.705
20.14 237.678
20.15 238.018
20.16 238.563
20.17 239.055
20.18 239.792
20.19 239.911
20.2 240.128
20.21 240.03
20.22 239.674
20.23 239.241
20.24 238.659
20.25 238.099
20.26 237.678
20.27 237.678
20.28 237.218
20.29 237.827
20.3 238.072
20.31 238.809
20.32 239.055
20.33 239.426
20.34 239.674
20.35 239.674
20.36 239.437
20.37 239.055
20.38 238.563
20.39 238.144
20.4 237.827
20.41 237.462
20.42 237.293
20.43 237.195
20.44 237.195
20.45 237.714
20.46 238.423
20.47 238.947
20.48 239.488
20.49 239.854
20.5 240.304
20.51 240.264
20.52 240.228
20.53 239.837
20.54 239.516
20.55 239.044
20.56 238.563
20.57 237.774
20.58 237.484
20.59 237.172
20.6 237.174
20.61 237.472
20.62 237.678
20.63 237.95
20.64 238.317
20.65 238.21
20.66 237.687
20.67 236.927
20.68 235.951
20.69 235.409
20.7 234.414
20.71 233.581
20.72 233.059
20.73 232.55
20.74 232.342
20.75 231.824
20.76 231.294
20.77 231.104
20.78 231.092
20.79 231.883
20.8 231.883
20.81 231.8
20.82 228.794
20.83 227.32
20.84 223.858
20.85 220.5
20.86 220.5
20.87 220.5
20.88 243.646
20.89 245
20.9 250.568
20.91 250.568
20.92 245.682
20.93 242.752
20.94 237.561
20.95 234.741
20.96 233.116
20.97 231.464
20.98 230.03
20.99 228.497
21 228.497
21.01 226.541
21.02 223.372
21.03 221.315
21.04 220.17
21.05 219.806
21.06 220.384
21.07 220.849
21.08 221.497
21.09 221.386
21.1 221.315
21.11 221.667
21.12 220.965
21.13 220.831
21.14 220.5
21.15 219.691
21.16 219.002
21.17 219.231
21.18 219.185
21.19 219.622
21.2 219.921
21.21 220.335
21.22 220.5
21.23 220.721
21.24 221.767
21.25 222.39
21.26 222.615
21.27 222.62
21.28 222.054
21.29 221.831
21.3 222.019
21.31 221.199
21.32 221.274
21.33 220.5
21.34 220.616
21.35 220.5
21.36 219.806
21.37 219.95
21.38 219.95
21.39 219.921
21.4 219.46
21.41 220.037
21.42 219.84
21.43 220.06
21.44 219.691
21.45 218.887
21.46 218.773
21.47 217.41
21.48 216.065
21.49 212.881
21.5 209.005
21.51 205.355
21.52 202.008
21.53 199.226
21.54 196.82
21.55 197.356
21.56 197.339
21.57 196.69
21.58 196.783
21.59 197.497
21.6 197.805
21.61 198.054
21.62 198.405
21.63 198.649
21.64 198.828
21.65 198.649
21.66 198.438
21.67 198.173
21.68 197.758
21.69 197.758
21.7 197.758
21.71 197.758
21.72 197.935
21.73 197.758
21.74 199.149
21.75 200.074
21.76 200.576
21.77 200.828
21.78 200.891
21.79 200.971
21.8 200.891
21.81 200.802
21.82 200.695
21.83 200.455
21.84 200.091
21.85 199.782
21.86 199.785
21.87 199.698
21.88 199.72
21.89 199.79
21.9 199.835
21.91 199.959
21.92 200.032
21.93 200.233
21.94 200.408
21.95 200.408
21.96 200.642
21.97 200.75
21.98 200.8
21.99 200.849
22 200.998
22.01 201.246
22.02 201.345
22.03 201.146
22.04 201.321
22.05 201.208
22.06 201.208
22.07 201.262
22.08 201.37
22.09 201.453
22.1 201.34
22.11 201.441
22.12 201.37
22.13 201.41
22.14 201.515
22.15 201.677
22.16 201.453
22.17 201.239
22.18 199.756
22.19 199.097
22.2 198.425
22.21 197.227
22.22 199.548
22.23 199.548
22.24 207.367
22.25 207.367
22.26 207.367
22.27 207.367
22.28 207.367
22.29 258.803
22.3 259.412
22.31 256.023
22.32 254.619
22.33 253.224
22.34 251.84
22.35 250.885
22.36 244.321
22.37 242.841
22.38 242.689
22.39 242.308
22.4 242.308
22.41 242.308
22.42 242.464
22.43 242.574
22.44 242.435
22.45 242.562
22.46 242.689
22.47 242.816
22.48 242.793
22.49 242.689
22.5 242.308
22.51 242.054
22.52 241.675
22.53 242.054
22.54 241.298
22.55 241.223
22.56 241.172
22.57 241.172
22.58 241.802
22.59 241.423
22.6 241.223
22.61 241.172
22.62 240.296
22.63 240.421
22.64 239.922
22.65 239.457
22.66 239.222
22.67 238.547
22.68 238.848
22.69 238.996
22.7 239.132
22.71 239.132
22.72 238.809
22.73 238.331
22.74 238.496
22.75 238.478
22.76 238.378
22.77 238.261
22.78 239.201
22.79 239.319
22.8 239.787
22.81 239.201
22.82 239.798
22.83 239.922
22.84 239.922
22.85 239.922
22.86 238.904
22.87 237.714
22.88 237.714
22.89 237.714
22.9 237.344
22.91 237.509
22.92 237.509
22.93 237.509
22.94 238.809
22.95 239.57
22.96 240.242
22.97 240.506
22.98 241.463
22.99 240.874
23 240.128
23.01 240.128
23.02 240.128
23.03 240.128
23.04 239.883
23.05 239.946
23.06 239.922
23.07 240.171
23.08 240.395
23.09 240.421
23.1 240.436
23.11 240.128
23.12 240.157
23.13 239.809
23.14 239.674
23.15 239.674
23.16 239.674
23.17 239.302
23.18 239.332
23.19 239.368
23.2 239.385
23.21 239.192
23.22 239.192
23.23 239.252
23.24 239.252
23.25 239.252
23.26 239.302
23.27 239.302
23.28 240.874
23.29 241.331
23.3 241.675
23.31 242.028
23.32 242.308
23.33 242.308
23.34 242.88
23.35 243.199
23.36 243.497
23.37 242.308
23.38 245
23.39 249.757
23.4 249.153
23.41 247.112
23.42 246.094
23.43 245.321
23.44 244.186
23.45 243.071
23.46 241.704
23.47 240.296
23.48 240.296
23.49 240.171
23.5 240.296
23.51 240.387
23.52 240.545
23.53 240.421
23.54 240.047
23.55 239.674
23.56 239.055
23.57 238.563
23.58 238.194
23.59 237.705
23.6 237.77
23.61 237.77
23.62 238.44
23.63 239.263
23.64 240.196
23.65 240.796
23.66 242.066
23.67 243.071
23.68 243.326
23.69 243.524
23.7 241.423
23.71 238.895
23.72 236.588
23.73 234.159
23.74 230.89
23.75 226.735
23.76 219.622
23.77 218.008
23.78 217.599
23.79 216.176
23.8 214.541
23.81 214.836
23.82 214.836
23.83 214.599
23.84 215.041
23.85 215.688
23.86 216.453
23.87 216.731
23.88 216.361
23.89 215.792
23.9 215.372
23.91 214.972
23.92 214.836
23.93 214.456
23.94 214.267
23.95 213.88
23.96 213.663
23.97 213.974
23.98 214.361
23.99 214.456
24 214.456
24.01 214.574
24.02 214.808
24.03 214.937
24.04 215.184
24.05 215.62
24.06 215.62
24.07 215.398
24.08 215.753
24.09 215.975
24.1 216.277
24.11 216.277
24.12 216.379
24.13 215.992
24.14 215.984
24.15 216.176
24.16 216.288
24.17 216.4
24.18 216.4
24.19 216.512
24.2 216.736
24.21 217.292
24.22 217.292
24.23 217.568
24.24 217.331
24.25 217.509
24.26 216.885
24.27 216.258
24.28 215.932
24.29 215.364
24.3 214.88
24.31 214.745
24.32 214.599
24.33 214.259
24.34 214.375
24.35 214.406
24.36 214.633
24.37 214.719
24.38 217.241
24.39 220.029
24.4 221.305
24.41 221.887
24.42 223.248
24.43 222.877
24.44 222.503
24.45 217.123
24.46 209.556
24.47 202.914
24.48 204.062
24.49 197.935
24.5 196.605
24.51 195.942
24.52 195.54
24.53 193.521
24.54 192.725
24.55 192.527
24.56 192.297
24.57 193.921
24.58 194.022
24.59 194.727
24.6 195.031
24.61 195.234
24.62 195.642
24.63 195.807
24.64 195.903
24.65 195.903
24.66 195.807
24.67 196.097
24.68 195.826
24.69 195.921
24.7 196.476
24.71 196.594
24.72 196.875
24.73 197.071
24.74 197.522
24.75 197.98
24.76 198.27
24.77 198.432
24.78 198.822
24.79 199.268
24.8 199.916
24.81 200.747
24.82 201.65
24.83 203.449
24.84 204.866
24.85 206.504
24.86 207.692
24.87 208.675
24.88 209.446
24.89 210.111
24.9 210.845
24.91 211.058
24.92 211.409
24.93 211.714
24.94 211.714
24.95 211.816
24.96 211.917
24.97 211.912
24.98 211.793
24.99 211.591
25 211.308
25.01 211.053
25.02 210.765
25.03 210.803
25.04 210.633
25.05 210.445
25.06 210.445
25.07 210.445
25.08 210.557
25.09 210.669
25.1 210.633
25.11 210.845
25.12 211.164
25.13 211.484
25.14 211.66
25.15 211.728
25.16 212.019
25.17 212.223
25.18 212.53
25.19 213.043
25.2 213.559
25.21 213.043
25.22 213.043
25.23 213.043
25.24 212.333
25.25 216.176
25.26 199.247
25.27 196.437
25.28 185.294
25.29 185.294
25.3 184.262
25.31 184.057
25.32 183.096
25.33 182.903
25.34 182.231
25.35 182.017
25.36 182.017
25.37 182.017
25.38 181.606
25.39 181.254
25.4 180.977
25.41 180.848
25.42 180.848
25.43 179.895
25.44 179.32
25.45 179.16
25.46 179.06
25.47 179.268
25.48 179.08
25.49 179.401
25.5 180.59
25.51 180.59
25.52 181.417
25.53 180.978
25.54 180.738
25.55 181.087
25.56 181.087
25.57 181.731
25.58 179.136
25.59 178.919
25.6 178.654
25.61 177.823
25.62 178.585
25.63 178.439
25.64 178.543
25.65 179.011
25.66 179.686
25.67 180.029
25.68 180.226
25.69 180
25.7 181.21
25.71 180.553
25.72 181.207
25.73 181.699
25.74 181.808
25.75 182.273
25.76 182.52
25.77 182.658
25.78 182.705
25.79 183.021
25.8 183.207
25.81 182.932
25.82 182.748
25.83 182.498
25.84 182.231
25.85 181.481
25.86 181.3
25.87 181.515
25.88 181.89
25.89 181.931
25.9 181.971
25.91 181.794
25.92 181.956
25.93 181.868
25.94 181.837
25.95 181.824
25.96 181.906
25.97 181.9
25.98 182.043
25.99 182.28
26 182.306
26.01 182.487
26.02 182.487
26.03 182.491
26.04 182.361
26.05 181.968
26.06 181.958
26.07 181.913
26.08 181.691
26.09 181.907
26.1 181.907
26.11 182.087
26.12 182.175
26.13 182.261
26.14 182.431
26.15 182.463
26.16 182.382
26.17 182.365
26.18 182.194
26.19 181.917
26.2 181.05
26.21 180.451
26.22 180.451
26.23 180.451
26.24 180.451
26.25 180.451
26.26 0
26.27 175.278
26.28 170.93
26.29 175
26.3 175
26.31 159.783
26.32 144.354
26.33 144.375
26.34 144.481
26.35 143.922
26.36 144.071
26.37 144.065
26.38 143.492
26.39 143.648
26.4 143.531
26.41 143.648
26.42 143.648
26.43 143.883
26.44 143.883
26.45 143.883
26.46 143.883
26.47 143.883
26.48 143.182
26.49 144.212
26.5 144.212
26.51 144.212
26.52 0
26.53 70.8092
26.54 0
26.55 0
26.56 0
26.57 73.0132
26.58 0
26.59 0
26.6 0
26.61 0
26.62 0
26.63 0
26.64 0
26.65 0
26.66 142.258
26.67 142.718
26.68 136.957
26.69 135.692
26.7 134.725
26.71 135.943
26.72 136.815
26.73 139.117
26.74 141.548
26.75 153.125
26.76 154.196
26.77 155.501
26.78 156.568
26.79 159.452
26.8 160.558
26.81 161.302
26.82 162.831
26.83 164.465
26.84 167.681
26.85 172.35
26.86 179.895
26.87 182.919
26.88 182.919
26.89 182.919
26.9 193.421
26.91 194.804
26.92 196.291
26.93 197.729
26.94 198.537
26.95 199.322
26.96 200.515
26.97 201.247
26.98 201.783
26.99 202.845
27 204.362
27.01 207.46
27.02 209.377
27.03 211.477
27.04 211.912
27.05 212.019
27.06 212.428
27.07 212.583
27.08 212.639
27.09 212.793
27.1 212.758
27.11 212.935
27.12 212.989
27.13 213.238
27.14 213.663
27.15 214.078
27.16 214.514
27.17 214.823
27.18 215.122
27.19 215.285
27.2 215.809
27.21 215.874
27.22 216.176
27.23 216.721
27.24 216.667
27.25 217.129
27.26 217.028
27.27 217.081
27.28 217.41
27.29 217.509
27.3 217.467
27.31 217.42
27.32 217.456
27.33 217.414
27.34 217.318
27.35 217.288
27.36 217.394
27.37 218.058
27.38 218.425
27.39 218.425
27.4 217.599
27.41 214.912
27.42 212.603
27.43 210.893
27.44 208.555
27.45 208.555
27.46 208.555
27.47 208.555
27.48 207.042
27.49 205.355
27.5 202.294
27.51 198.46
27.52 198.425
27.53 199.161
27.54 199.641
27.55 199.985
27.56 199.959
27.57 200.014
27.58 199.953
27.59 199.641
27.6 199.29
27.61 198.521
27.62 197.601
27.63 197.315
27.64 197.126
27.65 197.439
27.66 197.61
27.67 198.649
27.68 200
27.69 200
27.7 200
27.71 199.924
27.72 199.826
27.73 199.741
27.74 199.354
27.75 199.677
27.76 199.367
27.77 199.056
27.78 198.828
27.79 198.649
27.8 198.351
27.81 198.291
27.82 198.273
27.83 198.226
27.84 198.085
27.85 198.405
27.86 198.351
27.87 198.434
27.88 198.649
27.89 198.882
27.9 199.147
27.91 199.748
27.92 200.05
27.93 199.849
27.94 200
27.95 199.383
27.96 198.649
27.97 198.162
27.98 197.847
27.99 197.463
28 196.985
28.01 196.499
28.02 195.855
28.03 194.702
28.04 194.273
28.05 193.421
28.06 203.226
28.07 203.695
28.08 201.831
28.09 177.823
28.1 177.108
28.11 176.4
28.12 176.4
28.13 176.4
28.14 176.4
28.15 176.4
28.16 176.4
28.17 176.4
28.18 175.697
28.19 172.941
28.2 176.986
28.21 178.598
28.22 180.245
28.23 180.245
28.24 182.231
28.25 182.428
28.26 182.428
28.27 182.428
28.28 182.428
28.29 182.428
28.3 0
28.31 180.582
28.32 181.075
28.33 181.109
28.34 181.178
28.35 181.404
28.36 181.731
28.37 181.92
28.38 182.231
28.39 183.92
28.4 184.134
28.41 184.341
28.42 184.578
28.43 184.57
28.44 184.409
28.45 184.189
28.46 184.15
28.47 184.073
28.48 183.903
28.49 183.75
28.5 183.532
28.51 183.532
28.52 181.375
28.53 181.399
28.54 181.678
28.55 181.731
28.56 181.701
28.57 182.156
28.58 182.32
28.59 182.586
28.6 182.868
28.61 182.879
28.62 182.879
28.63 182.879
28.64 182.788
28.65 182.76
28.66 182.533
28.67 182.303
28.68 181.994
28.69 181.731
28.7 181.731
28.71 181.668
28.72 181.762
28.73 182.064
28.74 182.137
28.75 182.326
28.76 182.42
28.77 182.675
28.78 182.765
28.79 182.675
28.8 182.498
28.81 182.514
28.82 182.32
28.83 182.143
28.84 182.143
28.85 182.137
28.86 182.231
28.87 182.332
28.88 182.514
28.89 182.703
28.9 182.798
28.91 182.798
28.92 182.634
28.93 182.663
28.94 182.609
28.95 182.382
28.96 182.231
28.97 181.588
28.98 181.233
28.99 180.738
29 181.481
29.01 183.368
29.02 183.75
29.03 183.878
29.04 183.868
29.05 183.75
29.06 183.654
29.07 183.859
29.08 183.878
29.09 183.75
29.1 183.58
29.11 183.096
29.12 182.735
29.13 181.565
29.14 180.624
29.15 181.162
29.16 181.481
29.17 181.631
29.18 181.481
29.19 181.481
29.2 181.432
29.21 181.295
29.22 181.295
29.23 181.202
29.24 181.109
29.25 181
29.26 181.091
29.27 181.233
29.28 181.174
29.29 181.218
29.3 181.268
29.31 181.247
29.32 181.147
29.33 181.169
29.34 180.975
29.35 180.867
29.36 180.685
29.37 180.526
29.38 180.46
29.39 180.184
29.4 179.951
29.41 179.755
29.42 179.908
29.43 180
29.44 180.276
29.45 180.54
29.46 180.624
29.47 180.738
29.48 181.414
29.49 181.897
29.5 182.447
29.51 183.241
29.52 183.444
29.53 183.75
29.54 185.294
29.55 182.231
29.56 182.231
29.57 176.683
29.58 176.683
29.59 173.622
29.6 167.681
29.61 167.681
29.62 167.681
29.63 167.681
29.64 167.681
29.65 0
29.66 0
29.67 0
29.68 235.829
29.69 235.829
29.7 235.829
29.71 0
29.72 0
29.73 0
29.74 0
29.75 0
29.76 0
29.77 95.4545
29.78 95.4545
29.79 95.4545
29.8 0
29.81 0
29.82 0
29.83 0
29.84 0
29.85 0
29.86 0
29.87 0
29.88 299.592
29.89 0
29.9 248.684
29.91 0
29.92 0
29.93 38.6842
29.94 0
29.95 0
29.96 0
29.97 0
29.98 182.533
29.99 180.738
30 179.268
30.01 178.623
30.02 178.687
30.03 178.872
30.04 178.687
30.05 178.233
30.06 178.723
30.07 179.123
30.08 180.201
30.09 181.481
30.1 180.283
30.11 180.049
30.12 180.043
30.13 180
30.14 179.593
30.15 179.837
30.16 181.856
30.17 181.521
30.18 183.178
30.19 183.178
30.2 196.582
30.21 198.291
30.22 200
30.23 201.37
30.24 202.825
30.25 203.957
30.26 204.856
30.27 205.779
30.28 206.59
30.29 207.214
30.3 208.456
30.31 210.633
30.32 211.591
30.33 213.098
30.34 215.272
30.35 217.885
30.36 218.317
30.37 222.915
30.38 227.32
30.39 228.695
30.4 229.346
30.41 229.837
30.42 230.192
30.43 230.528
30.44 230.78
30.45 230.89
30.46 230.89
30.47 230.954
30.48 231.132
30.49 230.438
30.5 229.488
30.51 229.253
30.52 231.336
30.53 232.595
30.54 233.864
30.55 234.337
30.56 234.809
30.57 235.075
30.58 235.101
30.59 234.932
30.6 235.339
30.61 235.385
30.62 235.463
30.63 235.351
30.64 235.635
30.65 235.612
30.66 235.376
30.67 235.514
30.68 235.934
30.69 235.774
30.7 235.227
30.71 235.476
30.72 234.915
30.73 234.1
30.74 236.986
30.75 234.574
30.76 234.574
30.77 234.574
30.78 235.2
30.79 235.502
30.8 235.525
30.81 236.047
30.82 236.344
30.83 236.063
30.84 235.98
30.85 236.491
30.86 236.288
30.87 235.529
30.88 235.29
30.89 236.371
30.9 235.829
30.91 235.829
30.92 236.412
30.93 236.814
30.94 237.006
30.95 237.006
30.96 236.72
30.97 236.824
30.98 236.063
30.99 236.25
31 236.25
31.01 235.371
31.02 234.337
31.03 234.337
31.04 234.693
31.05 236.081
31.06 237.191
31.07 238.92
31.08 240.109
31.09 240.4
31.1 240.593
31.11 240.664
31.12 240.593
31.13 240.346
31.14 240.149
31.15 239.422
31.16 238.426
31.17 237.416
31.18 236.885
31.19 236.733
31.2 237.097
31.21 237.273
31.22 237.509
31.23 237.674
31.24 237.625
31.25 237.57
31.26 237.462
31.27 237.462
31.28 237.301
31.29 237.203
31.3 237.505
31.31 237.391
31.32 237.827
31.33 238.207
31.34 238.378
31.35 238.601
31.36 238.512
31.37 238.245
31.38 237.979
31.39 237.553
31.4 236.833
31.41 235.778
31.42 234.688
31.43 234.358
31.44 233.977
31.45 234.383
31.46 234.824
31.47 235.463
31.48 236.009
31.49 236.009
31.5 236.494
31.51 237.028
31.52 237.097
31.53 237.02
31.54 236.699
31.55 236.344
31.56 236.063
31.57 235.829
31.58 235.175
31.59 235.829
31.6 235.446
31.61 235.937
31.62 235.903
31.63 236.573
31.64 236.626
31.65 236.532
31.66 236.69
31.67 236.491
31.68 236.288
31.69 235.6
31.7 235.993
31.71 236.654
31.72 236.654
31.73 236.068
31.74 236.25
31.75 236.441
31.76 237.017
31.77 236.947
31.78 236.951
31.79 236.969
31.8 236.047
31.81 235.649
31.82 235.739
31.83 235.664
31.84 235.451
31.85 235.043
31.86 234.767
31.87 234.348
31.88 234.574
31.89 233.333
31.9 234.574
31.91 239.154
31.92 237.95
31.93 237.95
31.94 237.95
31.95 237.95
31.96 237.95
31.97 0
31.98 0
31.99 288.235
32 272.896
32.01 268.902
32.02 265.417
32.03 245
32.04 244.321
32.05 243.646
32.06 243.497
32.07 243.524
32.08 243.736
32.09 243.478
32.1 243.646
32.11 243.524
32.12 243.199
32.13 243.036
32.14 242.816
32.15 242.816
32.16 242.841
32.17 241.549
32.18 241.549
32.19 241.549
32.2 239.935
32.21 238.582
32.22 238.809
32.23 238.895
32.24 239.426
32.25 240.421
32.26 241.298
32.27 242.066
32.28 242.816
32.29 243.071
32.3 242.914
32.31 243.582
32.32 242.429
32.33 241.298
32.34 240.921
32.35 240.296
32.36 240.047
32.37 241.975
32.38 242.689
32.39 243.109
32.4 243.109
32.41 242.88
32.42 242.151
32.43 241.527
32.44 240.638
32.45 239.302
32.46 238.194
32.47 237.238
32.48 236.461
32.49 235.649
32.5 233.671
32.51 233.196
32.52 233.333
32.53 233.642
32.54 235.649
32.55 239.674
32.56 236.25
32.57 233.333
32.58 233.333
32.59 233.333
32.6 233.333
32.61 233.333
32.62 233.333
32.63 233.333
32.64 233.333
32.65 232.105
32.66 222.727
32.67 213.112
32.68 213.112
32.69 213.409
32.7 213.905
32.71 213.758
32.72 213.37
32.73 213.137
32.74 212.958
32.75 212.806
32.76 212.777
32.77 212.83
32.78 213.043
32.79 213.17
32.8 213.144
32.81 213.281
32.82 213.413
32.83 213.491
32.84 213.52
32.85 213.452
32.86 213.374
32.87 213.362
32.88 213.387
32.89 213.464
32.9 213.475
32.91 213.402
32.92 213.485
32.93 213.315
32.94 212.838
32.95 212.823
32.96 212.922
32.97 212.95
32.98 213.35
32.99 213.75
33 214.286
33.01 214.922
33.02 215.522
33.03 216.265
33.04 216.747
33.05 217.038
33.06 217.111
33.07 216.921
33.08 216.591
33.09 216.288
33.1 215.787
33.11 215.565
33.12 215.288
33.13 215.177
33.14 215.288
33.15 215.565
33.16 215.898
33.17 216.232
33.18 216.736
33.19 216.904
33.2 216.904
33.21 216.848
33.22 216.848
33.23 216.736
33.24 216.654
33.25 216.624
33.26 216.736
33.27 216.848
33.28 217.016
33.29 217.185
33.3 217.049
33.31 216.945
33.32 216.802
33.33 216.241
33.34 215.767
33.35 215.122
33.36 214.818
33.37 215.088
33.38 215.846
33.39 216.641
33.4 217.211
33.41 217.897
33.42 218.817
33.43 219.348
33.44 219.633
33.45 219.828
33.46 219.524
33.47 218.919
33.48 218.492
33.49 218.008
33.5 217.557
33.51 217.175
33.52 217.028
33.53 217
33.54 216.974
33.55 217.047
33.56 217.375
33.57 217.548
33.58 217.729
33.59 217.925
33.6 218.317
33.61 217.778
33.62 217.241
33.63 218.077
33.64 217.241
33.65 217.089
33.66 216.601
33.67 216.176
33.68 208.019
33.69 208.019
33.7 225.768
33.71 225.768
33.72 225.768
33.73 225.768
33.74 216.601
33.75 208.019
33.76 197.463
33.77 197.463
33.78 197.463
33.79 197.463
33.8 197.463
33.81 0
33.82 580.263
33.83 0
33.84 580.263
33.85 580.263
33.86 588.413
33.87 588.413
33.88 588.413
33.89 0
33.9 196.257
33.91 195.933
33.92 195.67
33.93 195.306
33.94 194.994
33.95 194.695
33.96 194.304
33.97 193.838
33.98 193.239
33.99 193.054
34 193.072
34.01 193.22
34.02 193.477
34.03 193.63
34.04 194.118
34.05 194.822
34.06 194.947
34.07 195.219
34.08 195.282
34.09 195.218
34.1 195.225
34.11 195.17
34.12 195.006
34.13 194.577
34.14 193.962
34.15 193.421
34.16 192.383
34.17 192.241
34.18 189.677
34.19 189.677
34.2 187.66
34.21 187.926
34.22 187.926
34.23 187.926
34.24 191.739
34.25 177.823
34.26 182.988
34.27 182.988
34.28 192.998
34.29 193.421
34.3 193.421
34.31 193.421
34.32 193.421
34.33 193.421
34.34 0
34.35 0
34.36 0
34.37 0
34.38 0
34.39 0
34.4 359.511
34.41 0
34.42 0
34.43 0
34.44 0
34.45 0
34.46 0
34.47 0
34.48 0
34.49 0
34.5 0
34.51 0
34.52 0
34.53 105.629
34.54 106.01
34.55 105
34.56 105
34.57 105
34.58 0
34.59 0
34.6 0
34.61 0
34.62 0
34.63 0
34.64 0
34.65 0
34.66 0
34.67 0
34.68 0
34.69 148.986
34.7 151.807
34.71 153.927
34.72 153.805
34.73 153.837
34.74 154.304
34.75 156.014
34.76 156.383
34.77 156.383
34.78 167.045
34.79 170.93
34.8 170.93
34.81 168.642
34.82 169.046
34.83 168.401
34.84 168.449
34.85 169.615
34.86 170.435
34.87 171.373
34.88 174.308
34.89 175.278
34.9 176.872
34.91 178.439
34.92 181.836
34.93 183.992
34.94 186.548
34.95 190.196
34.96 198.649
34.97 201.472
34.98 203.538
34.99 206.557
35 208.735
35.01 210.154
35.02 211.612
35.03 213.225
35.04 214.912
35.05 218.317
35.06 220.721
35.07 223.48
35.08 225.418
35.09 227.543
35.1 228.713
35.11 229.145
35.12 230.123
35.13 230.233
35.14 230.123
35.15 230.488
35.16 230.833
35.17 230.67
35.18 231.178
35.19 231.618
35.2 232.923
35.21 233.746
35.22 233.896
35.23 234.461
35.24 234.932
35.25 235.485
35.26 236.173
35.27 236.634
35.28 236.733
35.29 236.854
35.3 237.34
35.31 237.583
35.32 237.705
35.33 237.462
35.34 237.218
35.35 236.854
35.36 236.371
35.37 236.009
35.38 235.577
35.39 235.29
35.4 235.29
35.41 235.409
35.42 235.969
35.43 236.461
35.44 236.975
35.45 237.583
35.46 237.95
35.47 238.317
35.48 238.317
35.49 238.194
35.5 238.072
35.51 237.827
35.52 237.34
35.53 237.218
35.54 237.097
35.55 236.854
35.56 236.975
35.57 237.097
35.58 237.218
35.59 237.097
35.6 237.34
35.61 237.218
35.62 237.218
35.63 237.218
35.64 237.34
35.65 237.462
35.66 237.705
35.67 237.827
35.68 238.194
35.69 238.072
35.7 238.194
35.71 238.194
35.72 238.194
35.73 238.072
35.74 238.072
35.75 238.194
35.76 238.44
35.77 238.686
35.78 238.848
35.79 239.179
35.8 239.302
35.81 239.302
35.82 239.179
35.83 239.055
35.84 238.44
35.85 238.072
35.86 237.34
35.87 237.218
35.88 236.975
35.89 236.854
35.9 236.854
35.91 237.097
35.92 237.462
35.93 237.95
35.94 238.563
35.95 238.932
35.96 239.179
35.97 239.55
35.98 239.798
35.99 239.792
36 239.798
36.01 239.674
36.02 239.426
36.03 239.302
36.04 239.319
36.05 239.179
36.06 239.179
36.07 239.302
36.08 239.426
36.09 239.319
36.1 239.302
36.11 239.302
36.12 239.055
36.13 238.809
36.14 238.809
36.15 238.317
36.16 238.194
36.17 238.072
36.18 238.317
36.19 238.311
36.2 238.217
36.21 238.809
36.22 239.074
36.23 240.109
36.24 239.674
36.25 241.549
36.26 242.308
36.27 243.646
36.28 247.753
36.29 243.839
36.3 242.308
36.31 235.829
36.32 235.829
36.33 235.829
36.34 235.829
36.35 235.829
36.36 0
36.37 0
36.38 0
36.39 0
36.4 315
36.41 302.055
36.42 274.156
36.43 273.521
36.44 259.412
36.45 253.448
36.46 249.153
36.47 247.753
36.48 247.059
36.49 245.745
36.5 245.21
36.51 245.17
36.52 244.397
36.53 243.967
36.54 243.524
36.55 242.816
36.56 242.187
36.57 241.928
36.58 242.028
36.59 241.928
36.6 241.609
36.61 241.609
36.62 241.609
36.63 241.609
36.64 242.181
36.65 242.429
36.66 242.562
36.67 242.689
36.68 243.28
36.69 243.199
36.7 243.28
36.71 243.454
36.72 243.402
36.73 243.326
36.74 243.071
36.75 242.975
36.76 242.975
36.77 242.975
36.78 243.262
36.79 243.251
36.8 243.151
36.81 243.071
36.82 243.158
36.83 243.454
36.84 243.891
36.85 244.051
36.86 244.096
36.87 244.276
36.88 245
36.89 245.455
36.9 250.095
36.91 250.758
36.92 249.153
36.93 248.311
36.94 248.311
36.95 247.753
36.96 246.565
36.97 246.565
36.98 246.828
36.99 246.828
37 246.565
37.01 246.565
37.02 246.828
37.03 227.907
37.04 222.55
37.05 222.324
37.06 222.054
37.07 221.608
37.08 220.264
37.09 219.205
37.1 218.879
37.11 218.526
37.12 218.617
37.13 218.431
37.14 218.317
37.15 218.374
37.16 218.483
37.17 218.739
37.18 218.928
37.19 218.872
37.2 218.859
37.21 218.237
37.22 218.063
37.23 217.557
37.24 217.272
37.25 217.016
37.26 216.68
37.27 216.4
37.28 216.122
37.29 216.122
37.3 216.231
37.31 216.34
37.32 216.667
37.33 216.995
37.34 217.509
37.35 217.993
37.36 218.483
37.37 218.817
37.38 219.116
37.39 219.207
37.4 219.076
37.41 218.83
37.42 218.488
37.43 218.203
37.44 217.919
37.45 217.819
37.46 217.874
37.47 217.919
37.48 218.033
37.49 218.203
37.5 218.317
37.51 218.428
37.52 218.431
37.53 218.317
37.54 218.203
37.55 217.976
37.56 217.874
37.57 217.819
37.58 217.749
37.59 217.806
37.6 218.033
37.61 218.428
37.62 218.705
37.63 219.002
37.64 219.207
37.65 219.375
37.66 219.458
37.67 219.536
37.68 219.487
37.69 219.231
37.7 219.002
37.71 218.678
37.72 218.38
37.73 218.126
37.74 217.794
37.75 217.762
37.76 217.676
37.77 217.749
37.78 217.985
37.79 218.146
37.8 218.374
37.81 218.488
37.82 218.488
37.83 218.372
37.84 218.437
37.85 218.38
37.86 218.317
37.87 218.173
37.88 218.101
37.89 217.969
37.9 218.008
37.91 218.245
37.92 218.452
37.93 218.52
37.94 218.52
37.95 218.798
37.96 218.859
37.97 218.967
37.98 219.13
37.99 219.221
38 219.559
38.01 219.767
38.02 217.599
38.03 219.992
38.04 220.5
38.05 220.942
38.06 221.053
38.07 220.815
38.08 220.5
38.09 220.5
38.1 220.5
38.11 234.574
38.12 237.95
38.13 237.95
38.14 226.735
38.15 221.98
38.16 221.132
38.17 219.95
38.18 217.778
38.19 215.707
38.2 210.861
38.21 210.861
38.22 211.005
38.23 210
38.24 197.345
38.25 197.426
38.26 198.543
38.27 198.366
38.28 198.571
38.29 198.726
38.3 199.295
38.31 199.27
38.32 198.777
38.33 198.589
38.34 199.717
38.35 205.116
38.36 201.4
38.37 202.021
38.38 202.294
38.39 201.941
38.4 202.035
38.41 201.605
38.42 201.52
38.43 200.855
38.44 200.652
38.45 199.953
38.46 199.022
38.47 198.333
38.48 196.397
38.49 195.133
38.5 194.559
38.51 192.576
38.52 192.576
38.53 202.294
38.54 195.71
38.55 193.421
38.56 193.421
38.57 196.875
38.58 196.875
38.59 245
38.6 245
38.61 241.644
38.62 241.644
38.63 241.644
38.64 241.644
38.65 0
38.66 0
38.67 0
38.68 0
38.69 0
38.7 0
38.71 0
38.72 0
38.73 0
38.74 0
38.75 99.1011
38.76 0
38.77 0
38.78 0
38.79 0
38.8 0
38.81 110.388
38.82 0
38.83 787.5
38.84 0
38.85 0
38.86 0
38.87 0
38.88 0
38.89 0
38.9 0
38.91 0
38.92 0
38.93 14.4306
38.94 0
38.95 123.529
38.96 0
38.97 0
38.98 136.957
38.99 141.346
39 145.305
39.01 148.485
39.02 149.323
39.03 160.558
39.04 162.132
39.05 164.552
39.06 167.855
39.07 169.615
39.08 170.765
39.09 174.63
39.1 176.069
39.11 176.847
39.12 178.411
39.13 179.831
39.14 182.343
39.15 183.064
39.16 187.091
39.17 190.556
39.18 194.903
39.19 197.647
39.2 202.184
39.21 205.329
39.22 206.654
39.23 209.005
39.24 211.005
39.25 214.773
39.26 216.682
39.27 221.163
39.28 222.3
39.29 225.1
39.3 226.154
39.31 228.103
39.32 228.893
39.33 229.006
39.34 229.817
39.35 230.611
39.36 231.361
39.37 231.913
39.38 232.805
39.39 233.406
39.4 233.916
39.41 233.835
39.42 234.378
39.43 234.319
39.44 234.456
39.45 234.634
39.46 234.818
39.47 235.051
39.48 236.183
39.49 236.588
39.5 236.486
39.51 237.309
39.52 236.791
39.53 236.791
39.54 236.25
39.55 236.103
39.56 235.895
39.57 235.649
39.58 234.783
39.59 234.574
39.6 233.406
39.61 232.774
39.62 232.513
39.63 232.513
39.64 240.984
39.65 240.984
39.66 240.984
39.67 243.646
39.68 242.308
39.69 241.549
39.7 242.012
39.71 241.975
39.72 242.151
39.73 242.429
39.74 242.55
39.75 242.752
39.76 242.752
39.77 243.027
39.78 243.336
39.79 243.588
39.8 243.983
39.81 244.225
39.82 243.891
39.83 243.769
39.84 243.582
39.85 243.28
39.86 242.943
39.87 242.55
39.88 242.308
39.89 241.928
39.9 241.802
39.91 241.802
39.92 241.945
39.93 242.181
39.94 242.308
39.95 242.435
39.96 242.689
39.97 242.55
39.98 242.816
39.99 242.671
40 242.689
40.01 242.671
40.02 242.562
40.03 242.308
40.04 242.429
40.05 242.308
40.06 242.793
40.07 243.071
40.08 243.402
40.09 243.582
40.1 243.582
40.11 243.717
40.12 243.983
40.13 244.225
40.14 244.506
40.15 244.397
40.16 244.096
40.17 243.646
40.18 240.984
40.19 239.674
40.2 234.574
40.21 231.757
40.22 227.32
40.23 224.427
40.24 222.503
40.25 221.237
40.26 219.914
40.27 219.467
40.28 219.116
40.29 218.425
40.3 217.134
40.31 216.288
40.32 216.512
40.33 216.96
40.34 217.298
40.35 218.203
40.36 217.863
40.37 217.993
40.38 218.545
40.39 217.976
40.4 217.863
40.41 217.749
40.42 217.523
40.43 217.456
40.44 217.636
40.45 217.749
40.46 217.976
40.47 217.749
40.48 219.185
40.49 219.575
40.5 219.231
40.51 219.231
40.52 219.116
40.53 218.887
40.54 218.425
40.55 218.09
40.56 218.203
40.57 216.96
40.58 217.863
40.59 218.317
40.6 218.859
40.61 219.143
40.62 219.767
40.63 220.225
40.64 220.658
40.65 220.5
40.66 221.237
40.67 220.5
40.68 220.5
40.69 225
40.7 225
40.71 235.829
40.72 248.218
40.73 246.369
40.74 240.984
40.75 242.841
40.76 242.689
40.77 242.901
40.78 242.752
40.79 242.689
40.8 242.778
40.81 242.729
40.82 242.671
40.83 242.574
40.84 242.435
40.85 242.55
40.86 242.308
40.87 242.308
40.88 242.181
40.89 242.181
40.9 242.181
40.91 242.308
40.92 242.429
40.93 242.308
40.94 242.429
40.95 242.689
40.96 242.562
40.97 242.429
40.98 242.308
40.99 242.187
41 242.054
41.01 242.429
41.02 242.816
41.03 242.975
41.04 243.243
41.05 243.576
41.06 243.512
41.07 243.711
41.08 243.859
41.09 244.152
41.1 243.839
41.11 243.422
41.12 242.308
41.13 241.172
41.14 239.674
41.15 237.95
41.16 234.574
41.17 210.803
41.18 220.5
41.19 220.5
41.2 220.5
41.21 210
41.22 207.627
41.23 206.719
41.24 206.557
41.25 208.019
41.26 210.803
41.27 212.665
41.28 219.04
41.29 228.103
41.3 230.287
41.31 232.105
41.32 234.021
41.33 235.619
41.34 236.371
41.35 236.62
41.36 237.5
41.37 238.099
41.38 238.099
41.39 238.099
41.4 239.891
41.41 243.422
41.42 243.28
41.43 243.28
41.44 239.565
41.45 256.655
41.46 256.655
41.47 238.522
41.48 238.47
41.49 238.47
41.5 237.983
41.51 237.629
41.52 237.629
41.53 237.319
41.54 237.541
41.55 237.736
41.56 237.462
41.57 238.322
41.58 238.164
41.59 238.713
41.6 239.074
41.61 239.291
41.62 239.302
41.63 239.332
41.64 239.117
41.65 239.136
41.66 239.127
41.67 239.332
41.68 239.474
41.69 239.741
41.7 240.03
41.71 240.207
41.72 240.182
41.73 240.196
41.74 240.086
41.75 239.774
41.76 239.674
41.77 239.494
41.78 239.6
41.79 239.426
41.8 239.556
41.81 239.537
41.82 239.537
41.83 239.537
41.84 239.537
41.85 239.537
41.86 0
41.87 718.343
41.88 0
41.89 727.864
41.9 0
41.91 753.846
41.92 0
41.93 249.153
41.94 248.684
41.95 248.871
41.96 248.451
41.97 248.684
41.98 243.646
41.99 245.42
42 245.42
42.01 244.638
42.02 243.726
42.03 243.859
42.04 243.839
42.05 243.769
42.06 243.705
42.07 243.534
42.08 244.096
42.09 244.096
42.1 241.899
42.11 241.899
42.12 241.393
42.13 240.847
42.14 240.687
42.15 240.135
42.16 240.91
42.17 240.845
42.18 241.71
42.19 242.444
42.2 243.576
42.21 244.66
42.22 244.276
42.23 245.321
42.24 245.728
42.25 245.63
42.26 244.096
42.27 237.665
42.28 228.821
42.29 223.524
42.3 221.343
42.31 218.577
42.32 216.689
42.33 216.45
42.34 216.498
42.35 216.176
42.36 215.409
42.37 214.301
42.38 215.385
42.39 216.176
42.4 216.749
42.41 217.394
42.42 218.09
42.43 218.431
42.44 218.587
42.45 218.723
42.46 218.994
42.47 219.116
42.48 219.403
42.49 219.622
42.5 219.806
42.51 219.806
42.52 219.921
42.53 220.39
42.54 219.84
42.55 220.268
42.56 220.152
42.57 220.037
42.58 220.06
42.59 220.06
42.6 220.037
42.61 220.268
42.62 219.872
42.63 219.767
42.64 219.767
42.65 219.403
42.66 219.33
42.67 219.247
42.68 219.221
42.69 218.967
42.7 218.626
42.71 217.885
42.72 217.599
42.73 214.773
42.74 218.317
42.75 209.715
42.76 206.59
42.77 204.278
42.78 201.677
42.79 201.003
42.8 200.151
42.81 199.062
42.82 198.521
42.83 198.649
42.84 198.45
42.85 197.98
42.86 197.69
42.87 197.838
42.88 198.585
42.89 199.282
42.9 199.548
42.91 199.95
42.92 200.151
42.93 200.556
42.94 200.759
42.95 200.86
42.96 200.759
42.97 200.86
42.98 200.962
42.99 201.064
43 201.166
43.01 201.515
43.02 201.904
43.03 201.923
43.04 202.559
43.05 202.759
43.06 202.759
43.07 203.167
43.08 203.167
43.09 202.512
43.1 202.184
43.11 201.858
43.12 201.532
43.13 201.612
43.14 201.853
43.15 202.016
43.16 202.075
43.17 203.36
43.18 203.36
43.19 204.302
43.2 204.501
43.21 204.724
43.22 204.878
43.23 204.98
43.24 204.957
43.25 204.926
43.26 204.878
43.27 204.799
43.28 199.935
43.29 199.548
43.3 196.582
43.31 192.576
43.32 202.294
43.33 217.241
43.34 217.089
43.35 208.019
43.36 206.075
43.37 184.519
43.38 184.519
43.39 184.519
43.4 184.519
43.41 184.519
43.42 184.519
43.43 184.519
43.44 184.519
43.45 195.133
43.46 195.133
43.47 195.133
43.48 195.133
43.49 195.133
43.5 0
43.51 573.224
43.52 0
43.53 0
43.54 0
43.55 0
43.56 566.292
43.57 560
43.58 553.556
43.59 548.073
43.6 551.053
43.61 547.599
43.62 547.599
43.63 547.599
43.64 547.599
43.65 541.406
43.66 541.031
43.67 543.445
43.68 544.825
43.69 544.713
43.7 545.633
43.71 546.694
43.72 547.647
43.73 547.226
43.74 546.945
43.75 548.507
43.76 548.829
43.77 546.318
43.78 547.716
43.79 550.208
43.8 552.66
43.81 554.857
43.82 554.966
43.83 556.199
43.84 557.053
43.85 556.864
43.86 556.437
43.87 555.797
43.88 554.388
43.89 553.831
43.9 551.976
43.91 552.062
43.92 550.676
43.93 554.145
43.94 554.666
43.95 556.199
43.96 556.997
43.97 556.957
43.98 549.533
43.99 557.724
44 557.856
44.01 558.5
44.02 560.077
44.03 559.645
44.04 559.239
44.05 560.254
44.06 561.545
44.07 563.615
44.08 564.227
44.09 566.206
44.1 566.149
44.11 566.149
44.12 564.436
44.13 564.939
44.14 564.867
44.15 568.299
44.16 568.299
44.17 568.299
44.18 568.299
44.19 568.299
44.2 560.593
44.21 564.781
44.22 566.481
44.23 568.653
44.24 568.204
44.25 570.035
44.26 571.2
44.27 574.449
44.28 571.192
44.29 570
44.3 566.706
44.31 569.159
44.32 566.838
44.33 565.86
44.34 562.547
44.35 541.104
44.36 558.409
44.37 559.803
44.38 562.022
44.39 562.022
44.4 562.022
44.41 562.022
44.42 562.022
44.43 0
44.44 0
44.45 193.421
44.46 0
44.47 0
44.48 0
44.49 0
44.5 0
44.51 0
44.52 0
44.53 0
44.54 0
44.55 173.622
44.56 0
44.57 179.268
44.58 182.231
44.59 185.121
44.6 187.721
44.61 191.146
44.62 193.575
44.63 195.799
44.64 197.935
44.65 199.92
44.66 203.018
44.67 206.934
44.68 210.633
44.69 213.098
44.7 214.956
44.71 216.176
44.72 217.073
44.73 217.636
44.74 217.778
44.75 217.749
44.76 217.749
44.77 217.749
44.78 217.976
44.79 218.642
44.8 219.002
44.81 219.46
44.82 219.691
44.83 220.616
44.84 221.274
44.85 221.608
44.86 222.255
44.87 222.964
44.88 223.517
44.89 223.744
44.9 223.744
44.91 224.157
44.92 224.199
44.93 224.199
44.94 223.972
44.95 224.037
44.96 223.548
44.97 223.445
44.98 223.335
44.99 223.217
45 223.343
45.01 223.197
45.02 222.615
45.03 220.5
45.04 217.701
45.05 214.599
45.06 214.078
45.07 213.633
45.08 213.338
45.09 212.402
45.1 211.058
45.11 209.501
45.12 207.774
45.13 205.46
45.14 205.018
45.15 204.963
45.16 204.914
45.17 204.817
45.18 204.588
45.19 204.324
45.2 203.904
45.21 203.278
45.22 202.759
45.23 202.036
45.24 201.523
45.25 201.115
45.26 200.962
45.27 201.064
45.28 201.421
45.29 201.728
45.3 202.242
45.31 202.545
45.32 202.881
45.33 202.98
45.34 203.078
45.35 203.15
45.36 203.058
45.37 203.092
45.38 203.199
45.39 203.336
45.4 203.628
45.41 203.897
45.42 204.219
45.43 204.43
45.44 204.482
45.45 204.377
45.46 204.062
45.47 203.643
45.48 203.226
45.49 202.759
45.5 202.345
45.51 201.882
45.52 201.621
45.53 201.281
45.54 201.148
45.55 201.113
45.56 201.064
45.57 200.992
45.58 201.017
45.59 200.657
45.6 201.064
45.61 200.911
45.62 200.455
45.63 203.226
45.64 194.151
45.65 185.919
45.66 183.314
45.67 182.42
45.68 181.007
45.69 180.147
45.7 180
45.71 180
45.72 178.233
45.73 177.584
45.74 177.933
45.75 178.709
45.76 180.579
45.77 181.456
45.78 181.909
45.79 182.231
45.8 182.361
45.81 182.551
45.82 182.762
45.83 182.609
45.84 182.777
45.85 183.028
45.86 183.205
45.87 183.532
45.88 183.907
45.89 184.134
45.9 184.115
45.91 184.006
45.92 183.568
45.93 182.969
45.94 182.721
45.95 182.004
45.96 181.432
45.97 180.547
45.98 180.052
45.99 181.195
46 182.684
46.01 183.205
46.02 183.58
46.03 184.083
46.04 184.134
46.05 184.066
46.06 183.999
46.07 183.957
46.08 183.975
46.09 184.006
46.1 183.863
46.11 183.604
46.12 183.178
46.13 182.781
46.14 180.872
46.15 179.097
46.16 178.837
46.17 180.396
46.18 181.262
46.19 181.856
46.2 182.332
46.21 182.315
46.22 182.591
46.23 182.757
46.24 182.857
46.25 183.314
46.26 183.648
46.27 183.84
46.28 184.029
46.29 184.303
46.3 184.319
46.31 184.4
46.32 184.284
46.33 184.217
46.34 183.896
46.35 183.521
46.36 183.072
46.37 182.735
46.38 182.483
46.39 182.031
46.4 182.064
46.41 182.064
46.42 182.004
46.43 181.966
46.44 181.989
46.45 181.953
46.46 181.827
46.47 181.731
46.48 181.449
46.49 181.125
46.5 180.609
46.51 180.245
46.52 180.158
46.53 180.402
46.54 181.134
46.55 181.631
46.56 182.42
46.57 182.533
46.58 182.483
46.59 182.447
46.6 182.432
46.61 182.514
46.62 182.32
46.63 182.143
46.64 182.054
46.65 181.757
46.66 181.648
46.67 181.802
46.68 181.606
46.69 181.731
46.7 181.981
46.71 182.32
46.72 182.514
46.73 182.703
46.74 182.798
46.75 182.703
46.76 182.148
46.77 181.966
46.78 181.648
46.79 181.531
46.8 181.195
46.81 180.872
46.82 180.442
46.83 180.245
46.84 179.755
46.85 179.512
46.86 178.302
46.87 175.697
46.88 174.079
46.89 176.4
46.9 176.4
46.91 183.14
46.92 183.75
46.93 172.266
46.94 172.266
46.95 172.266
46.96 172.266
46.97 182.231
46.98 182.231
46.99 182.231
47 182.231
47.01 182.231
47.02 182.231
47.03 182.231
47.04 182.231
47.05 182.231
47.06 0
47.07 0
47.08 0
47.09 0
47.1 0
47.11 145.833
47.12 145.833
47.13 145.833
47.14 0
47.15 0
47.16 0
47.17 469.149
47.18 0
47.19 428.618
47.2 0
47.21 0
47.22 0
47.23 0
47.24 614.94
47.25 0
47.26 131.25
47.27 0
47.28 0
47.29 0
47.3 0
47.31 0
47.32 0
47.33 0
47.34 0
47.35 0
47.36 0
47.37 0
47.38 0
47.39 0
47.4 0
47.41 0
47.42 172.266
47.43 170.93
47.44 170.27
47.45 168.966
47.46 169.095
47.47 170.71
47.48 173.168
47.49 172.941
47.5 176.754
47.51 181.481
47.52 186.076
47.53 186.338
47.54 187.261
47.55 187.66
47.56 188.462
47.57 189
47.58 189.64
47.59 191.135
47.6 192.254
47.61 193.648
47.62 195.234
47.63 199.047
47.64 203.473
47.65 206.302
47.66 210.472
47.67 216.921
47.68 219.976
47.69 223.611
47.7 226.479
47.71 229.176
47.72 229.389
47.73 229.824
47.74 230.336
47.75 230.763
47.76 231.314
47.77 232.044
47.78 232.923
47.79 233.854
47.8 234.64
47.81 235.146
47.82 236.6
47.83 237.218
47.84 237.583
47.85 238.072
47.86 237.95
47.87 237.827
47.88 237.462
47.89 237.097
47.9 236.915
47.91 236.975
47.92 236.969
47.93 237.228
47.94 237.359
47.95 237.736
47.96 238.121
47.97 238.44
47.98 238.851
47.99 238.994
48 238.932
48.01 238.809
48.02 238.686
48.03 238.563
48.04 238.563
48.05 238.686
48.06 238.747
48.07 238.747
48.08 238.949
48.09 239.055
48.1 239.241
48.11 239.492
48.12 239.55
48.13 239.613
48.14 239.364
48.15 239.241
48.16 238.788
48.17 238.636
48.18 238.501
48.19 238.378
48.2 238.44
48.21 238.949
48.22 239.302
48.23 239.916
48.24 240.545
48.25 240.921
48.26 240.984
48.27 241.172
48.28 240.984
48.29 240.155
48.3 239.674
48.31 239.008
48.32 238.766
48.33 238.788
48.34 238.854
48.35 239.252
48.36 239.972
48.37 240.737
48.38 241.452
48.39 242.308
48.4 242.689
48.41 242.308
48.42 240.224
48.43 239.457
48.44 239.117
48.45 239.003
48.46 239.228
48.47 239.332
48.48 239.393
48.49 239.359
48.5 239.674
48.51 241.159
48.52 241.849
48.53 242.396
48.54 242.724
48.55 242.225
48.56 241.622
48.57 240.944
48.58 239.944
48.59 239.674
48.6 239.437
48.61 239.105
48.62 239.068
48.63 239.302
48.64 239.674
48.65 240.301
48.66 241.103
48.67 241.67
48.68 242.001
48.69 241.899
48.7 241.644
48.71 241.353
48.72 240.984
48.73 240.406
48.74 240.196
48.75 239.987
48.76 239.674
48.77 239.901
48.78 240.171
48.79 240.545
48.8 240.921
48.81 240.921
48.82 240.744
48.83 240.296
48.84 239.922
48.85 239.302
48.86 238.932
48.87 238.766
48.88 238.303
48.89 237.95
48.9 238
48.91 237.827
48.92 238.932
48.93 239.674
48.94 241.247
48.95 242.012
48.96 244.373
48.97 245.42
48.98 246.094
48.99 246.369
49 246.644
49.01 245
49.02 245
49.03 247.753
49.04 252
49.05 250
49.06 249.153
49.07 245.78
49.08 241.423
49.09 239.241
49.1 239.327
49.11 239.368
49.12 239.674
49.13 239.891
49.14 240.837
49.15 240.395
49.16 240.327
49.17 241.463
49.18 241.797
49.19 241.797
49.2 241.797
49.21 242.136
49.22 242.738
49.23 241.791
49.24 241.57
49.25 241.35
49.26 241.273
49.27 241.115
49.28 241.198
49.29 241.337
49.3 241.549
49.31 241.998
49.32 242.816
49.33 242.55
49.34 242.742
49.35 242.991
49.36 243.115
49.37 243.007
49.38 242.742
49.39 242.308
49.4 241.998
49.41 241.26
49.42 241.567
49.43 241.567
49.44 241.549
49.45 241.813
49.46 241.928
49.47 242.618
49.48 242.432
49.49 242.68
49.5 242.556
49.51 242.562
49.52 242.308
49.53 242.181
49.54 241.937
49.55 241.321
49.56 241.235
49.57 241.321
49.58 241.802
49.59 242.06
49.6 242.181
49.61 242.494
49.62 242.122
49.63 242.689
49.64 242.671
49.65 242.562
49.66 242.618
49.67 242.618
49.68 242.68
49.69 242.742
49.7 242.816
49.71 242.816
49.72 242.943
49.73 242.929
49.74 242.929
49.75 242.991
49.76 242.929
49.77 243.024
49.78 243.042
49.79 243.124
49.8 243.059
49.81 243.199
49.82 242.429
49.83 243.646
49.84 243.957
49.85 244.397
49.86 243.646
49.87 243.199
49.88 243.646
49.89 237.097
49.9 207.692
49.91 198.649
49.92 193.421
49.93 193.421
49.94 193.421
49.95 179.268
49.96 179.268
49.97 179.268
49.98 0
49.99 302.055
50 260.947
50.01 260.947
50.02 260.947
50.03 260.947
50.04 0
50.05 90.5544
50.06 90.5544
50.07 90.3689
50.08 90.3689
50.09 90.3689
50.1 0
50.11 90
50.12 0
50.13 270
50.14 272.222
50.15 272.222
50.16 0
50.17 242.308
50.18 238.809
50.19 237.95
50.2 237.608
50.21 237.608
50.22 236.25
50.23 235.075
50.24 234.263
50.25 234.076
50.26 233.896
50.27 234.219
50.28 234.574
50.29 234.991
50.3 235.649
50.31 236.009
50.32 236.461
50.33 236.733
50.34 236.975
50.35 237.218
50.36 237.34
50.37 237.462
50.38 237.583
50.39 237.462
50.4 238.072
50.41 238.194
50.42 238.636
50.43 239.062
50.44 239.5
50.45 239.874
50.46 240.196
50.47 240.327
50.48 240.196
50.49 239.674
50.5 242.308
50.51 242.308
50.52 222.727
50.53 216.176
50.54 216.176
50.55 213.25
50.56 212.274
50.57 211.793
50.58 211.28
50.59 211.765
50.6 212.857
50.61 213.137
50.62 213.995
50.63 215.067
50.64 216.784
50.65 218.137
50.66 222.727
50.67 225.542
50.68 227.734
50.69 230.287
50.7 230.287
50.71 230.78
50.72 231.824
50.73 232.859
50.74 234.009
50.75 235.889
50.76 236.975
50.77 238.311
50.78 239.263
50.79 240.086
50.8 240.776
50.81 240.638
50.82 239.792
50.83 239.179
50.84 238.317
50.85 237.097
50.86 236.371
50.87 235.889
50.88 235.529
50.89 235.529
50.9 236.13
50.91 236.865
50.92 237.329
50.93 238.261
50.94 238.73
50.95 239.083
50.96 239.319
50.97 239.201
50.98 238.996
50.99 238.563
51 238.317
51.01 238.072
51.02 237.779
51.03 237.827
51.04 237.855
51.05 237.915
51.06 237.983
51.07 238.068
51.08 238.088
51.09 238.027
51.1 237.95
51.11 237.972
51.12 237.905
51.13 237.927
51.14 238.048
51.15 238.268
51.16 238.417
51.17 238.753
51.18 239.136
51.19 239.767
51.2 240.377
51.21 240.327
51.22 240.506
51.23 240.014
51.24 239.374
51.25 238.563
51.26 238.035
51.27 237.576
51.28 237.496
51.29 237.416
51.3 237.561
51.31 237.864
51.32 239.179
51.33 239.922
51.34 240.864
51.35 241.423
51.36 241.463
51.37 241.103
51.38 240.506
51.39 239.901
51.4 239.201
51.41 238.613
51.42 237.911
51.43 237.794
51.44 238.322
51.45 237.95
51.46 238.378
51.47 239.274
51.48 240.109
51.49 240.698
51.5 241.172
51.51 241.298
51.52 240.864
51.53 240.421
51.54 240.387
51.55 240.047
51.56 240.171
51.57 239.987
51.58 240.109
51.59 240.51
51.6 240.931
51.61 241.5
51.62 241.73
51.63 241.73
51.64 241.615
51.65 241.463
51.66 241.103
51.67 240.267
51.68 240.387
51.69 240.03
51.7 239.787
51.71 239.987
51.72 240.296
51.73 240.864
51.74 241.223
51.75 241.928
51.76 242.066
51.77 241.802
51.78 241.046
51.79 239.024
51.8 236.099
51.81 234.159
51.82 231.633
51.83 230.074
51.84 228.981
51.85 228.134
51.86 227.417
51.87 226.154
51.88 224.389
51.89 222.115
51.9 219.767
51.91 215.385
51.92 215.005
51.93 214.078
51.94 214.078
51.95 216.176
51.96 216.176
51.97 216.176
51.98 253.448
51.99 250.568
52 245
52.01 243.646
52.02 239.674
52.03 233.671
52.04 229.987
52.05 227.443
52.06 226.27
52.07 224.427
52.08 222.952
52.09 220.647
52.1 218.919
52.11 217.599
52.12 216.767
52.13 216.176
52.14 216.601
52.15 216.614
52.16 217.053
52.17 217.442
52.18 217.708
52.19 218.022
52.2 218.214
52.21 218.464
52.22 218.464
52.23 219.13
52.24 219.512
52.25 219.921
52.26 220.17
52.27 220.39
52.28 220.5
52.29 220.5
52.3 220.5
52.31 220.17
52.32 219.95
52.33 219.691
52.34 219.082
52.35 219.116
52.36 219.076
52.37 219.076
52.38 219.346
52.39 219.46
52.4 219.806
52.41 220.28
52.42 220.5
52.43 220.965
52.44 221.082
52.45 221.199
52.46 221.163
52.47 221.163
52.48 221.199
52.49 221.199
52.5 221.199
52.51 221.053
52.52 221.053
52.53 221.082
52.54 221.082
52.55 220.942
52.56 220.831
52.57 220.732
52.58 220.384
52.59 219.806
52.6 219.46
52.61 218.09
52.62 216.4
52.63 213.559
52.64 210.602
52.65 208.64
52.66 205.569
52.67 202.294
52.68 199.595
52.69 197.8
52.7 196.201
52.71 197.906
52.72 197.095
52.73 198.848
52.74 198.975
52.75 198.947
52.76 199.127
52.77 199.071
52.78 199.071
52.79 199.282
52.8 199.282
52.81 199.176
52.82 199.026
52.83 199.121
52.84 199.447
52.85 199.785
52.86 200.252
52.87 200.62
52.88 200.962
52.89 201.424
52.9 201.641
52.91 201.858
52.92 201.858
52.93 201.858
52.94 201.967
52.95 201.967
52.96 202.184
52.97 202.184
52.98 202.184
52.99 202.397
53 201.831
53.01 201.831
53.02 201.749
53.03 201.554
53.04 201.299
53.05 201.128
53.06 200.455
53.07 200.175
53.08 198.828
53.09 198.291
53.1 195.71
53.11 189.677
53.12 189.677
53.13 189.677
53.14 189.677
53.15 189.677
53.16 0
53.17 0
53.18 42.1875
53.19 49.7368
53.2 49.7368
53.21 0
53.22 0
53.23 420
53.24 420
53.25 420
53.26 0
53.27 0
53.28 112.5
53.29 0
53.3 0
53.31 373.729
53.32 0
53.33 0
53.34 0
53.35 64.8529
53.36 64.8529
53.37 64.8529
53.38 0
53.39 390.265
53.4 0
53.41 321.898
53.42 311.818
53.43 305.825
53.44 305.825
53.45 278.722
53.46 248.684
53.47 250.162
53.48 247.753
53.49 245.994
53.5 245.303
53.51 243.199
53.52 242.841
53.53 241.776
53.54 241.247
53.55 239.674
53.56 239.024
53.57 238.895
53.58 238.932
53.59 239.154
53.6 239.062
53.61 239.263
53.62 239.241
53.63 239.241
53.64 239.674
53.65 240.233
53.66 241.865
53.67 242.656
53.68 242.948
53.69 243.769
53.7 243.705
53.71 243.916
53.72 243.946
53.73 243.471
53.74 242.772
53.75 241.816
53.76 241.521
53.77 241.313
53.78 241.061
53.79 241.172
53.8 241.325
53.81 241.228
53.82 241.512
53.83 241.393
53.84 241.537
53.85 241.575
53.86 241.36
53.87 241.148
53.88 241.111
53.89 240.953
53.9 240.951
53.91 240.882
53.92 240.806
53.93 240.751
53.94 240.91
53.95 241.026
53.96 241.026
53.97 240.806
53.98 240.638
53.99 240.131
54 239.748
54.01 239.516
54.02 239.602
54.03 239.463
54.04 239.808
54.05 240.056
54.06 240.233
54.07 240.375
54.08 240.638
54.09 240.589
54.1 240.327
54.11 240.065
54.12 239.737
54.13 239.349
54.14 239.241
54.15 238.932
54.16 238.932
54.17 239.117
54.18 239.364
54.19 239.488
54.2 239.86
54.21 240.047
54.22 240.099
54.23 240.047
54.24 240.099
54.25 240.047
54.26 239.984
54.27 239.977
54.28 239.86
54.29 240.047
54.3 240.109
54.31 240.233
54.32 240.281
54.33 240.311
54.34 240.22
54.35 240
54.36 239.804
54.37 239.607
54.38 239.332
54.39 239.179
54.4 239.117
54.41 239.024
54.42 239.537
54.43 240.026
54.44 240.613
54.45 241.261
54.46 241.402
54.47 241.725
54.48 241.675
54.49 241.223
54.5 241.172
54.51 240.769
54.52 240.342
54.53 240.047
54.54 240.22
54.55 240.877
54.56 243.646
54.57 245.39
54.58 245.585
54.59 245.585
54.6 245.585
54.61 245.585
54.62 246.745
54.63 247.753
54.64 248.871
54.65 252
54.66 252
54.67 255.027
54.68 254.348
54.69 250.568
54.7 249.322
54.71 248.218
54.72 246.802
54.73 246.982
54.74 244.779
54.75 242.689
54.76 242.308
54.77 242.948
54.78 241.644
54.79 242.103
54.8 240.781
54.81 239.674
54.82 239.274
54.83 238.863
54.84 238.718
54.85 239.053
54.86 239.337
54.87 239.337
54.88 239.337
54.89 240.144
54.9 240.495
54.91 240.495
54.92 242.222
54.93 243.288
54.94 244.478
54.95 245.712
54.96 245.911
54.97 245
54.98 244.032
54.99 243.071
55 239.117
55.01 239.117
55.02 225
55.03 220.5
55.04 215.707
55.05 213.929
55.06 212.139
55.07 212.019
55.08 211.922
55.09 211.931
55.1 211.938
55.11 211.531
55.12 211.173
55.13 211.557
55.14 212.214
55.15 213.043
55.16 213.532
55.17 213.859
55.18 214.187
55.19 214.541
55.2 214.846
55.21 214.846
55.22 214.846
55.23 214.736
55.24 214.736
55.25 214.626
55.26 214.773
55.27 214.846
55.28 214.846
55.29 214.846
55.3 214.956
55.31 214.956
55.32 215.067
55.33 215.005
55.34 214.846
55.35 214.736
55.36 214.626
55.37 214.516
55.38 214.406
55.39 214.187
55.4 214.078
55.41 214.078
55.42 214.187
55.43 214.297
55.44 214.626
55.45 214.956
55.46 215.288
55.47 216.065
55.48 216.4
55.49 216.96
55.5 217.185
55.51 217.41
55.52 217.636
55.53 217.636
55.54 217.298
55.55 217.298
55.56 216.96
55.57 216.848
55.58 216.736
55.59 216.624
55.6 216.624
55.61 216.736
55.62 216.736
55.63 216.885
55.64 216.848
55.65 217.028
55.66 217.123
55.67 217.108
55.68 217.089
55.69 217.456
55.7 217.028
55.71 217.456
55.72 215.122
55.73 215.472
55.74 215.753
55.75 216.176
55.76 220.5
55.77 220.5
55.78 203.226
55.79 200.455
55.8 198.649
55.81 197.98
55.82 196.238
55.83 196.238
55.84 196.238
55.85 196.174
55.86 195.782
55.87 195.876
55.88 195.614
55.89 196.138
55.9 197.432
55.91 197.005
55.92 197.821
55.93 198.095
55.94 198.245
55.95 198.649
55.96 198.866
55.97 198.859
55.98 199.007
55.99 198.708
56 198.912
56.01 198.939
56.02 198.866
56.03 198.929
56.04 199.054
56.05 199.378
56.06 199.608
56.07 199.608
56.08 199.849
56.09 199.935
56.1 200
56.11 200.556
56.12 200.962
56.13 201.677
56.14 202.5
56.15 203.643
56.16 205.116
56.17 206.719
56.18 208.237
56.19 210
56.2 211.271
56.21 212.127
56.22 212.665
56.23 212.881
56.24 212.815
56.25 212.36
56.26 212.019
56.27 211.484
56.28 211.271
56.29 211.058
56.3 211.164
56.31 211.271
56.32 211.68
56.33 212.019
56.34 212.36
56.35 212.557
56.36 212.665
56.37 212.665
56.38 212.665
56.39 212.449
56.4 212.449
56.41 212.36
56.42 212.246
56.43 212.342
56.44 212.342
56.45 212.234
56.46 212.127
56.47 212.019
56.48 211.825
56.49 211.342
56.5 211.149
56.51 210.952
56.52 210.708
56.53 210.535
56.54 210.463
56.55 210.364
56.56 210.286
56.57 210.334
56.58 212.019
56.59 220.5
56.6 216.176
56.61 214.773
56.62 214.375
56.63 214.078
56.64 202.294
56.65 201.239
56.66 193.421
56.67 191.185
56.68 191.739
56.69 188.834
56.7 187.739
56.71 186.921
56.72 186.382
56.73 186.115
56.74 185.964
56.75 185.74
56.76 185.637
56.77 184.85
56.78 184.439
56.79 183.463
56.8 183.14
56.81 182.854
56.82 182.854
56.83 182.854
56.84 179.414
56.85 178.679
56.86 179.658
56.87 179.889
56.88 180.021
56.89 180.021
56.9 180.021
56.91 180.553
56.92 180.553
56.93 180.553
56.94 180.553
56.95 180.424
56.96 180.393
56.97 180.825
56.98 180.772
56.99 180.89
57 181.059
57.01 181.364
57.02 181.646
57.03 181.802
57.04 181.798
57.05 181.909
57.06 181.937
57.07 181.762
57.08 181.755
57.09 181.099
57.1 180.69
57.11 180.491
57.12 180.088
57.13 179.853
57.14 180.049
57.15 180.155
57.16 180.521
57.17 180.667
57.18 180.834
57.19 180.797
57.2 180.912
57.21 181.109
57.22 180.859
57.23 180.919
57.24 180.797
57.25 180.738
57.26 180.825
57.27 181.08
57.28 181.573
57.29 181.731
57.3 181.872
57.31 181.834
57.32 181.946
57.33 181.976
57.34 182.051
57.35 182.095
57.36 182.059
57.37 181.881
57.38 181.654
57.39 180.959
57.4 180.799
57.41 180.738
57.42 181.212
57.43 181.529
57.44 181.495
57.45 181.637
57.46 181.697
57.47 181.843
57.48 181.886
57.49 181.951
57.5 182.013
57.51 182.056
57.52 182.024
57.53 182.146
57.54 182.438
57.55 182.763
57.56 182.879
57.57 183.145
57.58 183.066
57.59 183.145
57.6 183.178
57.61 183.054
57.62 182.912
57.63 182.76
57.64 182.544
57.65 182.407
57.66 182.257
57.67 182.287
57.68 182.483
57.69 182.567
57.7 182.751
57.71 182.939
57.72 183.025
57.73 183.184
57.74 183.38
57.75 183.553
57.76 183.405
57.77 183.181
57.78 183.134
57.79 183.038
57.8 182.929
57.81 182.816
57.82 182.672
57.83 181.897
57.84 179.718
57.85 179.718
57.86 171.595
57.87 171.595
57.88 171.595
57.89 171.595
57.9 171.595
57.91 0
57.92 18.4365
57.93 0
57.94 0
57.95 0
57.96 0
57.97 0
57.98 237.097
57.99 0
58 0
58.01 0
58.02 0
58.03 0
58.04 0
58.05 0
58.06 0
58.07 0
58.08 0
58.09 0
58.1 0
58.11 0
58.12 0
58.13 0
58.14 0
58.15 0
58.16 0
58.17 0
58.18 123.876
58.19 0
58.2 137.241
58.21 141.346
58.22 143.492
58.23 146.674
58.24 150.512
58.25 159.206
58.26 164.552
58.27 174.538
58.28 178.11
58.29 184.057
58.3 189.677
58.31 190.415
58.32 191.739
58.33 192.857
58.34 194.04
58.35 195
58.36 196.058
58.37 196.875
58.38 199.548
58.39 201.37
58.4 203.018
58.41 204.966
58.42 206.481
58.43 207.916
58.44 209.556
58.45 211.229
58.46 213.206
58.47 214.846
58.48 216.4
58.49 217.749
58.5 219.076
58.51 219.95
58.52 220.965
58.53 221.082
58.54 221.199
58.55 220.942
58.56 220.721
58.57 220.384
58.58 220.152
58.59 219.806
58.6 219.84
58.61 219.731
58.62 219.921
58.63 220.152
58.64 220.384
58.65 220.831
58.66 221.163
58.67 221.784
58.68 222.255
58.69 222.84
58.7 223.178
58.71 223.404
58.72 223.559
58.73 223.858
58.74 223.858
58.75 223.961
58.76 223.918
58.77 223.972
58.78 223.804
58.79 223.513
58.8 223.291
58.81 222.727
58.82 222.417
58.83 222.394
58.84 222.34
58.85 222.9
58.86 223.253
58.87 223.816
58.88 224.322
58.89 225.442
58.9 227.014
58.91 228.328
58.92 229.21
58.93 228.497
58.94 228.929
58.95 223.858
58.96 215.272
58.97 211.342
58.98 207.367
58.99 208.183
59 208.183
59.01 207.584
59.02 207.417
59.03 207.407
59.04 207.475
59.05 207.529
59.06 207.553
59.07 207.093
59.08 207.196
59.09 206.848
59.1 206.751
59.11 206.461
59.12 206.075
59.13 205.69
59.14 205.267
59.15 205.267
59.16 205.267
59.17 205.267
59.18 205.267
59.19 0
59.2 610.008
59.21 608.523
59.22 607.752
59.23 607.752
59.24 607.752
59.25 0
59.26 202.512
59.27 202.622
59.28 202.841
59.29 203.018
59.3 203.507
59.31 203.738
59.32 203.675
59.33 203.774
59.34 203.587
59.35 203.442
59.36 203.226
59.37 203.01
59.38 202.845
59.39 201.853
59.4 202.386
59.41 202.632
59.42 202.479
59.43 202.559
59.44 202.825
59.45 203.092
59.46 203.27
59.47 203.36
59.48 203.473
59.49 203.67
59.5 203.67
59.51 203.834
59.52 204.056
59.53 204.799
59.54 205.01
59.55 205.01
59.56 204.904
59.57 204.693
59.58 204.377
59.59 203.747
59.6 203.122
59.61 202.603
59.62 202.088
59.63 201.779
59.64 201.677
59.65 201.779
59.66 201.985
59.67 202.191
59.68 202.603
59.69 202.707
59.7 202.603
59.71 202.191
59.72 201.677
59.73 200.86
59.74 199.849
59.75 198.649
59.76 197.914
59.77 197.227
59.78 196.374
59.79 195.71
59.8 195.306
59.81 194.702
59.82 194.273
59.83 193.846
59.84 194.273
59.85 193.421
59.86 206.627
59.87 205.435
59.88 201.501
59.89 189
59.9 180.245
59.91 178.543
59.92 176.636
59.93 174.014
59.94 174.385
59.95 174.723
59.96 175.464
59.97 176.199
59.98 176.842
59.99 177.823
60 178.784
60.01 179.951
60.02 180.368
60.03 180.83
60.04 180.83
60.05 180.95
60.06 180.985
60.07 180.872
60.08 180.409
60.09 179.895
60.1 179.268
60.11 179.268
60.12 179.268
60.13 181.931
60.14 182.447
60.15 182.609
60.16 182.988
60.17 183.195
60.18 183.28
60.19 183.14
60.2 182.988
60.21 182.893
60.22 182.42
60.23 181.931
60.24 181.539
60.25 181.143
60.26 180.573
60.27 180.245
60.28 179.831
60.29 180.573
60.3 182.231
60.31 182.609
60.32 182.836
60.33 182.861
60.34 182.879
60.35 182.798
60.36 182.798
60.37 182.703
60.38 182.42
60.39 181.949
60.4 181.481
60.41 181.202
60.42 180.837
60.43 180.923
60.44 181.109
60.45 181.388
60.46 181.762
60.47 182.137
60.48 182.432
60.49 182.42
60.5 182.326
60.51 182.137
60.52 181.762
60.53 181.432
60.54 181.295
60.55 181.295
60.56 181.295
60.57 181.668
60.58 182.137
60.59 182.634
60.6 183.178
60.61 183.846
60.62 184.326
60.63 184.519
60.64 184.422
60.65 184.326
60.66 183.942
60.67 183.559
60.68 183.178
60.69 182.893
60.7 182.798
60.71 182.634
60.72 182.703
60.73 182.988
60.74 183.273
60.75 183.654
60.76 183.942
60.77 184.134
60.78 184.23
60.79 184.134
60.8 183.942
60.81 183.75
60.82 183.273
60.83 183.178
60.84 183.178
60.85 182.703
60.86 182.854
60.87 183.241
60.88 183.617
60.89 184.169
60.9 184.426
60.91 184.719
60.92 184.684
60.93 184.629
60.94 184.519
60.95 184.341
60.96 184.169
60.97 183.75
60.98 182.735
60.99 181.885
61 181.856
61.01 182.231
61.02 182.352
61.03 182.696
61.04 183.128
61.05 183.205
61.06 183.241
61.07 183.241
61.08 183.314
61.09 183.104
61.1 182.735
61.11 182.447
61.12 182.292
61.13 182.051
61.14 181.709
61.15 181.781
61.16 181.762
61.17 181.878
61.18 182.054
61.19 181.981
61.2 182.043
61.21 181.762
61.22 181.648
61.23 181.481
61.24 181.388
61.25 180.95
61.26 180.582
61.27 180.402
61.28 180.245
61.29 180.315
61.3 180.404
61.31 180.368
61.32 180.553
61.33 180.639
61.34 180.54
61.35 180.276
61.36 179.725
61.37 178.995
61.38 178.302
61.39 177.061
61.4 176.804
61.41 176.165
61.42 175.418
61.43 174.481
61.44 173.622
61.45 171.262
61.46 170.197
61.47 168.064
61.48 165.789
61.49 163.092
61.5 158.47
61.51 155.438
61.52 152.86
61.53 149.239
61.54 148.318
61.55 145.545
61.56 143.415
61.57 139.937
61.58 137.956
61.59 136.392
61.6 132.565
61.61 130.088
61.62 123.529
61.63 119.189
61.64 119.189
61.65 114.844
61.66 114.844
61.67 113.368
61.68 111.929
61.69 109.701
61.7 109.701
61.71 119.189
61.72 122.5
61.73 122.5
61.74 122.5
61.75 122.5
61.76 119.189
61.77 119.189
61.78 119.189
61.79 0
61.8 0
61.81 0
61.82 0
61.83 0
61.84 0
61.85 0
61.86 0
61.87 0
61.88 0
61.89 0
61.9 0
61.91 0
61.92 0
61.93 0
61.94 0
61.95 0
61.96 0
61.97 0
61.98 0
61.99 40.2372
62 39.9457
62.01 39.9457
62.02 40.4959
62.03 40.4959
62.04 40.4959
62.05 40.4959
62.06 0
62.07 0
62.08 0
62.09 0
62.1 0
62.11 0
62.12 0
62.13 0
62.14 0
62.15 0
62.16 0
62.17 0
62.18 0
62.19 0
62.2 0
62.21 0
62.22 0
62.23 0
62.24 0
62.25 0
62.26 0
62.27 0
62.28 0
62.29 0
62.3 0
62.31 0
