0 51.2791
0.01 0
0.02 0
0.03 0
0.04 0
0.05 0
0.06 0
0.07 0
0.08 0
0.09 0
0.1 0
0.11 0
0.12 183.75
0.13 0
0.14 141.045
0.15 0
0.16 202.294
0.17 0
0.18 0
0.19 61.5922
0.2 55.125
0.21 55.125
0.22 55.125
0.23 55.125
0.24 0
0.25 0
0.26 180
0.27 0
0.28 239.674
0.29 262.5
0.3 256.395
0.31 256.395
0.32 268.902
0.33 268.902
0.34 268.902
0.35 0
0.36 469.149
0.37 454.639
0.38 454.639
0.39 459.375
0.4 459.375
0.41 0
0.42 170.93
0.43 172.042
0.44 173.964
0.45 173.964
0.46 173.964
0.47 175.398
0.48 171.12
0.49 171.12
0.5 208.511
0.51 214.078
0.52 214.078
0.53 223.48
0.54 234.574
0.55 234.574
0.56 234.574
0.57 239.024
0.58 250.568
0.59 255.405
0.6 256.608
0.61 256.923
0.62 258.161
0.63 258.254
0.64 258.977
0.65 259.316
0.66 260.1
0.67 260.813
0.68 261.333
0.69 261.738
0.7 261.98
0.71 262.561
0.72 262.939
0.73 263.307
0.74 263.919
0.75 264.388
0.76 264.681
0.77 265.024
0.78 265.219
0.79 265.32
0.8 265.152
0.81 264.692
0.82 264.017
0.83 263.973
0.84 264.177
0.85 264.567
0.86 264.886
0.87 265.195
0.88 265.372
0.89 265.365
0.9 265.968
0.91 267.31
0.92 267.165
0.93 266.899
0.94 266.438
0.95 266
0.96 265.834
0.97 265.5
0.98 265.214
0.99 265.049
1 264.997
1.01 265.002
1.02 265.162
1.03 264.918
1.04 265.763
1.05 266.595
1.06 267.059
1.07 267.086
1.08 267.273
1.09 267.188
1.1 267.116
1.11 267.104
1.12 266.941
1.13 266.897
1.14 266.849
1.15 266.746
1.16 266.82
1.17 266.658
1.18 266.491
1.19 266.794
1.2 266.913
1.21 267.532
1.22 267.792
1.23 268.289
1.24 268.039
1.25 268.045
1.26 268.028
1.27 267.764
1.28 267.784
1.29 267.605
1.3 267.55
1.31 267.481
1.32 267.605
1.33 267.606
1.34 267.484
1.35 267.697
1.36 267.552
1.37 267.43
1.38 267.504
1.39 267.333
1.4 267.302
1.41 267.21
1.42 267.153
1.43 267.243
1.44 267.086
1.45 267.487
1.46 267.585
1.47 267.934
1.48 268.289
1.49 268.357
1.5 268.561
1.51 268.581
1.52 268.248
1.53 267.757
1.54 267.597
1.55 267.467
1.56 267.273
1.57 266.847
1.58 266.702
1.59 266.35
1.6 265.983
1.61 265.372
1.62 265.663
1.63 265.663
1.64 223.48
1.65 268.902
1.66 270.552
1.67 270.552
1.68 273.065
1.69 263.126
1.7 239.674
1.71 243.646
1.72 238.293
1.73 236.975
1.74 236.893
1.75 236.893
1.76 236.893
1.77 236.893
1.78 236.893
1.79 236.999
1.8 235.955
1.81 239.848
1.82 241.776
1.83 245
1.84 244.321
1.85 244.321
1.86 244.321
1.87 244.612
1.88 243.916
1.89 240.691
1.9 239.544
1.91 239.319
1.92 239.174
1.93 239.587
1.94 240.545
1.95 240.545
1.96 241.644
1.97 241.423
1.98 241.423
1.99 241.423
2 241.423
2.01 241.423
2.02 241.423
2.03 241.423
2.04 241.313
2.05 238.809
2.06 236.634
2.07 231.834
2.08 228.406
2.09 227.789
2.1 228.428
2.11 227.789
2.12 227.842
2.13 224.389
2.14 224.759
2.15 224.824
2.16 224.921
2.17 225.503
2.18 225.338
2.19 225.447
2.2 225.447
2.21 225.488
2.22 225.082
2.23 224.368
2.24 223.858
2.25 222.166
2.26 220.776
2.27 220.5
2.28 221.608
2.29 220.63
2.3 220.268
2.31 219.806
2.32 220.776
2.33 220.67
2.34 220.5
2.35 220.5
2.36 219.304
2.37 219.13
2.38 218.994
2.39 220.921
2.4 221.375
2.41 219.071
2.42 219.403
2.43 217.599
2.44 209.539
2.45 210.472
2.46 210.125
2.47 210.472
2.48 210.472
2.49 210.472
2.5 210.472
2.51 208.581
2.52 213.559
2.53 209.667
2.54 207.823
2.55 207.367
2.56 207.367
2.57 207.367
2.58 207.367
2.59 208.197
2.6 208.197
2.61 206.601
2.62 201.789
2.63 198.351
2.64 196.524
2.65 196.615
2.66 197.179
2.67 197.666
2.68 197.483
2.69 197.727
2.7 197.856
2.71 198.291
2.72 198.425
2.73 198.5
2.74 198.798
2.75 199.117
2.76 199.247
2.77 199.38
2.78 199.766
2.79 199.813
2.8 199.548
2.81 198.5
2.82 198.393
2.83 197.592
2.84 197.266
2.85 196.831
2.86 196.63
2.87 196.719
2.88 196.719
2.89 196.699
2.9 196.374
2.91 196.452
2.92 196.722
2.93 196.772
2.94 198.41
2.95 198.529
2.96 198.054
2.97 196.875
2.98 197.227
2.99 196.208
3 195.581
3.01 195.363
3.02 195.241
3.03 195.33
3.04 195.184
3.05 194.903
3.06 194.603
3.07 194.429
3.08 194.788
3.09 196.74
3.1 198.173
3.11 199.31
3.12 200.546
3.13 200.379
3.14 201.239
3.15 203.226
3.16 203.865
3.17 204.531
3.18 204.799
3.19 205.253
3.2 208.19
3.21 209.203
3.22 210.827
3.23 213.215
3.24 215.272
3.25 225.46
3.26 230.488
3.27 230.488
3.28 230.488
3.29 234.1
3.3 234.348
3.31 233.925
3.32 233.783
3.33 234.219
3.34 237.475
3.35 239.171
3.36 241.423
3.37 243.199
3.38 244.096
3.39 244.174
3.4 244.165
3.41 244.096
3.42 244.032
3.43 243.864
3.44 243.256
3.45 242.55
3.46 242.151
3.47 241.605
3.48 241.183
3.49 240.751
3.5 240.764
3.51 240.871
3.52 240.946
3.53 241.12
3.54 241.226
3.55 241.865
3.56 242.429
3.57 242.929
3.58 243.614
3.59 243.942
3.6 243.482
3.61 243.417
3.62 243.301
3.63 242.975
3.64 242.799
3.65 242.518
3.66 242.373
3.67 242.246
3.68 242.071
3.69 242.145
3.7 241.92
3.71 241.855
3.72 241.717
3.73 241.776
3.74 241.659
3.75 241.628
3.76 241.615
3.77 241.313
3.78 241.512
3.79 241.313
3.8 241.679
3.81 241.917
3.82 242.033
3.83 242.13
3.84 242.308
3.85 242.205
3.86 242.763
3.87 242.168
3.88 242.388
3.89 241.928
3.9 242.241
3.91 241.644
3.92 241.382
3.93 241.137
3.94 240.984
3.95 240.892
3.96 240.786
3.97 240.823
3.98 240.815
3.99 240.796
4 240.852
4.01 241.021
4.02 241.148
4.03 241.103
4.04 241.203
4.05 241.162
4.06 240.852
4.07 240.604
4.08 240.655
4.09 240.589
4.1 240.695
4.11 240.759
4.12 240.788
4.13 241.328
4.14 241.953
4.15 242.308
4.16 242.452
4.17 242.793
4.18 242.888
4.19 242.641
4.2 243.711
4.21 244.186
4.22 244.26
4.23 242.513
4.24 242.943
4.25 242.308
4.26 242.192
4.27 241.758
4.28 241.701
4.29 241.71
4.3 241.752
4.31 241.788
4.32 241.845
4.33 242.138
4.34 242.308
4.35 242.444
4.36 242.918
4.37 243.036
4.38 243.17
4.39 243.262
4.4 243.322
4.41 243.121
4.42 242.752
4.43 242.435
4.44 242.308
4.45 242.054
4.46 242.435
4.47 242.308
4.48 242.181
4.49 242.671
4.5 242.816
4.51 242.914
4.52 243.036
4.53 243.121
4.54 242.864
4.55 243.326
4.56 243.036
4.57 243.004
4.58 242.406
4.59 242.308
4.6 242.308
4.61 242.308
4.62 242.141
4.63 242.498
4.64 242.066
4.65 241.423
4.66 241.423
4.67 237.097
4.68 237.097
4.69 237.097
4.7 235.409
4.71 225
4.72 223.858
4.73 219.767
4.74 219.767
4.75 239.674
4.76 239.674
4.77 242.308
4.78 242.308
4.79 242.308
4.8 242.308
4.81 242.308
4.82 242.308
4.83 242.308
4.84 0
4.85 0
4.86 0
4.87 237.097
4.88 0
4.89 512.791
4.9 0
4.91 0
4.92 235.829
4.93 0
4.94 238.378
4.95 235.829
4.96 234.574
4.97 235.689
4.98 235.829
4.99 235.649
5 235.987
5.01 236.294
5.02 236.294
5.03 236.62
5.04 237.097
5.05 237.293
5.06 236.673
5.07 237.95
5.08 239.074
5.09 239.521
5.1 239.819
5.11 239.964
5.12 239.819
5.13 239.537
5.14 238.507
5.15 238.522
5.16 237.698
5.17 236.779
5.18 237.416
5.19 234.969
5.2 234.201
5.21 234.868
5.22 234.574
5.23 234.574
5.24 234.574
5.25 234
5.26 233.581
5.27 232.268
5.28 229.688
5.29 234.263
5.3 234.076
5.31 234.076
5.32 242.308
5.33 259.412
5.34 239.674
5.35 238.121
5.36 238.121
5.37 238.121
5.38 238.121
5.39 238.121
5.4 236.673
5.41 238.121
5.42 236.673
5.43 232.805
5.44 231.204
5.45 230.446
5.46 230.488
5.47 231.063
5.48 229.528
5.49 227.613
5.5 226.852
5.51 227.789
5.52 227.789
5.53 225.922
5.54 225.922
5.55 225.922
5.56 223.631
5.57 225.922
5.58 225
5.59 225
5.6 225
5.61 225.383
5.62 225.46
5.63 225.46
5.64 225
5.65 225
5.66 228.103
5.67 233.581
5.68 234.574
5.69 237.95
5.7 237.95
5.71 237.95
5.72 200.455
5.73 216.176
5.74 216.176
5.75 216.176
5.76 216.176
5.77 0
5.78 65.0442
5.79 65.0442
5.8 65.0442
5.81 73.7458
5.82 73.7458
5.83 73.7458
5.84 73.7458
5.85 73.2558
5.86 87.0968
5.87 87.0968
5.88 87.0968
5.89 87.0968
5.9 108.621
5.91 108.621
5.92 108.621
5.93 108.621
5.94 108.621
5.95 108.621
5.96 0
5.97 530.048
5.98 530.048
5.99 544.444
6 544.444
6.01 549.288
6.02 545.792
6.03 545.792
6.04 557.22
6.05 557.22
6.06 557.22
6.07 553.556
6.08 553.556
6.09 553.556
6.1 553.556
6.11 553.556
6.12 0
6.13 137.383
6.14 0
6.15 0
6.16 0
6.17 0
6.18 0
6.19 44.2771
6.2 44.2771
6.21 44.1
6.22 43.9243
6.23 43.9243
6.24 43.9243
6.25 43.9243
6.26 54.3773
6.27 54.2213
6.28 54.2213
6.29 54.2213
6.3 0
6.31 180.368
6.32 180.368
6.33 180.368
6.34 180.368
6.35 180.368
6.36 180.738
6.37 180.738
6.38 180.738
6.39 180.738
6.4 180.738
6.41 0
6.42 108.088
6.43 107.824
6.44 107.824
6.45 0
6.46 88.8218
6.47 88.7919
6.48 88.7919
6.49 0
6.5 136.111
6.51 136.392
6.52 136.392
6.53 136.392
6.54 136.392
6.55 136.392
6.56 136.392
6.57 136.392
6.58 136.392
6.59 0
6.6 180.738
6.61 179.755
6.62 179.755
6.63 179.755
6.64 179.755
6.65 179.755
6.66 179.755
6.67 179.755
6.68 179.755
6.69 179.755
6.7 179.755
6.71 179.755
6.72 0
6.73 535.43
6.74 535.628
6.75 537.805
6.76 541.871
6.77 541.579
6.78 541.871
6.79 545.567
6.8 546.284
6.81 538.681
6.82 533.077
6.83 517.606
6.84 506.25
6.85 506.25
6.86 506.25
6.87 506.25
6.88 506.25
6.89 0
6.9 88.9113
6.91 88.9113
6.92 89.001
6.93 89.1509
6.94 89.4523
6.95 89.4523
6.96 89.0549
6.97 88.495
6.98 88.4021
6.99 88.2588
7 88.4831
7.01 107.169
7.02 107.212
7.03 107.039
7.04 106.866
7.05 106.987
7.06 106.987
7.07 106.987
7.08 106.987
7.09 106.974
7.1 106.965
7.11 133.636
7.12 133.636
7.13 133.636
7.14 133.636
7.15 133.636
7.16 133.636
7.17 0
7.18 89.14
7.19 89.199
7.2 89.1109
7.21 89.1359
7.22 88.9711
7.23 88.9113
7.24 88.9113
7.25 88.9113
7.26 106.18
7.27 106.01
7.28 105.755
7.29 106.01
7.3 106.01
7.31 106.01
7.32 106.01
7.33 106.137
7.34 105.502
7.35 105.502
7.36 105.502
7.37 105.502
7.38 105.502
7.39 0
7.4 232.105
7.41 232.105
7.42 240.984
7.43 240.984
7.44 240.984
7.45 240.984
7.46 240.984
7.47 240.984
7.48 241.423
7.49 241.423
7.5 241.423
7.51 0
7.52 66.3158
7.53 66.3158
7.54 66.3158
7.55 66.3158
7.56 66.3158
7.57 0
7.58 243.646
7.59 0
7.6 237.097
7.61 237.097
7.62 236.25
7.63 235.829
7.64 235.829
7.65 235.829
7.66 235.829
7.67 235.829
7.68 235.829
7.69 0
7.7 29.5181
7.71 29.6371
7.72 29.5181
7.73 29.4786
7.74 26.2032
7.75 29.4
7.76 29.4
7.77 26.1669
7.78 26.1669
7.79 26.1752
7.8 26.1462
7.81 29.6371
7.82 29.6371
7.83 29.6371
7.84 29.6371
7.85 29.6371
7.86 0
7.87 0
7.88 0
7.89 242.308
7.9 242.308
7.91 242.308
7.92 0
7.93 0
7.94 462.587
7.95 462.587
7.96 460.574
7.97 459.375
7.98 465.845
7.99 451.844
8 451.844
8.01 458.012
8.02 464.211
8.03 441
8.04 450
8.05 450
8.06 450
8.07 450
8.08 450
8.09 450
8.1 450
8.11 450
8.12 0
8.13 0
8.14 53.6496
8.15 53.6496
8.16 53.6496
8.17 0
8.18 44.4855
8.19 44.4855
8.2 44.4855
8.21 44.4855
8.22 44.4855
8.23 44.4855
8.24 44.4855
8.25 44.4855
8.26 44.4855
8.27 0
8.28 132.69
8.29 132.69
8.3 132.69
8.31 132.484
8.32 132.541
8.33 132.469
8.34 132.149
8.35 132.898
8.36 133.02
8.37 133.636
8.38 133.233
8.39 133.233
8.4 133.233
8.41 129.098
8.42 129.098
8.43 129.098
8.44 126.24
8.45 120.419
8.46 120.419
8.47 120.419
8.48 0
8.49 238.809
8.5 238.809
8.51 238.809
8.52 0
8.53 0
8.54 0
8.55 66.1059
8.56 66.0773
8.57 65.8865
8.58 65.985
8.59 65.996
8.6 66.1169
8.61 65.8209
8.62 65.8209
8.63 65.8209
8.64 65.849
8.65 66.6835
8.66 66.7171
8.67 66.7171
8.68 66.7171
8.69 59.7561
8.7 66.4157
8.71 65.939
8.72 66.1878
8.73 66.1878
8.74 75.8601
8.75 75.8601
8.76 90.5544
8.77 90.6874
8.78 90.6874
8.79 90.6874
8.8 90.6874
8.81 95.0431
8.82 95.0431
8.83 95.0431
8.84 95.0431
8.85 0
8.86 19.9638
8.87 19.9638
8.88 19.9638
8.89 0
8.9 0
8.91 104.173
8.92 0
8.93 0
8.94 0
8.95 230.649
8.96 230.717
8.97 230.717
8.98 0
8.99 0
9 0
9.01 0
9.02 76.2097
9.03 0
9.04 0
9.05 165.478
9.06 0
9.07 112.309
9.08 0
9.09 0
9.1 0
9.11 76.5625
9.12 76.5625
9.13 76.5625
9.14 0
9.15 57.5718
9.16 57.5217
9.17 57.5217
9.18 57.4219
9.19 57.4219
9.2 57.4219
9.21 57.4219
9.22 57.7225
9.23 57.7225
9.24 0
9.25 76.6385
9.26 76.6385
9.27 76.6385
9.28 76.7223
9.29 76.7223
9.3 76.7624
9.31 76.6957
9.32 76.8293
9.33 76.8293
9.34 77.3684
9.35 77.3684
9.36 77.3684
9.37 76.8293
9.38 76.8293
9.39 65.8865
9.4 65.9193
9.41 76.5625
9.42 76.5625
9.43 76.8627
9.44 76.8675
9.45 76.8675
9.46 77.0642
9.47 77.0979
9.48 77.0979
9.49 77.1519
9.5 77.1879
9.51 77.3684
9.52 77.3684
9.53 77.3684
9.54 77.3684
9.55 77.3684
9.56 0
9.57 0
9.58 0
9.59 0
9.6 0
9.61 0
9.62 0
9.63 35.6796
9.64 0
9.65 483.553
9.66 0
9.67 0
9.68 0
9.69 91.2414
9.7 77.0979
9.71 77.2909
9.72 77.3142
9.73 77.053
9.74 76.9442
9.75 76.122
9.76 76.122
9.77 89.5129
9.78 89.5129
9.79 89.5129
9.8 76.122
9.81 76.122
9.82 76.122
9.83 76.122
9.84 90.3689
9.85 90.3689
9.86 90.3689
9.87 90.3689
9.88 90.3689
9.89 90.3689
9.9 90.3689
9.91 90.3689
9.92 90.3689
9.93 90.3689
9.94 90.3689
9.95 90.3689
9.96 90.3689
9.97 0
9.98 484.615
9.99 0
10 116.053
10.01 116.053
10.02 116.053
10.03 116.053
10.04 116.053
10.05 0
10.06 0
10.07 23.1618
10.08 23.1618
10.09 23.1375
10.1 23.1375
10.11 23.1375
10.12 0
10.13 33.5616
10.14 0
10.15 120.492
10.16 0
10.17 165.612
10.18 165.612
10.19 165.612
10.2 0
10.21 0
10.22 490
10.23 490
10.24 490
10.25 518.824
10.26 501.136
10.27 501.136
10.28 501.136
10.29 501.136
10.3 501.136
10.31 0
10.32 0
10.33 0
10.34 0
10.35 0
10.36 0
10.37 0
10.38 76.3504
10.39 76.2316
10.4 76.122
10.41 76.4961
10.42 76.629
10.43 76.7758
10.44 76.7758
10.45 76.4961
10.46 76.4961
10.47 76.4961
10.48 76.4961
10.49 76.4961
10.5 76.5625
10.51 76.5625
10.52 76.5625
10.53 0
10.54 114.844
10.55 114.844
10.56 114.844
10.57 0
10.58 76.9186
10.59 0
10.6 76.8293
10.61 76.6957
10.62 76.6957
10.63 76.6957
10.64 76.6957
10.65 76.474
10.66 76.474
10.67 76.474
10.68 76.474
10.69 76.474
10.7 0
10.71 208.019
10.72 208.019
10.73 208.019
10.74 204.167
10.75 208.019
10.76 208.019
10.77 191.739
10.78 191.739
10.79 191.739
10.8 191.739
10.81 191.739
10.82 0
10.83 479.348
10.84 479.348
10.85 479.348
10.86 479.348
10.87 479.348
10.88 479.348
10.89 479.348
10.9 435.197
10.91 428.155
10.92 428.155
10.93 428.155
10.94 428.155
10.95 428.155
10.96 428.155
10.97 428.155
10.98 428.155
10.99 428.155
11 428.155
11.01 428.155
11.02 428.155
11.03 0
11.04 104.786
11.05 0
11.06 0
11.07 51.7808
11.08 0
11.09 209.005
11.1 208.863
11.11 208.863
11.12 204.545
11.13 204.64
11.14 204.545
11.15 202.914
11.16 203.226
11.17 202.914
11.18 209.005
11.19 209.005
11.2 210.501
11.21 211.005
11.22 211.005
11.23 211.005
11.24 211.005
11.25 211.005
11.26 211.005
11.27 211.005
11.28 211.005
11.29 0
11.3 75.7732
11.31 75.7732
11.32 75.4276
11.33 75.4276
11.34 75.4276
11.35 0
11.36 512.791
11.37 512.791
11.38 512.791
11.39 501.136
11.4 512.791
11.41 512.791
11.42 484.615
11.43 484.615
11.44 484.615
11.45 484.615
11.46 484.615
11.47 0
11.48 74.4932
11.49 74.4932
11.5 74.4932
11.51 74.4932
11.52 74.4932
11.53 0
11.54 424.038
11.55 424.038
11.56 424.038
11.57 424.038
11.58 424.038
11.59 434.055
11.6 442.105
11.61 404.587
11.62 397.297
11.63 393.75
11.64 393.75
11.65 393.75
11.66 393.75
11.67 390.265
11.68 372.152
11.69 372.152
11.7 372.152
11.71 367.5
11.72 367.5
11.73 367.5
11.74 367.5
11.75 367.5
11.76 0
11.77 525
11.78 529.2
11.79 529.2
11.8 529.2
11.81 527.512
11.82 527.512
11.83 527.512
11.84 527.512
11.85 527.512
11.86 527.512
11.87 527.512
11.88 552.786
11.89 552.786
11.9 551.25
11.91 552.786
11.92 551.25
11.93 549.723
11.94 549.723
11.95 548.756
11.96 551.25
11.97 551.25
11.98 551.25
11.99 551.25
12 551.25
12.01 0
12.02 110.963
12.03 111.176
12.04 111.364
12.05 111.686
12.06 111.551
12.07 111.364
12.08 139.179
12.09 139.179
12.1 139.179
12.11 139.179
12.12 139.179
12.13 0
12.14 0
12.15 0
12.16 0
12.17 570.259
12.18 0
12.19 0
12.2 0
12.21 111.929
12.22 111.787
12.23 112.071
12.24 111.787
12.25 111.74
12.26 111.74
12.27 111.74
12.28 111.74
12.29 111.74
12.3 0
12.31 188.232
12.32 0
12.33 542.769
12.34 533.898
12.35 533.898
12.36 528.144
12.37 528.144
12.38 528.144
12.39 528.144
12.4 519.503
12.41 512.791
12.42 520.047
12.43 520.047
12.44 525
12.45 528.144
12.46 512.791
12.47 512.791
12.48 512.791
12.49 512.791
12.5 512.791
12.51 525
12.52 525
12.53 0
12.54 0
12.55 0
12.56 0
12.57 525
12.58 0
12.59 44.9312
12.6 0
12.61 544.444
12.62 544.444
12.63 544.444
12.64 540
12.65 537.805
12.66 551.25
12.67 551.25
12.68 551.25
12.69 551.25
12.7 551.25
12.71 0
12.72 184.134
12.73 0
12.74 525
12.75 519.697
12.76 517.953
12.77 512.791
12.78 516.797
12.79 516.797
12.8 516.797
12.81 516.797
12.82 525
12.83 551.25
12.84 551.25
12.85 561.783
12.86 561.783
12.87 561.783
12.88 554.717
12.89 535.628
12.9 535.938
12.91 523.866
12.92 523.866
12.93 523.866
12.94 523.866
12.95 523.866
12.96 523.866
12.97 527.512
12.98 523.866
12.99 518.824
13 518.824
13.01 525
13.02 512.791
13.03 512.791
13.04 512.791
13.05 512.791
13.06 512.791
13.07 0
13.08 226.154
13.09 0
13.1 137.812
13.11 0
13.12 0
13.13 141.045
13.14 0
13.15 400.909
13.16 400.909
13.17 400.909
13.18 0
13.19 155.009
13.2 161.934
13.21 161.934
13.22 162.816
13.23 173.427
13.24 166.685
13.25 166.685
13.26 166.685
13.27 192.817
13.28 192.52
13.29 192.52
13.3 192.52
13.31 194.076
13.32 194.076
13.33 199.351
13.34 205.435
13.35 206.848
13.36 207.663
13.37 210.803
13.38 211.706
13.39 211.748
13.4 212.019
13.41 209.8
13.42 209.8
13.43 208.64
13.44 208.581
13.45 209.913
13.46 209.335
13.47 208.264
13.48 209.203
13.49 216.176
13.5 209.005
13.51 209.005
13.52 209.005
13.53 209.005
13.54 209.005
13.55 0
13.56 0
13.57 18.5139
13.58 18.5139
13.59 18.5139
13.6 18.5139
13.61 20.2294
13.62 20.3039
13.63 20.3039
13.64 20.1554
13.65 20.1554
13.66 20.1554
13.67 0
13.68 0
13.69 0
13.7 469.149
13.71 469.149
13.72 469.149
13.73 0
13.74 230.488
13.75 0
13.76 230.167
13.77 230.167
13.78 230.167
13.79 230.89
13.8 230.89
13.81 222.478
13.82 222.478
13.83 212.019
13.84 212.019
13.85 206.075
13.86 206.075
13.87 206.075
13.88 206.075
13.89 206.075
13.9 206.075
13.91 206.075
13.92 206.075
13.93 0
13.94 40.8333
13.95 40.8333
13.96 40.6452
13.97 40.5331
13.98 40.5331
13.99 40.5331
14 40.2924
14.01 40.3846
14.02 40.3846
14.03 40.3551
14.04 40.2985
14.05 40.3255
14.06 34.0278
14.07 33.845
14.08 33.8421
14.09 33.75
14.1 33.7156
14.11 33.7156
14.12 33.7156
14.13 33.5514
14.14 33.9231
14.15 34.0453
14.16 34.0453
14.17 34.3458
14.18 41.1765
14.19 41.1765
14.2 41.1765
14.21 41.1765
14.22 41.1765
14.23 41.1765
14.24 41.1765
14.25 41.1765
14.26 0
14.27 202.294
14.28 202.294
14.29 202.294
14.3 205.116
14.31 204.926
14.32 204.799
14.33 205.69
14.34 205.69
14.35 205.69
14.36 205.69
14.37 205.69
14.38 0
14.39 0
14.4 200.455
14.41 200.455
14.42 200.455
14.43 0
14.44 66.8182
14.45 66.8182
14.46 66.8182
14.47 66.8182
14.48 66.8182
14.49 66.8182
14.5 66.8182
14.51 66.8182
14.52 66.8182
14.53 66.8182
14.54 0
14.55 210.401
14.56 210.401
14.57 210.401
14.58 226.32
14.59 195.479
14.6 189.619
14.61 182.533
14.62 182.533
14.63 182.533
14.64 182.533
14.65 182.533
14.66 182.663
14.67 183.14
14.68 183.368
14.69 183.368
14.7 183.368
14.71 183.368
14.72 183.14
14.73 183.14
14.74 183.75
14.75 183.14
14.76 182.231
14.77 181.481
14.78 182.735
14.79 182.988
14.8 182.988
14.81 183.241
14.82 183.241
14.83 183.444
14.84 184.326
14.85 184.326
14.86 183.98
14.87 184.091
14.88 184.057
14.89 184.057
14.9 184.057
14.91 182.231
14.92 182.231
14.93 185.684
14.94 185.654
14.95 185.654
14.96 181.565
14.97 181.631
14.98 181.631
14.99 181.822
15 181.822
15.01 181.822
15.02 182.326
15.03 182.629
15.04 182.854
15.05 183.868
15.06 183.859
15.07 183.859
15.08 183.859
15.09 183.859
15.1 183.868
15.11 183.75
15.12 183.14
15.13 183.14
15.14 182.609
15.15 182.812
15.16 183.241
15.17 183.641
15.18 183.597
15.19 186.958
15.2 190.223
15.21 189.212
15.22 179.633
15.23 180
15.24 180.294
15.25 180.456
15.26 179.755
15.27 179.359
15.28 178.749
15.29 180.469
15.3 183.472
15.31 183.472
15.32 187.859
15.33 186.016
15.34 182.231
15.35 182.231
15.36 182.231
15.37 182.231
15.38 182.231
15.39 0
15.4 544.893
15.41 544.893
15.42 544.893
15.43 541.871
15.44 540
15.45 540
15.46 540
15.47 540
15.48 540
15.49 0
15.5 182.017
15.51 181.254
15.52 181.252
15.53 181.045
15.54 180.95
15.55 180.84
15.56 180.793
15.57 180.619
15.58 180.368
15.59 180.442
15.6 180.985
15.61 181.399
15.62 181.399
15.63 181.399
15.64 181.399
15.65 181.399
15.66 0
15.67 530.198
15.68 530.198
15.69 530.198
15.7 540.849
15.71 540.2
15.72 540.2
15.73 540.2
15.74 0
15.75 181.685
15.76 181.631
15.77 181.631
15.78 181.588
15.79 179.658
15.8 179.718
15.81 179.8
15.82 180.123
15.83 180.123
15.84 180.123
15.85 180.83
15.86 187.606
15.87 186.076
15.88 184.85
15.89 181.678
15.9 181.262
15.91 180.283
15.92 181.388
15.93 180.738
15.94 179.755
15.95 178.302
15.96 178.302
15.97 179.755
15.98 175.837
15.99 182.231
16 178.398
16.01 176.636
16.02 178.687
16.03 176.804
16.04 176.118
16.05 175.697
16.06 177.536
16.07 177.465
16.08 180.315
16.09 180.738
16.1 180.738
16.11 184.262
16.12 188.462
16.13 188.462
16.14 188.462
16.15 188.462
16.16 188.462
16.17 188.462
16.18 188.462
16.19 0
16.2 410.233
16.21 0
16.22 373.729
16.23 0
16.24 0
16.25 0
16.26 0
16.27 0
16.28 0
16.29 0
16.3 0
16.31 0
16.32 0
16.33 0
16.34 0
16.35 0
16.36 0
16.37 0
16.38 175
16.39 173.622
16.4 173.622
16.41 173.622
16.42 173.622
16.43 173.622
16.44 173.168
16.45 173.622
16.46 173.622
16.47 172.266
16.48 173.25
16.49 173.301
16.5 175.261
16.51 177.346
16.52 181.931
16.53 183.878
16.54 184.589
16.55 187.318
16.56 188.462
16.57 192.11
16.58 192.11
16.59 192.787
16.6 198.054
16.61 203.897
16.62 203.897
16.63 203.897
16.64 205.116
16.65 208.346
16.66 213.043
16.67 215.332
16.68 220.5
16.69 221.449
16.7 225
16.71 225
16.72 224.346
16.73 226.154
16.74 225.46
16.75 225.46
16.76 226.444
16.77 227.961
16.78 227.711
16.79 227.789
16.8 241.644
16.81 242.841
16.82 246.369
16.83 246.369
16.84 246.369
16.85 246.369
16.86 245
16.87 245
16.88 245
16.89 235.829
16.9 239.674
16.91 239.674
16.92 239.674
16.93 239.674
16.94 238.378
16.95 238.378
16.96 238.378
16.97 238.378
16.98 240.984
16.99 240.545
17 240.545
17.01 240.545
17.02 240.545
17.03 240.545
17.04 0
17.05 47.9001
17.06 47.9001
17.07 47.8049
17.08 59.5946
17.09 59.5946
17.1 59.5946
17.11 59.5946
17.12 0
17.13 0
17.14 0
17.15 0
17.16 0
17.17 0
17.18 125.284
17.19 134.451
17.2 134.451
17.21 119.35
17.22 119.35
17.23 119.512
17.24 119.512
17.25 119.512
17.26 119.512
17.27 119.946
17.28 119.62
17.29 119.62
17.3 119.62
17.31 0
17.32 66.8182
17.33 66.8182
17.34 66.8182
17.35 66.8182
17.36 66.8182
17.37 66.8182
17.38 59.5946
17.39 59.5946
17.4 59.5946
17.41 59.5946
17.42 59.5946
17.43 59.5946
17.44 0
17.45 232.649
17.46 232.649
17.47 232.649
17.48 0
17.49 0
17.5 79.6508
17.51 79.6604
17.52 79.4881
17.53 79.4881
17.54 79.4881
17.55 79.4881
17.56 79.2595
17.57 79.0323
17.58 78.8439
17.59 78.8439
17.6 78.8439
17.61 78.7188
17.62 78.7188
17.63 78.7188
17.64 78.7188
17.65 78.8627
17.66 79.2453
17.67 79.2453
17.68 80.1235
17.69 80.1235
17.7 80.1235
17.71 80.1235
17.72 79.7468
17.73 79.7468
17.74 79.7468
17.75 79.7468
17.76 79.7468
17.77 0
17.78 0
17.79 59.7966
17.8 59.7885
17.81 59.7561
17.82 59.7561
17.83 59.7561
17.84 59.7561
17.85 59.7561
17.86 59.7966
17.87 59.7966
17.88 59.7966
17.89 68.3191
17.9 78.8204
17.91 79.1741
17.92 79.1741
17.93 79.3165
17.94 79.3165
17.95 79.3165
17.96 79.3165
17.97 79.3165
17.98 0
17.99 128.198
18 0
18.01 0
18.02 128.198
18.03 128.198
18.04 128.198
18.05 0
18.06 128.198
18.07 0
18.08 271.743
18.09 272.971
18.1 272.971
18.11 0
18.12 279.114
18.13 279.114
18.14 279.114
18.15 0
18.16 279.114
18.17 275.625
18.18 275.625
18.19 267.814
18.2 267.814
18.21 268.248
18.22 267.273
18.23 266.58
18.24 266.58
18.25 264.388
18.26 263.126
18.27 264.072
18.28 264.072
18.29 264.072
18.3 264.072
18.31 264.072
18.32 0
18.33 60.411
18.34 60.2642
18.35 60.1286
18.36 60.293
18.37 60.3008
18.38 60.293
18.39 60.293
18.4 60.293
18.41 60.293
18.42 60.293
18.43 60.7438
18.44 60.5769
18.45 60.5769
18.46 60.5769
18.47 60.3283
18.48 60.3283
18.49 0
18.5 60.2459
18.51 60.2459
18.52 60.2459
18.53 0
18.54 30.2055
18.55 30.2469
18.56 30.2469
18.57 30.2469
18.58 30.2469
18.59 0
18.6 120.273
18.61 120.295
18.62 120.295
18.63 0
18.64 0
18.65 0
18.66 120.023
18.67 0
18.68 120.346
18.69 0
18.7 0
18.71 0
18.72 0
18.73 0
18.74 26.2813
18.75 0
18.76 18.2836
18.77 18.2836
18.78 18.2836
18.79 0
18.8 77.5498
18.81 0
18.82 442.771
18.83 442.771
18.84 420
18.85 420
18.86 432.353
18.87 421.338
18.88 421.338
18.89 421.338
18.9 360.49
18.91 360.49
18.92 360.49
18.93 359.511
18.94 359.511
18.95 359.511
18.96 359.511
18.97 359.511
18.98 0
18.99 270
19 0
19.01 135.276
19.02 0
19.03 268.435
19.04 0
19.05 181.481
19.06 181.588
19.07 181.588
19.08 181.588
19.09 181.588
19.1 181.481
19.11 181.233
19.12 180.738
19.13 180.738
19.14 180.738
19.15 180.738
19.16 180.738
19.17 0
19.18 0
19.19 0
19.2 267.126
19.21 0
19.22 180.067
19.23 0
19.24 0
19.25 235.829
19.26 236.25
19.27 236.25
19.28 0
19.29 0
19.3 118.548
19.31 118.548
19.32 117.914
19.33 117.914
19.34 117.705
19.35 117.705
19.36 125.569
19.37 125.569
19.38 125.569
19.39 0
19.4 490
19.41 0
19.42 188.462
19.43 188.462
19.44 189.759
19.45 189.542
19.46 189.542
19.47 189.542
19.48 189.542
19.49 190.086
19.5 194.559
19.51 196
19.52 196
19.53 196.291
19.54 199.548
19.55 202.062
19.56 203.789
19.57 203.789
19.58 204.377
19.59 208.456
19.6 212.019
19.61 212.019
19.62 212.019
19.63 213.663
19.64 221.98
19.65 221.98
19.66 229.346
19.67 230.649
19.68 230.649
19.69 230.649
19.7 230.649
19.71 230.649
19.72 0
19.73 137.812
19.74 137.812
19.75 137.812
19.76 137.812
19.77 137.812
19.78 137.812
19.79 120.492
19.8 120.492
19.81 120.492
19.82 121.823
19.83 119.837
19.84 119.837
19.85 119.837
19.86 119.837
19.87 119.837
19.88 119.837
19.89 119.837
19.9 119.837
19.91 119.837
19.92 122.5
19.93 120.098
19.94 122.5
19.95 122.5
19.96 122.5
19.97 122.5
19.98 122.5
19.99 0
20 177.823
20.01 0
20.02 185.294
20.03 0
20.04 247.753
20.05 247.753
20.06 247.753
20.07 0
20.08 0
20.09 0
20.1 247.753
20.11 247.753
20.12 240
20.13 239.674
20.14 238.809
20.15 241.423
20.16 241.423
20.17 240.545
20.18 240.545
20.19 240.545
20.2 240.545
20.21 240.545
20.22 240.545
20.23 240.545
20.24 240.545
20.25 240.984
20.26 240.984
20.27 240.721
20.28 240.721
20.29 240.721
20.3 240.721
20.31 239.674
20.32 239.674
20.33 239.674
20.34 239.674
20.35 239.674
20.36 239.674
20.37 239.674
20.38 239.674
20.39 239.674
20.4 249.434
20.41 249.434
20.42 227.789
20.43 227.789
20.44 234.574
20.45 240.984
20.46 240.984
20.47 240.984
20.48 240.984
20.49 241.644
20.5 241.644
20.51 241.644
20.52 241.644
20.53 241.644
20.54 241.644
20.55 241.644
20.56 241.644
20.57 245
20.58 250.568
20.59 250.568
20.6 250.568
20.61 243.646
20.62 243.646
20.63 243.646
20.64 243.646
20.65 0
20.66 79.4881
20.67 79.6748
20.68 79.6988
20.69 79.6988
20.7 79.6988
20.71 0
20.72 232.649
20.73 232.649
20.74 232.649
20.75 232.649
20.76 232.649
20.77 232.718
20.78 231.375
20.79 231.564
20.8 231.564
20.81 230.89
20.82 230.287
20.83 222.727
20.84 222.727
20.85 222.727
20.86 222.727
20.87 222.727
20.88 256.395
20.89 250.568
20.9 250.568
20.91 250.568
20.92 250.568
20.93 250.568
20.94 250.568
20.95 250.568
20.96 250.568
20.97 0
20.98 54.6468
20.99 54.6468
21 54.5792
21.01 54.6468
21.02 54.6468
21.03 54.6468
21.04 54.6468
21.05 0
21.06 110.25
21.07 110.25
21.08 110.25
21.09 110.496
21.1 110.373
21.11 110.25
21.12 110.25
21.13 110.25
21.14 110.526
21.15 110.388
21.16 110.388
21.17 110.067
21.18 109.884
21.19 110.067
21.2 110.067
21.21 110.067
21.22 110.112
21.23 110.25
21.24 110.25
21.25 110.408
21.26 110.457
21.27 110.68
21.28 110.582
21.29 110.665
21.3 110.718
21.31 110.676
21.32 110.633
21.33 110.847
21.34 110.48
21.35 110.388
21.36 110.3
21.37 110.195
21.38 110.014
21.39 109.701
21.4 109.701
21.41 109.52
21.42 109.158
21.43 109.158
21.44 109.158
21.45 109.158
21.46 109.158
21.47 109.158
21.48 109.158
21.49 109.158
21.5 0
21.51 68.2663
21.52 68.2663
21.53 68.2663
21.54 68.2663
21.55 68.2663
21.56 68.2663
21.57 68.2663
21.58 68.2663
21.59 68.2663
21.6 0
21.61 199.548
21.62 199.548
21.63 199.548
21.64 199.548
21.65 199.548
21.66 199.548
21.67 197.581
21.68 196.875
21.69 197.095
21.7 197.315
21.71 197.315
21.72 197.315
21.73 197.631
21.74 197.758
21.75 197.758
21.76 197.581
21.77 198.054
21.78 198.649
21.79 198.649
21.8 198.873
21.81 199.367
21.82 197.581
21.83 198.202
21.84 198.486
21.85 198.41
21.86 199.478
21.87 199.909
21.88 200
21.89 200
21.9 199.548
21.91 199.677
21.92 200.314
21.93 200.455
21.94 200.455
21.95 199.648
21.96 199.247
21.97 198.649
21.98 198.649
21.99 200.455
22 200.455
22.01 200.455
22.02 203.226
22.03 203.226
22.04 203.226
22.05 203.226
22.06 201.882
22.07 201.957
22.08 201.985
22.09 201.186
22.1 201.14
22.11 202.178
22.12 202.294
22.13 200.151
22.14 200.455
22.15 200.455
22.16 200.455
22.17 200.455
22.18 200.455
22.19 196.875
22.2 200.455
22.21 196.875
22.22 196.875
22.23 200.455
22.24 200.455
22.25 206.075
22.26 206.075
22.27 206.075
22.28 206.075
22.29 206.075
22.3 0
22.31 265.663
22.32 265.663
22.33 262.5
22.34 266.734
22.35 266.734
22.36 266.734
22.37 325.461
22.38 325.461
22.39 325.461
22.4 325.461
22.41 0
22.42 81.3653
22.43 81.3653
22.44 81.3653
22.45 0
22.46 244.66
22.47 243.983
22.48 243.983
22.49 246.369
22.5 248.871
22.51 273.913
22.52 273.065
22.53 273.065
22.54 273.065
22.55 273.065
22.56 273.065
22.57 0
22.58 44.1
22.59 44.1
22.6 44.1
22.61 44.1
22.62 40.3846
22.63 40.3846
22.64 40.3846
22.65 40.3846
22.66 40.3846
22.67 40.3846
22.68 40.3846
22.69 0
22.7 148.986
22.71 151.027
22.72 151.027
22.73 151.027
22.74 151.027
22.75 151.027
22.76 151.027
22.77 0
22.78 94.2308
22.79 94.2308
22.8 94.2308
22.81 0
22.82 152.332
22.83 152.332
22.84 152.332
22.85 152.069
22.86 152.701
22.87 151.2
22.88 151.2
22.89 150
22.9 151.651
22.91 151.651
22.92 151.651
22.93 150.341
22.94 150.341
22.95 150.341
22.96 150.341
22.97 150.341
22.98 150.341
22.99 0
23 501.136
23.01 0
23.02 48.1291
23.03 48.1675
23.04 48.1892
23.05 48.1892
23.06 48.0811
23.07 48.0741
23.08 48.0741
23.09 48.2231
23.1 48.2495
23.11 48.1441
23.12 48.1441
23.13 48.1441
23.14 48.0741
23.15 48.0741
23.16 48.0741
23.17 48.0741
23.18 48.0741
23.19 48.0741
23.2 47.8827
23.21 47.8308
23.22 47.8308
23.23 47.8308
23.24 0
23.25 48.0044
23.26 48.0044
23.27 48.0044
23.28 0
23.29 245
23.3 245
23.31 245
23.32 245
23.33 245
23.34 245
23.35 245
23.36 245
23.37 245
23.38 252.867
23.39 252.867
23.4 253.448
23.41 263.396
23.42 251.712
23.43 252
23.44 252
23.45 252
23.46 252
23.47 252
23.48 0
23.49 48.3023
23.5 48.3023
23.51 48.3023
23.52 0
23.53 245
23.54 0
23.55 60.6324
23.56 60.6324
23.57 60.6324
23.58 0
23.59 151.027
23.6 0
23.61 18.2081
23.62 0
23.63 148.485
23.64 148.485
23.65 148.485
23.66 148.485
23.67 148.485
23.68 0
23.69 459.375
23.7 0
23.71 48.1441
23.72 47.9869
23.73 47.9869
23.74 0
23.75 115.084
23.76 115.084
23.77 115.084
23.78 115.084
23.79 115.084
23.8 115.084
23.81 115.084
23.82 115.084
23.83 115.084
23.84 0
23.85 525
23.86 0
23.87 110.99
23.88 0
23.89 540.2
23.9 0
23.91 525
23.92 525
23.93 525
23.94 531.325
23.95 535.628
23.96 535.628
23.97 535.938
23.98 544.444
23.99 544.444
24 544.444
24.01 518.824
24.02 518.824
24.03 518.824
24.04 518.824
24.05 518.824
24.06 518.824
24.07 525
24.08 525
24.09 525
24.1 537.805
24.11 537.805
24.12 537.805
24.13 537.805
24.14 537.805
24.15 537.805
24.16 537.805
24.17 537.805
24.18 537.805
24.19 537.805
24.2 0
24.21 0
24.22 110.067
24.23 110.067
24.24 136.957
24.25 136.674
24.26 137.241
24.27 137.241
24.28 135.832
24.29 134.451
24.3 134.451
24.31 134.451
24.32 134.451
24.33 134.451
24.34 0
24.35 525
24.36 525
24.37 525
24.38 512.791
24.39 493.657
24.4 493.657
24.41 501.136
24.42 501.136
24.43 501.136
24.44 501.136
24.45 572.727
24.46 572.727
24.47 572.727
24.48 572.727
24.49 572.727
24.5 572.727
24.51 580.263
24.52 580.263
24.53 580.263
24.54 0
24.55 529.2
24.56 529.2
24.57 537.805
24.58 537.805
24.59 537.805
24.6 0
24.61 537.805
24.62 526.567
24.63 526.567
24.64 526.567
24.65 526.567
24.66 0
24.67 0
24.68 490
24.69 0
24.7 54.4444
24.71 0
24.72 197.758
24.73 197.463
24.74 197.758
24.75 197.227
24.76 197.227
24.77 197.463
24.78 197.463
24.79 197.227
24.8 197.315
24.81 197.315
24.82 197.315
24.83 197.315
24.84 197.315
24.85 0
24.86 40.8333
24.87 40.8333
24.88 40.8333
24.89 0
24.9 52.7933
24.91 52.7933
24.92 52.8017
24.93 52.8958
24.94 52.8958
24.95 52.8958
24.96 52.8958
24.97 0
24.98 210.501
24.99 210.401
25 209.335
25.01 208.807
25.02 209.146
25.03 209.501
25.04 209.43
25.05 210.25
25.06 210.2
25.07 209.818
25.08 209.818
25.09 209.818
25.1 210.501
25.11 210
25.12 210.182
25.13 210.182
25.14 209.715
25.15 210.286
25.16 208.019
25.17 208.019
25.18 208.019
25.19 207.841
25.2 209.005
25.21 209.203
25.22 214.078
25.23 219.403
25.24 219.403
25.25 219.403
25.26 226.154
25.27 222.727
25.28 225.383
25.29 237.95
25.3 234.574
25.31 245.682
25.32 259.412
25.33 259.412
25.34 260.947
25.35 254.423
25.36 256.395
25.37 256.395
25.38 256.395
25.39 256.395
25.4 260.947
25.41 265.307
25.42 266.538
25.43 266.538
25.44 265.663
25.45 265.663
25.46 265.663
25.47 265.663
25.48 265.663
25.49 0
25.5 535.194
25.51 541.579
25.52 541.579
25.53 0
25.54 275.625
25.55 0
25.56 546.13
25.57 530.048
25.58 530.048
25.59 0
25.6 268.902
25.61 0
25.62 541.579
25.63 537.805
25.64 543.103
25.65 543.103
25.66 525
25.67 525
25.68 525
25.69 525
25.7 567.811
25.71 569.032
25.72 569.032
25.73 555.882
25.74 554.02
25.75 565.385
25.76 565.385
25.77 561.273
25.78 565.385
25.79 565.385
25.8 565.385
25.81 551.25
25.82 551.25
25.83 551.25
25.84 551.25
25.85 551.25
25.86 551.25
25.87 551.25
25.88 551.25
25.89 551.25
25.9 562.979
25.91 562.979
25.92 590.625
25.93 590.625
25.94 590.625
25.95 590.625
25.96 590.625
25.97 0
25.98 109.975
25.99 109.975
26 109.975
26.01 109.975
26.02 109.975
26.03 0
26.04 572.727
26.05 572.727
26.06 572.727
26.07 0
26.08 0
26.09 0
26.1 0
26.11 0
26.12 0
26.13 0
26.14 0
26.15 0
26.16 190.909
26.17 0
26.18 188.865
26.19 0
26.2 0
26.21 0
26.22 532.241
26.23 533.468
26.24 533.468
26.25 0
26.26 534.545
26.27 0
26.28 530.412
26.29 0
26.3 73.2558
26.31 73.2558
26.32 73.2558
26.33 73.2558
26.34 73.2558
26.35 71.8241
26.36 71.9413
26.37 71.9413
26.38 71.9413
26.39 71.9413
26.4 71.9413
26.41 0
26.42 584.458
26.43 584.881
26.44 587.13
26.45 593.939
26.46 593.274
26.47 593.274
26.48 593.274
26.49 593.274
26.5 593.274
26.51 0
26.52 72.2004
26.53 0
26.54 218.626
26.55 218.101
26.56 219.403
26.57 219.824
26.58 219.824
26.59 219.824
26.6 219.824
26.61 219.487
26.62 219.487
26.63 220.5
26.64 218.317
26.65 218.317
26.66 218.317
26.67 216
26.68 216.014
26.69 214.88
26.7 213.7
26.71 265.891
26.72 267.678
26.73 270.854
26.74 270.854
26.75 270.854
26.76 278.61
26.77 281.34
26.78 284.516
26.79 284.516
26.8 284.516
26.81 284.516
26.82 284.516
26.83 0
26.84 0
26.85 0
26.86 41.0615
26.87 41.0615
26.88 41.1381
26.89 41.1381
26.9 41.0997
26.91 41.0997
26.92 41.0997
26.93 41.0997
26.94 49.5728
26.95 49.5728
26.96 49.5728
26.97 49.4395
26.98 50.9238
26.99 50.9238
27 50.9238
27.01 0
27.02 0
27.03 408.333
27.04 418.009
27.05 418.009
27.06 0
27.07 142.488
27.08 142.488
27.09 142.488
27.1 142.488
27.11 142.521
27.12 142.521
27.13 142.521
27.14 142.521
27.15 142.521
27.16 0
27.17 0
27.18 0
27.19 229.688
27.2 0
27.21 107.877
27.22 0
27.23 107.824
27.24 107.104
27.25 107.104
27.26 107.912
27.27 107.299
27.28 107.299
27.29 107.299
27.3 107.299
27.31 107.299
27.32 107.299
27.33 0
27.34 0
27.35 0
27.36 0
27.37 0
27.38 0
27.39 0
27.4 495.506
27.41 495.506
27.42 495.506
27.43 0
27.44 0
27.45 17.1196
27.46 0
27.47 204.799
27.48 204.799
27.49 204.799
27.5 201.923
27.51 199.247
27.52 197.463
27.53 197.463
27.54 197.463
27.55 197.463
27.56 198.828
27.57 198.947
27.58 199.187
27.59 196.174
27.6 196.174
27.61 196.875
27.62 195.71
27.63 195.71
27.64 196.291
27.65 196.291
27.66 196.291
27.67 196.291
27.68 196.291
27.69 196.291
27.7 196.291
27.71 0
27.72 99.4967
27.73 99.5036
27.74 99.2349
27.75 99.1011
27.76 99.2605
27.77 99.1011
27.78 99.1011
27.79 99.1011
27.8 99.0693
27.81 99.0693
27.82 99.1457
27.83 99.3243
27.84 98.9899
27.85 98.8789
27.86 98.9423
27.87 98.9677
27.88 98.9677
27.89 98.9677
27.9 98.9677
27.91 98.9677
27.92 0
27.93 99.3243
27.94 0
27.95 195.71
27.96 0
27.97 582.819
27.98 582.819
27.99 582.819
28 582.819
28.01 582.819
28.02 582.819
28.03 582.819
28.04 559.239
28.05 501.136
28.06 454.639
28.07 454.639
28.08 469.149
28.09 491.365
28.1 498.618
28.11 496.302
28.12 496.302
28.13 496.302
28.14 496.302
28.15 496.302
28.16 0
28.17 87.1542
28.18 87.1542
28.19 87.1542
28.2 87.8486
28.21 87.8486
28.22 87.8486
28.23 87.8486
28.24 0
28.25 542.213
28.26 544.444
28.27 544.444
28.28 544.444
28.29 544.444
28.3 544.444
28.31 537.805
28.32 537.805
28.33 533.898
28.34 533.898
28.35 533.898
28.36 539.353
28.37 539.353
28.38 539.353
28.39 539.353
28.4 540.441
28.41 548.756
28.42 548.756
28.43 548.756
28.44 548.756
28.45 548.756
28.46 0
28.47 183.92
28.48 183.75
28.49 183.75
28.5 182.919
28.51 182.231
28.52 181.588
28.53 181.438
28.54 181.781
28.55 181.931
28.56 181.769
28.57 181.827
28.58 181.871
28.59 181.822
28.6 181.994
28.61 181.878
28.62 182.116
28.63 182.399
28.64 182.735
28.65 182.399
28.66 182.357
28.67 181.885
28.68 181.539
28.69 181.481
28.7 181.549
28.71 181.731
28.72 181.757
28.73 181.757
28.74 182.073
28.75 182.152
28.76 182.231
28.77 182.326
28.78 182.447
28.79 182.533
28.8 182.231
28.81 182.339
28.82 181.981
28.83 182.231
28.84 182.231
28.85 182.292
28.86 182.335
28.87 182.432
28.88 182.335
28.89 182.287
28.9 182.231
28.91 182.494
28.92 182.494
28.93 181.878
28.94 181.878
28.95 181.878
28.96 181.878
28.97 180.582
28.98 180.442
28.99 180.245
29 180.315
29.01 180.315
29.02 180.39
29.03 180.17
29.04 180.491
29.05 181.332
29.06 181.481
29.07 181.769
29.08 181.685
29.09 181.007
29.1 180.632
29.11 180.738
29.12 180.738
29.13 180.738
29.14 180.553
29.15 180.344
29.16 180.344
29.17 180.344
29.18 180.344
29.19 181.233
29.2 181.539
29.21 181.549
29.22 181.375
29.23 181.295
29.24 181.233
29.25 181.233
29.26 181.171
29.27 181.178
29.28 181.153
29.29 181.007
29.3 181.171
29.31 181.195
29.32 181.121
29.33 181.15
29.34 181.099
29.35 181.098
29.36 181.109
29.37 181.073
29.38 181.073
29.39 181.073
29.4 181.073
29.41 181.073
29.42 0
29.43 531.325
29.44 529.852
29.45 531.325
29.46 528.431
29.47 528.431
29.48 535.938
29.49 547.826
29.5 546.694
29.51 546.694
29.52 546.694
29.53 546.694
29.54 546.694
29.55 546.694
29.56 546.694
29.57 546.694
29.58 546.694
29.59 525
29.6 525
29.61 0
29.62 179.268
29.63 177.823
29.64 177.823
29.65 176.4
29.66 176.4
29.67 176.4
29.68 176.4
29.69 176.4
29.7 176.4
29.71 176.4
29.72 176.4
29.73 0
29.74 0
29.75 0
29.76 286.364
29.77 0
29.78 128.198
29.79 128.198
29.8 131.511
29.81 135.692
29.82 139.778
29.83 139.778
29.84 139.778
29.85 139.778
29.86 0
29.87 0
29.88 0
29.89 0
29.9 0
29.91 0
29.92 0
29.93 0
29.94 0
29.95 424.038
29.96 424.038
29.97 424.038
29.98 0
29.99 192.576
30 187.394
30.01 185.74
30.02 185.74
30.03 185.74
30.04 179.268
30.05 179.38
30.06 178.543
30.07 178.362
30.08 178.376
30.09 178.142
30.1 180.116
30.11 179.927
30.12 179.933
30.13 179.971
30.14 180
30.15 180.082
30.16 179.951
30.17 180.614
30.18 183.096
30.19 183.28
30.2 183.75
30.21 195.133
30.22 195.826
30.23 196.875
30.24 196.875
30.25 196.875
30.26 196.875
30.27 198.649
30.28 198.649
30.29 200.455
30.3 205.435
30.31 206.075
30.32 210.286
30.33 210.286
30.34 213.158
30.35 214.267
30.36 215.543
30.37 217.701
30.38 217.701
30.39 221.608
30.4 227.32
30.41 227.32
30.42 227.32
30.43 229.688
30.44 230.488
30.45 229.987
30.46 229.954
30.47 229.954
30.48 229.927
30.49 229.688
30.5 229.688
30.51 229.688
30.52 229.436
30.53 229.436
30.54 229.436
30.55 229.436
30.56 0
30.57 46.6502
30.58 0
30.59 117.287
30.6 117.287
30.61 117.131
30.62 118.548
30.63 117.391
30.64 117.663
30.65 117.663
30.66 117.663
30.67 117.663
30.68 117.663
30.69 0
30.7 47.1154
30.71 47.1154
30.72 47.3176
30.73 47.3176
30.74 47.3176
30.75 47.3176
30.76 47.3176
30.77 0
30.78 29.4
30.79 0
30.8 237.097
30.81 237.097
30.82 237.097
30.83 0
30.84 0
30.85 59.1153
30.86 59.1153
30.87 59.0361
30.88 59.0361
30.89 58.9572
30.9 58.9572
30.91 58.9572
30.92 58.9572
30.93 59.0625
30.94 59.0625
30.95 59.0625
30.96 59.0625
30.97 59.0361
30.98 59.0361
30.99 59.0361
31 59.0361
31.01 58.8
31.02 58.8
31.03 58.8
31.04 58.8
31.05 58.8
31.06 58.8
31.07 58.8
31.08 58.8
31.09 0
31.1 189.433
31.11 0
31.12 242.308
31.13 242.308
31.14 242.308
31.15 0
31.16 59.434
31.17 59.434
31.18 59.434
31.19 59.434
31.2 59.434
31.21 59.434
31.22 59.434
31.23 0
31.24 67.9507
31.25 0
31.26 512.791
31.27 0
31.28 59.434
31.29 59.434
31.3 59.434
31.31 59.434
31.32 59.434
31.33 59.434
31.34 59.434
31.35 59.434
31.36 59.434
31.37 59.434
31.38 71.5909
31.39 71.5909
31.4 71.5909
31.41 77.3684
31.42 77.3684
31.43 77.3684
31.44 77.3684
31.45 77.3684
31.46 77.3684
31.47 77.3684
31.48 77.3684
31.49 0
31.5 474.194
31.51 474.194
31.52 474.194
31.53 0
31.54 474.194
31.55 474.194
31.56 474.194
31.57 0
31.58 58.8942
31.59 0
31.6 58.8
31.61 0
31.62 0
31.63 0
31.64 78.75
31.65 78.75
31.66 78.75
31.67 78.75
31.68 78.75
31.69 78.75
31.7 78.75
31.71 78.75
31.72 78.75
31.73 78.75
31.74 78.75
31.75 78.75
31.76 0
31.77 59.354
31.78 59.3274
31.79 59.3274
31.8 59.2742
31.81 59.2742
31.82 59.2742
31.83 59.2742
31.84 59.2742
31.85 59.2742
31.86 59.2742
31.87 59.2742
31.88 59.2742
31.89 59.2742
31.9 0
31.91 370.588
31.92 445.455
31.93 479.348
31.94 479.348
31.95 479.348
31.96 0
31.97 0
31.98 0
31.99 139.557
32 0
32.01 264.6
32.02 265.024
32.03 265.024
32.04 265.024
32.05 265.024
32.06 265.024
32.07 265.024
32.08 260.726
32.09 260.726
32.1 260.726
32.11 260.726
32.12 0
32.13 0
32.14 48.1091
32.15 0
32.16 250.568
32.17 0
32.18 0
32.19 60.1911
32.2 60.1911
32.21 60.1911
32.22 60.1911
32.23 60.1911
32.24 60.1911
32.25 60.1911
32.26 60.1911
32.27 60.1911
32.28 0
32.29 495.506
32.3 0
32.31 0
32.32 20.2665
32.33 0
32.34 0
32.35 0
32.36 0
32.37 60
32.38 0
32.39 60.3558
32.4 60.3558
32.41 60.5353
32.42 60.5353
32.43 60.5353
32.44 60.5353
32.45 68.5848
32.46 68.5848
32.47 68.5848
32.48 68.5848
32.49 68.5848
32.5 0
32.51 238.194
32.52 0
32.53 481.967
32.54 496.622
32.55 494.395
32.56 476.757
32.57 479.348
32.58 477.273
32.59 477.273
32.6 477.273
32.61 477.273
32.62 477.273
32.63 477.273
32.64 477.273
32.65 469.149
32.66 469.149
32.67 469.149
32.68 469.149
32.69 469.149
32.7 469.149
32.71 0
32.72 143.182
32.73 0
32.74 209.005
32.75 209.005
32.76 209.005
32.77 209.005
32.78 209.005
32.79 209.005
32.8 209.601
32.81 209.005
32.82 209.005
32.83 209.005
32.84 209.005
32.85 209.005
32.86 0
32.87 53.4762
32.88 0
32.89 53.4545
32.9 0
32.91 138.679
32.92 138.679
32.93 138.971
32.94 138.971
32.95 138.971
32.96 142.029
32.97 138.971
32.98 138.971
32.99 138.971
33 138.971
33.01 138.971
33.02 138.971
33.03 0
33.04 0
33.05 0
33.06 0
33.07 54.3103
33.08 0
33.09 0
33.1 453.082
33.11 424.038
33.12 471.658
33.13 471.658
33.14 471.658
33.15 471.658
33.16 471.658
33.17 432.353
33.18 432.353
33.19 434.483
33.2 434.483
33.21 434.483
33.22 434.483
33.23 434.483
33.24 434.483
33.25 430.945
33.26 432.353
33.27 432.353
33.28 432.353
33.29 432.353
33.3 432.353
33.31 0
33.32 72.3425
33.33 0
33.34 0
33.35 71.8241
33.36 71.8241
33.37 71.4749
33.38 71.4749
33.39 71.4749
33.4 71.4749
33.41 71.4749
33.42 71.4749
33.43 71.4749
33.44 71.4749
33.45 0
33.46 551.25
33.47 551.25
33.48 551.25
33.49 0
33.5 72.5329
33.51 72.2477
33.52 72.2477
33.53 0
33.54 219.512
33.55 219.622
33.56 221.661
33.57 219.559
33.58 221.943
33.59 220.5
33.6 221.237
33.61 213.512
33.62 217.241
33.63 213.387
33.64 213.387
33.65 211.005
33.66 211.005
33.67 211.005
33.68 211.005
33.69 211.005
33.7 211.005
33.71 211.005
33.72 211.005
33.73 0
33.74 0
33.75 0
33.76 0
33.77 0
33.78 202.294
33.79 0
33.8 501.136
33.81 501.136
33.82 501.136
33.83 501.136
33.84 582.453
33.85 582.819
33.86 590.625
33.87 590.625
33.88 593.758
33.89 587.72
33.9 575.933
33.91 575.933
33.92 575.933
33.93 575.933
33.94 575.933
33.95 0
33.96 97.259
33.97 97.259
33.98 97.259
33.99 97.351
34 97.351
34.01 97.5664
34.02 97.2794
34.03 97.855
34.04 97.855
34.05 96.2882
34.06 96.7105
34.07 96.7105
34.08 97.089
34.09 97.089
34.1 96.7105
34.11 96.7105
34.12 96.7105
34.13 96.7105
34.14 119.189
34.15 119.189
34.16 119.189
34.17 0
34.18 185.294
34.19 185.294
34.2 184.134
34.21 184.134
34.22 184.134
34.23 184.134
34.24 184.134
34.25 0
34.26 0
34.27 0
34.28 238.636
34.29 0
34.3 190.909
34.31 0
34.32 0
34.33 187.394
34.34 176.4
34.35 186.864
34.36 184.262
34.37 212.019
34.38 212.019
34.39 212.019
34.4 212.019
34.41 212.019
34.42 0
34.43 0
34.44 0
34.45 0
34.46 0
34.47 0
34.48 0
34.49 0
34.5 102.202
34.51 103.198
34.52 103.198
34.53 0
34.54 0
34.55 0
34.56 0
34.57 0
34.58 0
34.59 0
34.6 0
34.61 0
34.62 0
34.63 0
34.64 0
34.65 958.696
34.66 0
34.67 432.353
34.68 454.639
34.69 454.639
34.7 454.639
34.71 454.639
34.72 454.639
34.73 479.348
34.74 479.348
34.75 475.899
34.76 479.348
34.77 479.348
34.78 479.348
34.79 479.348
34.8 479.348
34.81 0
34.82 159.783
34.83 0
34.84 493.657
34.85 493.657
34.86 479.348
34.87 479.348
34.88 479.348
34.89 479.348
34.9 479.348
34.91 479.348
34.92 479.348
34.93 0
34.94 0
34.95 0
34.96 0
34.97 0
34.98 0
34.99 0
35 0
35.01 0
35.02 0
35.03 0
35.04 202.294
35.05 202.294
35.06 202.294
35.07 220.942
35.08 220.942
35.09 0
35.1 228.629
35.11 229.157
35.12 228.629
35.13 228.497
35.14 229.47
35.15 229.253
35.16 229.927
35.17 229.688
35.18 229.688
35.19 231.861
35.2 229.688
35.21 229.688
35.22 232.718
35.23 239.024
35.24 239.024
35.25 239.024
35.26 239.024
35.27 256.395
35.28 256.395
35.29 252
35.3 252
35.31 247.753
35.32 243.646
35.33 242.308
35.34 242.308
35.35 242.308
35.36 242.308
35.37 242.308
35.38 0
35.39 23.4574
35.4 0
35.41 59.1153
35.42 59.1153
35.43 59.1153
35.44 0
35.45 117.914
35.46 0
35.47 59.1153
35.48 0
35.49 490
35.5 0
35.51 59.2742
35.52 59.2742
35.53 59.2742
35.54 59.3274
35.55 59.3274
35.56 59.3939
35.57 59.3654
35.58 59.3654
35.59 59.354
35.6 59.3654
35.61 59.334
35.62 59.297
35.63 59.1946
35.64 59.1787
35.65 59.1787
35.66 59.1787
35.67 59.1787
35.68 59.2211
35.69 59.2742
35.7 59.2742
35.71 59.2742
35.72 59.1682
35.73 59.1682
35.74 59.1682
35.75 59.1682
35.76 59.1682
35.77 0
35.78 244.096
35.79 244.096
35.8 244.096
35.81 244.096
35.82 244.096
35.83 244.096
35.84 244.096
35.85 246.369
35.86 246.369
35.87 246.369
35.88 246.369
35.89 0
35.9 59.2742
35.91 59.2742
35.92 59.2742
35.93 59.2742
35.94 59.2742
35.95 59.2742
35.96 59.2742
35.97 59.2742
35.98 59.2742
35.99 59.2742
36 59.2742
36.01 0
36.02 241.247
36.03 248.101
36.04 248.101
36.05 247.475
36.06 250.162
36.07 244.096
36.08 245
36.09 245
36.1 245
36.11 245
36.12 245
36.13 242.841
36.14 241.423
36.15 241.423
36.16 240.545
36.17 240.545
36.18 240.545
36.19 240.545
36.2 240.545
36.21 242.308
36.22 242.308
36.23 242.308
36.24 246.828
36.25 246.828
36.26 246.828
36.27 246.828
36.28 237.95
36.29 247.059
36.3 247.059
36.31 234.574
36.32 234.574
36.33 234.574
36.34 268.902
36.35 262.5
36.36 262.5
36.37 262.5
36.38 262.5
36.39 262.5
36.4 262.5
36.41 262.5
36.42 262.5
36.43 267.273
36.44 290.132
36.45 256.395
36.46 256.395
36.47 256.395
36.48 256.395
36.49 256.395
36.5 256.395
36.51 254.423
36.52 256.822
36.53 256.993
36.54 247.753
36.55 247.753
36.56 247.753
36.57 247.753
36.58 247.753
36.59 247.753
36.6 0
36.61 0
36.62 0
36.63 167.045
36.64 0
36.65 0
36.66 43.9681
36.67 0
36.68 0
36.69 256.395
36.7 0
36.71 0
36.72 0
36.73 0
36.74 245.911
36.75 247.753
36.76 245.911
36.77 245.642
36.78 245.642
36.79 245.455
36.8 248.684
36.81 245
36.82 245
36.83 249.153
36.84 249.153
36.85 250.568
36.86 250.568
36.87 250.568
36.88 250.568
36.89 250.568
36.9 257.895
36.91 257.895
36.92 250.568
36.93 250.568
36.94 246.094
36.95 246.094
36.96 246.094
36.97 246.094
36.98 246.094
36.99 246.094
37 246.094
37.01 243.916
37.02 243.916
37.03 243.916
37.04 243.916
37.05 243.916
37.06 0
37.07 146.512
37.08 146.026
37.09 146.026
37.1 146.026
37.11 146.026
37.12 146.026
37.13 146.026
37.14 0
37.15 0
37.16 0
37.17 36.3262
37.18 36.5066
37.19 36.4664
37.2 36.4102
37.21 36.4102
37.22 36.4102
37.23 36.5066
37.24 36.5066
37.25 0
37.26 0
37.27 0
37.28 72.0588
37.29 72.0588
37.3 72.0588
37.31 72.0588
37.32 71.8241
37.33 72.2951
37.34 72.5329
37.35 72.5329
37.36 72.5329
37.37 72.5329
37.38 72.5329
37.39 72.5329
37.4 72.5329
37.41 72.5329
37.42 72.5329
37.43 72.5329
37.44 72.7723
37.45 72.7243
37.46 72.7243
37.47 72.7243
37.48 72.5926
37.49 72.5926
37.5 72.5926
37.51 72.5926
37.52 72.5329
37.53 72.5329
37.54 72.5329
37.55 72.5329
37.56 0
37.57 72.6225
37.58 72.6225
37.59 72.6125
37.6 72.6125
37.61 72.6125
37.62 72.5329
37.63 72.4932
37.64 72.4852
37.65 72.4852
37.66 72.5329
37.67 73.2558
37.68 73.3444
37.69 73.3001
37.7 73.3045
37.71 73.2072
37.72 73.2072
37.73 73.2072
37.74 73.2072
37.75 73.2072
37.76 0
37.77 217.855
37.78 217.855
37.79 218.063
37.8 218.077
37.81 218.063
37.82 218.029
37.83 218.151
37.84 218.101
37.85 218.101
37.86 218.317
37.87 218.317
37.88 218.317
37.89 218.317
37.9 218.317
37.91 0
37.92 72.8277
37.93 72.8277
37.94 72.816
37.95 72.7963
37.96 72.8257
37.97 72.9098
37.98 72.8926
37.99 72.8926
38 72.8926
38.01 72.8926
38.02 72.8926
38.03 72.8926
38.04 0
38.05 0
38.06 0
38.07 0
38.08 211.438
38.09 0
38.1 0
38.11 157.5
38.12 0
38.13 242.308
38.14 0
38.15 0
38.16 242.308
38.17 242.308
38.18 242.308
38.19 0
38.2 210
38.21 211.438
38.22 210
38.23 208.237
38.24 206.289
38.25 205.8
38.26 196.582
38.27 197.001
38.28 197.001
38.29 201.064
38.3 201.064
38.31 201.064
38.32 201.765
38.33 203.039
38.34 203.226
38.35 202.294
38.36 202.294
38.37 196.699
38.38 196.699
38.39 196.699
38.4 196.699
38.41 0
38.42 99.4737
38.43 99.1011
38.44 99.1011
38.45 0
38.46 66.8182
38.47 66.8182
38.48 66.8182
38.49 66.8182
38.5 66.8182
38.51 0
38.52 198.649
38.53 0
38.54 0
38.55 63.5447
38.56 0
38.57 198.649
38.58 198.054
38.59 198.054
38.6 0
38.61 27.1887
38.62 27.1887
38.63 27.1887
38.64 0
38.65 0
38.66 120.163
38.67 0
38.68 0
38.69 0
38.7 0
38.71 101.147
38.72 101.147
38.73 101.147
38.74 0
38.75 0
38.76 0
38.77 0
38.78 0
38.79 0
38.8 0
38.81 0
38.82 0
38.83 0
38.84 0
38.85 0
38.86 938.298
38.87 0
38.88 0
38.89 41.0105
38.9 0
38.91 0
38.92 0
38.93 60.0817
38.94 0
38.95 121.823
38.96 0
38.97 0
38.98 138.679
38.99 138.679
39 138.679
39.01 138.679
39.02 138.679
39.03 138.679
39.04 138.679
39.05 138.679
39.06 138.679
39.07 168.75
39.08 168.75
39.09 168.75
39.1 168.75
39.11 168.75
39.12 168.75
39.13 168.75
39.14 168.75
39.15 195.133
39.16 197.315
39.17 199.548
39.18 199.548
39.19 202.029
39.2 202.029
39.21 202.029
39.22 202.603
39.23 202.603
39.24 204.878
39.25 209.501
39.26 211.342
39.27 213.25
39.28 213.043
39.29 213.043
39.3 213.043
39.31 213.043
39.32 218.317
39.33 218.317
39.34 218.317
39.35 218.317
39.36 218.317
39.37 218.317
39.38 0
39.39 0
39.4 135
39.41 0
39.42 218.859
39.43 218.859
39.44 218.859
39.45 0
39.46 551.25
39.47 0
39.48 134.451
39.49 134.451
39.5 135.276
39.51 135.276
39.52 135.276
39.53 118.548
39.54 118.548
39.55 118.548
39.56 118.548
39.57 118.294
39.58 118.294
39.59 119.06
39.6 119.06
39.61 119.512
39.62 122.841
39.63 122.841
39.64 123.047
39.65 123.047
39.66 124.576
39.67 124.576
39.68 132.831
39.69 132.831
39.7 132.831
39.71 132.831
39.72 132.831
39.73 132.831
39.74 132.831
39.75 132.831
39.76 132.831
39.77 126.886
39.78 126.433
39.79 127.049
39.8 127.049
39.81 122.872
39.82 123.761
39.83 123.761
39.84 125.047
39.85 125.047
39.86 125.047
39.87 0
39.88 0
39.89 0
39.9 0
39.91 248.977
39.92 247.325
39.93 245.546
39.94 244.457
39.95 244.571
39.96 243.478
39.97 242.141
39.98 246.172
39.99 252.481
40 249.153
40.01 246.369
40.02 246.369
40.03 246.369
40.04 246.369
40.05 246.369
40.06 0
40.07 60.1911
40.08 0
40.09 253.448
40.1 253.448
40.11 253.448
40.12 246.369
40.13 246.369
40.14 246.369
40.15 246.369
40.16 0
40.17 92.2594
40.18 0
40.19 516.221
40.2 516.221
40.21 516.221
40.22 516.221
40.23 481.967
40.24 481.967
40.25 481.967
40.26 481.967
40.27 461.78
40.28 465.19
40.29 451.151
40.3 451.151
40.31 451.151
40.32 451.151
40.33 558.228
40.34 558.228
40.35 558.228
40.36 558.228
40.37 0
40.38 0
40.39 130.473
40.4 130.805
40.41 130.805
40.42 130.805
40.43 130.805
40.44 130.805
40.45 130.805
40.46 131.642
40.47 131.642
40.48 131.642
40.49 131.642
40.5 0
40.51 130.473
40.52 130.473
40.53 109.701
40.54 109.701
40.55 109.701
40.56 0
40.57 108.621
40.58 108.728
40.59 108.728
40.6 108.728
40.61 108.728
40.62 107.411
40.63 107.411
40.64 127.604
40.65 126.361
40.66 107.386
40.67 107.386
40.68 122.048
40.69 122.048
40.7 122.048
40.71 122.048
40.72 0
40.73 262.5
40.74 262.5
40.75 262.5
40.76 262.5
40.77 262.5
40.78 262.5
40.79 262.5
40.8 263.284
40.81 263.284
40.82 263.284
40.83 263.284
40.84 263.284
40.85 263.284
40.86 0
40.87 60.6881
40.88 0
40.89 60.7199
40.9 0
40.91 0
40.92 0
40.93 255.208
40.94 250.213
40.95 250.213
40.96 0
40.97 247.197
40.98 0
40.99 0
41 60.3779
41.01 0
41.02 0
41.03 245
41.04 245.248
41.05 245.227
41.06 244.864
41.07 243.916
41.08 241.825
41.09 239.674
41.1 243.199
41.11 243.199
41.12 240.984
41.13 235.829
41.14 237.097
41.15 237.097
41.16 237.097
41.17 237.097
41.18 237.097
41.19 0
41.2 67.1029
41.21 67.1029
41.22 67.1029
41.23 0
41.24 391.42
41.25 425.676
41.26 425.676
41.27 0
41.28 311.441
41.29 311.441
41.3 264.388
41.31 264.388
41.32 264.388
41.33 264.388
41.34 264.388
41.35 264.388
41.36 264.388
41.37 0
41.38 0
41.39 0
41.4 240.545
41.41 240.545
41.42 240.545
41.43 0
41.44 242.308
41.45 246.644
41.46 245.546
41.47 245.546
41.48 239.674
41.49 239.674
41.5 239.674
41.51 239.674
41.52 239.674
41.53 239.674
41.54 239.674
41.55 0
41.56 59.2742
41.57 59.2742
41.58 59.2742
41.59 0
41.6 0
41.61 15.9321
41.62 0
41.63 58.8
41.64 58.8
41.65 58.8
41.66 0
41.67 0
41.68 59.1946
41.69 0
41.7 246.828
41.71 246.828
41.72 241.247
41.73 242.308
41.74 242.308
41.75 240.545
41.76 240.545
41.77 240.545
41.78 240.545
41.79 239.674
41.8 239.674
41.81 239.674
41.82 239.674
41.83 242.308
41.84 242.308
41.85 242.308
41.86 242.308
41.87 242.308
41.88 242.308
41.89 242.308
41.9 242.308
41.91 245
41.92 245
41.93 256.395
41.94 256.395
41.95 256.395
41.96 256.395
41.97 286.364
41.98 286.364
41.99 286.364
42 251.282
42.01 251.282
42.02 251.282
42.03 251.282
42.04 279.114
42.05 279.114
42.06 279.114
42.07 250.568
42.08 246.094
42.09 246.094
42.1 255.652
42.11 249.757
42.12 251.282
42.13 251.282
42.14 251.282
42.15 251.282
42.16 248.996
42.17 248.101
42.18 245.911
42.19 244.753
42.2 245.341
42.21 245.911
42.22 245.911
42.23 248.612
42.24 249.153
42.25 249.794
42.26 253.865
42.27 253.865
42.28 256.395
42.29 256.395
42.3 256.395
42.31 256.395
42.32 253.448
42.33 253.448
42.34 253.448
42.35 253.448
42.36 253.448
42.37 0
42.38 135.832
42.39 0
42.4 0
42.41 0
42.42 0
42.43 108.621
42.44 0
42.45 90.9278
42.46 0
42.47 66.9196
42.48 0
42.49 65.625
42.5 65.625
42.51 65.625
42.52 0
42.53 109.267
42.54 0
42.55 109.838
42.56 0
42.57 131.25
42.58 110.158
42.59 110.158
42.6 0
42.61 0
42.62 0
42.63 0
42.64 0
42.65 0
42.66 648.529
42.67 648.529
42.68 648.529
42.69 648.529
42.7 648.529
42.71 0
42.72 17.8687
42.73 0
42.74 136.957
42.75 136.957
42.76 136.957
42.77 136.957
42.78 136.957
42.79 136.957
42.8 136.957
42.81 130.377
42.82 130.99
42.83 130.99
42.84 130.99
42.85 0
42.86 65.1083
42.87 0
42.88 99.0566
42.89 99.0566
42.9 99.1754
42.91 99.1754
42.92 99.1754
42.93 0
42.94 67.0213
42.95 67.0213
42.96 67.0213
42.97 0
42.98 66.8857
42.99 66.8857
43 66.8857
43.01 66.8857
43.02 66.8857
43.03 0
43.04 102.32
43.05 102.273
43.06 102.241
43.07 102.241
43.08 102.241
43.09 102.368
43.1 102.368
43.11 102.368
43.12 102.368
43.13 102.368
43.14 0
43.15 0
43.16 102.083
43.17 102.32
43.18 102.463
43.19 102.439
43.2 102.877
43.21 102.797
43.22 103.118
43.23 103.118
43.24 103.134
43.25 103.359
43.26 103.359
43.27 103.359
43.28 101.613
43.29 99.6235
43.3 98.4375
43.31 103.037
43.32 103.037
43.33 103.037
43.34 103.037
43.35 103.037
43.36 0
43.37 205.355
43.38 205.355
43.39 205.355
43.4 205.355
43.41 203.897
43.42 203.897
43.43 203.897
43.44 205.307
43.45 205.307
43.46 205.307
43.47 205.307
43.48 205.307
43.49 0
43.5 581.794
43.51 581.794
43.52 581.794
43.53 581.794
43.54 573.792
43.55 582.819
43.56 582.819
43.57 582.819
43.58 582.819
43.59 553.556
43.6 542.213
43.61 541.104
43.62 541.104
43.63 541.104
43.64 541.104
43.65 540.736
43.66 540.736
43.67 522.512
43.68 522.512
43.69 522.512
43.7 522.512
43.71 522.512
43.72 0
43.73 543.486
43.74 0
43.75 0
43.76 565.385
43.77 0
43.78 537.805
43.79 537.805
43.8 537.805
43.81 0
43.82 288.865
43.83 0
43.84 0
43.85 0
43.86 561.783
43.87 561.783
43.88 562.5
43.89 581.794
43.9 575.217
43.91 575.217
43.92 565.385
43.93 565.385
43.94 565.385
43.95 565.385
43.96 565.385
43.97 565.385
43.98 565.385
43.99 565.385
44 565.385
44.01 0
44.02 16.0597
44.03 16.048
44.04 16.048
44.05 16.048
44.06 16.048
44.07 0
44.08 0
44.09 0
44.1 0
44.11 23.2105
44.12 23.2105
44.13 23.2105
44.14 23.2105
44.15 23.2105
44.16 0
44.17 0
44.18 0
44.19 542.213
44.2 571.244
44.21 571.244
44.22 580.263
44.23 578.361
44.24 578.361
44.25 578.361
44.26 578.361
44.27 0
44.28 289.18
44.29 0
44.3 501.136
44.31 0
44.32 186.076
44.33 0
44.34 36.3561
44.35 0
44.36 0
44.37 537.805
44.38 0
44.39 0
44.4 0
44.41 537.805
44.42 537.805
44.43 537.805
44.44 544.444
44.45 544.444
44.46 0
44.47 0
44.48 0
44.49 219.95
44.5 0
44.51 0
44.52 0
44.53 73.7952
44.54 0
44.55 76.4298
44.56 76.4298
44.57 76.4298
44.58 0
44.59 53.0048
44.6 53.0048
44.61 53.3898
44.62 53.3898
44.63 53.3898
44.64 53.3898
44.65 53.3898
44.66 53.3898
44.67 53.3898
44.68 0
44.69 405.828
44.7 0
44.71 0
44.72 0
44.73 0
44.74 0
44.75 0
44.76 0
44.77 218.317
44.78 218.317
44.79 218.317
44.8 219.767
44.81 220.5
44.82 220.5
44.83 221.237
44.84 221.237
44.85 221.237
44.86 221.237
44.87 221.237
44.88 221.237
44.89 221.237
44.9 221.237
44.91 0
44.92 40.5331
44.93 40.8333
44.94 40.8333
44.95 40.8333
44.96 40.8333
44.97 0
44.98 56.1069
44.99 55.9645
45 55.9645
45.01 0
45.02 20.3226
45.03 20.3226
45.04 20.3226
45.05 17.3622
45.06 17.3622
45.07 0
45.08 81.6667
45.09 81.6667
45.1 81.6667
45.11 81.6667
45.12 81.6667
45.13 81.6667
45.14 81.6667
45.15 81.6667
45.16 81.6667
45.17 81.6667
45.18 81.6667
45.19 0
45.2 0
45.21 0
45.22 40.0666
45.23 40.0666
45.24 40.0666
45.25 40.0909
45.26 40.0909
45.27 40.0909
45.28 39.9457
45.29 36.75
45.3 40.6827
45.31 40.6827
45.32 40.6827
45.33 40.4959
45.34 40.4959
45.35 40.4835
45.36 40.4835
45.37 40.4959
45.38 40.4959
45.39 40.4959
45.4 40.4959
45.41 40.4959
45.42 0
45.43 102.169
45.44 102.202
45.45 102.202
45.46 0
45.47 102.797
45.48 102.797
45.49 102.797
45.5 0
45.51 0
45.52 200.759
45.53 200.759
45.54 200.759
45.55 200.715
45.56 200.759
45.57 200.759
45.58 202.294
45.59 198.649
45.6 198.649
45.61 198.649
45.62 208.019
45.63 208.019
45.64 208.019
45.65 208.019
45.66 208.019
45.67 196.875
45.68 193.421
45.69 193.421
45.7 193.421
45.71 193.421
45.72 193.421
45.73 193.421
45.74 0
45.75 532.609
45.76 532.609
45.77 529.73
45.78 534.545
45.79 534.545
45.8 534.545
45.81 534.545
45.82 0
45.83 182.231
45.84 182.231
45.85 180.147
45.86 180.147
45.87 180.147
45.88 0
45.89 183.444
45.9 183.444
45.91 183.444
45.92 183.241
45.93 183.444
45.94 183.444
45.95 183.444
45.96 183.444
45.97 183.444
45.98 0
45.99 270.76
46 270.76
46.01 270.76
46.02 0
46.03 541.406
46.04 0
46.05 180.491
46.06 182.231
46.07 182.651
46.08 183.096
46.09 182.781
46.1 183.241
46.11 183.241
46.12 180.738
46.13 180.738
46.14 180.738
46.15 180.738
46.16 180.738
46.17 180.738
46.18 180.738
46.19 180.738
46.2 180.738
46.21 181.375
46.22 181.432
46.23 181.262
46.24 181.539
46.25 182.988
46.26 183.14
46.27 183.41
46.28 183.333
46.29 183.333
46.3 183.333
46.31 183.333
46.32 183.333
46.33 183.368
46.34 183.096
46.35 182.919
46.36 182.861
46.37 182.765
46.38 182.031
46.39 182.231
46.4 182.231
46.41 182.231
46.42 182.231
46.43 182.231
46.44 182.231
46.45 182.231
46.46 182.368
46.47 182.42
46.48 181.668
46.49 181.034
46.5 181.034
46.51 180.738
46.52 180.738
46.53 179.853
46.54 180.632
46.55 180.902
46.56 180.504
46.57 181
46.58 181.087
46.59 181.606
46.6 181.781
46.61 181.781
46.62 181.781
46.63 181.781
46.64 182.231
46.65 181.375
46.66 180.923
46.67 180.923
46.68 181.068
46.69 181.034
46.7 181.034
46.71 181.034
46.72 181.034
46.73 181.375
46.74 180.738
46.75 181.233
46.76 181.481
46.77 180
46.78 185.294
46.79 181.109
46.8 180.315
46.81 180.184
46.82 180.184
46.83 180.184
46.84 180.184
46.85 180.184
46.86 180.184
46.87 179.686
46.88 179.755
46.89 179.755
46.9 179.755
46.91 179.755
46.92 196
46.93 179.268
46.94 183.75
46.95 183.75
46.96 180
46.97 183.75
46.98 180
46.99 180
47 183.75
47.01 183.75
47.02 183.75
47.03 183.75
47.04 183.75
47.05 183.75
47.06 183.75
47.07 179.755
47.08 179.755
47.09 0
47.1 0
47.11 0
47.12 0
47.13 0
47.14 0
47.15 0
47.16 0
47.17 0
47.18 0
47.19 0
47.2 0
47.21 0
47.22 0
47.23 0
47.24 0
47.25 0
47.26 0
47.27 0
47.28 0
47.29 0
47.3 0
47.31 0
47.32 0
47.33 0
47.34 0
47.35 0
47.36 0
47.37 0
47.38 0
47.39 0
47.4 0
47.41 0
47.42 0
47.43 171.595
47.44 171.373
47.45 171.262
47.46 171.262
47.47 171.262
47.48 171.262
47.49 171.262
47.5 171.262
47.51 171.262
47.52 171.373
47.53 171.373
47.54 171.373
47.55 171.373
47.56 171.373
47.57 0
47.58 543.699
47.59 0
47.6 197.758
47.61 198.649
47.62 198.649
47.63 198.649
47.64 198.649
47.65 198.649
47.66 198.649
47.67 198.649
47.68 198.649
47.69 213.043
47.7 229.688
47.71 229.006
47.72 229.954
47.73 230.408
47.74 230.408
47.75 230.408
47.76 230.408
47.77 230.488
47.78 230.717
47.79 231.132
47.8 235.409
47.81 233.333
47.82 232.105
47.83 235.829
47.84 250.568
47.85 250.568
47.86 237.95
47.87 239.302
47.88 238.563
47.89 238.701
47.9 238.701
47.91 238.701
47.92 238.701
47.93 238.701
47.94 0
47.95 0
47.96 78.4698
47.97 78.4698
47.98 78.4698
47.99 0
48 59.7966
48.01 59.7561
48.02 59.7561
48.03 59.7561
48.04 59.7561
48.05 59.7561
48.06 59.7561
48.07 59.7561
48.08 59.7561
48.09 59.7561
48.1 0
48.11 250
48.12 0
48.13 555.882
48.14 555.882
48.15 551.25
48.16 551.25
48.17 525
48.18 525
48.19 525
48.2 525
48.21 525
48.22 525
48.23 525
48.24 525
48.25 0
48.26 0
48.27 179.268
48.28 179.268
48.29 179.268
48.3 179.268
48.31 179.268
48.32 0
48.33 0
48.34 0
48.35 237.097
48.36 237.097
48.37 237.097
48.38 0
48.39 18.6864
48.4 0
48.41 256.395
48.42 256.395
48.43 256.395
48.44 0
48.45 28.6364
48.46 0
48.47 22.6386
48.48 22.6386
48.49 22.6386
48.5 0
48.51 0
48.52 0
48.53 59.9185
48.54 0
48.55 525
48.56 533.468
48.57 515.187
48.58 515.187
48.59 515.187
48.6 0
48.61 59.5624
48.62 0
48.63 0
48.64 0
48.65 230.167
48.66 230.167
48.67 239.674
48.68 239.674
48.69 241.423
48.7 241.423
48.71 243.646
48.72 243.646
48.73 241.423
48.74 239.024
48.75 237.097
48.76 237.097
48.77 237.097
48.78 237.097
48.79 237.097
48.8 241.644
48.81 241.644
48.82 243.199
48.83 241.423
48.84 241.423
48.85 241.423
48.86 241.423
48.87 241.423
48.88 0
48.89 59.434
48.9 0
48.91 239.674
48.92 240.545
48.93 240.545
48.94 0
48.95 239.674
48.96 239.674
48.97 239.674
48.98 239.674
48.99 239.674
49 239.674
49.01 239.674
49.02 0
49.03 0
49.04 0
49.05 0
49.06 0
49.07 0
49.08 0
49.09 247.753
49.1 247.753
49.11 247.753
49.12 247.753
49.13 247.753
49.14 247.753
49.15 256.395
49.16 256.395
49.17 256.395
49.18 256.395
49.19 256.395
49.2 256.395
49.21 246.565
49.22 246.565
49.23 242.689
49.24 242.012
49.25 244.096
49.26 243.796
49.27 245.745
49.28 245.455
49.29 245
49.3 245.21
49.31 242.308
49.32 242.308
49.33 245.911
49.34 244.773
49.35 244.753
49.36 242.841
49.37 242.841
49.38 242.841
49.39 242.841
49.4 242.841
49.41 0
49.42 30.1642
49.43 30.1745
49.44 30.1745
49.45 30.2677
49.46 30.3051
49.47 30.3051
49.48 30.3051
49.49 0
49.5 241.928
49.51 240.254
49.52 242.308
49.53 241.644
49.54 241.717
49.55 243.31
49.56 243.31
49.57 241.313
49.58 241.928
49.59 241.423
49.6 243.454
49.61 243.646
49.62 243.646
49.63 243.071
49.64 245
49.65 245
49.66 245.682
49.67 244.506
49.68 245
49.69 243.75
49.7 243.871
49.71 243.871
49.72 243.646
49.73 243.454
49.74 242.841
49.75 242.841
49.76 242.841
49.77 242.308
49.78 242.308
49.79 242.308
49.8 242.308
49.81 242.308
49.82 245.195
49.83 245.195
49.84 246.244
49.85 246.244
49.86 246.244
49.87 279.114
49.88 261.256
49.89 268.085
49.9 268.085
49.91 268.085
49.92 268.085
49.93 268.085
49.94 268.085
49.95 268.085
49.96 262.5
49.97 262.5
49.98 262.5
49.99 262.5
50 262.5
50.01 262.5
50.02 262.5
50.03 262.5
50.04 262.5
50.05 262.5
50.06 262.5
50.07 262.5
50.08 274.938
50.09 273.347
50.1 271.594
50.11 270.845
50.12 269.56
50.13 269.428
50.14 269.045
50.15 269.595
50.16 265.663
50.17 265.663
50.18 265.663
50.19 245.911
50.2 245.911
50.21 245.911
50.22 245.911
50.23 245.911
50.24 245.911
50.25 245.911
50.26 0
50.27 237.95
50.28 233.333
50.29 235.075
50.3 234.574
50.31 229.688
50.32 234.076
50.33 234.574
50.34 234.574
50.35 239.674
50.36 242.308
50.37 238.378
50.38 238.378
50.39 238.378
50.4 238.378
50.41 249.153
50.42 249.153
50.43 254.913
50.44 254.913
50.45 254.913
50.46 254.913
50.47 254.913
50.48 254.913
50.49 271.107
50.5 272.222
50.51 272.222
50.52 272.222
50.53 272.222
50.54 272.222
50.55 272.222
50.56 0
50.57 211.612
50.58 211.612
50.59 211.612
50.6 212.701
50.61 209.501
50.62 209.203
50.63 209.203
50.64 209.005
50.65 209.005
50.66 222.278
50.67 223.858
50.68 223.858
50.69 229.688
50.7 229.688
50.71 273.913
50.72 273.913
50.73 231.618
50.74 231.618
50.75 231.618
50.76 231.618
50.77 234.076
50.78 234.076
50.79 240.984
50.8 240.984
50.81 242.308
50.82 242.308
50.83 242.308
50.84 242.308
50.85 242.308
50.86 243.646
50.87 243.646
50.88 243.646
50.89 243.646
50.9 243.646
50.91 0
50.92 0
50.93 0
50.94 12.5713
50.95 0
50.96 78.75
50.97 0
50.98 259.412
50.99 252.619
51 250.213
51.01 227.64
51.02 227.64
51.03 227.64
51.04 227.64
51.05 237.462
51.06 237.462
51.07 237.462
51.08 0
51.09 59.5486
51.1 59.5142
51.11 59.5302
51.12 59.541
51.13 59.434
51.14 59.4874
51.15 59.4569
51.16 59.4569
51.17 59.4569
51.18 60.2093
51.19 59.474
51.2 59.474
51.21 59.474
51.22 59.474
51.23 59.474
51.24 59.9185
51.25 59.9185
51.26 60.2459
51.27 60.2459
51.28 60.2459
51.29 60.2459
51.3 60.2459
51.31 0
51.32 91.4938
51.33 0
51.34 242.308
51.35 241.865
51.36 241.865
51.37 241.865
51.38 239.86
51.39 239.86
51.4 239.86
51.41 239.86
51.42 238.636
51.43 238.636
51.44 235.2
51.45 235.2
51.46 245
51.47 245
51.48 245
51.49 245
51.5 245
51.51 245
51.52 245
51.53 238.378
51.54 238.378
51.55 238.378
51.56 238.378
51.57 238.378
51.58 0
51.59 80.4745
51.6 0
51.61 120.492
51.62 120.492
51.63 120.492
51.64 0
51.65 0
51.66 0
51.67 238.809
51.68 238.809
51.69 237.097
51.7 237.097
51.71 237.097
51.72 237.097
51.73 237.097
51.74 275.625
51.75 275.625
51.76 275.625
51.77 275.625
51.78 275.625
51.79 275.625
51.8 275.625
51.81 235.577
51.82 235.577
51.83 235.577
51.84 235.577
51.85 0
51.86 228.103
51.87 0
51.88 223.48
51.89 0
51.9 486.397
51.91 486.397
51.92 486.397
51.93 486.397
51.94 459.375
51.95 459.375
51.96 459.375
51.97 459.375
51.98 459.375
51.99 0
52 0
52.01 53.5194
52.02 0
52.03 53.3253
52.04 0
52.05 91.4938
52.06 91.4938
52.07 91.4938
52.08 91.4938
52.09 91.4938
52.1 91.4938
52.11 91.4938
52.12 91.4938
52.13 91.4938
52.14 91.4938
52.15 0
52.16 0
52.17 54.5021
52.18 54.4893
52.19 54.4893
52.2 0
52.21 218.859
52.22 0
52.23 73.0939
52.24 0
52.25 109.975
52.26 0
52.27 109.701
52.28 109.701
52.29 109.701
52.3 0
52.31 110.804
52.32 110.804
52.33 110.804
52.34 0
52.35 109.158
52.36 109.375
52.37 109.375
52.38 109.975
52.39 109.975
52.4 109.975
52.41 109.77
52.42 109.838
52.43 109.838
52.44 109.838
52.45 110.526
52.46 110.526
52.47 110.526
52.48 110.526
52.49 0
52.5 110.804
52.51 110.434
52.52 110.434
52.53 110.434
52.54 110.434
52.55 110.434
52.56 110.434
52.57 110.434
52.58 110.526
52.59 110.526
52.6 110.25
52.61 110.112
52.62 108.088
52.63 108.088
52.64 108.088
52.65 108.088
52.66 0
52.67 0
52.68 0
52.69 216.176
52.7 216.176
52.71 216.176
52.72 198.649
52.73 199.097
52.74 199.097
52.75 199.097
52.76 199.097
52.77 199.097
52.78 198.649
52.79 199.097
52.8 199.138
52.81 199.187
52.82 198.768
52.83 199.322
52.84 199.247
52.85 199.63
52.86 199.63
52.87 199.728
52.88 199.247
52.89 199.047
52.9 201.37
52.91 200.455
52.92 199.247
52.93 202.209
52.94 202.58
52.95 202.626
52.96 202.692
52.97 202.716
52.98 202.378
52.99 202.294
53 202.17
53.01 201.724
53.02 200.911
53.03 200.613
53.04 200.613
53.05 200.359
53.06 199.849
53.07 199.302
53.08 198.393
53.09 198.202
53.1 198.054
53.11 198.054
53.12 198.054
53.13 198.054
53.14 198.054
53.15 0
53.16 66.8182
53.17 0
53.18 0
53.19 279.114
53.2 279.114
53.21 282.692
53.22 282.692
53.23 275.625
53.24 294
53.25 294
53.26 294
53.27 294
53.28 294
53.29 0
53.3 0
53.31 0
53.32 0
53.33 0
53.34 0
53.35 204.167
53.36 204.167
53.37 204.167
53.38 0
53.39 479.348
53.4 0
53.41 395.161
53.42 374.788
53.43 374.788
53.44 0
53.45 0
53.46 253.448
53.47 252
53.48 252
53.49 252
53.5 252
53.51 252
53.52 254.179
53.53 245
53.54 237.608
53.55 237.608
53.56 239.674
53.57 238.809
53.58 238.809
53.59 238.809
53.6 238.809
53.61 238.121
53.62 238.121
53.63 237.736
53.64 236.25
53.65 236.25
53.66 240.984
53.67 244.397
53.68 244.397
53.69 244.397
53.7 244.397
53.71 244.397
53.72 242.841
53.73 242.841
53.74 242.841
53.75 242.841
53.76 0
53.77 95.6616
53.78 95.6616
53.79 95.6616
53.8 95.6616
53.81 95.6616
53.82 95.6616
53.83 95.6616
53.84 95.2895
53.85 96.6046
53.86 96.8167
53.87 96.7408
53.88 96.6258
53.89 96.5834
53.9 95.7863
53.91 96.6258
53.92 96.6258
53.93 96.6258
53.94 96.6258
53.95 96.9657
53.96 96.7954
53.97 96.7954
53.98 96.7954
53.99 0
54 96.0366
54.01 0
54.02 48.1441
54.03 0
54.04 48.1266
54.05 48.1441
54.06 48.1091
54.07 48.2143
54.08 48.2143
54.09 48.2759
54.1 48.2495
54.11 48.3553
54.12 47.9869
54.13 47.9869
54.14 47.9869
54.15 48.3553
54.16 48.3553
54.17 48.0044
54.18 48.0044
54.19 48.0044
54.2 48.0044
54.21 48.0044
54.22 0
54.23 119.189
54.24 119.189
54.25 119.189
54.26 119.06
54.27 119.189
54.28 119.189
54.29 119.189
54.3 119.189
54.31 119.189
54.32 119.189
54.33 0
54.34 60.2459
54.35 0
54.36 237.95
54.37 236.25
54.38 236.25
54.39 236.25
54.4 240.984
54.41 234.574
54.42 234.574
54.43 245
54.44 248.684
54.45 248.684
54.46 248.684
54.47 248.684
54.48 248.684
54.49 0
54.5 0
54.51 48.2847
54.52 48.2231
54.53 48.2231
54.54 48.1441
54.55 48.1441
54.56 48.1441
54.57 48.1441
54.58 48.1441
54.59 48.1441
54.6 0
54.61 506.897
54.62 506.897
54.63 506.897
54.64 501.136
54.65 525
54.66 525
54.67 525
54.68 525
54.69 525
54.7 0
54.71 487.293
54.72 487.293
54.73 487.293
54.74 0
54.75 240.196
54.76 245.39
54.77 239.302
54.78 239.302
54.79 241.644
54.8 237.522
54.81 237.522
54.82 235.075
54.83 235.075
54.84 235.075
54.85 229.091
54.86 229.091
54.87 229.688
54.88 232.105
54.89 232.105
54.9 232.105
54.91 232.105
54.92 232.105
54.93 0
54.94 0
54.95 48.8552
54.96 48.7113
54.97 48.7113
54.98 0
54.99 534.545
55 551.25
55.01 551.25
55.02 551.25
55.03 551.25
55.04 551.25
55.05 551.25
55.06 551.25
55.07 612.5
55.08 612.5
55.09 612.5
55.1 612.5
55.11 612.5
55.12 612.5
55.13 612.5
55.14 612.5
55.15 612.5
55.16 612.5
55.17 0
55.18 251.044
55.19 258.651
55.2 258.651
55.21 258.651
55.22 258.651
55.23 0
55.24 53.2609
55.25 53.218
55.26 53.2931
55.27 53.2931
55.28 53.5194
55.29 53.3898
55.3 53.3898
55.31 53.3898
55.32 53.3898
55.33 53.3898
55.34 0
55.35 0
55.36 72.0588
55.37 72.0588
55.38 72.0588
55.39 71.129
55.4 71.129
55.41 71.129
55.42 71.129
55.43 71.129
55.44 71.129
55.45 70.9574
55.46 70.9574
55.47 0
55.48 138.854
55.49 0
55.5 0
55.51 612.5
55.52 612.5
55.53 612.5
55.54 0
55.55 0
55.56 0
55.57 108.943
55.58 0
55.59 72.5329
55.6 72.5329
55.61 72.5329
55.62 0
55.63 0
55.64 54.3103
55.65 0
55.66 262.5
55.67 0
55.68 0
55.69 260.947
55.7 260.947
55.71 260.947
55.72 0
55.73 260.947
55.74 0
55.75 0
55.76 268.902
55.77 268.902
55.78 268.902
55.79 0
55.8 497.368
55.81 497.368
55.82 497.368
55.83 497.368
55.84 497.368
55.85 512.791
55.86 512.791
55.87 512.791
55.88 512.791
55.89 512.791
55.9 525
55.91 525
55.92 525
55.93 525
55.94 525
55.95 0
55.96 39.8014
55.97 39.8014
55.98 39.7775
55.99 39.7775
56 39.7775
56.01 39.859
56.02 39.8734
56.03 39.8734
56.04 39.8734
56.05 0
56.06 197.856
56.07 197.856
56.08 198.351
56.09 198.351
56.1 198.324
56.11 198.811
56.12 198.649
56.13 198.425
56.14 199.648
56.15 199.548
56.16 200.637
56.17 205.116
56.18 205.116
56.19 205.116
56.2 206.719
56.21 206.075
56.22 206.075
56.23 206.557
56.24 206.557
56.25 206.848
56.26 206.461
56.27 206.461
56.28 206.461
56.29 206.461
56.3 206.461
56.31 0
56.32 70.5087
56.33 70.6052
56.34 70.6957
56.35 70.8352
56.36 70.8244
56.37 70.8718
56.38 70.8718
56.39 70.8149
56.4 70.7968
56.41 70.7968
56.42 70.7234
56.43 70.7143
56.44 70.6957
56.45 70.6983
56.46 70.6983
56.47 70.6407
56.48 70.6731
56.49 70.3911
56.5 70.3911
56.51 70.3911
56.52 70.3911
56.53 70.3911
56.54 70.3723
56.55 70.3723
56.56 70.3723
56.57 70.3723
56.58 70.6731
56.59 70.6731
56.6 70.6731
56.61 0
56.62 51.8011
56.63 0
56.64 469.149
56.65 0
56.66 202.759
56.67 200.82
56.68 200.455
56.69 200.455
56.7 198.393
56.71 198.393
56.72 198.393
56.73 196.875
56.74 193.761
56.75 191.739
56.76 191.739
56.77 189.27
56.78 189.27
56.79 189.27
56.8 189.27
56.81 189.27
56.82 189.27
56.83 0
56.84 520.047
56.85 520.047
56.86 533.468
56.87 533.468
56.88 533.468
56.89 537.805
56.9 537.805
56.91 537.805
56.92 537.805
56.93 551.25
56.94 551.25
56.95 543.699
56.96 546.284
56.97 546.284
56.98 545.792
56.99 541.406
57 542.213
57.01 546.284
57.02 542.213
57.03 542.213
57.04 542.213
57.05 542.213
57.06 542.213
57.07 537.805
57.08 537.805
57.09 0
57.1 0
57.11 0
57.12 0
57.13 49.1639
57.14 49.1639
57.15 49.1639
57.16 0
57.17 0
57.18 0
57.19 282.692
57.2 0
57.21 36.3462
57.22 0
57.23 36.3462
57.24 36.3462
57.25 44.6718
57.26 44.6718
57.27 44.8627
57.28 44.8627
57.29 44.8627
57.3 0
57.31 526.567
57.32 523.866
57.33 525
57.34 525
57.35 525
57.36 552.786
57.37 561.783
57.38 561.783
57.39 555.882
57.4 560
57.41 562.181
57.42 574.593
57.43 575.933
57.44 575.933
57.45 570.259
57.46 570.259
57.47 567.811
57.48 569.032
57.49 569.032
57.5 569.032
57.51 569.032
57.52 569.032
57.53 578.09
57.54 578.09
57.55 578.09
57.56 572.727
57.57 574.593
57.58 574.593
57.59 577.225
57.6 580.263
57.61 575.217
57.62 548.963
57.63 548.963
57.64 541.579
57.65 541.579
57.66 541.579
57.67 541.579
57.68 541.579
57.69 0
57.7 183.39
57.71 183.57
57.72 183.348
57.73 183.169
57.74 183.188
57.75 183.368
57.76 183.546
57.77 182.861
57.78 182.861
57.79 182.861
57.8 182.861
57.81 182.861
57.82 0
57.83 506.897
57.84 506.897
57.85 506.897
57.86 506.897
57.87 506.897
57.88 512.791
57.89 512.791
57.9 512.791
57.91 512.791
57.92 0
57.93 178.543
57.94 178.543
57.95 174.861
57.96 174.861
57.97 174.861
57.98 0
57.99 503.425
58 504
58.01 531.325
58.02 531.325
58.03 531.325
58.04 0
58.05 0
58.06 0
58.07 0
58.08 0
58.09 0
58.1 0
58.11 0
58.12 0
58.13 209.335
58.14 0
58.15 207.529
58.16 206.075
58.17 206.075
58.18 205.116
58.19 205.116
58.2 205.116
58.21 205.116
58.22 205.116
58.23 205.116
58.24 0
58.25 46.47
58.26 46.47
58.27 46.47
58.28 0
58.29 59.434
58.3 59.434
58.31 59.434
58.32 0
58.33 0
58.34 0
58.35 420.802
58.36 420.802
58.37 420.802
58.38 0
58.39 50.1136
58.4 0
58.41 446.959
58.42 454.639
58.43 454.639
58.44 454.639
58.45 454.639
58.46 0
58.47 219.04
58.48 219.04
58.49 219.04
58.5 219.04
58.51 219.04
58.52 0
58.53 17.8832
58.54 0
58.55 23.5075
58.56 23.5075
58.57 23.5075
58.58 0
58.59 23.6081
58.6 0
58.61 86.5838
58.62 86.5838
58.63 86.5838
58.64 86.217
58.65 86.0488
58.66 86.0068
58.67 86.0068
58.68 88.2706
58.69 86.3014
58.7 86.3014
58.71 86.3014
58.72 86.6972
58.73 82.072
58.74 82.072
58.75 82.072
58.76 90
58.77 90
58.78 90
58.79 90
58.8 0
58.81 152.069
58.82 152.069
58.83 152.069
58.84 152.069
58.85 152.069
58.86 0
58.87 501.136
58.88 506.897
58.89 506.897
58.9 506.897
58.91 506.897
58.92 506.897
58.93 506.897
58.94 506.897
58.95 506.897
58.96 506.897
58.97 506.897
58.98 580.263
58.99 580.263
59 0
59.01 580.263
59.02 580.263
59.03 580.263
59.04 0
59.05 580.263
59.06 588
59.07 588
59.08 0
59.09 103.765
59.1 103.765
59.11 103.765
59.12 0
59.13 0
59.14 156.383
59.15 0
59.16 0
59.17 0
59.18 0
59.19 0
59.2 40.3661
59.21 0
59.22 121.935
59.23 121.935
59.24 122.597
59.25 122.597
59.26 122.597
59.27 122.597
59.28 122.597
59.29 122.597
59.3 122.597
59.31 0
59.32 102.162
59.33 102.016
59.34 102.463
59.35 102.083
59.36 102.273
59.37 102.083
59.38 102.083
59.39 101.302
59.4 100.8
59.41 101.457
59.42 101.457
59.43 122.5
59.44 122.5
59.45 122.5
59.46 122.5
59.47 122.5
59.48 122.5
59.49 0
59.5 123.357
59.51 123.357
59.52 123.599
59.53 123.599
59.54 123.599
59.55 123.599
59.56 123.599
59.57 123.599
59.58 123.599
59.59 123.414
59.6 123.414
59.61 123.414
59.62 133.961
59.63 133.961
59.64 133.961
59.65 0
59.66 100.685
59.67 100.685
59.68 100.685
59.69 99.5485
59.7 99.3243
59.71 100.915
59.72 99.8491
59.73 99.7738
59.74 99.7738
59.75 99.5806
59.76 99.5806
59.77 99.5806
59.78 99.5164
59.79 99.4737
59.8 98.6577
59.81 99.7738
59.82 99.7738
59.83 102.32
59.84 103.279
59.85 103.037
59.86 103.301
59.87 102.521
59.88 102.521
59.89 102.521
59.9 102.521
59.91 102.521
59.92 0
59.93 537.805
59.94 534.083
59.95 537.805
59.96 537.805
59.97 540.441
59.98 540.441
59.99 540.441
60 540.441
60.01 540.441
60.02 0
60.03 180.263
60.04 180.245
60.05 180.676
60.06 180.676
60.07 180.676
60.08 0
60.09 535.869
60.1 535.628
60.11 536.538
60.12 535.697
60.13 535.697
60.14 535.697
60.15 535.869
60.16 533.842
60.17 534.906
60.18 535.009
60.19 534.906
60.2 540.441
60.21 540.441
60.22 540.441
60.23 540.441
60.24 540.441
60.25 529.585
60.26 533.468
60.27 535.5
60.28 536.351
60.29 536.351
60.3 536.351
60.31 536.351
60.32 539.353
60.33 541.871
60.34 540.2
60.35 539.685
60.36 539.685
60.37 537.805
60.38 501.136
60.39 501.136
60.4 501.136
60.41 501.136
60.42 501.136
60.43 0
60.44 181.268
60.45 181.332
60.46 181.382
60.47 181.123
60.48 181.265
60.49 181.662
60.5 182.017
60.51 182.124
60.52 181.811
60.53 181.811
60.54 181.811
60.55 181.811
60.56 181.811
60.57 0
60.58 271.698
60.59 0
60.6 547.26
60.61 541.691
60.62 541.691
60.63 0
60.64 184.262
60.65 184.134
60.66 183.68
60.67 183.418
60.68 183.354
60.69 183.221
60.7 183.083
60.71 182.879
60.72 182.879
60.73 182.735
60.74 182.988
60.75 182.988
60.76 183.41
60.77 183.444
60.78 183.75
60.79 183.878
60.8 183.654
60.81 183.66
60.82 183.509
60.83 183.195
60.84 182.85
60.85 182.567
60.86 182.549
60.87 182.498
60.88 182.326
60.89 182.231
60.9 182.357
60.91 182.357
60.92 182.357
60.93 182.357
60.94 182.357
60.95 0
60.96 556.216
60.97 556.216
60.98 557.053
60.99 550.333
61 549.419
61.01 546.694
61.02 546.694
61.03 546.694
61.04 546.694
61.05 546.694
61.06 546.694
61.07 547.826
61.08 547.34
61.09 547.34
61.1 547.34
61.11 547.34
61.12 547.34
61.13 0
61.14 181.525
61.15 181.599
61.16 181.731
61.17 181.753
61.18 181.753
61.19 181.822
61.2 181.685
61.21 181.712
61.22 181.65
61.23 181.844
61.24 181.675
61.25 181.452
61.26 181.357
61.27 181.375
61.28 181.599
61.29 181.233
61.3 181.233
61.31 181.233
61.32 181.233
61.33 180.861
61.34 181.109
61.35 181.931
61.36 180.553
61.37 180.294
61.38 180.294
61.39 180.294
61.4 180.294
61.41 180.294
61.42 180.294
61.43 179.633
61.44 178.905
61.45 178.905
61.46 154.196
61.47 154.196
61.48 154.196
61.49 154.196
61.5 154.196
61.51 181.481
61.52 181.481
61.53 181.481
61.54 181.481
61.55 181.481
61.56 181.481
61.57 0
61.58 0
61.59 0
61.6 0
61.61 131.25
61.62 131.25
61.63 131.25
61.64 0
61.65 0
61.66 0
61.67 0
61.68 29.7973
61.69 0
61.7 176.4
61.71 176.4
61.72 176.4
61.73 176.4
61.74 171.595
61.75 171.595
61.76 171.595
61.77 171.595
61.78 0
61.79 180.738
61.8 168.321
61.81 168.321
61.82 0
61.83 551.25
61.84 493.657
61.85 493.657
61.86 0
61.87 268.902
61.88 268.902
61.89 268.902
61.9 0
61.91 0
61.92 17.0139
61.93 14.5641
61.94 14.5641
61.95 0
61.96 0
61.97 0
61.98 0
61.99 0
62 0
62.01 0
62.02 0
62.03 0
62.04 0
62.05 0
62.06 0
62.07 0
62.08 0
62.09 0
62.1 13.9557
62.11 0
62.12 0
62.13 0
62.14 0
62.15 0
62.16 0
62.17 0
62.18 0
62.19 0
62.2 0
62.21 0
62.22 26.6949
62.23 0
62.24 26.6304
62.25 0
62.26 26.6304
62.27 0
62.28 0
62.29 0
62.3 0
62.31 0
