0 108.354
0.01 0
0.02 0
0.03 0
0.04 0
0.05 0
0.06 0
0.07 0
0.08 13.4698
0.09 0
0.1 183.75
0.11 0
0.12 0
0.13 0
0.14 25.6395
0.15 0
0.16 18.6233
0.17 18.8784
0.18 18.8784
0.19 18.8784
0.2 18.8784
0.21 0
0.22 28.8613
0.23 28.8613
0.24 28.8613
0.25 28.8613
0.26 28.8613
0.27 0
0.28 0
0.29 0
0.3 0
0.31 0
0.32 0
0.33 0
0.34 14.497
0.35 0
0.36 0
0.37 450
0.38 469.149
0.39 469.149
0.4 393.75
0.41 393.75
0.42 0
0.43 537.805
0.44 512.791
0.45 512.791
0.46 0
0.47 220.5
0.48 223.372
0.49 225.922
0.5 235.257
0.51 237.462
0.52 243.071
0.53 244.321
0.54 245.642
0.55 246.231
0.56 246.041
0.57 247.856
0.58 249.582
0.59 252.695
0.6 253.935
0.61 255.11
0.62 256.822
0.63 257.187
0.64 258.439
0.65 260.177
0.66 261.98
0.67 262.336
0.68 262.5
0.69 262.716
0.7 262.768
0.71 263.188
0.72 263.406
0.73 263.546
0.74 263.888
0.75 264.188
0.76 264.547
0.77 265.024
0.78 265.035
0.79 264.96
0.8 264.51
0.81 264.23
0.82 263.756
0.83 263.579
0.84 263.88
0.85 264.253
0.86 264.63
0.87 264.969
0.88 265.329
0.89 265.712
0.9 266.304
0.91 266.734
0.92 267.177
0.93 266.991
0.94 266.591
0.95 266.027
0.96 265.143
0.97 264.865
0.98 264.51
0.99 264.437
1 264.711
1.01 264.935
1.02 265.263
1.03 265.663
1.04 266.113
1.05 266.524
1.06 267.233
1.07 267.652
1.08 267.922
1.09 267.946
1.1 267.678
1.11 267.404
1.12 267.397
1.13 267.188
1.14 267.054
1.15 266.832
1.16 266.705
1.17 266.519
1.18 266.667
1.19 266.973
1.2 267.565
1.21 268.011
1.22 268.211
1.23 268.189
1.24 268.328
1.25 268.059
1.26 267.927
1.27 267.781
1.28 267.578
1.29 267.416
1.3 267.152
1.31 267.088
1.32 267.098
1.33 267.035
1.34 267.17
1.35 267.437
1.36 267.457
1.37 267.4
1.38 267.364
1.39 267.273
1.4 267.665
1.41 267.423
1.42 267.07
1.43 267.138
1.44 267.49
1.45 267.408
1.46 267.949
1.47 268.148
1.48 268.325
1.49 268.831
1.5 268.902
1.51 268.638
1.52 268.248
1.53 267.927
1.54 267.159
1.55 265.533
1.56 263.389
1.57 262.346
1.58 261.462
1.59 260.024
1.6 257.983
1.61 255.09
1.62 252.836
1.63 245
1.64 245
1.65 219.04
1.66 250.568
1.67 255.405
1.68 255.405
1.69 262.5
1.7 250.568
1.71 239.674
1.72 237.097
1.73 237.794
1.74 237.95
1.75 237.522
1.76 238.018
1.77 238.245
1.78 239.154
1.79 239.19
1.8 239.891
1.81 240.038
1.82 239.819
1.83 241.521
1.84 242.414
1.85 242.752
1.86 243.646
1.87 243.262
1.88 241.619
1.89 241.024
1.9 240.034
1.91 239.174
1.92 238.843
1.93 238.686
1.94 238.932
1.95 239.798
1.96 240.698
1.97 241.288
1.98 241.965
1.99 242.124
2 242.513
2.01 242.718
2.02 242.864
2.03 242.901
2.04 242.562
2.05 242.118
2.06 241.423
2.07 222.727
2.08 223.291
2.09 223.48
2.1 223.631
2.11 223.696
2.12 224.037
2.13 224.204
2.14 224.384
2.15 224.618
2.16 224.791
2.17 224.809
2.18 224.698
2.19 224.647
2.2 224.518
2.21 224.199
2.22 223.918
2.23 223.437
2.24 222.938
2.25 222.572
2.26 222.368
2.27 222.166
2.28 221.887
2.29 221.98
2.3 221.181
2.31 220.185
2.32 218.984
2.33 218.817
2.34 218.895
2.35 219.13
2.36 219.161
2.37 219.247
2.38 219.231
2.39 218.887
2.4 218.967
2.41 219.46
2.42 218.9
2.43 218.317
2.44 217.749
2.45 217.36
2.46 217.108
2.47 216.784
2.48 216.708
2.49 216.176
2.5 215.122
2.51 215.122
2.52 216.176
2.53 211.005
2.54 205.526
2.55 205.882
2.56 204.458
2.57 202.294
2.58 202.448
2.59 202.5
2.6 201.286
2.61 201.299
2.62 199.29
2.63 198.314
2.64 197.095
2.65 197.186
2.66 197.505
2.67 197.536
2.68 197.805
2.69 197.951
2.7 198.12
2.71 198.442
2.72 198.708
2.73 198.929
2.74 199.176
2.75 199.367
2.76 199.573
2.77 199.677
2.78 199.677
2.79 199.677
2.8 199.47
2.81 199.11
2.82 198.649
2.83 198.214
2.84 197.914
2.85 197.371
2.86 197.387
2.87 197.045
2.88 196.988
2.89 197.216
2.9 197.729
2.91 198.71
2.92 199.127
2.93 199.668
2.94 200.069
2.95 200.039
2.96 199.816
2.97 199.322
2.98 198.97
2.99 198.359
3 198.054
3.01 197.522
3.02 197.071
3.03 196.494
3.04 195.434
3.05 194.828
3.06 193.421
3.07 195.133
3.08 198.139
3.09 199.097
3.1 201.621
3.11 200.911
3.12 200.846
3.13 201.286
3.14 205.754
3.15 206.461
3.16 209.203
3.17 211.342
3.18 209.667
3.19 211.342
3.2 210.803
3.21 209.667
3.22 211.342
3.23 214.673
3.24 219.403
3.25 236.461
3.26 236.552
3.27 236.498
3.28 236.294
3.29 236.334
3.3 236.491
3.31 236.612
3.32 236.842
3.33 237.097
3.34 238.175
3.35 238.235
3.36 238.54
3.37 239.117
3.38 240.491
3.39 241.372
3.4 242.141
3.41 243.646
3.42 243.298
3.43 243.7
3.44 243.044
3.45 243.27
3.46 242.396
3.47 241.809
3.48 241.938
3.49 241.675
3.5 241.013
3.51 241.041
3.52 241.103
3.53 241.365
3.54 241.491
3.55 241.776
3.56 242.566
3.57 243.593
3.58 243.247
3.59 243.721
3.6 243.974
3.61 244.497
3.62 243.298
3.63 243.562
3.64 242.712
3.65 243.036
3.66 242.391
3.67 242.518
3.68 242.308
3.69 242.232
3.7 241.852
3.71 241.247
3.72 241.22
3.73 241.181
3.74 241.144
3.75 241.144
3.76 241.13
3.77 241.376
3.78 241.622
3.79 242.023
3.8 242.308
3.81 242.724
3.82 242.955
3.83 243.109
3.84 242.952
3.85 242.948
3.86 242.948
3.87 242.414
3.88 242.103
3.89 241.754
3.9 241.459
3.91 241.343
3.92 241.172
3.93 241.046
3.94 240.67
3.95 240.67
3.96 240.625
3.97 240.67
3.98 240.796
3.99 240.796
4 240.796
4.01 240.984
4.02 241.298
4.03 241.343
4.04 241.172
4.05 241.046
4.06 240.625
4.07 240.421
4.08 240.355
4.09 240.355
4.1 240.469
4.11 240.68
4.12 240.882
4.13 241.393
4.14 241.882
4.15 242.41
4.16 242.615
4.17 242.888
4.18 243.151
4.19 243.646
4.2 243.815
4.21 244.202
4.22 244.186
4.23 244.321
4.24 243.711
4.25 242.87
4.26 242.474
4.27 242.168
4.28 242.181
4.29 241.945
4.3 241.802
4.31 241.802
4.32 241.945
4.33 242.181
4.34 242.55
4.35 242.816
4.36 243.158
4.37 243.158
4.38 243.199
4.39 243.237
4.4 243.071
4.41 242.914
4.42 242.656
4.43 242.429
4.44 242.187
4.45 242.066
4.46 242.205
4.47 242.308
4.48 242.4
4.49 242.4
4.5 242.4
4.51 242.583
4.52 242.768
4.53 242.738
4.54 243
4.55 243
4.56 242.752
4.57 242.55
4.58 242.181
4.59 242.054
4.6 242.197
4.61 241.888
4.62 241.928
4.63 241.776
4.64 241.172
4.65 240.984
4.66 240.984
4.67 242.308
4.68 237.736
4.69 233.333
4.7 235.409
4.71 225
4.72 201.064
4.73 201.064
4.74 201.064
4.75 201.064
4.76 239.674
4.77 239.674
4.78 239.674
4.79 242.308
4.8 240.545
4.81 239.674
4.82 239.674
4.83 239.674
4.84 240.545
4.85 229.688
4.86 242.689
4.87 244.096
4.88 244.096
4.89 242.308
4.9 242.308
4.91 242.308
4.92 242.308
4.93 241.644
4.94 237.097
4.95 235.829
4.96 236.25
4.97 235.969
4.98 235.577
4.99 236.081
5 237.462
5.01 237.38
5.02 237.522
5.03 237.827
5.04 237.896
5.05 238.54
5.06 238.758
5.07 239.154
5.08 239.426
5.09 239.55
5.1 239.922
5.11 239.922
5.12 239.935
5.13 239.798
5.14 239.302
5.15 238.563
5.16 238.072
5.17 237.583
5.18 236.975
5.19 236.371
5.2 235.829
5.21 235.671
5.22 235.29
5.23 234.991
5.24 234.824
5.25 234.574
5.26 234.076
5.27 232.923
5.28 248.218
5.29 248.218
5.3 248.218
5.31 248.218
5.32 248.218
5.33 248.218
5.34 238.378
5.35 237.736
5.36 235.829
5.37 233.828
5.38 233.333
5.39 232.981
5.4 232.564
5.41 232.241
5.42 232.805
5.43 231.253
5.44 230.89
5.45 233.333
5.46 233.333
5.47 233.333
5.48 235.2
5.49 275.625
5.5 282.692
5.51 282.692
5.52 282.692
5.53 0
5.54 74.4932
5.55 75.3846
5.56 76.474
5.57 77.2329
5.58 78.75
5.59 78.2377
5.6 78.2377
5.61 81.9703
5.62 82.072
5.63 81.9703
5.64 81.9703
5.65 82.4813
5.66 82.7703
5.67 83.1627
5.68 83.1627
5.69 83.5227
5.7 84
5.71 83.9855
5.72 84.529
5.73 84.375
5.74 84.5475
5.75 84.5475
5.76 84.5475
5.77 84.5475
5.78 84.5475
5.79 0
5.8 172.35
5.81 173.111
5.82 177.823
5.83 177.823
5.84 177.346
5.85 177.251
5.86 177.346
5.87 177.346
5.88 177.346
5.89 177.346
5.9 177.251
5.91 177.108
5.92 175.814
5.93 175.761
5.94 175
5.95 175.116
5.96 175
5.97 175.126
5.98 175.253
5.99 175.507
6 175.507
6.01 175.643
6.02 175.967
6.03 176.4
6.04 176.588
6.05 176.683
6.06 177.061
6.07 177.197
6.08 177.346
6.09 177.486
6.1 177.465
6.11 177.286
6.12 176.983
6.13 176.842
6.14 176.577
6.15 176.4
6.16 176.488
6.17 176.4
6.18 176.306
6.19 176.494
6.2 176.683
6.21 177.02
6.22 177.156
6.23 177.441
6.24 177.727
6.25 177.823
6.26 178.203
6.27 178.362
6.28 178.588
6.29 178.585
6.3 178.543
6.31 178.543
6.32 178.585
6.33 178.494
6.34 178.543
6.35 178.633
6.36 178.687
6.37 178.784
6.38 178.88
6.39 178.905
6.4 178.905
6.41 178.784
6.42 178.687
6.43 178.452
6.44 178.182
6.45 177.912
6.46 177.823
6.47 177.492
6.48 177.465
6.49 176.816
6.5 176.816
6.51 176.588
6.52 176.488
6.53 176.577
6.54 176.872
6.55 177.156
6.56 177.632
6.57 177.823
6.58 178.272
6.59 178.591
6.6 178.88
6.61 178.905
6.62 178.814
6.63 178.784
6.64 178.494
6.65 178.206
6.66 178.13
6.67 178.13
6.68 177.163
6.69 176.683
6.7 176.588
6.71 176.4
6.72 176.165
6.73 175.897
6.74 175.859
6.75 176.048
6.76 176.317
6.77 176.566
6.78 177.142
6.79 176.872
6.8 176.602
6.81 177.465
6.82 177.492
6.83 177.823
6.84 177.918
6.85 177.918
6.86 178.092
6.87 178.452
6.88 178.841
6.89 179.183
6.9 179.44
6.91 179.914
6.92 180.041
6.93 180.204
6.94 180.155
6.95 180.123
6.96 179.918
6.97 179.512
6.98 179.225
6.99 178.905
7 178.494
7.01 178.043
7.02 177.823
7.03 177.346
7.04 176.781
7.05 176.566
7.06 176.733
7.07 176.951
7.08 177.371
7.09 177.823
7.1 178.215
7.11 178.511
7.12 178.844
7.13 179.035
7.14 179.094
7.15 179.1
7.16 179.015
7.17 178.861
7.18 178.74
7.19 178.47
7.2 178.125
7.21 177.703
7.22 177.449
7.23 177.075
7.24 176.786
7.25 176.541
7.26 176.317
7.27 176.474
7.28 176.566
7.29 176.966
7.3 177.449
7.31 177.757
7.32 178.038
7.33 178.125
7.34 178.33
7.35 178.646
7.36 178.872
7.37 179.086
7.38 179.268
7.39 177.823
7.4 179.268
7.41 170.552
7.42 168.321
7.43 168.321
7.44 165.789
7.45 166.93
7.46 168.185
7.47 169.86
7.48 170.305
7.49 171.729
7.5 173.793
7.51 177.823
7.52 178.233
7.53 179.268
7.54 178.784
7.55 179.451
7.56 178.398
7.57 178.872
7.58 180.536
7.59 178.977
7.6 178.945
7.61 179.633
7.62 178.543
7.63 178.543
7.64 178.543
7.65 178.543
7.66 178.543
7.67 0
7.68 59.4206
7.69 59.4019
7.7 59.4019
7.71 0
7.72 89.4161
7.73 89.5349
7.74 89.5349
7.75 0
7.76 179.944
7.77 179.171
7.78 179.171
7.79 0
7.8 60.1364
7.81 0
7.82 59.8209
7.83 0
7.84 178.154
7.85 176.835
7.86 176.835
7.87 0
7.88 59.6983
7.89 59.8372
7.9 59.8534
7.91 59.8534
7.92 59.8534
7.93 0
7.94 91.271
7.95 91.3342
7.96 91.5149
7.97 91.6504
7.98 91.7052
7.99 91.824
8 91.8431
8.01 91.7221
8.02 91.684
8.03 92.0943
8.04 91.875
8.05 90.9278
8.06 90.8654
8.07 90.4748
8.08 90.0127
8.09 89.6584
8.1 89.1424
8.11 88.7736
8.12 88.3845
8.13 88.1295
8.14 87.7869
8.15 86.9088
8.16 86.2002
8.17 85.4651
8.18 84.6449
8.19 84.5908
8.2 80.1818
8.21 75.5607
8.22 73.5818
8.23 68.5848
8.24 67.5
8.25 68.6916
8.26 64.8529
8.27 61.4206
8.28 61.4206
8.29 61.4206
8.3 61.4206
8.31 61.4206
8.32 0
8.33 266.734
8.34 265.663
8.35 265.307
8.36 264.865
8.37 264.865
8.38 253.448
8.39 256.395
8.4 256.395
8.41 238.378
8.42 238.378
8.43 238.378
8.44 234.574
8.45 230.287
8.46 233.087
8.47 233.952
8.48 234.574
8.49 234.574
8.5 234.021
8.51 234.325
8.52 233.333
8.53 232.981
8.54 232.981
8.55 233.128
8.56 232.105
8.57 232.105
8.58 231.22
8.59 231.132
8.6 231.356
8.61 231.543
8.62 236.25
8.63 236.25
8.64 236.25
8.65 236.25
8.66 236.25
8.67 236.25
8.68 234.574
8.69 234.574
8.7 210
8.71 210
8.72 210
8.73 210
8.74 210
8.75 0
8.76 196.875
8.77 196.437
8.78 196.437
8.79 0
8.8 140.446
8.81 0
8.82 562.5
8.83 0
8.84 0
8.85 153.766
8.86 154.918
8.87 155.769
8.88 155.769
8.89 155.769
8.9 0
8.91 522.835
8.92 515.187
8.93 513.268
8.94 510.67
8.95 499.919
8.96 485.025
8.97 485.025
8.98 516.393
8.99 501.807
9 490
9.01 490
9.02 490
9.03 490
9.04 490
9.05 0
9.06 170.197
9.07 170.154
9.08 170.563
9.09 170.93
9.1 171.21
9.11 171.5
9.12 172.01
9.13 171.729
9.14 172.131
9.15 172.4
9.16 172.4
9.17 172.587
9.18 172.853
9.19 173.731
9.2 175.245
9.21 175.293
9.22 175.606
9.23 175.57
9.24 175.756
9.25 176.231
9.26 176.646
9.27 177.511
9.28 176.966
9.29 176.905
9.3 177.007
9.31 176.905
9.32 176.966
9.33 176.931
9.34 176.931
9.35 177.21
9.36 176.4
9.37 175.95
9.38 176.033
9.39 175.986
9.4 176.009
9.41 175.978
9.42 175.837
9.43 175.619
9.44 175.492
9.45 176.322
9.46 176.623
9.47 176.464
9.48 176.488
9.49 176.793
9.5 176.939
9.51 177.137
9.52 177.273
9.53 177.888
9.54 177.608
9.55 178.398
9.56 178.346
9.57 178.302
9.58 178.11
9.59 178.11
9.6 178.285
9.61 177.482
9.62 178.265
9.63 178.709
9.64 179.437
9.65 179.332
9.66 179.327
9.67 179.324
9.68 179.212
9.69 179.493
9.7 179.212
9.71 179.147
9.72 178.905
9.73 178.574
9.74 178.749
9.75 178.206
9.76 178.446
9.77 178.446
9.78 178.633
9.79 178.784
9.8 179.187
9.81 180.184
9.82 180.088
9.83 180.667
9.84 182.836
9.85 183.057
9.86 183.057
9.87 183.292
9.88 183.292
9.89 183.58
9.9 183.75
9.91 184.906
9.92 185.294
9.93 186.076
9.94 183.495
9.95 183.297
9.96 183.329
9.97 183.19
9.98 183.241
9.99 183.259
10 183.393
10.01 183.539
10.02 183.799
10.03 184.88
10.04 185.19
10.05 185.19
10.06 185.658
10.07 185.831
10.08 186.496
10.09 186.128
10.1 186.81
10.11 185.852
10.12 185.121
10.13 185.669
10.14 184.889
10.15 184.596
10.16 183.66
10.17 183.046
10.18 182.567
10.19 182.567
10.2 182.567
10.21 179.268
10.22 178.784
10.23 180.147
10.24 178.302
10.25 178.302
10.26 178.302
10.27 178.302
10.28 178.302
10.29 178.302
10.3 178.028
10.31 177.536
10.32 173.622
10.33 175.697
10.34 176.287
10.35 176.872
10.36 177.251
10.37 177.263
10.38 177.596
10.39 177.727
10.4 178.182
10.41 178.245
10.42 178.33
10.43 178.755
10.44 178.302
10.45 178.302
10.46 178.494
10.47 178.784
10.48 178.814
10.49 178.33
10.5 178.585
10.51 178.487
10.52 179.156
10.53 179.268
10.54 179.686
10.55 180.283
10.56 180.396
10.57 181.08
10.58 181.233
10.59 181.575
10.6 181.856
10.61 182.609
10.62 182.735
10.63 183.343
10.64 183.852
10.65 185.003
10.66 185.157
10.67 185.587
10.68 185.1
10.69 185.1
10.7 185.1
10.71 185.1
10.72 185.1
10.73 181.481
10.74 180.245
10.75 179.56
10.76 178.182
10.77 176.4
10.78 175
10.79 166.102
10.8 167.045
10.81 167.681
10.82 168.642
10.83 169.182
10.84 169.182
10.85 164.552
10.86 161.894
10.87 160.169
10.88 160.169
10.89 160.169
10.9 160.169
10.91 158.796
10.92 157.375
10.93 157.051
10.94 153.429
10.95 152.419
10.96 153.066
10.97 153.258
10.98 153.86
10.99 153.927
11 154.737
11.01 154.954
11.02 154.918
11.03 154.918
11.04 154.612
11.05 154.534
11.06 154.45
11.07 154.124
11.08 154.042
11.09 153.902
11.1 153.125
11.11 152.186
11.12 151.938
11.13 150.821
11.14 149.745
11.15 147.327
11.16 147.327
11.17 147.327
11.18 147
11.19 133.521
11.2 131.642
11.21 131.642
11.22 131.406
11.23 131.37
11.24 131.194
11.25 130.861
11.26 131.25
11.27 131.306
11.28 131.362
11.29 131.707
11.3 131.904
11.31 132.212
11.32 132.036
11.33 132.036
11.34 131.72
11.35 131.72
11.36 130.916
11.37 130.473
11.38 130.473
11.39 130.363
11.4 130.667
11.41 130.705
11.42 130.817
11.43 130.967
11.44 130.938
11.45 130.896
11.46 130.972
11.47 130.861
11.48 130.896
11.49 130.473
11.5 130.473
11.51 130.473
11.52 130.473
11.53 130.217
11.54 130.165
11.55 129.199
11.56 129.199
11.57 129.326
11.58 129.326
11.59 133.839
11.6 136.674
11.61 138.679
11.62 138.854
11.63 138.43
11.64 137.5
11.65 137.17
11.66 136.826
11.67 136.006
11.68 135.38
11.69 134.451
11.7 134.101
11.71 132.565
11.72 132.717
11.73 133.188
11.74 133.868
11.75 134.451
11.76 135.739
11.77 136.035
11.78 136.617
11.79 136.691
11.8 137.2
11.81 137.383
11.82 137.555
11.83 138.048
11.84 138.048
11.85 138.048
11.86 138.059
11.87 137.956
11.88 138.679
11.89 139.157
11.9 139.381
11.91 139.879
11.92 140.347
11.93 140.558
11.94 140.356
11.95 140.283
11.96 140.121
11.97 140.078
11.98 140.167
11.99 140.191
12 140.267
12.01 140.558
12.02 140.726
12.03 141.045
12.04 141.437
12.05 141.877
12.06 142.35
12.07 142.36
12.08 142.565
12.09 142.626
12.1 142.667
12.11 142.667
12.12 142.603
12.13 142.929
12.14 142.825
12.15 142.795
12.16 142.825
12.17 142.373
12.18 142.258
12.19 142.075
12.2 142.156
12.21 142.029
12.22 141.649
12.23 141.801
12.24 141.801
12.25 141.801
12.26 142.411
12.27 142.534
12.28 142.667
12.29 142.873
12.3 143.066
12.31 143.066
12.32 144.013
12.33 144.013
12.34 144.947
12.35 144.947
12.36 144.96
12.37 144.96
12.38 145.225
12.39 145.225
12.4 144.432
12.41 144.432
12.42 144.432
12.43 143.804
12.44 143.285
12.45 143.182
12.46 143.182
12.47 143.285
12.48 143.298
12.49 143.581
12.5 143.581
12.51 143.581
12.52 143.581
12.53 143.581
12.54 143.581
12.55 143.581
12.56 0
12.57 48.604
12.58 48.5377
12.59 48.5149
12.6 48.5505
12.61 48.5897
12.62 48.6397
12.63 48.9348
12.64 48.8604
12.65 49.2004
12.66 49.2973
12.67 49.3657
12.68 49.2502
12.69 49.2502
12.7 49.1968
12.71 49.0727
12.72 49.0727
12.73 49.0727
12.74 49.0727
12.75 49.0727
12.76 0
12.77 143.983
12.78 143.909
12.79 143.909
12.8 143.648
12.81 143.648
12.82 143.521
12.83 143.351
12.84 143.351
12.85 143.089
12.86 143.039
12.87 143.013
12.88 143.027
12.89 143.104
12.9 142.996
12.91 141.892
12.92 140.545
12.93 140.645
12.94 140.645
12.95 139.029
12.96 139.029
12.97 139.029
12.98 139.029
12.99 136.392
13 137.383
13.01 142.258
13.02 142.258
13.03 136.392
13.04 133.152
13.05 133.367
13.06 131.904
13.07 131.12
13.08 133.636
13.09 133.152
13.1 135.276
13.11 136.638
13.12 139.054
13.13 145.705
13.14 146.269
13.15 150
13.16 152.069
13.17 153.98
13.18 154.412
13.19 155.282
13.2 155.83
13.21 155.221
13.22 156.137
13.23 156.137
13.24 156.014
13.25 156.014
13.26 156.014
13.27 156.014
13.28 156.014
13.29 0
13.3 79.8913
13.31 80.3571
13.32 80.1818
13.33 80.1818
13.34 81.0662
13.35 81.0662
13.36 81.0662
13.37 81.0662
13.38 81.0662
13.39 81.9703
13.4 81.9703
13.41 81.9703
13.42 83.8403
13.43 83.8403
13.44 83.8403
13.45 83.8403
13.46 83.8403
13.47 0
13.48 54.2658
13.49 54.6092
13.5 54.5792
13.51 54.5792
13.52 54.5792
13.53 0
13.54 163.908
13.55 0
13.56 164.185
13.57 164.28
13.58 164.169
13.59 163.69
13.6 163.576
13.61 163.199
13.62 162.998
13.63 162.978
13.64 162.531
13.65 162.597
13.66 162.581
13.67 162.132
13.68 162.232
13.69 161.361
13.7 161.341
13.71 161.073
13.72 161.018
13.73 161.033
13.74 162.431
13.75 160.949
13.76 157.5
13.77 157.126
13.78 156.661
13.79 156.383
13.8 156.383
13.81 156.621
13.82 156.605
13.83 156.605
13.84 157.146
13.85 157.25
13.86 157.25
13.87 157.5
13.88 157.5
13.89 157.705
13.9 158.308
13.91 158.919
13.92 159.206
13.93 161.623
13.94 160.802
13.95 160.802
13.96 159.783
13.97 160.447
13.98 160.447
13.99 160.218
14 159.638
14.01 159.014
14.02 157.951
14.03 157.951
14.04 157.951
14.05 157.951
14.06 157.951
14.07 0
14.08 0
14.09 159.783
14.1 159.898
14.11 159.911
14.12 160.114
14.13 160.28
14.14 160.073
14.15 159.948
14.16 160.015
14.17 160.015
14.18 158.96
14.19 158.254
14.2 158.254
14.21 158.065
14.22 158.065
14.23 157.5
14.24 157.5
14.25 157.5
14.26 157.339
14.27 157.339
14.28 157.339
14.29 157.275
14.3 157.275
14.31 157.275
14.32 157.951
14.33 157.838
14.34 157.91
14.35 157.951
14.36 158.405
14.37 158.405
14.38 158.405
14.39 158.405
14.4 157.876
14.41 157.876
14.42 157.876
14.43 155.83
14.44 155.83
14.45 156.161
14.46 156.161
14.47 156.014
14.48 155.063
14.49 155.063
14.5 155.063
14.51 153.837
14.52 153.837
14.53 149.492
14.54 149.492
14.55 144.828
14.56 141.12
14.57 141.12
14.58 141.12
14.59 141.12
14.6 140.745
14.61 141.573
14.62 141.346
14.63 141.346
14.64 151.027
14.65 161.538
14.66 161.538
14.67 161.538
14.68 177.108
14.69 177.108
14.7 177.108
14.71 177.108
14.72 177.108
14.73 177.108
14.74 176.501
14.75 176.683
14.76 176.931
14.77 176.118
14.78 176.4
14.79 178.439
14.8 179.593
14.81 181.481
14.82 181.481
14.83 182.382
14.84 182.85
14.85 183.241
14.86 183.495
14.87 183.456
14.88 183.087
14.89 183.216
14.9 183.211
14.91 183.14
14.92 182.929
14.93 182.643
14.94 182.231
14.95 181.781
14.96 180.59
14.97 180.147
14.98 179.755
14.99 179.534
15 179.534
15.01 179.755
15.02 179.707
15.03 180.335
15.04 180.738
15.05 180.902
15.06 181.143
15.07 181.143
15.08 180.639
15.09 180.516
15.1 180.335
15.11 180.201
15.12 179.965
15.13 179.674
15.14 179.686
15.15 180.294
15.16 180.886
15.17 181.481
15.18 181.802
15.19 181.802
15.2 181.802
15.21 181.802
15.22 181.802
15.23 181.856
15.24 181.856
15.25 183.083
15.26 183.393
15.27 183.641
15.28 183.695
15.29 183.691
15.3 183.68
15.31 183.459
15.32 182.76
15.33 181.802
15.34 178.784
15.35 177.823
15.36 178.646
15.37 178.623
15.38 178.623
15.39 178.623
15.4 178.623
15.41 178.623
15.42 178.623
15.43 178.723
15.44 178.905
15.45 182.735
15.46 181.781
15.47 182.017
15.48 181.384
15.49 181.183
15.5 181.155
15.51 181.162
15.52 181.026
15.53 181.068
15.54 180.184
15.55 180.049
15.56 179.944
15.57 179.878
15.58 179.8
15.59 179.593
15.6 179.06
15.61 179.268
15.62 179.268
15.63 179.918
15.64 179.929
15.65 180.214
15.66 180.344
15.67 180.518
15.68 180.56
15.69 180.867
15.7 181.438
15.71 177.823
15.72 176.4
15.73 176.4
15.74 175.697
15.75 176.4
15.76 176.4
15.77 176.4
15.78 176.4
15.79 175.697
15.8 175.697
15.81 162.132
15.82 170.93
15.83 170.93
15.84 170.93
15.85 170.93
15.86 170.93
15.87 0
15.88 123.529
15.89 121.823
15.9 121.823
15.91 108.889
15.92 104.255
15.93 107.039
15.94 107.039
15.95 107.039
15.96 107.039
15.97 0
15.98 0
15.99 177.346
16 176.872
16.01 177.108
16.02 176.4
16.03 179.268
16.04 179.268
16.05 177.823
16.06 177.823
16.07 177.823
16.08 177.823
16.09 177.823
16.1 0
16.11 0
16.12 0
16.13 0
16.14 0
16.15 0
16.16 0
16.17 0
16.18 89.0909
16.19 0
16.2 0
16.21 585.398
16.22 0
16.23 0
16.24 0
16.25 0
16.26 0
16.27 0
16.28 0
16.29 0
16.3 0
16.31 0
16.32 0
16.33 0
16.34 0
16.35 0
16.36 0
16.37 0
16.38 0
16.39 175
16.4 173.964
16.41 170.27
16.42 171.373
16.43 172.266
16.44 173.349
16.45 174.802
16.46 179.268
16.47 179.817
16.48 180.844
16.49 180.844
16.5 181.134
16.51 181.79
16.52 181.79
16.53 183.852
16.54 185.381
16.55 185.753
16.56 193.988
16.57 193.988
16.58 193.988
16.59 193.988
16.6 193.988
16.61 0
16.62 586.436
16.63 0
16.64 595.946
16.65 612.5
16.66 612.5
16.67 0
16.68 74.6445
16.69 75.1461
16.7 75.462
16.71 75.462
16.72 75.6
16.73 75.8775
16.74 76.122
16.75 76.5625
16.76 75.9472
16.77 76.4298
16.78 76.4298
16.79 76.4298
16.8 84.1603
16.81 84.8077
16.82 84.8077
16.83 84.8077
16.84 84.8077
16.85 0
16.86 54.8702
16.87 0
16.88 55.066
16.89 0
16.9 171.196
16.91 0
16.92 42.209
16.93 0
16.94 172.49
16.95 172.266
16.96 173.349
16.97 174.407
16.98 175
16.99 175
17 175
17.01 175.278
17.02 175.557
17.03 176.4
17.04 176.557
17.05 176.541
17.06 176.4
17.07 176.4
17.08 176.602
17.09 176.754
17.1 176.824
17.11 177.465
17.12 177.346
17.13 177.823
17.14 177.727
17.15 177.933
17.16 178.439
17.17 178.957
17.18 179.38
17.19 179.944
17.2 180.17
17.21 180.283
17.22 180.067
17.23 180.082
17.24 181.068
17.25 181.109
17.26 181.233
17.27 181.233
17.28 180.283
17.29 180.534
17.3 180.224
17.31 180.315
17.32 179.87
17.33 179.605
17.34 179.268
17.35 179.147
17.36 179.451
17.37 179.755
17.38 180.368
17.39 180.738
17.4 180.738
17.41 180.738
17.42 180.738
17.43 180.368
17.44 180.738
17.45 181.399
17.46 181.375
17.47 181.034
17.48 181.731
17.49 181.233
17.5 181.549
17.51 181.549
17.52 182.064
17.53 182.095
17.54 182.095
17.55 181.769
17.56 180.738
17.57 180.985
17.58 181.034
17.59 180.553
17.6 180.469
17.61 181.068
17.62 180.985
17.63 180.923
17.64 180.972
17.65 181.091
17.66 181.153
17.67 181.195
17.68 181.178
17.69 181.137
17.7 181.481
17.71 181.316
17.72 181.481
17.73 181.375
17.74 180.912
17.75 180.477
17.76 180.442
17.77 180.564
17.78 180.66
17.79 180.738
17.8 180.738
17.81 180.655
17.82 180.935
17.83 181.143
17.84 181.007
17.85 180.624
17.86 180.194
17.87 179.853
17.88 179.653
17.89 179.733
17.9 179.755
17.91 179.774
17.92 179.738
17.93 179.81
17.94 179.755
17.95 179.957
17.96 180.105
17.97 180.123
17.98 180.147
17.99 180.368
18 180.245
18.01 180.491
18.02 181.481
18.03 181.399
18.04 181.695
18.05 181.814
18.06 181.438
18.07 181.481
18.08 181.481
18.09 181.332
18.1 181.521
18.11 181.588
18.12 181.802
18.13 182.017
18.14 182.152
18.15 182.47
18.16 182.675
18.17 182.675
18.18 183.14
18.19 183.241
18.2 183.611
18.21 183.611
18.22 183.611
18.23 183.611
18.24 183.611
18.25 0
18.26 60.7605
18.27 0
18.28 179.895
18.29 179.268
18.3 179.268
18.31 0
18.32 60.3358
18.33 60.2459
18.34 60.2459
18.35 0
18.36 60.3191
18.37 60.1728
18.38 60.1728
18.39 60.293
18.4 60.3401
18.41 60.3982
18.42 60.3118
18.43 60.3421
18.44 60.3779
18.45 60.4228
18.46 60.5002
18.47 60.426
18.48 60.426
18.49 60.426
18.5 60.4441
18.51 60.4441
18.52 60.4441
18.53 60.4441
18.54 0
18.55 91.8402
18.56 92.0144
18.57 92.0144
18.58 92.0882
18.59 92.0882
18.6 0
18.61 60.5769
18.62 60.5977
18.63 60.5057
18.64 60.5437
18.65 60.6186
18.66 60.6483
18.67 60.6324
18.68 60.702
18.69 60.6811
18.7 60.5769
18.71 60.6483
18.72 60.4294
18.73 60.3283
18.74 60.3375
18.75 60.3375
18.76 60.3283
18.77 60.3742
18.78 60.3742
18.79 60.4317
18.8 60.4317
18.81 60.4317
18.82 60.4317
18.83 60.4317
18.84 60.7104
18.85 60.7104
18.86 0
18.87 0
18.88 90.5544
18.89 90.5916
18.9 90.5916
18.91 0
18.92 182.297
18.93 182.352
18.94 182.533
18.95 182.754
18.96 183.018
18.97 183.072
18.98 183.016
18.99 183.163
19 183.108
19.01 183.108
19.02 182.574
19.03 182.231
19.04 181.753
19.05 181.233
19.06 181.043
19.07 180.985
19.08 180.814
19.09 180.774
19.1 180.706
19.11 180.769
19.12 180.801
19.13 180.804
19.14 181.1
19.15 180.919
19.16 180.586
19.17 180.418
19.18 179.937
19.19 180.119
19.2 179.843
19.21 179.581
19.22 179.467
19.23 179.026
19.24 178.687
19.25 179.06
19.26 179.06
19.27 179.06
19.28 179.06
19.29 179.06
19.3 179.633
19.31 179.755
19.32 179.755
19.33 179.755
19.34 179.755
19.35 179.755
19.36 180.573
19.37 180.216
19.38 179.354
19.39 179.542
19.4 178.687
19.41 180
19.42 180
19.43 179.633
19.44 180
19.45 180.573
19.46 180.573
19.47 180.573
19.48 174.079
19.49 176.048
19.5 175
19.51 175
19.52 175
19.53 175
19.54 158.065
19.55 158.065
19.56 158.065
19.57 158.065
19.58 158.065
19.59 158.065
19.6 158.065
19.61 159.014
19.62 165.169
19.63 172.715
19.64 172.715
19.65 173.077
19.66 172.715
19.67 172.715
19.68 172.941
19.69 172.866
19.7 172.715
19.71 172.715
19.72 172.458
19.73 172.458
19.74 173.168
19.75 174.246
19.76 174.361
19.77 174.496
19.78 174.846
19.79 174.748
19.8 174.68
19.81 174.802
19.82 174.827
19.83 175.099
19.84 174.907
19.85 174.901
19.86 174.913
19.87 175.199
19.88 175.557
19.89 175.744
19.9 175.651
19.91 175.643
19.92 175.697
19.93 176.183
19.94 176.4
19.95 176.835
19.96 177.007
19.97 177.054
19.98 177.273
19.99 177.346
20 177.382
20.01 177.692
20.02 178.182
20.03 177.679
20.04 177.953
20.05 177.703
20.06 177.679
20.07 177.465
20.08 176.703
20.09 177.346
20.1 176.4
20.11 176.754
20.12 176.048
20.13 175.837
20.14 175.775
20.15 175.931
20.16 175.931
20.17 175.978
20.18 176.016
20.19 176.144
20.2 176.272
20.21 176.282
20.22 176.272
20.23 176.243
20.24 176.243
20.25 176.243
20.26 176.224
20.27 176.804
20.28 176.4
20.29 175.199
20.3 175.232
20.31 175.278
20.32 175.232
20.33 175.348
20.34 175.154
20.35 175.154
20.36 175.199
20.37 175
20.38 175
20.39 175
20.4 175.309
20.41 175.309
20.42 175.174
20.43 175.398
20.44 175.398
20.45 175.619
20.46 175.557
20.47 175.619
20.48 175.597
20.49 175.398
20.5 175.464
20.51 175.464
20.52 175.464
20.53 174.723
20.54 175.278
20.55 176.4
20.56 176.636
20.57 176.636
20.58 178.062
20.59 178.062
20.6 178.062
20.61 178.062
20.62 178.062
20.63 178.543
20.64 178.543
20.65 178.543
20.66 180.738
20.67 178.687
20.68 178.002
20.69 177.982
20.7 177.953
20.71 177.953
20.72 177.823
20.73 177.516
20.74 177.554
20.75 177.163
20.76 177.432
20.77 177.492
20.78 177.703
20.79 178.302
20.8 178.608
20.81 178.905
20.82 179.414
20.83 180.469
20.84 180.491
20.85 180.852
20.86 181.309
20.87 181.195
20.88 181.319
20.89 181.02
20.9 181.157
20.91 180.738
20.92 180.082
20.93 179.686
20.94 179.686
20.95 178.784
20.96 178.784
20.97 178.543
20.98 177.823
20.99 177.823
21 177.823
21.01 177.823
21.02 178.687
21.03 178.543
21.04 178.543
21.05 178.543
21.06 178.398
21.07 178.11
21.08 177.907
21.09 177.402
21.1 177.644
21.11 177.738
21.12 177.733
21.13 178.201
21.14 179.542
21.15 179.106
21.16 179.8
21.17 179.878
21.18 179.878
21.19 179.831
21.2 179.878
21.21 179.831
21.22 179.831
21.23 180.123
21.24 180.283
21.25 180.123
21.26 180.59
21.27 181.414
21.28 182.081
21.29 182.357
21.3 183.622
21.31 183.622
21.32 184.045
21.33 184.07
21.34 183.927
21.35 184.006
21.36 183.805
21.37 183.221
21.38 182.798
21.39 182.651
21.4 182.148
21.41 181.137
21.42 180.123
21.43 178.663
21.44 178.663
21.45 178.663
21.46 178.663
21.47 178.663
21.48 0
21.49 89.8533
21.5 0
21.51 90.5544
21.52 0
21.53 90.184
21.54 0
21.55 184.519
21.56 185.294
21.57 183.241
21.58 185.294
21.59 183.241
21.6 183.241
21.61 183.241
21.62 175.931
21.63 175.931
21.64 175.931
21.65 166.541
21.66 166.541
21.67 166.541
21.68 0
21.69 82.791
21.7 0
21.71 54.5792
21.72 54.3438
21.73 54.3438
21.74 54.2982
21.75 54.1579
21.76 54.022
21.77 54.022
21.78 54.022
21.79 54.022
21.8 0
21.81 157.782
21.82 157.782
21.83 158.633
21.84 157.5
21.85 157.5
21.86 157.5
21.87 156.94
21.88 156.94
21.89 156.94
21.9 156.94
21.91 156.94
21.92 155.83
21.93 155.83
21.94 155.501
21.95 155.83
21.96 155.438
21.97 155.1
21.98 155.72
21.99 155.501
22 155.83
22.01 155.647
22.02 155.647
22.03 155.647
22.04 155.941
22.05 156.661
22.06 156.661
22.07 155.501
22.08 155.501
22.09 155.501
22.1 155.647
22.11 155.83
22.12 155.438
22.13 155.282
22.14 154.814
22.15 155.145
22.16 156.014
22.17 155.595
22.18 155.769
22.19 155.83
22.2 155.892
22.21 155.892
22.22 155.892
22.23 156.383
22.24 156.067
22.25 156.067
22.26 156.383
22.27 155.145
22.28 155.282
22.29 155.039
22.3 154.737
22.31 155.556
22.32 156.383
22.33 157.5
22.34 157.5
22.35 160.949
22.36 162.371
22.37 160.614
22.38 160.614
22.39 160.614
22.4 160.614
22.41 160.614
22.42 160.614
22.43 0
22.44 49.2188
22.45 49.2188
22.46 49.1639
22.47 49.1639
22.48 49.1639
22.49 49.1639
22.5 48.5683
22.51 48.5683
22.52 48.5683
22.53 48.604
22.54 48.604
22.55 48.6486
22.56 48.6486
22.57 48.6486
22.58 48.6486
22.59 48.6486
22.6 0
22.61 150.512
22.62 150.746
22.63 150.615
22.64 150.666
22.65 150.579
22.66 150.341
22.67 149.492
22.68 150
22.69 149.641
22.7 149.402
22.71 148.927
22.72 148.934
22.73 148.986
22.74 148.861
22.75 149.211
22.76 149.211
22.77 148.691
22.78 149.267
22.79 149.302
22.8 149.17
22.81 150.292
22.82 150.393
22.83 150.821
22.84 150.341
22.85 150.551
22.86 151.027
22.87 151.546
22.88 151.546
22.89 150
22.9 150.472
22.91 150.472
22.92 150.341
22.93 150.085
22.94 149.407
22.95 149.262
22.96 149.745
22.97 150.307
22.98 150.307
22.99 150.64
23 150.227
23.01 148.349
23.02 147.987
23.03 147.626
23.04 147.626
23.05 147.626
23.06 147.626
23.07 147.626
23.08 0
23.09 48.5683
23.1 0
23.11 486.397
23.12 0
23.13 0
23.14 48.9534
23.15 48.9534
23.16 48.9275
23.17 48.9275
23.18 48.9275
23.19 0
23.2 462.339
23.21 472.922
23.22 471.378
23.23 471.378
23.24 475.899
23.25 475.472
23.26 475.472
23.27 473.466
23.28 474.194
23.29 471.154
23.3 472.5
23.31 472.5
23.32 472.5
23.33 472.5
23.34 472.5
23.35 465.845
23.36 481.675
23.37 483.167
23.38 497.903
23.39 498.869
23.4 498.869
23.41 498.869
23.42 498.869
23.43 498.869
23.44 0
23.45 147.987
23.46 148.338
23.47 148.248
23.48 148.318
23.49 148.318
23.5 148.318
23.51 148.318
23.52 0
23.53 48.8449
23.54 48.5326
23.55 48.5326
23.56 48.5326
23.57 48.5326
23.58 0
23.59 455.579
23.6 0
23.61 148.986
23.62 0
23.63 464.211
23.64 467.727
23.65 465.845
23.66 485.208
23.67 498.869
23.68 498.869
23.69 502.174
23.7 493.992
23.71 501.136
23.72 490.992
23.73 490.992
23.74 526.792
23.75 648.529
23.76 648.529
23.77 648.529
23.78 648.529
23.79 648.529
23.8 0
23.81 143.521
23.82 143.492
23.83 143.492
23.84 143.436
23.85 143.436
23.86 0
23.87 0
23.88 285.437
23.89 288.445
23.9 288.445
23.91 0
23.92 142.042
23.93 142.324
23.94 142.329
23.95 142.329
23.96 142.329
23.97 142.968
23.98 143.612
23.99 143.973
24 143.901
24.01 143.916
24.02 143.43
24.03 142.784
24.04 142.565
24.05 142.84
24.06 142.84
24.07 142.854
24.08 142.121
24.09 142.3
24.1 141.979
24.11 141.759
24.12 141.692
24.13 141.801
24.14 141.346
24.15 141.633
24.16 141.598
24.17 142.258
24.18 142.503
24.19 142.642
24.2 143.415
24.21 143.648
24.22 143.492
24.23 143.182
24.24 143.415
24.25 143.315
24.26 143.356
24.27 143.368
24.28 143.182
24.29 143.11
24.3 142.983
24.31 142.776
24.32 142.583
24.33 142.488
24.34 142.565
24.35 142.36
24.36 142.029
24.37 141.528
24.38 141.497
24.39 141.573
24.4 141.346
24.41 141.346
24.42 141.346
24.43 141.346
24.44 141.953
24.45 140.985
24.46 139.117
24.47 138.679
24.48 138.679
24.49 138.679
24.5 138.679
24.51 138.679
24.52 138.898
24.53 138.898
24.54 138.898
24.55 138.898
24.56 138.804
24.57 138.929
24.58 138.929
24.59 138.929
24.6 0
24.61 46.1297
24.62 46.0655
24.63 46.0655
24.64 45.9375
24.65 45.9375
24.66 45.9375
24.67 45.9375
24.68 45.9375
24.69 45.9375
24.7 45.9375
24.71 45.9375
24.72 0
24.73 565.385
24.74 0
24.75 0
24.76 0
24.77 580.263
24.78 0
24.79 99.5485
24.8 0
24.81 200.657
24.82 0
24.83 201.677
24.84 202.417
24.85 203.039
24.86 204.324
24.87 206.934
24.88 207.855
24.89 210
24.9 210
24.91 210
24.92 210.334
24.93 210.334
24.94 210.334
24.95 210.25
24.96 210.25
24.97 210.25
24.98 210.25
24.99 209.501
25 209.43
25.01 209.43
25.02 209.601
25.03 209.539
25.04 209.715
25.05 209.539
25.06 209.572
25.07 209.626
25.08 209.778
25.09 209.81
25.1 209.8
25.11 209.882
25.12 209.667
25.13 210.222
25.14 210.222
25.15 210.222
25.16 210.25
25.17 210.334
25.18 210.334
25.19 210.334
25.2 210.401
25.21 212.019
25.22 230.287
25.23 230.287
25.24 230.287
25.25 235.829
25.26 235.829
25.27 229.688
25.28 225.768
25.29 225.768
25.3 262.5
25.31 259.412
25.32 258.398
25.33 258.398
25.34 280.297
25.35 280.297
25.36 280.297
25.37 280.297
25.38 282.692
25.39 270.221
25.4 267.814
25.41 267.678
25.42 266.144
25.43 264.865
25.44 266.403
25.45 266.58
25.46 267.597
25.47 267.736
25.48 271.663
25.49 273.913
25.5 273.758
25.51 274.522
25.52 275.321
25.53 275.444
25.54 275.444
25.55 276.585
25.56 277.461
25.57 278.079
25.58 278.079
25.59 280.081
25.6 282.434
25.61 282.434
25.62 280.693
25.63 279.275
25.64 278.473
25.65 278.473
25.66 278.918
25.67 279.468
25.68 280.297
25.69 280.297
25.7 280.297
25.71 283.298
25.72 284.149
25.73 284.149
25.74 284.516
25.75 286.054
25.76 286.763
25.77 286.937
25.78 286.912
25.79 286.985
25.8 286.736
25.81 286.713
25.82 286.364
25.83 286.364
25.84 285.966
25.85 285.521
25.86 285.129
25.87 284.746
25.88 284.72
25.89 284.385
25.9 284.272
25.91 284.123
25.92 284.123
25.93 284.172
25.94 284.385
25.95 284.516
25.96 284.746
25.97 285.042
25.98 285.366
25.99 285.591
26 285.966
26.01 286.756
26.02 287.572
26.03 287.531
26.04 287.642
26.05 287.577
26.06 287.859
26.07 287.572
26.08 287.109
26.09 286.692
26.1 287.149
26.11 286.617
26.12 286.674
26.13 286.457
26.14 286.541
26.15 286.85
26.16 287.203
26.17 287.346
26.18 287.39
26.19 287.444
26.2 287.839
26.21 288.018
26.22 288.168
26.23 288.096
26.24 288.308
26.25 288.105
26.26 288.014
26.27 288.235
26.28 288.133
26.29 288.032
26.3 287.922
26.31 287.849
26.32 287.548
26.33 287.318
26.34 287.151
26.35 286.689
26.36 286.485
26.37 286.231
26.38 285.833
26.39 285.647
26.4 285.334
26.41 285.076
26.42 284.998
26.43 285.16
26.44 285.274
26.45 285.042
26.46 284.996
26.47 285.057
26.48 280.081
26.49 286.131
26.5 286.736
26.51 286.793
26.52 286.752
26.53 287.141
26.54 287.582
26.55 287.966
26.56 288.334
26.57 288.471
26.58 289.045
26.59 289.612
26.6 290.344
26.61 290.897
26.62 291.41
26.63 291.41
26.64 291.41
26.65 0
26.66 145.066
26.67 0
26.68 400.909
26.69 0
26.7 215.122
26.71 216.176
26.72 216.176
26.73 0
26.74 0
26.75 143.182
26.76 0
26.77 380.172
26.78 0
26.79 67.638
26.8 0
26.81 71.129
26.82 70.2229
26.83 71.5909
26.84 71.5909
26.85 73.5
26.86 75.5137
26.87 76.2097
26.88 76.4866
26.89 77.6408
26.9 77.6408
26.91 77.6408
26.92 78.0255
26.93 78.0255
26.94 79.2097
26.95 79.3483
26.96 79.567
26.97 79.7829
26.98 79.9741
26.99 80.3391
27 80.4293
27.01 80.6461
27.02 81.1514
27.03 81.204
27.04 80.9174
27.05 81.1747
27.06 81.1747
27.07 81.1747
27.08 81.1747
27.09 81.1747
27.1 81.1747
27.11 0
27.12 53.5076
27.13 53.543
27.14 53.543
27.15 53.6787
27.16 54.063
27.17 54.2769
27.18 54.1959
27.19 54.4713
27.2 54.5547
27.21 54.828
27.22 54.9419
27.23 54.9419
27.24 54.8507
27.25 54.5792
27.26 54.9004
27.27 53.912
27.28 54.2435
27.29 53.8816
27.3 53.2609
27.31 53.2609
27.32 53.2609
27.33 0
27.34 54.5492
27.35 54.4444
27.36 54.6333
27.37 54.7146
27.38 66.1169
27.39 66.1169
27.4 66.1169
27.41 66.1169
27.42 0
27.43 163.864
27.44 163.619
27.45 163.132
27.46 163.132
27.47 163.132
27.48 161.047
27.49 159.27
27.5 159.27
27.51 159.27
27.52 157.951
27.53 157.951
27.54 157.951
27.55 157.951
27.56 0
27.57 54.2302
27.58 54.2102
27.59 54.1237
27.6 54.1769
27.61 54.2213
27.62 54.2213
27.63 54.2435
27.64 54.2435
27.65 54.2435
27.66 54.2435
27.67 54.2435
27.68 54.2435
27.69 0
27.7 39.7775
27.71 39.7727
27.72 39.8014
27.73 39.8734
27.74 39.8915
27.75 39.9457
27.76 39.9457
27.77 39.9457
27.78 39.9457
27.79 39.9457
27.8 0
27.81 53.715
27.82 53.7368
27.83 53.617
27.84 53.6496
27.85 53.5714
27.86 53.4222
27.87 53.4416
27.88 53.4416
27.89 53.4222
27.9 53.4222
27.91 53.4222
27.92 53.4222
27.93 53.4222
27.94 0
27.95 155.009
27.96 0
27.97 155.282
27.98 155.282
27.99 155.282
28 154.196
28.01 154.196
28.02 154.196
28.03 154.196
28.04 0
28.05 79.8913
28.06 79.4308
28.07 79.4308
28.08 0
28.09 77.5498
28.1 0
28.11 576.471
28.12 576.471
28.13 576.471
28.14 576.471
28.15 576.471
28.16 576.471
28.17 565.385
28.18 565.385
28.19 565.385
28.2 565.385
28.21 565.385
28.22 0
28.23 176.872
28.24 176.872
28.25 176.872
28.26 176.872
28.27 176.872
28.28 178.543
28.29 186.378
28.3 184.828
28.31 183.75
28.32 182.567
28.33 181.332
28.34 180.985
28.35 180.985
28.36 180.844
28.37 180.123
28.38 180
28.39 180.17
28.4 180.54
28.41 181.183
28.42 181.958
28.43 182.017
28.44 182.017
28.45 182.017
28.46 182.116
28.47 182.231
28.48 182.231
28.49 182.231
28.5 182.231
28.51 181.731
28.52 181.781
28.53 182.16
28.54 181.918
28.55 181.731
28.56 181.357
28.57 180.799
28.58 180.307
28.59 180.477
28.6 181.143
28.61 180.738
28.62 180
28.63 180
28.64 180
28.65 180
28.66 180
28.67 180
28.68 180.738
28.69 180.738
28.7 180.837
28.71 181.299
28.72 181.452
28.73 181.525
28.74 181.744
28.75 182.119
28.76 182.696
28.77 182.988
28.78 183.14
28.79 182.231
28.8 182.988
28.81 182.988
28.82 182.231
28.83 182.231
28.84 182.081
28.85 182.095
28.86 182.231
28.87 182.332
28.88 182.498
28.89 182.586
28.9 182.675
28.91 182.703
28.92 182.409
28.93 182.231
28.94 181.981
28.95 181.757
28.96 181.588
28.97 181.068
28.98 180.789
28.99 180.818
29 180.938
29.01 181.007
29.02 181.121
29.03 181.162
29.04 181.449
29.05 181.613
29.06 181.856
29.07 182.231
29.08 180.738
29.09 182.231
29.1 182.533
29.11 182.533
29.12 182.533
29.13 182.533
29.14 182.533
29.15 182.533
29.16 182.533
29.17 183.75
29.18 181.695
29.19 180.655
29.2 180
29.21 180.294
29.22 180.491
29.23 180.738
29.24 180.844
29.25 181.134
29.26 181.034
29.27 181.233
29.28 181.878
29.29 182.231
29.3 182.399
29.31 182.343
29.32 182.111
29.33 182.035
29.34 181.856
29.35 181.285
29.36 179.674
29.37 175
29.38 175.464
29.39 175.464
29.4 175.464
29.41 173.622
29.42 173.622
29.43 173.622
29.44 173.622
29.45 173.168
29.46 172.266
29.47 168.321
29.48 168.321
29.49 168.321
29.5 162.731
29.51 162.731
29.52 145.865
29.53 142.029
29.54 140.895
29.55 140.895
29.56 130.861
29.57 130.861
29.58 120.492
29.59 120.492
29.6 113.66
29.61 113.66
29.62 111.364
29.63 111.364
29.64 111.364
29.65 114.844
29.66 114.844
29.67 114.844
29.68 0
29.69 0
29.7 0
29.71 0
29.72 0
29.73 0
29.74 0
29.75 0
29.76 0
29.77 658.209
29.78 0
29.79 0
29.8 0
29.81 0
29.82 0
29.83 0
29.84 0
29.85 0
29.86 0
29.87 0
29.88 0
29.89 103.521
29.9 0
29.91 74.3676
29.92 0
29.93 306.25
29.94 0
29.95 373.729
29.96 0
29.97 183.75
29.98 182.231
29.99 178.977
30 178.623
30.01 177.823
30.02 178.11
30.03 178.11
30.04 178.11
30.05 179.086
30.06 179.755
30.07 179.593
30.08 179.831
30.09 180.092
30.1 180.201
30.11 180.105
30.12 179.755
30.13 179.755
30.14 179.961
30.15 180.147
30.16 180.349
30.17 180.349
30.18 180.349
30.19 180.349
30.2 180.349
30.21 0
30.22 141.649
30.23 0
30.24 0
30.25 0
30.26 69.7785
30.27 0
30.28 70.8244
30.29 70.8244
30.3 71.2056
30.31 76.0345
30.32 72.1768
30.33 72.1768
30.34 78.1915
30.35 79.089
30.36 79.089
30.37 79.089
30.38 0
30.39 39.7297
30.4 39.7297
30.41 39.7297
30.42 0
30.43 168
30.44 0
30.45 41.2612
30.46 0
30.47 169.398
30.48 169.802
30.49 169.779
30.5 170.176
30.51 169.942
30.52 171.595
30.53 171.373
30.54 171.31
30.55 171.429
30.56 171.595
30.57 173.168
30.58 173.622
30.59 174.538
30.6 174.723
30.61 175.418
30.62 175.38
30.63 175.967
30.64 175.897
30.65 176.024
30.66 176.292
30.67 176.282
30.68 175.978
30.69 176.754
30.7 176.872
30.71 176.087
30.72 175.174
30.73 174.538
30.74 174.653
30.75 174.893
30.76 175
30.77 175.093
30.78 175.348
30.79 175.507
30.8 175.634
30.81 176.016
30.82 176.282
30.83 176.602
30.84 176.777
30.85 176.966
30.86 177.061
30.87 177.02
30.88 177.108
30.89 177.156
30.9 177.061
30.91 176.966
30.92 176.842
30.93 176.777
30.94 176.777
30.95 176.683
30.96 177.108
30.97 176.777
30.98 176.966
30.99 176.966
31 177.108
31.01 177.108
31.02 177.108
31.03 177.251
31.04 177.465
31.05 176.804
31.06 177.536
31.07 177.823
31.08 178.302
31.09 178.543
31.1 179.268
31.11 178.439
31.12 178.302
31.13 178.215
31.14 178.154
31.15 178.11
31.16 178.206
31.17 178.11
31.18 178.092
31.19 177.912
31.2 178.206
31.21 178.398
31.22 178.591
31.23 178.814
31.24 178.977
31.25 179.044
31.26 179.136
31.27 179.268
31.28 179.268
31.29 179.686
31.3 179.853
31.31 179.817
31.32 179.56
31.33 178.841
31.34 178.945
31.35 179.011
31.36 178.926
31.37 179.477
31.38 177.823
31.39 178.182
31.4 178.543
31.41 178.723
31.42 178.977
31.43 179.026
31.44 179.044
31.45 179.074
31.46 179.268
31.47 179.268
31.48 179.268
31.49 179.074
31.5 178.933
31.51 178.933
31.52 178.233
31.53 177.933
31.54 177.602
31.55 177.346
31.56 177.197
31.57 177.061
31.58 176.905
31.59 176.872
31.6 176.824
31.61 176.872
31.62 177.108
31.63 178.543
31.64 178.543
31.65 179.026
31.66 179.06
31.67 179.086
31.68 178.977
31.69 179.026
31.7 178.957
31.71 179.074
31.72 179.044
31.73 179.004
31.74 178.977
31.75 179.086
31.76 179.026
31.77 179.268
31.78 179.451
31.79 179.56
31.8 179.755
31.81 180.738
31.82 180.738
31.83 178.905
31.84 177.108
31.85 175
31.86 146.026
31.87 146.026
31.88 146.026
31.89 146.026
31.9 146.026
31.91 0
31.92 0
31.93 245
31.94 0
31.95 168.321
31.96 0
31.97 0
31.98 260.638
31.99 0
32 0
32.01 0
32.02 441
32.03 0
32.04 172.266
32.05 172.603
32.06 173.349
32.07 174.136
32.08 174.584
32.09 175.418
32.1 175.697
32.11 176.282
32.12 176.777
32.13 177.376
32.14 177.898
32.15 178.462
32.16 179.106
32.17 179.633
32.18 179.884
32.19 180.073
32.2 180.477
32.21 180.837
32.22 180.837
32.23 179.853
32.24 179.56
32.25 179.56
32.26 180
32.27 180
32.28 179.755
32.29 179.686
32.3 179.686
32.31 179.755
32.32 180.245
32.33 180.245
32.34 180.245
32.35 180.245
32.36 180.245
32.37 0
32.38 60.2276
32.39 60.3077
32.4 60.3077
32.41 0
32.42 60.4662
32.43 60.4662
32.44 60.4662
32.45 60.4662
32.46 60.4662
32.47 0
32.48 165.014
32.49 165.014
32.5 165.014
32.51 162.731
32.52 162.731
32.53 161.962
32.54 160.447
32.55 160.218
32.56 156.828
32.57 157.126
32.58 156.542
32.59 156.542
32.6 156.542
32.61 156.542
32.62 154.873
32.63 152.219
32.64 151.157
32.65 151.157
32.66 151.157
32.67 151.157
32.68 151.157
32.69 144.222
32.7 145.385
32.71 145.833
32.72 145.833
32.73 146.269
32.74 146.609
32.75 146.609
32.76 147
32.77 147
32.78 147
32.79 147
32.8 147
32.81 147.327
32.82 147.492
32.83 147.492
32.84 147.739
32.85 147.739
32.86 147.987
32.87 147.987
32.88 147.987
32.89 148.152
32.9 148.235
32.91 148.385
32.92 148.385
32.93 148.385
32.94 147.788
32.95 146.837
32.96 146.837
32.97 145.625
32.98 145.833
32.99 146.303
33 146.303
33.01 146.269
33.02 146.442
33.03 146.674
33.04 146.674
33.05 146.442
33.06 146.269
33.07 146.35
33.08 146.101
33.09 146.303
33.1 146.134
33.11 146.123
33.12 146.123
33.13 146.123
33.14 146.172
33.15 146.075
33.16 146.026
33.17 145.725
33.18 145.365
33.19 145.066
33.2 144.907
33.21 144.118
33.22 143.415
33.23 143.515
33.24 143.531
33.25 143.695
33.26 143.789
33.27 143.976
33.28 144.203
33.29 144.289
33.3 144.554
33.31 144.466
33.32 144.314
33.33 144
33.34 143.904
33.35 143.563
33.36 143.14
33.37 142.929
33.38 142.626
33.39 142.488
33.4 142.488
33.41 142.488
33.42 142.851
33.43 142.851
33.44 142.652
33.45 142.811
33.46 143.182
33.47 144.039
33.48 143.93
33.49 144.065
33.5 144.118
33.51 144.354
33.52 144.59
33.53 144.59
33.54 144.669
33.55 144.432
33.56 144.375
33.57 144.314
33.58 144.501
33.59 144.507
33.6 144.543
33.61 144.568
33.62 144.59
33.63 144.748
33.64 144.965
33.65 145.129
33.66 145.066
33.67 145.066
33.68 145.066
33.69 145.73
33.7 146.197
33.71 146.35
33.72 148.216
33.73 152.595
33.74 156.26
33.75 160.949
33.76 160.949
33.77 153.837
33.78 151.442
33.79 151.442
33.8 151.442
33.81 151.442
33.82 151.442
33.83 151.442
33.84 149.239
33.85 150.821
33.86 150.821
33.87 150.821
33.88 150.821
33.89 150.821
33.9 159.206
33.91 159.206
33.92 0
33.93 0
33.94 159.898
33.95 159.898
33.96 159.898
33.97 0
33.98 163.092
33.99 158.254
34 158.254
34.01 0
34.02 155.83
34.03 154.556
34.04 152.595
34.05 153.125
34.06 149.239
34.07 149.239
34.08 137.383
34.09 137.383
34.1 137.383
34.11 137.383
34.12 137.383
34.13 137.383
34.14 0
34.15 95.4545
34.16 95.3514
34.17 95.3514
34.18 95.1603
34.19 94.7165
34.2 95.5373
34.21 95.5373
34.22 95.5373
34.23 116.053
34.24 104.009
34.25 104.009
34.26 104.009
34.27 104.009
34.28 0
34.29 184.519
34.3 0
34.31 0
34.32 475.899
34.33 0
34.34 0
34.35 0
34.36 0
34.37 0
34.38 261.168
34.39 258.398
34.4 255.208
34.41 255.208
34.42 255.208
34.43 255.208
34.44 255.208
34.45 0
34.46 464.211
34.47 464.211
34.48 464.211
34.49 0
34.5 0
34.51 0
34.52 123.876
34.53 0
34.54 0
34.55 0
34.56 0
34.57 0
34.58 735
34.59 787.5
34.6 787.5
34.61 0
34.62 0
34.63 0
34.64 0
34.65 0
34.66 0
34.67 0
34.68 196.875
34.69 169.615
34.7 158.254
34.71 161.117
34.72 156.787
34.73 156.383
34.74 153.888
34.75 153.888
34.76 153.888
34.77 153.888
34.78 153.888
34.79 151.258
34.8 151.258
34.81 151.258
34.82 151.258
34.83 137.812
34.84 138.555
34.85 138.555
34.86 139.557
34.87 140.745
34.88 141.573
34.89 143.182
34.9 143.648
34.91 147.492
34.92 147.492
34.93 148.986
34.94 150.512
34.95 152.244
34.96 153.125
34.97 154.628
34.98 156.542
34.99 156.542
35 158.633
35.01 159.35
35.02 159.898
35.03 162.132
35.04 162.252
35.05 162.664
35.06 163.603
35.07 163.636
35.08 163.636
35.09 163.854
35.1 164.963
35.11 166.102
35.12 169.095
35.13 173.964
35.14 174.171
35.15 174.802
35.16 175.154
35.17 175.507
35.18 175.814
35.19 175.998
35.2 176.4
35.21 176.4
35.22 176.541
35.23 176.557
35.24 176.577
35.25 176.577
35.26 176.577
35.27 176.4
35.28 175.597
35.29 175.619
35.3 175.398
35.31 175.597
35.32 176.087
35.33 176.657
35.34 177.054
35.35 177.21
35.36 177.823
35.37 178.302
35.38 178.543
35.39 178.905
35.4 179.268
35.41 179.451
35.42 179.477
35.43 179.56
35.44 179.268
35.45 176.754
35.46 176.4
35.47 176.4
35.48 176.602
35.49 176.714
35.5 177.044
35.51 177.273
35.52 177.536
35.53 177.727
35.54 178.014
35.55 178.092
35.56 178.182
35.57 178.302
35.58 178.206
35.59 178.014
35.6 177.912
35.61 177.554
35.62 177.251
35.63 177.163
35.64 177.108
35.65 177.108
35.66 176.931
35.67 176.872
35.68 176.804
35.69 176.636
35.7 176.754
35.71 176.087
35.72 176.714
35.73 176.636
35.74 176.754
35.75 176.872
35.76 177.173
35.77 177.108
35.78 177.108
35.79 177.562
35.8 177.346
35.81 177.618
35.82 177.21
35.83 176.872
35.84 176.199
35.85 175.597
35.86 175.348
35.87 175.464
35.88 175.464
35.89 175.464
35.9 175.464
35.91 175.522
35.92 175.464
35.93 175.998
35.94 176.4
35.95 176.4
35.96 176.683
35.97 176.4
35.98 176.4
35.99 176.4
36 176.243
36.01 176.657
36.02 177.108
36.03 176.657
36.04 176.824
36.05 176.931
36.06 176.931
36.07 176.931
36.08 177.393
36.09 177.346
36.1 177.346
36.11 176.636
36.12 176.518
36.13 176.4
36.14 176.272
36.15 176.272
36.16 176.272
36.17 176.259
36.18 176.4
36.19 176.518
36.2 176.726
36.21 176.915
36.22 176.99
36.23 177.054
36.24 177.054
36.25 177.054
36.26 177.173
36.27 177.21
36.28 177.108
36.29 177.251
36.3 177.346
36.31 178.784
36.32 178.784
36.33 178.784
36.34 178.784
36.35 157.5
36.36 157.5
36.37 157.5
36.38 0
36.39 0
36.4 0
36.41 0
36.42 0
36.43 264.072
36.44 258.398
36.45 258.398
36.46 0
36.47 0
36.48 0
36.49 170.6
36.5 171.31
36.51 171.373
36.52 172.473
36.53 172.715
36.54 172.981
36.55 173.622
36.56 173.766
36.57 174.033
36.58 174.653
36.59 174.171
36.6 173.964
36.61 173.871
36.62 173.938
36.63 173.485
36.64 174.014
36.65 173.964
36.66 174.044
36.67 173.964
36.68 175
36.69 175.513
36.7 175.513
36.71 175.513
36.72 175.513
36.73 175.775
36.74 175.775
36.75 175.697
36.76 175.888
36.77 175.859
36.78 175.174
36.79 175.174
36.8 175.199
36.81 174.604
36.82 174.423
36.83 173.622
36.84 170.402
36.85 168.137
36.86 165.541
36.87 164.124
36.88 163.333
36.89 162.291
36.9 161.657
36.91 161.877
36.92 161.22
36.93 159.494
36.94 158.178
36.95 158.178
36.96 158.178
36.97 158.178
36.98 158.178
36.99 154.196
37 154.196
37.01 0
37.02 150.683
37.03 142.258
37.04 142.258
37.05 142.258
37.06 142.258
37.07 142.411
37.08 142.718
37.09 142.976
37.1 143.351
37.11 143.415
37.12 143.57
37.13 144.118
37.14 144.354
37.15 144.7
37.16 144.919
37.17 144.862
37.18 144.685
37.19 144.327
37.2 144.34
37.21 143.765
37.22 143.765
37.23 143.389
37.24 143.389
37.25 143.389
37.26 143.389
37.27 143.389
37.28 143.259
37.29 143.492
37.3 143.492
37.31 143.648
37.32 143.606
37.33 143.909
37.34 144.275
37.35 144.709
37.36 145.013
37.37 145.209
37.38 145.385
37.39 145.385
37.4 145.36
37.41 145.465
37.42 145.434
37.43 145.305
37.44 145.066
37.45 144.907
37.46 144.773
37.47 144.669
37.48 144.748
37.49 144.748
37.5 144.7
37.51 144.773
37.52 145.066
37.53 145.066
37.54 145.425
37.55 145.763
37.56 146.026
37.57 145.966
37.58 146.101
37.59 146.175
37.6 146.25
37.61 146.107
37.62 146.101
37.63 146.026
37.64 145.952
37.65 145.865
37.66 145.582
37.67 145.385
37.68 145.339
37.69 145.305
37.7 145.172
37.71 145.022
37.72 145.022
37.73 144.875
37.74 144.947
37.75 144.887
37.76 144.97
37.77 145.066
37.78 145.385
37.79 145.625
37.8 145.737
37.81 146.234
37.82 146.431
37.83 146.837
37.84 146.837
37.85 147.295
37.86 147.164
37.87 147.245
37.88 146.674
37.89 146.674
37.9 146.317
37.91 146.096
37.92 146.08
37.93 145.966
37.94 145.966
37.95 145.966
37.96 145.888
37.97 145.946
37.98 145.93
37.99 146.188
38 146.512
38.01 146.512
38.02 146.512
38.03 146.512
38.04 150.732
38.05 152.595
38.06 153.888
38.07 155.72
38.08 151.027
38.09 151.027
38.1 151.027
38.11 162.132
38.12 162.132
38.13 162.132
38.14 162.132
38.15 0
38.16 490
38.17 459.375
38.18 459.375
38.19 0
38.2 154.196
38.21 154.196
38.22 157.033
38.23 152.2
38.24 153.552
38.25 154.846
38.26 155.45
38.27 155.45
38.28 156.94
38.29 156.86
38.3 156.94
38.31 155.739
38.32 155.204
38.33 154.316
38.34 153.498
38.35 151.938
38.36 151.499
38.37 151.077
38.38 150.539
38.39 149.323
38.4 147.987
38.41 146.633
38.42 148.485
38.43 148.485
38.44 148.485
38.45 148.485
38.46 148.485
38.47 0
38.48 572.727
38.49 630
38.5 612.5
38.51 612.5
38.52 612.5
38.53 0
38.54 199.247
38.55 197.758
38.56 206.075
38.57 208.019
38.58 210
38.59 220.5
38.6 220.5
38.61 220.5
38.62 220.5
38.63 220.5
38.64 0
38.65 0
38.66 0
38.67 157.051
38.68 157.051
38.69 155.556
38.7 155.556
38.71 155.556
38.72 165.169
38.73 165.169
38.74 0
38.75 0
38.76 0
38.77 0
38.78 0
38.79 0
38.8 0
38.81 0
38.82 0
38.83 0
38.84 0
38.85 0
38.86 0
38.87 335.543
38.88 0
38.89 0
38.9 183.75
38.91 0
38.92 0
38.93 0
38.94 380.172
38.95 0
38.96 0
38.97 112.5
38.98 0
38.99 204.167
39 0
39.01 0
39.02 0
39.03 0
39.04 64.2857
39.05 63.5447
39.06 63.5447
39.07 0
39.08 62.642
39.09 0
39.1 63.1805
39.11 0
39.12 132.036
39.13 133.313
39.14 133.313
39.15 139.557
39.16 140.895
39.17 141.71
39.18 147.987
39.19 148.986
39.2 149.745
39.21 148.986
39.22 151.286
39.23 152.701
39.24 153.837
39.25 153.837
39.26 155.438
39.27 155.438
39.28 161.894
39.29 162.931
39.3 162.931
39.31 164.062
39.32 166.625
39.33 168.321
39.34 168.642
39.35 168.966
39.36 169.615
39.37 170.27
39.38 170.49
39.39 171.134
39.4 172.021
39.41 172.511
39.42 173.213
39.43 174.723
39.44 175.507
39.45 175.931
39.46 176.118
39.47 176.087
39.48 175.978
39.49 176.151
39.5 175.697
39.51 175.464
39.52 175.418
39.53 175.418
39.54 175.418
39.55 175.418
39.56 175.309
39.57 175.232
39.58 175.232
39.59 175
39.6 174.884
39.61 175.126
39.62 175.214
39.63 175.371
39.64 175.738
39.65 176.048
39.66 176.212
39.67 176.183
39.68 176.282
39.69 176.292
39.7 176.726
39.71 177.108
39.72 177.21
39.73 177.465
39.74 177.823
39.75 177.823
39.76 180.368
39.77 180.368
39.78 169.058
39.79 168.75
39.8 168.75
39.81 169.182
39.82 169.182
39.83 169.802
39.84 168
39.85 168
39.86 168
39.87 168
39.88 168
39.89 0
39.9 59.9185
39.91 0
39.92 120.695
39.93 120.932
39.94 120.657
39.95 121.376
39.96 120.432
39.97 121.087
39.98 121.087
39.99 121.154
40 121.154
40.01 120.204
40.02 119.744
40.03 119.837
40.04 119.93
40.05 119.93
40.06 119.783
40.07 119.783
40.08 120.163
40.09 120.163
40.1 120.163
40.11 0
40.12 176.931
40.13 178.977
40.14 178.11
40.15 176.4
40.16 177.823
40.17 176.754
40.18 175.557
40.19 174.407
40.2 174.407
40.21 175.697
40.22 174.308
40.23 173.111
40.24 173.168
40.25 172.098
40.26 171.691
40.27 171.691
40.28 172.266
40.29 172.715
40.3 173.168
40.31 177.644
40.32 177.644
40.33 177.644
40.34 175
40.35 175
40.36 175
40.37 175
40.38 175
40.39 175
40.4 0
40.41 176.617
40.42 176.494
40.43 176.577
40.44 176.588
40.45 176.617
40.46 176.4
40.47 176.4
40.48 176.087
40.49 175.872
40.5 175.872
40.51 175.872
40.52 175.872
40.53 176.224
40.54 176.224
40.55 176.224
40.56 176.4
40.57 176.528
40.58 176.528
40.59 176.541
40.6 176.541
40.61 176.577
40.62 176.636
40.63 176.4
40.64 176.4
40.65 176.4
40.66 176.4
40.67 176.4
40.68 176.4
40.69 177.108
40.7 177.007
40.71 175.597
40.72 177.21
40.73 175.697
40.74 175
40.75 175
40.76 174.861
40.77 174.861
40.78 174.861
40.79 175
40.8 174.481
40.81 174.481
40.82 174.481
40.83 174.481
40.84 174.481
40.85 0
40.86 60.3558
40.87 0
40.88 60.3058
40.89 60.3448
40.9 60.3944
40.91 60.411
40.92 60.3118
40.93 60.3926
40.94 60.3926
40.95 60.2459
40.96 60.2459
40.97 60.1637
40.98 60.0817
40.99 60.0584
41 60
41.01 59.8209
41.02 59.8209
41.03 59.8209
41.04 60.3959
41.05 60.0817
41.06 60.0817
41.07 59.2742
41.08 59.2742
41.09 59.2742
41.1 59.2742
41.11 59.2742
41.12 59.2742
41.13 59.2742
41.14 59.2742
41.15 59.2742
41.16 59.2742
41.17 59.2742
41.18 59.2742
41.19 0
41.2 184.519
41.21 181.856
41.22 179.268
41.23 178.543
41.24 178.543
41.25 191.185
41.26 173.622
41.27 173.622
41.28 172.266
41.29 173.622
41.3 174.748
41.31 175
41.32 175.185
41.33 175.734
41.34 175.837
41.35 176.189
41.36 176.189
41.37 176.467
41.38 177.55
41.39 177.907
41.4 177.907
41.41 178.11
41.42 178.11
41.43 177.303
41.44 176.4
41.45 175.435
41.46 175.214
41.47 175.321
41.48 175.785
41.49 175.903
41.5 175.96
41.51 176.048
41.52 176.224
41.53 177.644
41.54 177.644
41.55 177.644
41.56 177.644
41.57 177.644
41.58 175.837
41.59 175.837
41.6 0
41.61 641.866
41.62 661.5
41.63 661.5
41.64 0
41.65 176.557
41.66 177.108
41.67 177.071
41.68 177.071
41.69 177.197
41.7 177.414
41.71 177.703
41.72 177.692
41.73 177.584
41.74 177.346
41.75 177.303
41.76 177.163
41.77 177.156
41.78 177.163
41.79 177.163
41.8 176.99
41.81 177.108
41.82 177.492
41.83 177.966
41.84 178.062
41.85 178.376
41.86 178.376
41.87 178.598
41.88 178.543
41.89 178.608
41.9 178.462
41.91 178.462
41.92 178.462
41.93 178.462
41.94 178.462
41.95 180
41.96 180.057
41.97 180.368
41.98 180.184
41.99 180.184
42 180.409
42.01 181.432
42.02 179.56
42.03 180.396
42.04 180.201
42.05 180.573
42.06 180.573
42.07 180.573
42.08 180.573
42.09 180.573
42.1 0
42.11 61.1015
42.12 0
42.13 61.0803
42.14 0
42.15 93.8797
42.16 93.8797
42.17 94.0299
42.18 93.4322
42.19 93.4322
42.2 93.4322
42.21 93.4322
42.22 0
42.23 522.925
42.24 520.866
42.25 520.354
42.26 520.354
42.27 520.354
42.28 520.866
42.29 520.354
42.3 520.866
42.31 520.354
42.32 520.354
42.33 520.354
42.34 520.354
42.35 520.354
42.36 0
42.37 179.667
42.38 0
42.39 89.8026
42.4 90
42.41 90.0408
42.42 90.1577
42.43 90.8476
42.44 91.1157
42.45 91.4938
42.46 91.79
42.47 91.9708
42.48 92.5175
42.49 92.6825
42.5 92.6471
42.51 92.686
42.52 92.6146
42.53 92.5274
42.54 92.4528
42.55 92.2594
42.56 91.9795
42.57 91.6628
42.58 91.2528
42.59 91.0619
42.6 91.0619
42.61 91.0619
42.62 90.9546
42.63 90.9546
42.64 90.9546
42.65 91.875
42.66 91.875
42.67 91.875
42.68 91.875
42.69 92.163
42.7 92.163
42.71 92.163
42.72 88.7324
42.73 84.1603
42.74 84.1603
42.75 84.1603
42.76 84.1603
42.77 0
42.78 125.284
42.79 125.284
42.8 125.284
42.81 0
42.82 565.385
42.83 575.217
42.84 575.217
42.85 580.263
42.86 580.263
42.87 0
42.88 151.157
42.89 151.157
42.9 150.88
42.91 150.88
42.92 156.828
42.93 156.828
42.94 156.828
42.95 156.828
42.96 133.88
42.97 133.88
42.98 133.88
42.99 0
43 534.545
43.01 0
43.02 533.898
43.03 0
43.04 130.783
43.05 130.783
43.06 130.783
43.07 133.636
43.08 132.432
43.09 133.636
43.1 133.636
43.11 133.636
43.12 0
43.13 534.083
43.14 534.083
43.15 534.083
43.16 0
43.17 537.805
43.18 537.805
43.19 537.805
43.2 0
43.21 43.6058
43.22 0
43.23 104.009
43.24 0
43.25 501.136
43.26 501.136
43.27 501.136
43.28 501.136
43.29 501.136
43.3 0
43.31 72.8754
43.32 0
43.33 144.432
43.34 142.917
43.35 142.917
43.36 0
43.37 588
43.38 588
43.39 588
43.4 588
43.41 588
43.42 588
43.43 588
43.44 588
43.45 588
43.46 588
43.47 588
43.48 0
43.49 140.895
43.5 140.772
43.51 140.895
43.52 140.895
43.53 140.929
43.54 141.088
43.55 141.195
43.56 141.195
43.57 141.195
43.58 141.606
43.59 141.606
43.6 141.606
43.61 141.606
43.62 143.259
43.63 143.973
43.64 144.78
43.65 144.72
43.66 144.275
43.67 144.289
43.68 144.408
43.69 144.481
43.7 144.481
43.71 144.375
43.72 144.196
43.73 144.263
43.74 144.263
43.75 144.32
43.76 144.562
43.77 144.408
43.78 144.547
43.79 144.547
43.8 144.547
43.81 144.547
43.82 144.547
43.83 0
43.84 625.532
43.85 0
43.86 628.006
43.87 0
43.88 630
43.89 0
43.9 145.321
43.91 145.129
43.92 144.93
43.93 144.768
43.94 144.709
43.95 144.622
43.96 144.538
43.97 144.495
43.98 144.495
43.99 144.504
44 144.511
44.01 144.522
44.02 144.776
44.03 144.737
44.04 144.943
44.05 145.189
44.06 145.297
44.07 145.321
44.08 145.442
44.09 145.582
44.1 145.598
44.11 145.618
44.12 145.676
44.13 145.449
44.14 144.907
44.15 144.849
44.16 144.776
44.17 144.693
44.18 144.735
44.19 144.815
44.2 144.975
44.21 145.19
44.22 145.293
44.23 145.598
44.24 145.573
44.25 145.573
44.26 145.613
44.27 145.508
44.28 145.185
44.29 145.066
44.3 144.907
44.31 144.118
44.32 144.118
44.33 144.118
44.34 143.182
44.35 143.182
44.36 144.118
44.37 147
44.38 142.996
44.39 140.895
44.4 140.895
44.41 136.533
44.42 136.533
44.43 142.075
44.44 143.182
44.45 140.625
44.46 142.258
44.47 143.182
44.48 142.258
44.49 142.873
44.5 144.97
44.51 146.188
44.52 147.656
44.53 149.275
44.54 151.222
44.55 153.013
44.56 155.063
44.57 157.5
44.58 157.632
44.59 158.348
44.6 159.398
44.61 159.927
44.62 160.105
44.63 160.949
44.64 160.558
44.65 160.558
44.66 161.145
44.67 161.145
44.68 162.731
44.69 162.731
44.7 162.731
44.71 162.731
44.72 162.731
44.73 0
44.74 161.573
44.75 0
44.76 108.52
44.77 107.923
44.78 109.26
44.79 109.004
44.8 109.004
44.81 109.004
44.82 109.004
44.83 0
44.84 162.047
44.85 162.356
44.86 163.426
44.87 163.333
44.88 163.333
44.89 163.333
44.9 163.333
44.91 163.333
44.92 163.333
44.93 163.333
44.94 163.333
44.95 163.333
44.96 0
44.97 55.4484
44.98 0
44.99 84.0534
45 0
45.01 167.59
45.02 165.08
45.03 165.08
45.04 159.783
45.05 159.654
45.06 159.014
45.07 159.014
45.08 159.014
45.09 159.162
45.1 159.206
45.11 159.206
45.12 159.302
45.13 158.737
45.14 160.247
45.15 161.792
45.16 161.454
45.17 161.736
45.18 161.117
45.19 161.454
45.2 161.454
45.21 160.949
45.22 162.331
45.23 161.792
45.24 162.331
45.25 161.657
45.26 161.538
45.27 163.864
45.28 161.736
45.29 162.132
45.3 162.132
45.31 162.132
45.32 160.558
45.33 160.558
45.34 160.558
45.35 160.558
45.36 160.558
45.37 0
45.38 159.288
45.39 0
45.4 160.949
45.41 158.824
45.42 160.015
45.43 160.015
45.44 159.783
45.45 159.783
45.46 159.783
45.47 160.364
45.48 160.364
45.49 159.783
45.5 161.341
45.51 161.341
45.52 161.341
45.53 161.341
45.54 161.341
45.55 0
45.56 40.3477
45.57 0
45.58 40.0909
45.59 40.0909
45.6 40.0909
45.61 0
45.62 159.59
45.63 162.132
45.64 166.905
45.65 205.435
45.66 203.226
45.67 198.351
45.68 190.36
45.69 180.738
45.7 179.026
45.71 178.182
45.72 177.251
45.73 176.518
45.74 176.292
45.75 176.299
45.76 176.048
45.77 175.574
45.78 174.802
45.79 175.174
45.8 175.164
45.81 175.327
45.82 175.522
45.83 175.751
45.84 176.703
45.85 177.536
45.86 179.026
45.87 180.738
45.88 180.738
45.89 180.738
45.9 180.738
45.91 180.738
45.92 180.738
45.93 180.738
45.94 180.738
45.95 179.268
45.96 180.526
45.97 180.738
45.98 180.793
45.99 181.023
46 181.06
46.01 180.886
46.02 180.972
46.03 181.068
46.04 181.521
46.05 182.399
46.06 183.108
46.07 183.75
46.08 185.294
46.09 185.294
46.1 185.294
46.11 185.294
46.12 185.684
46.13 185.815
46.14 185.294
46.15 185.011
46.16 185.011
46.17 184.777
46.18 184.697
46.19 184.697
46.2 183.868
46.21 183.205
46.22 182.42
46.23 182.081
46.24 181.709
46.25 181.556
46.26 181.481
46.27 181.631
46.28 181.709
46.29 181.753
46.3 181.678
46.31 181.631
46.32 181.414
46.33 181.588
46.34 181.931
46.35 182.533
46.36 183.241
46.37 182.919
46.38 182.748
46.39 182.42
46.4 182.303
46.41 181.893
46.42 181.481
46.43 181.048
46.44 180.777
46.45 180.163
46.46 179.686
46.47 179.44
46.48 179.401
46.49 179.602
46.5 179.703
46.51 179.793
46.52 180.147
46.53 180.479
46.54 180.95
46.55 181.323
46.56 181.781
46.57 182.347
46.58 182.494
46.59 182.735
46.6 182.903
46.61 182.819
46.62 181.915
46.63 180.294
46.64 180.294
46.65 175
46.66 175
46.67 170.27
46.68 166.206
46.69 166.206
46.7 166.206
46.71 166.206
46.72 166.206
46.73 162.132
46.74 166.102
46.75 163.333
46.76 158.065
46.77 158.065
46.78 158.065
46.79 158.065
46.8 135.276
46.81 135.276
46.82 112.82
46.83 128.447
46.84 127.641
46.85 131.25
46.86 131.25
46.87 131.25
46.88 131.25
46.89 131.25
46.9 131.25
46.91 0
46.92 181.109
46.93 180.738
46.94 180.738
46.95 177.108
46.96 177.108
46.97 0
46.98 0
46.99 0
47 0
47.01 0
47.02 0
47.03 0
47.04 0
47.05 0
47.06 0
47.07 0
47.08 0
47.09 0
47.1 0
47.11 0
47.12 0
47.13 531.325
47.14 482.847
47.15 482.847
47.16 0
47.17 0
47.18 0
47.19 96.7105
47.2 96.7105
47.21 96.7105
47.22 0
47.23 96.7105
47.24 96.7105
47.25 96.7105
47.26 0
47.27 0
47.28 0
47.29 0
47.3 0
47.31 80.2791
47.32 0
47.33 71.8241
47.34 70.3349
47.35 70.3349
47.36 0
47.37 0
47.38 180.738
47.39 0
47.4 0
47.41 182.231
47.42 177.108
47.43 170.93
47.44 170.93
47.45 170.93
47.46 168.321
47.47 169.877
47.48 172.266
47.49 172.772
47.5 180.738
47.51 181.233
47.52 182.988
47.53 182.988
47.54 185.294
47.55 185.294
47.56 187.66
47.57 187.66
47.58 187.66
47.59 187.66
47.6 187.66
47.61 0
47.62 149.661
47.63 151.027
47.64 150.585
47.65 152.463
47.66 160.949
47.67 160.949
47.68 160.949
47.69 162.611
47.7 169.29
47.71 170.71
47.72 173.622
47.73 174.079
47.74 174.481
47.75 174.861
47.76 174.874
47.77 175
47.78 175.099
47.79 175.398
47.8 175.859
47.81 176.259
47.82 177.393
47.83 177.432
47.84 178.142
47.85 178.346
47.86 178.487
47.87 178.591
47.88 178.814
47.89 178.977
47.9 179.268
47.91 178.784
47.92 179.268
47.93 179.268
47.94 179.268
47.95 180.738
47.96 179.755
47.97 180.245
47.98 180.245
47.99 180.245
48 181.856
48.01 181.631
48.02 181.481
48.03 181.481
48.04 181.481
48.05 181.481
48.06 181.481
48.07 181.481
48.08 181.731
48.09 181.731
48.1 182.567
48.11 180.573
48.12 180.245
48.13 180.201
48.14 180.844
48.15 180.861
48.16 180.624
48.17 180.51
48.18 180.335
48.19 180.082
48.2 180.105
48.21 180.245
48.22 180.245
48.23 180.368
48.24 182.231
48.25 183.292
48.26 182.836
48.27 182.919
48.28 182.929
48.29 182.879
48.3 182.812
48.31 182.781
48.32 182.684
48.33 182.095
48.34 182.064
48.35 181.802
48.36 181.15
48.37 180.923
48.38 180.738
48.39 180.491
48.4 180.442
48.41 180.442
48.42 180.985
48.43 181.332
48.44 181.769
48.45 181.233
48.46 180.105
48.47 180.368
48.48 180.573
48.49 180.82
48.5 181.233
48.51 181.233
48.52 181.295
48.53 181.295
48.54 180.738
48.55 182.988
48.56 182.988
48.57 182.447
48.58 182.447
48.59 182.447
48.6 180.738
48.61 180.491
48.62 180.923
48.63 180.409
48.64 180.409
48.65 180.738
48.66 180.738
48.67 180.738
48.68 180.738
48.69 180.105
48.7 181.034
48.71 180.368
48.72 178.646
48.73 177.982
48.74 178.687
48.75 178.687
48.76 178.687
48.77 181.109
48.78 179.707
48.79 179.918
48.8 179.123
48.81 179.123
48.82 177.823
48.83 178.002
48.84 178.11
48.85 178.142
48.86 178.142
48.87 181.375
48.88 180.59
48.89 180.82
48.9 180.676
48.91 180.491
48.92 179.56
48.93 179.512
48.94 179.268
48.95 179.026
48.96 178.784
48.97 178.784
48.98 178.543
48.99 178.687
49 179.004
49.01 179.147
49.02 179.39
49.03 179.268
49.04 179.463
49.05 179.633
49.06 179.725
49.07 179.817
49.08 179.853
49.09 179.853
49.1 179.725
49.11 179.725
49.12 179.725
49.13 179.463
49.14 179.755
49.15 179.658
49.16 179.605
49.17 179.933
49.18 179.43
49.19 179.477
49.2 179.512
49.21 180.368
49.22 178.543
49.23 178.543
49.24 177.465
49.25 176.872
49.26 176.872
49.27 176.872
49.28 176.872
49.29 176.872
49.3 0
49.31 60.1911
49.32 60.411
49.33 60.411
49.34 60.4346
49.35 60.4662
49.36 60.7438
49.37 60.6722
49.38 60.5936
49.39 60.48
49.4 60.4561
49.41 60.4275
49.42 60.3779
49.43 60.411
49.44 60.3058
49.45 60.2459
49.46 60.4364
49.47 60.411
49.48 60.4411
49.49 60.4712
49.5 60.6102
49.51 60.5492
49.52 60.6769
49.53 60.5104
49.54 60.6186
49.55 60.6186
49.56 60.6324
49.57 60.6324
49.58 60.9116
49.59 60.9116
49.6 60.9677
49.61 60.9677
49.62 60.9397
49.63 60.8556
49.64 60.878
49.65 60.9116
49.66 60.6769
49.67 60.7159
49.68 60.7717
49.69 60.7438
49.7 60.8556
49.71 61.1556
49.72 61.1311
49.73 61.284
49.74 61.2311
49.75 61.1142
49.76 61.1227
49.77 60.9677
49.78 60.9677
49.79 61.0381
49.8 60.9959
49.81 60.9959
49.82 60.9959
49.83 61.3352
49.84 61.4634
49.85 61.4206
49.86 61.4206
49.87 61.4206
49.88 61.4206
49.89 61.4206
49.9 0
49.91 182.231
49.92 181.958
49.93 181.481
49.94 180.655
49.95 180.655
49.96 179.755
49.97 180.283
49.98 179.707
49.99 179.06
50 178.11
50.01 176.872
50.02 176.4
50.03 168.642
50.04 157.5
50.05 157.5
50.06 157.5
50.07 157.5
50.08 185.294
50.09 185.294
50.1 185.294
50.11 0
50.12 269.915
50.13 269.519
50.14 270.116
50.15 270.116
50.16 272.222
50.17 253.448
50.18 253.448
50.19 239.674
50.2 239.674
50.21 237.95
50.22 236.673
50.23 237.736
50.24 237.608
50.25 237.608
50.26 236.733
50.27 236.733
50.28 236.733
50.29 237.827
50.3 237.522
50.31 237.736
50.32 238.121
50.33 237.827
50.34 237.416
50.35 237.827
50.36 237.827
50.37 237.827
50.38 294
50.39 294
50.4 308.392
50.41 308.392
50.42 308.392
50.43 0
50.44 48.0392
50.45 48.0392
50.46 48.0392
50.47 48.1441
50.48 48.1441
50.49 48.1441
50.5 48.1441
50.51 48.1441
50.52 48.1441
50.53 0
50.54 145.066
50.55 148.986
50.56 152.595
50.57 153.125
50.58 153.125
50.59 152.701
50.6 158.254
50.61 160.114
50.62 161.775
50.63 165.478
50.64 166.373
50.65 167.781
50.66 168.259
50.67 168.769
50.68 169.201
50.69 171.373
50.7 172.434
50.71 176.842
50.72 174.837
50.73 175
50.74 175.464
50.75 175.797
50.76 176.048
50.77 176.602
50.78 177.536
50.79 178.398
50.8 179.268
50.81 179.43
50.82 178.709
50.83 178.709
50.84 178.709
50.85 178.709
50.86 178.376
50.87 178.439
50.88 178.543
50.89 178.398
50.9 178.581
50.91 179.268
50.92 179.477
50.93 179.694
50.94 179.774
50.95 179.971
50.96 179.968
50.97 180.116
50.98 180.624
50.99 180.738
51 180.59
51.01 180.082
51.02 179.593
51.03 179.268
51.04 179.268
51.05 179.268
51.06 179.633
51.07 178.88
51.08 179.268
51.09 178.723
51.1 178.585
51.11 178.755
51.12 178.67
51.13 178.182
51.14 178.362
51.15 177.918
51.16 177.823
51.17 177.227
51.18 176.528
51.19 178.182
51.2 178.11
51.21 180
51.22 179.755
51.23 179.918
51.24 179.918
51.25 180.073
51.26 180.073
51.27 180.073
51.28 180.276
51.29 180.368
51.3 180.315
51.31 179.086
51.32 177.432
51.33 177.536
51.34 178.646
51.35 178.945
51.36 178.832
51.37 178.905
51.38 179.156
51.39 179.268
51.4 179.477
51.41 179.268
51.42 179.39
51.43 179.401
51.44 179.414
51.45 179.512
51.46 179.268
51.47 179.56
51.48 179.268
51.49 178.945
51.5 178.646
51.51 178.543
51.52 178.11
51.53 178.002
51.54 176.048
51.55 177.644
51.56 177.188
51.57 177.679
51.58 177.618
51.59 177.823
51.6 177.273
51.61 177.108
51.62 176.966
51.63 177.692
51.64 177.602
51.65 177.942
51.66 177.703
51.67 178.043
51.68 178.487
51.69 178.543
51.7 178.814
51.71 179.268
51.72 179.463
51.73 179.718
51.74 179.933
51.75 180.245
51.76 180.184
51.77 180.245
51.78 180.368
51.79 180.245
51.8 178.784
51.81 179.895
51.82 180
51.83 180
51.84 180
51.85 181.183
51.86 181.233
51.87 181.233
51.88 181.357
51.89 181.233
51.9 181.233
51.91 181.424
51.92 181.695
51.93 181.909
51.94 182.017
51.95 181.856
51.96 181.931
51.97 181.762
51.98 181.481
51.99 181.375
52 181.375
52.01 181.309
52.02 181.309
52.03 181.143
52.04 181.007
52.05 181.056
52.06 181.143
52.07 181.332
52.08 181.295
52.09 183.096
52.1 182.156
52.11 181.575
52.12 181.016
52.13 180.812
52.14 180.676
52.15 180.844
52.16 180.67
52.17 180.799
52.18 181.171
52.19 180.624
52.2 180.95
52.21 181.695
52.22 181.909
52.23 181.769
52.24 181.588
52.25 181.802
52.26 181.531
52.27 181.762
52.28 181.233
52.29 180.624
52.3 181.268
52.31 181.056
52.32 181.802
52.33 182.58
52.34 182.58
52.35 182.483
52.36 182.717
52.37 182.717
52.38 182.326
52.39 181.731
52.4 180.852
52.41 180.738
52.42 180.335
52.43 180.082
52.44 184.519
52.45 184.949
52.46 185.1
52.47 185.1
52.48 185.223
52.49 185.223
52.5 185.139
52.51 184.605
52.52 184.605
52.53 184.605
52.54 184.605
52.55 0
52.56 90.1472
52.57 0
52.58 179.56
52.59 179.401
52.6 180.082
52.61 180.082
52.62 180.082
52.63 0
52.64 0
52.65 0
52.66 179.895
52.67 0
52.68 178.623
52.69 178.623
52.7 176.824
52.71 176.243
52.72 175.232
52.73 175.232
52.74 175.232
52.75 175.232
52.76 0
52.77 84.6774
52.78 84.6449
52.79 84.375
52.8 84.3535
52.81 84.4181
52.82 84.1603
52.83 84.0961
52.84 83.6812
52.85 83.6812
52.86 83.4174
52.87 83.4174
52.88 83.4174
52.89 83.4174
52.9 83.4174
52.91 0
52.92 40.3741
52.93 0
52.94 0
52.95 40.36
52.96 0
52.97 157.5
52.98 154.466
52.99 152.069
53 147.987
53.01 149.323
53.02 143.182
53.03 143.182
53.04 143.182
53.05 143.182
53.06 143.182
53.07 0
53.08 630
53.09 0
53.1 196.374
53.11 193.988
53.12 180.738
53.13 173.622
53.14 173.622
53.15 145.066
53.16 139.557
53.17 151.027
53.18 151.027
53.19 151.027
53.2 151.027
53.21 151.027
53.22 151.027
53.23 0
53.24 0
53.25 0
53.26 0
53.27 0
53.28 0
53.29 0
53.3 0
53.31 0
53.32 1025.58
53.33 0
53.34 0
53.35 0
53.36 0
53.37 0
53.38 434.483
53.39 0
53.4 0
53.41 341.86
53.42 341.86
53.43 341.86
53.44 0
53.45 135.832
53.46 135.484
53.47 135.484
53.48 130.861
53.49 134.124
53.5 134.124
53.51 134.124
53.52 0
53.53 44.4556
53.54 44.3365
53.55 44.3365
53.56 44.4332
53.57 44.4332
53.58 44.4332
53.59 44.4332
53.6 0
53.61 67.638
53.62 67.638
53.63 67.638
53.64 67.3282
53.65 68.2663
53.66 68.4783
53.67 69.461
53.68 69.5145
53.69 70.0494
53.7 70.2229
53.71 70.2746
53.72 70.2677
53.73 70.2677
53.74 70.2057
53.75 70.1671
53.76 70.1671
53.77 69.9075
53.78 69.8891
53.79 70.1113
53.8 70.1272
53.81 70.1392
53.82 70.2636
53.83 70.2229
53.84 70.1237
53.85 70.1237
53.86 70.1485
53.87 70.1485
53.88 70.1485
53.89 70.1485
53.9 70.1485
53.91 0
53.92 470.326
53.93 468.437
53.94 469.149
53.95 461.594
53.96 458.579
53.97 461.594
53.98 463.835
53.99 468.484
54 471.028
54.01 473.894
54.02 480.218
54.03 483.39
54.04 491.681
54.05 491.681
54.06 491.681
54.07 488.192
54.08 484.261
54.09 484.261
54.1 484.261
54.11 484.261
54.12 484.261
54.13 0
54.14 152.983
54.15 150.472
54.16 150.365
54.17 150.615
54.18 151.581
54.19 151.506
54.2 152.793
54.21 152.793
54.22 152.793
54.23 152.793
54.24 152.793
54.25 0
54.26 461.665
54.27 465.074
54.28 466.173
54.29 466.231
54.3 469.774
54.31 470.579
54.32 483.729
54.33 486.072
54.34 487.048
54.35 487.048
54.36 487.048
54.37 487.048
54.38 482.495
54.39 482.495
54.4 482.495
54.41 0
54.42 492.737
54.43 0
54.44 0
54.45 477.617
54.46 477.75
54.47 477.75
54.48 0
54.49 467.618
54.5 469.149
54.51 469.149
54.52 469.149
54.53 471.658
54.54 463.35
54.55 469.149
54.56 470.579
54.57 471.378
54.58 472.922
54.59 472.922
54.6 477.617
54.61 481.441
54.62 481.441
54.63 501.136
54.64 501.136
54.65 506.897
54.66 506.897
54.67 506.897
54.68 506.897
54.69 506.897
54.7 0
54.71 74.6895
54.72 0
54.73 152.332
54.74 152.069
54.75 151.938
54.76 151.373
54.77 151.235
54.78 151.235
54.79 150.898
54.8 150.569
54.81 150.569
54.82 150
54.83 150
54.84 149.796
54.85 149.898
54.86 150.093
54.87 150.093
54.88 150.113
54.89 150.113
54.9 150.227
54.91 149.564
54.92 149.564
54.93 148.61
54.94 144.59
54.95 144.59
54.96 144.327
54.97 144.59
54.98 144.7
54.99 144.786
55 144.915
55.01 144.842
55.02 144.73
55.03 144.887
55.04 144.939
55.05 144.907
55.06 145.066
55.07 145.066
55.08 145.066
55.09 144.327
55.1 144.327
55.11 144.327
55.12 0
55.13 0
55.14 0
55.15 71.8028
55.16 71.8241
55.17 72.0252
55.18 72.0902
55.19 72.2688
55.2 72.2577
55.21 72.3509
55.22 72.3064
55.23 72.309
55.24 72.2951
55.25 72.2424
55.26 72.1976
55.27 72.2328
55.28 72.4733
55.29 72.3369
55.3 72.3109
55.31 72.3027
55.32 72.3742
55.33 72.4799
55.34 72.4799
55.35 72.4376
55.36 72.4138
55.37 72.4138
55.38 72.4246
55.39 72.39
55.4 72.2951
55.41 72.2063
55.42 72.2359
55.43 72.0925
55.44 72.0925
55.45 72.0981
55.46 72.0588
55.47 72.0588
55.48 72.0294
55.49 72.0118
55.5 71.9413
55.51 72.0294
55.52 72.0327
55.53 72.0327
55.54 71.9947
55.55 72.0392
55.56 72.0588
55.57 72.0353
55.58 72
55.59 71.9648
55.6 71.9178
55.61 71.7604
55.62 71.7657
55.63 71.6967
55.64 71.6167
55.65 71.5577
55.66 71.4517
55.67 71.4517
55.68 71.4517
55.69 71.4517
55.7 71.4517
55.71 71.4517
55.72 0
55.73 140.446
55.74 140.446
55.75 140.202
55.76 140.223
55.77 140.24
55.78 140.297
55.79 140.111
55.8 140.247
55.81 140.545
55.82 140.535
55.83 140.545
55.84 140.97
55.85 141.346
55.86 141.453
55.87 141.801
55.88 141.774
55.89 141.842
55.9 142.091
55.91 142.091
55.92 141.925
55.93 141.925
55.94 141.925
55.95 141.925
55.96 141.925
55.97 141.687
55.98 141.606
55.99 141.606
56 141.606
56.01 0
56.02 573.555
56.03 570.259
56.04 570.259
56.05 0
56.06 142.718
56.07 142.718
56.08 142.784
56.09 142.652
56.1 143.368
56.11 143.368
56.12 143.368
56.13 143.182
56.14 142.95
56.15 142.95
56.16 142.95
56.17 142.873
56.18 142.95
56.19 142.95
56.2 142.996
56.21 143.182
56.22 143.182
56.23 143.027
56.24 142.917
56.25 142.652
56.26 142.652
56.27 142.143
56.28 142.143
56.29 141.573
56.3 141.573
56.31 141.573
56.32 141.744
56.33 141.699
56.34 141.699
56.35 141.725
56.36 141.606
56.37 141.476
56.38 141.346
56.39 141.346
56.4 141.346
56.41 141.346
56.42 141.46
56.43 141.573
56.44 141.594
56.45 141.801
56.46 141.884
56.47 141.71
56.48 141.63
56.49 141.301
56.5 141.223
56.51 141.12
56.52 141.045
56.53 141.045
56.54 140.83
56.55 140.558
56.56 140.595
56.57 140.595
56.58 140.595
56.59 140.595
56.6 0
56.61 70.1113
56.62 70.1485
56.63 70.1485
56.64 0
56.65 141.346
56.66 139.852
56.67 140.895
56.68 140.895
56.69 140.446
56.7 140
56.71 139.852
56.72 140.446
56.73 140.446
56.74 140.446
56.75 141.649
56.76 142.626
56.77 142.929
56.78 143.182
56.79 143.916
56.8 143.992
56.81 144.118
56.82 144.118
56.83 143.824
56.84 143.43
56.85 143.381
56.86 143.381
56.87 143.381
56.88 143.381
56.89 143.381
56.9 143.804
56.91 143.804
56.92 0
56.93 189.18
56.94 0
56.95 189.361
56.96 0
56.97 612.5
56.98 614.634
56.99 612.5
57 612.5
57.01 612.5
57.02 612.5
57.03 612.5
57.04 0
57.05 145.139
57.06 145.066
57.07 144.986
57.08 145.271
57.09 145.321
57.1 145.407
57.11 145.625
57.12 145.705
57.13 145.919
57.14 146.026
57.15 146.026
57.16 146.026
57.17 145.833
57.18 145.676
57.19 145.582
57.2 145.465
57.21 145.125
57.22 144.875
57.23 144.773
57.24 144.547
57.25 144.794
57.26 144.875
57.27 144.998
57.28 144.998
57.29 145.066
57.3 145.286
57.31 145.327
57.32 145.501
57.33 145.833
57.34 145.833
57.35 145.833
57.36 145.066
57.37 145.066
57.38 145.066
57.39 145.066
57.4 0
57.41 615.349
57.42 614.94
57.43 615.609
57.44 615.129
57.45 617.78
57.46 618.637
57.47 619.114
57.48 572.727
57.49 624.057
57.5 613.565
57.51 628.368
57.52 628.368
57.53 630
57.54 630
57.55 630
57.56 630
57.57 632.006
57.58 632.006
57.59 632.006
57.6 0
57.61 144.222
57.62 143.983
57.63 143.415
57.64 143.415
57.65 143.448
57.66 142.258
57.67 140.574
57.68 140.574
57.69 140.574
57.7 140.574
57.71 140.574
57.72 0
57.73 183.453
57.74 183.543
57.75 183.521
57.76 183.669
57.77 183.268
57.78 182.542
57.79 182.231
57.8 182.116
57.81 181.822
57.82 181.304
57.83 180.344
57.84 177.823
57.85 176.199
57.86 176.199
57.87 176.199
57.88 176.199
57.89 176.199
57.9 181.481
57.91 171.595
57.92 180.738
57.93 180.738
57.94 180.738
57.95 179.755
57.96 179.755
57.97 179.755
57.98 0
57.99 495.506
58 0
58.01 290.132
58.02 0
58.03 0
58.04 0
58.05 0
58.06 0
58.07 0
58.08 0
58.09 0
58.1 0
58.11 0
58.12 217.599
58.13 217.028
58.14 209.005
58.15 208.581
58.16 206.075
58.17 206.075
58.18 206.075
58.19 206.075
58.2 206.075
58.21 0
58.22 0
58.23 143.182
58.24 0
58.25 0
58.26 297.973
58.27 0
58.28 134.862
58.29 134.862
58.3 134.862
58.31 0
58.32 47.1658
58.33 47.1658
58.34 48.7832
58.35 48.7832
58.36 49.4395
58.37 49.4395
58.38 50.9532
58.39 50.9827
58.4 51.3268
58.41 52.2512
58.42 52.5835
58.43 52.5835
58.44 52.5835
58.45 52.5835
58.46 52.5835
58.47 0
58.48 0
58.49 163.738
58.5 163.854
58.51 163.854
58.52 0
58.53 164.689
58.54 165.045
58.55 164.921
58.56 165.045
58.57 164.921
58.58 165.169
58.59 165.169
58.6 165.066
58.61 164.992
58.62 165.08
58.63 164.728
58.64 164.552
58.65 163.495
58.66 163.333
58.67 163.147
58.68 162.058
58.69 162.431
58.7 162.132
58.71 161.465
58.72 161.317
58.73 161.909
58.74 162.559
58.75 162.388
58.76 162.531
58.77 160.736
58.78 161.934
58.79 163.199
58.8 163.212
58.81 161.868
58.82 163.576
58.83 163.738
58.84 163.774
58.85 163.941
58.86 163.941
58.87 164.246
58.88 163.434
58.89 164.225
58.9 162.695
58.91 161.276
58.92 160.428
58.93 159.206
58.94 158.796
58.95 159.014
58.96 157.876
58.97 158.776
58.98 158.633
58.99 158.824
59 158.824
59.01 158.796
59.02 158.796
59.03 158.796
59.04 159.049
59.05 158.426
59.06 158.633
59.07 158.841
59.08 158.747
59.09 158.841
59.1 158.709
59.11 158.709
59.12 158.308
59.13 158.824
59.14 158.862
59.15 158.322
59.16 158.919
59.17 158.785
59.18 158.796
59.19 159.288
59.2 159.526
59.21 159.551
59.22 160.04
59.23 159.436
59.24 159.436
59.25 159.062
59.26 158.796
59.27 158.796
59.28 159.014
59.29 158.633
59.3 159.321
59.31 159.206
59.32 160.949
59.33 160.949
59.34 160.949
59.35 160.949
59.36 160.949
59.37 0
59.38 40.3292
59.39 40.3003
59.4 40.3003
59.41 40.274
59.42 40.274
59.43 0
59.44 40.3846
59.45 0
59.46 599.185
59.47 0
59.48 158.633
59.49 0
59.5 0
59.51 158.348
59.52 158.633
59.53 159.551
59.54 159.551
59.55 158.633
59.56 159.091
59.57 159.398
59.58 159.398
59.59 159.398
59.6 159.398
59.61 159.398
59.62 159.398
59.63 159.398
59.64 0
59.65 40.274
59.66 0
59.67 595.946
59.68 595.946
59.69 543.486
59.7 543.486
59.71 532.241
59.72 532.241
59.73 522.925
59.74 510.417
59.75 565.385
59.76 565.385
59.77 565.385
59.78 565.385
59.79 565.385
59.8 565.385
59.81 565.385
59.82 565.385
59.83 580.263
59.84 580.263
59.85 580.263
59.86 580.263
59.87 580.263
59.88 580.263
59.89 580.263
59.9 580.263
59.91 580.263
59.92 0
59.93 168.321
59.94 171.373
59.95 173.964
59.96 174.723
59.97 175.998
59.98 176.872
59.99 177.432
60 177.465
60.01 177.465
60.02 178.084
60.03 178.543
60.04 179.268
60.05 179.512
60.06 180.409
60.07 180.245
60.08 178.543
60.09 178.439
60.1 178.398
60.11 178.277
60.12 178.326
60.13 178.302
60.14 178.165
60.15 178.346
60.16 178.723
60.17 179.086
60.18 180.245
60.19 181.731
60.2 182.339
60.21 182.231
60.22 182.339
60.23 182.339
60.24 182.463
60.25 182.903
60.26 182.988
60.27 181.685
60.28 180.923
60.29 180.645
60.3 180.17
60.31 180
60.32 180.245
60.33 180.553
60.34 180.902
60.35 181.162
60.36 181.273
60.37 181.981
60.38 182.283
60.39 182.596
60.4 182.088
60.41 182.131
60.42 181.931
60.43 181.481
60.44 181.701
60.45 181.731
60.46 181.905
60.47 181.856
60.48 181.856
60.49 182.088
60.5 181.966
60.51 182.124
60.52 182.131
60.53 181.878
60.54 181.836
60.55 181.994
60.56 182.152
60.57 182.231
60.58 182.521
60.59 182.825
60.6 183.329
60.61 183.75
60.62 184.066
60.63 184.314
60.64 184.371
60.65 184.303
60.66 184.379
60.67 184.274
60.68 183.911
60.69 183.283
60.7 183.268
60.71 183.049
60.72 183.326
60.73 183.368
60.74 183.672
60.75 183.999
60.76 184.321
60.77 184.567
60.78 184.662
60.79 184.87
60.8 185.294
60.81 185.606
60.82 184.928
60.83 184.442
60.84 184.615
60.85 184.459
60.86 184.365
60.87 184.104
60.88 184.519
60.89 184.697
60.9 184.712
60.91 184.687
60.92 184.478
60.93 184.57
60.94 184.697
60.95 184.433
60.96 185.919
60.97 184.906
60.98 183.75
60.99 184.365
61 184.365
61.01 184.365
61.02 184.365
61.03 184.365
61.04 184.262
61.05 182.988
61.06 183.024
61.07 183.096
61.08 182.937
61.09 182.988
61.1 182.879
61.11 182.896
61.12 182.951
61.13 182.708
61.14 182.567
61.15 182.514
61.16 182.555
61.17 182.483
61.18 182.643
61.19 182.483
61.2 182.347
61.21 181.981
61.22 182.017
61.23 181.731
61.24 181.549
61.25 181.606
61.26 181.606
61.27 181.606
61.28 181.183
61.29 181.109
61.3 181.233
61.31 181.034
61.32 181.233
61.33 181.424
61.34 181.262
61.35 182.106
61.36 181.183
61.37 181.539
61.38 181.981
61.39 181.931
61.4 181.143
61.41 181.183
61.42 182.064
61.43 181.183
61.44 181.781
61.45 180.245
61.46 180.147
61.47 179.268
61.48 179.268
61.49 178.784
61.5 178.784
61.51 178.853
61.52 178.543
61.53 177.823
61.54 171.096
61.55 169.398
61.56 167.045
61.57 154.466
61.58 146.026
61.59 131.773
61.6 131.773
61.61 131.773
61.62 125.88
61.63 123.46
61.64 121.599
61.65 121.599
61.66 111.929
61.67 107.824
61.68 106.522
61.69 106.522
61.7 99.3243
61.71 99.3243
61.72 99.3243
61.73 99.3243
61.74 99.3243
61.75 0
61.76 180.738
61.77 0
61.78 179.268
61.79 179.268
61.8 179.268
61.81 0
61.82 359.511
61.83 0
61.84 450
61.85 393.75
61.86 393.75
61.87 0
61.88 119.837
61.89 108.265
61.9 107.039
61.91 108.621
61.92 108.621
61.93 108.621
61.94 108.621
61.95 108.621
61.96 108.621
61.97 0
61.98 0
61.99 0
62 0
62.01 0
62.02 0
62.03 179.268
62.04 190.086
62.05 190.086
62.06 0
62.07 253.448
62.08 253.448
62.09 253.448
62.1 253.448
62.11 253.448
62.12 253.448
62.13 253.448
62.14 253.448
62.15 253.448
62.16 0
62.17 0
62.18 0
62.19 132.036
62.2 133.233
62.21 133.233
62.22 0
62.23 0
62.24 0
62.25 55.8228
62.26 0
62.27 55.125
62.28 0
62.29 0
62.3 0
62.31 0
