0 0
0.01 0
0.02 0
0.03 0
0.04 0
0.05 0
0.06 0
0.07 0
0.08 0
0.09 0
0.1 0
0.11 0
0.12 0
0.13 0
0.14 0
0.15 0
0.16 63.913
0.17 64.2857
0.18 64.2857
0.19 0
0.2 0
0.21 0
0.22 0
0.23 0
0.24 0
0.25 0
0.26 0
0.27 0
0.28 0
0.29 0
0.3 0
0.31 0
0.32 0
0.33 0
0.34 0
0.35 0
0.36 0
0.37 0
0.38 0
0.39 0
0.4 24.2308
0.41 0
0.42 0
0.43 0
0.44 0
0.45 69.3396
0.46 0
0.47 0
0.48 0
0.49 501.136
0.5 0
0.51 119.837
0.52 0
0.53 0
0.54 0
0.55 0
0.56 0
0.57 0
0.58 20.8019
0.59 20.9402
0.6 20.9402
0.61 20.9402
0.62 20.9402
0.63 0
0.64 0
0.65 0
0.66 58.3333
0.67 0
0.68 0
0.69 0
0.7 0
0.71 25.0568
0.72 0
0.73 0
0.74 547.826
0.75 0
0.76 0
0.77 180.738
0.78 0
0.79 131.25
0.8 0
0.81 65.2367
0.82 73.7458
0.83 73.7458
0.84 65.2367
0.85 65.2367
0.86 65.2367
0.87 72.7723
0.88 72.7723
0.89 72.7723
0.9 65.8209
0.91 65.8209
0.92 66.4157
0.93 66.4157
0.94 66.4157
0.95 0
0.96 66.9534
0.97 66.9534
0.98 66.9534
0.99 66.9534
1 66.9534
1.01 66.9534
1.02 66.9196
1.03 66.9196
1.04 64.8529
1.05 58.6826
1.06 58.8523
1.07 59.2742
1.08 59.2742
1.09 59.2742
1.1 59.4874
1.11 59.4874
1.12 59.4874
1.13 66.2826
1.14 58.4881
1.15 66.1665
1.16 66.1665
1.17 66.1765
1.18 57.7225
1.19 57.7225
1.2 57.7225
1.21 57.7225
1.22 57.7225
1.23 0
1.24 0
1.25 134.043
1.26 134.178
1.27 134.178
1.28 131.25
1.29 134.043
1.3 133.984
1.31 134.043
1.32 133.233
1.33 133.868
1.34 134.334
1.35 133.175
1.36 133.636
1.37 133.636
1.38 133.636
1.39 133.636
1.4 133.636
1.41 0
1.42 66.256
1.43 66.4824
1.44 66.5359
1.45 66.3657
1.46 66.6163
1.47 66.1368
1.48 66.1368
1.49 66.1368
1.5 66.1368
1.51 66.1368
1.52 0
1.53 66.0575
1.54 0
1.55 0
1.56 0
1.57 495.506
1.58 495.506
1.59 495.506
1.6 495.506
1.61 495.506
1.62 495.506
1.63 495.506
1.64 495.506
1.65 469.149
1.66 469.149
1.67 469.149
1.68 469.149
1.69 469.149
1.7 0
1.71 0
1.72 0
1.73 0
1.74 67.9507
1.75 58.6436
1.76 58.6436
1.77 67.9507
1.78 67.5345
1.79 67.638
1.8 58.9572
1.81 58.9572
1.82 60.8836
1.83 60.8836
1.84 60.8486
1.85 60.794
1.86 60.7438
1.87 60.5769
1.88 60.2733
1.89 59.7237
1.9 59.9417
1.91 59.7831
1.92 59.5302
1.93 59.5302
1.94 59.7561
1.95 60.1754
1.96 60.2459
1.97 60.6881
1.98 60.6881
1.99 60.6881
2 60.293
2.01 60.3008
2.02 60.6769
2.03 60.9116
2.04 59.8372
2.05 59.8101
2.06 59.8101
2.07 59.1946
2.08 59.1946
2.09 59.1946
2.1 0
2.11 44.8171
2.12 44.8171
2.13 44.8171
2.14 44.8171
2.15 45
2.16 45.3704
2.17 56.1069
2.18 56.1069
2.19 56.1069
2.2 55.9645
2.21 58.1794
2.22 58.1794
2.23 49.6063
2.24 49.6063
2.25 49.6063
2.26 59.1946
2.27 58.5191
2.28 58.5191
2.29 58.5191
2.3 0
2.31 0
2.32 31.4103
2.33 0
2.34 110.804
2.35 0
2.36 31.3433
2.37 0
2.38 110.804
2.39 110.804
2.4 110.804
2.41 110.804
2.42 109.701
2.43 112.5
2.44 112.5
2.45 112.5
2.46 112.5
2.47 0
2.48 0
2.49 0
2.5 0
2.51 0
2.52 0
2.53 0
2.54 108.088
2.55 0
2.56 133.636
2.57 127.826
2.58 127.826
2.59 127.826
2.6 127.826
2.61 127.826
2.62 127.826
2.63 127.826
2.64 127.826
2.65 0
2.66 0
2.67 66.018
2.68 0
2.69 0
2.7 0
2.71 0
2.72 0
2.73 65.8209
2.74 0
2.75 0
2.76 65.8209
2.77 0
2.78 0
2.79 0
2.8 0
2.81 0
2.82 0
2.83 0
2.84 0
2.85 12.2705
2.86 0
2.87 0
2.88 0
2.89 0
2.9 0
2.91 0
2.92 0
2.93 66.6163
2.94 66.6163
2.95 65.56
2.96 65.4303
2.97 65.285
2.98 66.018
2.99 66.6163
3 64.9007
3.01 64.9007
3.02 58.0263
3.03 60.2459
3.04 60.2459
3.05 66.4157
3.06 66.4157
3.07 65.6739
3.08 67.0892
3.09 67.0892
3.1 67.0892
3.11 66.2162
3.12 66.566
3.13 66.566
3.14 66.566
3.15 66.566
3.16 66.566
3.17 0
3.18 0
3.19 0
3.2 0
3.21 0
3.22 0
3.23 0
3.24 418.671
3.25 0
3.26 59.2742
3.27 59.2742
3.28 59.2742
3.29 59.2742
3.3 59.2742
3.31 59.9185
3.32 59.9185
3.33 59.9185
3.34 59.9185
3.35 59.9185
3.36 0
3.37 0
3.38 0
3.39 0
3.4 0
3.41 61.024
3.42 0
3.43 0
3.44 0
3.45 0
3.46 0
3.47 253.448
3.48 0
3.49 68.0556
3.5 69.7785
3.51 69.7785
3.52 69.7785
3.53 69.7785
3.54 69.7785
3.55 69.7785
3.56 0
3.57 97.5664
3.58 98.4375
3.59 97.5664
3.6 97.5664
3.61 97.5664
3.62 97.5664
3.63 97.5664
3.64 0
3.65 0
3.66 0
3.67 0
3.68 0
3.69 0
3.7 136.111
3.71 136.111
3.72 136.111
3.73 0
3.74 60.411
3.75 60.4583
3.76 60.3834
3.77 60.3779
3.78 60.4938
3.79 60.4662
3.8 60.4662
3.81 60.5769
3.82 60.2459
3.83 60.2459
3.84 60.2459
3.85 60.2459
3.86 60.2459
3.87 0
3.88 0
3.89 30.5402
3.9 30.5402
3.91 30.5402
3.92 0
3.93 120.327
3.94 119.909
3.95 120.657
3.96 120.657
3.97 120.657
3.98 0
3.99 60.0408
4 60.0408
4.01 60.411
4.02 60.411
4.03 60.0817
4.04 60.2459
4.05 60.2459
4.06 60.2459
4.07 60.2459
4.08 60.2459
4.09 0
4.1 0
4.11 0
4.12 0
4.13 0
4.14 60.0817
4.15 60.4346
4.16 60.8444
4.17 60.8276
4.18 60.8276
4.19 60.9959
4.2 60.8108
4.21 60.9677
4.22 61.0803
4.23 61.7647
4.24 61.7647
4.25 62.0544
4.26 61.4634
4.27 61.4634
4.28 61.4634
4.29 61.4634
4.3 61.4634
4.31 0
4.32 119.837
4.33 0
4.34 98.4375
4.35 0
4.36 0
4.37 0
4.38 0
4.39 0
4.4 0
4.41 0
4.42 0
4.43 0
4.44 0
4.45 0
4.46 0
4.47 67.5
4.48 67.5
4.49 67.5
4.5 0
4.51 0
4.52 0
4.53 122.5
4.54 122.5
4.55 122.048
4.56 122.048
4.57 122.048
4.58 121.823
4.59 122.161
4.6 120.054
4.61 120.054
4.62 122.161
4.63 122.161
4.64 122.161
4.65 122.161
4.66 117.6
4.67 117.6
4.68 117.6
4.69 0
4.7 0
4.71 0
4.72 0
4.73 0
4.74 0
4.75 0
4.76 0
4.77 0
4.78 0
4.79 0
4.8 18.2836
4.81 0
4.82 0
4.83 0
4.84 0
4.85 0
4.86 0
4.87 0
4.88 0
4.89 0
4.9 0
4.91 59.5946
4.92 0
4.93 128.012
4.94 0
4.95 0
4.96 0
4.97 0
4.98 0
4.99 138.534
5 128.198
5.01 128.198
5.02 0
5.03 141.045
5.04 142.718
5.05 142.718
5.06 126
5.07 126
5.08 0
5.09 63.5708
5.1 0
5.11 0
5.12 0
5.13 59.9592
5.14 0
5.15 60.2733
5.16 60.5769
5.17 60.5769
5.18 0
5.19 121.555
5.2 121.555
5.21 121.265
5.22 121.265
5.23 121.265
5.24 0
5.25 0
5.26 0
5.27 0
5.28 0
5.29 0
5.3 108.088
5.31 108.088
5.32 108.088
5.33 108.088
5.34 113.368
5.35 111.083
5.36 114.844
5.37 115.445
5.38 116.513
5.39 115.809
5.4 115.809
5.41 121.154
5.42 116.461
5.43 117.287
5.44 117.287
5.45 117.287
5.46 117.287
5.47 117.287
5.48 132.353
5.49 132.353
5.5 140.446
5.51 140.446
5.52 143.648
5.53 144.495
5.54 146.303
5.55 147.245
5.56 152.186
5.57 153.947
5.58 154.412
5.59 156.325
5.6 157.393
5.61 159.081
5.62 160.9
5.63 162.988
5.64 164.073
5.65 164.651
5.66 165.117
5.67 166.146
5.68 166.871
5.69 167.426
5.7 168.183
5.71 168.321
5.72 168.363
5.73 168.596
5.74 169.211
5.75 169.572
5.76 170.112
5.77 170.475
5.78 170.622
5.79 171.729
5.8 172.131
5.81 173.168
5.82 174.501
5.83 175.557
5.84 175.775
5.85 176.45
5.86 176.353
5.87 176.4
5.88 176.299
5.89 176.563
5.9 176.4
5.91 175.728
5.92 175.232
5.93 175.278
5.94 174.861
5.95 174.584
5.96 174.63
5.97 174.677
5.98 174.815
5.99 175.046
6 175.045
6.01 175.604
6.02 175.791
6.03 176.199
6.04 176.497
6.05 176.948
6.06 177.177
6.07 177.663
6.08 177.526
6.09 177.509
6.1 177.393
6.11 177.346
6.12 176.856
6.13 176.798
6.14 176.306
6.15 176.4
6.16 176.537
6.17 176.224
6.18 176.218
6.19 176.4
6.2 176.588
6.21 176.811
6.22 177.04
6.23 177.346
6.24 177.632
6.25 177.869
6.26 178.182
6.27 178.473
6.28 178.302
6.29 178.612
6.3 178.588
6.31 178.588
6.32 178.659
6.33 178.639
6.34 178.633
6.35 178.633
6.36 178.678
6.37 178.929
6.38 178.88
6.39 178.846
6.4 178.995
6.41 178.753
6.42 178.591
6.43 178.24
6.44 178.127
6.45 177.823
6.46 177.509
6.47 176.994
6.48 176.931
6.49 176.709
6.5 176.665
6.51 176.577
6.52 176.4
6.53 176.537
6.54 176.765
6.55 177.203
6.56 177.516
6.57 178.07
6.58 177.966
6.59 178.988
6.6 178.837
6.61 178.867
6.62 179.164
6.63 179.035
6.64 179.086
6.65 178.938
6.66 178.254
6.67 177.891
6.68 176.835
6.69 177.194
6.7 176.344
6.71 176.165
6.72 176.033
6.73 176.094
6.74 176.199
6.75 176.208
6.76 176.259
6.77 175.785
6.78 176.739
6.79 176.646
6.8 177.139
6.81 177.547
6.82 177.479
6.83 177.567
6.84 177.679
6.85 177.918
6.86 178.062
6.87 178.35
6.88 178.753
6.89 179.086
6.9 179.409
6.91 179.707
6.92 179.976
6.93 180.196
6.94 180.147
6.95 180.076
6.96 179.895
6.97 179.484
6.98 179.1
6.99 178.482
7 177.823
7.01 177.346
7.02 177.194
7.03 176.937
7.04 176.636
7.05 176.541
7.06 176.966
7.07 177.04
7.08 177.361
7.09 177.679
7.1 177.966
7.11 178.24
7.12 178.709
7.13 178.709
7.14 178.965
7.15 178.977
7.16 178.709
7.17 178.487
7.18 178.302
7.19 178.182
7.2 177.882
7.21 177.479
7.22 177.223
7.23 176.919
7.24 176.652
7.25 176.4
7.26 176.4
7.27 176.513
7.28 176.593
7.29 176.793
7.3 177.029
7.31 177.251
7.32 177.823
7.33 177.376
7.34 176.665
7.35 174.918
7.36 173.622
7.37 172.986
7.38 172.651
7.39 169.528
7.4 166.887
7.41 163.941
7.42 171.196
7.43 169.906
7.44 168.107
7.45 169.128
7.46 170.106
7.47 171.853
7.48 172.535
7.49 175.464
7.5 175.697
7.51 176.282
7.52 176.804
7.53 177.727
7.54 178.272
7.55 178.784
7.56 179.268
7.57 179.658
7.58 179.633
7.59 179.755
7.6 179.718
7.61 179.667
7.62 179.56
7.63 179.451
7.64 179.512
7.65 178.853
7.66 178.494
7.67 178.439
7.68 178.302
7.69 178.21
7.7 178.233
7.71 179.034
7.72 178.543
7.73 178.784
7.74 178.977
7.75 179.366
7.76 179.817
7.77 180.043
7.78 180.13
7.79 180.368
7.8 180.082
7.81 179.755
7.82 179.546
7.83 179.407
7.84 179.338
7.85 179.268
7.86 179.152
7.87 179.212
7.88 179.327
7.89 179.529
7.9 180.092
7.91 180.409
7.92 180.789
7.93 181.123
7.94 181.539
7.95 181.905
7.96 182.428
7.97 182.951
7.98 183.348
7.99 183.495
8 183.484
8.01 183.541
8.02 183.351
8.03 182.919
8.04 182.533
8.05 182.073
8.06 181.762
8.07 181.202
8.08 180.564
8.09 179.633
8.1 179.576
8.11 178.277
8.12 176.333
8.13 176.234
8.14 174.121
8.15 172.866
8.16 172.266
8.17 170.93
8.18 168.064
8.19 166.206
8.2 153.258
8.21 146.837
8.22 142.903
8.23 140.702
8.24 135.692
8.25 135.692
8.26 135.692
8.27 135.692
8.28 135.692
8.29 0
8.3 0
8.31 58.9572
8.32 0
8.33 58.6436
8.34 58.6436
8.35 64.3482
8.36 64.3482
8.37 64.3482
8.38 64.3482
8.39 61.5063
8.4 61.5063
8.41 59.5946
8.42 60.0817
8.43 61.3352
8.44 61.3352
8.45 61.5578
8.46 61.5578
8.47 61.5578
8.48 61.5578
8.49 61.5578
8.5 0
8.51 0
8.52 0
8.53 0
8.54 0
8.55 0
8.56 0
8.57 0
8.58 0
8.59 0
8.6 0
8.61 0
8.62 0
8.63 0
8.64 11.5084
8.65 0
8.66 0
8.67 212.019
8.68 0
8.69 367.5
8.7 0
8.71 128.384
8.72 128.322
8.73 128.84
8.74 130.143
8.75 130.99
8.76 132.168
8.77 132.524
8.78 133.233
8.79 134.094
8.8 133.949
8.81 140.318
8.82 141.233
8.83 150.512
8.84 153.837
8.85 154.628
8.86 155.1
8.87 157.019
8.88 157.876
8.89 158.002
8.9 158.116
8.91 159.014
8.92 159.206
8.93 161.033
8.94 161.285
8.95 162.988
8.96 163.941
8.97 164.465
8.98 164.728
8.99 165.789
9 167.045
9.01 166.775
9.02 167.214
9.03 168.664
9.04 168.229
9.05 169.268
9.06 169.355
9.07 170.27
9.08 170.139
9.09 170.93
9.1 170.842
9.11 171.64
9.12 171.551
9.13 171.729
9.14 172.266
9.15 172.266
9.16 172.445
9.17 172.625
9.18 172.896
9.19 173.258
9.2 173.258
9.21 174.567
9.22 174.913
9.23 174.913
9.24 176.243
9.25 176.593
9.26 177.197
9.27 177.632
9.28 177.918
9.29 178.002
9.3 178.182
9.31 178.206
9.32 178.11
9.33 178.014
9.34 177.912
9.35 177.823
9.36 177.703
9.37 177.393
9.38 176.966
9.39 176.872
9.4 177.067
9.41 176.35
9.42 176.237
9.43 175.847
9.44 176.012
9.45 176.282
9.46 176.4
9.47 176.646
9.48 176.915
9.49 177.044
9.5 177.405
9.51 177.437
9.52 177.823
9.53 177.918
9.54 178.161
9.55 178.277
9.56 178.33
9.57 178.245
9.58 178.272
9.59 178.362
9.6 178.703
9.61 178.814
9.62 179.086
9.63 179.268
9.64 179.56
9.65 179.725
9.66 179.817
9.67 179.817
9.68 179.853
9.69 179.658
9.7 179.451
9.71 179.086
9.72 178.633
9.73 178.452
9.74 178.182
9.75 178.076
9.76 177.982
9.77 177.982
9.78 178.182
9.79 178.543
9.8 178.905
9.81 179.177
9.82 179.56
9.83 181.631
9.84 182.447
9.85 183.314
9.86 183.314
9.87 182.893
9.88 183.532
9.89 183.532
9.9 183.75
9.91 182.735
9.92 182.735
9.93 182.533
9.94 182.836
9.95 182.879
9.96 183.178
9.97 183.14
9.98 183.195
9.99 183.28
10 183.314
10.01 183.559
10.02 183.942
10.03 184.23
10.04 184.712
10.05 185.197
10.06 185.477
10.07 185.782
10.08 186.076
10.09 186.174
10.1 186.076
10.11 185.978
10.12 185.489
10.13 185.294
10.14 184.712
10.15 184.23
10.16 183.654
10.17 183.241
10.18 183.046
10.19 182.781
10.2 182.533
10.21 182.42
10.22 182.231
10.23 181.856
10.24 181.332
10.25 180.738
10.26 180.738
10.27 171.818
10.28 176.872
10.29 176.4
10.3 175.697
10.31 175
10.32 172.266
10.33 176.296
10.34 176.905
10.35 176.856
10.36 177.509
10.37 178.158
10.38 178.014
10.39 178.333
10.4 178.652
10.41 178.814
10.42 178.398
10.43 178.35
10.44 178.94
10.45 178.317
10.46 178.519
10.47 178.518
10.48 178.519
10.49 178.497
10.5 178.452
10.51 178.591
10.52 178.832
10.53 179.034
10.54 179.359
10.55 179.366
10.56 179.621
10.57 179.948
10.58 180.483
10.59 181.432
10.6 181.903
10.61 182.561
10.62 182.988
10.63 183.381
10.64 184.134
10.65 184.519
10.66 184.88
10.67 185.197
10.68 184.683
10.69 184.471
10.7 183.553
10.71 181.731
10.72 180.628
10.73 178.765
10.74 164.552
10.75 165.789
10.76 169.29
10.77 168.836
10.78 168.836
10.79 168.836
10.8 168.836
10.81 168.836
10.82 168.836
10.83 169.615
10.84 177.524
10.85 177.049
10.86 174.638
10.87 171.12
10.88 168.627
10.89 165.169
10.9 159.148
10.91 157.446
10.92 155.72
10.93 153.786
10.94 152.62
10.95 152.392
10.96 153.371
10.97 153.678
10.98 154.32
10.99 154.904
11 155.363
11.01 155.399
11.02 155.444
11.03 155.16
11.04 154.946
11.05 154.862
11.06 154.653
11.07 154.286
11.08 153.915
11.09 153.277
11.1 152.734
11.11 151.489
11.12 150.32
11.13 148.053
11.14 144.998
11.15 142.754
11.16 141.486
11.17 138.317
11.18 137.027
11.19 134.825
11.2 133.434
11.21 131.964
11.22 131.392
11.23 130.896
11.24 130.825
11.25 131.037
11.26 131.431
11.27 131.576
11.28 131.642
11.29 131.793
11.3 131.97
11.31 131.839
11.32 131.904
11.33 131.642
11.34 131.446
11.35 131.25
11.36 130.967
11.37 130.89
11.38 130.893
11.39 130.861
11.4 130.861
11.41 130.896
11.42 130.825
11.43 130.861
11.44 131.083
11.45 130.972
11.46 130.711
11.47 130.403
11.48 130.409
11.49 129.845
11.5 129.845
11.51 129.567
11.52 129.25
11.53 129.016
11.54 128.742
11.55 128.742
11.56 129.016
11.57 129.637
11.58 130.473
11.59 131.892
11.6 133.099
11.61 137.69
11.62 137.812
11.63 136.571
11.64 136.957
11.65 137.5
11.66 137.717
11.67 137.212
11.68 136.364
11.69 135.276
11.7 134.533
11.71 133.416
11.72 133.342
11.73 133.425
11.74 133.566
11.75 134.217
11.76 134.36
11.77 135.085
11.78 135.573
11.79 136.24
11.8 136.809
11.81 137.312
11.82 137.588
11.83 138.038
11.84 138.208
11.85 138.339
11.86 138.643
11.87 138.755
11.88 139.212
11.89 139.447
11.9 139.903
11.91 140.018
11.92 140.111
11.93 140.324
11.94 140.202
11.95 140.133
11.96 140.07
11.97 140.148
11.98 140.056
11.99 140.595
12 140.805
12.01 140.976
12.02 141.633
12.03 141.866
12.04 142.008
12.05 142.258
12.06 142.298
12.07 142.396
12.08 142.597
12.09 142.718
12.1 142.779
12.11 142.971
12.12 143.133
12.13 143.182
12.14 143.346
12.15 143.182
12.16 142.903
12.17 142.743
12.18 142.565
12.19 142.565
12.2 142.258
12.21 142.193
12.22 142.127
12.23 142.127
12.24 142.329
12.25 142.642
12.26 142.795
12.27 143.182
12.28 143.337
12.29 143.804
12.3 144.039
12.31 144.554
12.32 144.828
12.33 145.213
12.34 145.545
12.35 145.804
12.36 145.946
12.37 145.946
12.38 145.73
12.39 145.705
12.4 145.36
12.41 145.225
12.42 144.846
12.43 144.59
12.44 144.335
12.45 144.118
12.46 144.275
12.47 144.354
12.48 144.432
12.49 144.554
12.5 144.828
12.51 145.139
12.52 145.385
12.53 145.508
12.54 145.625
12.55 145.804
12.56 145.705
12.57 145.785
12.58 145.582
12.59 145.545
12.6 145.73
12.61 145.865
12.62 146.25
12.63 146.512
12.64 146.774
12.65 147.245
12.66 147.53
12.67 147.739
12.68 147.378
12.69 147.327
12.7 146.849
12.71 146.512
12.72 146.107
12.73 145.804
12.74 145.385
12.75 145.066
12.76 144.986
12.77 144.7
12.78 144.511
12.79 144.263
12.8 144.039
12.81 143.883
12.82 143.648
12.83 143.492
12.84 143.54
12.85 143.337
12.86 143.397
12.87 143.492
12.88 143.492
12.89 143.883
12.9 144.039
12.91 144.118
12.92 144.235
12.93 143.742
12.94 144.118
12.95 144.19
12.96 143.983
12.97 143.883
12.98 143.861
12.99 143.836
13 143.804
13.01 143.648
13.02 142.258
13.03 135.553
13.04 130.253
13.05 128.759
13.06 130.667
13.07 131.25
13.08 133.502
13.09 135.415
13.1 135.692
13.11 138.679
13.12 140.121
13.13 143.315
13.14 143.983
13.15 147.987
13.16 148.986
13.17 150.615
13.18 151.988
13.19 153.25
13.2 153.805
13.21 154.737
13.22 155.516
13.23 156.554
13.24 157.179
13.25 157.847
13.26 158.065
13.27 158.389
13.28 158.545
13.29 158.715
13.3 158.985
13.31 159.206
13.32 159.535
13.33 159.7
13.34 159.865
13.35 159.961
13.36 160.031
13.37 160.114
13.38 160.114
13.39 160.28
13.4 160.498
13.41 160.865
13.42 161.201
13.43 161.454
13.44 161.877
13.45 162.218
13.46 162.474
13.47 162.931
13.48 163.092
13.49 163.333
13.5 163.476
13.51 163.619
13.52 163.833
13.53 163.905
13.54 164.017
13.55 163.208
13.56 163.199
13.57 164.807
13.58 162.931
13.59 163.593
13.6 164.552
13.61 164.552
13.62 162.869
13.63 163.172
13.64 162.931
13.65 162.777
13.66 162.458
13.67 161.983
13.68 162.627
13.69 160.585
13.7 162.297
13.71 162.221
13.72 161.145
13.73 162.474
13.74 161.21
13.75 161.285
13.76 161.243
13.77 160.48
13.78 160.364
13.79 159.206
13.8 158.145
13.81 157.36
13.82 157.36
13.83 157.36
13.84 157.019
13.85 157.051
13.86 158.308
13.87 158.985
13.88 159.37
13.89 160.114
13.9 160.447
13.91 160.729
13.92 161.027
13.93 161.285
13.94 161.201
13.95 161.117
13.96 160.865
13.97 160.678
13.98 160.28
13.99 159.948
14 159.516
14.01 159.452
14.02 159.25
14.03 159.288
14.04 159.288
14.05 159.162
14.06 159.288
14.07 159.516
14.08 159.783
14.09 160.114
14.1 160.28
14.11 160.447
14.12 160.678
14.13 160.698
14.14 160.698
14.15 160.031
14.16 160.53
14.17 159.783
14.18 159.948
14.19 159.452
14.2 158.985
14.21 158.633
14.22 158.195
14.23 157.5
14.24 157.76
14.25 157.5
14.26 157.339
14.27 157.414
14.28 157.58
14.29 157.673
14.3 158.47
14.31 158.308
14.32 158.545
14.33 159.617
14.34 159.516
14.35 160.53
14.36 160.447
14.37 160.614
14.38 160.865
14.39 160.698
14.4 160.403
14.41 159.7
14.42 159.783
14.43 158.96
14.44 158.458
14.45 157.847
14.46 156.686
14.47 155.581
14.48 155.381
14.49 153.028
14.5 152.932
14.51 149.796
14.52 149.154
14.53 148.111
14.54 147.546
14.55 146.291
14.56 145.705
14.57 144.59
14.58 142.565
14.59 141.649
14.6 140.653
14.61 141.281
14.62 144.32
14.63 146.878
14.64 154.52
14.65 162.013
14.66 164.798
14.67 167.287
14.68 168.63
14.69 169.429
14.7 169.995
14.71 171.006
14.72 172.64
14.73 173.432
14.74 174.367
14.75 174.755
14.76 175
14.77 174.952
14.78 175.139
14.79 175.647
14.8 176.344
14.81 177.108
14.82 177.959
14.83 179.401
14.84 180.469
14.85 181.981
14.86 182.988
14.87 183.273
14.88 183.368
14.89 183.032
14.9 182.39
14.91 181.446
14.92 180.609
14.93 180.175
14.94 179.451
14.95 179.324
14.96 178.765
14.97 178.629
14.98 178.574
14.99 178.543
15 178.877
15.01 179.338
15.02 179.694
15.03 180
15.04 180.315
15.05 180.59
15.06 180.66
15.07 180.655
15.08 180.84
15.09 180.381
15.1 180.032
15.11 179.43
15.12 178.991
15.13 178.886
15.14 178.657
15.15 178.715
15.16 178.809
15.17 179.192
15.18 179.268
15.19 179.674
15.2 180.477
15.21 180.66
15.22 181.525
15.23 182.303
15.24 182.609
15.25 183.122
15.26 183.268
15.27 183.58
15.28 183.665
15.29 183.072
15.3 183.546
15.31 183.241
15.32 181.878
15.33 181.174
15.34 180.039
15.35 179.951
15.36 178.945
15.37 178.657
15.38 178.222
15.39 178.142
15.4 178.755
15.41 178.703
15.42 179.106
15.43 179.674
15.44 180.163
15.45 180.645
15.46 181.016
15.47 181.295
15.48 181.295
15.49 181.034
15.5 181.08
15.51 180.966
15.52 180.632
15.53 180.21
15.54 179.372
15.55 179.268
15.56 179.817
15.57 179.177
15.58 178.995
15.59 178.784
15.6 178.398
15.61 178.272
15.62 178.543
15.63 178.814
15.64 179.074
15.65 179.853
15.66 180.13
15.67 181.016
15.68 180.82
15.69 181.442
15.7 181.034
15.71 181.109
15.72 179.07
15.73 177.182
15.74 176.595
15.75 174.856
15.76 173.369
15.77 172.546
15.78 171.129
15.79 169.86
15.8 167.24
15.81 163.004
15.82 155.958
15.83 141.045
15.84 140.121
15.85 135.092
15.86 131.348
15.87 128.571
15.88 126.542
15.89 119.512
15.9 116.667
15.91 112.5
15.92 112.5
15.93 108.621
15.94 105.251
15.95 105.251
15.96 105.251
15.97 105.251
15.98 105.251
15.99 0
16 63
16.01 63
16.02 63.3621
16.03 63.3621
16.04 63.3621
16.05 63.3621
16.06 63.3621
16.07 0
16.08 62.8205
16.09 0
16.1 0
16.11 0
16.12 0
16.13 0
16.14 0
16.15 0
16.16 0
16.17 0
16.18 0
16.19 0
16.2 0
16.21 0
16.22 0
16.23 66.018
16.24 66.018
16.25 69.1223
16.26 69.1223
16.27 66.018
16.28 66.018
16.29 68.0556
16.3 68.0556
16.31 68.9062
16.32 70
16.33 68.4783
16.34 68.0556
16.35 61.5922
16.36 66.4157
16.37 66.4157
16.38 66.4157
16.39 66.4157
16.4 66.4157
16.41 0
16.42 31.2766
16.43 0
16.44 0
16.45 595.946
16.46 595.946
16.47 595.946
16.48 595.946
16.49 580.263
16.5 580.263
16.51 648.529
16.52 648.529
16.53 580.263
16.54 580.263
16.55 565.385
16.56 565.385
16.57 565.385
16.58 565.385
16.59 0
16.6 135.692
16.61 136.533
16.62 137.241
16.63 139.557
16.64 140.446
16.65 142.488
16.66 142.603
16.67 144.118
16.68 144.72
16.69 145.878
16.7 147.904
16.71 149.609
16.72 151.667
16.73 152.636
16.74 153.766
16.75 155.428
16.76 156.383
16.77 158.027
16.78 158.308
16.79 159.617
16.8 160.409
16.81 161.033
16.82 161.934
16.83 162.816
16.84 162.816
16.85 163.67
16.86 164.246
16.87 165.026
16.88 165.789
16.89 170.6
16.9 170.27
16.91 170.552
16.92 170.783
16.93 170.57
16.94 170.71
16.95 171.151
16.96 171.237
16.97 171.729
16.98 172.535
16.99 173.186
17 174.371
17.01 175.568
17.02 176.264
17.03 176.994
17.04 177.108
17.05 177.318
17.06 177.414
17.07 177.333
17.08 177.404
17.09 177.332
17.1 177.15
17.11 177.088
17.12 177.084
17.13 177.449
17.14 177.76
17.15 178.028
17.16 178.511
17.17 178.938
17.18 179.733
17.19 180.067
17.2 180.283
17.21 180.315
17.22 180.288
17.23 180.856
17.24 180.582
17.25 181.091
17.26 181.075
17.27 180.787
17.28 180.693
17.29 180.526
17.3 180.404
17.31 179.912
17.32 179.619
17.33 179.167
17.34 178.895
17.35 178.821
17.36 179.041
17.37 179.57
17.38 179.667
17.39 180.396
17.4 180.594
17.41 180.935
17.42 181.343
17.43 181.769
17.44 182.231
17.45 182.494
17.46 182.643
17.47 183.216
17.48 183.66
17.49 183.75
17.5 183.559
17.51 183.418
17.52 183.322
17.53 182.955
17.54 182.574
17.55 182.054
17.56 181.79
17.57 181.814
17.58 181.432
17.59 181.531
17.6 181.233
17.61 181.202
17.62 181.233
17.63 181.087
17.64 181.285
17.65 181.15
17.66 181.183
17.67 181.068
17.68 181.384
17.69 181.446
17.7 181.781
17.71 182.106
17.72 182.362
17.73 182.42
17.74 182.311
17.75 182.315
17.76 182.148
17.77 182.064
17.78 181.762
17.79 181.814
17.8 181.701
17.81 181.731
17.82 181.278
17.83 181.762
17.84 181.233
17.85 180.678
17.86 180.624
17.87 180.263
17.88 180
17.89 179.774
17.9 179.686
17.91 179.81
17.92 179.733
17.93 179.904
17.94 179.933
17.95 180.352
17.96 180.996
17.97 181.617
17.98 182.043
17.99 181.897
18 182.111
18.01 182.368
18.02 182.574
18.03 182.76
18.04 182.409
18.05 181.931
18.06 181.556
18.07 181.207
18.08 181.481
18.09 181.162
18.1 181.332
18.11 181.399
18.12 181.668
18.13 181.949
18.14 182.326
18.15 182.703
18.16 182.231
18.17 182.498
18.18 182.509
18.19 182.684
18.2 182.609
18.21 182.586
18.22 182.409
18.23 182.231
18.24 182.043
18.25 182.043
18.26 182.514
18.27 182.332
18.28 181.856
18.29 181.668
18.3 181.668
18.31 181.481
18.32 181.233
18.33 180.837
18.34 180.923
18.35 180.738
18.36 181.016
18.37 181.016
18.38 181.034
18.39 181.016
18.4 181.109
18.41 181.295
18.42 181.388
18.43 181.233
18.44 181.332
18.45 181.481
18.46 181.575
18.47 181.668
18.48 181.731
18.49 181.731
18.5 181.762
18.51 181.668
18.52 181.762
18.53 181.668
18.54 181.831
18.55 181.762
18.56 181.575
18.57 181.856
18.58 181.762
18.59 181.731
18.6 181.731
18.61 181.575
18.62 181.575
18.63 181.668
18.64 181.668
18.65 181.531
18.66 181.481
18.67 181.613
18.68 181.701
18.69 181.613
18.7 181.668
18.71 181.35
18.72 181.233
18.73 181.233
18.74 181.233
18.75 181.399
18.76 181.295
18.77 181.599
18.78 181.678
18.79 181.981
18.8 182.064
18.81 182.054
18.82 181.856
18.83 181.822
18.84 181.856
18.85 181.839
18.86 181.706
18.87 181.407
18.88 181.375
18.89 181.375
18.9 181.407
18.91 181.678
18.92 181.814
18.93 181.915
18.94 182.326
18.95 182.609
18.96 182.893
18.97 183.083
18.98 183.241
18.99 183.178
19 183.083
19.01 182.798
19.02 182.703
19.03 182.326
19.04 182.231
19.05 181.613
19.06 181.388
19.07 181.087
19.08 181
19.09 180.83
19.1 180.738
19.11 180.738
19.12 180.738
19.13 180.573
19.14 180.738
19.15 180.553
19.16 180.46
19.17 180.276
19.18 180
19.19 179.755
19.2 179.755
19.21 179.633
19.22 179.633
19.23 179.177
19.24 178.977
19.25 178.88
19.26 179.086
19.27 179.177
19.28 179.268
19.29 179.268
19.3 179.463
19.31 179.633
19.32 179.542
19.33 179.56
19.34 179.755
19.35 179.908
19.36 179.817
19.37 179.908
19.38 179.612
19.39 179.56
19.4 178.962
19.41 178.995
19.42 178.841
19.43 178.74
19.44 177.823
19.45 177.227
19.46 176.165
19.47 175.931
19.48 175.321
19.49 174.446
19.5 174.079
19.51 173.349
19.52 172.176
19.53 171.544
19.54 168.927
19.55 169.009
19.56 168.137
19.57 165.863
19.58 165.852
19.59 166.56
19.6 167.59
19.61 167.623
19.62 167.772
19.63 168.321
19.64 168.607
19.65 168.966
19.66 169.142
19.67 169.389
19.68 169.724
19.69 169.899
19.7 171.42
19.71 171.529
19.72 171.863
19.73 173.12
19.74 172.763
19.75 173.444
19.76 173.833
19.77 173.951
19.78 174.202
19.79 174.255
19.8 174.505
19.81 174.604
19.82 174.63
19.83 174.677
19.84 174.598
19.85 174.63
19.86 174.769
19.87 175.046
19.88 175.268
19.89 175.446
19.9 175.581
19.91 175.545
19.92 175.728
19.93 175.789
19.94 175.872
19.95 176.165
19.96 176.341
19.97 176.4
19.98 176.669
19.99 176.804
20 177.075
20.01 177.21
20.02 177.504
20.03 177.632
20.04 177.57
20.05 177.465
20.06 177.414
20.07 177.346
20.08 177.251
20.09 177.188
20.1 177.21
20.11 177.251
20.12 176.754
20.13 175.998
20.14 176.033
20.15 175.989
20.16 175.893
20.17 175.948
20.18 176.456
20.19 176.626
20.2 176.513
20.21 176.523
20.22 176.518
20.23 176.224
20.24 176.272
20.25 176.208
20.26 176.065
20.27 175.955
20.28 175.214
20.29 175
20.3 175.06
20.31 175.181
20.32 174.84
20.33 174.949
20.34 174.703
20.35 174.84
20.36 174.692
20.37 174.278
20.38 174.778
20.39 174.778
20.4 174.458
20.41 174.377
20.42 174.954
20.43 175
20.44 174.505
20.45 174.505
20.46 174.391
20.47 174.414
20.48 173.682
20.49 173.622
20.5 173.809
20.51 173.793
20.52 174.039
20.53 174.748
20.54 174.934
20.55 175.44
20.56 175.542
20.57 176.4
20.58 177.318
20.59 177.918
20.6 178.062
20.61 178.623
20.62 179.097
20.63 179.725
20.64 179.853
20.65 179.853
20.66 179.908
20.67 179.526
20.68 179.372
20.69 179.38
20.7 178.821
20.71 178.709
20.72 178.477
20.73 178.142
20.74 178.182
20.75 178.062
20.76 178.376
20.77 178.222
20.78 178.415
20.79 179.853
20.8 180.368
20.81 180.632
20.82 180.923
20.83 181.388
20.84 181.831
20.85 181.949
20.86 182.137
20.87 182.043
20.88 181.856
20.89 181.531
20.9 181.162
20.91 180.184
20.92 179.658
20.93 179.268
20.94 178.154
20.95 177.584
20.96 177.432
20.97 176.944
20.98 176.786
20.99 177.425
21 177.902
21.01 178.646
21.02 179.56
21.03 178.995
21.04 179.268
21.05 178.926
21.06 178.755
21.07 178.88
21.08 178.182
21.09 178.33
21.1 178.233
21.11 178.11
21.12 178.336
21.13 178.687
21.14 178.995
21.15 179.542
21.16 179.633
21.17 179.951
21.18 180
21.19 180.105
21.2 180.21
21.21 180.245
21.22 180.067
21.23 180.603
21.24 180.738
21.25 181.309
21.26 181.802
21.27 182.043
21.28 182.432
21.29 182.609
21.3 182.988
21.31 183.368
21.32 183.75
21.33 183.75
21.34 183.654
21.35 183.654
21.36 183.273
21.37 182.988
21.38 182.609
21.39 182.131
21.4 181.885
21.41 180.923
21.42 180.276
21.43 179.633
21.44 179.074
21.45 178.591
21.46 178.452
21.47 178.362
21.48 178.608
21.49 179.136
21.5 179.8
21.51 180.738
21.52 181.268
21.53 182.231
21.54 182.043
21.55 182.332
21.56 181.668
21.57 180.276
21.58 178.977
21.59 178.977
21.6 176.048
21.61 175.38
21.62 172.806
21.63 170.197
21.64 167.521
21.65 163.987
21.66 163.513
21.67 163.613
21.68 163.194
21.69 163.333
21.7 163.071
21.71 162.705
21.72 162.631
21.73 162.224
21.74 162.132
21.75 161.44
21.76 160.311
21.77 160.688
21.78 160.364
21.79 159.927
21.8 159.715
21.81 159.494
21.82 159.244
21.83 159.244
21.84 160.131
21.85 159.321
21.86 158.195
21.87 159.551
21.88 158.835
21.89 158.767
21.9 157.822
21.91 158.15
21.92 158.47
21.93 158.534
21.94 158.374
21.95 157.696
21.96 157.876
21.97 157.984
21.98 158.308
21.99 158.04
22 157.91
22.01 157.93
22.02 157.661
22.03 157.5
22.04 157.688
22.05 157.446
22.06 157.393
22.07 157.073
22.08 157.264
22.09 156.99
22.1 157.051
22.11 157.669
22.12 157.179
22.13 157.275
22.14 156.63
22.15 156.877
22.16 156.716
22.17 156.692
22.18 156.558
22.19 156.448
22.2 156.568
22.21 156.208
22.22 155.512
22.23 154.196
22.24 153.659
22.25 153.48
22.26 152.771
22.27 153.957
22.28 154.846
22.29 153.267
22.3 152.842
22.31 152.875
22.32 152.842
22.33 152.83
22.34 152.813
22.35 155.595
22.36 154.918
22.37 157.876
22.38 156.014
22.39 154.779
22.4 149.492
22.41 148.652
22.42 147.703
22.43 148.385
22.44 148.556
22.45 148.185
22.46 148.063
22.47 147.123
22.48 147.109
22.49 146.804
22.5 147.245
22.51 146.624
22.52 147
22.53 146.849
22.54 146.755
22.55 146.399
22.56 146.593
22.57 146.837
22.58 147.098
22.59 147.788
22.6 148.903
22.61 149.636
22.62 149.531
22.63 150.079
22.64 150.315
22.65 150.146
22.66 149.88
22.67 149.462
22.68 149.323
22.69 148.843
22.7 148.652
22.71 148.556
22.72 148.485
22.73 148.452
22.74 148.523
22.75 148.556
22.76 148.585
22.77 148.719
22.78 148.699
22.79 148.915
22.8 148.342
22.81 148.744
22.82 148.917
22.83 149.757
22.84 150
22.85 150.461
22.86 150.563
22.87 150.683
22.88 150.769
22.89 150.546
22.9 150.806
22.91 149.453
22.92 149.323
22.93 148.556
22.94 147.987
22.95 146.849
22.96 146.101
22.97 145.705
22.98 145.434
22.99 145.066
23 144.773
23.01 144.59
23.02 144.408
23.03 144.354
23.04 144.275
23.05 144.196
23.06 144.196
23.07 144.408
23.08 144.511
23.09 144.992
23.1 145.385
23.11 145.952
23.12 146.512
23.13 146.849
23.14 147.082
23.15 147
23.16 147.075
23.17 146.918
23.18 146.624
23.19 146.188
23.2 145.73
23.21 145.385
23.22 145.139
23.23 144.986
23.24 145.213
23.25 145.145
23.26 145.582
23.27 146.026
23.28 146.549
23.29 146.849
23.3 147.454
23.31 147.682
23.32 147.987
23.33 147.987
23.34 148.235
23.35 148.216
23.36 148.235
23.37 148.14
23.38 148.235
23.39 148.14
23.4 148.235
23.41 148.14
23.42 148.069
23.43 147.91
23.44 147.821
23.45 147.682
23.46 147.492
23.47 147.454
23.48 147.227
23.49 147.178
23.5 147.098
23.51 146.783
23.52 146.467
23.53 146.107
23.54 145.952
23.55 145.737
23.56 146.026
23.57 146.026
23.58 146.101
23.59 146.269
23.6 146.101
23.61 146.188
23.62 146.026
23.63 146.026
23.64 145.785
23.65 145.508
23.66 145.225
23.67 145.139
23.68 144.907
23.69 144.7
23.7 144.511
23.71 144.432
23.72 144.039
23.73 143.961
23.74 143.648
23.75 143.57
23.76 143.54
23.77 143.337
23.78 143.397
23.79 143.415
23.8 143.492
23.81 143.492
23.82 143.648
23.83 143.756
23.84 143.726
23.85 143.684
23.86 143.804
23.87 143.883
23.88 143.415
23.89 143.182
23.9 142.95
23.91 142.718
23.92 142.399
23.93 142.258
23.94 142.105
23.95 141.801
23.96 142.335
23.97 142.565
23.98 142.873
23.99 143.182
24 143.492
24.01 143.726
24.02 143.983
24.03 143.461
24.04 143.93
24.05 143.648
24.06 143.397
24.07 142.642
24.08 142.488
24.09 142.335
24.1 142.873
24.11 141.725
24.12 141.649
24.13 141.556
24.14 142.258
24.15 141.877
24.16 142.029
24.17 142.182
24.18 142.411
24.19 142.565
24.2 143.039
24.21 142.795
24.22 142.873
24.23 142.968
24.24 142.587
24.25 143.027
24.26 142.95
24.27 143.097
24.28 143.182
24.29 143.182
24.3 143.182
24.31 143.066
24.32 142.77
24.33 142.77
24.34 142.603
24.35 141.511
24.36 143.182
24.37 143.804
24.38 144.118
24.39 144.252
24.4 144.118
24.41 144.196
24.42 143.901
24.43 143.782
24.44 143.244
24.45 143.248
24.46 143.11
24.47 142.201
24.48 141.346
24.49 140
24.5 139.421
24.51 139.218
24.52 138.912
24.53 138.912
24.54 138.854
24.55 138.854
24.56 138.918
24.57 138.971
24.58 139.117
24.59 138.898
24.6 138.971
24.61 138.918
24.62 138.825
24.63 138.679
24.64 138.363
24.65 138.411
24.66 138.345
24.67 138.172
24.68 138.158
24.69 138.245
24.7 138.43
24.71 138.389
24.72 138.898
24.73 139.263
24.74 139.117
24.75 139.557
24.76 138.679
24.77 129.706
24.78 129.706
24.79 129.706
24.8 129.706
24.81 129.706
24.82 0
24.83 69.7785
24.84 69.7785
24.85 69.7785
24.86 69.7785
24.87 69.7785
24.88 69.7785
24.89 69.7785
24.9 69.7785
24.91 69.7785
24.92 69.7785
24.93 60.4938
24.94 60.4938
24.95 60.4938
24.96 60.4938
24.97 0
24.98 57.7225
24.99 57.7225
25 57.7225
25.01 0
25.02 0
25.03 68.3368
25.04 68.2663
25.05 67.794
25.06 68.2663
25.07 69.7785
25.08 70.4473
25.09 70.3349
25.1 69.7785
25.11 69.7785
25.12 69.7785
25.13 63.3621
25.14 70.6731
25.15 63.3621
25.16 63.3621
25.17 63.3621
25.18 63.3621
25.19 63.3621
25.2 0
25.21 123.645
25.22 123.013
25.23 120.988
25.24 120.888
25.25 120.888
25.26 120.36
25.27 120.712
25.28 121.059
25.29 121.071
25.3 121.823
25.31 122.025
25.32 122.773
25.33 123.46
25.34 124.13
25.35 125.047
25.36 126.144
25.37 128.198
25.38 130.938
25.39 131.12
25.4 131.446
25.41 131.511
25.42 131.642
25.43 131.904
25.44 132.469
25.45 132.759
25.46 133.3
25.47 134.334
25.48 134.921
25.49 135.797
25.5 136.018
25.51 136.648
25.52 136.886
25.53 137.734
25.54 138.607
25.55 139.044
25.56 140.074
25.57 140.52
25.58 140.82
25.59 141.271
25.6 141.271
25.61 141.12
25.62 140.97
25.63 140.67
25.64 140.297
25.65 140.223
25.66 140.074
25.67 140.148
25.68 140.283
25.69 140.745
25.7 140.97
25.71 141.725
25.72 142.182
25.73 142.541
25.74 142.95
25.75 143.259
25.76 143.415
25.77 143.492
25.78 143.648
25.79 143.648
25.8 143.612
25.81 143.492
25.82 143.397
25.83 143.259
25.84 143.259
25.85 143.104
25.86 143.027
25.87 143.027
25.88 143.027
25.89 142.825
25.9 142.795
25.91 142.718
25.92 142.642
25.93 142.642
25.94 142.642
25.95 142.718
25.96 142.754
25.97 142.873
25.98 142.95
25.99 143.104
26 143.337
26.01 143.612
26.02 143.726
26.03 143.901
26.04 144.118
26.05 144.039
26.06 144.039
26.07 144.039
26.08 143.883
26.09 143.648
26.1 143.612
26.11 143.492
26.12 143.54
26.13 143.492
26.14 143.415
26.15 143.57
26.16 143.648
26.17 143.684
26.18 143.883
26.19 143.828
26.2 143.961
26.21 143.883
26.22 144.039
26.23 144.039
26.24 144.039
26.25 144.118
26.26 144.19
26.27 144.118
26.28 144.118
26.29 144.118
26.3 144.039
26.31 143.883
26.32 143.883
26.33 143.684
26.34 143.492
26.35 143.325
26.36 143.182
26.37 143.182
26.38 142.873
26.39 142.718
26.4 142.565
26.41 142.488
26.42 142.47
26.43 142.488
26.44 142.642
26.45 142.565
26.46 142.873
26.47 142.873
26.48 143.104
26.49 143.11
26.5 143.182
26.51 143.368
26.52 143.182
26.53 143.581
26.54 144.118
26.55 144.118
26.56 144.118
26.57 144.327
26.58 144.354
26.59 144.748
26.6 145.066
26.61 145.385
26.62 146.026
26.63 142.917
26.64 141.801
26.65 140.745
26.66 138.679
26.67 172.266
26.68 172.266
26.69 159.783
26.7 159.783
26.71 159.783
26.72 159.783
26.73 159.783
26.74 0
26.75 386.842
26.76 0
26.77 135.553
26.78 135.276
26.79 135.971
26.8 136.392
26.81 138.205
26.82 138.929
26.83 139.612
26.84 141.21
26.85 141.884
26.86 143.555
26.87 145.679
26.88 147.327
26.89 149.618
26.9 152.363
26.91 152.616
26.92 154.612
26.93 155.673
26.94 157.179
26.95 157.903
26.96 158.878
26.97 159.37
26.98 159.783
26.99 160.121
27 160.338
27.01 161.229
27.02 161.445
27.03 161.67
27.04 161.061
27.05 161.197
27.06 161.694
27.07 160.579
27.08 161.014
27.09 160.837
27.1 160.775
27.11 160.865
27.12 160.949
27.13 161.033
27.14 161.341
27.15 161.847
27.16 162.303
27.17 162.851
27.18 163.333
27.19 164.144
27.2 164.798
27.21 166.177
27.22 165.375
27.23 164.468
27.24 165.434
27.25 165.21
27.26 165.21
27.27 165.743
27.28 163.02
27.29 163.767
27.3 164.734
27.31 162.221
27.32 164.461
27.33 164.734
27.34 162.486
27.35 163.854
27.36 163.941
27.37 162.702
27.38 163.987
27.39 163.987
27.4 164.465
27.41 164.647
27.42 164.43
27.43 164.377
27.44 163.333
27.45 162.132
27.46 162.132
27.47 162.132
27.48 161.538
27.49 160.949
27.5 159.59
27.51 159.605
27.52 159.865
27.53 160.073
27.54 160.364
27.55 160.832
27.56 161.096
27.57 161.285
27.58 161.42
27.59 161.538
27.6 162.676
27.61 162.288
27.62 162.041
27.63 161.903
27.64 161.657
27.65 161.231
27.66 160.9
27.67 159.783
27.68 159.783
27.69 159.452
27.7 159.178
27.71 159.131
27.72 159.049
27.73 159.281
27.74 159.471
27.75 159.56
27.76 160.006
27.77 160.387
27.78 160.656
27.79 160.847
27.8 161.153
27.81 160.725
27.82 160.832
27.83 160.597
27.84 160.472
27.85 160.031
27.86 160.364
27.87 160.602
27.88 160.126
27.89 160.169
27.9 159.598
27.91 159.494
27.92 159.331
27.93 159.431
27.94 158.851
27.95 158.882
27.96 158.782
27.97 158.633
27.98 158.897
27.99 159.879
28 159.505
28.01 159.158
28.02 159.183
28.03 158.853
28.04 159.062
28.05 157.822
28.06 157.556
28.07 157.179
28.08 156.897
28.09 155.282
28.1 153.125
28.11 153.302
28.12 152.302
28.13 152.807
28.14 152.069
28.15 151.879
28.16 151.324
28.17 151.953
28.18 154.646
28.19 157.275
28.2 164.202
28.21 176.292
28.22 179.192
28.23 181.419
28.24 182.501
28.25 183.225
28.26 183.178
28.27 184.169
28.28 185.672
28.29 186.81
28.3 186.928
28.31 185.88
28.32 184.205
28.33 183.103
28.34 181.915
28.35 180.923
28.36 180.269
28.37 180.039
28.38 179.845
28.39 179.821
28.4 179.796
28.41 179.853
28.42 179.954
28.43 180.569
28.44 180.695
28.45 180.861
28.46 181.127
28.47 181.39
28.48 181.517
28.49 181.498
28.5 181.631
28.51 181.579
28.52 182.231
28.53 182.337
28.54 182.266
28.55 181.262
28.56 180.645
28.57 180.315
28.58 179.79
28.59 179.312
28.6 179.034
28.61 178.767
28.62 179.053
28.63 177.644
28.64 178.484
28.65 178.373
28.66 178.317
28.67 179.026
28.68 178.891
28.69 179.322
28.7 180.324
28.71 180.288
28.72 180.56
28.73 181.125
28.74 181.903
28.75 182.017
28.76 182.765
28.77 183.532
28.78 184.636
28.79 184.682
28.8 185.2
28.81 185.164
28.82 184.806
28.83 185.111
28.84 184.895
28.85 184.23
28.86 183.597
28.87 182.289
28.88 182.798
28.89 181.346
28.9 181.706
28.91 181.678
28.92 181.442
28.93 181.109
28.94 181.007
28.95 180.985
28.96 180.894
28.97 180.799
28.98 180.349
28.99 180.816
29 180.516
29.01 180.526
29.02 180.573
29.03 180.816
29.04 181.15
29.05 181.79
29.06 182.409
29.07 182.043
29.08 182.081
29.09 183.628
29.1 183.883
29.11 184.482
29.12 184.998
29.13 184.746
29.14 185.072
29.15 183.868
29.16 181.617
29.17 180.867
29.18 180.501
29.19 180.088
29.2 180.265
29.21 180.057
29.22 180.206
29.23 180.619
29.24 180.368
29.25 181.357
29.26 181.685
29.27 182.081
29.28 182.437
29.29 183.087
29.3 183.669
29.31 183.75
29.32 182.735
29.33 181.613
29.34 180.738
29.35 180
29.36 179.205
29.37 178.47
29.38 176.065
29.39 175.825
29.4 173.907
29.41 171.943
29.42 171.302
29.43 169.465
29.44 167.299
29.45 164.601
29.46 162.548
29.47 161.302
29.48 158.453
29.49 155.556
29.5 154.042
29.51 147.739
29.52 145.066
29.53 142.105
29.54 138.462
29.55 132.3
29.56 131.25
29.57 122.048
29.58 118.548
29.59 119.837
29.6 115.445
29.61 115.445
29.62 115.445
29.63 115.445
29.64 115.445
29.65 0
29.66 0
29.67 0
29.68 0
29.69 58.4106
29.7 0
29.71 0
29.72 0
29.73 0
29.74 0
29.75 0
29.76 0
29.77 0
29.78 0
29.79 0
29.8 0
29.81 60.6602
29.82 0
29.83 0
29.84 0
29.85 0
29.86 0
29.87 0
29.88 0
29.89 0
29.9 0
29.91 0
29.92 0
29.93 0
29.94 17.8687
29.95 17.8687
29.96 18.1631
29.97 18.1631
29.98 18.1631
29.99 18.1631
30 18.1631
30.01 0
30.02 37.9845
30.03 0
30.04 0
30.05 38.3923
30.06 38.3923
30.07 38.3923
30.08 0
30.09 0
30.1 0
30.11 0
30.12 14.2442
30.13 0
30.14 119.512
30.15 123.645
30.16 123.645
30.17 0
30.18 144.432
30.19 141.346
30.2 140.625
30.21 143.182
30.22 142.95
30.23 139.852
30.24 137.812
30.25 139.263
30.26 140.446
30.27 140.895
30.28 142.258
30.29 142.917
30.3 143.531
30.31 144.78
30.32 147.987
30.33 148.843
30.34 150.113
30.35 150.718
30.36 152.547
30.37 153.707
30.38 155.16
30.39 158.737
30.4 158.737
30.41 158.747
30.42 163.576
30.43 164.47
30.44 166.039
30.45 166.809
30.46 167.979
30.47 168.966
30.48 168.966
30.49 168.966
30.5 168.863
30.51 168.863
30.52 169.243
30.53 169.491
30.54 169.853
30.55 170.106
30.56 170.87
30.57 171.624
30.58 172.21
30.59 173.622
30.6 173.752
30.61 175
30.62 175.487
30.63 175.581
30.64 175.568
30.65 175.673
30.66 175.789
30.67 175.728
30.68 175.66
30.69 175.931
30.7 175.697
30.71 175.634
30.72 175.309
30.73 175.697
30.74 174.699
30.75 174.889
30.76 175.111
30.77 175.321
30.78 175.697
30.79 175.872
30.8 175.907
30.81 176.224
30.82 176.4
30.83 176.683
30.84 176.737
30.85 176.99
30.86 177.108
30.87 177.133
30.88 177.238
30.89 177.173
30.9 177.108
30.91 176.99
30.92 176.915
30.93 176.824
30.94 176.669
30.95 176.772
30.96 176.772
30.97 176.721
30.98 176.824
30.99 177.007
31 177.044
31.01 177.21
31.02 177.303
31.03 177.367
31.04 177.618
31.05 177.751
31.06 177.823
31.07 177.966
31.08 177.937
31.09 178.125
31.1 178.11
31.11 178.049
31.12 178.049
31.13 178.049
31.14 178.028
31.15 178.122
31.16 178.096
31.17 178.125
31.18 178.302
31.19 178.182
31.2 178.272
31.21 178.398
31.22 178.687
31.23 178.893
31.24 178.977
31.25 179.106
31.26 179.21
31.27 179.147
31.28 179.086
31.29 179.136
31.3 179.078
31.31 178.784
31.32 178.753
31.33 178.784
31.34 178.608
31.35 178.657
31.36 178.76
31.37 178.784
31.38 178.889
31.39 179.147
31.4 179.208
31.41 179.332
31.42 179.443
31.43 179.437
31.44 179.329
31.45 179.329
31.46 179.376
31.47 179.327
31.48 179.268
31.49 179.268
31.5 179.192
31.51 179.183
31.52 179.268
31.53 178.687
31.54 177.823
31.55 177.489
31.56 177.131
31.57 177.064
31.58 177.085
31.59 177.203
31.6 177.727
31.61 178.008
31.62 178.317
31.63 178.639
31.64 179.164
31.65 179.372
31.66 179.372
31.67 179.268
31.68 179.086
31.69 179.097
31.7 179.011
31.71 177.823
31.72 178.591
31.73 178.784
31.74 178.784
31.75 178.784
31.76 178.853
31.77 178.841
31.78 178.977
31.79 179.707
31.8 180.526
31.81 181.332
31.82 181.731
31.83 180.738
31.84 177.823
31.85 167.045
31.86 151.027
31.87 151.027
31.88 151.027
31.89 151.027
31.9 151.027
31.91 0
31.92 124.576
31.93 0
31.94 0
31.95 0
31.96 0
31.97 0
31.98 31.1441
31.99 31.321
32 31.321
32.01 0
32.02 334.091
32.03 342.391
32.04 339.231
32.05 342.102
32.06 345.302
32.07 346.335
32.08 346.076
32.09 347.353
32.1 348.474
32.11 351.62
32.12 352.624
32.13 353.256
32.14 355.466
32.15 356.796
32.16 357.809
32.17 358.887
32.18 359.299
32.19 360.401
32.2 360.982
32.21 361.475
32.22 361.624
32.23 361.146
32.24 360.368
32.25 360
32.26 359.755
32.27 359.162
32.28 358.537
32.29 357.913
32.3 357.085
32.31 354.059
32.32 354.545
32.33 354.804
32.34 354.804
32.35 354.804
32.36 354.804
32.37 354.804
32.38 354.107
32.39 353.365
32.4 356.604
32.41 357.085
32.42 357.085
32.43 359.121
32.44 356.974
32.45 350.642
32.46 333.775
32.47 332.97
32.48 330.675
32.49 328.727
32.5 327.881
32.51 324.094
32.52 322.739
32.53 319.896
32.54 318.323
32.55 316.94
32.56 315.347
32.57 312.449
32.58 311.19
32.59 308.238
32.6 306.706
32.61 303.093
32.62 301.318
32.63 297.973
32.64 295.363
32.65 293.302
32.66 290.61
32.67 289.838
32.68 288.235
32.69 289.022
32.7 289.338
32.71 289.267
32.72 289.56
32.73 291.025
32.74 292.053
32.75 293.699
32.76 294.28
32.77 295.211
32.78 295.124
32.79 295.477
32.8 295.69
32.81 295.668
32.82 295.548
32.83 295.82
32.84 295.973
32.85 296.115
32.86 296.399
32.87 296.542
32.88 296.504
32.89 296.222
32.9 295.841
32.91 295.725
32.92 295.049
32.93 294.491
32.94 293.739
32.95 293.389
32.96 292.468
32.97 291.85
32.98 291.877
32.99 292.208
33 291.892
33.01 291.979
33.02 292.053
33.03 292.208
33.04 292.208
33.05 292.053
33.06 291.869
33.07 291.956
33.08 292.229
33.09 292.229
33.1 292.229
33.11 292.343
33.12 292.44
33.13 292.563
33.14 291.702
33.15 292.376
33.16 292.053
33.17 291.043
33.18 290.433
33.19 290.736
33.2 290.736
33.21 290.736
33.22 0
33.23 143.75
33.24 143.861
33.25 143.555
33.26 143.856
33.27 143.92
33.28 143.947
33.29 144.375
33.3 144.57
33.31 144.461
33.32 144.652
33.33 144.118
33.34 143.854
33.35 143.535
33.36 143.248
33.37 142.671
33.38 142.291
33.39 142.193
33.4 142.225
33.41 142.225
33.42 142.736
33.43 142.663
33.44 142.7
33.45 143.027
33.46 143.93
33.47 143.57
33.48 143.629
33.49 144.472
33.5 143.922
33.51 144.344
33.52 144.59
33.53 144.842
33.54 144.568
33.55 144.472
33.56 144.327
33.57 144.327
33.58 144.284
33.59 144.294
33.6 144.547
33.61 144.685
33.62 144.748
33.63 144.748
33.64 145.066
33.65 145.449
33.66 145.763
33.67 146.269
33.68 146.512
33.69 147.788
33.7 147.788
33.71 147.987
33.72 154.196
33.73 158.919
33.74 160.015
33.75 160.447
33.76 160.364
33.77 160.949
33.78 160.364
33.79 160.364
33.8 160.364
33.81 160.169
33.82 159.288
33.83 156.8
33.84 156.225
33.85 155.88
33.86 156.291
33.87 156.897
33.88 157.42
33.89 158.145
33.9 158.633
33.91 158.96
33.92 159.339
33.93 159.617
33.94 159.948
33.95 160.114
33.96 159.948
33.97 159.783
33.98 158.878
33.99 158.108
34 156.225
34.01 154.362
34.02 151.72
34.03 150.933
34.04 149.211
34.05 148.111
34.06 143.315
34.07 141.649
34.08 134.78
34.09 132.632
34.1 124.342
34.11 120.054
34.12 120.054
34.13 120.054
34.14 120.054
34.15 120.054
34.16 0
34.17 0
34.18 0
34.19 0
34.2 122.5
34.21 0
34.22 62.7847
34.23 62.0544
34.24 62.7847
34.25 62.2881
34.26 61.7647
34.27 64.0988
34.28 64.0988
34.29 64.0988
34.3 64.1361
34.31 62.8205
34.32 63.1805
34.33 63.4989
34.34 63.4989
34.35 62.1127
34.36 62.1127
34.37 62.1127
34.38 62.1127
34.39 62.1127
34.4 0
34.41 0
34.42 0
34.43 0
34.44 0
34.45 0
34.46 0
34.47 0
34.48 0
34.49 0
34.5 0
34.51 0
34.52 27.9114
34.53 0
34.54 28.0534
34.55 0
34.56 44.5455
34.57 44.5455
34.58 44.5455
34.59 0
34.6 44.5455
34.61 44.5455
34.62 38.4817
34.63 38.0829
34.64 38.0829
34.65 38.0829
34.66 38.0829
34.67 0
34.68 0
34.69 436.634
34.7 441
34.71 441
34.72 0
34.73 150.341
34.74 148.785
34.75 146.026
34.76 146.026
34.77 147.492
34.78 144.118
34.79 142.626
34.8 142.105
34.81 141.606
34.82 140.111
34.83 139.889
34.84 139.822
34.85 139.798
34.86 139.852
34.87 140.074
34.88 140.595
34.89 141.497
34.9 142.105
34.91 143.325
34.92 144.432
34.93 145.582
34.94 147.164
34.95 148.909
34.96 150.157
34.97 152.636
34.98 154.196
34.99 156.127
35 157.42
35.01 158.985
35.02 159.948
35.03 161.033
35.04 161.623
35.05 162.388
35.06 162.988
35.07 163.42
35.08 164.29
35.09 164.634
35.1 165.169
35.11 166.325
35.12 168.249
35.13 169.942
35.14 171.262
35.15 172.324
35.16 173.567
35.17 174.641
35.18 175.144
35.19 175.837
35.2 176.4
35.21 176.765
35.22 176.886
35.23 176.73
35.24 176.636
35.25 176.354
35.26 176.206
35.27 175.791
35.28 175.511
35.29 175.418
35.3 175.384
35.31 175.418
35.32 175.797
35.33 176.703
35.34 178.362
35.35 178.74
35.36 178.933
35.37 179.633
35.38 179.633
35.39 179.633
35.4 179.633
35.41 179.853
35.42 179.755
35.43 180.105
35.44 177.644
35.45 177.203
35.46 176.777
35.47 176.497
35.48 176.4
35.49 176.4
35.5 176.824
35.51 177.24
35.52 177.823
35.53 178.33
35.54 178.352
35.55 178.371
35.56 178.26
35.57 178.249
35.58 178.249
35.59 178.028
35.6 177.876
35.61 177.657
35.62 177.21
35.63 177.346
35.64 177.194
35.65 176.813
35.66 176.721
35.67 176.909
35.68 176.636
35.69 176.765
35.7 176.665
35.71 176.73
35.72 176.73
35.73 176.741
35.74 176.872
35.75 176.919
35.76 176.966
35.77 176.956
35.78 176.966
35.79 177.078
35.8 177.049
35.81 177.044
35.82 176.804
35.83 176.513
35.84 176.048
35.85 176.071
35.86 175.81
35.87 175.72
35.88 175.511
35.89 175.651
35.9 175.884
35.91 176.127
35.92 176.306
35.93 176.577
35.94 176.796
35.95 176.796
35.96 176.853
35.97 176.781
35.98 176.726
35.99 176.454
36 176.348
36.01 176.183
36.02 175.967
36.03 175.983
36.04 176.098
36.05 176.075
36.06 176.183
36.07 176.254
36.08 176.588
36.09 176.703
36.1 176.703
36.11 176.652
36.12 176.644
36.13 176.497
36.14 176.351
36.15 176.4
36.16 176.243
36.17 176.139
36.18 176.129
36.19 176.454
36.2 176.721
36.21 176.528
36.22 176.872
36.23 176.459
36.24 177.465
36.25 178.11
36.26 178.11
36.27 178.543
36.28 178.543
36.29 179.268
36.3 179.268
36.31 179.268
36.32 180
36.33 180.738
36.34 180.738
36.35 155.83
36.36 155.83
36.37 155.83
36.38 155.83
36.39 155.83
36.4 0
36.41 0
36.42 43.377
36.43 0
36.44 112.5
36.45 110.25
36.46 110.25
36.47 0
36.48 365.47
36.49 350.928
36.5 350.928
36.51 0
36.52 173.864
36.53 174.144
36.54 174.144
36.55 174.703
36.56 174.286
36.57 174.375
36.58 173.938
36.59 174.121
36.6 174.562
36.61 174.446
36.62 174.901
36.63 174.308
36.64 173.818
36.65 174.567
36.66 175.542
36.67 175.587
36.68 176.191
36.69 177.168
36.7 176.662
36.71 176.853
36.72 176.341
36.73 177.078
36.74 177.108
36.75 176.996
36.76 176.623
36.77 176.186
36.78 176.109
36.79 176.144
36.8 176.326
36.81 176.009
36.82 176.118
36.83 176.4
36.84 176.048
36.85 173.896
36.86 168.321
36.87 165.491
36.88 162.874
36.89 156.754
36.9 155.647
36.91 153.927
36.92 153.338
36.93 152.822
36.94 152.463
36.95 152.069
36.96 151.974
36.97 151.586
36.98 151.107
36.99 150.746
37 150.512
37.01 150.256
37.02 150.146
37.03 148.843
37.04 148.652
37.05 147.739
37.06 143.947
37.07 143.707
37.08 143.427
37.09 142.938
37.1 143.266
37.11 143.404
37.12 143.76
37.13 143.883
37.14 144.217
37.15 144.611
37.16 144.627
37.17 144.554
37.18 144.939
37.19 144.667
37.2 144.397
37.21 144.481
37.22 143.943
37.23 143.596
37.24 143.735
37.25 143.405
37.26 143.465
37.27 142.845
37.28 143.042
37.29 143.089
37.3 143.221
37.31 143.612
37.32 143.531
37.33 143.93
37.34 144.118
37.35 144.533
37.36 144.828
37.37 145.434
37.38 145.585
37.39 145.334
37.4 145.679
37.41 145.465
37.42 145.449
37.43 145.465
37.44 145.104
37.45 145.225
37.46 144.799
37.47 144.59
37.48 144.736
37.49 144.748
37.5 144.986
37.51 144.685
37.52 145.066
37.53 145.449
37.54 145.385
37.55 145.397
37.56 145.949
37.57 145.745
37.58 146.269
37.59 146.309
37.6 146.147
37.61 146.309
37.62 146.026
37.63 145.942
37.64 146.107
37.65 145.785
37.66 145.602
37.67 145.733
37.68 145.327
37.69 144.97
37.7 144.93
37.71 144.674
37.72 144.817
37.73 144.799
37.74 144.983
37.75 144.799
37.76 145.106
37.77 144.951
37.78 145.345
37.79 145.693
37.8 145.625
37.81 145.795
37.82 146.512
37.83 146.774
37.84 146.812
37.85 147.157
37.86 146.922
37.87 147.511
37.88 147.039
37.89 146.796
37.9 146.512
37.91 146.431
37.92 146.431
37.93 146.026
37.94 145.833
37.95 146.35
37.96 148.986
37.97 149.323
37.98 150.615
37.99 151.2
38 151.77
38.01 151.77
38.02 151.77
38.03 151.77
38.04 152.244
38.05 152.913
38.06 154.196
38.07 155.282
38.08 156.568
38.09 156.531
38.1 156.057
38.11 156.014
38.12 155.556
38.13 154.846
38.14 154.846
38.15 154.846
38.16 154.846
38.17 154.196
38.18 154.196
38.19 153.338
38.2 152.419
38.21 153.125
38.22 153.222
38.23 153.302
38.24 153.782
38.25 153.947
38.26 154.695
38.27 154.946
38.28 155.534
38.29 155.83
38.3 156.127
38.31 155.988
38.32 155.873
38.33 155.204
38.34 154.528
38.35 152.23
38.36 150.551
38.37 149.445
38.38 148.785
38.39 147.123
38.4 146.165
38.41 143.93
38.42 142.488
38.43 139.117
38.44 136.957
38.45 136.957
38.46 123.876
38.47 122.5
38.48 122.5
38.49 103.037
38.5 103.037
38.51 126.361
38.52 126.361
38.53 127.826
38.54 127.826
38.55 122.841
38.56 122.048
38.57 119.674
38.58 119.837
38.59 119.674
38.6 119.674
38.61 119.674
38.62 119.674
38.63 0
38.64 0
38.65 0
38.66 0
38.67 0
38.68 0
38.69 0
38.7 0
38.71 0
38.72 0
38.73 0
38.74 30.0409
38.75 30.0409
38.76 30.0409
38.77 0
38.78 0
38.79 0
38.8 0
38.81 0
38.82 59.1153
38.83 59.1153
38.84 59.1153
38.85 0
38.86 0
38.87 0
38.88 0
38.89 0
38.9 0
38.91 0
38.92 0
38.93 63.1805
38.94 0
38.95 0
38.96 0
38.97 0
38.98 0
38.99 0
39 0
39.01 125.284
39.02 126
39.03 126
39.04 129.326
39.05 127.212
39.06 127.457
39.07 126.724
39.08 126.24
39.09 125.106
39.1 127.457
39.11 128.947
39.12 134.451
39.13 134.862
39.14 136.111
39.15 137.812
39.16 139.557
39.17 141.045
39.18 141.866
39.19 143.492
39.2 144.212
39.21 145.705
39.22 147.245
39.23 149.687
39.24 151.027
39.25 154.03
39.26 156.067
39.27 158.108
39.28 159.865
39.29 161.243
39.3 161.916
39.31 163.065
39.32 165.598
39.33 166.94
39.34 168.107
39.35 168.816
39.36 169.429
39.37 169.923
39.38 170.232
39.39 171.07
39.4 171.63
39.41 172.131
39.42 173.03
39.43 174.398
39.44 175.051
39.45 175.516
39.46 175.818
39.47 176.06
39.48 175.915
39.49 176.254
39.5 176.299
39.51 175.913
39.52 176.033
39.53 175.837
39.54 175.697
39.55 175.464
39.56 175.507
39.57 175
39.58 175.116
39.59 175
39.6 175
39.61 174.819
39.62 175
39.63 175.111
39.64 175.268
39.65 175.697
39.66 175.443
39.67 176.4
39.68 176.872
39.69 176.872
39.7 177.823
39.71 177.823
39.72 177.823
39.73 176.872
39.74 176.4
39.75 175.931
39.76 175
39.77 174.846
39.78 174.723
39.79 174.496
39.8 174.467
39.81 174.63
39.82 174.63
39.83 174.907
39.84 175.371
39.85 175.872
39.86 176.306
39.87 176.804
39.88 177.382
39.89 177.584
39.9 177.966
39.91 178.362
39.92 178.543
39.93 178.945
39.94 179.658
39.95 179.831
39.96 179.837
39.97 180.105
39.98 180.396
39.99 180.59
40 180.738
40.01 180.738
40.02 176.4
40.03 178.543
40.04 177.823
40.05 176.501
40.06 177.536
40.07 177.346
40.08 178.362
40.09 178.415
40.1 178.415
40.11 178.543
40.12 179.951
40.13 177.733
40.14 178.853
40.15 177.602
40.16 178.995
40.17 178.623
40.18 177.536
40.19 177.108
40.2 176.966
40.21 175.557
40.22 176.4
40.23 175.557
40.24 176.4
40.25 175
40.26 171.656
40.27 173.864
40.28 174.417
40.29 174.792
40.3 174.622
40.31 175.154
40.32 175.557
40.33 175.931
40.34 175.96
40.35 176.024
40.36 176.212
40.37 176.212
40.38 176.312
40.39 176.488
40.4 176.494
40.41 176.588
40.42 176.588
40.43 176.665
40.44 176.588
40.45 176.494
40.46 176.292
40.47 176.299
40.48 176.299
40.49 176.075
40.5 176.075
40.51 176.299
40.52 176.292
40.53 176.306
40.54 176.4
40.55 176.4
40.56 176.636
40.57 176.024
40.58 175.931
40.59 176.4
40.6 176.683
40.61 178.439
40.62 178.439
40.63 177.823
40.64 177.823
40.65 177.823
40.66 175
40.67 176.199
40.68 176.872
40.69 176.915
40.7 176.754
40.71 177.618
40.72 177.156
40.73 176.842
40.74 177.72
40.75 177.584
40.76 177.251
40.77 177.029
40.78 176.872
40.79 175.199
40.8 175.557
40.81 175.697
40.82 176.872
40.83 178.182
40.84 178.926
40.85 179.605
40.86 179.933
40.87 180.294
40.88 179.686
40.89 178.398
40.9 180.245
40.91 181
40.92 180.825
40.93 181.128
40.94 180.738
40.95 180.491
40.96 180.261
40.97 180.127
40.98 180.022
40.99 179.692
41 179.405
41.01 179.136
41.02 178.585
41.03 178.302
41.04 177.918
41.05 175.697
41.06 178.543
41.07 176.509
41.08 176.509
41.09 176.703
41.1 176.588
41.11 175.116
41.12 175.428
41.13 173.168
41.14 174.496
41.15 172.266
41.16 171.262
41.17 171.93
41.18 173.168
41.19 176.144
41.2 176.456
41.21 177.325
41.22 177.108
41.23 177.823
41.24 176.966
41.25 176.966
41.26 175.464
41.27 175.464
41.28 175
41.29 174.723
41.3 175.174
41.31 175.697
41.32 175.931
41.33 176.4
41.34 176.824
41.35 177.227
41.36 177.273
41.37 177.251
41.38 177.602
41.39 177.602
41.4 177.197
41.41 177.061
41.42 176.588
41.43 176.024
41.44 175.651
41.45 175.278
41.46 175.185
41.47 175.278
41.48 175.522
41.49 175.744
41.5 176.212
41.51 176.777
41.52 177.02
41.53 177.441
41.54 177.727
41.55 177.632
41.56 177.441
41.57 177.492
41.58 177.303
41.59 176.872
41.6 176.4
41.61 176.199
41.62 176.165
41.63 176.165
41.64 175.651
41.65 175.634
41.66 175.775
41.67 176.048
41.68 176.602
41.69 176.872
41.7 177.251
41.71 177.823
41.72 178.062
41.73 178.062
41.74 177.644
41.75 177.644
41.76 177.504
41.77 177.251
41.78 177.346
41.79 177.173
41.8 177.432
41.81 177.516
41.82 177.516
41.83 178.11
41.84 178.142
41.85 178.784
41.86 179.086
41.87 179.817
41.88 180.368
41.89 180.886
41.9 180.315
41.91 181.332
41.92 182.231
41.93 181.731
41.94 181.233
41.95 181.332
41.96 180.738
41.97 180.95
41.98 180.738
41.99 180.872
42 180.985
42.01 181.162
42.02 181.388
42.03 181.375
42.04 181.606
42.05 181.781
42.06 182.043
42.07 182.506
42.08 182.684
42.09 182.988
42.1 183.48
42.11 183.75
42.12 183.98
42.13 184.397
42.14 185.443
42.15 184.87
42.16 185.049
42.17 184.906
42.18 184.073
42.19 185.183
42.2 185.164
42.21 183.444
42.22 183.75
42.23 181.034
42.24 178.302
42.25 175.697
42.26 175.697
42.27 175.697
42.28 175.697
42.29 175.697
42.3 175.697
42.31 173.622
42.32 173.622
42.33 177.743
42.34 178.014
42.35 178.336
42.36 177.703
42.37 179.147
42.38 180.17
42.39 178.886
42.4 178.886
42.41 180.442
42.42 180.844
42.43 182.231
42.44 183.368
42.45 183.368
42.46 183.314
42.47 183.314
42.48 184.578
42.49 185.554
42.5 185.554
42.51 185.554
42.52 185.554
42.53 0
42.54 61.3962
42.55 61.3962
42.56 60.8636
42.57 60.8636
42.58 60.4441
42.59 60.4441
42.6 60.4441
42.61 60.1364
42.62 60.1364
42.63 0
42.64 190.086
42.65 0
42.66 193.421
42.67 0
42.68 96.6258
42.69 0
42.7 190.25
42.71 191.739
42.72 189.922
42.73 186.469
42.74 185.436
42.75 183.58
42.76 182.919
42.77 180.886
42.78 174.136
42.79 168.321
42.8 161.145
42.81 156.661
42.82 153.125
42.83 154.534
42.84 153.819
42.85 153.582
42.86 153.379
42.87 153.079
42.88 151.793
42.89 151.338
42.9 149.323
42.91 147.245
42.92 145.545
42.93 142.996
42.94 138.929
42.95 137.705
42.96 135.609
42.97 133.636
42.98 133.123
42.99 131.642
43 129.984
43.01 129.706
43.02 129.42
43.03 129.947
43.04 130.358
43.05 130.731
43.06 131.318
43.07 131.773
43.08 131.957
43.09 132.519
43.1 133.112
43.11 133.162
43.12 133.233
43.13 133.06
43.14 132.946
43.15 132.831
43.16 132.324
43.17 131.964
43.18 131.941
43.19 131.928
43.2 131.446
43.21 131.152
43.22 130.253
43.23 130.473
43.24 131.25
43.25 133.636
43.26 134.862
43.27 134.862
43.28 134.862
43.29 134.862
43.3 136.593
43.31 140
43.32 141.528
43.33 142.541
43.34 143.325
43.35 144.387
43.36 144.118
43.37 143.849
43.38 143.648
43.39 141.346
43.4 140.347
43.41 138.205
43.42 138.078
43.43 138.462
43.44 138.971
43.45 139.194
43.46 139.597
43.47 139.704
43.48 139.919
43.49 140.616
43.5 140.985
43.51 140.76
43.52 140.85
43.53 140.985
43.54 140.916
43.55 140.895
43.56 141.429
43.57 141.687
43.58 141.877
43.59 142.667
43.6 143.24
43.61 143.7
43.62 143.715
43.63 144.071
43.64 144.432
43.65 144.59
43.66 144.59
43.67 144.765
43.68 144.828
43.69 144.658
43.7 144.615
43.71 144.432
43.72 144.284
43.73 144.252
43.74 144.369
43.75 144.387
43.76 144.387
43.77 144.748
43.78 145.202
43.79 145.321
43.8 145.545
43.81 146.026
43.82 146.165
43.83 146.369
43.84 146.512
43.85 146.474
43.86 146.431
43.87 146.325
43.88 146.269
43.89 146.101
43.9 145.785
43.91 145.625
43.92 145.582
43.93 145.36
43.94 145.257
43.95 144.939
43.96 144.939
43.97 144.794
43.98 144.522
43.99 144.669
44 144.511
44.01 144.511
44.02 144.669
44.03 144.846
44.04 144.907
44.05 145.066
44.06 145.305
44.07 145.434
44.08 145.785
44.09 145.73
44.1 145.785
44.11 145.705
44.12 145.655
44.13 145.545
44.14 145.286
44.15 145.066
44.16 144.992
44.17 144.986
44.18 145.139
44.19 145.305
44.2 145.213
44.21 145.545
44.22 145.625
44.23 145.582
44.24 145.705
44.25 145.582
44.26 145.465
44.27 145.286
44.28 144.986
44.29 144.862
44.3 144.669
44.31 144.72
44.32 144.643
44.33 144.709
44.34 144.658
44.35 144.495
44.36 144.354
44.37 144.354
44.38 144.222
44.39 146.026
44.4 145.129
44.41 144.185
44.42 143.397
44.43 143.368
44.44 143.381
44.45 141.892
44.46 140.895
44.47 141.801
44.48 142.718
44.49 145.491
44.5 145.705
44.51 146.442
44.52 148.129
44.53 150
44.54 153.125
44.55 154.196
44.56 154.392
44.57 154.392
44.58 154.392
44.59 154.737
44.6 154.392
44.61 155.501
44.62 156.106
44.63 157.339
44.64 159.321
44.65 160.949
44.66 160.398
44.67 160.604
44.68 160.583
44.69 160.742
44.7 161.018
44.71 161.087
44.72 161.538
44.73 161.815
44.74 161.974
44.75 162.212
44.76 162.451
44.77 162.451
44.78 162.451
44.79 162.451
44.8 163.333
44.81 163.233
44.82 163.199
44.83 163.161
44.84 162.851
44.85 163.223
44.86 163.454
44.87 163.697
44.88 164.421
44.89 164.115
44.9 164.764
44.91 164.508
44.92 164.873
44.93 166.123
44.94 165.21
44.95 166.264
44.96 166.457
44.97 166.16
44.98 166.333
44.99 166.415
45 166.485
45.01 166.6
45.02 166.966
45.03 166.851
45.04 166.625
45.05 165.789
45.06 164.144
45.07 164.144
45.08 164.144
45.09 160.949
45.1 159.872
45.11 160.558
45.12 160.291
45.13 160.698
45.14 161.285
45.15 161.675
45.16 160.949
45.17 161.894
45.18 162.132
45.19 162.531
45.2 162.777
45.21 162.902
45.22 163.161
45.23 163.414
45.24 163.593
45.25 163.767
45.26 163.941
45.27 163.854
45.28 163.506
45.29 163.42
45.3 163.074
45.31 163.092
45.32 162.816
45.33 162.645
45.34 162.731
45.35 162.731
45.36 162.731
45.37 162.816
45.38 162.816
45.39 162.831
45.4 162.785
45.41 162.797
45.42 162.881
45.43 162.731
45.44 162.431
45.45 161.708
45.46 161.538
45.47 161.538
45.48 162.291
45.49 162.371
45.5 162.611
45.51 162.631
45.52 162.531
45.53 162.331
45.54 162.041
45.55 161.766
45.56 161.454
45.57 161.184
45.58 161.391
45.59 162.531
45.6 164.552
45.61 164.963
45.62 171.997
45.63 174.827
45.64 178.254
45.65 180.985
45.66 185.055
45.67 186.443
45.68 192.697
45.69 190.183
45.7 188.381
45.71 186.362
45.72 183.432
45.73 180.861
45.74 179.208
45.75 177.058
45.76 176.118
45.77 175.391
45.78 174.817
45.79 174.417
45.8 174.672
45.81 175.25
45.82 175.771
45.83 176.476
45.84 177.369
45.85 178.028
45.86 178.302
45.87 178.922
45.88 179.304
45.89 179.66
45.9 179.821
45.91 180.06
45.92 180.532
45.93 180.409
45.94 180.688
45.95 180.082
45.96 180.136
45.97 180.464
45.98 180.808
45.99 181.05
46 181.026
46.01 180.653
46.02 180.935
46.03 181.631
46.04 181.92
46.05 182.555
46.06 182.988
46.07 183.314
46.08 183.863
46.09 184.118
46.1 185.294
46.11 185.633
46.12 185.862
46.13 186.2
46.14 186.391
46.15 185.024
46.16 184.777
46.17 184.8
46.18 184.309
46.19 183.82
46.2 183.386
46.21 183.169
46.22 182.006
46.23 181.644
46.24 181.565
46.25 181.481
46.26 180.738
46.27 181.481
46.28 181.432
46.29 180.738
46.3 181.016
46.31 181.856
46.32 181.762
46.33 182.735
46.34 182.893
46.35 182.326
46.36 183.178
46.37 183.368
46.38 182.988
46.39 182.812
46.4 182.988
46.41 181.695
46.42 181.134
46.43 181.202
46.44 180.639
46.45 180.245
46.46 179.451
46.47 179.817
46.48 178.814
46.49 179.463
46.5 179.074
46.51 179.725
46.52 179.725
46.53 180.553
46.54 180.837
46.55 182.231
46.56 182.231
46.57 182.326
46.58 183.273
46.59 182.703
46.6 182.514
46.61 182.765
46.62 181.481
46.63 181.575
46.64 178.543
46.65 178.161
46.66 176.4
46.67 172.856
46.68 170.464
46.69 167.868
46.7 167.344
46.71 165.879
46.72 165.216
46.73 163.664
46.74 162.491
46.75 160.114
46.76 159.206
46.77 144.212
46.78 139.889
46.79 135
46.8 125.205
46.81 122.403
46.82 120.756
46.83 120.712
46.84 113.953
46.85 116.667
46.86 116.667
46.87 125.284
46.88 125.284
46.89 125.284
46.9 125.284
46.91 0
46.92 0
46.93 0
46.94 32.0611
46.95 0
46.96 0
46.97 32.7151
46.98 0
46.99 0
47 0
47.01 12.4016
47.02 0
47.03 0
47.04 60.0272
47.05 60.9116
47.06 60.7773
47.07 61.165
47.08 60.5769
47.09 60.7438
47.1 60.7438
47.11 60.7438
47.12 59.9728
47.13 59.9728
47.14 59.9728
47.15 59.9728
47.16 51.2791
47.17 51.2791
47.18 0
47.19 0
47.2 0
47.21 0
47.22 0
47.23 0
47.24 0
47.25 0
47.26 0
47.27 0
47.28 0
47.29 0
47.3 16.3333
47.31 0
47.32 117.287
47.33 117.287
47.34 117.287
47.35 117.287
47.36 117.287
47.37 117.287
47.38 117.287
47.39 123.529
47.4 123.529
47.41 123.529
47.42 123.529
47.43 123.529
47.44 0
47.45 0
47.46 0
47.47 0
47.48 0
47.49 0
47.5 0
47.51 0
47.52 0
47.53 142.258
47.54 139.557
47.55 137.383
47.56 138.1
47.57 138.389
47.58 139.557
47.59 140.895
47.6 144.748
47.61 146.026
47.62 148.652
47.63 149.854
47.64 151.72
47.65 152.595
47.66 154.286
47.67 155.83
47.68 158.809
47.69 163.738
47.7 167.59
47.71 172.603
47.72 173.077
47.73 173.622
47.74 174.079
47.75 174.496
47.76 174.538
47.77 174.802
47.78 175.185
47.79 175.522
47.8 175.931
47.81 176.212
47.82 176.588
47.83 176.931
47.84 177.286
47.85 177.727
47.86 178.206
47.87 178.452
47.88 178.814
47.89 179.086
47.9 179.366
47.91 179.463
47.92 179.542
47.93 179.542
47.94 179.542
47.95 179.463
47.96 179.542
47.97 179.725
47.98 179.908
47.99 180.184
48 180.344
48.01 180.46
48.02 180.83
48.03 181.016
48.04 181.202
48.05 181.432
48.06 181.575
48.07 181.668
48.08 181.762
48.09 181.668
48.1 181.668
48.11 181.631
48.12 181.388
48.13 181.202
48.14 180.923
48.15 180.738
48.16 180.639
48.17 180.553
48.18 180.46
48.19 180.553
48.2 180.923
48.21 181.134
48.22 181.481
48.23 181.856
48.24 182.231
48.25 182.326
48.26 182.609
48.27 182.836
48.28 182.893
48.29 182.893
48.3 182.703
48.31 182.771
48.32 182.609
48.33 182.643
48.34 182.735
48.35 182.663
48.36 182.533
48.37 181.588
48.38 181.034
48.39 181.016
48.4 180.923
48.41 180.923
48.42 181.109
48.43 181.134
48.44 181.109
48.45 180.923
48.46 180.83
48.47 180.738
48.48 180.837
48.49 181.034
48.5 181.295
48.51 181.388
48.52 181.388
48.53 181.481
48.54 181.631
48.55 181.668
48.56 181.668
48.57 181.388
48.58 181.202
48.59 181.034
48.6 180.923
48.61 180.83
48.62 180.738
48.63 180.645
48.64 180.54
48.65 180.344
48.66 180.276
48.67 180.092
48.68 180
48.69 179.853
48.7 179.853
48.71 179.817
48.72 179.908
48.73 180
48.74 180.245
48.75 180.442
48.76 180.46
48.77 180.46
48.78 180.276
48.79 180.147
48.8 180.049
48.81 179.908
48.82 179.633
48.83 179.451
48.84 179.171
48.85 179.268
48.86 179.451
48.87 179.725
48.88 179.908
48.89 180.049
48.9 180.147
48.91 180.184
48.92 180
48.93 179.725
48.94 179.56
48.95 179.268
48.96 179.086
48.97 178.905
48.98 178.784
48.99 178.784
49 178.88
49.01 178.995
49.02 179.268
49.03 179.463
49.04 179.658
49.05 179.725
49.06 179.725
49.07 179.908
49.08 179.853
49.09 179.853
49.1 179.817
49.11 179.817
49.12 179.725
49.13 179.755
49.14 179.755
49.15 179.79
49.16 179.755
49.17 179.853
49.18 179.817
49.19 179.755
49.2 179.853
49.21 180
49.22 179.268
49.23 177.966
49.24 177.692
49.25 177.823
49.26 178.832
49.27 178.784
49.28 179.268
49.29 179.944
49.3 179.975
49.31 180.491
49.32 180.738
49.33 181.215
49.34 181.353
49.35 181.554
49.36 180.916
49.37 181.183
49.38 181.481
49.39 181.285
49.4 180.96
49.41 180.886
49.42 180.738
49.43 180.573
49.44 180.582
49.45 180.491
49.46 180.409
49.47 180.477
49.48 180.553
49.49 181.295
49.5 181.295
49.51 181.856
49.52 182.043
49.53 182.326
49.54 182.533
49.55 182.798
49.56 182.893
49.57 182.988
49.58 183.083
49.59 182.988
49.6 182.893
49.61 182.798
49.62 182.798
49.63 182.798
49.64 182.798
49.65 183.038
49.66 182.703
49.67 182.663
49.68 182.988
49.69 183.314
49.7 183.205
49.71 183.75
49.72 184.189
49.73 184.134
49.74 184.23
49.75 184.422
49.76 184.134
49.77 184.326
49.78 184.038
49.79 184.23
49.8 184.134
49.81 184.038
49.82 184.134
49.83 184.201
49.84 184.201
49.85 184.326
49.86 184.038
49.87 183.654
49.88 183.205
49.89 182.555
49.9 182.116
49.91 182.131
49.92 181.762
49.93 181.295
49.94 181.056
49.95 180.985
49.96 179.755
49.97 179.268
49.98 178.905
49.99 177.823
50 176.048
50.01 170.49
50.02 169.095
50.03 165.375
50.04 159.783
50.05 159.783
50.06 159.783
50.07 159.783
50.08 159.783
50.09 0
50.1 0
50.11 39.5161
50.12 0
50.13 0
50.14 0
50.15 0
50.16 12.5427
50.17 0
50.18 0
50.19 58.1794
50.2 58.1794
50.21 58.1794
50.22 0
50.23 0
50.24 0
50.25 0
50.26 0
50.27 0
50.28 0
50.29 0
50.3 0
50.31 0
50.32 0
50.33 0
50.34 0
50.35 0
50.36 141.801
50.37 143.883
50.38 144.685
50.39 145.476
50.4 145.785
50.41 145.066
50.42 145.613
50.43 145.24
50.44 145.434
50.45 145.365
50.46 145.962
50.47 145.807
50.48 146.026
50.49 145.833
50.5 146.026
50.51 146.143
50.52 146.366
50.53 146.463
50.54 146.147
50.55 146.311
50.56 146.712
50.57 146.86
50.58 148.413
50.59 150.17
50.6 152.992
50.61 155.885
50.62 157.444
50.63 160.491
50.64 162.419
50.65 164.144
50.66 164.706
50.67 167.338
50.68 168.733
50.69 170.49
50.7 172.202
50.71 173.263
50.72 174.538
50.73 175.214
50.74 174.874
50.75 175.827
50.76 176.518
50.77 177.058
50.78 177.937
50.79 178.28
50.8 178.76
50.81 179.56
50.82 179.73
50.83 179.467
50.84 179.395
50.85 179.502
50.86 179.662
50.87 179.619
50.88 179.39
50.89 179.332
50.9 179.322
50.91 179.605
50.92 179.887
50.93 180.545
50.94 180.67
50.95 181.183
50.96 181.346
50.97 181.449
50.98 181.346
50.99 181.304
51 181.233
51.01 181.034
51.02 180.294
51.03 180
51.04 179.951
51.05 179.324
51.06 179.457
51.07 178.995
51.08 178.94
51.09 178.801
51.1 178.491
51.11 178.473
51.12 178.286
51.13 178.169
51.14 177.876
51.15 177.982
51.16 177.708
51.17 177.765
51.18 177.953
51.19 178.167
51.2 178.302
51.21 179.171
51.22 179.853
51.23 179.73
51.24 179.649
51.25 179.853
51.26 179.686
51.27 179.633
51.28 179.477
51.29 179.268
51.3 178.929
51.31 178.784
51.32 178.767
51.33 178.603
51.34 178.872
51.35 178.74
51.36 179.078
51.37 179.202
51.38 179.152
51.39 179.43
51.4 179.484
51.41 179.677
51.42 179.817
51.43 179.755
51.44 179.647
51.45 179.414
51.46 179.463
51.47 179.067
51.48 178.837
51.49 178.487
51.5 178.431
51.51 178.386
51.52 177.953
51.53 178.149
51.54 178.302
51.55 178.11
51.56 178.639
51.57 178.13
51.58 178.07
51.59 178.169
51.6 177.988
51.61 177.651
51.62 177.593
51.63 177.602
51.64 177.763
51.65 177.708
51.66 177.88
51.67 177.876
51.68 178.233
51.69 178.543
51.7 179.067
51.71 179.463
51.72 179.463
51.73 179.319
51.74 179.56
51.75 179.667
51.76 179.667
51.77 179.784
51.78 179.658
51.79 180.049
51.8 180.049
51.81 180.245
51.82 180.738
51.83 180.738
51.84 180.985
51.85 180.837
51.86 180.738
51.87 180.912
51.88 180.935
51.89 181.295
51.9 181.295
51.91 181.525
51.92 181.836
51.93 181.905
51.94 181.97
51.95 181.918
51.96 181.931
51.97 181.731
51.98 181.531
51.99 181.435
52 181.388
52.01 181.353
52.02 181.481
52.03 181.432
52.04 181.375
52.05 181.309
52.06 181.856
52.07 183.096
52.08 182.955
52.09 183.241
52.1 183.163
52.11 182.58
52.12 181.375
52.13 181.109
52.14 181.109
52.15 180.491
52.16 180.664
52.17 180.805
52.18 180.738
52.19 181.357
52.2 181.285
52.21 182.101
52.22 182.101
52.23 181.814
52.24 182.364
52.25 182.143
52.26 181.79
52.27 181.35
52.28 181.174
52.29 181.109
52.3 181.174
52.31 181.701
52.32 181.613
52.33 182.043
52.34 182.326
52.35 182.533
52.36 182.514
52.37 182.703
52.38 182.609
52.39 182.514
52.4 182.42
52.41 182.514
52.42 182.609
52.43 182.988
52.44 183.368
52.45 183.75
52.46 184.134
52.47 184.038
52.48 184.134
52.49 184.134
52.5 184.038
52.51 183.463
52.52 182.937
52.53 182.514
52.54 181.856
52.55 181.202
52.56 180.923
52.57 180.442
52.58 180.147
52.59 180.092
52.6 180
52.61 180.092
52.62 179.951
52.63 180
52.64 179.837
52.65 180
52.66 179.817
52.67 179.56
52.68 178.977
52.69 178.002
52.7 177.618
52.71 177.227
52.72 176.683
52.73 174.692
52.74 174.653
52.75 174.653
52.76 170.93
52.77 169.74
52.78 169.276
52.79 169.182
52.8 168.812
52.81 168.253
52.82 167.681
52.83 167.574
52.84 166.816
52.85 165.627
52.86 165.249
52.87 163.767
52.88 163.247
52.89 162.531
52.9 162.041
52.91 162.041
52.92 161.538
52.93 160.736
52.94 160.597
52.95 160.364
52.96 158.76
52.97 159.014
52.98 157.661
52.99 154.331
53 150.821
53.01 147.327
53.02 143.182
53.03 143.182
53.04 143.182
53.05 143.182
53.06 143.182
53.07 0
53.08 0
53.09 100.685
53.1 0
53.11 0
53.12 0
53.13 0
53.14 0
53.15 0
53.16 0
53.17 63.913
53.18 63.3361
53.19 63.8514
53.2 63.8514
53.21 63.839
53.22 63.839
53.23 63.839
53.24 0
53.25 0
53.26 0
53.27 0
53.28 0
53.29 0
53.3 0
53.31 0
53.32 0
53.33 0
53.34 0
53.35 0
53.36 0
53.37 0
53.38 0
53.39 60.1637
53.4 63
53.41 63
53.42 0
53.43 0
53.44 344.531
53.45 0
53.46 134.124
53.47 132.234
53.48 133.907
53.49 133.233
53.5 132.992
53.51 133.333
53.52 133.555
53.53 133.489
53.54 133.824
53.55 133.868
53.56 133.926
53.57 134.217
53.58 134.641
53.59 134.383
53.6 134.931
53.61 135.201
53.62 135.201
53.63 135.762
53.64 136.571
53.65 137.312
53.66 137.812
53.67 138.838
53.68 139.336
53.69 139.631
53.7 140.297
53.71 140.595
53.72 140.745
53.73 140.745
53.74 140.895
53.75 140.82
53.76 140.97
53.77 140.97
53.78 141.017
53.79 140.985
53.8 141.165
53.81 141.075
53.82 141.256
53.83 141.528
53.84 141.573
53.85 142.534
53.86 142.811
53.87 143.182
53.88 143.351
53.89 143.776
53.9 144.306
53.91 144.979
53.92 145.353
53.93 145.414
53.94 145.545
53.95 145.545
53.96 145.434
53.97 145.465
53.98 145.213
53.99 145.066
54 144.846
54.01 144.59
54.02 144.7
54.03 144.669
54.04 144.748
54.05 145.225
54.06 145.545
54.07 146.175
54.08 146.674
54.09 146.925
54.1 147.245
54.11 147.378
54.12 147.574
54.13 147.454
54.14 147.409
54.15 147.227
54.16 147.082
54.17 147
54.18 147
54.19 146.849
54.2 147.082
54.21 147.302
54.22 147.302
54.23 147.378
54.24 147.454
54.25 147.245
54.26 147.075
54.27 146.837
54.28 146.549
54.29 146.188
54.3 145.804
54.31 145.385
54.32 145.139
54.33 144.907
54.34 144.748
54.35 144.907
54.36 144.986
54.37 145.434
54.38 145.625
54.39 146.175
54.4 146.755
54.41 147.227
54.42 147.574
54.43 147.606
54.44 147.656
54.45 147.454
54.46 147.327
54.47 147.075
54.48 146.674
54.49 146.325
54.5 146.25
54.51 146.107
54.52 146.101
54.53 146.188
54.54 146.026
54.55 146.107
54.56 145.952
54.57 145.939
54.58 145.93
54.59 145.785
54.6 145.888
54.61 145.737
54.62 145.865
54.63 146.175
54.64 146.35
54.65 146.911
54.66 147.987
54.67 148.271
54.68 148.886
54.69 150
54.7 150.439
54.71 150.855
54.72 151.286
54.73 151.524
54.74 151.869
54.75 151.271
54.76 151.873
54.77 151.761
54.78 151.315
54.79 151.085
54.8 150.485
54.81 150.89
54.82 150.32
54.83 149.782
54.84 149.564
54.85 149.419
54.86 148.699
54.87 148.986
54.88 148.735
54.89 148.53
54.9 148.279
54.91 148.235
54.92 148.069
54.93 147.109
54.94 146.026
54.95 145.161
54.96 144.986
54.97 144.828
54.98 144.669
54.99 144.59
55 144.846
55.01 144.828
55.02 144.919
55.03 145.066
55.04 145.213
55.05 145.545
55.06 145.465
55.07 145.625
55.08 145.385
55.09 145.066
55.1 144.773
55.11 144.773
55.12 144.039
55.13 144.455
55.14 144.118
55.15 144.432
55.16 144.196
55.17 144.554
55.18 144.335
55.19 144.748
55.2 144.846
55.21 144.907
55.22 144.846
55.23 144.669
55.24 144.7
55.25 144.59
55.26 144.669
55.27 144.59
55.28 144.748
55.29 144.627
55.3 144.59
55.31 144.773
55.32 144.907
55.33 145.066
55.34 145.145
55.35 145.145
55.36 144.986
55.37 145.066
55.38 144.919
55.39 144.907
55.4 144.846
55.41 144.669
55.42 144.481
55.43 144.432
55.44 144.275
55.45 144.275
55.46 144.275
55.47 144.19
55.48 143.961
55.49 143.828
55.5 143.648
55.51 144.196
55.52 143.726
55.53 143.726
55.54 143.648
55.55 143.648
55.56 143.756
55.57 143.726
55.58 143.684
55.59 143.182
55.6 143.648
55.61 143.415
55.62 143.182
55.63 143.182
55.64 142.996
55.65 142.77
55.66 143.079
55.67 142.996
55.68 142.996
55.69 143.079
55.7 143.315
55.71 143.066
55.72 142.718
55.73 142.462
55.74 142.075
55.75 141.725
55.76 141.67
55.77 140.895
55.78 140.595
55.79 140.446
55.8 140.297
55.81 140.297
55.82 140.446
55.83 140.67
55.84 140.82
55.85 141.045
55.86 141.346
55.87 141.725
55.88 141.801
55.89 141.877
55.9 141.953
55.91 142.029
55.92 142.029
55.93 141.836
55.94 141.766
55.95 141.625
55.96 141.416
55.97 141.346
55.98 141.264
55.99 141.145
56 141.007
56.01 140.574
56.02 140.625
56.03 140.584
56.04 141.088
56.05 141.403
56.06 141.851
56.07 142.201
56.08 142.616
56.09 142.889
56.1 142.996
56.11 143.055
56.12 143.182
56.13 143.097
56.14 142.95
56.15 143.035
56.16 142.784
56.17 142.94
56.18 142.95
56.19 143.02
56.2 143.013
56.21 143.138
56.22 143.182
56.23 142.903
56.24 142.903
56.25 142.649
56.26 142.616
56.27 142.113
56.28 142.127
56.29 141.909
56.3 141.9
56.31 141.842
56.32 141.71
56.33 141.746
56.34 141.637
56.35 141.673
56.36 141.637
56.37 141.46
56.38 141.26
56.39 141.21
56.4 141.21
56.41 141.301
56.42 141.387
56.43 141.497
56.44 141.63
56.45 141.63
56.46 141.892
56.47 141.892
56.48 141.71
56.49 141.264
56.5 141.12
56.51 141.195
56.52 140.745
56.53 140.595
56.54 140.297
56.55 140.148
56.56 139.798
56.57 140
56.58 140
56.59 140
56.6 139.852
56.61 139.937
56.62 140
56.63 139.911
56.64 140.745
56.65 140.446
56.66 140.446
56.67 140.308
56.68 140.308
56.69 140.386
56.7 140.51
56.71 140.565
56.72 140.985
56.73 140.945
56.74 141.264
56.75 141.618
56.76 142.718
56.77 142.845
56.78 143.027
56.79 143.492
56.8 143.691
56.81 143.836
56.82 144.472
56.83 144.522
56.84 144.495
56.85 144.354
56.86 143.315
56.87 143.315
56.88 144.032
56.89 144.32
56.9 144.862
56.91 144.875
56.92 144.865
56.93 145.018
56.94 145.111
56.95 145.202
56.96 145.37
56.97 145.357
56.98 145.37
56.99 145.425
57 145.545
57.01 145.588
57.02 145.588
57.03 145.632
57.04 145.57
57.05 145.705
57.06 145.671
57.07 145.36
57.08 145.758
57.09 145.785
57.1 145.906
57.11 146.107
57.12 146.158
57.13 146.291
57.14 146.486
57.15 146.689
57.16 146.674
57.17 146.544
57.18 146.483
57.19 146.369
57.2 145.962
57.21 145.758
57.22 145.385
57.23 145.305
57.24 144.965
57.25 144.96
57.26 145.013
57.27 144.954
57.28 145.185
57.29 145.321
57.3 145.613
57.31 145.705
57.32 145.73
57.33 145.785
57.34 145.73
57.35 145.625
57.36 145.407
57.37 145.213
57.38 145.202
57.39 144.919
57.4 145.139
57.41 144.919
57.42 144.7
57.43 144.93
57.44 144.919
57.45 145.321
57.46 145.449
57.47 145.365
57.48 145.385
57.49 145.577
57.5 145.751
57.51 145.665
57.52 145.629
57.53 145.751
57.54 145.513
57.55 145.407
57.56 145.291
57.57 145.178
57.58 144.887
57.59 144.709
57.6 144.554
57.61 144.263
57.62 144.275
57.63 144.118
57.64 144
57.65 143.492
57.66 143.368
57.67 142.565
57.68 142.258
57.69 138.679
57.7 138.679
57.71 138.679
57.72 138.679
57.73 138.679
57.74 0
57.75 0
57.76 0
57.77 0
57.78 0
57.79 31.2766
57.8 31.2766
57.81 31.2766
57.82 31.2766
57.83 31.2766
57.84 31.2766
57.85 31.2766
57.86 31.2766
57.87 31.2766
57.88 31.2766
57.89 0
57.9 0
57.91 112.309
57.92 0
57.93 116.976
57.94 116.976
57.95 122.228
57.96 122.228
57.97 122.228
57.98 0
57.99 0
58 12.3184
58.01 0
58.02 0
58.03 0
58.04 0
58.05 0
58.06 0
58.07 0
58.08 0
58.09 0
58.1 0
58.11 0
58.12 0
58.13 0
58.14 0
58.15 0
58.16 0
58.17 0
58.18 139.557
58.19 0
58.2 68.9781
58.21 0
58.22 0
58.23 0
58.24 0
58.25 199.548
58.26 0
58.27 130.319
58.28 134.451
58.29 137.127
58.3 139.557
58.31 141.476
58.32 142.718
58.33 144.235
58.34 145.939
58.35 147.21
58.36 148.111
58.37 148.413
58.38 150.724
58.39 151.7
58.4 153.313
58.41 154.556
58.42 156.325
58.43 159.25
58.44 161.402
58.45 162.684
58.46 163.24
58.47 163.657
58.48 163.844
58.49 163.996
58.5 164.111
58.51 164.461
58.52 164.552
58.53 165.747
58.54 163.877
58.55 164.963
58.56 166.091
58.57 164.13
58.58 166.177
58.59 166.177
58.6 164.13
58.61 166.091
58.62 164.963
58.63 163.877
58.64 165.661
58.65 164.47
58.66 163.208
58.67 165.062
58.68 163.828
58.69 163.613
58.7 163.384
58.71 163.228
58.72 163.103
58.73 162.952
58.74 162.797
58.75 162.731
58.76 162.806
58.77 162.956
58.78 162.851
58.79 163.092
58.8 163.092
58.81 163.092
58.82 163.253
58.83 163.593
58.84 163.767
58.85 163.839
58.86 163.738
58.87 163.8
58.88 163.636
58.89 163.981
58.9 163.561
58.91 162.988
58.92 162.567
58.93 161.657
58.94 160.417
58.95 159.363
58.96 157.5
58.97 157.5
58.98 157.241
58.99 157.42
59 157.76
59.01 158.021
59.02 158.389
59.03 158.633
59.04 158.796
59.05 158.897
59.06 159.014
59.07 159.288
59.08 159.427
59.09 159.661
59.1 159.783
59.11 159.879
59.12 159.934
59.13 160.059
59.14 160.169
59.15 160.237
59.16 160.247
59.17 160.274
59.18 160.218
59.19 160.267
59.2 160.237
59.21 160.205
59.22 160.225
59.23 160.14
59.24 159.916
59.25 160.543
59.26 160.389
59.27 160.705
59.28 161.398
59.29 161.391
59.3 162.236
59.31 162.404
59.32 162.602
59.33 162.516
59.34 162.379
59.35 162.05
59.36 161.538
59.37 161.09
59.38 160.949
59.39 160.855
59.4 161.493
59.41 161.137
59.42 160.723
59.43 161.145
59.44 161.205
59.45 160.998
59.46 160.949
59.47 160.904
59.48 161.22
59.49 160.714
59.5 160.364
59.51 160.732
59.52 160.364
59.53 160.274
59.54 160.768
59.55 160.796
59.56 161.09
59.57 161.102
59.58 161.243
59.59 160.893
59.6 161.341
59.61 161.665
59.62 161.279
59.63 160.558
59.64 160.64
59.65 161.117
59.66 160.237
59.67 160.629
59.68 161.163
59.69 160.614
59.7 161.005
59.71 160.781
59.72 161.377
59.73 161.499
59.74 160.51
59.75 159.919
59.76 159.617
59.77 159.605
59.78 159.467
59.79 158.747
59.8 158.206
59.81 157.688
59.82 152.069
59.83 145.641
59.84 139.557
59.85 139.557
59.86 134.451
59.87 134.451
59.88 140.745
59.89 142.626
59.9 147.492
59.91 150.384
59.92 157.25
59.93 163.485
59.94 167.808
59.95 170.176
59.96 171.013
59.97 172.806
59.98 173.964
59.99 175
60 175.72
60.01 177.269
60.02 178.379
60.03 178.543
60.04 178.784
60.05 179.017
60.06 178.784
60.07 178.608
60.08 178.302
60.09 178.127
60.1 178.269
60.11 178.418
60.12 178.687
60.13 178.407
60.14 178.35
60.15 178.473
60.16 178.659
60.17 178.995
60.18 179.755
60.19 179.868
60.2 180.833
60.21 180.902
60.22 181.856
60.23 182.064
60.24 182.638
60.25 183.14
60.26 182.775
60.27 182.292
60.28 181.931
60.29 181.332
60.3 180.872
60.31 181.075
60.32 180.402
60.33 180.67
60.34 180.175
60.35 180.738
60.36 180.564
60.37 182.231
60.38 182.76
60.39 183.348
60.4 183.589
60.41 183.93
60.42 184.006
60.43 184.021
60.44 183.156
60.45 182.798
60.46 182.409
60.47 181.79
60.48 181.831
60.49 181.701
60.5 182.137
60.51 181.575
60.52 182.143
60.53 182.609
60.54 182.231
60.55 182.514
60.56 182.988
60.57 182.988
60.58 183.58
60.59 183.992
60.6 184.024
60.61 184.067
60.62 184.091
60.63 184.118
60.64 184.189
60.65 183.969
60.66 184.154
60.67 184.316
60.68 183.287
60.69 183.178
60.7 182.94
60.71 182.893
60.72 183.178
60.73 183.602
60.74 183.849
60.75 184.108
60.76 184.622
60.77 184.828
60.78 185.244
60.79 185.179
60.8 185.654
60.81 185.424
60.82 185.22
60.83 184.519
60.84 185.139
60.85 184.383
60.86 184.383
60.87 184.292
60.88 184.347
60.89 184.347
60.9 184.262
60.91 184.433
60.92 184.006
60.93 184.673
60.94 184.828
60.95 184.967
60.96 184.998
60.97 184.754
60.98 184.967
60.99 184.967
61 184.983
61.01 184.828
61.02 184.804
61.03 183.92
61.04 183.954
61.05 183.846
61.06 183.241
61.07 183.241
61.08 183.038
61.09 183.038
61.1 183.14
61.11 183.14
61.12 183.58
61.13 183.14
61.14 183.403
61.15 183.403
61.16 183.021
61.17 183.241
61.18 183.079
61.19 182.754
61.2 182.696
61.21 182.166
61.22 182.3
61.23 182.519
61.24 182.3
61.25 182.368
61.26 182.428
61.27 182.131
61.28 182.311
61.29 181.762
61.3 181.668
61.31 181.575
61.32 181.668
61.33 181.831
61.34 182.32
61.35 182.326
61.36 182.609
61.37 182.567
61.38 183.348
61.39 183.348
61.4 182.948
61.41 182.788
61.42 182.549
61.43 182.231
61.44 181.981
61.45 181.233
61.46 179.957
61.47 178.623
61.48 178.543
61.49 175.853
61.5 172.715
61.51 171.129
61.52 170.578
61.53 167.723
61.54 165.893
61.55 164.144
61.56 154
61.57 147.409
61.58 145.161
61.59 135.579
61.6 134.451
61.61 131.698
61.62 123.529
61.63 121.265
61.64 118.125
61.65 114.052
61.66 110.99
61.67 109.158
61.68 102.083
61.69 102.083
61.7 95.4545
61.71 95.4545
61.72 95.4545
61.73 95.4545
61.74 95.4545
61.75 0
61.76 132.831
61.77 0
61.78 0
61.79 0
61.8 20.7627
61.81 20.7823
61.82 20.7237
61.83 20.7823
61.84 20.7823
61.85 20.7823
61.86 20.7823
61.87 0
61.88 12.4436
61.89 0
61.9 0
61.91 0
61.92 0
61.93 0
61.94 0
61.95 0
61.96 0
61.97 0
61.98 0
61.99 0
62 0
62.01 0
62.02 0
62.03 0
62.04 0
62.05 0
62.06 0
62.07 0
62.08 0
62.09 0
62.1 0
62.11 0
62.12 0
62.13 0
62.14 0
62.15 131.25
62.16 140.895
62.17 140.895
62.18 0
62.19 142.258
62.2 142.258
62.21 142.258
62.22 0
62.23 140.745
62.24 0
62.25 0
62.26 0
62.27 0
62.28 0
62.29 0
62.3 0
62.31 0
