0 48.8914
0.01 48.8914
0.02 48.8914
0.03 0
0.04 432.353
0.05 432.353
0.06 432.353
0.07 432.353
0.08 432.353
0.09 432.353
0.1 432.353
0.11 432.353
0.12 432.353
0.13 432.353
0.14 432.353
0.15 432.353
0.16 0
0.17 0
0.18 0
0.19 0
0.2 0
0.21 0
0.22 25.0568
0.23 25
0.24 25
0.25 0
0.26 24.6644
0.27 0
0.28 25.4032
0.29 0
0.3 72.5329
0.31 0
0.32 223.858
0.33 0
0.34 501.136
0.35 0
0.36 441
0.37 0
0.38 0
0.39 138.679
0.4 0
0.41 158.633
0.42 167.299
0.43 173.427
0.44 186.076
0.45 197.126
0.46 206.8
0.47 219.106
0.48 225.493
0.49 226.985
0.5 231.389
0.51 235.703
0.52 238.593
0.53 239.674
0.54 241.294
0.55 242.7
0.56 245.341
0.57 247.985
0.58 250.704
0.59 252.481
0.6 254.737
0.61 257.393
0.62 257.895
0.63 258.326
0.64 258.977
0.65 259.534
0.66 260.599
0.67 261.296
0.68 261.745
0.69 262.408
0.7 262.982
0.71 263.785
0.72 264.262
0.73 264.69
0.74 264.876
0.75 264.982
0.76 265.099
0.77 265.041
0.78 264.878
0.79 264.839
0.8 264.617
0.81 264.315
0.82 264.006
0.83 263.771
0.84 264.033
0.85 264.883
0.86 265.596
0.87 266.523
0.88 267.057
0.89 267.202
0.9 267.453
0.91 267.615
0.92 267.697
0.93 266.925
0.94 267.117
0.95 266.602
0.96 266.304
0.97 265.488
0.98 264.816
0.99 265.051
1 264.6
1.01 264.865
1.02 265.417
1.03 265.944
1.04 266.58
1.05 267.217
1.06 267.691
1.07 268.039
1.08 268.289
1.09 268.383
1.1 268.1
1.11 268.098
1.12 267.906
1.13 267.402
1.14 267.361
1.15 266.837
1.16 266.465
1.17 265.876
1.18 266.626
1.19 266.949
1.2 266.591
1.21 266.934
1.22 268.167
1.23 268.3
1.24 268.448
1.25 268.357
1.26 268.325
1.27 268.139
1.28 267.889
1.29 267.522
1.3 267.273
1.31 267.138
1.32 267.138
1.33 267.343
1.34 267.408
1.35 267.408
1.36 267.484
1.37 267.408
1.38 267.408
1.39 267.343
1.4 267.273
1.41 267.273
1.42 267.202
1.43 267.07
1.44 267.338
1.45 267.404
1.46 267.641
1.47 267.987
1.48 268.221
1.49 268.493
1.5 268.493
1.51 268.493
1.52 268.399
1.53 267.543
1.54 266.5
1.55 263.94
1.56 257.635
1.57 255.229
1.58 253.565
1.59 251.521
1.6 250.687
1.61 248.151
1.62 246.877
1.63 244.276
1.64 238.378
1.65 232.105
1.66 247.374
1.67 252.206
1.68 256.136
1.69 264.072
1.7 247.753
1.71 243.199
1.72 239.096
1.73 237.779
1.74 236.975
1.75 236.875
1.76 236.875
1.77 236.875
1.78 236.875
1.79 236.875
1.8 236.13
1.81 235.485
1.82 240.51
1.83 242.187
1.84 242.539
1.85 243.326
1.86 243.01
1.87 242.712
1.88 241.738
1.89 240.406
1.9 239.674
1.91 238.53
1.92 238.378
1.93 238.41
1.94 239.024
1.95 239.674
1.96 241.172
1.97 241.534
1.98 241.593
1.99 241.534
2 241.423
2.01 241.142
2.02 240.655
2.03 239.783
2.04 237.95
2.05 236.461
2.06 234.122
2.07 232.286
2.08 231.193
2.09 229.615
2.1 228.08
2.11 226.476
2.12 225.685
2.13 225.248
2.14 225.255
2.15 225.062
2.16 224.713
2.17 224.828
2.18 224.713
2.19 224.647
2.2 224.37
2.21 223.688
2.22 223.404
2.23 222.785
2.24 222.255
2.25 221.751
2.26 221.449
2.27 221.237
2.28 221.56
2.29 220.133
2.3 219.872
2.31 219.403
2.32 219.221
2.33 219.04
2.34 218.984
2.35 219.04
2.36 219.04
2.37 219.002
2.38 219.002
2.39 219.116
2.4 219.231
2.41 219.294
2.42 218.967
2.43 218.317
2.44 217.863
2.45 217.683
2.46 217.456
2.47 217.159
2.48 216.601
2.49 215.912
2.5 215.122
2.51 214.078
2.52 212.019
2.53 204.167
2.54 206.075
2.55 205.435
2.56 205.435
2.57 205.435
2.58 205.435
2.59 205.435
2.6 205.435
2.61 205.435
2.62 204.167
2.63 196.715
2.64 197.142
2.65 197.195
2.66 197.581
2.67 197.972
2.68 197.901
2.69 198.054
2.7 198.262
2.71 198.561
2.72 198.768
2.73 199.273
2.74 199.472
2.75 199.773
2.76 199.895
2.77 199.968
2.78 199.95
2.79 199.687
2.8 199.334
2.81 198.821
2.82 198.284
2.83 197.81
2.84 197.207
2.85 197.041
2.86 196.811
2.87 196.843
2.88 196.908
2.89 196.909
2.9 197.031
2.91 197.65
2.92 198.342
2.93 199.083
2.94 199.959
2.95 199.909
2.96 199.335
2.97 198.754
2.98 197.917
2.99 196.76
3 196.182
3.01 195.812
3.02 195.438
3.03 195.096
3.04 194.763
3.05 194.298
3.06 193.988
3.07 194.585
3.08 195.949
3.09 197.601
3.1 200
3.11 201.677
3.12 201.677
3.13 201.646
3.14 202.117
3.15 203.511
3.16 205.364
3.17 207.896
3.18 210.057
3.19 210.73
3.2 211.494
3.21 212.301
3.22 213.158
3.23 214.53
3.24 217.43
3.25 221.887
3.26 229.21
3.27 235.29
3.28 236.09
3.29 236.206
3.3 236.265
3.31 236.081
3.32 235.409
3.33 235.829
3.34 234.932
3.35 235.009
3.36 234.868
3.37 237.698
3.38 242.516
3.39 243.394
3.4 244.11
3.41 244.248
3.42 244.321
3.43 244.124
3.44 243.377
3.45 243.185
3.46 242.391
3.47 241.892
3.48 241.437
3.49 241.066
3.5 240.901
3.51 240.921
3.52 241.214
3.53 241.727
3.54 242.1
3.55 242.677
3.56 243.185
3.57 243.899
3.58 244.165
3.59 244.415
3.6 244.373
3.61 244.152
3.62 243.833
3.63 243.478
3.64 243.226
3.65 243.047
3.66 242.808
3.67 242.604
3.68 242.308
3.69 241.865
3.7 241.633
3.71 241.439
3.72 241.408
3.73 241.258
3.74 241.226
3.75 241.18
3.76 241.247
3.77 241.505
3.78 241.695
3.79 242.232
3.8 242.676
3.81 242.952
3.82 243.163
3.83 243.199
3.84 243.28
3.85 243.071
3.86 242.671
3.87 242.435
3.88 242.066
3.89 241.549
3.9 241.423
3.91 241.172
3.92 241.046
3.93 240.864
3.94 240.796
3.95 240.796
3.96 240.67
3.97 240.796
3.98 240.864
3.99 240.921
4 240.796
4.01 241.172
4.02 241.298
4.03 241.036
4.04 240.89
4.05 240.666
4.06 240.058
4.07 240.017
4.08 240.196
4.09 240.272
4.1 240.497
4.11 240.702
4.12 240.749
4.13 241.172
4.14 241.549
4.15 242.249
4.16 242.742
4.17 243.262
4.18 243.756
4.19 243.993
4.2 244.321
4.21 244.582
4.22 244.497
4.23 244.096
4.24 243.439
4.25 242.802
4.26 242.4
4.27 241.975
4.28 241.953
4.29 241.744
4.3 241.776
4.31 241.744
4.32 241.865
4.33 242.012
4.34 242.41
4.35 242.888
4.36 243.087
4.37 243.326
4.38 243.402
4.39 243.28
4.4 243.087
4.41 242.88
4.42 242.641
4.43 242.41
4.44 242.181
4.45 242.192
4.46 242.187
4.47 242.187
4.48 242.308
4.49 242.429
4.5 242.539
4.51 242.793
4.52 242.888
4.53 243.036
4.54 243.071
4.55 243.036
4.56 242.943
4.57 242.55
4.58 242.435
4.59 242.308
4.6 242.141
4.61 241.928
4.62 241.865
4.63 241.717
4.64 241.549
4.65 241.644
4.66 242.308
4.67 242.308
4.68 231.294
4.69 224.237
4.7 220.5
4.71 217.456
4.72 204.167
4.73 186.864
4.74 186.864
4.75 186.864
4.76 186.864
4.77 186.864
4.78 0
4.79 0
4.8 0
4.81 0
4.82 0
4.83 0
4.84 0
4.85 294
4.86 0
4.87 0
4.88 0
4.89 0
4.9 0
4.91 0
4.92 237.097
4.93 237.95
4.94 237.097
4.95 234.574
4.96 233.952
4.97 235.409
4.98 236.009
4.99 236.334
5 236.865
5.01 237.097
5.02 237.256
5.03 237.548
5.04 237.736
5.05 238.072
5.06 238.563
5.07 239.179
5.08 239.55
5.09 239.674
5.1 239.798
5.11 239.798
5.12 239.798
5.13 239.674
5.14 239.179
5.15 238.317
5.16 237.827
5.17 237.097
5.18 236.145
5.19 235.29
5.2 234.731
5.21 234.731
5.22 234.741
5.23 234.574
5.24 234.348
5.25 233.642
5.26 233.333
5.27 232.105
5.28 247.197
5.29 247.753
5.3 251.347
5.31 250.568
5.32 249.811
5.33 248.904
5.34 244.506
5.35 238.261
5.36 235.829
5.37 233.179
5.38 232.212
5.39 231.844
5.4 231.572
5.41 231.381
5.42 231
5.43 230.413
5.44 229.637
5.45 229.223
5.46 228.551
5.47 228.182
5.48 227.469
5.49 226.874
5.5 226.089
5.51 225.359
5.52 223.972
5.53 223.744
5.54 223.744
5.55 224.02
5.56 224.559
5.57 225
5.58 225.139
5.59 225.383
5.6 225.545
5.61 225.46
5.62 225.274
5.63 224.948
5.64 224.376
5.65 223.372
5.66 222.86
5.67 221.98
5.68 221.325
5.69 220.782
5.7 220.638
5.71 220.5
5.72 220.644
5.73 221.09
5.74 221.479
5.75 221.943
5.76 222.18
5.77 222.446
5.78 222.278
5.79 221.831
5.8 221.351
5.81 220.558
5.82 219.806
5.83 219.319
5.84 218.872
5.85 218.545
5.86 218.533
5.87 218.634
5.88 218.908
5.89 219.205
5.9 219.602
5.91 219.886
5.92 220.124
5.93 220.35
5.94 220.603
5.95 220.931
5.96 221.082
5.97 221.082
5.98 221.185
5.99 221.185
6 221.201
6.01 221.108
6.02 220.985
6.03 220.985
6.04 220.815
6.05 220.661
6.06 220.555
6.07 220.161
6.08 219.824
6.09 219.655
6.1 219.46
6.11 219.46
6.12 219.575
6.13 219.711
6.14 219.992
6.15 220.268
6.16 220.616
6.17 220.783
6.18 220.896
6.19 220.84
6.2 220.613
6.21 220.037
6.22 219.518
6.23 219.304
6.24 218.666
6.25 217.932
6.26 217.624
6.27 217.624
6.28 218.242
6.29 219.065
6.3 219.72
6.31 220.431
6.32 220.623
6.33 220.84
6.34 221.053
6.35 221.067
6.36 220.674
6.37 220.194
6.38 219.596
6.39 218.926
6.4 218.101
6.41 217.548
6.42 217.426
6.43 217.648
6.44 218.093
6.45 218.806
6.46 219.403
6.47 220.047
6.48 220.439
6.49 220.67
6.5 220.831
6.51 220.84
6.52 220.739
6.53 220.626
6.54 220.431
6.55 220.074
6.56 219.516
6.57 219.185
6.58 218.949
6.59 218.729
6.6 218.545
6.61 218.317
6.62 218.203
6.63 217.976
6.64 217.749
6.65 217.298
6.66 217.073
6.67 216.736
6.68 216.624
6.69 216.624
6.7 216.848
6.71 217.185
6.72 217.885
6.73 218.545
6.74 219.116
6.75 219.346
6.76 219.575
6.77 219.512
6.78 219.294
6.79 218.887
6.8 218.317
6.81 217.863
6.82 217.41
6.83 217.195
6.84 216.96
6.85 216.904
6.86 216.848
6.87 216.848
6.88 216.96
6.89 216.995
6.9 217.016
6.91 217.073
6.92 216.904
6.93 216.904
6.94 216.792
6.95 216.721
6.96 216.624
6.97 216.512
6.98 216.512
6.99 216.456
7 216.234
7.01 215.89
7.02 215.676
7.03 215.088
7.04 213.559
7.05 213.387
7.06 213.387
7.07 213.353
7.08 213.25
7.09 212.983
7.1 212.648
7.11 211.793
7.12 210.803
7.13 210.803
7.14 187.394
7.15 180.738
7.16 175
7.17 178.784
7.18 187.66
7.19 200.455
7.2 203.226
7.21 204.926
7.22 205.526
7.23 206.557
7.24 207.042
7.25 207.692
7.26 208.44
7.27 209.377
7.28 210.557
7.29 213.098
7.3 215.288
7.31 217.636
7.32 220.721
7.33 223.178
7.34 225.345
7.35 228.379
7.36 230.167
7.37 231.375
7.38 232.455
7.39 233.04
7.4 233.457
7.41 233.628
7.42 233.628
7.43 233.704
7.44 233.628
7.45 233.392
7.46 233.333
7.47 233.157
7.48 233.04
7.49 232.964
7.5 232.923
7.51 232.805
7.52 232.841
7.53 232.923
7.54 233.04
7.55 233.21
7.56 233.51
7.57 233.864
7.58 234.325
7.59 234.812
7.6 235.529
7.61 236.081
7.62 236.612
7.63 236.975
7.64 237.097
7.65 237.097
7.66 237.097
7.67 236.854
7.68 236.612
7.69 236.208
7.7 235.769
7.71 235.529
7.72 235.326
7.73 235.29
7.74 235.29
7.75 235.529
7.76 235.649
7.77 236.009
7.78 236.25
7.79 236.491
7.8 236.715
7.81 236.612
7.82 236.854
7.83 236.969
7.84 237.097
7.85 237.097
7.86 236.975
7.87 236.981
7.88 236.986
7.89 236.986
7.9 236.803
7.91 236.412
7.92 235.544
7.93 234.816
7.94 234.367
7.95 232.866
7.96 231.724
7.97 229.389
7.98 226.832
7.99 225.864
8 224.455
8.01 222.727
8.02 220.815
8.03 214.078
8.04 211.728
8.05 208.019
8.06 202.294
8.07 197.758
8.08 186.076
8.09 172.266
8.1 160.949
8.11 160.949
8.12 160.949
8.13 160.949
8.14 160.949
8.15 0
8.16 51.1601
8.17 0
8.18 0
8.19 0
8.2 0
8.21 0
8.22 0
8.23 58.0263
8.24 0
8.25 359.511
8.26 359.511
8.27 359.511
8.28 447.716
8.29 452.772
8.3 452.772
8.31 452.772
8.32 0
8.33 0
8.34 0
8.35 0
8.36 0
8.37 237.097
8.38 0
8.39 226.154
8.4 221.608
8.41 222.727
8.42 223.291
8.43 224.237
8.44 226.541
8.45 228.497
8.46 229.21
8.47 230.123
8.48 231.169
8.49 231.931
8.5 231.8
8.51 231.962
8.52 231.618
8.53 231.496
8.54 231.375
8.55 230.948
8.56 230.528
8.57 230.167
8.58 230.144
8.59 230.167
8.6 230.287
8.61 230.717
8.62 231.011
8.63 231.294
8.64 231.496
8.65 231.757
8.66 232.105
8.67 232.105
8.68 232.105
8.69 230.649
8.7 228.893
8.71 214.599
8.72 214.398
8.73 211.342
8.74 181.481
8.75 182.231
8.76 183.241
8.77 184.134
8.78 185.45
8.79 186.733
8.8 188.117
8.81 189.677
8.82 191.837
8.83 194.424
8.84 197.186
8.85 199.047
8.86 201.574
8.87 203.957
8.88 206.289
8.89 208.346
8.9 210.739
8.91 212.557
8.92 214.626
8.93 216.512
8.94 219.185
8.95 221.274
8.96 223.798
8.97 225.363
8.98 226.619
8.99 227.32
9 227.789
9.01 227.907
9.02 227.789
9.03 227.554
9.04 227.32
9.05 226.969
9.06 226.852
9.07 226.969
9.08 227.32
9.09 227.907
9.1 228.261
9.11 228.616
9.12 228.972
9.13 228.972
9.14 228.972
9.15 228.972
9.16 228.853
9.17 228.734
9.18 228.616
9.19 228.734
9.2 228.853
9.21 229.091
9.22 229.574
9.23 229.807
9.24 230.047
9.25 230.167
9.26 230.287
9.27 229.935
9.28 229.927
9.29 229.749
9.3 229.855
9.31 229.91
9.32 230.119
9.33 230.176
9.34 230.184
9.35 230.327
9.36 230.516
9.37 230.674
9.38 230.935
9.39 230.968
9.4 231.108
9.41 231.092
9.42 231.359
9.43 231.242
9.44 231.537
9.45 231.83
9.46 231.79
9.47 232.268
9.48 232.46
9.49 232.302
9.5 232.147
9.51 232.301
9.52 231.77
9.53 231.824
9.54 231.308
9.55 231.336
9.56 231.239
9.57 231.253
9.58 231.437
9.59 231.666
9.6 231.895
9.61 232.309
9.62 232.649
9.63 233.025
9.64 233.203
9.65 233.333
9.66 233.333
9.67 233.169
9.68 233.105
9.69 232.923
9.7 232.638
9.71 232.35
9.72 232.105
9.73 232.105
9.74 231.294
9.75 228.497
9.76 226.444
9.77 226.077
9.78 226.077
9.79 226.444
9.8 226.444
9.81 226.444
9.82 225.177
9.83 222.978
9.84 226.154
9.85 220.5
9.86 239.479
9.87 238.208
9.88 237.05
9.89 235.714
9.9 234.13
9.91 233.333
9.92 232.448
9.93 231.75
9.94 231.313
9.95 231.209
9.96 231.317
9.97 232.187
9.98 233.025
9.99 233.846
10 233.952
10.01 232.767
10.02 232.268
10.03 231.048
10.04 230.619
10.05 230.639
10.06 230.049
10.07 229.918
10.08 229.787
10.09 230.022
10.1 230.699
10.11 231.678
10.12 234.312
10.13 239.488
10.14 242.308
10.15 241.776
10.16 240.047
10.17 239.674
10.18 239.674
10.19 239.674
10.2 238.261
10.21 237.097
10.22 237.097
10.23 237.097
10.24 236.588
10.25 231.8
10.26 230.727
10.27 230.55
10.28 230.413
10.29 230.449
10.3 230.408
10.31 230.273
10.32 229.804
10.33 229.747
10.34 229.389
10.35 228.873
10.36 228.734
10.37 228.497
10.38 228.295
10.39 228.379
10.4 228.616
10.41 228.913
10.42 229.163
10.43 229.329
10.44 229.389
10.45 229.513
10.46 229.629
10.47 229.628
10.48 229.568
10.49 229.338
10.5 229.27
10.51 229.27
10.52 229.46
10.53 229.747
10.54 229.867
10.55 229.98
10.56 230.133
10.57 230.097
10.58 230.107
10.59 229.966
10.6 229.747
10.61 229.27
10.62 228.469
10.63 227.32
10.64 226.27
10.65 224.771
10.66 223.016
10.67 220.791
10.68 218.668
10.69 215.833
10.7 212.36
10.71 210.942
10.72 209.572
10.73 208.019
10.74 206.075
10.75 203.762
10.76 201.003
10.77 198.351
10.78 197.315
10.79 209.335
10.8 238.636
10.81 238.378
10.82 237.097
10.83 235.732
10.84 235.732
10.85 235.732
10.86 235.732
10.87 235.732
10.88 235.732
10.89 234.574
10.9 232.105
10.91 224.085
10.92 215.232
10.93 214.309
10.94 213.651
10.95 213.172
10.96 212.838
10.97 212.23
10.98 211.388
10.99 210.692
11 209.931
11.01 208.968
11.02 208.652
11.03 208.281
11.04 208.084
11.05 207.599
11.06 207.642
11.07 207.692
11.08 207.763
11.09 207.832
11.1 207.823
11.11 207.801
11.12 207.692
11.13 207.646
11.14 207.763
11.15 208.17
11.16 208.44
11.17 209.137
11.18 210.129
11.19 210.827
11.2 211.624
11.21 213.123
11.22 214.703
11.23 216.491
11.24 218.847
11.25 220.815
11.26 222.246
11.27 223.673
11.28 224.896
11.29 225.527
11.3 225.677
11.31 225.695
11.32 225.383
11.33 225
11.34 224.466
11.35 223.897
11.36 223.531
11.37 223.214
11.38 223.13
11.39 223.145
11.4 223.219
11.41 223.465
11.42 224.028
11.43 224.277
11.44 224.607
11.45 224.722
11.46 224.542
11.47 224.237
11.48 223.934
11.49 222.8
11.5 221.416
11.51 220.331
11.52 219.46
11.53 219.04
11.54 217.683
11.55 216.34
11.56 214.494
11.57 213.043
11.58 215.122
11.59 212.838
11.6 213.172
11.61 210
11.62 208.019
11.63 208.019
11.64 198.291
11.65 188.865
11.66 181.668
11.67 179.39
11.68 178.398
11.69 177.902
11.7 176.669
11.71 176.853
11.72 177.133
11.73 176.966
11.74 176.966
11.75 177.727
11.76 178.362
11.77 178.709
11.78 178.802
11.79 178.971
11.8 179.021
11.81 178.905
11.82 178.864
11.83 178.678
11.84 178.566
11.85 178.95
11.86 179.43
11.87 180.025
11.88 180.957
11.89 181.162
11.9 181.429
11.91 181.531
11.92 181.631
11.93 181.708
11.94 181.838
11.95 181.961
11.96 182.231
11.97 182.35
11.98 182.309
11.99 182.196
12 182.116
12.01 182.119
12.02 181.964
12.03 181.981
12.04 181.894
12.05 181.937
12.06 181.885
12.07 181.925
12.08 181.955
12.09 181.919
12.1 181.961
12.11 182.061
12.12 182.318
12.13 182.438
12.14 182.533
12.15 182.763
12.16 182.795
12.17 182.937
12.18 183.013
12.19 182.949
12.2 182.743
12.21 182.523
12.22 182.311
12.23 182.206
12.24 182.11
12.25 182.031
12.26 182.075
12.27 182.078
12.28 182.163
12.29 182.201
12.3 182.163
12.31 181.931
12.32 181.774
12.33 181.565
12.34 181.325
12.35 180.898
12.36 180.738
12.37 180.491
12.38 180.688
12.39 181.481
12.4 182.458
12.41 183.169
12.42 183.611
12.43 183.986
12.44 183.856
12.45 183.503
12.46 183.405
12.47 183.159
12.48 183.223
12.49 183.223
12.5 183.223
12.51 182.064
12.52 180.902
12.53 179.961
12.54 179.694
12.55 179.522
12.56 179.477
12.57 179.667
12.58 179.667
12.59 179.667
12.6 179.667
12.61 179.667
12.62 0
12.63 550.91
12.64 555.576
12.65 557.902
12.66 563.402
12.67 561.167
12.68 558.463
12.69 558.463
12.7 543.347
12.71 544.204
12.72 557.796
12.73 551.813
12.74 553.284
12.75 554.449
12.76 554.449
12.77 554.449
12.78 554.449
12.79 566.502
12.8 567.463
12.81 563.778
12.82 564.387
12.83 564.387
12.84 564.387
12.85 564.387
12.86 547.943
12.87 547.943
12.88 547.943
12.89 547.943
12.9 547.943
12.91 0
12.92 178.084
12.93 178.13
12.94 178.13
12.95 178.13
12.96 178.13
12.97 178.13
12.98 177.703
12.99 177.029
13 176.636
13.01 180
13.02 178.784
13.03 178.784
13.04 178.784
13.05 178.784
13.06 178.784
13.07 0
13.08 0
13.09 128.947
13.1 119.837
13.11 100.685
13.12 100.685
13.13 100.685
13.14 0
13.15 144.118
13.16 145.066
13.17 152.771
13.18 155.556
13.19 157.5
13.2 167.362
13.21 176.4
13.22 180.738
13.23 183.942
13.24 185.72
13.25 189.083
13.26 191.978
13.27 193.785
13.28 196.026
13.29 197.36
13.3 198.612
13.31 200.32
13.32 201.878
13.33 203.196
13.34 204.251
13.35 205.208
13.36 206.231
13.37 207.289
13.38 208.228
13.39 209.071
13.4 209.92
13.41 210.899
13.42 211.856
13.43 212.642
13.44 213.162
13.45 213.798
13.46 214.361
13.47 214.831
13.48 215.55
13.49 215.941
13.5 216.176
13.51 217.599
13.52 219.767
13.53 219.806
13.54 220.037
13.55 220.5
13.56 220.942
13.57 221.386
13.58 221.901
13.59 222.255
13.6 222.503
13.61 222.39
13.62 222.503
13.63 222.609
13.64 222.609
13.65 222.727
13.66 222.84
13.67 222.964
13.68 223.321
13.69 223.858
13.7 224.701
13.71 225.1
13.72 225.922
13.73 226.569
13.74 226.916
13.75 227.069
13.76 227.077
13.77 226.675
13.78 225.874
13.79 224.618
13.8 216.503
13.81 211.342
13.82 208.44
13.83 206.765
13.84 207.117
13.85 207.117
13.86 207.117
13.87 207.117
13.88 204.377
13.89 204.021
13.9 204.618
13.91 204.799
13.92 205.026
13.93 205.077
13.94 204.98
13.95 204.474
13.96 203.509
13.97 202.515
13.98 202.018
13.99 202.018
14 202.018
14.01 202.018
14.02 202.018
14.03 0
14.04 621.967
14.05 622.689
14.06 623.171
14.07 624.216
14.08 624.216
14.09 624.694
14.1 624.694
14.11 625.709
14.12 626.183
14.13 626.658
14.14 627.371
14.15 628.086
14.16 627.818
14.17 628.302
14.18 626.658
14.19 626.658
14.2 626.183
14.21 624.694
14.22 627.439
14.23 628.152
14.24 622.207
14.25 621.727
14.26 621.727
14.27 623.024
14.28 623.262
14.29 623.739
14.3 625
14.31 627.577
14.32 628.06
14.33 628.563
14.34 628.563
14.35 628.802
14.36 627.847
14.37 627.609
14.38 625.039
14.39 622.825
14.4 622.825
14.41 622.825
14.42 622.825
14.43 622.825
14.44 0
14.45 201.523
14.46 201.523
14.47 202.866
14.48 204.844
14.49 206.188
14.5 209.071
14.51 214.078
14.52 214.078
14.53 212.763
14.54 236.145
14.55 236.145
14.56 236.145
14.57 236.145
14.58 236.145
14.59 0
14.6 185.517
14.61 185.517
14.62 185.517
14.63 180.245
14.64 181.89
14.65 182.875
14.66 183.09
14.67 183.952
14.68 184.331
14.69 184.478
14.7 184.397
14.71 184.365
14.72 184.385
14.73 184.274
14.74 184.274
14.75 184.418
14.76 184.418
14.77 184.418
14.78 184.418
14.79 184.418
14.8 0
14.81 562.109
14.82 561.025
14.83 561.303
14.84 563.014
14.85 563.229
14.86 563.444
14.87 562.158
14.88 561.675
14.89 561.517
14.9 561.09
14.91 562.059
14.92 558.576
14.93 554.116
14.94 554.116
14.95 549.533
14.96 549.161
14.97 549.161
14.98 548.662
14.99 551.017
15 548.35
15.01 552.845
15.02 559.493
15.03 559.738
15.04 562.5
15.05 561.944
15.06 547.233
15.07 562.349
15.08 563.994
15.09 566.311
15.1 567.871
15.11 567.871
15.12 567.871
15.13 567.871
15.14 547.759
15.15 562.367
15.16 561.273
15.17 560.593
15.18 549.41
15.19 550.826
15.2 560.377
15.21 559.562
15.22 557.545
15.23 558.789
15.24 555.178
15.25 556.868
15.26 560.027
15.27 562.372
15.28 562.586
15.29 561.73
15.3 561.892
15.31 561.025
15.32 563.778
15.33 565.126
15.34 565.385
15.35 563.622
15.36 558.973
15.37 558.973
15.38 550.231
15.39 562.251
15.4 559.516
15.41 557.685
15.42 558.679
15.43 559.014
15.44 560.119
15.45 564.736
15.46 563.014
15.47 560.593
15.48 545.586
15.49 561.199
15.5 557.308
15.51 552.425
15.52 552.425
15.53 550.044
15.54 555.093
15.55 557.586
15.56 558.967
15.57 559.516
15.58 558.014
15.59 557.685
15.6 559.946
15.61 559.301
15.62 557.444
15.63 553.93
15.64 551.017
15.65 549.356
15.66 549.533
15.67 549.533
15.68 547.303
15.69 544.049
15.7 543.486
15.71 545.131
15.72 547.383
15.73 546.694
15.74 544.737
15.75 543.401
15.76 545.541
15.77 546.13
15.78 548.286
15.79 549.723
15.8 549.489
15.81 549.066
15.82 549.327
15.83 552.355
15.84 553.711
15.85 553.325
15.86 554.102
15.87 554.597
15.88 554.262
15.89 557.114
15.9 554.95
15.91 549.138
15.92 549.288
15.93 549.288
15.94 549.288
15.95 549.288
15.96 549.288
15.97 490
15.98 490
15.99 0
16 164.552
16.01 0
16.02 128.947
16.03 0
16.04 310.563
16.05 310.563
16.06 310.563
16.07 310.563
16.08 310.563
16.09 0
16.1 54.2435
16.11 0
16.12 45.6837
16.13 45.6837
16.14 45.4171
16.15 45.4171
16.16 45.4171
16.17 45.4171
16.18 45.4171
16.19 0
16.2 711.29
16.21 711.29
16.22 711.29
16.23 711.29
16.24 711.29
16.25 711.29
16.26 711.29
16.27 711.29
16.28 711.29
16.29 711.29
16.3 0
16.31 50.2851
16.32 0
16.33 0
16.34 78.75
16.35 78.75
16.36 78.75
16.37 0
16.38 0
16.39 172.266
16.4 170.71
16.41 170.435
16.42 170.435
16.43 173.349
16.44 173.793
16.45 173.793
16.46 173.793
16.47 173.793
16.48 0
16.49 567.714
16.5 575.217
16.51 578.632
16.52 582.377
16.53 582.377
16.54 582.377
16.55 579.044
16.56 597.863
16.57 613.779
16.58 613.779
16.59 630.974
16.6 630.974
16.61 630.974
16.62 630.974
16.63 630.974
16.64 0
16.65 218.077
16.66 221.095
16.67 222.561
16.68 223.458
16.69 223.704
16.7 224.53
16.71 225.393
16.72 226.239
16.73 227.148
16.74 228.085
16.75 229.105
16.76 230.331
16.77 231.63
16.78 232.902
16.79 234.1
16.8 234.991
16.81 236.334
16.82 236.915
16.83 237.462
16.84 237.766
16.85 237.95
16.86 238.072
16.87 238.194
16.88 238.284
16.89 238.411
16.9 238.378
16.91 238.454
16.92 238.298
16.93 238.156
16.94 238.378
16.95 238.512
16.96 238.747
16.97 238.957
16.98 239.105
16.99 239.201
17 239.302
17.01 239.463
17.02 239.407
17.03 239.241
17.04 238.977
17.05 238.718
17.06 238.489
17.07 238.261
17.08 238.057
17.09 237.839
17.1 237.462
17.11 237.462
17.12 237.72
17.13 238.011
17.14 238.342
17.15 238.553
17.16 238.61
17.17 238.701
17.18 238.676
17.19 238.718
17.2 238.718
17.21 238.718
17.22 238.737
17.23 238.994
17.24 239.241
17.25 239.553
17.26 239.984
17.27 240.047
17.28 240.171
17.29 240.047
17.3 239.735
17.31 239.483
17.32 239.127
17.33 238.522
17.34 237.924
17.35 237.157
17.36 236.975
17.37 236.794
17.38 236.854
17.39 237.097
17.4 237.279
17.41 237.644
17.42 237.95
17.43 238.194
17.44 238.44
17.45 238.563
17.46 238.686
17.47 238.87
17.48 238.932
17.49 239.179
17.5 239.179
17.51 239.009
17.52 238.747
17.53 238.44
17.54 238.072
17.55 237.608
17.56 237.298
17.57 236.743
17.58 236.25
17.59 235.983
17.6 236.106
17.61 236.878
17.62 237.872
17.63 238.71
17.64 239.393
17.65 240
17.66 240.171
17.67 240.464
17.68 240.586
17.69 240.608
17.7 240.281
17.71 239.984
17.72 239.674
17.73 239.195
17.74 239.089
17.75 239.055
17.76 239.055
17.77 239.13
17.78 239.179
17.79 239.179
17.8 239.055
17.81 238.994
17.82 238.889
17.83 238.708
17.84 238.563
17.85 238.563
17.86 238.747
17.87 238.889
17.88 239.165
17.89 239.327
17.9 239.385
17.91 239.364
17.92 239.364
17.93 239.241
17.94 239.165
17.95 238.97
17.96 238.599
17.97 238.446
17.98 238.076
17.99 237.922
18 238.068
18.01 238.121
18.02 238.194
18.03 237.827
18.04 237.097
18.05 242.308
18.06 243.199
18.07 242.308
18.08 238.701
18.09 236.673
18.1 245.78
18.11 251.622
18.12 250.885
18.13 251.712
18.14 251.217
18.15 249.298
18.16 248.654
18.17 247.136
18.18 246.152
18.19 245.39
18.2 244.215
18.21 243.557
18.22 243.557
18.23 242.752
18.24 242.955
18.25 243.137
18.26 243.083
18.27 243.109
18.28 242.768
18.29 242.469
18.3 242.066
18.31 241.763
18.32 241.277
18.33 241.162
18.34 241.021
18.35 241.203
18.36 241.402
18.37 241.66
18.38 241.945
18.39 242.181
18.4 242.308
18.41 242.432
18.42 242.498
18.43 242.247
18.44 242.054
18.45 241.813
18.46 241.423
18.47 241.046
18.48 240.831
18.49 240.608
18.5 240.647
18.51 240.67
18.52 240.953
18.53 241.198
18.54 241.298
18.55 241.403
18.56 241.612
18.57 241.69
18.58 241.875
18.59 241.865
18.6 241.752
18.61 241.675
18.62 241.825
18.63 241.991
18.64 242.122
18.65 242.122
18.66 242.244
18.67 242.308
18.68 242.308
18.69 242.184
18.7 241.865
18.71 241.486
18.72 240.831
18.73 240.296
18.74 239.553
18.75 238.44
18.76 236.963
18.77 235.455
18.78 232.455
18.79 229.31
18.8 226.27
18.81 223.261
18.82 221.305
18.83 219.014
18.84 216.796
18.85 213.532
18.86 209.572
18.87 206.075
18.88 201.985
18.89 196.875
18.9 184.519
18.91 172.266
18.92 172.266
18.93 172.266
18.94 172.266
18.95 172.266
18.96 0
18.97 0
18.98 302.055
18.99 355.645
19 355.645
19.01 378
19.02 378
19.03 378
19.04 378
19.05 378
19.06 378
19.07 0
19.08 290.132
19.09 286.364
19.1 286.364
19.11 290.132
19.12 290.132
19.13 268.902
19.14 268.902
19.15 265.663
19.16 310.563
19.17 310.563
19.18 310.563
19.19 310.563
19.2 310.563
19.21 0
19.22 232.923
19.23 234.574
19.24 234.574
19.25 235.577
19.26 236.081
19.27 235.969
19.28 235.829
19.29 235.829
19.3 235.829
19.31 231.041
19.32 228.567
19.33 225.896
19.34 224.713
19.35 223.21
19.36 218.533
19.37 204.437
19.38 185.1
19.39 187.442
19.4 187.442
19.41 189.677
19.42 190.086
19.43 190.634
19.44 194.273
19.45 194.273
19.46 191.355
19.47 192.073
19.48 192.661
19.49 193.486
19.5 193.793
19.51 194.351
19.52 195.083
19.53 197.447
19.54 198.754
19.55 200.252
19.56 203.538
19.57 205.517
19.58 210.63
19.59 214.697
19.6 218.437
19.61 222.964
19.62 271.792
19.63 261.762
19.64 232.841
19.65 233.614
19.66 236.623
19.67 237.644
19.68 237.93
19.69 237.401
19.7 236.919
19.71 236.138
19.72 241.423
19.73 241.423
19.74 236.329
19.75 236.446
19.76 237.097
19.77 237.644
19.78 238.194
19.79 238.378
19.8 237.819
19.81 237.819
19.82 237.819
19.83 237.819
19.84 237.819
19.85 0
19.86 705.405
19.87 704.3
19.88 706.133
19.89 702.534
19.9 701.31
19.91 701.31
19.92 701.31
19.93 701.31
19.94 701.31
19.95 0
19.96 479.63
19.97 483.38
19.98 479.469
19.99 480.789
20 482.028
20.01 478.697
20.02 480.672
20.03 478.86
20.04 481.579
20.05 484.615
20.06 482.207
20.07 487.344
20.08 487.344
20.09 505.66
20.1 505.66
20.11 454.547
20.12 459.045
20.13 458.768
20.14 454.801
20.15 457.359
20.16 521.391
20.17 514.321
20.18 500.211
20.19 494.011
20.2 493.289
20.21 490.926
20.22 500.672
20.23 503.042
20.24 464.548
20.25 467.413
20.26 464.537
20.27 460.771
20.28 461.683
20.29 500.459
20.3 495.624
20.31 486.127
20.32 488.711
20.33 496.66
20.34 484.005
20.35 491.481
20.36 489.514
20.37 489.487
20.38 496.953
20.39 454.466
20.4 449.49
20.41 512.141
20.42 444.973
20.43 446.959
20.44 441.884
20.45 441.914
20.46 450.164
20.47 450.852
20.48 450.852
20.49 499.588
20.5 496.386
20.51 483.288
20.52 490
20.53 493.957
20.54 498.164
20.55 503.3
20.56 503.3
20.57 503.3
20.58 503.3
20.59 0
20.6 713.087
20.61 711.997
20.62 713.77
20.63 713.77
20.64 711.946
20.65 711.946
20.66 711.946
20.67 0
20.68 237.365
20.69 0
20.7 697.612
20.71 696.682
20.72 696.196
20.73 696.067
20.74 695.096
20.75 692.355
20.76 692.774
20.77 687.471
20.78 688.039
20.79 689.062
20.8 693.396
20.81 693.396
20.82 693.396
20.83 693.396
20.84 693.396
20.85 0
20.86 223.291
20.87 221.674
20.88 221.98
20.89 222.554
20.9 223.343
20.91 236.938
20.92 236.938
20.93 241.343
20.94 235.075
20.95 231.464
20.96 230.123
20.97 229.272
20.98 228.64
20.99 228.64
21 227.929
21.01 227.403
21.02 225.854
21.03 222.825
21.04 220.404
21.05 220.193
21.06 220.986
21.07 221.463
21.08 221.653
21.09 221.805
21.1 221.747
21.11 221.562
21.12 221.169
21.13 220.751
21.14 220.343
21.15 219.786
21.16 219.507
21.17 219.294
21.18 219.217
21.19 219.622
21.2 220.017
21.21 220.6
21.22 221.272
21.23 221.56
21.24 221.848
21.25 222.073
21.26 222.315
21.27 222.311
21.28 222.278
21.29 222.075
21.3 221.727
21.31 221.341
21.32 221.225
21.33 221.107
21.34 220.898
21.35 220.575
21.36 220.327
21.37 220.085
21.38 219.907
21.39 219.96
21.4 220.016
21.41 219.904
21.42 219.836
21.43 219.652
21.44 219.278
21.45 218.75
21.46 218.222
21.47 217.456
21.48 216.298
21.49 214.816
21.5 213.112
21.51 211.329
21.52 207.903
21.53 203.714
21.54 200.347
21.55 198.012
21.56 198.012
21.57 198.012
21.58 198.012
21.59 198.012
21.6 0
21.61 604.998
21.62 604.11
21.63 603.38
21.64 603.421
21.65 602.366
21.66 590.266
21.67 602.733
21.68 600.151
21.69 598.747
21.7 597.561
21.71 594.255
21.72 594.511
21.73 601.461
21.74 608.71
21.75 609.054
21.76 610.162
21.77 608.349
21.78 611.329
21.79 608.644
21.8 612.196
21.81 610.837
21.82 612.862
21.83 614.883
21.84 607.152
21.85 605.932
21.86 599.06
21.87 599.06
21.88 598.643
21.89 598.643
21.9 598.944
21.91 600.151
21.92 601.562
21.93 602.16
21.94 601.861
21.95 602.459
21.96 602.758
21.97 602.758
21.98 603.358
21.99 603.659
22 603.959
22.01 604.561
22.02 604.863
22.03 604.561
22.04 604.863
22.05 604.26
22.06 604.26
22.07 610.121
22.08 610.714
22.09 610.714
22.1 607.174
22.11 610.831
22.12 610.831
22.13 609.116
22.14 595.946
22.15 595.946
22.16 595.946
22.17 595.946
22.18 595.946
22.19 595.946
22.2 595.946
22.21 595.946
22.22 584.106
22.23 584.106
22.24 584.106
22.25 0
22.26 308.392
22.27 308.392
22.28 308.392
22.29 308.392
22.3 308.392
22.31 308.392
22.32 308.392
22.33 308.392
22.34 308.392
22.35 308.392
22.36 308.392
22.37 308.392
22.38 0
22.39 242.752
22.4 242.708
22.41 242.772
22.42 242.734
22.43 242.802
22.44 242.689
22.45 242.718
22.46 242.752
22.47 242.816
22.48 242.914
22.49 242.816
22.5 242.435
22.51 242.066
22.52 241.549
22.53 241.463
22.54 241.298
22.55 241.172
22.56 241.172
22.57 241.172
22.58 241.223
22.59 241.423
22.6 241.343
22.61 241.172
22.62 240.921
22.63 240.296
22.64 239.922
22.65 239.55
22.66 239.179
22.67 238.932
22.68 238.932
22.69 238.932
22.7 239.179
22.71 239.302
22.72 239.179
22.73 238.809
22.74 238.686
22.75 238.563
22.76 238.317
22.77 238.317
22.78 238.44
22.79 238.809
22.8 239.055
22.81 239.674
22.82 240.047
22.83 240.149
22.84 240.296
22.85 240.047
22.86 239.302
22.87 238.809
22.88 238.194
22.89 237.462
22.9 237.218
22.91 237.462
22.92 237.827
22.93 238.44
22.94 239.302
22.95 239.922
22.96 240.506
22.97 241.046
22.98 241.298
22.99 241.046
23 240.796
23.01 240.506
23.02 240.047
23.03 239.798
23.04 239.674
23.05 239.674
23.06 239.798
23.07 240.047
23.08 240.171
23.09 240.296
23.1 240.296
23.11 240.277
23.12 239.922
23.13 239.798
23.14 239.55
23.15 239.55
23.16 239.362
23.17 239.319
23.18 239.302
23.19 239.426
23.2 239.362
23.21 239.291
23.22 239.179
23.23 239.179
23.24 239.222
23.25 239.222
23.26 239.457
23.27 239.674
23.28 239.911
23.29 241.036
23.3 241.575
23.31 241.833
23.32 242.086
23.33 242.424
23.34 242.841
23.35 243.05
23.36 243.143
23.37 243.957
23.38 245.341
23.39 253.448
23.4 254.26
23.41 252.867
23.42 250.698
23.43 249.74
23.44 247.539
23.45 245.984
23.46 241.776
23.47 240.67
23.48 240.296
23.49 240.149
23.5 240.296
23.51 240.421
23.52 240.421
23.53 240.421
23.54 240.03
23.55 239.55
23.56 239.055
23.57 238.44
23.58 238.194
23.59 237.827
23.6 237.583
23.61 237.827
23.62 238.44
23.63 239.055
23.64 240.149
23.65 241.046
23.66 241.802
23.67 242.429
23.68 243.326
23.69 243.28
23.7 242.943
23.71 241.845
23.72 238.279
23.73 235.829
23.74 232.851
23.75 228.068
23.76 223.907
23.77 219.95
23.78 217.778
23.79 216.382
23.8 216.48
23.81 216.288
23.82 215.565
23.83 215.62
23.84 216.121
23.85 216.568
23.86 216.792
23.87 216.848
23.88 216.624
23.89 216.232
23.9 215.731
23.91 215.177
23.92 214.736
23.93 214.351
23.94 214.132
23.95 213.909
23.96 213.797
23.97 213.909
23.98 214.132
23.99 214.351
24 214.406
24.01 214.571
24.02 214.736
24.03 214.924
24.04 215.15
24.05 215.288
24.06 215.398
24.07 215.509
24.08 215.62
24.09 215.833
24.1 216.065
24.11 216.176
24.12 216.176
24.13 216.121
24.14 216.176
24.15 216.232
24.16 216.232
24.17 216.288
24.18 216.344
24.19 216.456
24.2 216.624
24.21 216.848
24.22 217.185
24.23 217.298
24.24 217.354
24.25 217.298
24.26 217.129
24.27 216.792
24.28 216.121
24.29 215.491
24.3 214.901
24.31 214.626
24.32 214.571
24.33 214.516
24.34 214.641
24.35 215.565
24.36 216.736
24.37 218.033
24.38 219.46
24.39 217.701
24.4 218.317
24.41 219.221
24.42 221.053
24.43 220.5
24.44 218.317
24.45 204.799
24.46 201.064
24.47 201.064
24.48 201.064
24.49 201.064
24.5 201.064
24.51 201.064
24.52 201.064
24.53 201.064
24.54 194.702
24.55 192.774
24.56 193.222
24.57 193.771
24.58 194.2
24.59 194.702
24.6 195.082
24.61 195.421
24.62 195.601
24.63 195.788
24.64 195.855
24.65 195.868
24.66 195.868
24.67 195.884
24.68 195.946
24.69 196.028
24.7 196.197
24.71 196.349
24.72 196.499
24.73 196.875
24.74 197.345
24.75 197.702
24.76 198.419
24.77 198.982
24.78 199.343
24.79 200.045
24.8 200.8
24.81 202.533
24.82 204.285
24.83 205.721
24.84 206.829
24.85 207.589
24.86 208.066
24.87 208.547
24.88 208.958
24.89 209.632
24.9 210.303
24.91 210.967
24.92 211.126
24.93 211.535
24.94 211.728
24.95 211.825
24.96 211.912
24.97 211.825
24.98 211.728
24.99 211.535
25 211.342
25.01 211.045
25.02 210.913
25.03 210.821
25.04 210.561
25.05 210.602
25.06 210.422
25.07 210.401
25.08 210.602
25.09 210.501
25.1 210.638
25.11 210.669
25.12 210.927
25.13 210.933
25.14 210.964
25.15 211.049
25.16 211.149
25.17 211.058
25.18 211.183
25.19 211.238
25.2 211.567
25.21 211.005
25.22 221.237
25.23 218.317
25.24 215.067
25.25 213.717
25.26 198.649
25.27 195.71
25.28 194.788
25.29 192.456
25.3 185.072
25.31 183.75
25.32 182.798
25.33 182.231
25.34 182.231
25.35 182.111
25.36 182.064
25.37 181.802
25.38 181.123
25.39 180.867
25.4 180.738
25.41 180.738
25.42 180.469
25.43 180.116
25.44 179.895
25.45 179.645
25.46 179.322
25.47 179.1
25.48 179.581
25.49 179.918
25.5 180.501
25.51 180.891
25.52 181.007
25.53 181.043
25.54 181.143
25.55 181.043
25.56 181.121
25.57 181.08
25.58 180.96
25.59 180.54
25.6 179.686
25.61 178.826
25.62 178.446
25.63 178.543
25.64 178.581
25.65 179.177
25.66 179.489
25.67 179.882
25.68 180.13
25.69 180.378
25.7 180.491
25.71 180.738
25.72 181.007
25.73 181.399
25.74 181.744
25.75 182.377
25.76 182.706
25.77 182.898
25.78 182.885
25.79 182.898
25.8 182.819
25.81 182.663
25.82 182.523
25.83 182.231
25.84 181.885
25.85 181.375
25.86 181.094
25.87 181.348
25.88 181.579
25.89 181.822
25.9 181.89
25.91 181.905
25.92 181.887
25.93 181.878
25.94 181.863
25.95 181.871
25.96 181.839
25.97 181.924
25.98 182.068
25.99 182.199
26 182.326
26.01 182.437
26.02 182.54
26.03 182.533
26.04 182.394
26.05 182.283
26.06 182.06
26.07 181.931
26.08 181.882
26.09 181.901
26.1 181.975
26.11 181.971
26.12 182.109
26.13 182.164
26.14 182.375
26.15 182.404
26.16 182.475
26.17 182.169
26.18 181.958
26.19 181.162
26.2 180.775
26.21 180.491
26.22 179.873
26.23 179.443
26.24 179.115
26.25 178.67
26.26 177.823
26.27 177.007
26.28 175
26.29 167.045
26.3 167.045
26.31 167.045
26.32 167.045
26.33 167.045
26.34 0
26.35 107.039
26.36 107.039
26.37 107.039
26.38 107.039
26.39 107.039
26.4 107.039
26.41 107.039
26.42 107.039
26.43 107.039
26.44 107.039
26.45 0
26.46 51.3986
26.47 51.3986
26.48 51.3986
26.49 51.3986
26.5 51.3986
26.51 51.3986
26.52 51.3986
26.53 0
26.54 0
26.55 355.645
26.56 0
26.57 130.861
26.58 130.861
26.59 130.473
26.6 130.473
26.61 130.473
26.62 0
26.63 25.1712
26.64 0
26.65 0
26.66 0
26.67 134.451
26.68 135.276
26.69 135
26.7 135
26.71 136.111
26.72 137.69
26.73 138.788
26.74 142.593
26.75 143.883
26.76 147.845
26.77 150.615
26.78 152.186
26.79 154.196
26.8 155.798
26.81 158.552
26.82 161.033
26.83 165.292
26.84 167.045
26.85 169.709
26.86 172.535
26.87 180.057
26.88 184.23
26.89 186.627
26.9 189.518
26.91 192.506
26.92 193.829
26.93 196
26.94 197.368
26.95 198.723
26.96 199.548
26.97 200.759
26.98 201.621
26.99 202.825
27 204.072
27.01 205.69
27.02 207.308
27.03 208.84
27.04 210.077
27.05 211.077
27.06 211.68
27.07 212.223
27.08 212.466
27.09 212.701
27.1 212.878
27.11 212.937
27.12 213.043
27.13 213.33
27.14 213.676
27.15 213.909
27.16 214.472
27.17 214.846
27.18 215.177
27.19 215.398
27.2 215.62
27.21 215.833
27.22 216.121
27.23 216.512
27.24 216.624
27.25 216.792
27.26 217.016
27.27 217.214
27.28 217.41
27.29 217.523
27.3 217.444
27.31 217.456
27.32 217.404
27.33 217.643
27.34 217.871
27.35 218.234
27.36 218.223
27.37 218.612
27.38 219.13
27.39 220.412
27.4 220.701
27.41 213.559
27.42 210.222
27.43 208.735
27.44 208.735
27.45 208.735
27.46 208.735
27.47 208.735
27.48 208.735
27.49 208.019
27.5 204.545
27.51 198.649
27.52 198.179
27.53 198.179
27.54 198.179
27.55 198.179
27.56 198.179
27.57 0
27.58 599.185
27.59 597.441
27.6 595.946
27.61 594.458
27.62 592.978
27.63 594.194
27.64 591.505
27.65 591.212
27.66 596.618
27.67 607.996
27.68 602.359
27.69 602.206
27.7 601.728
27.71 600.163
27.72 598.342
27.73 598.889
27.74 598.298
27.75 598.003
27.76 597.12
27.77 596.532
27.78 595.653
27.79 595.052
27.8 594.755
27.81 600.201
27.82 603.608
27.83 602.966
27.84 602.966
27.85 599.728
27.86 595.35
27.87 595.648
27.88 596.244
27.89 597.141
27.9 598.041
27.91 598.944
27.92 599.849
27.93 600.454
27.94 600.151
27.95 601.488
27.96 601.488
27.97 601.488
27.98 601.488
27.99 601.488
28 0
28.01 196.656
28.02 195.855
28.03 194.917
28.04 193.846
28.05 191.739
28.06 208.019
28.07 206.777
28.08 196.875
28.09 184.906
28.1 182.836
28.11 182.836
28.12 182.836
28.13 182.836
28.14 182.836
28.15 182.836
28.16 182.836
28.17 181.481
28.18 175
28.19 175
28.2 175
28.21 175
28.22 175
28.23 0
28.24 551.02
28.25 552.566
28.26 554.4
28.27 554.823
28.28 552.926
28.29 551.887
28.3 552.738
28.31 550.573
28.32 544.856
28.33 547.952
28.34 542.94
28.35 547.27
28.36 547.121
28.37 548.294
28.38 548.174
28.39 551.25
28.4 551.25
28.41 552.978
28.42 554.02
28.43 553.613
28.44 553.355
28.45 552.355
28.46 552.786
28.47 552.667
28.48 553.284
28.49 553.226
28.5 553.053
28.51 546.062
28.52 544.307
28.53 548.756
28.54 554.102
28.55 549.253
28.56 547.759
28.57 544.582
28.58 545.792
28.59 547.618
28.6 549.054
28.61 549.568
28.62 548.235
28.63 547.34
28.64 547.418
28.65 548.78
28.66 548.235
28.67 547.34
28.68 544.582
28.69 544.176
28.7 547.303
28.71 549.191
28.72 551.743
28.73 545.522
28.74 545.131
28.75 548.507
28.76 550.071
28.77 549.574
28.78 549.458
28.79 547.962
28.8 546.604
28.81 547.618
28.82 547.962
28.83 547.34
28.84 546.333
28.85 545.406
28.86 545.792
28.87 546.786
28.88 548.507
28.89 549.009
28.9 548.235
28.91 547.34
28.92 547.826
28.93 547.647
28.94 548.756
28.95 548.71
28.96 546.284
28.97 543.385
28.98 542.366
28.99 540.892
29 541.53
29.01 556.116
29.02 554.577
29.03 554.38
29.04 555.105
29.05 554.533
29.06 554.533
29.07 552.434
29.08 553.094
29.09 551.781
29.1 554.901
29.11 550.485
29.12 552.236
29.13 545.669
29.14 544.713
29.15 542.51
29.16 538.097
29.17 539.266
29.18 536.932
29.19 542.117
29.2 544.033
29.21 545.252
29.22 544.856
29.23 542.395
29.24 542.395
29.25 543.486
29.26 544.176
29.27 544.307
29.28 543.371
29.29 542.122
29.3 543.759
29.31 543.759
29.32 544.307
29.33 544.033
29.34 541.851
29.35 541.769
29.36 542.395
29.37 542.667
29.38 542.122
29.39 539.416
29.4 540.63
29.41 540.063
29.42 541.843
29.43 543.738
29.44 543.738
29.45 542.955
29.46 543.795
29.47 546.52
29.48 549.875
29.49 551.25
29.5 559.014
29.51 548.507
29.52 552.632
29.53 557.22
29.54 541.104
29.55 541.104
29.56 541.104
29.57 541.104
29.58 541.104
29.59 0
29.6 168.966
29.61 0
29.62 0
29.63 416.038
29.64 0
29.65 234.574
29.66 0
29.67 355.645
29.68 0
29.69 234.574
29.7 0
29.71 0
29.72 711.29
29.73 0
29.74 0
29.75 0
29.76 54.3103
29.77 0
29.78 150
29.79 148.986
29.8 148.986
29.81 0
29.82 481.967
29.83 481.967
29.84 481.967
29.85 0
29.86 726.923
29.87 726.923
29.88 668.182
29.89 668.182
29.9 668.182
29.91 668.182
29.92 668.182
29.93 0
29.94 450
29.95 0
29.96 90.3689
29.97 0
29.98 181.931
29.99 180.738
30 179.451
30.01 178.302
30.02 178.302
30.03 178.302
30.04 178.302
30.05 179.171
30.06 179.345
30.07 179.467
30.08 179.755
30.09 180.307
30.1 180.573
30.11 180.3
30.12 180.356
30.13 180.356
30.14 180.315
30.15 180.265
30.16 180.349
30.17 179.605
30.18 179.451
30.19 179.451
30.2 179.451
30.21 179.451
30.22 179.451
30.23 0
30.24 608.599
30.25 610.381
30.26 619.006
30.27 617.647
30.28 622.021
30.29 622.476
30.3 629.002
30.31 633.549
30.32 646.417
30.33 646.417
30.34 646.417
30.35 646.417
30.36 646.417
30.37 0
30.38 682.186
30.39 686.803
30.4 689.062
30.41 689.819
30.42 691.967
30.43 692.498
30.44 691.605
30.45 693
30.46 693.917
30.47 697.098
30.48 693.991
30.49 693.991
30.5 693.991
30.51 693.991
30.52 693.991
30.53 0
30.54 233.221
30.55 233.925
30.56 234.358
30.57 234.731
30.58 234.787
30.59 234.858
30.6 234.972
30.61 234.963
30.62 235.17
30.63 235.529
30.64 235.682
30.65 235.769
30.66 235.858
30.67 235.949
30.68 236.009
30.69 235.772
30.7 235.709
30.71 235.368
30.72 234.753
30.73 234.453
30.74 234.315
30.75 234.33
30.76 234.422
30.77 234.574
30.78 235.043
30.79 235.5
30.8 236.031
30.81 236.311
30.82 236.461
30.83 236.419
30.84 236.579
30.85 236.428
30.86 236.305
30.87 236.098
30.88 235.829
30.89 235.689
30.9 235.668
30.91 235.926
30.92 236.266
30.93 236.521
30.94 236.63
30.95 236.638
30.96 236.596
30.97 236.579
30.98 236.352
30.99 235.944
31 235.424
31.01 234.911
31.02 234.525
31.03 234.676
31.04 235.215
31.05 235.917
31.06 237.462
31.07 238.758
31.08 239.809
31.09 240.086
31.1 240.221
31.11 240.404
31.12 240.299
31.13 240.25
31.14 240.03
31.15 239.461
31.16 238.609
31.17 237.748
31.18 236.986
31.19 236.765
31.2 236.901
31.21 237.19
31.22 237.361
31.23 237.5
31.24 237.493
31.25 237.405
31.26 237.325
31.27 237.238
31.28 237.146
31.29 237.047
31.3 236.999
31.31 237.002
31.32 237.422
31.33 237.887
31.34 238.293
31.35 238.338
31.36 238.227
31.37 238.09
31.38 237.844
31.39 237.703
31.4 237.338
31.41 236.718
31.42 235.64
31.43 234.648
31.44 234.076
31.45 234.087
31.46 234.763
31.47 235.297
31.48 236.145
31.49 236.472
31.5 236.784
31.51 237.139
31.52 237.097
31.53 237.007
31.54 236.727
31.55 236.425
31.56 235.856
31.57 235.566
31.58 235.514
31.59 235.587
31.6 235.587
31.61 235.698
31.62 236.219
31.63 236.527
31.64 236.709
31.65 236.686
31.66 236.727
31.67 236.527
31.68 236.472
31.69 236.311
31.7 236.145
31.71 236.054
31.72 236.021
31.73 236.114
31.74 236.25
31.75 236.522
31.76 236.727
31.77 236.935
31.78 237.017
31.79 236.935
31.8 236.659
31.81 236.25
31.82 236.117
31.83 235.974
31.84 235.624
31.85 235.63
31.86 235.11
31.87 234.699
31.88 234.396
31.89 234.574
31.9 234.574
31.91 239.302
31.92 231.294
31.93 229.688
31.94 229.688
31.95 229.688
31.96 229.688
31.97 229.688
31.98 0
31.99 286.364
32 274.766
32.01 271.265
32.02 263.756
32.03 268.902
32.04 260.092
32.05 256.667
32.06 253.657
32.07 252.361
32.08 246.828
32.09 245.182
32.1 243.736
32.11 243.567
32.12 243.199
32.13 243.036
32.14 242.816
32.15 242.55
32.16 242.054
32.17 241.549
32.18 240.625
32.19 239.922
32.2 239.426
32.21 238.932
32.22 238.809
32.23 238.932
32.24 239.426
32.25 240.387
32.26 241.172
32.27 241.928
32.28 242.816
32.29 243.071
32.3 242.914
32.31 242.816
32.32 242.308
32.33 241.298
32.34 240.67
32.35 240.387
32.36 240.047
32.37 240.149
32.38 240.421
32.39 240.921
32.4 241.423
32.41 241.802
32.42 241.704
32.43 241.423
32.44 240.67
32.45 239.179
32.46 238.613
32.47 236.885
32.48 235.895
32.49 234.949
32.5 234.298
32.51 233.797
32.52 233.51
32.53 233.896
32.54 238.378
32.55 241.776
32.56 235.829
32.57 235.409
32.58 234.574
32.59 234.574
32.6 235.409
32.61 235.409
32.62 235.577
32.63 235.577
32.64 235.409
32.65 235.829
32.66 213.87
32.67 213.115
32.68 213.231
32.69 213.692
32.7 213.829
32.71 213.838
32.72 213.53
32.73 213.318
32.74 212.941
32.75 212.838
32.76 212.747
32.77 212.713
32.78 212.795
32.79 212.862
32.8 213.117
32.81 213.264
32.82 213.347
32.83 213.475
32.84 213.437
32.85 213.445
32.86 213.338
32.87 213.311
32.88 213.338
32.89 213.191
32.9 213.412
32.91 213.338
32.92 213.311
32.93 213.418
32.94 213.129
32.95 212.964
32.96 212.897
32.97 212.97
32.98 213.117
32.99 213.264
33 213.707
33.01 214.161
33.02 215.035
33.03 215.56
33.04 216.48
33.05 217.185
33.06 217.185
33.07 217.073
33.08 216.624
33.09 216.176
33.1 215.731
33.11 215.509
33.12 215.288
33.13 215.177
33.14 215.177
33.15 215.509
33.16 215.954
33.17 216.288
33.18 216.736
33.19 216.96
33.2 216.814
33.21 216.848
33.22 216.848
33.23 216.736
33.24 216.624
33.25 216.624
33.26 216.736
33.27 216.848
33.28 216.96
33.29 217.185
33.3 217.185
33.31 216.96
33.32 216.389
33.33 215.731
33.34 215.177
33.35 214.846
33.36 214.626
33.37 214.736
33.38 215.122
33.39 216.065
33.4 216.96
33.41 217.863
33.42 218.773
33.43 219.403
33.44 219.731
33.45 219.921
33.46 219.575
33.47 219.116
33.48 218.659
33.49 217.993
33.5 217.523
33.51 217.298
33.52 217.185
33.53 217.185
33.54 217.339
33.55 217.436
33.56 217.523
33.57 217.683
33.58 217.885
33.59 218.008
33.6 217.394
33.61 217.489
33.62 217.241
33.63 216.885
33.64 215.472
33.65 215.472
33.66 215.472
33.67 215.472
33.68 212.019
33.69 250.568
33.7 223.858
33.71 223.858
33.72 223.858
33.73 223.858
33.74 223.858
33.75 214.773
33.76 267.814
33.77 276.008
33.78 294.907
33.79 294.786
33.8 294.786
33.81 294.786
33.82 294.786
33.83 294.786
33.84 294.786
33.85 294.786
33.86 294.561
33.87 292.699
33.88 292.699
33.89 292.699
33.9 292.699
33.91 292.699
33.92 0
33.93 590.955
33.94 590.733
33.95 591.862
33.96 591.862
33.97 590.474
33.98 590.04
33.99 588.785
34 588.785
34.01 588.785
34.02 588.785
34.03 588.785
34.04 0
34.05 194.968
34.06 195.462
34.07 195.493
34.08 195.565
34.09 195.442
34.1 195.369
34.11 195.369
34.12 195.234
34.13 195.234
34.14 194.559
34.15 193.045
34.16 191.739
34.17 191.075
34.18 190.086
34.19 189.474
34.2 189.542
34.21 186.864
34.22 186.864
34.23 183.75
34.24 186.548
34.25 184.006
34.26 182.836
34.27 182.735
34.28 183.75
34.29 177.823
34.3 177.823
34.31 177.823
34.32 177.823
34.33 177.823
34.34 0
34.35 26.0024
34.36 0
34.37 53.6062
34.38 0
34.39 25.4913
34.4 24.9434
34.41 24.9434
34.42 0
34.43 46.7656
34.44 46.7656
34.45 46.7656
34.46 46.7656
34.47 46.7656
34.48 47.6757
34.49 47.6757
34.5 53.0048
34.51 53.0048
34.52 53.0048
34.53 48.0392
34.54 48.0392
34.55 53.0048
34.56 53.0048
34.57 53.0048
34.58 48.3553
34.59 48.3553
34.6 48.3553
34.61 48.3553
34.62 51.5187
34.63 51.5187
34.64 51.5187
34.65 51.5187
34.66 0
34.67 0
34.68 0
34.69 152.069
34.7 153.125
34.71 152.52
34.72 152.537
34.73 153.222
34.74 153.7
34.75 155.126
34.76 155.282
34.77 155.595
34.78 158.206
34.79 169.182
34.8 169.058
34.81 168.836
34.82 168.672
34.83 168.592
34.84 168.888
34.85 169.151
34.86 169.481
34.87 170.682
34.88 170.682
34.89 170.682
34.9 170.682
34.91 170.682
34.92 0
34.93 574.827
34.94 580.719
34.95 577.225
34.96 576.128
34.97 611.368
34.98 614.396
34.99 614.991
35 614.991
35.01 651.368
35.02 651.368
35.03 651.368
35.04 651.368
35.05 651.368
35.06 0
35.07 224.427
35.08 225.978
35.09 227.536
35.1 228.497
35.11 229.289
35.12 229.865
35.13 230.087
35.14 230.102
35.15 230.167
35.16 230.327
35.17 231.07
35.18 231.699
35.19 232.455
35.2 233.263
35.21 233.94
35.22 234.348
35.23 234.786
35.24 235.116
35.25 235.63
35.26 236.183
35.27 236.598
35.28 237.004
35.29 237.19
35.3 237.462
35.31 237.747
35.32 237.834
35.33 237.758
35.34 237.553
35.35 237.238
35.36 236.608
35.37 236.186
35.38 235.7
35.39 235.314
35.4 235.267
35.41 235.682
35.42 236.306
35.43 236.785
35.44 237.566
35.45 237.834
35.46 237.965
35.47 238.226
35.48 238.426
35.49 238.585
35.5 238.613
35.51 238.221
35.52 237.788
35.53 237.368
35.54 237.263
35.55 237.097
35.56 237.097
35.57 237.233
35.58 237.226
35.59 237.222
35.6 237.259
35.61 237.218
35.62 237.218
35.63 237.186
35.64 237.361
35.65 237.537
35.66 237.712
35.67 237.933
35.68 238.214
35.69 238.156
35.7 238.164
35.71 238.146
35.72 238.078
35.73 237.95
35.74 238.14
35.75 238.266
35.76 238.579
35.77 238.916
35.78 239.154
35.79 239.196
35.8 239.327
35.81 239.327
35.82 239.269
35.83 239.121
35.84 238.676
35.85 238.194
35.86 237.71
35.87 237.357
35.88 236.988
35.89 236.941
35.9 237.097
35.91 237.197
35.92 237.723
35.93 238.252
35.94 238.776
35.95 239.144
35.96 239.45
35.97 239.674
35.98 239.802
35.99 239.834
36 239.798
36.01 239.765
36.02 239.5
36.03 239.302
36.04 239.268
36.05 239.248
36.06 239.256
36.07 239.289
36.08 239.333
36.09 239.43
36.1 239.446
36.11 239.405
36.12 239.349
36.13 239.047
36.14 238.886
36.15 238.589
36.16 238.428
36.17 238.172
36.18 238.089
36.19 238.077
36.2 237.932
36.21 238.049
36.22 238.235
36.23 238.235
36.24 238.44
36.25 238.747
36.26 239.241
36.27 242.308
36.28 245
36.29 243.31
36.3 238.121
36.31 232.105
36.32 225
36.33 190.086
36.34 190.086
36.35 190.086
36.36 190.086
36.37 190.086
36.38 0
36.39 329.104
36.4 306.25
36.41 294
36.42 277.358
36.43 275.134
36.44 272.222
36.45 266.734
36.46 260.024
36.47 254.545
36.48 252.288
36.49 249.913
36.5 246.369
36.51 245.642
36.52 245.287
36.53 244.87
36.54 243.524
36.55 242.435
36.56 242.187
36.57 242.054
36.58 242.054
36.59 241.802
36.6 241.802
36.61 241.704
36.62 241.802
36.63 241.945
36.64 242.181
36.65 242.308
36.66 242.55
36.67 242.689
36.68 243.036
36.69 243.199
36.7 243.402
36.71 243.454
36.72 243.454
36.73 243.28
36.74 243.199
36.75 243.036
36.76 242.943
36.77 242.914
36.78 242.816
36.79 242.943
36.8 242.914
36.81 242.943
36.82 243.036
36.83 243.326
36.84 243.646
36.85 244.225
36.86 245.797
36.87 245.946
36.88 245.511
36.89 248.731
36.9 251.869
36.91 254.913
36.92 248.684
36.93 247.753
36.94 247.29
36.95 247.29
36.96 247.29
36.97 247.29
36.98 247.29
36.99 247.29
37 247.29
37.01 247.197
37.02 247.753
37.03 224.745
37.04 222.497
37.05 222.278
37.06 222.11
37.07 221.808
37.08 221.274
37.09 220.726
37.1 220.21
37.11 219.575
37.12 219.096
37.13 218.65
37.14 218.488
37.15 218.374
37.16 218.488
37.17 218.817
37.18 218.928
37.19 218.928
37.2 218.887
37.21 218.678
37.22 218.437
37.23 218.186
37.24 217.729
37.25 217.241
37.26 216.784
37.27 216.4
37.28 216.176
37.29 216.065
37.3 216.176
37.31 216.4
37.32 216.624
37.33 216.96
37.34 217.523
37.35 217.976
37.36 218.425
37.37 219.002
37.38 219.116
37.39 219.231
37.4 219.116
37.41 218.859
37.42 218.431
37.43 218.09
37.44 217.976
37.45 217.749
37.46 217.749
37.47 217.885
37.48 218.09
37.49 218.203
37.5 218.317
37.51 218.431
37.52 218.425
37.53 218.317
37.54 218.203
37.55 217.976
37.56 217.863
37.57 217.749
37.58 217.778
37.59 217.749
37.6 217.976
37.61 218.317
37.62 218.545
37.63 218.859
37.64 219.116
37.65 219.231
37.66 219.46
37.67 219.46
37.68 219.512
37.69 219.294
37.7 219.002
37.71 218.659
37.72 218.545
37.73 218.317
37.74 218.101
37.75 217.863
37.76 217.749
37.77 217.749
37.78 217.976
37.79 218.101
37.8 218.431
37.81 218.545
37.82 218.431
37.83 218.545
37.84 218.431
37.85 218.425
37.86 218.317
37.87 218.09
37.88 217.976
37.89 217.863
37.9 217.885
37.91 218.09
37.92 218.317
37.93 218.545
37.94 218.545
37.95 218.557
37.96 218.827
37.97 218.817
37.98 219.04
37.99 219.185
38 219.403
38.01 219.524
38.02 219.622
38.03 219.559
38.04 220.5
38.05 220.5
38.06 220.5
38.07 220.5
38.08 219.403
38.09 214.078
38.1 237.097
38.11 240.984
38.12 238.809
38.13 238.809
38.14 232.105
38.15 222.446
38.16 219.403
38.17 219.403
38.18 219.403
38.19 219.403
38.2 214.599
38.21 214.599
38.22 214.599
38.23 213.191
38.24 208.019
38.25 198.113
38.26 197.885
38.27 198.301
38.28 198.504
38.29 198.697
38.3 198.748
38.31 198.698
38.32 198.698
38.33 198.748
38.34 198.997
38.35 199.426
38.36 199.928
38.37 200.455
38.38 200.829
38.39 201.205
38.4 201.346
38.41 201.346
38.42 201.158
38.43 201.013
38.44 200.69
38.45 200.244
38.46 199.007
38.47 198.179
38.48 197.345
38.49 196.556
38.5 195.38
38.51 196.291
38.52 196.291
38.53 202.294
38.54 202.294
38.55 194.702
38.56 204.167
38.57 204.167
38.58 204.167
38.59 239.674
38.6 239.674
38.61 253.448
38.62 253.448
38.63 228.497
38.64 228.497
38.65 228.497
38.66 0
38.67 47.2163
38.68 47.2163
38.69 47.2163
38.7 47.2163
38.71 55.2632
38.72 49.8869
38.73 49.8869
38.74 49.8869
38.75 49.8869
38.76 49.8869
38.77 0
38.78 0
38.79 0
38.8 0
38.81 0
38.82 0
38.83 787.5
38.84 787.5
38.85 787.5
38.86 787.5
38.87 787.5
38.88 787.5
38.89 787.5
38.9 0
38.91 24.5819
38.92 0
38.93 324.265
38.94 0
38.95 678.462
38.96 668.182
38.97 668.182
38.98 658.209
38.99 658.209
39 658.209
39.01 658.209
39.02 0
39.03 159.783
39.04 162.132
39.05 165.997
39.06 167.59
39.07 170.636
39.08 172.042
39.09 173.168
39.1 174.462
39.11 175.348
39.12 176.4
39.13 178.233
39.14 179.192
39.15 180.902
39.16 184.615
39.17 189.99
39.18 193.782
39.19 197.758
39.2 200.786
39.21 204.208
39.22 207.423
39.23 209.659
39.24 213.387
39.25 215.92
39.26 218.645
39.27 220.914
39.28 223
39.29 225.359
39.3 226.735
39.31 227.741
39.32 228.659
39.33 229.395
39.34 229.78
39.35 230.331
39.36 231.097
39.37 231.678
39.38 232.284
39.39 232.823
39.4 233.148
39.41 233.544
39.42 233.907
39.43 234.21
39.44 234.458
39.45 234.629
39.46 234.812
39.47 235.409
39.48 235.86
39.49 236.268
39.5 236.598
39.51 236.809
39.52 236.908
39.53 236.773
39.54 236.761
39.55 236.726
39.56 236.612
39.57 236.349
39.58 235.919
39.59 235.075
39.6 233.989
39.61 233.581
39.62 233.087
39.63 229.688
39.64 229.688
39.65 243.796
39.66 253.673
39.67 250.885
39.68 249.623
39.69 245.52
39.7 243.109
39.71 242.641
39.72 242.308
39.73 242.583
39.74 242.793
39.75 242.778
39.76 242.957
39.77 243.036
39.78 243.409
39.79 243.646
39.8 243.972
39.81 243.996
39.82 244.057
39.83 243.769
39.84 243.454
39.85 243.158
39.86 242.943
39.87 242.689
39.88 242.308
39.89 241.928
39.9 241.825
39.91 241.802
39.92 241.945
39.93 242.181
39.94 242.308
39.95 242.429
39.96 242.562
39.97 242.55
39.98 242.689
39.99 242.793
40 242.689
40.01 242.562
40.02 242.435
40.03 242.308
40.04 242.308
40.05 242.435
40.06 242.671
40.07 242.943
40.08 243.409
40.09 243.769
40.1 243.151
40.11 243.151
40.12 243.151
40.13 243.151
40.14 243.05
40.15 242.975
40.16 242.513
40.17 241.776
40.18 241.584
40.19 240.254
40.2 237.522
40.21 229.289
40.22 225.46
40.23 222.727
40.24 222.199
40.25 221.274
40.26 220.5
40.27 220.042
40.28 219.767
40.29 219.591
40.3 218.237
40.31 216.823
40.32 216.539
40.33 216.999
40.34 217.37
40.35 217.636
40.36 217.962
40.37 218
40.38 218.055
40.39 218.059
40.4 218.008
40.41 217.833
40.42 217.691
40.43 217.491
40.44 217.481
40.45 217.734
40.46 217.992
40.47 218.517
40.48 218.867
40.49 219.215
40.5 219.385
40.51 219.42
40.52 219.385
40.53 219.274
40.54 218.957
40.55 218.671
40.56 218.144
40.57 217.661
40.58 217.534
40.59 217.375
40.6 217.711
40.61 217.711
40.62 217.711
40.63 217.711
40.64 217.711
40.65 0
40.66 330.814
40.67 0
40.68 661.914
40.69 665.94
40.7 648.529
40.71 648.529
40.72 648.529
40.73 0
40.74 246.244
40.75 245.84
40.76 245.341
40.77 245
40.78 244.741
40.79 244.096
40.8 243.402
40.81 243.071
40.82 242.816
40.83 242.671
40.84 242.562
40.85 242.429
40.86 242.435
40.87 242.308
40.88 242.308
40.89 242.308
40.9 242.187
40.91 242.181
40.92 242.429
40.93 242.308
40.94 242.435
40.95 242.562
40.96 242.435
40.97 242.429
40.98 242.181
40.99 242.066
41 242.054
41.01 242.181
41.02 242.816
41.03 243.199
41.04 243.524
41.05 243.711
41.06 243.646
41.07 243.582
41.08 243.512
41.09 243.646
41.1 241.061
41.11 238.701
41.12 236.901
41.13 235.485
41.14 232.718
41.15 230.087
41.16 222.727
41.17 220.868
41.18 219.622
41.19 216.176
41.2 204.419
41.21 200.455
41.22 203.226
41.23 204.799
41.24 206.195
41.25 206.557
41.26 208.264
41.27 210.129
41.28 213.008
41.29 225.922
41.3 230.89
41.31 233.471
41.32 235.409
41.33 236.62
41.34 237.224
41.35 238.018
41.36 238.378
41.37 238.563
41.38 239.008
41.39 239.357
41.4 239.674
41.41 239.815
41.42 239.891
41.43 239.753
41.44 239.587
41.45 239.422
41.46 239.228
41.47 238.902
41.48 238.41
41.49 238.109
41.5 237.908
41.51 237.632
41.52 237.522
41.53 237.401
41.54 237.401
41.55 237.705
41.56 238.279
41.57 238.868
41.58 239.044
41.59 239.195
41.6 239.241
41.61 239.186
41.62 239.183
41.63 239.226
41.64 239.241
41.65 239.087
41.66 239.186
41.67 239.344
41.68 239.467
41.69 239.77
41.7 240.075
41.71 240.291
41.72 240.28
41.73 240.24
41.74 240.145
41.75 239.93
41.76 239.759
41.77 239.674
41.78 239.506
41.79 239.581
41.8 239.57
41.81 239.772
41.82 239.915
41.83 240.14
41.84 240.353
41.85 240.508
41.86 240.695
41.87 240.864
41.88 240.837
41.89 241.216
41.9 241.203
41.91 241.203
41.92 241.203
41.93 248.871
41.94 248.751
41.95 248.769
41.96 248.684
41.97 248.684
41.98 248.151
41.99 245.78
42 243.935
42.01 243.731
42.02 243.726
42.03 243.756
42.04 243.788
42.05 243.678
42.06 243.711
42.07 243.585
42.08 243.49
42.09 243.115
42.1 242.37
42.11 241.486
42.12 240.68
42.13 240.233
42.14 239.992
42.15 240.08
42.16 240.353
42.17 240.912
42.18 241.748
42.19 242.663
42.2 243.426
42.21 245.565
42.22 247.059
42.23 247.589
42.24 247.753
42.25 247.753
42.26 244.612
42.27 226.154
42.28 222.406
42.29 222.406
42.3 222.406
42.31 222.406
42.32 222.406
42.33 222.406
42.34 222.406
42.35 222.406
42.36 220.942
42.37 216.176
42.38 216.361
42.39 217.185
42.4 217.599
42.41 218.142
42.42 218.425
42.43 218.471
42.44 218.642
42.45 218.761
42.46 219.04
42.47 219.323
42.48 219.524
42.49 219.648
42.5 219.919
42.51 219.941
42.52 220.119
42.53 220.155
42.54 220.17
42.55 219.976
42.56 219.886
42.57 219.528
42.58 219.564
42.59 219.755
42.6 219.799
42.61 219.767
42.62 219.84
42.63 219.534
42.64 218.859
42.65 218.497
42.66 218.317
42.67 218.317
42.68 217.838
42.69 217.863
42.7 217.42
42.71 216.885
42.72 216.442
42.73 216.176
42.74 216.176
42.75 209.409
42.76 204.167
42.77 201.064
42.78 200
42.79 198.777
42.8 198.333
42.81 198.273
42.82 198.223
42.83 198.183
42.84 198.291
42.85 198.318
42.86 198.006
42.87 198
42.88 198.559
42.89 199.026
42.9 199.405
42.91 199.849
42.92 200.329
42.93 200.51
42.94 200.556
42.95 200.759
42.96 200.759
42.97 200.872
42.98 200.911
42.99 200.942
43 201.085
43.01 201.554
43.02 202.016
43.03 202.378
43.04 202.74
43.05 203.082
43.06 203.154
43.07 202.936
43.08 202.892
43.09 202.776
43.1 202.776
43.11 202.436
43.12 202.132
43.13 201.677
43.14 201.937
43.15 202.603
43.16 203.116
43.17 203.789
43.18 204.067
43.19 204.356
43.2 204.64
43.21 204.305
43.22 203.824
43.23 203.769
43.24 203.578
43.25 203.113
43.26 202.489
43.27 201.501
43.28 200.151
43.29 200.151
43.3 200.151
43.31 197.758
43.32 200.455
43.33 202.914
43.34 205.594
43.35 213.043
43.36 202.294
43.37 198.947
43.38 198.947
43.39 198.947
43.4 198.947
43.41 198.947
43.42 198.947
43.43 198.947
43.44 198.947
43.45 198.291
43.46 187.859
43.47 187.859
43.48 187.859
43.49 187.859
43.5 187.859
43.51 0
43.52 572.209
43.53 572.356
43.54 574.718
43.55 572.727
43.56 573.224
43.57 573.3
43.58 573.3
43.59 573.3
43.6 557.22
43.61 551.702
43.62 549.191
43.63 545.236
43.64 546.468
43.65 546.468
43.66 546.468
43.67 555
43.68 553.672
43.69 551.863
43.7 553.646
43.71 547.226
43.72 552.483
43.73 551
43.74 550.08
43.75 555.123
43.76 555.123
43.77 555.123
43.78 555.123
43.79 555.123
43.8 565.838
43.81 565.838
43.82 564.039
43.83 560.697
43.84 560.498
43.85 560.498
43.86 557.444
43.87 558.385
43.88 558.6
43.89 559.746
43.9 559.746
43.91 559.746
43.92 559.746
43.93 562.556
43.94 564.498
43.95 563.476
43.96 560.343
43.97 549.077
43.98 555.732
43.99 557.881
44 560.301
44.01 553.966
44.02 558.089
44.03 558.089
44.04 558.089
44.05 558.089
44.06 558.089
44.07 0
44.08 184.935
44.09 0
44.1 565.714
44.11 0
44.12 567.381
44.13 565.73
44.14 565.681
44.15 561.972
44.16 561.972
44.17 561.972
44.18 561.972
44.19 0
44.2 183.75
44.21 0
44.22 563.271
44.23 563.615
44.24 562.934
44.25 559.308
44.26 565.664
44.27 560.411
44.28 563.138
44.29 559.783
44.3 559.783
44.31 559.783
44.32 559.783
44.33 559.783
44.34 0
44.35 177.536
44.36 177.108
44.37 177.108
44.38 177.108
44.39 177.108
44.4 177.108
44.41 177.108
44.42 176.602
44.43 175
44.44 175
44.45 185.294
44.46 185.294
44.47 185.294
44.48 185.294
44.49 185.294
44.5 0
44.51 112.5
44.52 0
44.53 185.294
44.54 0
44.55 177.823
44.56 175
44.57 180.368
44.58 181.897
44.59 182.533
44.6 184.87
44.61 186.188
44.62 188.06
44.63 191.04
44.64 193.018
44.65 194.477
44.66 199.435
44.67 207.15
44.68 210.334
44.69 213.098
44.7 214.956
44.71 216.288
44.72 217.073
44.73 217.523
44.74 217.636
44.75 217.636
44.76 217.749
44.77 217.863
44.78 217.976
44.79 218.317
44.8 218.75
44.81 219.231
44.82 219.691
44.83 220.268
44.84 221.053
44.85 221.608
44.86 222.054
44.87 222.727
44.88 223.083
44.89 223.404
44.9 223.631
44.91 223.798
44.92 223.918
44.93 223.972
44.94 223.972
44.95 223.858
44.96 223.918
44.97 223.858
44.98 223.744
44.99 223.631
45 223.44
45.01 223.291
45.02 222.834
45.03 221.053
45.04 216.176
45.05 214.338
45.06 214.338
45.07 214.338
45.08 214.338
45.09 213.847
45.1 214.338
45.11 214.338
45.12 214.338
45.13 211.342
45.14 205.239
45.15 205.239
45.16 205.239
45.17 205.239
45.18 205.239
45.19 0
45.2 631.145
45.21 629.086
45.22 631.388
45.23 630.784
45.24 629.739
45.25 633.97
45.26 633.72
45.27 636.14
45.28 637.383
45.29 638.63
45.3 639.882
45.31 641.139
45.32 641.735
45.33 641.735
45.34 641.486
45.35 641.735
45.36 640.988
45.37 640.636
45.38 634.202
45.39 632.157
45.4 631.641
45.41 634.202
45.42 637.439
45.43 638.616
45.44 637.179
45.45 633.938
45.46 630.269
45.47 625.809
45.48 620.845
45.49 616.209
45.5 631.525
45.51 631.525
45.52 631.525
45.53 631.525
45.54 631.525
45.55 0
45.56 199.548
45.57 199.548
45.58 199.548
45.59 199.548
45.6 199.548
45.61 199.007
45.62 198.425
45.63 197.463
45.64 186.864
45.65 182.988
45.66 180.985
45.67 180.315
45.68 180.315
45.69 180.315
45.7 180.315
45.71 180.315
45.72 180.315
45.73 177.108
45.74 176.872
45.75 179.686
45.76 180.69
45.77 180.797
45.78 181.233
45.79 181.233
45.8 181.233
45.81 181.233
45.82 181.233
45.83 182.919
45.84 182.919
45.85 0
45.86 549.327
45.87 549.875
45.88 550.15
45.89 550.424
45.9 553.742
45.91 553.186
45.92 547.896
45.93 541.621
45.94 535.628
45.95 529.429
45.96 528.058
45.97 525.677
45.98 527.577
45.99 527.577
46 527.577
46.01 527.577
46.02 543.008
46.03 544.84
46.04 544.962
46.05 545.492
46.06 551.537
46.07 553.606
46.08 552.236
46.09 552.401
46.1 552.141
46.11 551.802
46.12 551.25
46.13 551.25
46.14 551.25
46.15 526.193
46.16 526.193
46.17 526.193
46.18 526.193
46.19 0
46.2 277.667
46.21 0
46.22 538.816
46.23 542.921
46.24 545.848
46.25 549.054
46.26 549.601
46.27 550.424
46.28 553.186
46.29 554.02
46.3 552.909
46.31 552.632
46.32 551.526
46.33 550.699
46.34 552.355
46.35 551.25
46.36 549.533
46.37 548.445
46.38 546.062
46.39 546.51
46.4 547.418
46.41 547.34
46.42 545.792
46.43 544.307
46.44 544.444
46.45 545.682
46.46 546.333
46.47 545.131
46.48 541.579
46.49 540.225
46.5 541.308
46.51 542.035
46.52 541.579
46.53 538.878
46.54 535.772
46.55 533.993
46.56 536.932
46.57 538.18
46.58 539.731
46.59 541.326
46.6 545.682
46.61 547.618
46.62 548.507
46.63 547.896
46.64 546.062
46.65 544.983
46.66 545.958
46.67 546.875
46.68 546.51
46.69 545.522
46.7 544.856
46.71 546.062
46.72 547.618
46.73 549.054
46.74 549.288
46.75 547.69
46.76 547.826
46.77 548.756
46.78 549.84
46.79 550
46.8 549.723
46.81 547.517
46.82 544.798
46.83 545.406
46.84 547.826
46.85 543.834
46.86 543.834
46.87 543.834
46.88 543.834
46.89 543.834
46.9 0
46.91 182.231
46.92 181.731
46.93 184.519
46.94 184.519
46.95 184.519
46.96 0
46.97 0
46.98 0
46.99 0
47 19.3082
47.01 19.3082
47.02 19.3082
47.03 19.3082
47.04 21.1207
47.05 21.1207
47.06 21.1207
47.07 21.1207
47.08 21.1207
47.09 21.1207
47.1 25.4913
47.11 25.4913
47.12 25.4913
47.13 0
47.14 0
47.15 0
47.16 0
47.17 0
47.18 0
47.19 146.674
47.2 150
47.21 150
47.22 150
47.23 150
47.24 150
47.25 150
47.26 150
47.27 150
47.28 150
47.29 150
47.3 0
47.31 0
47.32 0
47.33 0
47.34 0
47.35 0
47.36 0
47.37 0
47.38 0
47.39 0
47.4 0
47.41 0
47.42 170.27
47.43 170.93
47.44 170.6
47.45 169.29
47.46 168.75
47.47 169.615
47.48 170.783
47.49 171.292
47.5 172.625
47.51 175.44
47.52 176.899
47.53 178.657
47.54 178.657
47.55 178.657
47.56 178.657
47.57 178.657
47.58 0
47.59 190.634
47.6 191.68
47.61 193.875
47.62 196.45
47.63 199.247
47.64 201.677
47.65 204.482
47.66 207.386
47.67 210.69
47.68 213.559
47.69 217.313
47.7 220.745
47.71 226.464
47.72 228.667
47.73 229.346
47.74 229.927
47.75 230.38
47.76 230.649
47.77 230.864
47.78 232.046
47.79 232.595
47.8 233.642
47.81 234.319
47.82 235.115
47.83 236.109
47.84 236.865
47.85 237.187
47.86 239.371
47.87 237.81
47.88 237.658
47.89 237.224
47.9 236.997
47.91 236.846
47.92 236.783
47.93 236.695
47.94 236.74
47.95 237.043
47.96 237.682
47.97 238.334
47.98 238.734
47.99 239.674
48 240.342
48.01 238.186
48.02 240.099
48.03 237.773
48.04 239.315
48.05 240.099
48.06 237.275
48.07 240.281
48.08 238.829
48.09 239.13
48.1 240.647
48.11 238.049
48.12 240.953
48.13 240.214
48.14 239.154
48.15 240.631
48.16 238.875
48.17 238.752
48.18 238.502
48.19 238.413
48.2 238.397
48.21 238.357
48.22 238.522
48.23 239.024
48.24 239.426
48.25 240.047
48.26 240.296
48.27 240.433
48.28 239.918
48.29 239.457
48.3 238.895
48.31 238.579
48.32 238.378
48.33 238.322
48.34 238.57
48.35 238.554
48.36 238.622
48.37 239.171
48.38 239.975
48.39 241.738
48.4 242.521
48.41 241.512
48.42 240.506
48.43 239.426
48.44 238.947
48.45 239.047
48.46 239.171
48.47 239.003
48.48 239.171
48.49 239.024
48.5 239.274
48.51 240.327
48.52 241.298
48.53 242.615
48.54 242.703
48.55 242.209
48.56 241.688
48.57 240.702
48.58 239.935
48.59 239.506
48.6 239.044
48.61 238.809
48.62 238.92
48.63 239.241
48.64 239.494
48.65 239.987
48.66 241.041
48.67 241.313
48.68 241.776
48.69 241.945
48.7 241.353
48.71 240.89
48.72 240.304
48.73 239.832
48.74 239.511
48.75 239.349
48.76 239.268
48.77 239.43
48.78 239.674
48.79 240.022
48.8 240.387
48.81 240.495
48.82 240.43
48.83 239.674
48.84 239.278
48.85 238.773
48.86 238.555
48.87 238.597
48.88 238.626
48.89 238.461
48.9 238.147
48.91 238.303
48.92 238.747
48.93 239.302
48.94 240.545
48.95 242.13
48.96 243.815
48.97 244.773
48.98 246.461
48.99 246.92
49 247.197
49.01 245
49.02 251.712
49.03 251.072
49.04 250.119
49.05 249.794
49.06 249.025
49.07 247.614
49.08 246.041
49.09 244.354
49.1 243.071
49.11 242.175
49.12 241.615
49.13 241.103
49.14 241.041
49.15 240.864
49.16 241.313
49.17 241.776
49.18 241.928
49.19 242.136
49.2 242.308
49.21 242.308
49.22 241.975
49.23 241.701
49.24 241.539
49.25 241.313
49.26 241.198
49.27 241.109
49.28 241.223
49.29 241.298
49.3 241.567
49.31 241.998
49.32 242.244
49.33 242.55
49.34 242.816
49.35 242.914
49.36 243.053
49.37 242.929
49.38 242.68
49.39 242.371
49.4 241.945
49.41 241.738
49.42 241.567
49.43 241.486
49.44 241.628
49.45 241.813
49.46 241.928
49.47 242.126
49.48 242.562
49.49 242.68
49.5 242.618
49.51 242.562
49.52 242.308
49.53 242.054
49.54 241.945
49.55 241.865
49.56 241.875
49.57 241.813
49.58 241.802
49.59 242.066
49.6 242.371
49.61 242.55
49.62 242.68
49.63 242.618
49.64 242.618
49.65 242.562
49.66 242.611
49.67 242.689
49.68 242.68
49.69 242.742
49.7 242.804
49.71 242.929
49.72 243.007
49.73 242.975
49.74 242.943
49.75 242.866
49.76 242.929
49.77 242.959
49.78 243.042
49.79 242.994
49.8 242.975
49.81 243.233
49.82 243.28
49.83 243.497
49.84 243.916
49.85 244.014
49.86 241.13
49.87 234.932
49.88 221.163
49.89 216.442
49.9 216.442
49.91 207.042
49.92 186.864
49.93 186.864
49.94 186.864
49.95 186.864
49.96 186.864
49.97 0
49.98 0
49.99 0
50 0
50.01 0
50.02 0
50.03 16.2611
50.04 0
50.05 469.149
50.06 0
50.07 0
50.08 0
50.09 0
50.1 0
50.11 0
50.12 0
50.13 0
50.14 0
50.15 0
50.16 0
50.17 240.984
50.18 239.674
50.19 237.736
50.2 237.522
50.21 237.462
50.22 236.532
50.23 235.714
50.24 234.767
50.25 234.281
50.26 234.312
50.27 234.574
50.28 234.678
50.29 235.038
50.3 235.223
50.31 235.409
50.32 236.461
50.33 236.733
50.34 236.975
50.35 237.224
50.36 237.462
50.37 237.462
50.38 237.462
50.39 237.462
50.4 237.583
50.41 238.072
50.42 238.659
50.43 239.024
50.44 239.385
50.45 239.521
50.46 239.86
50.47 240.109
50.48 240.196
50.49 240.109
50.5 240.327
50.51 240.327
50.52 216.176
50.53 217.456
50.54 217.456
50.55 216.176
50.56 212.763
50.57 211.541
50.58 211.005
50.59 211.409
50.6 211.896
50.61 212.205
50.62 212.337
50.63 213.415
50.64 214.86
50.65 217.742
50.66 220.763
50.67 223.364
50.68 225.236
50.69 227.085
50.7 229.063
50.71 230.566
50.72 231.8
50.73 233.098
50.74 234.378
50.75 235.603
50.76 236.779
50.77 238.25
50.78 239.269
50.79 240.126
50.8 240.594
50.81 242.095
50.82 243.503
50.83 239.733
50.84 252.74
50.85 238.144
50.86 237.097
50.87 236.634
50.88 235.892
50.89 235.703
50.9 235.895
50.91 237.028
50.92 237.555
50.93 241.843
50.94 240.208
50.95 239.057
50.96 239.308
50.97 239.268
50.98 239.055
50.99 238.604
51 238.317
51.01 238.113
51.02 237.95
51.03 237.827
51.04 237.799
51.05 237.843
51.06 237.915
51.07 238.037
51.08 238.081
51.09 238.045
51.1 238.057
51.11 238.008
51.12 237.992
51.13 238.051
51.14 238.13
51.15 238.214
51.16 238.329
51.17 238.707
51.18 239.134
51.19 239.716
51.2 240.13
51.21 240.579
51.22 240.421
51.23 241.742
51.24 244.653
51.25 248.337
51.26 251.699
51.27 240.138
51.28 239.674
51.29 239.31
51.3 239.561
51.31 239.928
51.32 240.361
51.33 240.882
51.34 241.47
51.35 240.506
51.36 240.522
51.37 244.92
51.38 250.201
51.39 253.713
51.4 251.84
51.41 251.362
51.42 250.058
51.43 249.393
51.44 250.194
51.45 252.085
51.46 238.53
51.47 238.96
51.48 240.063
51.49 241.928
51.5 240.984
51.51 241.005
51.52 240.833
51.53 240.56
51.54 240.296
51.55 240.163
51.56 240.123
51.57 240.123
51.58 240.368
51.59 240.629
51.6 241.066
51.61 241.437
51.62 241.613
51.63 241.809
51.64 242.901
51.65 244.879
51.66 246.033
51.67 253.652
51.68 254.846
51.69 254.162
51.7 254.097
51.71 254.228
51.72 254.846
51.73 255.97
51.74 250.502
51.75 246.691
51.76 244.891
51.77 241.561
51.78 257.293
51.79 269.356
51.8 269.356
51.81 269.356
51.82 230.043
51.83 229.122
51.84 227.62
51.85 227.62
51.86 227.62
51.87 227.62
51.88 221.98
51.89 220.133
51.9 218.781
51.91 217.144
51.92 215.122
51.93 213.663
51.94 212.701
51.95 217.36
51.96 224.142
51.97 224.142
51.98 225
51.99 232.105
52 236.901
52.01 240.984
52.02 234.574
52.03 229.389
52.04 226.601
52.05 224.596
52.06 223.679
52.07 222.942
52.08 222.239
52.09 221.701
52.1 221.034
52.11 219.151
52.12 217.288
52.13 216.682
52.14 216.638
52.15 216.708
52.16 217.159
52.17 217.574
52.18 217.885
52.19 218.182
52.2 218.38
52.21 218.65
52.22 218.984
52.23 219.373
52.24 219.633
52.25 219.921
52.26 220.218
52.27 220.335
52.28 220.557
52.29 220.558
52.3 220.5
52.31 220.218
52.32 220.105
52.33 219.711
52.34 219.288
52.35 219.04
52.36 219.087
52.37 219.172
52.38 219.37
52.39 219.575
52.4 219.787
52.41 220.133
52.42 220.5
52.43 220.953
52.44 221.066
52.45 221.199
52.46 221.219
52.47 221.201
52.48 221.294
52.49 221.257
52.5 221.181
52.51 221.067
52.52 221.006
52.53 221.053
52.54 221.039
52.55 221
52.56 220.921
52.57 220.801
52.58 220.65
52.59 219.934
52.6 219.288
52.61 218.166
52.62 216.294
52.63 214.81
52.64 214.2
52.65 214.141
52.66 211.557
52.67 210.095
52.68 210.095
52.69 196.397
52.7 196.397
52.71 196.397
52.72 196.397
52.73 196.397
52.74 0
52.75 603.558
52.76 604.26
52.77 604.241
52.78 602.11
52.79 603.623
52.8 603.493
52.81 603.493
52.82 602.712
52.83 603.493
52.84 604.95
52.85 607.113
52.86 608.793
52.87 609.947
52.88 610.873
52.89 612.034
52.9 612.5
52.91 612.733
52.92 612.74
52.93 612.257
52.94 612.743
52.95 612.74
52.96 612.98
52.97 613.22
52.98 613.447
52.99 613.46
53 613.812
53.01 615.106
53.02 615.181
53.03 615.349
53.04 615.012
53.05 615.129
53.06 600.817
53.07 596.647
53.08 612.5
53.09 612.5
53.1 612.5
53.11 568.508
53.12 533.468
53.13 533.468
53.14 533.468
53.15 533.468
53.16 533.468
53.17 0
53.18 49.6622
53.19 49.6622
53.2 49.6622
53.21 49.6622
53.22 49.6622
53.23 49.6622
53.24 49.6622
53.25 0
53.26 0
53.27 0
53.28 0
53.29 0
53.3 0
53.31 0
53.32 0
53.33 16.629
53.34 16.629
53.35 16.629
53.36 0
53.37 416.038
53.38 438.079
53.39 399.095
53.4 339.231
53.41 339.231
53.42 339.231
53.43 339.231
53.44 339.231
53.45 339.231
53.46 339.231
53.47 339.231
53.48 401.639
53.49 401.639
53.5 488.836
53.51 486.909
53.52 486.187
53.53 485.377
53.54 483.951
53.55 481.503
53.56 480
53.57 479.348
53.58 479.066
53.59 479.087
53.6 479.1
53.61 478.976
53.62 478.548
53.63 477.774
53.64 477.833
53.65 478.568
53.66 480.218
53.67 484.837
53.68 485.95
53.69 487.211
53.7 487.949
53.71 488.086
53.72 487.892
53.73 487.37
53.74 485.914
53.75 484.373
53.76 483.477
53.77 482.847
53.78 482.422
53.79 482.495
53.8 482.527
53.81 482.796
53.82 482.939
53.83 483.023
53.84 482.973
53.85 482.642
53.86 482.469
53.87 482.274
53.88 482.093
53.89 481.967
53.9 482.028
53.91 481.842
53.92 481.784
53.93 481.842
53.94 481.906
53.95 482.028
53.96 481.967
53.97 481.539
53.98 480.991
53.99 479.927
54 479.203
54.01 479.074
54.02 479.348
54.03 479.348
54.04 479.712
54.05 480.218
54.06 480.716
54.07 481.05
54.08 481.341
54.09 481.172
54.1 480.841
54.11 480.218
54.12 479.472
54.13 478.852
54.14 478.357
54.15 477.919
54.16 478.211
54.17 478.456
54.18 478.8
54.19 479.087
54.2 479.596
54.21 480.093
54.22 480.093
54.23 480.093
54.24 480.093
54.25 480.093
54.26 479.845
54.27 479.845
54.28 479.72
54.29 479.969
54.3 480.218
54.31 480.218
54.32 480.467
54.33 480.467
54.34 480.218
54.35 480.093
54.36 479.857
54.37 479.224
54.38 478.605
54.39 478.414
54.4 478.281
54.41 478.527
54.42 479.348
54.43 480.932
54.44 481.892
54.45 482.7
54.46 483.218
54.47 483.578
54.48 483.603
54.49 482.888
54.5 482.274
54.51 481.466
54.52 480.592
54.53 480.342
54.54 481.728
54.55 483.333
54.56 486.333
54.57 492.05
54.58 492.05
54.59 492.05
54.6 492.05
54.61 492.618
54.62 493.841
54.63 494.271
54.64 495.506
54.65 496.622
54.66 512.791
54.67 495.506
54.68 491.365
54.69 490
54.7 501.575
54.71 499.286
54.72 494.308
54.73 491.191
54.74 488.856
54.75 487.156
54.76 486.104
54.77 485.735
54.78 486.425
54.79 485.93
54.8 485.115
54.81 484.034
54.82 482.957
54.83 481.885
54.84 480.508
54.85 479.79
54.86 479.348
54.87 479.148
54.88 479.348
54.89 479.022
54.9 480.297
54.91 482.218
54.92 484.468
54.93 486.845
54.94 488.981
54.95 490.176
54.96 491.365
54.97 491.892
54.98 490.949
54.99 488.965
55 484.373
55.01 470.819
55.02 448.855
55.03 438.37
55.04 438.37
55.05 428.75
55.06 426.293
55.07 425.06
55.08 424.549
55.09 424.59
55.1 424.536
55.11 424.131
55.12 423.263
55.13 423.861
55.14 425.573
55.15 426.801
55.16 427.756
55.17 428.309
55.18 428.502
55.19 428.833
55.2 429.381
55.21 429.657
55.22 429.778
55.23 429.569
55.24 429.472
55.25 429.615
55.26 429.545
55.27 429.977
55.28 429.944
55.29 429.894
55.3 429.788
55.31 429.645
55.32 429.825
55.33 429.809
55.34 429.856
55.35 429.399
55.36 428.975
55.37 428.849
55.38 428.552
55.39 428.424
55.4 428.24
55.41 428.155
55.42 428.155
55.43 428.618
55.44 429.375
55.45 430.435
55.46 431.695
55.47 432.786
55.48 433.872
55.49 434.483
55.5 434.897
55.51 435.223
55.52 435.421
55.53 435.432
55.54 435.296
55.55 434.893
55.56 434.661
55.57 433.872
55.58 433.638
55.59 433.365
55.6 433.242
55.61 433.359
55.62 433.641
55.63 433.725
55.64 433.815
55.65 433.815
55.66 432.883
55.67 432.353
55.68 432.353
55.69 432.353
55.7 0
55.71 215.954
55.72 0
55.73 641.455
55.74 636.823
55.75 639.13
55.76 639.13
55.77 639.13
55.78 0
55.79 201.14
55.8 199.339
55.81 198.438
55.82 198.228
55.83 198.228
55.84 198.252
55.85 198.252
55.86 197.758
55.87 196.291
55.88 195.532
55.89 196.437
55.9 197.143
55.91 197.136
55.92 197.523
55.93 197.523
55.94 197.523
55.95 197.523
55.96 197.523
55.97 0
55.98 609.677
55.99 618.877
56 616.852
56.01 613.853
56.02 610.347
56.03 609.171
56.04 605.294
56.05 604.789
56.06 601.461
56.07 600.151
56.08 601.801
56.09 605.24
56.1 608.939
56.11 608.939
56.12 608.939
56.13 608.939
56.14 608.939
56.15 0
56.16 207.39
56.17 208.902
56.18 210.2
56.19 211.541
56.2 212.449
56.21 212.859
56.22 213.07
56.23 213.225
56.24 213.272
56.25 213.21
56.26 212.725
56.27 212.311
56.28 211.55
56.29 211.179
56.3 211.394
56.31 211.883
56.32 212.165
56.33 212.481
56.34 212.701
56.35 212.731
56.36 212.674
56.37 212.633
56.38 212.514
56.39 212.41
56.4 212.323
56.41 212.325
56.42 212.345
56.43 212.319
56.44 212.329
56.45 212.236
56.46 212.184
56.47 212.052
56.48 211.782
56.49 211.66
56.5 211.327
56.51 210.725
56.52 210.596
56.53 209.926
56.54 209.926
56.55 209.685
56.56 210
56.57 210
56.58 208.019
56.59 217.241
56.6 216.176
56.61 215.753
56.62 213.781
56.63 212.274
56.64 200.455
56.65 198.649
56.66 198.649
56.67 195.71
56.68 195.71
56.69 188.193
56.7 187.66
56.71 187.182
56.72 186.601
56.73 186.601
56.74 186.601
56.75 186.601
56.76 186.601
56.77 185.641
56.78 184.629
56.79 183.559
56.8 183.292
56.81 182.684
56.82 182.368
56.83 181.233
56.84 178.995
56.85 179.092
56.86 179.593
56.87 179.895
56.88 180.335
56.89 180.532
56.9 180.658
56.91 180.66
56.92 180.699
56.93 180.699
56.94 180.738
56.95 180.688
56.96 180.678
56.97 180.491
56.98 180.694
56.99 180.797
57 181.199
57.01 181.44
57.02 181.755
57.03 181.807
57.04 181.839
57.05 181.864
57.06 181.816
57.07 181.731
57.08 181.577
57.09 181.233
57.1 180.902
57.11 180.16
57.12 179.981
57.13 179.755
57.14 179.887
57.15 180.18
57.16 180.388
57.17 180.628
57.18 180.688
57.19 180.897
57.2 180.926
57.21 181.001
57.22 180.997
57.23 180.902
57.24 180.84
57.25 180.837
57.26 180.87
57.27 181.152
57.28 181.384
57.29 181.856
57.3 181.991
57.31 181.991
57.32 182.14
57.33 182.009
57.34 182.095
57.35 181.786
57.36 181.675
57.37 181.596
57.38 181.233
57.39 181.034
57.4 180.738
57.41 180.916
57.42 181.19
57.43 181.544
57.44 181.517
57.45 181.909
57.46 181.931
57.47 182.043
57.48 182.124
57.49 182.171
57.5 182.231
57.51 182.231
57.52 182.231
57.53 182.311
57.54 182.625
57.55 182.879
57.56 183.2
57.57 183.368
57.58 183.304
57.59 183.368
57.6 183.304
57.61 183.304
57.62 183.264
57.63 182.948
57.64 182.836
57.65 182.483
57.66 182.289
57.67 182.259
57.68 182.46
57.69 182.804
57.7 183.035
57.71 183.172
57.72 183.292
57.73 183.414
57.74 183.461
57.75 183.495
57.76 183.521
57.77 183.444
57.78 183.089
57.79 183.014
57.8 182.76
57.81 182.788
57.82 182.555
57.83 181.731
57.84 179.026
57.85 176.048
57.86 172.715
57.87 172.715
57.88 172.715
57.89 152.069
57.9 152.069
57.91 152.069
57.92 152.069
57.93 0
57.94 0
57.95 0
57.96 0
57.97 367.5
57.98 0
57.99 25.2577
58 0
58.01 525
58.02 525
58.03 525
58.04 525
58.05 525
58.06 0
58.07 0
58.08 0
58.09 0
58.1 0
58.11 0
58.12 0
58.13 0
58.14 0
58.15 0
58.16 0
58.17 0
58.18 130.473
58.19 133.636
58.2 137.383
58.21 139.557
58.22 142.95
58.23 145.545
58.24 148.861
58.25 151.689
58.26 155.981
58.27 161.066
58.28 171.096
58.29 175
58.3 177.823
58.31 180.123
58.32 182.231
58.33 183.942
58.34 188.764
58.35 192.471
58.36 194.626
58.37 197.082
58.38 199.176
58.39 201.37
58.4 203.122
58.41 204.693
58.42 206.289
58.43 207.801
58.44 209.446
58.45 211.117
58.46 213.315
58.47 214.956
58.48 216.4
58.49 217.863
58.5 219.002
58.51 220.06
58.52 220.721
58.53 221.082
58.54 221.082
58.55 220.965
58.56 220.61
58.57 220.5
58.58 220.152
58.59 219.921
58.6 219.691
58.61 219.84
58.62 219.921
58.63 220.152
58.64 220.384
58.65 220.831
58.66 221.163
58.67 221.901
58.68 222.373
58.69 222.727
58.7 223.065
58.71 223.404
58.72 223.559
58.73 223.798
58.74 223.961
58.75 224.065
58.76 223.953
58.77 223.953
58.78 223.939
58.79 223.631
58.8 223.362
58.81 222.877
58.82 222.657
58.83 222.47
58.84 222.54
58.85 222.591
58.86 222.932
58.87 223.35
58.88 223.975
58.89 225.088
58.9 226.638
58.91 227.83
58.92 228.605
58.93 228.858
58.94 228.103
58.95 226.422
58.96 215.753
58.97 212.36
58.98 212.36
58.99 212.36
59 212.36
59.01 212.36
59.02 0
59.03 625.532
59.04 625.935
59.05 627.331
59.06 627.075
59.07 622.464
59.08 621.127
59.09 622.948
59.1 621.8
59.11 619.784
59.12 620.399
59.13 621.738
59.14 619.706
59.15 617.047
59.16 611.96
59.17 613.607
59.18 613.252
59.19 612.5
59.2 613.108
59.21 610.302
59.22 609.512
59.23 608.505
59.24 610.488
59.25 614.538
59.26 608.71
59.27 607.59
59.28 607.59
59.29 609.182
59.3 609.569
59.31 610.035
59.32 610.342
59.33 610.342
59.34 610.682
59.35 610.079
59.36 609.176
59.37 609.365
59.38 608.989
59.39 608.355
59.4 607.895
59.41 608.2
59.42 608.989
59.43 609.735
59.44 610.769
59.45 611.219
59.46 611.59
59.47 611.59
59.48 611.893
59.49 612.196
59.5 612.191
59.51 612.809
59.52 613.413
59.53 613.718
59.54 614.328
59.55 614.634
59.56 614.328
59.57 613.718
59.58 612.5
59.59 611.265
59.6 609.729
59.61 607.59
59.62 606.072
59.63 605.165
59.64 605.03
59.65 605.338
59.66 607.969
59.67 612.5
59.68 614.051
59.69 612.5
59.7 610.921
59.71 608.544
59.72 605.9
59.73 604.266
59.74 603.603
59.75 609.422
59.76 604.395
59.77 604.395
59.78 604.395
59.79 604.395
59.8 604.395
59.81 0
59.82 193.421
59.83 193.082
59.84 192.998
59.85 192.998
59.86 192.998
59.87 204.312
59.88 194.273
59.89 185.815
59.9 179.755
59.91 178.182
59.92 176.4
59.93 175.697
59.94 175.837
59.95 176.016
59.96 176.509
59.97 176.966
59.98 176.872
59.99 177.733
60 178.995
60.01 179.853
60.02 180.368
60.03 180.83
60.04 180.83
60.05 180.95
60.06 180.861
60.07 180.738
60.08 180.409
60.09 179.686
60.1 179.026
60.11 179.106
60.12 178.733
60.13 180.738
60.14 181.981
60.15 183.178
60.16 183.241
60.17 183.495
60.18 183.205
60.19 183.028
60.2 182.889
60.21 182.591
60.22 182.292
60.23 181.668
60.24 181.233
60.25 181.034
60.26 179.853
60.27 179.904
60.28 179.853
60.29 179.912
60.3 181.202
60.31 181.931
60.32 181.931
60.33 181.931
60.34 182.675
60.35 182.675
60.36 182.675
60.37 182.735
60.38 182.735
60.39 182.735
60.4 181.08
60.41 181.233
60.42 180.501
60.43 180.789
60.44 180.738
60.45 180.909
60.46 181.075
60.47 181.685
60.48 181.814
60.49 182.064
60.5 182.137
60.51 182.017
60.52 181.588
60.53 181.531
60.54 181.525
60.55 180.95
60.56 181.295
60.57 181.668
60.58 182.137
60.59 182.634
60.6 183.178
60.61 183.846
60.62 184.23
60.63 184.422
60.64 184.422
60.65 184.326
60.66 184.038
60.67 183.559
60.68 183.178
60.69 182.893
60.7 182.798
60.71 182.634
60.72 182.798
60.73 182.798
60.74 182.798
60.75 182.798
60.76 182.798
60.77 0
60.78 553.186
60.79 551.55
60.8 550.624
60.81 548.963
60.82 548.596
60.83 546.856
60.84 548.8
60.85 549.533
60.86 549.191
60.87 549.288
60.88 545.669
60.89 546.9
60.9 550
60.91 551.25
60.92 551.543
60.93 552.857
60.94 553.435
60.95 553.412
60.96 554.33
60.97 553.226
60.98 550.39
60.99 550.39
61 543.326
61.01 545.958
61.02 547.69
61.03 548.452
61.04 547.69
61.05 547.618
61.06 548.235
61.07 549.847
61.08 549.248
61.09 545.056
61.1 539.088
61.11 541.621
61.12 544.301
61.13 545.682
61.14 545.958
61.15 546.234
61.16 544.033
61.17 544.444
61.18 546.234
61.19 547.418
61.2 547.063
61.21 545.252
61.22 543.213
61.23 544.582
61.24 543.759
61.25 543.486
61.26 542.667
61.27 539.685
61.28 541.579
61.29 541.579
61.3 542.395
61.31 542.667
61.32 540.225
61.33 540.225
61.34 540.225
61.35 540.225
61.36 540.225
61.37 0
61.38 178.411
61.39 177.497
61.4 177.278
61.41 176.793
61.42 175.897
61.43 173.508
61.44 171.595
61.45 165.885
61.46 163.67
61.47 160.576
61.48 158.168
61.49 155.455
61.5 152.688
61.51 151.175
61.52 149.538
61.53 146.147
61.54 145.476
61.55 143.182
61.56 142.442
61.57 140.223
61.58 139.263
61.59 138.679
61.6 134.451
61.61 129.326
61.62 121.823
61.63 119.512
61.64 118.231
61.65 117.287
61.66 116.359
61.67 115.144
61.68 113.077
61.69 109.158
61.7 108.621
61.71 121.154
61.72 121.154
61.73 121.154
61.74 121.154
61.75 121.154
61.76 0
61.77 0
61.78 0
61.79 0
61.8 24.7197
61.81 0
61.82 24.7197
61.83 0
61.84 43.1507
61.85 0
61.86 0
61.87 0
61.88 0
61.89 0
61.9 0
61.91 0
61.92 0
61.93 0
61.94 0
61.95 0
61.96 49.5506
61.97 46.519
61.98 46.519
61.99 48.7293
62 48.7293
62.01 48.7293
62.02 48.7293
62.03 51.5187
62.04 51.5187
62.05 51.5187
62.06 51.5187
62.07 51.5187
62.08 51.5187
62.09 50.1136
62.1 50.5734
62.11 49.9434
62.12 49.9434
62.13 49.9434
62.14 49.9434
62.15 49.9434
62.16 0
62.17 0
62.18 0
62.19 0
62.2 0
62.21 48.3553
62.22 53.5194
62.23 53.5194
62.24 0
62.25 0
62.26 0
62.27 25.4913
62.28 0
62.29 0
62.3 0
62.31 0
