0.0 0
0.01 0
0.02 0
0.03 0
0.04 0
0.05 0
0.06 0
0.07 0
0.08 0
0.09 0
0.1 0
0.11 0
0.12 0
0.13 0
0.14 0
0.15 0
0.16 0
0.17 0
0.18 0
0.19 0
0.2 0
0.21 0
0.22 0
0.23 0
0.24 0
0.25 0
0.26 0
0.27 0
0.28 0
0.29 0
0.3 0
0.31 0
0.32 0
0.33 1
0.34 1
0.35000000000000003 0
0.36 0
0.37 1
0.38 0
0.39 0
0.4 0
0.41000000000000003 0
0.42 0
0.43 0
0.44 0
0.45 0
0.46 0
0.47000000000000003 0
0.48 0
0.49 0
0.5 0
0.51 0
0.52 0
0.53 0
0.54 0
0.55 0
0.56 0
0.5700000000000001 0
0.58 0
0.59 0
0.6 0
0.61 0
0.62 0
0.63 0
0.64 0
0.65 0
0.66 0
0.67 0
0.68 0
0.6900000000000001 0
0.7000000000000001 0
0.71 0
0.72 0
0.73 0
0.74 0
0.75 0
0.76 0
0.77 0
0.78 0
0.79 0
0.8 0
0.81 0
0.8200000000000001 0
0.8300000000000001 0
0.84 0
0.85 0
0.86 0
0.87 0
0.88 0
0.89 0
0.9 0
0.91 1
0.92 1
0.93 1
0.9400000000000001 1
0.9500000000000001 1
0.96 1
0.97 1
0.98 1
0.99 1
1.0 1
1.01 1
1.02 1
1.03 1
1.04 1
1.05 1
1.06 1
1.07 1
1.08 1
1.09 1
1.1 1
1.11 1
1.12 1
1.1300000000000001 1
1.1400000000000001 1
1.1500000000000001 1
1.16 1
1.17 1
1.18 1
1.19 1
1.2 1
1.21 1
1.22 1
1.23 1
1.24 1
1.25 1
1.26 1
1.27 1
1.28 1
1.29 1
1.3 1
1.31 1
1.32 1
1.33 1
1.34 1
1.35 1
1.36 1
1.37 1
1.3800000000000001 1
1.3900000000000001 1
1.4000000000000001 1
1.41 1
1.42 1
1.43 1
1.44 1
1.45 1
1.46 1
1.47 1
1.48 1
1.49 1
1.5 1
1.51 1
1.52 1
1.53 1
1.54 1
1.55 1
1.56 1
1.57 1
1.58 1
1.59 1
1.6 1
1.61 1
1.62 1
1.6300000000000001 1
1.6400000000000001 1
1.6500000000000001 1
1.6600000000000001 1
1.67 1
1.68 1
1.69 1
1.7 1
1.71 1
1.72 1
1.73 1
1.74 1
1.75 1
1.76 1
1.77 1
1.78 1
1.79 1
1.8 1
1.81 1
1.82 1
1.83 1
1.84 1
1.85 1
1.86 1
1.87 1
1.8800000000000001 1
1.8900000000000001 1
1.9000000000000001 1
1.9100000000000001 1
1.92 1
1.93 1
1.94 1
1.95 1
1.96 1
1.97 1
1.98 1
1.99 1
2.0 1
2.0100000000000002 1
2.02 1
2.0300000000000002 1
2.04 1
2.05 1
2.06 1
2.07 1
2.08 1
2.09 1
2.1 1
2.11 1
2.12 1
2.13 1
2.14 1
2.15 1
2.16 1
2.17 1
2.18 1
2.19 1
2.2 1
2.21 1
2.22 1
2.23 1
2.24 1
2.25 1
2.2600000000000002 1
2.27 1
2.2800000000000002 1
2.29 1
2.3000000000000003 1
2.31 1
2.32 1
2.33 1
2.34 1
2.35 1
2.36 1
2.37 1
2.38 1
2.39 1
2.4 1
2.41 0
2.42 1
2.43 1
2.44 1
2.45 1
2.46 1
2.47 1
2.48 1
2.49 1
2.5 1
2.5100000000000002 1
2.52 1
2.5300000000000002 1
2.54 1
2.5500000000000003 1
2.56 1
2.57 1
2.58 1
2.59 1
2.6 1
2.61 1
2.62 1
2.63 1
2.64 1
2.65 1
2.66 1
2.67 1
2.68 1
2.69 1
2.7 1
2.71 1
2.72 1
2.73 1
2.74 1
2.75 1
2.7600000000000002 1
2.77 1
2.7800000000000002 1
2.79 1
2.8000000000000003 1
2.81 1
2.82 1
2.83 1
2.84 1
2.85 1
2.86 1
2.87 1
2.88 1
2.89 1
2.9 1
2.91 1
2.92 1
2.93 1
2.94 1
2.95 1
2.96 1
2.97 1
2.98 1
2.99 1
3.0 1
3.0100000000000002 1
3.02 1
3.0300000000000002 1
3.04 1
3.0500000000000003 1
3.06 1
3.0700000000000003 1
3.08 1
3.09 1
3.1 1
3.11 1
3.12 1
3.13 1
3.14 1
3.15 1
3.16 1
3.17 1
3.18 1
3.19 1
3.2 1
3.21 1
3.22 1
3.23 1
3.24 1
3.25 1
3.2600000000000002 1
3.27 1
3.2800000000000002 1
3.29 1
3.3000000000000003 1
3.31 1
3.3200000000000003 1
3.33 1
3.34 1
3.35 1
3.36 1
3.37 1
3.38 1
3.39 1
3.4 1
3.41 1
3.42 1
3.43 1
3.44 1
3.45 1
3.46 1
3.47 1
3.48 1
3.49 1
3.5 1
3.5100000000000002 1
3.52 1
3.5300000000000002 1
3.54 1
3.5500000000000003 1
3.56 1
3.5700000000000003 1
3.58 1
3.59 1
3.6 1
3.61 1
3.62 1
3.63 1
3.64 1
3.65 1
3.66 1
3.67 1
3.68 1
3.69 1
3.7 1
3.71 1
3.72 1
3.73 1
3.74 1
3.75 1
3.7600000000000002 1
3.77 1
3.7800000000000002 1
3.79 0
3.8000000000000003 1
3.81 0
3.8200000000000003 1
3.83 0
3.84 0
3.85 0
3.86 0
3.87 0
3.88 0
3.89 0
3.9 0
3.91 1
3.92 1
3.93 0
3.94 1
3.95 1
3.96 1
3.97 0
3.98 0
3.99 0
4.0 1
4.01 1
4.0200000000000005 1
4.03 1
4.04 1
4.05 1
4.0600000000000005 0
4.07 0
4.08 0
4.09 0
4.1 0
4.11 0
4.12 1
4.13 1
4.14 1
4.15 1
4.16 1
4.17 1
4.18 1
4.19 1
4.2 1
4.21 1
4.22 1
4.23 1
4.24 1
4.25 1
4.26 1
4.2700000000000005 1
4.28 1
4.29 1
4.3 1
4.3100000000000005 1
4.32 1
4.33 1
4.34 1
4.3500000000000005 1
4.36 1
4.37 1
4.38 1
4.39 1
4.4 1
4.41 1
4.42 1
4.43 1
4.44 1
4.45 1
4.46 1
4.47 1
4.48 1
4.49 1
4.5 1
4.51 1
4.5200000000000005 1
4.53 1
4.54 1
4.55 1
4.5600000000000005 1
4.57 1
4.58 1
4.59 1
4.6000000000000005 1
4.61 1
4.62 1
4.63 1
4.64 1
4.65 1
4.66 1
4.67 1
4.68 1
4.69 1
4.7 1
4.71 1
4.72 1
4.73 1
4.74 1
4.75 1
4.76 1
4.7700000000000005 1
4.78 1
4.79 1
4.8 1
4.8100000000000005 1
4.82 1
4.83 1
4.84 1
4.8500000000000005 1
4.86 1
4.87 1
4.88 1
4.89 1
4.9 1
4.91 1
4.92 1
4.93 1
4.94 1
4.95 1
4.96 1
4.97 1
4.98 1
4.99 1
5.0 1
5.01 1
5.0200000000000005 1
5.03 1
5.04 1
5.05 1
5.0600000000000005 1
5.07 1
5.08 1
5.09 1
5.1000000000000005 1
5.11 1
5.12 1
5.13 1
5.14 1
5.15 1
5.16 1
5.17 1
5.18 1
5.19 1
5.2 1
5.21 1
5.22 1
5.23 1
5.24 1
5.25 1
5.26 1
5.2700000000000005 1
5.28 1
5.29 1
5.3 1
5.3100000000000005 1
5.32 1
5.33 1
5.34 1
5.3500000000000005 1
5.36 1
5.37 1
5.38 1
5.39 1
5.4 1
5.41 1
5.42 1
5.43 1
5.44 1
5.45 1
5.46 1
5.47 1
5.48 1
5.49 1
5.5 1
5.51 1
5.5200000000000005 1
5.53 1
5.54 1
5.55 1
5.5600000000000005 1
5.57 1
5.58 1
5.59 1
5.6000000000000005 1
5.61 1
5.62 1
5.63 1
5.64 1
5.65 1
5.66 1
5.67 1
5.68 1
5.69 1
5.7 0
5.71 0
5.72 0
5.73 1
5.74 0
5.75 0
5.76 0
5.7700000000000005 0
5.78 0
5.79 0
5.8 0
5.8100000000000005 0
5.82 0
5.83 0
5.84 1
5.8500000000000005 0
5.86 0
5.87 0
5.88 0
5.89 0
5.9 0
5.91 0
5.92 0
5.93 0
5.94 0
5.95 0
5.96 0
5.97 0
5.98 0
5.99 0
6.0 0
6.01 0
6.0200000000000005 0
6.03 0
6.04 0
6.05 0
6.0600000000000005 0
6.07 0
6.08 0
6.09 0
6.1000000000000005 0
6.11 0
6.12 0
6.13 1
6.140000000000001 1
6.15 1
6.16 1
6.17 1
6.18 1
6.19 1
6.2 1
6.21 1
6.22 1
6.23 1
6.24 1
6.25 1
6.26 1
6.2700000000000005 1
6.28 1
6.29 1
6.3 1
6.3100000000000005 1
6.32 1
6.33 1
6.34 1
6.3500000000000005 1
6.36 1
6.37 1
6.38 1
6.390000000000001 1
6.4 1
6.41 1
6.42 1
6.43 1
6.44 1
6.45 1
6.46 1
6.47 1
6.48 1
6.49 1
6.5 1
6.51 1
6.5200000000000005 1
6.53 1
6.54 1
6.55 1
6.5600000000000005 1
6.57 1
6.58 1
6.59 1
6.6000000000000005 1
6.61 1
6.62 1
6.63 1
6.640000000000001 1
6.65 1
6.66 1
6.67 1
6.68 1
6.69 1
6.7 1
6.71 1
6.72 1
6.73 1
6.74 1
6.75 1
6.76 1
6.7700000000000005 1
6.78 1
6.79 1
6.8 1
6.8100000000000005 1
6.82 1
6.83 1
6.84 1
6.8500000000000005 1
6.86 1
6.87 1
6.88 1
6.890000000000001 1
6.9 1
6.91 1
6.92 1
6.93 1
6.94 1
6.95 1
6.96 1
6.97 1
6.98 1
6.99 1
7.0 1
7.01 1
7.0200000000000005 1
7.03 1
7.04 1
7.05 1
7.0600000000000005 1
7.07 1
7.08 1
7.09 1
7.1000000000000005 1
7.11 1
7.12 1
7.13 1
7.140000000000001 1
7.15 1
7.16 1
7.17 1
7.18 1
7.19 1
7.2 1
7.21 1
7.22 1
7.23 1
7.24 1
7.25 1
7.26 1
7.2700000000000005 1
7.28 1
7.29 1
7.3 1
7.3100000000000005 1
7.32 1
7.33 1
7.34 1
7.3500000000000005 1
7.36 1
7.37 1
7.38 1
7.390000000000001 1
7.4 1
7.41 1
7.42 1
7.43 1
7.44 1
7.45 1
7.46 1
7.47 1
7.48 1
7.49 1
7.5 1
7.51 1
7.5200000000000005 1
7.53 1
7.54 1
7.55 1
7.5600000000000005 1
7.57 1
7.58 1
7.59 1
7.6000000000000005 1
7.61 1
7.62 1
7.63 1
7.640000000000001 1
7.65 1
7.66 1
7.67 1
7.68 1
7.69 1
7.7 1
7.71 1
7.72 1
7.73 1
7.74 1
7.75 1
7.76 1
7.7700000000000005 1
7.78 1
7.79 1
7.8 1
7.8100000000000005 1
7.82 1
7.83 1
7.84 1
7.8500000000000005 1
7.86 1
7.87 1
7.88 1
7.890000000000001 1
7.9 1
7.91 1
7.92 1
7.930000000000001 1
7.94 1
7.95 1
7.96 1
7.97 1
7.98 1
7.99 1
8.0 1
8.01 1
8.02 1
8.03 1
8.040000000000001 1
8.05 1
8.06 1
8.07 1
8.08 1
8.09 1
8.1 1
8.11 1
8.120000000000001 1
8.13 1
8.14 1
8.15 1
8.16 1
8.17 1
8.18 1
8.19 1
8.2 1
8.21 1
8.22 1
8.23 1
8.24 1
8.25 1
8.26 1
8.27 1
8.28 1
8.290000000000001 1
8.3 1
8.31 1
8.32 1
8.33 1
8.34 1
8.35 1
8.36 1
8.370000000000001 1
8.38 1
8.39 1
8.4 1
8.41 1
8.42 1
8.43 1
8.44 1
8.45 1
8.46 1
8.47 1
8.48 1
8.49 1
8.5 1
8.51 1
8.52 1
8.53 1
8.540000000000001 1
8.55 1
8.56 1
8.57 1
8.58 1
8.59 1
8.6 1
8.61 1
8.620000000000001 1
8.63 1
8.64 1
8.65 1
8.66 1
8.67 1
8.68 1
8.69 1
8.700000000000001 1
8.71 1
8.72 1
8.73 1
8.74 1
8.75 1
8.76 1
8.77 1
8.78 1
8.790000000000001 1
8.8 1
8.81 1
8.82 1
8.83 1
8.84 1
8.85 1
8.86 1
8.870000000000001 1
8.88 1
8.89 1
8.9 1
8.91 1
8.92 1
8.93 1
8.94 1
8.950000000000001 1
8.96 1
8.97 1
8.98 1
8.99 1
9.0 1
9.01 1
9.02 1
9.03 1
9.040000000000001 1
9.05 1
9.06 1
9.07 1
9.08 1
9.09 1
9.1 1
9.11 1
9.120000000000001 1
9.13 1
9.14 1
9.15 1
9.16 1
9.17 1
9.18 1
9.19 1
9.200000000000001 1
9.21 1
9.22 1
9.23 1
9.24 1
9.25 1
9.26 1
9.27 1
9.28 1
9.290000000000001 1
9.3 1
9.31 1
9.32 1
9.33 1
9.34 1
9.35 1
9.36 1
9.370000000000001 1
9.38 1
9.39 1
9.4 1
9.41 1
9.42 1
9.43 1
9.44 1
9.450000000000001 1
9.46 1
9.47 1
9.48 1
9.49 1
9.5 1
9.51 1
9.52 1
9.53 1
9.540000000000001 1
9.55 1
9.56 1
9.57 1
9.58 1
9.59 1
9.6 1
9.61 1
9.620000000000001 1
9.63 1
9.64 1
9.65 1
9.66 1
9.67 1
9.68 1
9.69 1
9.700000000000001 1
9.71 1
9.72 1
9.73 1
9.74 1
9.75 1
9.76 1
9.77 1
9.78 1
9.790000000000001 1
9.8 1
9.81 1
9.82 1
9.83 1
9.84 1
9.85 1
9.86 1
9.870000000000001 1
9.88 1
9.89 1
9.9 1
9.91 1
9.92 1
9.93 1
9.94 1
9.950000000000001 1
9.96 1
9.97 1
9.98 1
9.99 1
10.0 1
10.01 1
10.02 1
10.03 1
10.040000000000001 1
10.05 1
10.06 1
10.07 1
10.08 1
10.09 1
10.1 1
10.11 1
10.120000000000001 1
10.13 1
10.14 1
10.15 1
10.16 1
10.17 1
10.18 1
10.19 1
10.200000000000001 1
10.21 1
10.22 1
10.23 1
10.24 1
10.25 1
10.26 1
10.27 1
10.28 1
10.290000000000001 1
10.3 1
10.31 1
10.32 1
10.33 1
10.34 1
10.35 1
10.36 1
10.370000000000001 1
10.38 1
10.39 1
10.4 1
10.41 1
10.42 1
10.43 1
10.44 1
10.450000000000001 1
10.46 1
10.47 1
10.48 1
10.49 1
10.5 1
10.51 1
10.52 1
10.53 1
10.540000000000001 1
10.55 1
10.56 1
10.57 1
10.58 1
10.59 1
10.6 1
10.61 1
10.620000000000001 1
10.63 1
10.64 1
10.65 1
10.66 1
10.67 1
10.68 1
10.69 1
10.700000000000001 1
10.71 1
10.72 1
10.73 1
10.74 1
10.75 1
10.76 1
10.77 1
10.78 1
10.790000000000001 1
10.8 1
10.81 1
10.82 1
10.83 1
10.84 1
10.85 1
10.86 1
10.870000000000001 1
10.88 1
10.89 1
10.9 1
10.91 1
10.92 1
10.93 1
10.94 1
10.950000000000001 1
10.96 1
10.97 1
10.98 1
10.99 1
11.0 1
11.01 1
11.02 1
11.03 1
11.040000000000001 1
11.05 1
11.06 1
11.07 1
11.08 1
11.09 1
11.1 1
11.11 1
11.120000000000001 1
11.13 1
11.14 1
11.15 1
11.16 1
11.17 1
11.18 1
11.19 1
11.200000000000001 1
11.21 1
11.22 1
11.23 1
11.24 1
11.25 1
11.26 1
11.27 1
11.28 1
11.290000000000001 1
11.3 1
11.31 1
11.32 1
11.33 1
11.34 1
11.35 1
11.36 1
11.370000000000001 1
11.38 1
11.39 1
11.4 1
11.41 1
11.42 1
11.43 1
11.44 1
11.450000000000001 1
11.46 1
11.47 1
11.48 1
11.49 1
11.5 1
11.51 1
11.52 1
11.53 1
11.540000000000001 1
11.55 1
11.56 1
11.57 1
11.58 1
11.59 1
11.6 1
11.61 1
11.620000000000001 1
11.63 1
11.64 1
11.65 1
11.66 1
11.67 1
11.68 1
11.69 1
11.700000000000001 1
11.71 1
11.72 1
11.73 1
11.74 1
11.75 1
11.76 1
11.77 1
11.78 1
11.790000000000001 1
11.8 1
11.81 1
11.82 1
11.83 1
11.84 1
11.85 1
11.86 1
11.870000000000001 1
11.88 1
11.89 1
11.9 1
11.91 1
11.92 1
11.93 1
11.94 1
11.950000000000001 1
11.96 1
11.97 1
11.98 1
11.99 1
12.0 1
12.01 1
12.02 1
12.030000000000001 1
12.040000000000001 1
12.05 1
12.06 1
12.07 1
12.08 1
12.09 1
12.1 1
12.11 1
12.120000000000001 1
12.13 1
12.14 1
12.15 1
12.16 1
12.17 1
12.18 1
12.19 1
12.200000000000001 1
12.21 1
12.22 1
12.23 1
12.24 1
12.25 1
12.26 1
12.27 1
12.280000000000001 1
12.290000000000001 1
12.3 1
12.31 1
12.32 1
12.33 1
12.34 1
12.35 1
12.36 1
12.370000000000001 1
12.38 1
12.39 1
12.4 1
12.41 1
12.42 1
12.43 1
12.44 1
12.450000000000001 1
12.46 1
12.47 1
12.48 1
12.49 1
12.5 1
12.51 1
12.52 1
12.530000000000001 1
12.540000000000001 1
12.55 1
12.56 1
12.57 1
12.58 1
12.59 1
12.6 1
12.61 1
12.620000000000001 1
12.63 1
12.64 1
12.65 1
12.66 1
12.67 1
12.68 1
12.69 1
12.700000000000001 1
12.71 1
12.72 0
12.73 1
12.74 1
12.75 1
12.76 1
12.77 1
12.780000000000001 1
12.790000000000001 1
12.8 0
12.81 0
12.82 0
12.83 0
12.84 0
12.85 0
12.86 0
12.870000000000001 0
12.88 0
12.89 0
12.9 0
12.91 0
12.92 0
12.93 1
12.94 1
12.950000000000001 1
12.96 1
12.97 1
12.98 1
12.99 1
13.0 1
13.01 1
13.02 1
13.030000000000001 1
13.040000000000001 1
13.05 1
13.06 1
13.07 1
13.08 1
13.09 1
13.1 1
13.11 1
13.120000000000001 1
13.13 1
13.14 1
13.15 1
13.16 1
13.17 1
13.18 1
13.19 1
13.200000000000001 1
13.21 1
13.22 1
13.23 1
13.24 1
13.25 1
13.26 1
13.27 1
13.280000000000001 1
13.290000000000001 1
13.3 1
13.31 1
13.32 1
13.33 1
13.34 1
13.35 1
13.36 1
13.370000000000001 1
13.38 1
13.39 1
13.4 1
13.41 1
13.42 1
13.43 1
13.44 1
13.450000000000001 1
13.46 1
13.47 1
13.48 1
13.49 1
13.5 1
13.51 1
13.52 1
13.530000000000001 1
13.540000000000001 1
13.55 1
13.56 1
13.57 1
13.58 1
13.59 1
13.6 1
13.61 1
13.620000000000001 1
13.63 1
13.64 1
13.65 1
13.66 1
13.67 1
13.68 1
13.69 1
13.700000000000001 1
13.71 1
13.72 1
13.73 1
13.74 1
13.75 1
13.76 1
13.77 1
13.780000000000001 1
13.790000000000001 1
13.8 1
13.81 1
13.82 1
13.83 1
13.84 1
13.85 1
13.86 1
13.870000000000001 1
13.88 1
13.89 1
13.9 1
13.91 1
13.92 1
13.93 1
13.94 1
13.950000000000001 1
13.96 1
13.97 1
13.98 1
13.99 1
14.0 1
14.01 1
14.02 1
14.030000000000001 1
14.040000000000001 1
14.05 1
14.06 1
14.07 1
14.08 1
14.09 1
14.1 1
14.11 1
14.120000000000001 1
14.13 1
14.14 1
14.15 1
14.16 1
14.17 1
14.18 1
14.19 1
14.200000000000001 1
14.21 1
14.22 1
14.23 1
14.24 1
14.25 1
14.26 1
14.27 1
14.280000000000001 1
14.290000000000001 1
14.3 1
14.31 1
14.32 1
14.33 1
14.34 1
14.35 1
14.36 1
14.370000000000001 1
14.38 1
14.39 1
14.4 1
14.41 1
14.42 1
14.43 1
14.44 1
14.450000000000001 1
14.46 1
14.47 1
14.48 1
14.49 1
14.5 1
14.51 1
14.52 1
14.530000000000001 1
14.540000000000001 1
14.55 1
14.56 1
14.57 1
14.58 1
14.59 1
14.6 1
14.61 1
14.620000000000001 1
14.63 1
14.64 1
14.65 1
14.66 1
14.67 1
14.68 1
14.69 1
14.700000000000001 1
14.71 1
14.72 1
14.73 1
14.74 1
14.75 1
14.76 1
14.77 1
14.780000000000001 1
14.790000000000001 1
14.8 1
14.81 1
14.82 1
14.83 1
14.84 1
14.85 1
14.86 1
14.870000000000001 1
14.88 1
14.89 1
14.9 1
14.91 1
14.92 1
14.93 1
14.94 1
14.950000000000001 1
14.96 1
14.97 1
14.98 1
14.99 1
15.0 1
15.01 1
15.02 1
15.030000000000001 1
15.040000000000001 1
15.05 1
15.06 1
15.07 1
15.08 1
15.09 1
15.1 1
15.11 1
15.120000000000001 1
15.13 1
15.14 1
15.15 1
15.16 1
15.17 1
15.18 1
15.19 1
15.200000000000001 1
15.21 1
15.22 1
15.23 1
15.24 1
15.25 1
15.26 1
15.27 1
15.280000000000001 1
15.290000000000001 1
15.3 1
15.31 1
15.32 1
15.33 1
15.34 1
15.35 1
15.36 1
15.370000000000001 1
15.38 1
15.39 1
15.4 1
15.41 1
15.42 1
15.43 1
15.44 1
15.450000000000001 1
15.46 1
15.47 1
15.48 1
15.49 1
15.5 1
15.51 1
15.52 1
15.530000000000001 1
15.540000000000001 1
15.55 1
15.56 1
15.57 1
15.58 1
15.59 1
15.6 1
15.610000000000001 1
15.620000000000001 1
15.63 0
15.64 1
15.65 1
15.66 1
15.67 1
15.68 1
15.69 1
15.700000000000001 1
15.71 1
15.72 1
15.73 1
15.74 1
15.75 1
15.76 1
15.77 1
15.780000000000001 1
15.790000000000001 1
15.8 1
15.81 1
15.82 1
15.83 1
15.84 1
15.85 1
15.860000000000001 1
15.870000000000001 1
15.88 1
15.89 1
15.9 1
15.91 1
15.92 1
15.93 1
15.94 1
15.950000000000001 1
15.96 1
15.97 1
15.98 1
15.99 1
16.0 1
16.01 1
16.02 1
16.03 1
16.04 1
16.05 1
16.06 1
16.07 1
16.080000000000002 1
16.09 1
16.1 1
16.11 1
16.12 1
16.13 1
16.14 1
16.15 1
16.16 1
16.17 1
16.18 1
16.19 1
16.2 1
16.21 1
16.22 1
16.23 1
16.240000000000002 1
16.25 1
16.26 1
16.27 1
16.28 1
16.29 1
16.3 1
16.31 1
16.32 1
16.330000000000002 1
16.34 1
16.35 1
16.36 1
16.37 1
16.38 1
16.39 1
16.4 1
16.41 1
16.42 1
16.43 1
16.44 1
16.45 1
16.46 1
16.47 1
16.48 1
16.490000000000002 1
16.5 1
16.51 1
16.52 1
16.53 1
16.54 1
16.55 1
16.56 1
16.57 1
16.580000000000002 1
16.59 1
16.6 1
16.61 1
16.62 1
16.63 1
16.64 1
16.65 1
16.66 1
16.67 1
16.68 1
16.69 1
16.7 1
16.71 1
16.72 1
16.73 1
16.740000000000002 1
16.75 1
16.76 1
16.77 1
16.78 1
16.79 1
16.8 1
16.81 1
16.82 1
16.830000000000002 1
16.84 1
16.85 1
16.86 1
16.87 1
16.88 1
16.89 1
16.9 1
16.91 1
16.92 1
16.93 1
16.94 1
16.95 1
16.96 1
16.97 1
16.98 1
16.990000000000002 1
17.0 1
17.01 1
17.02 1
17.03 1
17.04 1
17.05 1
17.06 1
17.07 1
17.080000000000002 1
17.09 1
17.1 1
17.11 1
17.12 1
17.13 1
17.14 1
17.150000000000002 1
17.16 1
17.17 1
17.18 1
17.19 1
17.2 1
17.21 1
17.22 1
17.23 1
17.240000000000002 1
17.25 1
17.26 1
17.27 1
17.28 1
17.29 1
17.3 1
17.31 1
17.32 1
17.330000000000002 1
17.34 1
17.35 1
17.36 1
17.37 1
17.38 1
17.39 1
17.400000000000002 1
17.41 1
17.42 1
17.43 1
17.44 1
17.45 1
17.46 1
17.47 1
17.48 1
17.490000000000002 1
17.5 1
17.51 1
17.52 1
17.53 1
17.54 1
17.55 1
17.56 1
17.57 1
17.580000000000002 1
17.59 1
17.6 1
17.61 1
17.62 1
17.63 1
17.64 1
17.650000000000002 1
17.66 1
17.67 1
17.68 1
17.69 1
17.7 1
17.71 1
17.72 1
17.73 1
17.740000000000002 1
17.75 1
17.76 1
17.77 1
17.78 1
17.79 1
17.8 1
17.81 1
17.82 1
17.830000000000002 1
17.84 1
17.85 1
17.86 1
17.87 1
17.88 1
17.89 1
17.900000000000002 1
17.91 1
17.92 1
17.93 1
17.94 1
17.95 1
17.96 1
17.97 1
17.98 1
17.990000000000002 1
18.0 1
18.01 1
18.02 1
18.03 1
18.04 1
18.05 1
18.06 1
18.07 1
18.080000000000002 1
18.09 1
18.1 1
18.11 1
18.12 1
18.13 1
18.14 1
18.150000000000002 1
18.16 1
18.17 1
18.18 1
18.19 1
18.2 1
18.21 1
18.22 1
18.23 1
18.240000000000002 1
18.25 1
18.26 1
18.27 1
18.28 1
18.29 1
18.3 1
18.31 1
18.32 1
18.330000000000002 1
18.34 1
18.35 1
18.36 1
18.37 1
18.38 1
18.39 1
18.400000000000002 0
18.41 1
18.42 1
18.43 1
18.44 0
18.45 1
18.46 1
18.47 1
18.48 0
18.490000000000002 0
18.5 0
18.51 0
18.52 0
18.53 0
18.54 0
18.55 0
18.56 0
18.57 0
18.580000000000002 1
18.59 1
18.6 1
18.61 1
18.62 1
18.63 1
18.64 1
18.650000000000002 1
18.66 1
18.67 1
18.68 1
18.69 1
18.7 1
18.71 1
18.72 1
18.73 1
18.740000000000002 1
18.75 1
18.76 1
18.77 1
18.78 1
18.79 1
18.8 1
18.81 1
18.82 1
18.830000000000002 1
18.84 1
18.85 1
18.86 1
18.87 1
18.88 1
18.89 1
18.900000000000002 1
18.91 1
18.92 1
18.93 1
18.94 1
18.95 1
18.96 0
18.97 1
18.98 1
18.990000000000002 1
19.0 1
19.01 1
19.02 1
19.03 0
19.04 1
19.05 1
19.06 1
19.07 1
19.080000000000002 1
19.09 1
19.1 1
19.11 1
19.12 1
19.13 1
19.14 1
19.150000000000002 1
19.16 1
19.17 1
19.18 1
19.19 1
19.2 1
19.21 1
19.22 1
19.23 1
19.240000000000002 1
19.25 1
19.26 1
19.27 1
19.28 1
19.29 1
19.3 1
19.31 1
19.32 1
19.330000000000002 1
19.34 1
19.35 1
19.36 1
19.37 1
19.38 1
19.39 1
19.400000000000002 1
19.41 1
19.42 1
19.43 1
19.44 1
19.45 1
19.46 1
19.47 1
19.48 1
19.490000000000002 1
19.5 1
19.51 1
19.52 1
19.53 1
19.54 1
19.55 1
19.56 1
19.57 1
19.580000000000002 1
19.59 1
19.6 1
19.61 1
19.62 1
19.63 1
19.64 1
19.650000000000002 1
19.66 1
19.67 1
19.68 1
19.69 1
19.7 1
19.71 1
19.72 1
19.73 1
19.740000000000002 1
19.75 1
19.76 1
19.77 1
19.78 1
19.79 1
19.8 1
19.81 1
19.82 1
19.830000000000002 1
19.84 1
19.85 1
19.86 1
19.87 1
19.88 1
19.89 1
19.900000000000002 1
19.91 1
19.92 1
19.93 1
19.94 1
19.95 1
19.96 1
19.97 1
19.98 1
19.990000000000002 1
20.0 1
20.01 1
20.02 1
20.03 1
20.04 1
20.05 1
20.06 1
20.07 1
20.080000000000002 1
20.09 1
20.1 1
20.11 1
20.12 1
20.13 1
20.14 1
20.150000000000002 1
20.16 1
20.17 1
20.18 1
20.19 1
20.2 1
20.21 1
20.22 1
20.23 1
20.240000000000002 1
20.25 1
20.26 1
20.27 1
20.28 1
20.29 1
20.3 1
20.31 1
20.32 1
20.330000000000002 1
20.34 1
20.35 1
20.36 1
20.37 1
20.38 1
20.39 1
20.400000000000002 1
20.41 1
20.42 1
20.43 1
20.44 1
20.45 1
20.46 1
20.47 1
20.48 1
20.490000000000002 1
20.5 1
20.51 1
20.52 1
20.53 1
20.54 1
20.55 1
20.56 1
20.57 1
20.580000000000002 1
20.59 1
20.6 1
20.61 1
20.62 1
20.63 1
20.64 1
20.650000000000002 1
20.66 1
20.67 1
20.68 1
20.69 1
20.7 1
20.71 1
20.72 1
20.73 1
20.740000000000002 1
20.75 1
20.76 1
20.77 1
20.78 1
20.79 1
20.8 1
20.81 1
20.82 1
20.830000000000002 1
20.84 1
20.85 1
20.86 1
20.87 1
20.88 1
20.89 1
20.900000000000002 1
20.91 1
20.92 1
20.93 1
20.94 1
20.95 1
20.96 1
20.97 1
20.98 1
20.990000000000002 1
21.0 1
21.01 1
21.02 1
21.03 1
21.04 1
21.05 1
21.06 1
21.07 1
21.080000000000002 1
21.09 1
21.1 1
21.11 1
21.12 1
21.13 1
21.14 1
21.150000000000002 1
21.16 1
21.17 1
21.18 1
21.19 1
21.2 1
21.21 1
21.22 1
21.23 1
21.240000000000002 1
21.25 1
21.26 1
21.27 1
21.28 1
21.29 1
21.3 1
21.31 1
21.32 1
21.330000000000002 1
21.34 1
21.35 1
21.36 1
21.37 1
21.38 1
21.39 1
21.400000000000002 1
21.41 1
21.42 1
21.43 1
21.44 1
21.45 1
21.46 1
21.47 1
21.48 1
21.490000000000002 1
21.5 1
21.51 1
21.52 1
21.53 1
21.54 1
21.55 1
21.56 1
21.57 1
21.580000000000002 1
21.59 1
21.6 1
21.61 1
21.62 1
21.63 1
21.64 1
21.650000000000002 1
21.66 1
21.67 1
21.68 1
21.69 1
21.7 1
21.71 1
21.72 1
21.73 1
21.740000000000002 1
21.75 1
21.76 1
21.77 1
21.78 1
21.79 1
21.8 1
21.81 1
21.82 1
21.830000000000002 1
21.84 1
21.85 1
21.86 1
21.87 1
21.88 1
21.89 1
21.900000000000002 1
21.91 1
21.92 1
21.93 1
21.94 1
21.95 1
21.96 1
21.97 1
21.98 1
21.990000000000002 1
22.0 1
22.01 1
22.02 1
22.03 1
22.04 1
22.05 1
22.06 1
22.07 1
22.080000000000002 1
22.09 1
22.1 1
22.11 1
22.12 1
22.13 1
22.14 1
22.150000000000002 1
22.16 1
22.17 1
22.18 1
22.19 1
22.2 1
22.21 1
22.22 1
22.23 1
22.240000000000002 1
22.25 1
22.26 1
22.27 1
22.28 1
22.29 1
22.3 1
22.31 1
22.32 1
22.330000000000002 1
22.34 1
22.35 1
22.36 1
22.37 1
22.38 1
22.39 1
22.400000000000002 1
22.41 1
22.42 1
22.43 1
22.44 1
22.45 1
22.46 1
22.47 1
22.48 1
22.490000000000002 1
22.5 1
22.51 1
22.52 1
22.53 1
22.54 1
22.55 1
22.56 1
22.57 1
22.580000000000002 1
22.59 1
22.6 1
22.61 1
22.62 1
22.63 1
22.64 1
22.650000000000002 1
22.66 1
22.67 1
22.68 1
22.69 1
22.7 1
22.71 1
22.72 1
22.73 1
22.740000000000002 1
22.75 1
22.76 1
22.77 1
22.78 1
22.79 1
22.8 1
22.81 1
22.82 1
22.830000000000002 1
22.84 1
22.85 1
22.86 1
22.87 1
22.88 1
22.89 1
22.900000000000002 1
22.91 1
22.92 1
22.93 1
22.94 1
22.95 1
22.96 1
22.97 1
22.98 1
22.990000000000002 1
23.0 1
23.01 1
23.02 1
23.03 1
23.04 1
23.05 1
23.06 1
23.07 1
23.080000000000002 1
23.09 1
23.1 1
23.11 1
23.12 1
23.13 1
23.14 1
23.150000000000002 1
23.16 1
23.17 1
23.18 1
23.19 1
23.2 1
23.21 1
23.22 1
23.23 1
23.240000000000002 1
23.25 1
23.26 1
23.27 1
23.28 1
23.29 1
23.3 1
23.31 1
23.32 1
23.330000000000002 1
23.34 1
23.35 1
23.36 1
23.37 1
23.38 1
23.39 1
23.400000000000002 1
23.41 1
23.42 1
23.43 1
23.44 1
23.45 1
23.46 1
23.47 1
23.48 1
23.490000000000002 1
23.5 1
23.51 1
23.52 1
23.53 1
23.54 1
23.55 1
23.56 1
23.57 1
23.580000000000002 1
23.59 1
23.6 1
23.61 1
23.62 1
23.63 1
23.64 1
23.650000000000002 1
23.66 1
23.67 1
23.68 1
23.69 1
23.7 1
23.71 1
23.72 1
23.73 1
23.740000000000002 1
23.75 1
23.76 1
23.77 1
23.78 1
23.79 1
23.8 1
23.81 1
23.82 1
23.830000000000002 1
23.84 1
23.85 1
23.86 1
23.87 1
23.88 1
23.89 1
23.900000000000002 1
23.91 1
23.92 1
23.93 1
23.94 1
23.95 1
23.96 1
23.97 1
23.98 1
23.990000000000002 1
24.0 1
24.01 1
24.02 1
24.03 1
24.04 1
24.05 1
24.060000000000002 1
24.07 1
24.080000000000002 1
24.09 1
24.1 1
24.11 1
24.12 1
24.13 1
24.14 1
24.150000000000002 1
24.16 1
24.17 1
24.18 1
24.19 1
24.2 1
24.21 1
24.22 1
24.23 1
24.240000000000002 1
24.25 1
24.26 1
24.27 1
24.28 1
24.29 1
24.3 1
24.310000000000002 1
24.32 1
24.330000000000002 1
24.34 1
24.35 1
24.36 1
24.37 1
24.38 1
24.39 1
24.400000000000002 1
24.41 1
24.42 1
24.43 1
24.44 1
24.45 1
24.46 1
24.47 1
24.48 1
24.490000000000002 1
24.5 1
24.51 1
24.52 1
24.53 1
24.54 1
24.55 1
24.560000000000002 1
24.57 1
24.580000000000002 1
24.59 1
24.6 1
24.61 1
24.62 1
24.63 1
24.64 1
24.650000000000002 1
24.66 1
24.67 1
24.68 1
24.69 1
24.7 1
24.71 1
24.72 1
24.73 1
24.740000000000002 1
24.75 1
24.76 1
24.77 1
24.78 1
24.79 1
24.8 1
24.810000000000002 1
24.82 1
24.830000000000002 1
24.84 1
24.85 1
24.86 1
24.87 1
24.88 1
24.89 1
24.900000000000002 1
24.91 1
24.92 1
24.93 1
24.94 1
24.95 1
24.96 1
24.97 1
24.98 1
24.990000000000002 1
25.0 1
25.01 1
25.02 1
25.03 1
25.04 1
25.05 1
25.060000000000002 1
25.07 1
25.080000000000002 1
25.09 1
25.1 1
25.11 1
25.12 1
25.13 1
25.14 1
25.150000000000002 1
25.16 1
25.17 1
25.18 1
25.19 1
25.2 0
25.21 1
25.22 1
25.23 1
25.240000000000002 1
25.25 1
25.26 1
25.27 1
25.28 1
25.29 1
25.3 1
25.310000000000002 1
25.32 1
25.330000000000002 1
25.34 1
25.35 1
25.36 1
25.37 1
25.38 1
25.39 1
25.400000000000002 1
25.41 1
25.42 1
25.43 1
25.44 1
25.45 1
25.46 1
25.47 1
25.48 1
25.490000000000002 1
25.5 1
25.51 1
25.52 1
25.53 1
25.54 1
25.55 1
25.560000000000002 1
25.57 1
25.580000000000002 1
25.59 1
25.6 1
25.61 1
25.62 1
25.63 1
25.64 1
25.650000000000002 1
25.66 1
25.67 1
25.68 1
25.69 1
25.7 1
25.71 1
25.72 1
25.73 1
25.740000000000002 1
25.75 1
25.76 1
25.77 1
25.78 1
25.79 1
25.8 1
25.810000000000002 1
25.82 1
25.830000000000002 1
25.84 1
25.85 1
25.86 1
25.87 1
25.88 1
25.89 1
25.900000000000002 1
25.91 1
25.92 1
25.93 1
25.94 1
25.95 1
25.96 1
25.97 1
25.98 1
25.990000000000002 1
26.0 1
26.01 1
26.02 1
26.03 1
26.04 1
26.05 1
26.060000000000002 1
26.07 1
26.080000000000002 1
26.09 1
26.1 1
26.11 1
26.12 1
26.13 1
26.14 1
26.150000000000002 1
26.16 1
26.17 1
26.18 1
26.19 1
26.2 1
26.21 1
26.22 1
26.23 1
26.240000000000002 1
26.25 1
26.26 1
26.27 1
26.28 1
26.29 1
26.3 1
26.310000000000002 1
26.32 1
26.330000000000002 1
26.34 1
26.35 1
26.36 1
26.37 1
26.38 1
26.39 1
26.400000000000002 1
26.41 1
26.42 1
26.43 1
26.44 1
26.45 1
26.46 1
26.47 1
26.48 1
26.490000000000002 1
26.5 1
26.51 1
26.52 1
26.53 1
26.54 1
26.55 1
26.560000000000002 1
26.57 1
26.580000000000002 1
26.59 1
26.6 1
26.61 1
26.62 1
26.63 1
26.64 1
26.650000000000002 1
26.66 1
26.67 1
26.68 1
26.69 1
26.7 1
26.71 1
26.72 1
26.73 1
26.740000000000002 1
26.75 1
26.76 1
26.77 1
26.78 1
26.79 1
26.8 1
26.810000000000002 1
26.82 1
26.830000000000002 1
26.84 1
26.85 1
26.86 1
26.87 1
26.88 1
26.89 1
26.900000000000002 1
26.91 1
26.92 1
26.93 1
26.94 1
26.95 1
26.96 1
26.97 1
26.98 1
26.990000000000002 1
27.0 1
27.01 1
27.02 1
27.03 1
27.04 1
27.05 0
27.060000000000002 0
27.07 0
27.080000000000002 0
27.09 0
27.1 0
27.11 0
27.12 0
27.13 0
27.14 0
27.150000000000002 0
27.16 0
27.17 0
27.18 0
27.19 0
27.2 0
27.21 0
27.22 0
27.23 0
27.240000000000002 0
27.25 0
27.26 0
27.27 0
27.28 0
27.29 0
27.3 0
27.310000000000002 0
27.32 0
27.330000000000002 0
27.34 0
27.35 0
27.36 0
27.37 0
27.38 0
27.39 0
27.400000000000002 0
27.41 0
27.42 1
27.43 1
27.44 1
27.45 1
27.46 1
27.47 1
27.48 1
27.490000000000002 1
27.5 1
27.51 1
27.52 1
27.53 1
27.54 1
27.55 1
27.560000000000002 1
27.57 1
27.580000000000002 1
27.59 1
27.6 1
27.61 1
27.62 1
27.63 1
27.64 1
27.650000000000002 1
27.66 1
27.67 1
27.68 1
27.69 1
27.7 1
27.71 1
27.72 1
27.73 1
27.740000000000002 1
27.75 1
27.76 1
27.77 1
27.78 1
27.79 1
27.8 1
27.810000000000002 1
27.82 1
27.830000000000002 1
27.84 1
27.85 1
27.86 1
27.87 1
27.88 1
27.89 1
27.900000000000002 1
27.91 1
27.92 1
27.93 1
27.94 1
27.95 1
27.96 1
27.97 1
27.98 1
27.990000000000002 1
28.0 1
28.01 1
28.02 1
28.03 1
28.04 1
28.05 1
28.060000000000002 1
28.07 1
28.080000000000002 1
28.09 1
28.1 1
28.11 1
28.12 1
28.13 1
28.14 1
28.150000000000002 1
28.16 1
28.17 1
28.18 1
28.19 1
28.2 1
28.21 1
28.22 1
28.23 1
28.240000000000002 1
28.25 1
28.26 1
28.27 1
28.28 1
28.29 1
28.3 1
28.310000000000002 1
28.32 1
28.330000000000002 1
28.34 1
28.35 1
28.36 1
28.37 1
28.38 1
28.39 1
28.400000000000002 1
28.41 1
28.42 1
28.43 1
28.44 1
28.45 1
28.46 1
28.47 1
28.48 1
28.490000000000002 1
28.5 1
28.51 1
28.52 1
28.53 1
28.54 1
28.55 1
28.560000000000002 1
28.57 1
28.580000000000002 1
28.59 1
28.6 1
28.61 1
28.62 1
28.63 1
28.64 1
28.650000000000002 1
28.66 1
28.67 1
28.68 1
28.69 1
28.7 1
28.71 1
28.72 1
28.73 1
28.740000000000002 1
28.75 1
28.76 1
28.77 1
28.78 1
28.79 1
28.8 1
28.810000000000002 1
28.82 1
28.830000000000002 1
28.84 1
28.85 1
28.86 1
28.87 1
28.88 1
28.89 1
28.900000000000002 1
28.91 1
28.92 1
28.93 1
28.94 1
28.95 1
28.96 1
28.97 1
28.98 1
28.990000000000002 1
29.0 1
29.01 1
29.02 1
29.03 1
29.04 1
29.05 1
29.060000000000002 1
29.07 1
29.080000000000002 1
29.09 1
29.1 1
29.11 1
29.12 1
29.13 1
29.14 1
29.150000000000002 1
29.16 1
29.17 1
29.18 1
29.19 1
29.2 1
29.21 1
29.22 1
29.23 1
29.240000000000002 1
29.25 1
29.26 1
29.27 1
29.28 1
29.29 1
29.3 1
29.310000000000002 1
29.32 1
29.330000000000002 1
29.34 1
29.35 1
29.36 1
29.37 1
29.38 1
29.39 1
29.400000000000002 1
29.41 1
29.42 1
29.43 1
29.44 1
29.45 1
29.46 1
29.47 1
29.48 1
29.490000000000002 1
29.5 1
29.51 1
29.52 1
29.53 1
29.54 1
29.55 1
29.560000000000002 1
29.57 1
29.580000000000002 1
29.59 1
29.6 1
29.61 1
29.62 1
29.63 1
29.64 1
29.650000000000002 1
29.66 1
29.67 1
29.68 1
29.69 1
29.7 1
29.71 1
29.72 1
29.73 1
29.740000000000002 1
29.75 1
29.76 1
29.77 1
29.78 1
29.79 1
29.8 1
29.810000000000002 1
29.82 1
29.830000000000002 1
29.84 1
29.85 1
29.86 1
29.87 1
29.88 1
29.89 1
29.900000000000002 1
29.91 1
29.92 1
29.93 1
29.94 1
29.95 1
29.96 1
29.97 1
29.98 1
29.990000000000002 1
30.0 1
30.01 1
30.02 1
30.03 1
30.04 1
30.05 1
30.060000000000002 1
30.07 1
30.080000000000002 1
30.09 1
30.1 1
30.11 1
30.12 1
30.13 1
30.14 1
30.150000000000002 1
30.16 1
30.17 1
30.18 1
30.19 1
30.2 1
30.21 1
30.22 1
30.23 1
30.240000000000002 1
30.25 1
30.26 1
30.27 1
30.28 1
30.29 1
30.3 1
30.310000000000002 1
30.32 1
30.330000000000002 1
30.34 1
30.35 1
30.36 1
30.37 1
30.38 1
30.39 1
30.400000000000002 1
30.41 1
30.42 1
30.43 0
30.44 1
30.45 1
30.46 1
30.47 1
30.48 1
30.490000000000002 1
30.5 1
30.51 1
30.52 1
30.53 1
30.54 1
30.55 1
30.560000000000002 1
30.57 1
30.580000000000002 1
30.59 1
30.6 1
30.61 1
30.62 1
30.63 1
30.64 1
30.650000000000002 1
30.66 1
30.67 1
30.68 0
30.69 0
30.7 1
30.71 1
30.72 1
30.73 1
30.740000000000002 1
30.75 1
30.76 1
30.77 1
30.78 1
30.79 1
30.8 1
30.810000000000002 1
30.82 1
30.830000000000002 1
30.84 1
30.85 1
30.86 1
30.87 1
30.88 1
30.89 1
30.900000000000002 1
30.91 1
30.92 1
30.93 1
30.94 1
30.95 1
30.96 1
30.970000000000002 1
30.98 1
30.990000000000002 1
31.0 1
31.01 1
31.02 1
31.03 1
31.04 1
31.05 1
31.060000000000002 1
31.07 1
31.080000000000002 1
31.09 1
31.1 1
31.11 1
31.12 1
31.13 1
31.14 1
31.150000000000002 1
31.16 1
31.17 1
31.18 1
31.19 1
31.2 1
31.21 1
31.220000000000002 1
31.23 1
31.240000000000002 1
31.25 1
31.26 1
31.27 1
31.28 1
31.29 1
31.3 1
31.310000000000002 1
31.32 1
31.330000000000002 1
31.34 1
31.35 1
31.36 1
31.37 1
31.38 1
31.39 1
31.400000000000002 1
31.41 1
31.42 1
31.43 1
31.44 1
31.45 1
31.46 1
31.470000000000002 1
31.48 1
31.490000000000002 1
31.5 1
31.51 1
31.52 1
31.53 1
31.54 1
31.55 1
31.560000000000002 1
31.57 1
31.580000000000002 1
31.59 1
31.6 1
31.61 1
31.62 1
31.63 1
31.64 1
31.650000000000002 1
31.66 1
31.67 0
31.68 0
31.69 0
31.7 0
31.71 0
31.720000000000002 0
31.73 0
31.740000000000002 0
31.75 0
31.76 0
31.77 0
31.78 0
31.79 0
31.8 0
31.810000000000002 0
31.82 0
31.830000000000002 0
31.84 0
31.85 0
31.86 0
31.87 0
31.88 0
31.89 0
31.900000000000002 0
31.91 0
31.92 0
31.93 0
31.94 0
31.95 0
31.96 0
31.970000000000002 0
31.98 0
31.990000000000002 0
32.0 0
32.01 0
32.02 0
32.03 0
32.04 0
32.05 1
32.06 1
32.07 1
32.08 1
32.09 1
32.1 1
32.11 1
32.12 1
32.13 1
32.14 1
32.15 1
32.160000000000004 1
32.17 1
32.18 1
32.19 1
32.2 1
32.21 1
32.22 1
32.230000000000004 1
32.24 1
32.25 1
32.26 1
32.27 1
32.28 1
32.29 1
32.3 1
32.31 1
32.32 1
32.33 1
32.34 1
32.35 1
32.36 1
32.37 1
32.38 1
32.39 1
32.4 1
32.410000000000004 1
32.42 1
32.43 1
32.44 1
32.45 1
32.46 1
32.47 1
32.480000000000004 1
32.49 1
32.5 1
32.51 1
32.52 1
32.53 1
32.54 1
32.55 1
32.56 1
32.57 1
32.58 1
32.59 1
32.6 1
32.61 1
32.62 1
32.63 1
32.64 1
32.65 1
32.660000000000004 1
32.67 1
32.68 1
32.69 1
32.7 1
32.71 1
32.72 1
32.730000000000004 1
32.74 1
32.75 1
32.76 1
32.77 1
32.78 1
32.79 1
32.8 1
32.81 1
32.82 1
32.83 1
32.84 1
32.85 1
32.86 1
32.87 1
32.88 1
32.89 1
32.9 1
32.910000000000004 1
32.92 1
32.93 1
32.94 1
32.95 1
32.96 1
32.97 1
32.980000000000004 1
32.99 1
33.0 1
33.01 1
33.02 1
33.03 1
33.04 1
33.05 1
33.06 1
33.07 1
33.08 1
33.09 1
33.1 1
33.11 1
33.12 1
33.13 1
33.14 1
33.15 1
33.160000000000004 1
33.17 1
33.18 1
33.19 1
33.2 1
33.21 1
33.22 1
33.230000000000004 1
33.24 1
33.25 1
33.26 1
33.27 1
33.28 1
33.29 1
33.3 1
33.31 1
33.32 1
33.33 1
33.34 1
33.35 1
33.36 1
33.37 1
33.38 1
33.39 1
33.4 1
33.410000000000004 1
33.42 1
33.43 1
33.44 1
33.45 1
33.46 1
33.47 1
33.480000000000004 1
33.49 1
33.5 1
33.51 1
33.52 1
33.53 1
33.54 1
33.55 1
33.56 1
33.57 1
33.58 1
33.59 1
33.6 1
33.61 1
33.62 1
33.63 1
33.64 1
33.65 1
33.660000000000004 1
33.67 1
33.68 1
33.69 1
33.7 1
33.71 1
33.72 1
33.730000000000004 1
33.74 1
33.75 1
33.76 1
33.77 1
33.78 1
33.79 1
33.8 1
33.81 1
33.82 1
33.83 1
33.84 1
33.85 1
33.86 1
33.87 1
33.88 1
33.89 1
33.9 1
33.910000000000004 1
33.92 1
33.93 1
33.94 1
33.95 1
33.96 1
33.97 1
33.980000000000004 1
33.99 1
34.0 1
34.01 1
34.02 1
34.03 1
34.04 1
34.05 1
34.06 1
34.07 1
34.08 1
34.09 1
34.1 1
34.11 1
34.12 1
34.13 1
34.14 1
34.15 1
34.160000000000004 1
34.17 1
34.18 1
34.19 1
34.2 1
34.21 1
34.22 1
34.230000000000004 1
34.24 1
34.25 1
34.26 1
34.27 1
34.28 1
34.29 1
34.300000000000004 1
34.31 1
34.32 1
34.33 1
34.34 1
34.35 1
34.36 1
34.37 1
34.38 1
34.39 1
34.4 1
34.410000000000004 1
34.42 1
34.43 1
34.44 1
34.45 1
34.46 1
34.47 1
34.480000000000004 1
34.49 1
34.5 1
34.51 1
34.52 1
34.53 1
34.54 1
34.550000000000004 1
34.56 1
34.57 1
34.58 1
34.59 1
34.6 1
34.61 1
34.62 1
34.63 1
34.64 1
34.65 1
34.660000000000004 1
34.67 1
34.68 1
34.69 1
34.7 1
34.71 1
34.72 1
34.730000000000004 1
34.74 1
34.75 1
34.76 1
34.77 1
34.78 1
34.79 1
34.800000000000004 1
34.81 1
34.82 1
34.83 1
34.84 1
34.85 1
34.86 1
34.87 1
34.88 1
34.89 1
34.9 1
34.910000000000004 1
34.92 1
34.93 1
34.94 1
34.95 1
34.96 1
34.97 1
34.980000000000004 1
34.99 1
35.0 1
35.01 1
35.02 1
35.03 1
35.04 1
35.050000000000004 1
35.06 1
35.07 1
35.08 1
35.09 1
35.1 1
35.11 1
35.12 1
35.13 1
35.14 1
35.15 1
35.160000000000004 1
35.17 1
35.18 1
35.19 1
35.2 1
35.21 1
35.22 1
35.230000000000004 1
35.24 1
35.25 1
35.26 1
35.27 1
35.28 1
35.29 1
35.300000000000004 1
35.31 1
35.32 1
35.33 1
35.34 1
35.35 1
35.36 1
35.37 1
35.38 1
35.39 1
35.4 1
35.410000000000004 1
35.42 1
35.43 1
35.44 1
35.45 1
35.46 1
35.47 1
35.480000000000004 1
35.49 1
35.5 1
35.51 1
35.52 1
35.53 1
35.54 1
35.550000000000004 1
35.56 1
35.57 1
35.58 1
35.59 1
35.6 1
35.61 1
35.62 1
35.63 1
35.64 1
35.65 1
35.660000000000004 1
35.67 1
35.68 1
35.69 1
35.7 1
35.71 1
35.72 1
35.730000000000004 1
35.74 1
35.75 1
35.76 1
35.77 1
35.78 1
35.79 1
35.800000000000004 1
35.81 1
35.82 1
35.83 1
35.84 1
35.85 1
35.86 1
35.87 1
35.88 1
35.89 1
35.9 1
35.910000000000004 1
35.92 1
35.93 1
35.94 1
35.95 1
35.96 1
35.97 1
35.980000000000004 1
35.99 1
36.0 1
36.01 1
36.02 1
36.03 1
36.04 1
36.050000000000004 1
36.06 1
36.07 1
36.08 1
36.09 1
36.1 1
36.11 1
36.12 1
36.13 1
36.14 1
36.15 1
36.160000000000004 1
36.17 1
36.18 1
36.19 1
36.2 1
36.21 1
36.22 1
36.230000000000004 1
36.24 1
36.25 1
36.26 1
36.27 1
36.28 1
36.29 1
36.300000000000004 1
36.31 1
36.32 1
36.33 1
36.34 1
36.35 1
36.36 1
36.37 1
36.38 1
36.39 1
36.4 1
36.410000000000004 1
36.42 1
36.43 1
36.44 1
36.45 1
36.46 1
36.47 1
36.480000000000004 1
36.49 1
36.5 1
36.51 1
36.52 1
36.53 1
36.54 1
36.550000000000004 1
36.56 1
36.57 1
36.58 1
36.59 1
36.6 1
36.61 1
36.62 1
36.63 1
36.64 1
36.65 1
36.660000000000004 1
36.67 1
36.68 1
36.69 1
36.7 1
36.71 1
36.72 1
36.730000000000004 1
36.74 1
36.75 1
36.76 1
36.77 1
36.78 1
36.79 1
36.800000000000004 1
36.81 1
36.82 1
36.83 1
36.84 1
36.85 1
36.86 1
36.87 1
36.88 1
36.89 1
36.9 1
36.910000000000004 1
36.92 1
36.93 1
36.94 1
36.95 1
36.96 1
36.97 1
36.980000000000004 1
36.99 1
37.0 1
37.01 1
37.02 1
37.03 1
37.04 1
37.050000000000004 1
37.06 1
37.07 1
37.08 1
37.09 1
37.1 1
37.11 1
37.12 1
37.13 1
37.14 1
37.15 1
37.160000000000004 1
37.17 1
37.18 1
37.19 1
37.2 1
37.21 1
37.22 1
37.230000000000004 1
37.24 1
37.25 1
37.26 1
37.27 1
37.28 1
37.29 1
37.300000000000004 1
37.31 1
37.32 1
37.33 1
37.34 1
37.35 1
37.36 1
37.37 1
37.38 1
37.39 1
37.4 1
37.410000000000004 1
37.42 1
37.43 1
37.44 1
37.45 1
37.46 1
37.47 1
37.480000000000004 1
37.49 1
37.5 1
37.51 1
37.52 1
37.53 1
37.54 1
37.550000000000004 1
37.56 1
37.57 1
37.58 1
37.59 1
37.6 1
37.61 1
37.62 1
37.63 1
37.64 1
37.65 1
37.660000000000004 1
37.67 1
37.68 1
37.69 1
37.7 1
37.71 1
37.72 1
37.730000000000004 1
37.74 1
37.75 1
37.76 1
37.77 1
37.78 1
37.79 1
37.800000000000004 1
37.81 1
37.82 1
37.83 1
37.84 1
37.85 1
37.86 1
37.87 1
37.88 1
37.89 1
37.9 1
37.910000000000004 1
37.92 1
37.93 1
37.94 1
37.95 1
37.96 1
37.97 1
37.980000000000004 1
37.99 1
38.0 1
38.01 1
38.02 1
38.03 1
38.04 1
38.050000000000004 1
38.06 1
38.07 1
38.08 1
38.09 1
38.1 1
38.11 1
38.12 1
38.13 1
38.14 1
38.15 1
38.160000000000004 1
38.17 1
38.18 1
38.19 1
38.2 1
38.21 1
38.22 1
38.230000000000004 1
38.24 1
38.25 1
38.26 1
38.27 1
38.28 1
38.29 1
38.300000000000004 1
38.31 1
38.32 1
38.33 1
38.34 1
38.35 1
38.36 1
38.37 1
38.38 1
38.39 1
38.4 1
38.410000000000004 1
38.42 1
38.43 1
38.44 1
38.45 1
38.46 1
38.47 1
38.480000000000004 1
38.49 1
38.5 1
38.51 1
38.52 1
38.53 1
38.54 1
38.550000000000004 1
38.56 1
38.57 1
38.58 1
38.59 1
38.6 1
38.61 1
38.62 1
38.63 1
38.64 1
38.65 1
38.660000000000004 1
38.67 1
38.68 1
38.69 1
38.7 1
38.71 1
38.72 1
38.730000000000004 1
38.74 1
38.75 1
38.76 1
38.77 1
38.78 1
38.79 1
38.800000000000004 1
38.81 1
38.82 1
38.83 1
38.84 1
38.85 1
38.86 1
38.87 1
38.88 1
38.89 1
38.9 1
38.910000000000004 1
38.92 1
38.93 1
38.94 1
38.95 1
38.96 1
38.97 1
38.980000000000004 1
38.99 1
39.0 1
39.01 1
39.02 1
39.03 1
39.04 1
39.050000000000004 1
39.06 1
39.07 1
39.08 1
39.09 1
39.1 1
39.11 1
39.12 1
39.13 1
39.14 1
39.15 1
39.160000000000004 1
39.17 1
39.18 1
39.19 1
39.2 1
39.21 1
39.22 1
39.230000000000004 1
39.24 1
39.25 1
39.26 1
39.27 1
39.28 1
39.29 1
39.300000000000004 1
39.31 1
39.32 1
39.33 1
39.34 1
39.35 1
39.36 1
39.37 1
39.38 1
39.39 1
39.4 1
39.410000000000004 1
39.42 1
39.43 1
39.44 1
39.45 1
39.46 1
39.47 1
39.480000000000004 1
39.49 1
39.5 1
39.51 1
39.52 1
39.53 1
39.54 1
39.550000000000004 1
39.56 1
39.57 1
39.58 1
39.59 1
39.6 1
39.61 1
39.62 1
39.63 1
39.64 1
39.65 1
39.660000000000004 1
39.67 1
39.68 1
39.69 1
39.7 1
39.71 1
39.72 1
39.730000000000004 1
39.74 1
39.75 1
39.76 1
39.77 1
39.78 1
39.79 1
39.800000000000004 1
39.81 1
39.82 1
39.83 1
39.84 1
39.85 1
39.86 1
39.87 1
39.88 1
39.89 1
39.9 1
39.910000000000004 1
39.92 1
39.93 1
39.94 1
39.95 1
39.96 1
39.97 1
39.980000000000004 1
39.99 1
40.0 1
40.01 1
40.02 1
40.03 1
40.04 1
40.050000000000004 1
40.06 1
40.07 1
40.08 1
40.09 1
40.1 1
40.11 1
40.12 1
40.13 1
40.14 1
40.15 1
40.160000000000004 1
40.17 1
40.18 1
40.19 1
40.2 1
40.21 1
40.22 1
40.230000000000004 1
40.24 1
40.25 1
40.26 1
40.27 1
40.28 1
40.29 1
40.300000000000004 1
40.31 1
40.32 1
40.33 1
40.34 1
40.35 1
40.36 1
40.37 1
40.38 1
40.39 1
40.4 1
40.410000000000004 1
40.42 0
40.43 0
40.44 1
40.45 1
40.46 1
40.47 1
40.480000000000004 0
40.49 0
40.5 0
40.51 0
40.52 0
40.53 0
40.54 0
40.550000000000004 0
40.56 0
40.57 0
40.58 0
40.59 0
40.6 0
40.61 0
40.62 0
40.63 0
40.64 0
40.65 0
40.660000000000004 0
40.67 0
40.68 1
40.69 1
40.7 1
40.71 1
40.72 1
40.730000000000004 1
40.74 1
40.75 1
40.76 1
40.77 1
40.78 1
40.79 1
40.800000000000004 1
40.81 1
40.82 1
40.83 1
40.84 1
40.85 1
40.86 1
40.87 1
40.88 1
40.89 1
40.9 1
40.910000000000004 1
40.92 1
40.93 1
40.94 1
40.95 1
40.96 1
40.97 1
40.980000000000004 1
40.99 1
41.0 1
41.01 1
41.02 1
41.03 1
41.04 1
41.050000000000004 1
41.06 1
41.07 1
41.08 1
41.09 1
41.1 1
41.11 1
41.12 1
41.13 1
41.14 1
41.15 1
41.160000000000004 1
41.17 1
41.18 1
41.19 1
41.2 1
41.21 1
41.22 1
41.230000000000004 1
41.24 1
41.25 1
41.26 1
41.27 1
41.28 1
41.29 1
41.300000000000004 1
41.31 1
41.32 1
41.33 1
41.34 1
41.35 1
41.36 1
41.37 1
41.38 1
41.39 1
41.4 1
41.410000000000004 1
41.42 1
41.43 1
41.44 1
41.45 1
41.46 1
41.47 1
41.480000000000004 1
41.49 1
41.5 1
41.51 1
41.52 1
41.53 1
41.54 1
41.550000000000004 1
41.56 1
41.57 1
41.58 1
41.59 1
41.6 1
41.61 1
41.62 1
41.63 1
41.64 1
41.65 1
41.660000000000004 1
41.67 1
41.68 1
41.69 1
41.7 1
41.71 1
41.72 1
41.730000000000004 1
41.74 1
41.75 1
41.76 1
41.77 1
41.78 1
41.79 1
41.800000000000004 1
41.81 1
41.82 1
41.83 1
41.84 1
41.85 1
41.86 1
41.87 1
41.88 1
41.89 1
41.9 1
41.910000000000004 1
41.92 1
41.93 1
41.94 1
41.95 1
41.96 1
41.97 1
41.980000000000004 1
41.99 1
42.0 1
42.01 1
42.02 1
42.03 1
42.04 1
42.050000000000004 1
42.06 1
42.07 1
42.08 1
42.09 1
42.1 1
42.11 1
42.12 1
42.13 1
42.14 1
42.15 1
42.160000000000004 1
42.17 1
42.18 1
42.19 1
42.2 1
42.21 1
42.22 1
42.230000000000004 1
42.24 1
42.25 1
42.26 1
42.27 1
42.28 1
42.29 1
42.300000000000004 1
42.31 1
42.32 1
42.33 1
42.34 1
42.35 1
42.36 1
42.37 1
42.38 1
42.39 1
42.4 1
42.410000000000004 1
42.42 1
42.43 1
42.44 1
42.45 1
42.46 1
42.47 1
42.480000000000004 1
42.49 1
42.5 1
42.51 1
42.52 1
42.53 1
42.54 1
42.550000000000004 1
42.56 1
42.57 1
42.58 1
42.59 1
42.6 1
42.61 1
42.62 1
42.63 1
42.64 1
42.65 1
42.660000000000004 1
42.67 1
42.68 1
42.69 1
42.7 1
42.71 1
42.72 1
42.730000000000004 1
42.74 1
42.75 1
42.76 1
42.77 1
42.78 1
42.79 1
42.800000000000004 1
42.81 1
42.82 1
42.83 1
42.84 1
42.85 1
42.86 1
42.87 1
42.88 1
42.89 1
42.9 1
42.910000000000004 1
42.92 1
42.93 1
42.94 1
42.95 1
42.96 1
42.97 1
42.980000000000004 1
42.99 1
43.0 1
43.01 1
43.02 1
43.03 1
43.04 1
43.050000000000004 1
43.06 1
43.07 1
43.08 1
43.09 1
43.1 1
43.11 1
43.12 1
43.13 1
43.14 1
43.15 1
43.160000000000004 1
43.17 1
43.18 1
43.19 1
43.2 1
43.21 1
43.22 1
43.230000000000004 1
43.24 1
43.25 1
43.26 1
43.27 1
43.28 1
43.29 1
43.300000000000004 1
43.31 0
43.32 1
43.33 1
43.34 1
43.35 1
43.36 1
43.37 1
43.38 1
43.39 1
43.4 1
43.410000000000004 1
43.42 1
43.43 1
43.44 1
43.45 1
43.46 1
43.47 1
43.480000000000004 1
43.49 0
43.5 0
43.51 0
43.52 0
43.53 0
43.54 0
43.550000000000004 0
43.56 1
43.57 1
43.58 1
43.59 1
43.6 1
43.61 1
43.62 1
43.63 1
43.64 1
43.65 1
43.660000000000004 1
43.67 1
43.68 1
43.69 1
43.7 1
43.71 1
43.72 1
43.730000000000004 1
43.74 1
43.75 1
43.76 1
43.77 1
43.78 1
43.79 1
43.800000000000004 1
43.81 1
43.82 1
43.83 1
43.84 1
43.85 1
43.86 1
43.87 1
43.88 1
43.89 1
43.9 1
43.910000000000004 1
43.92 1
43.93 1
43.94 1
43.95 1
43.96 1
43.97 1
43.980000000000004 1
43.99 1
44.0 1
44.01 1
44.02 1
44.03 1
44.04 1
44.050000000000004 1
44.06 1
44.07 1
44.08 1
44.09 1
44.1 1
44.11 1
44.12 1
44.13 1
44.14 1
44.15 1
44.160000000000004 1
44.17 1
44.18 1
44.19 1
44.2 1
44.21 1
44.22 1
44.230000000000004 1
44.24 1
44.25 1
44.26 1
44.27 1
44.28 1
44.29 1
44.300000000000004 1
44.31 1
44.32 1
44.33 1
44.34 1
44.35 1
44.36 1
44.37 1
44.38 1
44.39 1
44.4 1
44.410000000000004 1
44.42 1
44.43 1
44.44 1
44.45 1
44.46 1
44.47 1
44.480000000000004 1
44.49 1
44.5 1
44.51 1
44.52 1
44.53 1
44.54 1
44.550000000000004 1
44.56 1
44.57 1
44.58 1
44.59 1
44.6 1
44.61 1
44.62 1
44.63 1
44.64 1
44.65 1
44.660000000000004 1
44.67 1
44.68 1
44.69 1
44.7 1
44.71 1
44.72 1
44.730000000000004 1
44.74 1
44.75 1
44.76 1
44.77 1
44.78 1
44.79 1
44.800000000000004 1
44.81 1
44.82 1
44.83 1
44.84 0
44.85 1
44.86 1
44.87 1
44.88 1
44.89 1
44.9 1
44.910000000000004 1
44.92 1
44.93 1
44.94 1
44.95 1
44.96 1
44.97 1
44.980000000000004 1
44.99 1
45.0 1
45.01 1
45.02 1
45.03 1
45.04 1
45.050000000000004 1
45.06 1
45.07 1
45.08 1
45.09 1
45.1 1
45.11 1
45.12 1
45.13 1
45.14 1
45.15 1
45.160000000000004 1
45.17 1
45.18 1
45.19 1
45.2 1
45.21 1
45.22 1
45.230000000000004 1
45.24 1
45.25 1
45.26 1
45.27 1
45.28 1
45.29 1
45.300000000000004 1
45.31 1
45.32 1
45.33 1
45.34 1
45.35 1
45.36 1
45.37 1
45.38 1
45.39 1
45.4 1
45.410000000000004 1
45.42 1
45.43 1
45.44 1
45.45 1
45.46 1
45.47 1
45.480000000000004 1
45.49 1
45.5 1
45.51 1
45.52 1
45.53 1
45.54 1
45.550000000000004 1
45.56 1
45.57 1
45.58 1
45.59 1
45.6 1
45.61 1
45.62 1
45.63 1
45.64 1
45.65 1
45.660000000000004 1
45.67 1
45.68 1
45.69 1
45.7 1
45.71 1
45.72 1
45.730000000000004 1
45.74 1
45.75 1
45.76 1
45.77 1
45.78 1
45.79 1
45.800000000000004 1
45.81 1
45.82 1
45.83 1
45.84 1
45.85 1
45.86 1
45.87 1
45.88 1
45.89 1
45.9 1
45.910000000000004 1
45.92 1
45.93 1
45.94 1
45.95 1
45.96 1
45.97 1
45.980000000000004 1
45.99 1
46.0 1
46.01 1
46.02 1
46.03 1
46.04 1
46.050000000000004 1
46.06 1
46.07 1
46.08 1
46.09 1
46.1 1
46.11 1
46.12 1
46.13 1
46.14 1
46.15 1
46.160000000000004 1
46.17 1
46.18 1
46.19 1
46.2 1
46.21 1
46.22 1
46.230000000000004 1
46.24 1
46.25 1
46.26 1
46.27 1
46.28 1
46.29 1
46.300000000000004 1
46.31 1
46.32 1
46.33 1
46.34 1
46.35 1
46.36 1
46.37 1
46.38 1
46.39 1
46.4 1
46.410000000000004 1
46.42 1
46.43 1
46.44 1
46.45 1
46.46 1
46.47 1
46.480000000000004 1
46.49 1
46.5 1
46.51 1
46.52 1
46.53 1
46.54 1
46.550000000000004 1
46.56 1
46.57 1
46.58 1
46.59 1
46.6 1
46.61 1
46.62 1
46.63 1
46.64 1
46.65 1
46.660000000000004 1
46.67 1
46.68 1
46.69 1
46.7 1
46.71 1
46.72 1
46.730000000000004 1
46.74 1
46.75 1
46.76 1
46.77 1
46.78 1
46.79 0
46.800000000000004 1
46.81 1
46.82 1
46.83 0
46.84 0
46.85 0
46.86 0
46.87 0
46.88 0
46.89 1
46.9 1
46.910000000000004 1
46.92 1
46.93 1
46.94 1
46.95 1
46.96 1
46.97 1
46.980000000000004 1
46.99 1
47.0 1
47.01 1
47.02 1
47.03 1
47.04 1
47.050000000000004 1
47.06 1
47.07 1
47.08 1
47.09 1
47.1 1
47.11 1
47.12 1
47.13 1
47.14 1
47.15 1
47.160000000000004 1
47.17 1
47.18 1
47.19 1
47.2 1
47.21 1
47.22 1
47.230000000000004 1
47.24 1
47.25 1
47.26 1
47.27 1
47.28 1
47.29 1
47.300000000000004 1
47.31 1
47.32 1
47.33 1
47.34 1
47.35 1
47.36 1
47.37 1
47.38 1
47.39 1
47.4 1
47.410000000000004 1
47.42 1
47.43 1
47.44 1
47.45 1
47.46 1
47.47 1
47.480000000000004 1
47.49 1
47.5 1
47.51 1
47.52 1
47.53 1
47.54 1
47.550000000000004 1
47.56 1
47.57 1
47.58 1
47.59 1
47.6 1
47.61 1
47.62 1
47.63 1
47.64 1
47.65 1
47.660000000000004 1
47.67 1
47.68 1
47.69 1
47.7 1
47.71 1
47.72 1
47.730000000000004 1
47.74 1
47.75 1
47.76 1
47.77 1
47.78 1
47.79 1
47.800000000000004 1
47.81 1
47.82 1
47.83 1
47.84 1
47.85 1
47.86 1
47.870000000000005 1
47.88 1
47.89 1
47.9 1
47.910000000000004 1
47.92 1
47.93 1
47.94 1
47.95 1
47.96 1
47.97 1
47.980000000000004 1
47.99 1
48.0 1
48.01 1
48.02 1
48.03 1
48.04 1
48.050000000000004 1
48.06 1
48.07 1
48.08 1
48.09 1
48.1 1
48.11 1
48.120000000000005 1
48.13 1
48.14 1
48.15 1
48.160000000000004 1
48.17 1
48.18 1
48.19 1
48.2 1
48.21 1
48.22 1
48.230000000000004 1
48.24 1
48.25 1
48.26 1
48.27 1
48.28 1
48.29 1
48.300000000000004 1
48.31 1
48.32 1
48.33 1
48.34 1
48.35 1
48.36 1
48.370000000000005 1
48.38 1
48.39 1
48.4 1
48.410000000000004 1
48.42 1
48.43 1
48.44 1
48.45 1
48.46 1
48.47 1
48.480000000000004 1
48.49 1
48.5 1
48.51 1
48.52 1
48.53 1
48.54 1
48.550000000000004 1
48.56 1
48.57 1
48.58 1
48.59 1
48.6 1
48.61 1
48.620000000000005 1
48.63 1
48.64 1
48.65 1
48.660000000000004 1
48.67 1
48.68 1
48.69 1
48.7 1
48.71 1
48.72 1
48.730000000000004 1
48.74 1
48.75 1
48.76 1
48.77 1
48.78 1
48.79 1
48.800000000000004 1
48.81 1
48.82 1
48.83 1
48.84 1
48.85 1
48.86 1
48.870000000000005 1
48.88 1
48.89 1
48.9 1
48.910000000000004 1
48.92 1
48.93 1
48.94 1
48.95 1
48.96 1
48.97 1
48.980000000000004 1
48.99 1
49.0 1
49.01 1
49.02 1
49.03 1
49.04 1
49.050000000000004 1
49.06 1
49.07 1
49.08 1
49.09 1
49.1 1
49.11 1
49.120000000000005 1
49.13 1
49.14 1
49.15 1
49.160000000000004 1
49.17 1
49.18 1
49.19 1
49.2 1
49.21 1
49.22 1
49.230000000000004 1
49.24 1
49.25 1
49.26 1
49.27 1
49.28 1
49.29 1
49.300000000000004 1
49.31 1
49.32 1
49.33 1
49.34 1
49.35 1
49.36 1
49.370000000000005 1
49.38 1
49.39 1
49.4 1
49.410000000000004 1
49.42 1
49.43 1
49.44 1
49.45 1
49.46 1
49.47 1
49.480000000000004 1
49.49 1
49.5 1
49.51 1
49.52 1
49.53 1
49.54 1
49.550000000000004 1
49.56 1
49.57 1
49.58 1
49.59 1
49.6 1
49.61 1
49.620000000000005 1
49.63 1
49.64 1
49.65 1
49.660000000000004 1
49.67 1
49.68 1
49.69 1
49.7 1
49.71 1
49.72 1
49.730000000000004 1
49.74 1
49.75 1
49.76 1
49.77 1
49.78 1
49.79 1
49.800000000000004 1
49.81 1
49.82 1
49.83 1
49.84 1
49.85 1
49.86 1
49.870000000000005 1
49.88 1
49.89 1
49.9 1
49.910000000000004 1
49.92 1
49.93 1
49.94 1
49.95 1
49.96 1
49.97 1
49.980000000000004 1
49.99 1
50.0 1
50.01 1
50.02 1
50.03 1
50.04 1
50.050000000000004 1
50.06 1
50.07 1
50.08 1
50.09 1
50.1 1
50.11 1
50.120000000000005 1
50.13 1
50.14 1
50.15 1
50.160000000000004 1
50.17 1
50.18 1
50.19 1
50.2 1
50.21 1
50.22 1
50.230000000000004 1
50.24 1
50.25 1
50.26 1
50.27 1
50.28 1
50.29 1
50.300000000000004 1
50.31 1
50.32 1
50.33 1
50.34 1
50.35 1
50.36 1
50.370000000000005 1
50.38 1
50.39 1
50.4 1
50.410000000000004 1
50.42 1
50.43 1
50.44 1
50.45 1
50.46 1
50.47 1
50.480000000000004 1
50.49 1
50.5 1
50.51 1
50.52 1
50.53 1
50.54 1
50.550000000000004 1
50.56 1
50.57 1
50.58 1
50.59 1
50.6 1
50.61 1
50.620000000000005 1
50.63 1
50.64 1
50.65 1
50.660000000000004 1
50.67 1
50.68 1
50.69 1
50.7 1
50.71 1
50.72 1
50.730000000000004 1
50.74 1
50.75 1
50.76 1
50.77 1
50.78 1
50.79 1
50.800000000000004 1
50.81 1
50.82 1
50.83 1
50.84 1
50.85 1
50.86 1
50.870000000000005 1
50.88 1
50.89 1
50.9 1
50.910000000000004 1
50.92 1
50.93 1
50.94 1
50.95 1
50.96 1
50.97 1
50.980000000000004 1
50.99 1
51.0 1
51.01 1
51.02 1
51.03 1
51.04 1
51.050000000000004 1
51.06 1
51.07 1
51.08 1
51.09 1
51.1 1
51.11 1
51.120000000000005 1
51.13 1
51.14 1
51.15 1
51.160000000000004 1
51.17 1
51.18 1
51.19 1
51.2 1
51.21 1
51.22 1
51.230000000000004 1
51.24 1
51.25 1
51.26 1
51.27 1
51.28 1
51.29 1
51.300000000000004 1
51.31 1
51.32 1
51.33 1
51.34 1
51.35 1
51.36 1
51.370000000000005 1
51.38 1
51.39 1
51.4 1
51.410000000000004 1
51.42 1
51.43 1
51.44 1
51.45 1
51.46 1
51.47 1
51.480000000000004 1
51.49 1
51.5 1
51.51 1
51.52 1
51.53 1
51.54 1
51.550000000000004 1
51.56 1
51.57 1
51.58 1
51.59 1
51.6 1
51.61 1
51.620000000000005 1
51.63 1
51.64 1
51.65 1
51.660000000000004 1
51.67 1
51.68 1
51.69 1
51.7 1
51.71 1
51.72 1
51.730000000000004 1
51.74 1
51.75 1
51.76 1
51.77 1
51.78 1
51.79 1
51.800000000000004 1
51.81 1
51.82 1
51.83 1
51.84 1
51.85 1
51.86 1
51.870000000000005 1
51.88 1
51.89 1
51.9 1
51.910000000000004 1
51.92 1
51.93 1
51.94 1
51.95 1
51.96 1
51.97 1
51.980000000000004 1
51.99 1
52.0 1
52.01 1
52.02 1
52.03 1
52.04 1
52.050000000000004 1
52.06 1
52.07 1
52.08 1
52.09 1
52.1 1
52.11 1
52.120000000000005 1
52.13 1
52.14 1
52.15 1
52.160000000000004 1
52.17 1
52.18 1
52.19 1
52.2 1
52.21 1
52.22 1
52.230000000000004 1
52.24 1
52.25 1
52.26 1
52.27 1
52.28 1
52.29 1
52.300000000000004 1
52.31 1
52.32 1
52.33 1
52.34 1
52.35 1
52.36 0
52.370000000000005 0
52.38 0
52.39 0
52.4 0
52.410000000000004 0
52.42 0
52.43 0
52.44 0
52.45 0
52.46 0
52.47 0
52.480000000000004 0
52.49 0
52.5 0
52.51 0
52.52 0
52.53 0
52.54 0
52.550000000000004 0
52.56 0
52.57 0
52.58 0
52.59 0
52.6 0
52.61 0
52.620000000000005 0
52.63 0
52.64 0
52.65 0
52.660000000000004 0
52.67 0
52.68 0
52.69 0
52.7 0
52.71 0
52.72 0
52.730000000000004 1
52.74 1
52.75 1
52.76 1
52.77 1
52.78 1
52.79 1
52.800000000000004 1
52.81 1
52.82 1
52.83 1
52.84 1
52.85 1
52.86 1
52.870000000000005 1
52.88 1
52.89 1
52.9 1
52.910000000000004 1
52.92 1
52.93 1
52.94 1
52.95 1
52.96 1
52.97 1
52.980000000000004 1
52.99 1
53.0 1
53.01 1
53.02 1
53.03 1
53.04 1
53.050000000000004 1
53.06 1
53.07 1
53.08 1
53.09 1
53.1 1
53.11 1
53.120000000000005 1
53.13 1
53.14 1
53.15 1
53.160000000000004 1
53.17 1
53.18 1
53.19 1
53.2 1
53.21 1
53.22 1
53.230000000000004 1
53.24 1
53.25 1
53.26 1
53.27 1
53.28 1
53.29 1
53.300000000000004 1
53.31 1
53.32 1
53.33 1
53.34 1
53.35 1
53.36 1
53.370000000000005 1
53.38 1
53.39 1
53.4 1
53.410000000000004 1
53.42 1
53.43 1
53.44 1
53.45 1
53.46 1
53.47 1
53.480000000000004 1
53.49 1
53.5 1
53.51 1
53.52 1
53.53 1
53.54 1
53.550000000000004 1
53.56 1
53.57 1
53.58 1
53.59 1
53.6 1
53.61 1
53.620000000000005 1
53.63 1
53.64 1
53.65 1
53.660000000000004 1
53.67 1
53.68 1
53.69 1
53.7 1
53.71 1
53.72 1
53.730000000000004 1
53.74 1
53.75 1
53.76 1
53.77 1
53.78 1
53.79 1
53.800000000000004 1
53.81 1
53.82 1
53.83 1
53.84 1
53.85 1
53.86 1
53.870000000000005 1
53.88 1
53.89 1
53.9 1
53.910000000000004 1
53.92 1
53.93 1
53.94 1
53.95 1
53.96 1
53.97 1
53.980000000000004 1
53.99 1
54.0 1
54.01 1
54.02 1
54.03 1
54.04 1
54.050000000000004 1
54.06 1
54.07 1
54.08 1
54.09 1
54.1 1
54.11 1
54.120000000000005 1
54.13 1
54.14 1
54.15 1
54.160000000000004 1
54.17 1
54.18 1
54.19 1
54.2 1
54.21 1
54.22 1
54.230000000000004 1
54.24 1
54.25 1
54.26 1
54.27 1
54.28 1
54.29 1
54.300000000000004 1
54.31 1
54.32 1
54.33 1
54.34 1
54.35 1
54.36 1
54.370000000000005 1
54.38 1
54.39 1
54.4 1
54.410000000000004 1
54.42 1
54.43 1
54.44 1
54.45 1
54.46 1
54.47 1
54.480000000000004 1
54.49 1
54.5 1
54.51 1
54.52 1
54.53 1
54.54 1
54.550000000000004 1
54.56 1
54.57 1
54.58 1
54.59 1
54.6 1
54.61 1
54.620000000000005 1
54.63 1
54.64 1
54.65 1
54.660000000000004 1
54.67 1
54.68 1
54.69 1
54.7 1
54.71 1
54.72 1
54.730000000000004 1
54.74 1
54.75 1
54.76 1
54.77 1
54.78 1
54.79 1
54.800000000000004 1
54.81 1
54.82 1
54.83 1
54.84 1
54.85 1
54.86 1
54.870000000000005 1
54.88 1
54.89 1
54.9 1
54.910000000000004 1
54.92 1
54.93 1
54.94 1
54.95 1
54.96 1
54.97 1
54.980000000000004 1
54.99 1
55.0 1
55.01 1
55.02 1
55.03 1
55.04 1
55.050000000000004 1
55.06 1
55.07 1
55.08 1
55.09 1
55.1 1
55.11 1
55.120000000000005 1
55.13 1
55.14 1
55.15 1
55.160000000000004 1
55.17 1
55.18 1
55.19 1
55.2 1
55.21 1
55.22 1
55.230000000000004 1
55.24 1
55.25 1
55.26 1
55.27 1
55.28 1
55.29 1
55.300000000000004 1
55.31 1
55.32 1
55.33 1
55.34 1
55.35 1
55.36 1
55.370000000000005 1
55.38 1
55.39 1
55.4 1
55.410000000000004 1
55.42 1
55.43 1
55.44 1
55.45 1
55.46 1
55.47 1
55.480000000000004 1
55.49 1
55.5 1
55.51 1
55.52 1
55.53 1
55.54 1
55.550000000000004 1
55.56 1
55.57 1
55.58 1
55.59 1
55.6 1
55.61 1
55.620000000000005 1
55.63 1
55.64 1
55.65 1
55.660000000000004 1
55.67 1
55.68 1
55.69 1
55.7 1
55.71 1
55.72 1
55.730000000000004 1
55.74 1
55.75 1
55.76 1
55.77 1
55.78 1
55.79 1
55.800000000000004 1
55.81 1
55.82 1
55.83 1
55.84 1
55.85 1
55.86 1
55.870000000000005 1
55.88 1
55.89 1
55.9 1
55.910000000000004 1
55.92 1
55.93 1
55.94 1
55.95 1
55.96 1
55.97 1
55.980000000000004 1
55.99 1
56.0 1
56.01 1
56.02 1
56.03 1
56.04 1
56.050000000000004 1
56.06 1
56.07 1
56.08 1
56.09 1
56.1 1
56.11 1
56.120000000000005 1
56.13 1
56.14 1
56.15 1
56.160000000000004 1
56.17 1
56.18 1
56.19 1
56.2 1
56.21 1
56.22 1
56.230000000000004 1
56.24 1
56.25 1
56.26 1
56.27 1
56.28 1
56.29 1
56.300000000000004 1
56.31 1
56.32 1
56.33 1
56.34 1
56.35 1
56.36 1
56.370000000000005 1
56.38 1
56.39 1
56.4 1
56.410000000000004 1
56.42 1
56.43 1
56.44 1
56.45 1
56.46 1
56.47 1
56.480000000000004 1
56.49 1
56.5 1
56.51 1
56.52 1
56.53 1
56.54 1
56.550000000000004 1
56.56 1
56.57 1
56.58 1
56.59 1
56.6 1
56.61 1
56.620000000000005 1
56.63 1
56.64 1
56.65 1
56.660000000000004 1
56.67 1
56.68 1
56.69 1
56.7 1
56.71 1
56.72 1
56.730000000000004 1
56.74 1
56.75 1
56.76 1
56.77 1
56.78 1
56.79 1
56.800000000000004 1
56.81 1
56.82 1
56.83 1
56.84 1
56.85 1
56.86 1
56.870000000000005 1
56.88 1
56.89 1
56.9 1
56.910000000000004 1
56.92 1
56.93 1
56.94 1
56.95 1
56.96 1
56.97 1
56.980000000000004 0
56.99 0
57.0 0
57.01 0
57.02 0
57.03 0
57.04 0
57.050000000000004 0
57.06 0
57.07 0
57.08 0
57.09 0
57.1 0
57.11 0
57.120000000000005 0
57.13 0
57.14 1
57.15 1
57.160000000000004 1
57.17 0
57.18 0
57.19 0
57.2 0
57.21 0
57.22 0
57.230000000000004 0
57.24 0
57.25 0
57.26 0
57.27 0
57.28 0
57.29 0
57.300000000000004 0
57.31 0
57.32 0
57.33 0
57.34 0
57.35 1
57.36 1
57.370000000000005 1
57.38 1
57.39 1
57.4 1
57.410000000000004 1
57.42 1
57.43 1
57.44 1
57.45 1
57.46 1
57.47 1
57.480000000000004 1
57.49 1
57.5 1
57.51 1
57.52 1
57.53 1
57.54 1
57.550000000000004 1
57.56 1
57.57 1
57.58 1
57.59 1
57.6 1
57.61 1
57.620000000000005 1
57.63 1
57.64 1
57.65 1
57.660000000000004 1
57.67 1
57.68 1
57.69 1
57.7 1
57.71 1
57.72 1
57.730000000000004 1
57.74 1
57.75 1
57.76 1
57.77 1
57.78 1
57.79 1
57.800000000000004 1
57.81 1
57.82 1
57.83 1
57.84 1
57.85 1
57.86 1
57.870000000000005 1
57.88 1
57.89 1
57.9 1
57.910000000000004 1
57.92 1
57.93 1
57.94 1
57.95 1
57.96 1
57.97 1
57.980000000000004 1
57.99 1
58.0 1
58.01 1
58.02 1
58.03 1
58.04 1
58.050000000000004 1
58.06 1
58.07 1
58.08 1
58.09 1
58.1 1
58.11 1
58.120000000000005 1
58.13 1
58.14 1
58.15 1
58.160000000000004 1
58.17 1
58.18 1
58.19 1
58.2 1
58.21 1
58.22 1
58.230000000000004 1
58.24 1
58.25 1
58.26 1
58.27 1
58.28 1
58.29 1
58.300000000000004 1
58.31 1
58.32 1
58.33 1
58.34 1
58.35 1
58.36 1
58.370000000000005 1
58.38 1
58.39 1
58.4 1
58.410000000000004 1
58.42 1
58.43 1
58.44 1
58.45 1
58.46 1
58.47 1
58.480000000000004 1
58.49 1
58.5 1
58.51 1
58.52 1
58.53 1
58.54 1
58.550000000000004 1
58.56 1
58.57 1
58.58 1
58.59 1
58.6 1
58.61 1
58.620000000000005 1
58.63 1
58.64 1
58.65 1
58.660000000000004 1
58.67 1
58.68 1
58.69 1
58.7 1
58.71 1
58.72 1
58.730000000000004 1
58.74 1
58.75 1
58.76 1
58.77 1
58.78 1
58.79 1
58.800000000000004 1
58.81 1
58.82 1
58.83 1
58.84 1
58.85 1
58.86 1
58.870000000000005 1
58.88 1
58.89 1
58.9 1
58.910000000000004 1
58.92 1
58.93 1
58.94 1
58.95 1
58.96 1
58.97 1
58.980000000000004 1
58.99 1
59.0 1
59.01 1
59.02 1
59.03 1
59.04 1
59.050000000000004 1
59.06 1
59.07 1
59.08 1
59.09 1
59.1 1
59.11 1
59.120000000000005 1
59.13 1
59.14 1
59.15 1
59.160000000000004 1
59.17 1
59.18 1
59.19 1
59.2 1
59.21 1
59.22 1
59.230000000000004 1
59.24 1
59.25 1
59.26 1
59.27 1
59.28 1
59.29 1
59.300000000000004 1
59.31 1
59.32 1
59.33 1
59.34 1
59.35 1
59.36 1
59.370000000000005 1
59.38 1
59.39 1
59.4 1
59.410000000000004 1
59.42 1
59.43 1
59.44 1
59.45 1
59.46 1
59.47 1
59.480000000000004 1
59.49 1
59.5 1
59.51 1
59.52 1
59.53 1
59.54 1
59.550000000000004 1
59.56 1
59.57 1
59.58 1
59.59 1
59.6 1
59.61 1
59.620000000000005 1
59.63 1
59.64 1
59.65 1
59.660000000000004 1
59.67 1
59.68 1
59.69 1
59.7 1
59.71 1
59.72 1
59.730000000000004 1
59.74 1
59.75 1
59.76 1
59.77 1
59.78 1
59.79 1
59.800000000000004 1
59.81 1
59.82 1
59.83 1
59.84 1
59.85 1
59.86 1
59.870000000000005 1
59.88 1
59.89 1
59.9 1
59.910000000000004 1
59.92 1
59.93 1
59.94 1
59.95 1
59.96 1
59.97 1
59.980000000000004 1
59.99 1
60.0 1
60.01 1
60.02 1
60.03 1
60.04 1
60.050000000000004 1
60.06 1
60.07 1
60.08 1
60.09 1
60.1 1
60.11 1
60.120000000000005 1
60.13 1
60.14 1
60.15 1
60.160000000000004 1
60.17 1
60.18 1
60.19 1
60.2 1
60.21 1
60.22 1
60.230000000000004 1
60.24 1
60.25 1
60.26 1
60.27 1
60.28 1
60.29 1
60.300000000000004 1
60.31 1
60.32 1
60.33 1
60.34 1
60.35 1
60.36 1
60.370000000000005 1
60.38 1
60.39 1
60.4 1
60.410000000000004 1
60.42 1
60.43 1
60.44 1
60.45 1
60.46 1
60.47 1
60.480000000000004 1
60.49 1
60.5 1
60.51 1
60.52 1
60.53 1
60.54 1
60.550000000000004 1
60.56 1
60.57 1
60.58 1
60.59 1
60.6 1
60.61 1
60.620000000000005 1
60.63 1
60.64 1
60.65 1
60.660000000000004 1
60.67 1
60.68 1
60.69 1
60.7 1
60.71 1
60.72 1
60.730000000000004 1
60.74 1
60.75 1
60.76 1
60.77 1
60.78 1
60.79 1
60.800000000000004 1
60.81 1
60.82 1
60.83 1
60.84 1
60.85 1
60.86 1
60.870000000000005 1
60.88 1
60.89 1
60.9 1
60.910000000000004 1
60.92 1
60.93 1
60.94 1
60.95 1
60.96 1
60.97 1
60.980000000000004 1
60.99 1
61.0 1
61.01 1
61.02 1
61.03 1
61.04 1
61.050000000000004 1
61.06 1
61.07 1
61.08 1
61.09 1
61.1 1
61.11 1
61.120000000000005 1
61.13 1
61.14 1
61.15 1
61.160000000000004 1
61.17 1
61.18 1
61.19 1
61.2 1
61.21 1
61.22 1
61.230000000000004 1
61.24 1
61.25 1
61.26 1
61.27 1
61.28 1
61.29 1
61.300000000000004 1
61.31 1
61.32 1
61.33 1
61.34 1
61.35 1
61.36 1
61.370000000000005 1
61.38 1
61.39 1
61.4 1
61.410000000000004 1
61.42 1
61.43 1
61.44 1
61.45 1
61.46 1
61.47 1
61.480000000000004 1
61.49 1
61.5 1
61.51 1
61.52 1
61.53 1
61.54 1
61.550000000000004 1
61.56 1
61.57 1
61.58 1
61.59 1
61.6 1
61.61 1
61.620000000000005 1
61.63 1
61.64 1
61.65 1
61.660000000000004 1
61.67 1
61.68 1
61.690000000000005 1
61.7 1
61.71 1
61.72 1
61.730000000000004 1
61.74 1
61.75 1
61.76 1
61.77 1
61.78 1
61.79 1
61.800000000000004 1
61.81 1
61.82 1
61.83 1
61.84 1
61.85 1
61.86 1
61.870000000000005 1
61.88 1
61.89 1
61.9 1
61.910000000000004 1
61.92 1
61.93 1
61.940000000000005 1
61.95 1
61.96 1
61.97 1
61.980000000000004 1
61.99 1
62.0 1
62.01 1
62.02 1
62.03 1
62.04 1
62.050000000000004 1
62.06 1
62.07 1
62.08 1
62.09 1
62.1 1
62.11 1
62.120000000000005 1
62.13 1
62.14 1
62.15 1
62.160000000000004 1
62.17 1
62.18 1
62.190000000000005 1
62.2 1
62.21 1
62.22 1
62.230000000000004 1
62.24 1
62.25 1
62.26 1
62.27 1
62.28 1
62.29 1
62.300000000000004 1
62.31 1
62.32 1
62.33 1
62.34 1
62.35 1
62.36 1
62.370000000000005 1
62.38 1
62.39 1
62.4 1
62.410000000000004 1
62.42 1
62.43 1
62.440000000000005 1
62.45 1
62.46 1
62.47 1
62.480000000000004 1
62.49 1
62.5 1
62.51 1
62.52 1
62.53 1
62.54 1
62.550000000000004 1
62.56 1
62.57 1
62.58 1
62.59 1
62.6 1
62.61 1
62.620000000000005 1
62.63 1
62.64 1
62.65 1
62.660000000000004 1
62.67 1
62.68 1
62.690000000000005 1
62.7 1
62.71 1
62.72 1
62.730000000000004 1
62.74 1
62.75 1
62.76 1
62.77 1
62.78 1
62.79 1
62.800000000000004 1
62.81 1
62.82 1
62.83 1
62.84 1
62.85 1
62.86 1
62.870000000000005 1
62.88 1
62.89 1
62.9 1
62.910000000000004 1
62.92 1
62.93 1
62.940000000000005 1
62.95 1
62.96 1
62.97 1
62.980000000000004 1
62.99 1
63.0 1
63.01 1
63.02 1
63.03 1
63.04 1
63.050000000000004 1
63.06 1
63.07 1
63.08 1
63.09 1
63.1 1
63.11 1
63.120000000000005 1
63.13 1
63.14 1
63.15 1
63.160000000000004 1
63.17 1
63.18 1
63.190000000000005 1
63.2 1
63.21 1
63.22 1
63.230000000000004 1
63.24 1
63.25 1
63.26 1
63.27 1
63.28 1
63.29 1
63.300000000000004 1
63.31 1
63.32 1
63.33 1
63.34 1
63.35 1
63.36 1
63.370000000000005 1
63.38 1
63.39 1
63.4 1
63.410000000000004 1
63.42 1
63.43 1
63.440000000000005 1
63.45 1
63.46 1
63.47 1
63.480000000000004 1
63.49 1
63.5 1
63.51 1
63.52 1
63.53 1
63.54 1
63.550000000000004 1
63.56 1
63.57 1
63.58 1
63.59 1
63.6 1
63.61 1
63.620000000000005 1
63.63 1
63.64 1
63.65 1
63.660000000000004 1
63.67 1
63.68 1
63.690000000000005 1
63.7 1
63.71 1
63.72 1
63.730000000000004 1
63.74 1
63.75 1
63.76 1
63.77 1
63.78 1
63.79 1
63.800000000000004 1
63.81 1
63.82 1
63.83 1
63.84 1
63.85 1
63.86 1
63.870000000000005 1
63.88 1
63.89 1
63.9 1
63.910000000000004 1
63.92 1
63.93 1
63.940000000000005 1
63.95 1
63.96 1
63.97 1
63.980000000000004 1
63.99 1
64.0 1
64.01 1
64.02 1
64.03 1
64.04 1
64.05 1
64.06 1
64.07000000000001 1
64.08 1
64.09 1
64.1 1
64.11 1
64.12 1
64.13 1
64.14 1
64.15 1
64.16 1
64.17 1
64.18 1
64.19 1
64.2 1
64.21000000000001 1
64.22 1
64.23 1
64.24 1
64.25 1
64.26 1
64.27 1
64.28 1
64.29 1
64.3 1
64.31 1
64.32000000000001 1
64.33 1
64.34 1
64.35 1
64.36 1
64.37 1
64.38 1
64.39 1
64.4 1
64.41 1
64.42 1
64.43 1
64.44 1
64.45 1
64.46000000000001 1
64.47 1
64.48 1
64.49 1
64.5 1
64.51 1
64.52 1
64.53 1
64.54 1
64.55 1
64.56 1
64.57000000000001 1
64.58 1
64.59 1
64.6 1
64.61 1
64.62 1
64.63 1
64.64 1
64.65 1
64.66 1
64.67 1
64.68 1
64.69 1
64.7 1
64.71000000000001 1
64.72 1
64.73 1
64.74 1
64.75 1
64.76 1
64.77 1
64.78 1
64.79 1
64.8 1
64.81 1
64.82000000000001 1
64.83 1
64.84 1
64.85 1
64.86 1
64.87 1
64.88 1
64.89 1
64.9 1
64.91 1
64.92 1
64.93 1
64.94 1
64.95 1
64.96000000000001 1
64.97 1
64.98 1
64.99 1
65.0 1
65.01 1
65.02 1
65.03 1
65.04 1
65.05 1
65.06 1
65.07000000000001 1
65.08 1
65.09 1
65.1 1
65.11 1
65.12 1
65.13 1
65.14 1
65.15 1
65.16 1
65.17 1
65.18 1
65.19 1
65.2 1
65.21000000000001 1
65.22 1
65.23 1
65.24 1
65.25 1
65.26 1
65.27 1
65.28 1
65.29 1
65.3 1
65.31 1
65.32000000000001 1
65.33 1
65.34 1
65.35 1
65.36 1
65.37 1
65.38 1
65.39 1
65.4 1
65.41 1
65.42 1
65.43 1
65.44 1
65.45 1
65.46000000000001 1
65.47 1
65.48 1
65.49 1
65.5 1
65.51 1
65.52 1
65.53 1
65.54 1
65.55 1
65.56 1
65.57000000000001 1
65.58 0
65.59 1
65.6 1
65.61 1
65.62 0
65.63 0
65.64 0
65.65 1
65.66 0
65.67 0
65.68 0
65.69 0
65.7 0
65.71000000000001 0
65.72 0
65.73 0
65.74 0
65.75 0
65.76 0
65.77 0
65.78 0
65.79 0
65.8 0
65.81 0
65.82000000000001 0
65.83 0
65.84 0
65.85 0
65.86 1
65.87 1
65.88 1
65.89 1
65.9 1
65.91 1
65.92 1
65.93 1
65.94 1
65.95 1
65.96000000000001 1
65.97 1
65.98 1
65.99 1
66.0 1
66.01 1
66.02 1
66.03 1
66.04 1
66.05 1
66.06 1
66.07000000000001 1
66.08 1
66.09 1
66.1 1
66.11 1
66.12 1
66.13 1
66.14 1
66.15 1
66.16 1
66.17 1
66.18 1
66.19 1
66.2 1
66.21000000000001 1
66.22 1
66.23 1
66.24 1
66.25 1
66.26 1
66.27 1
66.28 1
66.29 1
66.3 1
66.31 1
66.32000000000001 1
66.33 1
66.34 1
66.35 1
66.36 1
66.37 1
66.38 1
66.39 1
66.4 1
66.41 1
66.42 1
66.43 1
66.44 1
66.45 1
66.46000000000001 1
66.47 1
66.48 1
66.49 1
66.5 1
66.51 1
66.52 1
66.53 1
66.54 1
66.55 1
66.56 1
66.57000000000001 1
66.58 1
66.59 1
66.6 1
66.61 1
66.62 1
66.63 1
66.64 1
66.65 1
66.66 1
66.67 1
66.68 1
66.69 1
66.7 1
66.71000000000001 1
66.72 1
66.73 1
66.74 1
66.75 1
66.76 1
66.77 1
66.78 1
66.79 1
66.8 1
66.81 1
66.82000000000001 1
66.83 1
66.84 1
66.85 1
66.86 1
66.87 1
66.88 1
66.89 1
66.9 1
66.91 1
66.92 1
66.93 1
66.94 1
66.95 1
66.96000000000001 1
66.97 1
66.98 1
66.99 1
67.0 1
67.01 1
67.02 1
67.03 1
67.04 1
67.05 1
67.06 1
67.07000000000001 1
67.08 1
67.09 1
67.1 1
67.11 1
67.12 1
67.13 1
67.14 1
67.15 1
67.16 1
67.17 1
67.18 1
67.19 1
67.2 1
67.21000000000001 1
67.22 1
67.23 1
67.24 1
67.25 1
67.26 1
67.27 1
67.28 1
67.29 1
67.3 1
67.31 1
67.32000000000001 1
67.33 1
67.34 1
67.35 1
67.36 1
67.37 1
67.38 1
67.39 1
67.4 1
67.41 1
67.42 1
67.43 1
67.44 1
67.45 1
67.46000000000001 1
67.47 1
67.48 1
67.49 1
67.5 1
67.51 1
67.52 1
67.53 1
67.54 1
67.55 1
67.56 1
67.57000000000001 1
67.58 1
67.59 1
67.6 1
67.61 1
67.62 1
67.63 1
67.64 1
67.65 1
67.66 1
67.67 1
67.68 1
67.69 1
67.7 1
67.71000000000001 1
67.72 1
67.73 1
67.74 1
67.75 1
67.76 1
67.77 1
67.78 1
67.79 1
67.8 1
67.81 1
67.82000000000001 1
67.83 1
67.84 1
67.85 1
67.86 1
67.87 1
67.88 1
67.89 1
67.9 1
67.91 1
67.92 1
67.93 1
67.94 1
67.95 1
67.96000000000001 1
67.97 1
67.98 1
67.99 1
68.0 1
68.01 1
68.02 1
68.03 1
68.04 1
68.05 1
68.06 1
68.07000000000001 1
68.08 1
68.09 1
68.1 1
68.11 1
68.12 1
68.13 1
68.14 1
68.15 1
68.16 1
68.17 1
68.18 1
68.19 1
68.2 1
68.21000000000001 1
68.22 1
68.23 1
68.24 1
68.25 1
68.26 1
68.27 1
68.28 1
68.29 1
68.3 1
68.31 1
68.32000000000001 1
68.33 1
68.34 1
68.35000000000001 1
68.36 1
68.37 1
68.38 1
68.39 1
68.4 1
68.41 1
68.42 1
68.43 1
68.44 1
68.45 1
68.46000000000001 1
68.47 1
68.48 0
68.49 1
68.5 1
68.51 1
68.52 0
68.53 1
68.54 0
68.55 0
68.56 0
68.57000000000001 0
68.58 0
68.59 0
68.60000000000001 0
68.61 0
68.62 0
68.63 0
68.64 0
68.65 0
68.66 0
68.67 0
68.68 0
68.69 0
68.7 0
68.71000000000001 0
68.72 0
68.73 0
68.74 0
68.75 0
68.76 0
68.77 0
68.78 0
68.79 0
68.8 0
68.81 0
68.82000000000001 0
68.83 1
68.84 1
68.85000000000001 1
68.86 1
68.87 1
68.88 1
68.89 1
68.9 1
68.91 1
68.92 1
68.93 1
68.94 1
68.95 1
68.96000000000001 1
68.97 1
68.98 1
68.99 1
69.0 1
69.01 1
69.02 1
69.03 1
69.04 1
69.05 1
69.06 1
69.07000000000001 1
69.08 1
69.09 1
69.10000000000001 1
69.11 1
69.12 1
69.13 1
69.14 1
69.15 1
69.16 1
69.17 1
69.18 1
69.19 1
69.2 1
69.21000000000001 1
69.22 1
69.23 1
69.24 1
69.25 1
69.26 1
69.27 1
69.28 1
69.29 1
69.3 1
69.31 1
69.32000000000001 1
69.33 1
69.34 1
69.35000000000001 1
69.36 1
69.37 1
69.38 1
69.39 1
69.4 1
69.41 1
69.42 1
69.43 1
69.44 1
69.45 1
69.46000000000001 1
69.47 1
69.48 1
69.49 1
69.5 1
69.51 1
69.52 1
69.53 1
69.54 1
69.55 1
69.56 1
69.57000000000001 1
69.58 1
69.59 1
69.60000000000001 1
69.61 1
69.62 1
69.63 1
69.64 1
69.65 1
69.66 1
69.67 1
69.68 1
69.69 1
69.7 1
69.71000000000001 1
69.72 1
69.73 1
69.74 1
69.75 1
69.76 1
69.77 1
69.78 1
69.79 1
69.8 1
69.81 1
69.82000000000001 1
69.83 1
69.84 1
69.85000000000001 1
69.86 1
69.87 1
69.88 1
69.89 1
69.9 1
69.91 1
69.92 1
69.93 1
69.94 1
69.95 1
69.96000000000001 1
69.97 1
69.98 1
69.99 1
70.0 1
70.01 1
70.02 1
70.03 1
70.04 1
70.05 1
70.06 1
70.07000000000001 1
70.08 1
70.09 1
70.10000000000001 1
70.11 1
70.12 1
70.13 1
70.14 1
70.15 1
70.16 1
70.17 1
70.18 1
70.19 1
70.2 1
70.21000000000001 1
70.22 1
70.23 1
70.24 1
70.25 1
70.26 1
70.27 1
70.28 1
70.29 1
70.3 1
70.31 1
70.32000000000001 1
70.33 1
70.34 1
70.35000000000001 1
70.36 1
70.37 1
70.38 1
70.39 1
70.4 1
70.41 1
70.42 1
70.43 1
70.44 1
70.45 1
70.46000000000001 1
70.47 1
70.48 1
70.49 1
70.5 1
70.51 1
70.52 1
70.53 1
70.54 1
70.55 1
70.56 1
70.57000000000001 1
70.58 1
70.59 1
70.60000000000001 1
70.61 1
70.62 1
70.63 1
70.64 1
70.65 1
70.66 1
70.67 1
70.68 1
70.69 1
70.7 1
70.71000000000001 1
70.72 1
70.73 1
70.74 1
70.75 1
70.76 1
70.77 1
70.78 1
70.79 1
70.8 1
70.81 1
70.82000000000001 1
70.83 1
70.84 1
70.85000000000001 1
70.86 1
70.87 1
70.88 1
70.89 1
70.9 1
70.91 1
70.92 1
70.93 1
70.94 1
70.95 1
70.96000000000001 1
70.97 1
70.98 1
70.99 1
71.0 1
71.01 1
71.02 1
71.03 1
71.04 1
71.05 1
71.06 1
71.07000000000001 1
71.08 1
71.09 1
71.10000000000001 1
71.11 1
71.12 1
71.13 1
71.14 1
71.15 1
71.16 1
71.17 1
71.18 1
71.19 1
71.2 1
71.21000000000001 1
71.22 1
71.23 1
71.24 1
71.25 1
71.26 1
71.27 1
71.28 1
71.29 1
71.3 1
71.31 1
71.32000000000001 1
71.33 1
71.34 1
71.35000000000001 1
71.36 1
71.37 1
71.38 1
71.39 1
71.4 1
71.41 1
71.42 1
71.43 1
71.44 1
71.45 1
71.46000000000001 1
71.47 1
71.48 1
71.49 1
71.5 1
71.51 1
71.52 1
71.53 1
71.54 1
71.55 1
71.56 1
71.57000000000001 1
71.58 1
71.59 1
71.60000000000001 1
71.61 1
71.62 1
71.63 1
71.64 1
71.65 1
71.66 1
71.67 1
71.68 1
71.69 1
71.7 1
71.71000000000001 1
71.72 1
71.73 1
71.74 1
71.75 1
71.76 1
71.77 1
71.78 1
71.79 1
71.8 1
71.81 1
71.82000000000001 1
71.83 1
71.84 1
71.85000000000001 1
71.86 1
71.87 1
71.88 1
71.89 1
71.9 1
71.91 1
71.92 1
71.93 1
71.94 1
71.95 1
71.96000000000001 1
71.97 1
71.98 1
71.99 1
72.0 1
72.01 1
72.02 1
72.03 1
72.04 1
72.05 1
72.06 1
72.07000000000001 1
72.08 1
72.09 1
72.10000000000001 1
72.11 1
72.12 1
72.13 1
72.14 1
72.15 1
72.16 1
72.17 1
72.18 1
72.19 1
72.2 1
72.21000000000001 1
72.22 1
72.23 1
72.24 1
72.25 1
72.26 0
72.27 0
72.28 1
72.29 0
72.3 1
72.31 0
72.32000000000001 0
72.33 0
72.34 0
72.35000000000001 0
72.36 0
72.37 1
72.38 1
72.39 1
72.4 1
72.41 1
72.42 1
72.43 1
72.44 1
72.45 1
72.46000000000001 1
72.47 1
72.48 1
72.49 1
72.5 1
72.51 1
72.52 1
72.53 1
72.54 1
72.55 1
72.56 1
72.57000000000001 1
72.58 1
72.59 1
72.60000000000001 1
72.61 1
72.62 1
72.63 1
72.64 1
72.65 1
72.66 1
72.67 1
72.68 1
72.69 1
72.7 1
72.71000000000001 1
72.72 1
72.73 1
72.74 1
72.75 1
72.76 1
72.77 1
72.78 1
72.79 1
72.8 1
72.81 1
72.82000000000001 1
72.83 1
72.84 1
72.85000000000001 1
72.86 1
72.87 1
72.88 1
72.89 1
72.9 1
72.91 1
72.92 1
72.93 1
72.94 1
72.95 1
72.96000000000001 1
72.97 1
72.98 1
72.99 1
73.0 1
73.01 1
73.02 1
73.03 1
73.04 1
73.05 1
73.06 1
73.07000000000001 1
73.08 1
73.09 1
73.10000000000001 1
73.11 1
73.12 1
73.13 1
73.14 1
73.15 1
73.16 1
73.17 1
73.18 1
73.19 1
73.2 1
73.21000000000001 1
73.22 1
73.23 1
73.24 1
73.25 1
73.26 1
73.27 1
73.28 1
73.29 1
73.3 1
73.31 1
73.32000000000001 1
73.33 1
73.34 1
73.35000000000001 1
73.36 1
73.37 1
73.38 1
73.39 1
73.4 1
73.41 1
73.42 1
73.43 1
73.44 1
73.45 1
73.46000000000001 1
73.47 1
73.48 1
73.49 1
73.5 1
73.51 1
73.52 1
73.53 1
73.54 1
73.55 1
73.56 1
73.57000000000001 1
73.58 1
73.59 1
73.60000000000001 1
73.61 1
73.62 1
73.63 1
73.64 1
73.65 1
73.66 1
73.67 1
73.68 1
73.69 1
73.7 1
73.71000000000001 1
73.72 1
73.73 1
73.74 1
73.75 1
73.76 1
73.77 1
73.78 1
73.79 1
73.8 1
73.81 1
73.82000000000001 1
73.83 1
73.84 1
73.85000000000001 1
73.86 1
73.87 1
73.88 1
73.89 1
73.9 1
73.91 1
73.92 1
73.93 1
73.94 1
73.95 1
73.96000000000001 1
73.97 1
73.98 1
73.99 1
74.0 1
74.01 1
74.02 1
74.03 1
74.04 1
74.05 1
74.06 1
74.07000000000001 1
74.08 1
74.09 1
74.10000000000001 1
74.11 1
74.12 1
74.13 1
74.14 1
74.15 1
74.16 1
74.17 1
74.18 1
74.19 1
74.2 1
74.21000000000001 1
74.22 1
74.23 1
74.24 1
74.25 1
74.26 1
74.27 1
74.28 1
74.29 1
74.3 1
74.31 1
74.32000000000001 1
74.33 1
74.34 1
74.35000000000001 1
74.36 1
74.37 1
74.38 1
74.39 1
74.4 1
74.41 1
74.42 1
74.43 1
74.44 1
74.45 1
74.46000000000001 1
74.47 1
74.48 1
74.49 1
74.5 1
74.51 1
74.52 1
74.53 1
74.54 1
74.55 1
74.56 1
74.57000000000001 1
74.58 1
74.59 1
74.60000000000001 1
74.61 1
74.62 1
74.63 1
74.64 1
74.65 1
74.66 1
74.67 1
74.68 1
74.69 1
74.7 1
74.71000000000001 1
74.72 1
74.73 1
74.74 1
74.75 1
74.76 1
74.77 1
74.78 1
74.79 1
74.8 1
74.81 1
74.82000000000001 1
74.83 1
74.84 1
74.85000000000001 1
74.86 1
74.87 1
74.88 1
74.89 1
74.9 1
74.91 1
74.92 1
74.93 1
74.94 1
74.95 1
74.96000000000001 1
74.97 1
74.98 1
74.99 1
75.0 1
75.01 1
75.02 1
75.03 1
75.04 1
75.05 1
75.06 1
75.07000000000001 1
75.08 1
75.09 1
75.10000000000001 1
75.11 1
75.12 1
75.13 1
75.14 1
75.15 1
75.16 1
75.17 1
75.18 1
75.19 1
75.2 1
75.21000000000001 1
75.22 1
75.23 1
75.24 1
75.25 1
75.26 1
75.27 1
75.28 1
75.29 1
75.3 1
75.31 1
75.32000000000001 1
75.33 1
75.34 1
75.35000000000001 1
75.36 1
75.37 1
75.38 1
75.39 1
75.4 1
75.41 1
75.42 1
75.43 1
75.44 1
75.45 1
75.46000000000001 1
75.47 1
75.48 1
75.49 1
75.5 1
75.51 1
75.52 1
75.53 1
75.54 1
75.55 1
75.56 1
75.57000000000001 1
75.58 1
75.59 1
75.60000000000001 1
75.61 1
75.62 1
75.63 1
75.64 1
75.65 1
75.66 1
75.67 1
75.68 1
75.69 1
75.7 1
75.71000000000001 1
75.72 1
75.73 1
75.74 1
75.75 1
75.76 1
75.77 1
75.78 1
75.79 1
75.8 1
75.81 1
75.82000000000001 1
75.83 1
75.84 1
75.85000000000001 1
75.86 1
75.87 1
75.88 1
75.89 1
75.9 1
75.91 1
75.92 1
75.93 1
75.94 1
75.95 1
75.96000000000001 1
75.97 1
75.98 1
75.99 1
76.0 1
76.01 1
76.02 1
76.03 1
76.04 1
76.05 1
76.06 1
76.07000000000001 1
76.08 1
76.09 1
76.10000000000001 1
76.11 1
76.12 1
76.13 1
76.14 1
76.15 1
76.16 1
76.17 1
76.18 1
76.19 1
76.2 1
76.21000000000001 1
76.22 1
76.23 1
76.24 1
76.25 1
76.26 1
76.27 1
76.28 1
76.29 1
76.3 1
76.31 1
76.32000000000001 1
76.33 1
76.34 1
76.35000000000001 1
76.36 1
76.37 1
76.38 1
76.39 1
76.4 1
76.41 1
76.42 1
76.43 1
76.44 1
76.45 1
76.46000000000001 1
76.47 1
76.48 1
76.49 1
76.5 1
76.51 1
76.52 1
76.53 1
76.54 1
76.55 1
76.56 1
76.57000000000001 1
76.58 1
76.59 1
76.60000000000001 1
76.61 1
76.62 1
76.63 1
76.64 1
76.65 1
76.66 1
76.67 1
76.68 1
76.69 1
76.7 1
76.71000000000001 1
76.72 1
76.73 1
76.74 1
76.75 1
76.76 1
76.77 1
76.78 1
76.79 1
76.8 1
76.81 1
76.82000000000001 1
76.83 1
76.84 1
76.85000000000001 1
76.86 1
76.87 1
76.88 1
76.89 1
76.9 1
76.91 1
76.92 1
76.93 1
76.94 1
76.95 1
76.96000000000001 1
76.97 1
76.98 1
76.99 1
77.0 1
77.01 1
77.02 1
77.03 1
77.04 1
77.05 1
77.06 1
77.07000000000001 1
77.08 1
77.09 1
77.10000000000001 1
77.11 1
77.12 1
77.13 1
77.14 1
77.15 1
77.16 1
77.17 1
77.18 1
77.19 1
77.2 1
77.21000000000001 1
77.22 1
77.23 1
77.24 1
77.25 1
77.26 1
77.27 1
77.28 1
77.29 1
77.3 1
77.31 1
77.32000000000001 1
77.33 1
77.34 1
77.35000000000001 1
77.36 1
77.37 1
77.38 1
77.39 1
77.4 1
77.41 1
77.42 1
77.43 1
77.44 1
77.45 1
77.46000000000001 1
77.47 1
77.48 1
77.49 1
77.5 1
77.51 1
77.52 1
77.53 1
77.54 1
77.55 1
77.56 1
77.57000000000001 1
77.58 1
77.59 1
77.60000000000001 1
77.61 1
77.62 1
77.63 1
77.64 1
77.65 1
77.66 1
77.67 1
77.68 1
77.69 1
77.7 1
77.71000000000001 1
77.72 1
77.73 1
77.74 1
77.75 1
77.76 1
77.77 1
77.78 1
77.79 1
77.8 1
77.81 1
77.82000000000001 1
77.83 1
77.84 1
77.85000000000001 1
77.86 1
77.87 1
77.88 1
77.89 1
77.9 1
77.91 1
77.92 1
77.93 1
77.94 1
77.95 1
77.96000000000001 1
77.97 1
77.98 1
77.99 1
78.0 1
78.01 1
78.02 1
78.03 1
78.04 1
78.05 1
78.06 1
78.07000000000001 1
78.08 1
78.09 1
78.10000000000001 1
78.11 1
78.12 1
78.13 1
78.14 1
78.15 1
78.16 1
78.17 1
78.18 1
78.19 1
78.2 1
78.21000000000001 1
78.22 1
78.23 1
78.24 1
78.25 1
78.26 1
78.27 1
78.28 1
78.29 1
78.3 1
78.31 1
78.32000000000001 1
78.33 1
78.34 1
78.35000000000001 1
78.36 1
78.37 1
78.38 1
78.39 1
78.4 1
78.41 1
78.42 1
78.43 1
78.44 1
78.45 1
78.46000000000001 1
78.47 1
78.48 1
78.49 1
78.5 1
78.51 1
78.52 1
78.53 1
78.54 1
78.55 1
78.56 1
78.57000000000001 1
78.58 1
78.59 1
78.60000000000001 1
78.61 1
78.62 1
78.63 1
78.64 1
78.65 1
78.66 1
78.67 1
78.68 1
78.69 1
78.7 1
78.71000000000001 1
78.72 1
78.73 1
78.74 1
78.75 1
78.76 1
78.77 1
78.78 1
78.79 1
78.8 0
78.81 0
78.82000000000001 0
78.83 1
78.84 0
78.85000000000001 0
78.86 0
78.87 0
78.88 0
78.89 0
78.9 0
78.91 0
78.92 1
78.93 0
78.94 0
78.95 0
78.96000000000001 0
78.97 0
78.98 0
78.99 0
79.0 0
79.01 0
79.02 0
79.03 0
79.04 0
79.05 0
79.06 0
79.07000000000001 0
79.08 0
79.09 0
79.10000000000001 0
79.11 0
79.12 0
79.13 0
79.14 0
79.15 0
79.16 0
79.17 0
79.18 0
79.19 0
79.2 0
79.21000000000001 0
79.22 0
79.23 0
79.24 0
79.25 0
79.26 0
79.27 0
79.28 0
79.29 0
79.3 0
79.31 0
79.32000000000001 0
79.33 0
79.34 0
79.35000000000001 0