0.00 0.00
1.00 0.00
2.00 0.00
3.00 0.00
4.00 0.00
5.00 0.00
6.00 0.00
7.00 0.00
8.00 0.00
9.00 0.00
10.00 0.00
11.00 0.00
12.00 0.00
13.00 0.00
14.00 0.00
15.00 0.00
16.00 0.00
17.00 0.00
18.00 0.00
19.00 0.00
20.00 0.00
21.00 0.00
22.00 0.00
23.00 0.00
24.00 0.00
25.00 0.00
26.00 0.00
27.00 0.00
28.00 0.00
29.00 0.00
30.00 0.00
31.00 0.00
32.00 0.00
33.00 0.00
34.00 0.00
35.00 0.00
36.00 0.00
37.00 0.00
38.00 0.00
39.00 0.00
40.00 0.00
41.00 0.00
42.00 0.00
43.00 0.00
44.00 0.00
45.00 0.00
46.00 0.00
47.00 0.00
48.00 0.00
49.00 0.00
50.00 0.00
51.00 0.00
52.00 0.00
53.00 0.00
54.00 0.00
55.00 0.00
56.00 0.00
57.00 0.00
58.00 0.00
59.00 0.00
60.00 0.00
61.00 0.00
62.00 0.00
63.00 0.00
64.00 0.00
65.00 0.00
66.00 0.00
67.00 0.00
68.00 0.00
69.00 0.00
70.00 0.00
71.00 0.00
72.00 0.00
73.00 0.00
74.00 0.00
75.00 0.00
76.00 0.00
77.00 0.00
78.00 0.00
79.00 0.00
80.00 0.00
81.00 0.00
82.00 0.00
83.00 0.00
84.00 0.00
85.00 0.00
86.00 0.00
87.00 0.00
88.00 0.00
89.00 0.00
90.00 0.00
91.00 0.00
92.00 0.00
93.00 0.00
94.00 0.00
95.00 0.00
96.00 0.00
97.00 0.00
98.00 0.00
99.00 0.00
100.00 0.00
101.00 0.00
102.00 0.00
103.00 0.00
104.00 0.00
105.00 0.00
106.00 0.00
107.00 0.00
108.00 0.00
109.00 0.00
110.00 0.00
111.00 0.00
112.00 0.00
113.00 0.00
114.00 0.00
115.00 0.00
116.00 0.00
117.00 0.00
118.00 0.00
119.00 0.00
120.00 0.00
121.00 0.00
122.00 0.00
123.00 0.00
124.00 0.00
125.00 0.00
126.00 0.00
127.00 0.00
128.00 0.00
129.00 0.00
130.00 0.00
131.00 0.00
132.00 0.00
133.00 0.00
134.00 0.00
135.00 0.00
136.00 0.00
137.00 0.00
138.00 0.00
139.00 0.00
140.00 0.00
141.00 0.00
142.00 0.00
143.00 0.00
144.00 0.00
145.00 0.00
146.00 0.00
147.00 0.00
148.00 0.00
149.00 0.00
150.00 0.00
151.00 0.00
152.00 0.00
153.00 0.00
154.00 0.00
155.00 0.00
156.00 0.00
157.00 0.00
158.00 0.00
159.00 0.00
160.00 0.00
161.00 0.00
162.00 0.00
163.00 0.00
164.00 0.00
165.00 0.00
166.00 0.00
167.00 0.00
168.00 0.00
169.00 0.00
170.00 0.00
171.00 0.00
172.00 0.00
173.00 0.00
174.00 0.00
175.00 0.00
176.00 0.00
177.00 0.00
178.00 0.00
179.00 0.00
180.00 0.00
181.00 0.00
182.00 0.00
183.00 0.00
184.00 0.00
185.00 0.00
186.00 0.00
187.00 0.00
188.00 0.00
189.00 0.00
190.00 0.00
191.00 0.00
192.00 0.00
193.00 0.00
194.00 0.00
195.00 0.00
196.00 0.00
197.00 0.00
198.00 0.00
199.00 0.00
200.00 0.00
201.00 0.00
202.00 0.00
203.00 0.00
204.00 0.00
205.00 0.00
206.00 0.00
207.00 0.00
208.00 0.00
209.00 0.00
210.00 0.00
211.00 0.00
212.00 0.00
213.00 0.00
214.00 0.00
215.00 0.00
216.00 0.00
217.00 0.00
218.00 0.00
219.00 0.00
220.00 0.00
221.00 0.00
222.00 0.00
223.00 0.00
224.00 0.00
225.00 0.00
226.00 0.00
227.00 0.00
228.00 0.00
229.00 0.00
230.00 0.00
231.00 0.00
232.00 0.00
233.00 0.00
234.00 0.00
235.00 0.00
236.00 0.00
237.00 0.00
238.00 0.00
239.00 0.00
240.00 0.00
241.00 0.00
242.00 0.00
243.00 0.00
244.00 0.00
245.00 0.00
246.00 0.00
247.00 0.00
248.00 0.00
249.00 0.00
250.00 0.00
251.00 0.00
252.00 0.00
253.00 0.00
254.00 0.00
255.00 0.00
256.00 0.00
257.00 0.00
258.00 0.00
259.00 0.00
260.00 0.00
261.00 0.00
262.00 0.00
263.00 206.01
264.00 203.52
265.00 199.92
266.00 197.77
267.00 196.25
268.00 195.87
269.00 196.21
270.00 196.72
271.00 197.57
272.00 198.16
273.00 198.17
274.00 198.01
275.00 0.00
276.00 0.00
277.00 0.00
278.00 0.00
279.00 198.85
280.00 199.44
281.00 199.84
282.00 200.25
283.00 200.29
284.00 200.26
285.00 199.88
286.00 199.51
287.00 198.97
288.00 198.70
289.00 198.25
290.00 197.69
291.00 197.01
292.00 0.00
293.00 0.00
294.00 0.00
295.00 0.00
296.00 0.00
297.00 0.00
298.00 0.00
299.00 0.00
300.00 0.00
301.00 0.00
302.00 0.00
303.00 0.00
304.00 0.00
305.00 0.00
306.00 0.00
307.00 0.00
308.00 0.00
309.00 0.00
310.00 0.00
311.00 0.00
312.00 0.00
313.00 0.00
314.00 0.00
315.00 0.00
316.00 0.00
317.00 0.00
318.00 0.00
319.00 0.00
320.00 0.00
321.00 0.00
322.00 0.00
323.00 0.00
324.00 0.00
325.00 0.00
326.00 0.00
327.00 0.00
328.00 0.00
329.00 0.00
330.00 0.00
331.00 0.00
332.00 237.41
333.00 236.57
334.00 236.18
335.00 235.59
336.00 235.86
337.00 235.51
338.00 235.74
339.00 237.24
340.00 238.61
341.00 240.10
342.00 241.33
343.00 242.38
344.00 243.04
345.00 244.23
346.00 244.86
347.00 244.45
348.00 244.15
349.00 243.95
350.00 243.71
351.00 243.41
352.00 242.97
353.00 242.17
354.00 241.36
355.00 240.78
356.00 240.53
357.00 240.40
358.00 240.60
359.00 241.08
360.00 241.92
361.00 242.82
362.00 244.08
363.00 244.25
364.00 244.37
365.00 244.49
366.00 244.20
367.00 244.06
368.00 243.73
369.00 243.58
370.00 243.19
371.00 242.68
372.00 242.26
373.00 242.21
374.00 242.45
375.00 242.39
376.00 242.03
377.00 241.91
378.00 241.55
379.00 241.26
380.00 241.12
381.00 241.19
382.00 241.39
383.00 241.67
384.00 241.88
385.00 242.19
386.00 242.95
387.00 243.68
388.00 244.23
389.00 244.71
390.00 244.28
391.00 243.43
392.00 242.53
393.00 241.83
394.00 241.56
395.00 241.71
396.00 241.92
397.00 241.89
398.00 241.76
399.00 241.52
400.00 241.15
401.00 240.82
402.00 240.47
403.00 240.40
404.00 240.61
405.00 241.03
406.00 241.58
407.00 241.74
408.00 241.43
409.00 241.06
410.00 241.27
411.00 241.43
412.00 241.30
413.00 241.08
414.00 240.68
415.00 239.79
416.00 239.73
417.00 240.22
418.00 240.89
419.00 241.49
420.00 241.75
421.00 242.53
422.00 243.43
423.00 244.07
424.00 245.04
425.00 245.57
426.00 245.09
427.00 244.73
428.00 244.17
429.00 243.59
430.00 243.47
431.00 243.48
432.00 243.25
433.00 242.78
434.00 242.29
435.00 241.74
436.00 241.31
437.00 241.34
438.00 241.75
439.00 242.05
440.00 242.52
441.00 243.10
442.00 243.69
443.00 244.07
444.00 244.10
445.00 243.69
446.00 243.31
447.00 242.80
448.00 242.61
449.00 242.65
450.00 242.51
451.00 242.29
452.00 242.10
453.00 242.08
454.00 242.36
455.00 242.43
456.00 242.56
457.00 242.83
458.00 243.18
459.00 243.45
460.00 243.55
461.00 243.57
462.00 243.22
463.00 242.94
464.00 242.77
465.00 242.37
466.00 241.82
467.00 241.28
468.00 241.33
469.00 241.22
470.00 239.67
471.00 0.00
472.00 0.00
473.00 0.00
474.00 0.00
475.00 0.00
476.00 0.00
477.00 0.00
478.00 0.00
479.00 0.00
480.00 0.00
481.00 0.00
482.00 0.00
483.00 0.00
484.00 0.00
485.00 0.00
486.00 0.00
487.00 0.00
488.00 0.00
489.00 0.00
490.00 0.00
491.00 0.00
492.00 0.00
493.00 0.00
494.00 0.00
495.00 0.00
496.00 0.00
497.00 0.00
498.00 0.00
499.00 0.00
500.00 0.00
501.00 0.00
502.00 0.00
503.00 0.00
504.00 0.00
505.00 0.00
506.00 0.00
507.00 0.00
508.00 0.00
509.00 0.00
510.00 0.00
511.00 0.00
512.00 0.00
513.00 0.00
514.00 0.00
515.00 0.00
516.00 0.00
517.00 0.00
518.00 0.00
519.00 0.00
520.00 0.00
521.00 0.00
522.00 0.00
523.00 0.00
524.00 0.00
525.00 0.00
526.00 0.00
527.00 0.00
528.00 0.00
529.00 0.00
530.00 0.00
531.00 0.00
532.00 0.00
533.00 0.00
534.00 0.00
535.00 0.00
536.00 249.07
537.00 251.66
538.00 252.66
539.00 251.51
540.00 250.42
541.00 247.83
542.00 243.93
543.00 241.85
544.00 237.86
545.00 234.97
546.00 233.02
547.00 227.90
548.00 150.17
549.00 151.52
550.00 114.69
551.00 114.87
552.00 115.20
553.00 115.46
554.00 123.78
555.00 129.41
556.00 131.66
557.00 134.43
558.00 135.64
559.00 137.74
560.00 140.01
561.00 144.32
562.00 147.51
563.00 150.18
564.00 152.64
565.00 155.72
566.00 157.79
567.00 159.16
568.00 160.24
569.00 162.45
570.00 163.59
571.00 164.66
572.00 165.85
573.00 166.17
574.00 166.60
575.00 167.18
576.00 167.64
577.00 168.80
578.00 169.48
579.00 169.17
580.00 169.35
581.00 169.26
582.00 169.35
583.00 170.10
584.00 170.32
585.00 171.43
586.00 172.33
587.00 173.08
588.00 174.64
589.00 175.25
590.00 175.95
591.00 176.76
592.00 177.54
593.00 177.77
594.00 177.02
595.00 176.89
596.00 176.27
597.00 175.82
598.00 175.39
599.00 175.01
600.00 174.68
601.00 174.09
602.00 173.99
603.00 174.40
604.00 174.62
605.00 175.34
606.00 175.67
607.00 175.94
608.00 176.06
609.00 175.83
610.00 176.28
611.00 176.71
612.00 177.54
613.00 178.14
614.00 178.27
615.00 177.93
616.00 177.58
617.00 177.28
618.00 176.96
619.00 176.61
620.00 176.20
621.00 175.79
622.00 175.74
623.00 176.10
624.00 176.46
625.00 176.90
626.00 177.16
627.00 177.01
628.00 177.00
629.00 177.10
630.00 177.83
631.00 178.45
632.00 178.63
633.00 178.93
634.00 178.83
635.00 178.78
636.00 178.58
637.00 178.16
638.00 178.29
639.00 178.14
640.00 178.60
641.00 178.55
642.00 178.81
643.00 179.07
644.00 179.26
645.00 179.17
646.00 179.06
647.00 179.05
648.00 178.85
649.00 178.47
650.00 178.23
651.00 177.87
652.00 177.57
653.00 177.01
654.00 176.68
655.00 176.18
656.00 176.20
657.00 176.26
658.00 176.82
659.00 176.82
660.00 176.77
661.00 176.76
662.00 177.11
663.00 178.07
664.00 178.73
665.00 179.31
666.00 179.51
667.00 179.53
668.00 179.47
669.00 179.04
670.00 178.37
671.00 177.66
672.00 177.27
673.00 177.23
674.00 177.10
675.00 176.48
676.00 176.12
677.00 175.74
678.00 175.87
679.00 175.92
680.00 175.89
681.00 175.90
682.00 175.93
683.00 175.99
684.00 176.26
685.00 177.27
686.00 178.08
687.00 178.30
688.00 178.04
689.00 177.52
690.00 177.65
691.00 177.82
692.00 177.79
693.00 178.07
694.00 178.60
695.00 179.23
696.00 179.94
697.00 180.30
698.00 180.62
699.00 180.77
700.00 180.76
701.00 180.20
702.00 179.74
703.00 179.38
704.00 178.94
705.00 178.56
706.00 177.73
707.00 176.62
708.00 176.02
709.00 175.85
710.00 176.40
711.00 176.79
712.00 177.07
713.00 177.05
714.00 177.12
715.00 177.63
716.00 177.97
717.00 178.50
718.00 179.16
719.00 179.24
720.00 179.32
721.00 179.46
722.00 179.28
723.00 178.82
724.00 178.45
725.00 178.18
726.00 177.74
727.00 177.40
728.00 177.09
729.00 176.91
730.00 176.45
731.00 176.04
732.00 175.93
733.00 175.75
734.00 175.89
735.00 176.32
736.00 177.08
737.00 177.70
738.00 178.27
739.00 178.53
740.00 178.69
741.00 177.84
742.00 176.35
743.00 173.06
744.00 168.77
745.00 165.75
746.00 162.54
747.00 159.87
748.00 159.45
749.00 160.99
750.00 163.07
751.00 165.30
752.00 167.29
753.00 169.17
754.00 171.98
755.00 173.30
756.00 175.24
757.00 176.12
758.00 176.99
759.00 178.21
760.00 178.97
761.00 179.74
762.00 180.17
763.00 180.09
764.00 179.95
765.00 179.94
766.00 179.71
767.00 179.27
768.00 179.02
769.00 178.71
770.00 178.25
771.00 178.37
772.00 178.32
773.00 178.45
774.00 178.24
775.00 177.84
776.00 178.02
777.00 177.86
778.00 178.17
779.00 178.76
780.00 179.05
781.00 179.53
782.00 180.22
783.00 180.24
784.00 180.69
785.00 180.88
786.00 180.58
787.00 179.84
788.00 179.59
789.00 178.81
790.00 178.40
791.00 178.73
792.00 178.91
793.00 179.55
794.00 179.95
795.00 179.72
796.00 179.82
797.00 179.85
798.00 180.19
799.00 181.59
800.00 182.57
801.00 182.88
802.00 183.50
803.00 183.91
804.00 184.02
805.00 183.89
806.00 183.67
807.00 183.46
808.00 183.50
809.00 182.98
810.00 182.75
811.00 181.93
812.00 181.00
813.00 180.70
814.00 180.38
815.00 179.93
816.00 178.98
817.00 177.64
818.00 175.52
819.00 172.90
820.00 169.50
821.00 0.00
822.00 0.00
823.00 0.00
824.00 0.00
825.00 0.00
826.00 0.00
827.00 0.00
828.00 0.00
829.00 0.00
830.00 0.00
831.00 0.00
832.00 0.00
833.00 0.00
834.00 0.00
835.00 0.00
836.00 0.00
837.00 0.00
838.00 0.00
839.00 0.00
840.00 0.00
841.00 0.00
842.00 0.00
843.00 0.00
844.00 0.00
845.00 0.00
846.00 0.00
847.00 0.00
848.00 0.00
849.00 0.00
850.00 0.00
851.00 0.00
852.00 0.00
853.00 0.00
854.00 0.00
855.00 0.00
856.00 0.00
857.00 0.00
858.00 0.00
859.00 0.00
860.00 0.00
861.00 0.00
862.00 0.00
863.00 0.00
864.00 0.00
865.00 0.00
866.00 0.00
867.00 0.00
868.00 0.00
869.00 0.00
870.00 0.00
871.00 0.00
872.00 0.00
873.00 0.00
874.00 0.00
875.00 131.86
876.00 132.15
877.00 131.77
878.00 130.08
879.00 126.41
880.00 128.36
881.00 128.76
882.00 129.89
883.00 130.68
884.00 133.13
885.00 136.37
886.00 136.71
887.00 137.89
888.00 139.79
889.00 141.92
890.00 144.69
891.00 146.65
892.00 149.82
893.00 152.81
894.00 154.59
895.00 156.40
896.00 158.03
897.00 160.43
898.00 161.50
899.00 162.10
900.00 162.86
901.00 163.23
902.00 163.72
903.00 164.15
904.00 165.05
905.00 166.53
906.00 167.21
907.00 167.43
908.00 167.92
909.00 168.51
910.00 169.08
911.00 169.08
912.00 169.18
913.00 169.95
914.00 171.12
915.00 171.79
916.00 171.86
917.00 172.16
918.00 172.19
919.00 172.16
920.00 172.44
921.00 172.47
922.00 172.56
923.00 172.42
924.00 172.72
925.00 173.15
926.00 173.41
927.00 174.46
928.00 175.32
929.00 176.03
930.00 176.63
931.00 177.19
932.00 177.70
933.00 178.20
934.00 178.19
935.00 177.95
936.00 178.28
937.00 178.66
938.00 178.47
939.00 177.92
940.00 177.60
941.00 177.43
942.00 177.01
943.00 176.74
944.00 176.93
945.00 176.24
946.00 175.87
947.00 175.96
948.00 176.32
949.00 176.08
950.00 176.12
951.00 176.11
952.00 175.76
953.00 176.21
954.00 176.70
955.00 177.33
956.00 177.87
957.00 178.16
958.00 178.22
959.00 178.19
960.00 178.02
961.00 177.76
962.00 178.16
963.00 178.63
964.00 178.38
965.00 178.17
966.00 178.52
967.00 178.45
968.00 178.35
969.00 178.84
970.00 179.72
971.00 180.18
972.00 180.70
973.00 180.75
974.00 180.42
975.00 179.72
976.00 178.89
977.00 178.31
978.00 178.35
979.00 178.31
980.00 178.06
981.00 178.19
982.00 177.89
983.00 177.99
984.00 178.09
985.00 178.45
986.00 178.32
987.00 178.69
988.00 179.66
989.00 180.40
990.00 180.92
991.00 181.37
992.00 181.80
993.00 183.08
994.00 185.10
995.00 185.25
996.00 184.90
997.00 184.68
998.00 184.14
999.00 183.41
1000.00 183.09
1001.00 182.54
1002.00 182.60
1003.00 182.76
1004.00 182.93
1005.00 183.18
1006.00 183.54
1007.00 183.42
1008.00 183.72
1009.00 184.20
1010.00 184.71
1011.00 185.47
1012.00 186.23
1013.00 186.46
1014.00 186.85
1015.00 187.00
1016.00 186.63
1017.00 185.93
1018.00 185.27
1019.00 184.90
1020.00 184.38
1021.00 183.72
1022.00 183.37
1023.00 183.02
1024.00 182.20
1025.00 181.86
1026.00 181.38
1027.00 180.85
1028.00 180.11
1029.00 179.26
1030.00 179.39
1031.00 179.36
1032.00 178.31
1033.00 176.07
1034.00 173.97
1035.00 173.62
1036.00 173.91
1037.00 174.72
1038.00 176.00
1039.00 176.59
1040.00 177.14
1041.00 177.53
1042.00 178.13
1043.00 178.00
1044.00 178.04
1045.00 178.33
1046.00 178.52
1047.00 178.63
1048.00 178.95
1049.00 179.17
1050.00 179.15
1051.00 178.72
1052.00 178.12
1053.00 178.10
1054.00 178.12
1055.00 177.89
1056.00 178.26
1057.00 178.85
1058.00 179.07
1059.00 178.91
1060.00 179.05
1061.00 179.51
1062.00 180.02
1063.00 180.36
1064.00 180.90
1065.00 181.28
1066.00 181.91
1067.00 182.43
1068.00 182.94
1069.00 183.98
1070.00 184.78
1071.00 185.31
1072.00 185.95
1073.00 185.63
1074.00 185.50
1075.00 185.35
1076.00 184.62
1077.00 182.82
1078.00 180.20
1079.00 177.23
1080.00 174.68
1081.00 169.59
1082.00 166.54
1083.00 165.79
1084.00 166.13
1085.00 168.33
1086.00 171.60
1087.00 172.56
1088.00 174.29
1089.00 175.75
1090.00 178.22
1091.00 179.17
1092.00 178.11
1093.00 175.24
1094.00 170.09
1095.00 163.89
1096.00 156.86
1097.00 152.37
1098.00 151.98
1099.00 151.16
1100.00 150.90
1101.00 152.30
1102.00 153.54
1103.00 154.47
1104.00 155.57
1105.00 156.13
1106.00 155.60
1107.00 155.75
1108.00 155.48
1109.00 155.64
1110.00 154.87
1111.00 154.44
1112.00 154.38
1113.00 154.46
1114.00 154.23
1115.00 154.04
1116.00 152.58
1117.00 150.98
1118.00 148.94
1119.00 147.18
1120.00 145.35
1121.00 142.73
1122.00 139.49
1123.00 136.46
1124.00 134.45
1125.00 132.93
1126.00 131.74
1127.00 131.15
1128.00 130.46
1129.00 130.69
1130.00 130.55
1131.00 130.64
1132.00 131.18
1133.00 131.75
1134.00 131.96
1135.00 132.69
1136.00 132.78
1137.00 132.45
1138.00 131.86
1139.00 131.24
1140.00 131.75
1141.00 131.38
1142.00 131.21
1143.00 130.41
1144.00 130.63
1145.00 130.90
1146.00 131.16
1147.00 131.19
1148.00 131.08
1149.00 131.20
1150.00 131.06
1151.00 130.52
1152.00 130.34
1153.00 131.14
1154.00 130.65
1155.00 130.18
1156.00 130.06
1157.00 129.41
1158.00 129.04
1159.00 129.15
1160.00 128.43
1161.00 128.59
1162.00 128.15
1163.00 129.29
1164.00 130.02
1165.00 131.60
1166.00 133.20
1167.00 134.50
1168.00 136.49
1169.00 138.03
1170.00 139.14
1171.00 139.21
1172.00 138.62
1173.00 136.57
1174.00 134.64
1175.00 134.07
1176.00 133.46
1177.00 132.45
1178.00 132.08
1179.00 132.60
1180.00 133.06
1181.00 133.65
1182.00 134.22
1183.00 135.20
1184.00 136.44
1185.00 137.22
1186.00 137.75
1187.00 137.80
1188.00 138.00
1189.00 138.24
1190.00 138.04
1191.00 137.74
1192.00 137.85
1193.00 138.30
1194.00 139.03
1195.00 139.90
1196.00 140.78
1197.00 140.44
1198.00 140.23
1199.00 140.20
1200.00 140.34
1201.00 140.23
1202.00 140.02
1203.00 139.70
1204.00 139.68
1205.00 139.71
1206.00 140.06
1207.00 141.01
1208.00 142.05
1209.00 142.24
1210.00 141.60
1211.00 141.65
1212.00 142.44
1213.00 142.77
1214.00 142.37
1215.00 142.65
1216.00 142.84
1217.00 143.35
1218.00 142.65
1219.00 142.66
1220.00 143.40
1221.00 143.64
1222.00 142.74
1223.00 142.54
1224.00 142.65
1225.00 142.36
1226.00 141.83
1227.00 141.13
1228.00 141.23
1229.00 141.86
1230.00 142.39
1231.00 142.02
1232.00 142.22
1233.00 143.10
1234.00 143.91
1235.00 143.41
1236.00 143.70
1237.00 144.69
1238.00 144.67
1239.00 144.80
1240.00 145.88
1241.00 145.61
1242.00 145.78
1243.00 145.98
1244.00 145.92
1245.00 145.85
1246.00 144.73
1247.00 144.77
1248.00 144.47
1249.00 143.78
1250.00 143.63
1251.00 144.04
1252.00 143.74
1253.00 143.28
1254.00 143.65
1255.00 144.83
1256.00 144.52
1257.00 144.78
1258.00 145.45
1259.00 145.36
1260.00 145.94
1261.00 145.55
1262.00 145.65
1263.00 145.11
1264.00 145.09
1265.00 144.68
1266.00 144.61
1267.00 145.41
1268.00 144.81
1269.00 146.24
1270.00 147.23
1271.00 147.46
1272.00 148.41
1273.00 147.96
1274.00 147.73
1275.00 147.02
1276.00 146.75
1277.00 145.95
1278.00 144.85
1279.00 145.04
1280.00 144.83
1281.00 144.28
1282.00 144.66
1283.00 144.54
1284.00 144.24
1285.00 144.39
1286.00 143.32
1287.00 143.18
1288.00 143.25
1289.00 143.89
1290.00 142.80
1291.00 142.67
1292.00 143.35
1293.00 143.89
1294.00 143.78
1295.00 142.78
1296.00 142.79
1297.00 144.11
1298.00 143.81
1299.00 143.73
1300.00 143.37
1301.00 142.47
1302.00 142.68
1303.00 143.26
1304.00 144.04
1305.00 140.77
1306.00 137.83
1307.00 135.48
1308.00 132.72
1309.00 130.26
1310.00 128.50
1311.00 126.20
1312.00 126.91
1313.00 127.48
1314.00 128.32
1315.00 130.19
1316.00 132.41
1317.00 134.40
1318.00 135.48
1319.00 138.06
1320.00 141.29
1321.00 143.42
1322.00 146.36
1323.00 148.58
1324.00 150.48
1325.00 152.29
1326.00 154.26
1327.00 156.21
1328.00 157.58
1329.00 158.25
1330.00 158.06
1331.00 158.47
1332.00 158.49
1333.00 158.36
1334.00 159.35
1335.00 159.36
1336.00 158.67
1337.00 159.20
1338.00 159.49
1339.00 159.92
1340.00 160.38
1341.00 160.39
1342.00 159.40
1343.00 159.43
1344.00 159.39
1345.00 158.84
1346.00 158.88
1347.00 158.87
1348.00 159.07
1349.00 160.82
1350.00 161.71
1351.00 161.85
1352.00 162.37
1353.00 161.80
1354.00 162.49
1355.00 162.45
1356.00 163.21
1357.00 163.93
1358.00 164.15
1359.00 164.74
1360.00 164.63
1361.00 164.71
1362.00 164.10
1363.00 163.63
1364.00 163.39
1365.00 163.47
1366.00 163.62
1367.00 163.36
1368.00 163.23
1369.00 163.12
1370.00 163.06
1371.00 162.42
1372.00 161.94
1373.00 161.49
1374.00 161.24
1375.00 160.97
1376.00 160.75
1377.00 161.48
1378.00 161.87
1379.00 161.53
1380.00 161.39
1381.00 161.85
1382.00 162.13
1383.00 162.04
1384.00 161.56
1385.00 159.93
1386.00 157.60
1387.00 156.58
1388.00 156.37
1389.00 156.37
1390.00 156.60
1391.00 157.09
1392.00 158.42
1393.00 159.05
1394.00 159.67
1395.00 160.55
1396.00 161.90
1397.00 161.65
1398.00 161.43
1399.00 161.67
1400.00 161.19
1401.00 160.92
1402.00 161.01
1403.00 160.40
1404.00 159.76
1405.00 160.13
1406.00 159.26
1407.00 158.75
1408.00 159.07
1409.00 158.05
1410.00 158.01
1411.00 159.31
1412.00 159.83
1413.00 159.40
1414.00 159.60
1415.00 160.09
1416.00 159.92
1417.00 160.35
1418.00 161.07
1419.00 160.91
1420.00 160.95
1421.00 161.15
1422.00 160.28
1423.00 159.66
1424.00 160.00
1425.00 159.87
1426.00 158.69
1427.00 157.95
1428.00 157.32
1429.00 157.25
1430.00 157.29
1431.00 157.05
1432.00 156.97
1433.00 157.12
1434.00 157.40
1435.00 157.72
1436.00 157.77
1437.00 157.68
1438.00 157.49
1439.00 158.21
1440.00 159.63
1441.00 160.99
1442.00 160.24
1443.00 160.84
1444.00 161.40
1445.00 160.45
1446.00 160.73
1447.00 160.81
1448.00 159.57
1449.00 158.54
1450.00 157.89
1451.00 156.43
1452.00 155.55
1453.00 155.31
1454.00 154.52
1455.00 153.30
1456.00 152.64
1457.00 151.16
1458.00 151.24
1459.00 149.99
1460.00 148.09
1461.00 146.56
1462.00 144.76
1463.00 143.76
1464.00 141.56
1465.00 139.42
1466.00 139.31
1467.00 138.28
1468.00 138.29
1469.00 139.36
1470.00 141.96
1471.00 147.62
1472.00 154.72
1473.00 159.43
1474.00 165.08
1475.00 168.35
1476.00 172.11
1477.00 175.38
1478.00 176.51
1479.00 176.01
1480.00 175.49
1481.00 175.06
1482.00 174.32
1483.00 173.83
1484.00 175.43
1485.00 176.56
1486.00 177.23
1487.00 180.30
1488.00 181.59
1489.00 182.07
1490.00 182.43
1491.00 182.99
1492.00 183.70
1493.00 184.11
1494.00 184.30
1495.00 184.44
1496.00 184.05
1497.00 182.96
1498.00 181.69
1499.00 180.37
1500.00 179.13
1501.00 178.77
1502.00 178.38
1503.00 178.21
1504.00 178.66
1505.00 179.24
1506.00 179.60
1507.00 179.80
1508.00 180.65
1509.00 181.13
1510.00 181.46
1511.00 181.67
1512.00 181.77
1513.00 181.47
1514.00 181.42
1515.00 180.95
1516.00 180.18
1517.00 179.77
1518.00 179.63
1519.00 179.24
1520.00 178.47
1521.00 178.11
1522.00 178.87
1523.00 179.54
1524.00 180.51
1525.00 181.08
1526.00 181.52
1527.00 181.68
1528.00 182.28
1529.00 183.04
1530.00 183.50
1531.00 183.63
1532.00 183.53
1533.00 183.77
1534.00 184.03
1535.00 184.15
1536.00 183.94
1537.00 183.63
1538.00 182.74
1539.00 181.64
1540.00 180.05
1541.00 179.41
1542.00 178.65
1543.00 178.24
1544.00 178.27
1545.00 178.56
1546.00 178.75
1547.00 179.28
1548.00 179.99
1549.00 180.53
1550.00 180.67
1551.00 180.99
1552.00 181.88
1553.00 182.32
1554.00 182.18
1555.00 181.61
1556.00 181.15
1557.00 180.69
1558.00 180.51
1559.00 180.67
1560.00 180.77
1561.00 180.60
1562.00 180.09
1563.00 179.61
1564.00 178.87
1565.00 178.27
1566.00 177.87
1567.00 178.35
1568.00 178.64
1569.00 178.79
1570.00 178.92
1571.00 179.23
1572.00 180.32
1573.00 181.37
1574.00 182.19
1575.00 183.09
1576.00 183.31
1577.00 182.31
1578.00 181.09
1579.00 179.65
1580.00 177.76
1581.00 175.32
1582.00 173.05
1583.00 169.08
1584.00 0.00
1585.00 0.00
1586.00 0.00
1587.00 0.00
1588.00 0.00
1589.00 0.00
1590.00 0.00
1591.00 0.00
1592.00 0.00
1593.00 0.00
1594.00 0.00
1595.00 0.00
1596.00 0.00
1597.00 0.00
1598.00 0.00
1599.00 0.00
1600.00 0.00
1601.00 0.00
1602.00 0.00
1603.00 0.00
1604.00 0.00
1605.00 0.00
1606.00 0.00
1607.00 0.00
1608.00 0.00
1609.00 0.00
1610.00 0.00
1611.00 0.00
1612.00 0.00
1613.00 0.00
1614.00 0.00
1615.00 0.00
1616.00 0.00
1617.00 0.00
1618.00 0.00
1619.00 0.00
1620.00 0.00
1621.00 0.00
1622.00 0.00
1623.00 0.00
1624.00 0.00
1625.00 0.00
1626.00 0.00
1627.00 0.00
1628.00 0.00
1629.00 0.00
1630.00 0.00
1631.00 0.00
1632.00 0.00
1633.00 0.00
1634.00 0.00
1635.00 0.00
1636.00 0.00
1637.00 0.00
1638.00 0.00
1639.00 0.00
1640.00 0.00
1641.00 0.00
1642.00 0.00
1643.00 0.00
1644.00 0.00
1645.00 0.00
1646.00 0.00
1647.00 0.00
1648.00 0.00
1649.00 0.00
1650.00 0.00
1651.00 0.00
1652.00 0.00
1653.00 0.00
1654.00 0.00
1655.00 0.00
1656.00 0.00
1657.00 0.00
1658.00 0.00
1659.00 0.00
1660.00 0.00
1661.00 0.00
1662.00 0.00
1663.00 0.00
1664.00 0.00
1665.00 0.00
1666.00 132.55
1667.00 133.28
1668.00 133.65
1669.00 134.80
1670.00 135.99
1671.00 137.90
1672.00 140.72
1673.00 142.96
1674.00 144.61
1675.00 146.97
1676.00 148.54
1677.00 151.13
1678.00 151.93
1679.00 153.74
1680.00 155.73
1681.00 156.10
1682.00 157.67
1683.00 158.30
1684.00 158.44
1685.00 160.43
1686.00 162.09
1687.00 162.30
1688.00 163.08
1689.00 163.65
1690.00 163.40
1691.00 163.80
1692.00 163.61
1693.00 165.01
1694.00 166.64
1695.00 167.23
1696.00 168.48
1697.00 169.48
1698.00 170.24
1699.00 170.47
1700.00 170.80
1701.00 172.04
1702.00 172.63
1703.00 173.38
1704.00 173.76
1705.00 174.32
1706.00 174.81
1707.00 174.96
1708.00 175.52
1709.00 176.54
1710.00 178.12
1711.00 178.34
1712.00 178.36
1713.00 177.84
1714.00 177.31
1715.00 176.57
1716.00 176.60
1717.00 176.91
1718.00 176.96
1719.00 177.36
1720.00 177.65
1721.00 178.19
1722.00 178.65
1723.00 179.28
1724.00 179.46
1725.00 179.77
1726.00 180.31
1727.00 180.68
1728.00 180.81
1729.00 180.72
1730.00 180.50
1731.00 180.76
1732.00 181.01
1733.00 181.07
1734.00 180.92
1735.00 180.87
1736.00 180.49
1737.00 179.98
1738.00 178.89
1739.00 178.01
1740.00 177.77
1741.00 177.82
1742.00 178.41
1743.00 179.18
1744.00 179.96
1745.00 180.39
1746.00 180.52
1747.00 181.07
1748.00 181.54
1749.00 181.41
1750.00 181.93
1751.00 182.72
1752.00 183.00
1753.00 183.13
1754.00 183.22
1755.00 183.67
1756.00 183.58
1757.00 183.30
1758.00 183.16
1759.00 182.60
1760.00 181.95
1761.00 181.21
1762.00 180.63
1763.00 180.07
1764.00 180.02
1765.00 180.90
1766.00 181.65
1767.00 181.73
1768.00 181.70
1769.00 181.53
1770.00 180.96
1771.00 180.86
1772.00 180.89
1773.00 180.74
1774.00 181.34
1775.00 181.90
1776.00 181.99
1777.00 182.24
1778.00 182.82
1779.00 182.84
1780.00 182.80
1781.00 182.19
1782.00 181.42
1783.00 180.92
1784.00 181.01
1785.00 181.17
1786.00 181.06
1787.00 181.29
1788.00 181.29
1789.00 181.47
1790.00 181.85
1791.00 181.27
1792.00 180.10
1793.00 180.13
1794.00 179.82
1795.00 179.73
1796.00 179.81
1797.00 179.61
1798.00 179.70
1799.00 179.72
1800.00 179.77
1801.00 179.92
1802.00 180.33
1803.00 180.79
1804.00 181.53
1805.00 181.96
1806.00 183.14
1807.00 183.55
1808.00 182.95
1809.00 182.10
1810.00 181.74
1811.00 181.44
1812.00 181.49
1813.00 181.33
1814.00 180.97
1815.00 180.98
1816.00 181.10
1817.00 181.34
1818.00 181.43
1819.00 181.77
1820.00 182.00
1821.00 182.78
1822.00 183.42
1823.00 183.45
1824.00 183.70
1825.00 183.20
1826.00 183.31
1827.00 183.14
1828.00 182.52
1829.00 182.60
1830.00 182.12
1831.00 181.60
1832.00 182.35
1833.00 182.40
1834.00 182.68
1835.00 181.85
1836.00 180.86
1837.00 180.40
1838.00 179.97
1839.00 180.81
1840.00 180.63
1841.00 180.41
1842.00 180.47
1843.00 179.80
1844.00 180.64
1845.00 180.38
1846.00 180.77
1847.00 181.20
1848.00 180.65
1849.00 181.27
1850.00 180.81
1851.00 180.99
1852.00 180.67
1853.00 180.33
1854.00 181.48
1855.00 181.29
1856.00 181.76
1857.00 181.98
1858.00 181.01
1859.00 180.87
1860.00 181.10
1861.00 180.70
1862.00 181.27
1863.00 181.20
1864.00 181.17
1865.00 181.66
1866.00 180.80
1867.00 180.97
1868.00 180.56
1869.00 179.94
1870.00 180.73
1871.00 180.70
1872.00 181.32
1873.00 181.56
1874.00 180.77
1875.00 181.15
1876.00 180.67
1877.00 180.70
1878.00 180.48
1879.00 180.15
1880.00 180.96
1881.00 180.40
1882.00 180.81
1883.00 181.84
1884.00 182.10
1885.00 182.10
1886.00 182.25
1887.00 182.45
1888.00 182.34
1889.00 182.33
1890.00 182.41
1891.00 181.40
1892.00 181.69
1893.00 181.30
1894.00 180.94
1895.00 181.15
1896.00 181.28
1897.00 181.71
1898.00 181.87
1899.00 182.36
1900.00 182.78
1901.00 182.92
1902.00 183.06
1903.00 183.32
1904.00 183.61
1905.00 183.75
1906.00 183.73
1907.00 183.41
1908.00 183.03
1909.00 182.66
1910.00 181.80
1911.00 181.17
1912.00 180.77
1913.00 180.62
1914.00 180.65
1915.00 180.76
1916.00 180.95
1917.00 181.05
1918.00 180.99
1919.00 180.87
1920.00 180.69
1921.00 180.45
1922.00 180.30
1923.00 180.34
1924.00 180.16
1925.00 179.81
1926.00 179.49
1927.00 179.17
1928.00 179.31
1929.00 179.51
1930.00 179.41
1931.00 178.86
1932.00 178.21
1933.00 178.37
1934.00 178.71
1935.00 179.11
1936.00 179.99
1937.00 180.08
1938.00 180.05
1939.00 180.30
1940.00 179.90
1941.00 180.02
1942.00 179.94
1943.00 179.75
1944.00 179.67
1945.00 179.65
1946.00 179.65
1947.00 179.65
1948.00 179.06
1949.00 178.09
1950.00 177.76
1951.00 177.28
1952.00 177.02
1953.00 177.37
1954.00 176.94
1955.00 177.27
1956.00 174.88
1957.00 174.38
1958.00 170.30
1959.00 169.49
1960.00 168.02
1961.00 165.72
1962.00 164.33
1963.00 164.51
1964.00 164.37
1965.00 164.38
1966.00 164.71
1967.00 165.05
1968.00 165.75
1969.00 167.36
1970.00 168.08
1971.00 168.74
1972.00 170.99
1973.00 171.26
1974.00 170.59
1975.00 170.92
1976.00 170.84
1977.00 170.52
1978.00 171.50
1979.00 172.13
1980.00 172.96
1981.00 173.43
1982.00 173.82
1983.00 174.43
1984.00 175.06
1985.00 175.07
1986.00 174.65
1987.00 174.62
1988.00 174.45
1989.00 174.70
1990.00 174.65
1991.00 174.86
1992.00 174.94
1993.00 174.98
1994.00 175.08
1995.00 175.20
1996.00 175.73
1997.00 176.01
1998.00 176.14
1999.00 176.38
2000.00 176.00
2001.00 175.38
2002.00 175.85
2003.00 176.39
2004.00 176.94
2005.00 177.33
2006.00 177.93
2007.00 177.96
2008.00 177.89
2009.00 177.68
2010.00 177.49
2011.00 177.16
2012.00 177.28
2013.00 176.80
2014.00 176.48
2015.00 175.51
2016.00 175.06
2017.00 174.71
2018.00 175.12
2019.00 175.43
2020.00 175.74
2021.00 175.86
2022.00 176.14
2023.00 176.11
2024.00 176.15
2025.00 175.90
2026.00 176.57
2027.00 176.32
2028.00 176.49
2029.00 176.40
2030.00 176.26
2031.00 175.82
2032.00 175.31
2033.00 175.34
2034.00 175.27
2035.00 175.53
2036.00 175.69
2037.00 175.74
2038.00 175.40
2039.00 174.73
2040.00 174.19
2041.00 174.65
2042.00 175.27
2043.00 174.99
2044.00 174.68
2045.00 174.76
2046.00 174.74
2047.00 175.08
2048.00 175.52
2049.00 175.79
2050.00 175.43
2051.00 174.85
2052.00 174.00
2053.00 173.37
2054.00 173.61
2055.00 174.38
2056.00 173.88
2057.00 173.89
2058.00 174.68
2059.00 174.41
2060.00 173.69
2061.00 173.53
2062.00 175.38
2063.00 175.92
2064.00 177.32
2065.00 178.63
2066.00 179.86
2067.00 180.07
2068.00 179.76
2069.00 179.53
2070.00 178.98
2071.00 179.38
2072.00 179.95
2073.00 179.61
2074.00 179.82
2075.00 179.19
2076.00 178.52
2077.00 178.47
2078.00 177.84
2079.00 177.53
2080.00 177.55
2081.00 177.31
2082.00 176.90
2083.00 177.28
2084.00 178.49
2085.00 179.58
2086.00 179.63
2087.00 180.26
2088.00 181.38
2089.00 182.26
2090.00 182.58
2091.00 182.58
2092.00 182.68
2093.00 182.27
2094.00 182.08
2095.00 181.86
2096.00 181.27
2097.00 179.96
2098.00 178.91
2099.00 178.54
2100.00 177.37
2101.00 176.89
2102.00 176.36
2103.00 175.65
2104.00 176.49
2105.00 177.09
2106.00 177.72
2107.00 179.41
2108.00 180.28
2109.00 180.35
2110.00 179.95
2111.00 179.65
2112.00 179.39
2113.00 178.05
2114.00 177.57
2115.00 176.67
2116.00 177.15
2117.00 177.87
2118.00 178.48
2119.00 179.40
2120.00 179.50
2121.00 179.67
2122.00 179.83
2123.00 179.94
2124.00 180.06
2125.00 180.46
2126.00 180.32
2127.00 180.28
2128.00 180.31
2129.00 179.89
2130.00 180.30
2131.00 180.66
2132.00 181.44
2133.00 181.49
2134.00 182.57
2135.00 183.40
2136.00 183.74
2137.00 183.48
2138.00 183.70
2139.00 183.74
2140.00 183.78
2141.00 183.89
2142.00 183.82
2143.00 183.45
2144.00 182.93
2145.00 181.72
2146.00 181.10
2147.00 180.19
2148.00 179.59
2149.00 178.70
2150.00 178.39
2151.00 178.56
2152.00 177.67
2153.00 177.40
2154.00 177.32
2155.00 178.10
2156.00 178.98
2157.00 180.51
2158.00 181.71
2159.00 183.41
2160.00 184.14
2161.00 184.31
2162.00 183.64
2163.00 183.40
2164.00 180.51
2165.00 177.25
2166.00 172.21
2167.00 167.09
2168.00 164.67
2169.00 163.42
2170.00 161.97
2171.00 162.52
2172.00 162.34
2173.00 163.69
2174.00 163.57
2175.00 163.59
2176.00 163.69
2177.00 163.52
2178.00 163.07
2179.00 163.03
2180.00 162.03
2181.00 161.61
2182.00 160.71
2183.00 160.54
2184.00 159.06
2185.00 159.01
2186.00 158.75
2187.00 158.12
2188.00 158.52
2189.00 159.05
2190.00 158.04
2191.00 158.48
2192.00 157.97
2193.00 157.62
2194.00 158.44
2195.00 158.35
2196.00 158.56
2197.00 158.66
2198.00 157.38
2199.00 157.00
2200.00 157.21
2201.00 156.75
2202.00 156.04
2203.00 156.70
2204.00 157.43
2205.00 157.52
2206.00 157.56
2207.00 157.94
2208.00 157.23
2209.00 156.63
2210.00 156.80
2211.00 156.97
2212.00 156.37
2213.00 155.94
2214.00 156.16
2215.00 156.68
2216.00 156.30
2217.00 155.86
2218.00 156.66
2219.00 156.97
2220.00 156.97
2221.00 156.65
2222.00 156.85
2223.00 157.17
2224.00 156.61
2225.00 156.63
2226.00 156.36
2227.00 156.27
2228.00 155.67
2229.00 155.45
2230.00 155.11
2231.00 154.96
2232.00 154.58
2233.00 154.18
2234.00 154.10
2235.00 155.36
2236.00 156.29
2237.00 155.38
2238.00 154.71
2239.00 154.96
2240.00 153.94
2241.00 160.22
2242.00 159.59
2243.00 159.08
2244.00 160.90
2245.00 160.15
2246.00 157.44
2247.00 154.16
2248.00 150.93
2249.00 149.44
2250.00 147.48
2251.00 147.95
2252.00 147.28
2253.00 147.68
2254.00 148.32
2255.00 147.48
2256.00 147.40
2257.00 146.49
2258.00 146.65
2259.00 145.86
2260.00 146.04
2261.00 146.17
2262.00 146.54
2263.00 147.21
2264.00 147.81
2265.00 149.23
2266.00 149.38
2267.00 150.17
2268.00 150.79
2269.00 150.31
2270.00 150.43
2271.00 150.66
2272.00 150.17
2273.00 148.87
2274.00 148.78
2275.00 148.55
2276.00 147.88
2277.00 148.18
2278.00 148.45
2279.00 148.22
2280.00 149.01
2281.00 149.25
2282.00 148.53
2283.00 148.80
2284.00 149.10
2285.00 148.37
2286.00 148.28
2287.00 149.02
2288.00 149.31
2289.00 149.65
2290.00 151.10
2291.00 151.63
2292.00 151.57
2293.00 152.08
2294.00 151.95
2295.00 150.99
2296.00 149.73
2297.00 148.79
2298.00 148.61
2299.00 148.02
2300.00 146.99
2301.00 146.87
2302.00 146.19
2303.00 145.12
2304.00 145.01
2305.00 144.72
2306.00 145.31
2307.00 145.33
2308.00 145.29
2309.00 144.76
2310.00 144.89
2311.00 144.14
2312.00 144.22
2313.00 143.76
2314.00 144.53
2315.00 145.22
2316.00 146.51
2317.00 146.81
2318.00 147.30
2319.00 148.13
2320.00 147.67
2321.00 148.28
2322.00 147.88
2323.00 146.84
2324.00 147.33
2325.00 146.31
2326.00 146.04
2327.00 145.63
2328.00 144.62
2329.00 144.99
2330.00 144.63
2331.00 145.36
2332.00 145.35
2333.00 146.57
2334.00 147.26
2335.00 147.66
2336.00 149.03
2337.00 148.91
2338.00 149.11
2339.00 149.52
2340.00 148.11
2341.00 148.34
2342.00 147.93
2343.00 148.05
2344.00 148.29
2345.00 148.36
2346.00 148.32
2347.00 148.10
2348.00 148.11
2349.00 148.09
2350.00 147.67
2351.00 148.05
2352.00 147.99
2353.00 147.47
2354.00 147.78
2355.00 147.28
2356.00 147.03
2357.00 147.06
2358.00 146.04
2359.00 146.41
2360.00 145.72
2361.00 145.93
2362.00 145.71
2363.00 146.14
2364.00 146.61
2365.00 146.70
2366.00 147.34
2367.00 146.92
2368.00 146.09
2369.00 146.23
2370.00 145.70
2371.00 145.37
2372.00 145.49
2373.00 144.95
2374.00 145.39
2375.00 144.98
2376.00 145.04
2377.00 144.70
2378.00 144.25
2379.00 144.16
2380.00 143.59
2381.00 144.02
2382.00 143.43
2383.00 143.40
2384.00 143.49
2385.00 143.79
2386.00 143.73
2387.00 143.89
2388.00 143.57
2389.00 143.65
2390.00 144.12
2391.00 144.02
2392.00 144.13
2393.00 144.02
2394.00 143.71
2395.00 143.39
2396.00 142.82
2397.00 142.33
2398.00 141.91
2399.00 141.50
2400.00 141.66
2401.00 141.77
2402.00 141.83
2403.00 142.44
2404.00 143.22
2405.00 143.76
2406.00 144.16
2407.00 144.54
2408.00 144.41
2409.00 143.97
2410.00 143.49
2411.00 143.15
2412.00 142.86
2413.00 142.99
2414.00 143.18
2415.00 142.67
2416.00 142.06
2417.00 141.78
2418.00 141.62
2419.00 141.68
2420.00 141.44
2421.00 141.45
2422.00 142.12
2423.00 142.36
2424.00 142.45
2425.00 142.57
2426.00 142.69
2427.00 142.83
2428.00 142.56
2429.00 142.54
2430.00 142.79
2431.00 142.62
2432.00 142.79
2433.00 143.39
2434.00 143.34
2435.00 143.20
2436.00 143.50
2437.00 143.47
2438.00 142.53
2439.00 141.83
2440.00 141.55
2441.00 141.38
2442.00 141.08
2443.00 141.15
2444.00 140.32
2445.00 141.29
2446.00 143.71
2447.00 145.05
2448.00 144.57
2449.00 143.13
2450.00 144.01
2451.00 143.86
2452.00 142.08
2453.00 140.45
2454.00 139.28
2455.00 138.98
2456.00 139.06
2457.00 138.69
2458.00 138.94
2459.00 138.49
2460.00 138.56
2461.00 139.14
2462.00 138.91
2463.00 138.62
2464.00 138.60
2465.00 139.08
2466.00 139.12
2467.00 139.32
2468.00 139.11
2469.00 138.47
2470.00 137.74
2471.00 137.84
2472.00 137.61
2473.00 137.59
2474.00 138.29
2475.00 138.79
2476.00 138.67
2477.00 138.01
2478.00 134.23
2479.00 0.00
2480.00 0.00
2481.00 0.00
2482.00 0.00
2483.00 0.00
2484.00 0.00
2485.00 0.00
2486.00 0.00
2487.00 0.00
2488.00 0.00
2489.00 0.00
2490.00 0.00
2491.00 0.00
2492.00 0.00
2493.00 0.00
2494.00 0.00
2495.00 0.00
2496.00 0.00
2497.00 0.00
2498.00 0.00
2499.00 0.00
2500.00 0.00
2501.00 0.00
2502.00 0.00
2503.00 0.00
2504.00 0.00
2505.00 0.00
2506.00 0.00
2507.00 0.00
2508.00 0.00
2509.00 0.00
2510.00 0.00
2511.00 0.00
2512.00 0.00
2513.00 0.00
2514.00 0.00
2515.00 0.00
2516.00 0.00
2517.00 0.00
2518.00 0.00
2519.00 0.00
2520.00 0.00
2521.00 0.00
2522.00 0.00
2523.00 0.00
2524.00 0.00
2525.00 0.00
2526.00 0.00
2527.00 0.00
2528.00 0.00
2529.00 0.00
2530.00 122.00
2531.00 121.07
2532.00 119.95
2533.00 120.99
2534.00 121.01
2535.00 120.79
2536.00 121.58
2537.00 121.84
2538.00 122.52
2539.00 122.19
2540.00 123.63
2541.00 126.85
2542.00 127.04
2543.00 128.32
2544.00 129.78
2545.00 130.50
2546.00 130.97
2547.00 132.14
2548.00 132.51
2549.00 132.43
2550.00 132.40
2551.00 132.84
2552.00 133.17
2553.00 133.64
2554.00 134.10
2555.00 134.61
2556.00 135.32
2557.00 135.89
2558.00 136.85
2559.00 137.60
2560.00 138.20
2561.00 139.37
2562.00 140.40
2563.00 141.48
2564.00 141.38
2565.00 141.78
2566.00 142.03
2567.00 141.33
2568.00 140.67
2569.00 140.66
2570.00 139.60
2571.00 138.76
2572.00 138.75
2573.00 139.49
2574.00 140.60
2575.00 140.74
2576.00 140.91
2577.00 141.74
2578.00 142.77
2579.00 142.84
2580.00 142.95
2581.00 143.66
2582.00 143.86
2583.00 143.36
2584.00 143.55
2585.00 143.88
2586.00 143.76
2587.00 143.05
2588.00 143.18
2589.00 143.60
2590.00 143.06
2591.00 142.74
2592.00 143.27
2593.00 142.83
2594.00 142.07
2595.00 142.51
2596.00 143.44
2597.00 142.98
2598.00 142.32
2599.00 142.17
2600.00 142.58
2601.00 142.52
2602.00 142.07
2603.00 142.47
2604.00 143.39
2605.00 143.68
2606.00 143.33
2607.00 143.49
2608.00 143.88
2609.00 144.02
2610.00 144.07
2611.00 144.37
2612.00 144.56
2613.00 143.90
2614.00 143.96
2615.00 143.91
2616.00 143.01
2617.00 142.70
2618.00 143.28
2619.00 143.55
2620.00 143.29
2621.00 143.60
2622.00 144.11
2623.00 144.05
2624.00 143.73
2625.00 144.05
2626.00 144.02
2627.00 143.49
2628.00 143.80
2629.00 144.16
2630.00 143.96
2631.00 144.29
2632.00 144.44
2633.00 144.25
2634.00 144.08
2635.00 143.98
2636.00 144.02
2637.00 144.00
2638.00 143.83
2639.00 143.85
2640.00 143.75
2641.00 143.51
2642.00 143.23
2643.00 142.73
2644.00 142.68
2645.00 142.79
2646.00 142.71
2647.00 142.49
2648.00 142.36
2649.00 142.24
2650.00 142.23
2651.00 142.44
2652.00 143.03
2653.00 143.36
2654.00 143.43
2655.00 143.46
2656.00 143.22
2657.00 143.09
2658.00 143.00
2659.00 143.01
2660.00 143.20
2661.00 143.70
2662.00 144.26
2663.00 144.76
2664.00 145.24
2665.00 145.56
2666.00 144.61
2667.00 141.16
2668.00 135.98
2669.00 0.00
2670.00 0.00
2671.00 0.00
2672.00 0.00
2673.00 0.00
2674.00 0.00
2675.00 0.00
2676.00 0.00
2677.00 0.00
2678.00 0.00
2679.00 0.00
2680.00 0.00
2681.00 0.00
2682.00 0.00
2683.00 0.00
2684.00 0.00
2685.00 0.00
2686.00 134.99
2687.00 135.25
2688.00 134.89
2689.00 137.25
2690.00 140.10
2691.00 142.20
2692.00 145.26
2693.00 146.97
2694.00 149.10
2695.00 150.64
2696.00 152.02
2697.00 153.98
2698.00 156.34
2699.00 157.46
2700.00 158.52
2701.00 159.23
2702.00 159.60
2703.00 160.24
2704.00 160.36
2705.00 160.50
2706.00 160.69
2707.00 160.67
2708.00 160.78
2709.00 161.42
2710.00 162.03
2711.00 161.70
2712.00 160.84
2713.00 160.90
2714.00 160.16
2715.00 160.39
2716.00 159.96
2717.00 160.29
2718.00 160.52
2719.00 160.67
2720.00 161.51
2721.00 161.30
2722.00 161.97
2723.00 162.59
2724.00 163.57
2725.00 164.76
2726.00 164.89
2727.00 165.51
2728.00 166.11
2729.00 165.30
2730.00 165.39
2731.00 164.90
2732.00 163.73
2733.00 163.39
2734.00 162.55
2735.00 162.19
2736.00 161.89
2737.00 162.21
2738.00 162.31
2739.00 162.54
2740.00 163.43
2741.00 163.26
2742.00 164.53
2743.00 164.53
2744.00 165.36
2745.00 166.46
2746.00 166.83
2747.00 167.30
2748.00 167.11
2749.00 165.37
2750.00 162.67
2751.00 160.40
2752.00 159.25
2753.00 159.20
2754.00 158.33
2755.00 158.33
2756.00 158.73
2757.00 159.23
2758.00 160.32
2759.00 160.64
2760.00 161.13
2761.00 160.97
2762.00 161.67
2763.00 161.50
2764.00 162.07
2765.00 162.19
2766.00 162.47
2767.00 162.14
2768.00 162.22
2769.00 161.83
2770.00 161.64
2771.00 160.86
2772.00 160.13
2773.00 159.98
2774.00 159.08
2775.00 158.80
2776.00 158.60
2777.00 157.42
2778.00 157.57
2779.00 157.92
2780.00 157.74
2781.00 158.65
2782.00 159.65
2783.00 159.97
2784.00 160.63
2785.00 160.79
2786.00 160.72
2787.00 160.56
2788.00 160.07
2789.00 159.91
2790.00 159.57
2791.00 159.20
2792.00 159.31
2793.00 159.38
2794.00 160.08
2795.00 159.54
2796.00 159.49
2797.00 158.76
2798.00 158.46
2799.00 158.43
2800.00 157.84
2801.00 158.07
2802.00 158.04
2803.00 157.98
2804.00 158.29
2805.00 158.17
2806.00 159.06
2807.00 159.34
2808.00 159.47
2809.00 159.09
2810.00 158.04
2811.00 157.63
2812.00 157.25
2813.00 156.40
2814.00 156.87
2815.00 156.53
2816.00 156.27
2817.00 155.46
2818.00 154.66
2819.00 154.63
2820.00 154.22
2821.00 152.93
2822.00 152.14
2823.00 149.31
2824.00 149.33
2825.00 150.73
2826.00 152.59
2827.00 156.57
2828.00 160.08
2829.00 173.89
2830.00 179.08
2831.00 184.85
2832.00 187.40
2833.00 188.32
2834.00 188.39
2835.00 187.69
2836.00 186.18
2837.00 183.97
2838.00 182.89
2839.00 181.88
2840.00 181.34
2841.00 180.90
2842.00 180.47
2843.00 179.94
2844.00 178.95
2845.00 178.49
2846.00 179.10
2847.00 180.29
2848.00 181.81
2849.00 182.51
2850.00 182.72
2851.00 182.10
2852.00 181.46
2853.00 180.73
2854.00 179.73
2855.00 180.50
2856.00 181.90
2857.00 183.32
2858.00 183.74
2859.00 183.07
2860.00 182.10
2861.00 181.62
2862.00 181.42
2863.00 180.85
2864.00 179.52
2865.00 178.71
2866.00 178.22
2867.00 177.89
2868.00 178.19
2869.00 178.95
2870.00 179.20
2871.00 178.88
2872.00 178.20
2873.00 178.68
2874.00 179.30
2875.00 179.90
2876.00 180.57
2877.00 181.09
2878.00 181.59
2879.00 182.28
2880.00 182.70
2881.00 182.17
2882.00 181.56
2883.00 182.10
2884.00 183.24
2885.00 184.72
2886.00 186.72
2887.00 187.59
2888.00 186.32
2889.00 184.73
2890.00 183.28
2891.00 182.19
2892.00 181.55
2893.00 181.67
2894.00 181.97
2895.00 182.33
2896.00 182.97
2897.00 183.35
2898.00 183.28
2899.00 182.56
2900.00 181.50
2901.00 180.51
2902.00 179.92
2903.00 179.63
2904.00 180.14
2905.00 180.49
2906.00 180.95
2907.00 181.32
2908.00 181.42
2909.00 181.86
2910.00 181.47
2911.00 180.52
2912.00 181.47
2913.00 183.85
2914.00 185.19
2915.00 186.03
2916.00 185.20
2917.00 184.07
2918.00 183.68
2919.00 183.53
2920.00 183.93
2921.00 183.51
2922.00 182.09
2923.00 180.23
2924.00 179.60
2925.00 179.54
2926.00 179.72
2927.00 180.02
2928.00 179.90
2929.00 180.13
2930.00 180.55
2931.00 181.19
2932.00 181.69
2933.00 182.40
2934.00 182.75
2935.00 182.90
2936.00 182.97
2937.00 183.19
2938.00 183.71
2939.00 183.54
2940.00 182.34
2941.00 180.70
2942.00 179.39
2943.00 178.33
2944.00 177.00
2945.00 175.43
2946.00 173.84
2947.00 173.76
2948.00 172.09
2949.00 0.00
2950.00 0.00
2951.00 0.00
2952.00 0.00
2953.00 0.00
2954.00 0.00
2955.00 0.00
2956.00 0.00
2957.00 0.00
2958.00 0.00
2959.00 0.00
2960.00 0.00
2961.00 0.00
2962.00 0.00
2963.00 0.00
2964.00 0.00
2965.00 0.00
2966.00 0.00
2967.00 0.00
2968.00 0.00
2969.00 0.00
2970.00 0.00
2971.00 0.00
2972.00 0.00
2973.00 0.00
2974.00 0.00
2975.00 0.00
2976.00 0.00
2977.00 0.00
2978.00 0.00
2979.00 0.00
2980.00 0.00
2981.00 0.00
2982.00 0.00
2983.00 0.00
2984.00 0.00
2985.00 0.00
2986.00 0.00
2987.00 0.00
2988.00 0.00
2989.00 0.00
2990.00 0.00
2991.00 0.00
2992.00 0.00
2993.00 0.00
2994.00 0.00
2995.00 0.00
2996.00 0.00
2997.00 0.00
2998.00 0.00
2999.00 0.00
3000.00 0.00
3001.00 0.00
3002.00 0.00
3003.00 0.00
3004.00 0.00
3005.00 0.00
3006.00 0.00
3007.00 0.00
3008.00 0.00
3009.00 0.00
3010.00 0.00
3011.00 0.00
3012.00 0.00
3013.00 0.00
3014.00 0.00
3015.00 0.00
3016.00 0.00
3017.00 0.00
3018.00 0.00
3019.00 0.00
3020.00 0.00
3021.00 0.00
3022.00 0.00
3023.00 0.00
3024.00 0.00
3025.00 0.00
3026.00 0.00
3027.00 0.00
3028.00 141.39
3029.00 140.49
3030.00 145.59
3031.00 138.84
3032.00 134.77
3033.00 139.93
3034.00 139.45
3035.00 140.55
3036.00 141.84
3037.00 143.76
3038.00 146.70
3039.00 148.06
3040.00 150.06
3041.00 150.86
3042.00 152.64
3043.00 155.02
3044.00 157.13
3045.00 158.32
3046.00 157.86
3047.00 160.29
3048.00 165.76
3049.00 165.40
3050.00 166.56
3051.00 168.53
3052.00 168.94
3053.00 168.93
3054.00 168.74
3055.00 168.45
3056.00 168.56
3057.00 169.29
3058.00 169.69
3059.00 169.52
3060.00 169.55
3061.00 170.66
3062.00 170.94
3063.00 171.48
3064.00 171.95
3065.00 172.87
3066.00 173.99
3067.00 174.67
3068.00 175.26
3069.00 175.63
3070.00 175.84
3071.00 176.14
3072.00 176.19
3073.00 176.10
3074.00 175.88
3075.00 175.52
3076.00 174.71
3077.00 173.78
3078.00 173.53
3079.00 173.77
3080.00 174.27
3081.00 174.85
3082.00 175.19
3083.00 175.75
3084.00 176.02
3085.00 175.81
3086.00 175.59
3087.00 175.74
3088.00 176.58
3089.00 176.86
3090.00 177.07
3091.00 177.35
3092.00 177.49
3093.00 177.76
3094.00 177.54
3095.00 176.85
3096.00 176.71
3097.00 176.65
3098.00 176.74
3099.00 176.65
3100.00 176.81
3101.00 176.94
3102.00 177.12
3103.00 176.85
3104.00 176.61
3105.00 176.72
3106.00 176.99
3107.00 177.31
3108.00 177.69
3109.00 177.65
3110.00 177.82
3111.00 178.01
3112.00 177.81
3113.00 177.88
3114.00 178.03
3115.00 178.07
3116.00 178.61
3117.00 178.53
3118.00 178.61
3119.00 178.49
3120.00 178.20
3121.00 177.91
3122.00 177.84
3123.00 177.91
3124.00 177.92
3125.00 178.16
3126.00 178.28
3127.00 178.28
3128.00 178.73
3129.00 178.73
3130.00 178.99
3131.00 179.20
3132.00 179.49
3133.00 179.69
3134.00 179.59
3135.00 179.21
3136.00 178.72
3137.00 178.35
3138.00 178.34
3139.00 178.32
3140.00 178.56
3141.00 178.99
3142.00 179.26
3143.00 179.27
3144.00 179.12
3145.00 179.13
3146.00 179.25
3147.00 179.10
3148.00 179.16
3149.00 179.34
3150.00 179.61
3151.00 179.44
3152.00 179.31
3153.00 179.16
3154.00 179.14
3155.00 179.10
3156.00 179.10
3157.00 178.74
3158.00 178.33
3159.00 177.64
3160.00 177.15
3161.00 177.05
3162.00 176.85
3163.00 177.09
3164.00 176.75
3165.00 176.85
3166.00 177.04
3167.00 177.51
3168.00 178.78
3169.00 179.46
3170.00 179.89
3171.00 179.88
3172.00 179.48
3173.00 179.23
3174.00 178.97
3175.00 178.69
3176.00 178.71
3177.00 178.70
3178.00 178.60
3179.00 178.67
3180.00 178.71
3181.00 178.73
3182.00 179.38
3183.00 181.16
3184.00 181.52
3185.00 180.54
3186.00 177.74
3187.00 175.47
3188.00 236.76
3189.00 236.08
3190.00 235.49
3191.00 237.88
3192.00 240.84
3193.00 240.61
3194.00 238.16
3195.00 235.87
3196.00 236.42
3197.00 78.85
3198.00 0.00
3199.00 0.00
3200.00 0.00
3201.00 0.00
3202.00 0.00
3203.00 0.00
3204.00 0.00
3205.00 0.00
3206.00 0.00
3207.00 0.00
3208.00 0.00
3209.00 0.00
3210.00 0.00
3211.00 0.00
3212.00 0.00
3213.00 171.20
3214.00 172.76
3215.00 173.94
3216.00 174.64
3217.00 175.93
3218.00 176.56
3219.00 177.22
3220.00 178.02
3221.00 178.59
3222.00 179.32
3223.00 180.26
3224.00 181.26
3225.00 181.31
3226.00 180.90
3227.00 180.82
3228.00 180.30
3229.00 180.18
3230.00 180.71
3231.00 180.46
3232.00 179.88
3233.00 179.36
3234.00 178.75
3235.00 178.79
3236.00 177.62
3237.00 177.69
3238.00 177.62
3239.00 177.88
3240.00 177.22
3241.00 177.61
3242.00 177.12
3243.00 178.51
3244.00 180.46
3245.00 181.48
3246.00 183.92
3247.00 184.77
3248.00 184.43
3249.00 182.62
3250.00 179.29
3251.00 175.47
3252.00 171.97
3253.00 168.94
3254.00 165.37
3255.00 163.97
3256.00 162.48
3257.00 161.66
3258.00 160.47
3259.00 159.66
3260.00 158.55
3261.00 157.56
3262.00 157.04
3263.00 156.63
3264.00 155.47
3265.00 155.74
3266.00 155.06
3267.00 152.72
3268.00 148.99
3269.00 147.66
3270.00 145.92
3271.00 144.68
3272.00 143.88
3273.00 143.67
3274.00 143.52
3275.00 143.93
3276.00 144.74
3277.00 144.94
3278.00 145.74
3279.00 146.24
3280.00 146.60
3281.00 147.51
3282.00 147.63
3283.00 148.30
3284.00 147.87
3285.00 148.06
3286.00 147.66
3287.00 147.55
3288.00 147.53
3289.00 147.63
3290.00 147.29
3291.00 147.76
3292.00 147.92
3293.00 148.80
3294.00 148.76
3295.00 148.84
3296.00 148.54
3297.00 148.01
3298.00 147.75
3299.00 146.36
3300.00 146.27
3301.00 146.34
3302.00 146.01
3303.00 145.57
3304.00 145.26
3305.00 146.14
3306.00 145.75
3307.00 146.82
3308.00 146.36
3309.00 146.37
3310.00 146.30
3311.00 146.31
3312.00 146.14
3313.00 146.17
3314.00 146.39
3315.00 146.23
3316.00 146.30
3317.00 146.60
3318.00 146.24
3319.00 146.30
3320.00 145.67
3321.00 145.96
3322.00 146.23
3323.00 146.61
3324.00 145.79
3325.00 144.86
3326.00 144.21
3327.00 143.87
3328.00 143.52
3329.00 143.36
3330.00 143.31
3331.00 143.15
3332.00 143.74
3333.00 144.19
3334.00 144.03
3335.00 144.67
3336.00 145.53
3337.00 145.16
3338.00 144.23
3339.00 144.60
3340.00 144.13
3341.00 143.05
3342.00 142.61
3343.00 142.39
3344.00 142.23
3345.00 142.27
3346.00 142.39
3347.00 142.59
3348.00 142.79
3349.00 142.99
3350.00 143.56
3351.00 143.70
3352.00 143.26
3353.00 143.37
3354.00 143.66
3355.00 143.93
3356.00 144.31
3357.00 144.51
3358.00 145.01
3359.00 145.54
3360.00 145.16
3361.00 144.62
3362.00 144.15
3363.00 144.21
3364.00 143.61
3365.00 143.91
3366.00 144.82
3367.00 145.02
3368.00 144.88
3369.00 144.92
3370.00 145.14
3371.00 145.15
3372.00 145.06
3373.00 145.50
3374.00 146.43
3375.00 147.19
3376.00 148.41
3377.00 149.33
3378.00 149.14
3379.00 149.50
3380.00 154.34
3381.00 159.49
3382.00 161.96
3383.00 161.97
3384.00 161.31
3385.00 160.39
3386.00 158.11
3387.00 155.49
3388.00 154.46
3389.00 154.15
3390.00 154.84
3391.00 156.06
3392.00 156.41
3393.00 157.06
3394.00 157.72
3395.00 157.73
3396.00 158.44
3397.00 158.76
3398.00 159.77
3399.00 159.86
3400.00 160.43
3401.00 159.98
3402.00 160.07
3403.00 160.12
3404.00 159.96
3405.00 159.06
3406.00 157.07
3407.00 154.88
3408.00 150.68
3409.00 0.00
3410.00 0.00
3411.00 0.00
3412.00 0.00
3413.00 0.00
3414.00 0.00
3415.00 0.00
3416.00 0.00
3417.00 0.00
3418.00 0.00
3419.00 0.00
3420.00 0.00
3421.00 0.00
3422.00 0.00
3423.00 0.00
3424.00 0.00
3425.00 0.00
3426.00 0.00
3427.00 0.00
3428.00 0.00
3429.00 0.00
3430.00 0.00
3431.00 0.00
3432.00 0.00
3433.00 0.00
3434.00 0.00
3435.00 0.00
3436.00 0.00
3437.00 0.00
3438.00 0.00
3439.00 0.00
3440.00 0.00
3441.00 0.00
3442.00 0.00
3443.00 0.00
3444.00 0.00
3445.00 0.00
3446.00 0.00
3447.00 0.00
3448.00 0.00
3449.00 0.00
3450.00 0.00
3451.00 0.00
3452.00 0.00
3453.00 0.00
3454.00 0.00
3455.00 0.00
3456.00 0.00
3457.00 0.00
3458.00 0.00
3459.00 0.00
3460.00 0.00
3461.00 0.00
3462.00 0.00
3463.00 0.00
3464.00 0.00
3465.00 0.00
3466.00 0.00
3467.00 0.00
3468.00 0.00
3469.00 0.00
3470.00 0.00
3471.00 0.00
3472.00 0.00
3473.00 0.00
3474.00 0.00
3475.00 0.00
3476.00 0.00
3477.00 0.00
3478.00 0.00
3479.00 0.00
3480.00 0.00
3481.00 0.00
3482.00 0.00
3483.00 0.00
3484.00 146.46
3485.00 140.57
3486.00 139.74
3487.00 140.45
3488.00 139.85
3489.00 138.71
3490.00 137.91
3491.00 138.14
3492.00 138.84
3493.00 139.26
3494.00 139.73
3495.00 140.16
3496.00 141.42
3497.00 142.51
3498.00 143.86
3499.00 145.71
3500.00 146.89
3501.00 148.72
3502.00 150.79
3503.00 153.08
3504.00 155.11
3505.00 157.43
3506.00 158.91
3507.00 159.95
3508.00 161.32
3509.00 162.25
3510.00 162.73
3511.00 162.79
3512.00 163.00
3513.00 163.72
3514.00 164.06
3515.00 164.93
3516.00 165.95
3517.00 166.47
3518.00 167.07
3519.00 168.32
3520.00 169.74
3521.00 171.86
3522.00 173.86
3523.00 175.35
3524.00 175.96
3525.00 176.18
3526.00 176.85
3527.00 177.55
3528.00 177.79
3529.00 177.27
3530.00 176.73
3531.00 176.49
3532.00 175.86
3533.00 175.38
3534.00 175.12
3535.00 174.76
3536.00 174.93
3537.00 175.16
3538.00 175.74
3539.00 175.89
3540.00 176.34
3541.00 177.29
3542.00 178.29
3543.00 179.24
3544.00 179.67
3545.00 179.78
3546.00 179.47
3547.00 179.02
3548.00 178.46
3549.00 177.55
3550.00 176.79
3551.00 176.36
3552.00 176.08
3553.00 176.31
3554.00 176.32
3555.00 176.53
3556.00 176.65
3557.00 176.96
3558.00 177.41
3559.00 178.07
3560.00 178.49
3561.00 178.89
3562.00 178.92
3563.00 178.52
3564.00 178.04
3565.00 177.73
3566.00 177.51
3567.00 177.70
3568.00 177.23
3569.00 176.93
3570.00 176.77
3571.00 176.85
3572.00 176.86
3573.00 176.94
3574.00 176.85
3575.00 176.71
3576.00 176.83
3577.00 176.95
3578.00 177.00
3579.00 176.61
3580.00 176.63
3581.00 176.63
3582.00 176.86
3583.00 177.29
3584.00 177.64
3585.00 177.88
3586.00 177.61
3587.00 177.33
3588.00 177.11
3589.00 176.62
3590.00 175.71
3591.00 175.51
3592.00 175.45
3593.00 175.55
3594.00 175.45
3595.00 175.59
3596.00 175.59
3597.00 176.21
3598.00 176.74
3599.00 177.09
3600.00 177.38
3601.00 177.34
3602.00 177.19
3603.00 176.87
3604.00 176.79
3605.00 176.43
3606.00 176.25
3607.00 175.83
3608.00 175.33
3609.00 175.14
3610.00 175.87
3611.00 176.34
3612.00 176.86
3613.00 177.09
3614.00 176.91
3615.00 176.77
3616.00 176.78
3617.00 176.89
3618.00 177.07
3619.00 176.65
3620.00 176.39
3621.00 176.21
3622.00 176.13
3623.00 175.81
3624.00 175.85
3625.00 175.98
3626.00 176.19
3627.00 176.68
3628.00 177.42
3629.00 177.31
3630.00 176.97
3631.00 176.46
3632.00 177.01
3633.00 177.52
3634.00 178.05
3635.00 176.85
3636.00 163.54
3637.00 0.00
3638.00 0.00
3639.00 0.00
3640.00 0.00
3641.00 0.00
3642.00 0.00
3643.00 0.00
3644.00 0.00
3645.00 0.00
3646.00 0.00
3647.00 0.00
3648.00 0.00
3649.00 0.00
3650.00 0.00
3651.00 0.00
3652.00 0.00
3653.00 0.00
3654.00 0.00
3655.00 0.00
3656.00 0.00
3657.00 0.00
3658.00 170.64
3659.00 172.05
3660.00 173.33
3661.00 174.33
3662.00 174.85
3663.00 175.64
3664.00 175.87
3665.00 176.24
3666.00 175.79
3667.00 175.65
3668.00 175.22
3669.00 174.26
3670.00 174.12
3671.00 173.72
3672.00 174.49
3673.00 175.52
3674.00 176.03
3675.00 176.94
3676.00 177.20
3677.00 177.58
3678.00 176.94
3679.00 176.94
3680.00 176.76
3681.00 176.32
3682.00 176.52
3683.00 176.41
3684.00 176.66
3685.00 176.19
3686.00 176.30
3687.00 174.80
3688.00 173.07
3689.00 171.66
3690.00 168.58
3691.00 166.62
3692.00 165.46
3693.00 165.05
3694.00 164.31
3695.00 163.16
3696.00 161.43
3697.00 159.25
3698.00 156.79
3699.00 155.83
3700.00 153.84
3701.00 152.88
3702.00 152.39
3703.00 153.32
3704.00 151.14
3705.00 150.26
3706.00 150.38
3707.00 149.53
3708.00 148.71
3709.00 147.44
3710.00 145.27
3711.00 143.17
3712.00 142.44
3713.00 142.33
3714.00 142.37
3715.00 142.29
3716.00 142.96
3717.00 143.66
3718.00 144.00
3719.00 144.66
3720.00 144.91
3721.00 144.78
3722.00 145.24
3723.00 145.25
3724.00 145.03
3725.00 145.00
3726.00 144.30
3727.00 143.66
3728.00 143.41
3729.00 143.09
3730.00 143.45
3731.00 143.53
3732.00 143.34
3733.00 143.11
3734.00 142.92
3735.00 143.12
3736.00 143.22
3737.00 143.57
3738.00 144.23
3739.00 144.70
3740.00 144.55
3741.00 144.28
3742.00 144.69
3743.00 145.49
3744.00 145.68
3745.00 145.76
3746.00 145.89
3747.00 145.67
3748.00 145.54
3749.00 145.16
3750.00 145.04
3751.00 144.89
3752.00 144.97
3753.00 144.70
3754.00 144.50
3755.00 144.56
3756.00 144.49
3757.00 144.56
3758.00 144.99
3759.00 145.53
3760.00 145.73
3761.00 146.04
3762.00 146.15
3763.00 146.25
3764.00 146.44
3765.00 146.40
3766.00 146.66
3767.00 146.61
3768.00 146.28
3769.00 145.97
3770.00 145.83
3771.00 145.57
3772.00 145.68
3773.00 145.69
3774.00 145.52
3775.00 145.09
3776.00 144.74
3777.00 144.76
3778.00 145.09
3779.00 144.81
3780.00 145.05
3781.00 145.65
3782.00 145.29
3783.00 145.07
3784.00 145.01
3785.00 145.31
3786.00 145.66
3787.00 146.44
3788.00 147.01
3789.00 147.40
3790.00 147.69
3791.00 147.68
3792.00 147.36
3793.00 147.30
3794.00 147.24
3795.00 147.29
3796.00 146.82
3797.00 146.84
3798.00 146.29
3799.00 146.04
3800.00 145.79
3801.00 145.94
3802.00 146.31
3803.00 146.82
3804.00 147.69
3805.00 147.81
3806.00 148.58
3807.00 151.09
3808.00 153.46
3809.00 155.10
3810.00 155.06
3811.00 155.84
3812.00 155.93
3813.00 155.85
3814.00 156.01
3815.00 155.75
3816.00 155.57
3817.00 156.69
3818.00 157.25
3819.00 157.48
3820.00 157.16
3821.00 155.50
3822.00 153.35
3823.00 151.99
3824.00 151.75
3825.00 151.65
3826.00 152.05
3827.00 152.63
3828.00 153.46
3829.00 153.55
3830.00 153.90
3831.00 154.50
3832.00 154.92
3833.00 155.04
3834.00 155.36
3835.00 156.17
3836.00 156.82
3837.00 156.97
3838.00 156.83
3839.00 156.41
3840.00 155.15
3841.00 153.65
3842.00 151.55
3843.00 148.15
3844.00 0.00
3845.00 0.00
3846.00 0.00
3847.00 0.00
3848.00 0.00
3849.00 0.00
3850.00 0.00
3851.00 0.00
3852.00 0.00
3853.00 0.00
3854.00 0.00
3855.00 0.00
3856.00 0.00
3857.00 0.00
3858.00 0.00
3859.00 0.00
3860.00 0.00
3861.00 0.00
3862.00 0.00
3863.00 0.00
3864.00 0.00
3865.00 0.00
3866.00 0.00
3867.00 0.00
3868.00 0.00
3869.00 0.00
3870.00 0.00
3871.00 0.00
3872.00 0.00
3873.00 0.00
3874.00 0.00
3875.00 0.00
3876.00 0.00
3877.00 0.00
3878.00 0.00
3879.00 0.00
3880.00 0.00
3881.00 0.00
3882.00 0.00
3883.00 0.00
3884.00 0.00
3885.00 0.00
3886.00 0.00
3887.00 0.00
3888.00 0.00
3889.00 0.00
3890.00 0.00
3891.00 0.00
3892.00 0.00
3893.00 0.00
3894.00 0.00
3895.00 0.00
3896.00 0.00
3897.00 0.00
3898.00 0.00
3899.00 0.00
3900.00 0.00
3901.00 0.00
3902.00 0.00
3903.00 0.00
3904.00 0.00
3905.00 0.00
3906.00 0.00
3907.00 0.00
3908.00 0.00
3909.00 0.00
3910.00 0.00
3911.00 0.00
3912.00 127.07
3913.00 127.53
3914.00 126.95
3915.00 126.33
3916.00 126.60
3917.00 124.99
3918.00 124.57
3919.00 125.75
3920.00 129.00
3921.00 132.83
3922.00 134.83
3923.00 136.16
3924.00 138.52
3925.00 141.84
3926.00 143.12
3927.00 146.35
3928.00 148.44
3929.00 150.52
3930.00 152.33
3931.00 155.00
3932.00 157.56
3933.00 159.38
3934.00 160.82
3935.00 163.19
3936.00 165.41
3937.00 166.32
3938.00 167.43
3939.00 168.35
3940.00 169.00
3941.00 169.66
3942.00 169.97
3943.00 170.11
3944.00 170.29
3945.00 170.96
3946.00 171.70
3947.00 172.65
3948.00 173.90
3949.00 174.72
3950.00 175.30
3951.00 175.77
3952.00 176.43
3953.00 176.69
3954.00 176.68
3955.00 176.47
3956.00 175.96
3957.00 175.67
3958.00 175.69
3959.00 175.49
3960.00 175.25
3961.00 174.79
3962.00 174.47
3963.00 174.37
3964.00 174.28
3965.00 174.10
3966.00 174.58
3967.00 175.13
3968.00 175.61
3969.00 175.52
3970.00 175.46
3971.00 175.60
3972.00 176.14
3973.00 176.74
3974.00 177.12
3975.00 177.07
3976.00 176.49
3977.00 176.14
3978.00 176.53
3979.00 178.79
3980.00 179.08
3981.00 177.30
3982.00 176.19
3983.00 175.31
3984.00 174.24
3985.00 173.79
3986.00 173.70
3987.00 173.74
3988.00 173.91
3989.00 174.00
3990.00 174.72
3991.00 175.79
3992.00 176.48
3993.00 177.11
3994.00 177.73
3995.00 178.34
3996.00 178.07
3997.00 178.29
3998.00 178.78
3999.00 179.12
4000.00 179.41
4001.00 179.66
4002.00 180.59
4003.00 180.31
4004.00 180.65
4005.00 180.13
4006.00 179.94
4007.00 179.61
4008.00 179.27
4009.00 179.13
4010.00 178.31
4011.00 178.30
4012.00 177.66
4013.00 177.82
4014.00 177.68
4015.00 177.82
4016.00 177.56
4017.00 178.12
4018.00 178.11
4019.00 178.44
4020.00 179.22
4021.00 179.55
4022.00 179.63
4023.00 179.39
4024.00 178.99
4025.00 178.49
4026.00 177.91
4027.00 175.47
4028.00 172.26
4029.00 171.63
4030.00 171.96
4031.00 171.95
4032.00 172.44
4033.00 173.31
4034.00 174.26
4035.00 174.72
4036.00 175.60
4037.00 175.82
4038.00 175.96
4039.00 175.99
4040.00 176.05
4041.00 176.18
4042.00 175.95
4043.00 176.02
4044.00 175.75
4045.00 176.22
4046.00 176.25
4047.00 176.81
4048.00 176.94
4049.00 176.95
4050.00 176.55
4051.00 176.50
4052.00 176.21
4053.00 176.04
4054.00 175.88
4055.00 175.52
4056.00 175.40
4057.00 175.66
4058.00 175.98
4059.00 176.76
4060.00 176.76
4061.00 176.83
4062.00 176.68
4063.00 176.79
4064.00 176.61
4065.00 176.37
4066.00 176.06
4067.00 175.89
4068.00 174.92
4069.00 175.13
4070.00 177.13
4071.00 179.40
4072.00 178.77
4073.00 177.66
4074.00 176.79
4075.00 176.95
4076.00 177.78
4077.00 178.68
4078.00 178.19
4079.00 177.09
4080.00 175.68
4081.00 175.30
4082.00 175.51
4083.00 175.91
4084.00 176.37
4085.00 176.54
4086.00 177.47
4087.00 178.39
4088.00 179.48
4089.00 179.95
4090.00 180.46
4091.00 180.04
4092.00 180.55
4093.00 180.14
4094.00 180.67
4095.00 180.34
4096.00 179.93
4097.00 180.40
4098.00 180.18
4099.00 181.23
4100.00 180.36
4101.00 180.22
4102.00 180.10
4103.00 179.66
4104.00 179.70
4105.00 178.79
4106.00 179.04
4107.00 178.48
4108.00 178.31
4109.00 176.95
4110.00 177.22
4111.00 176.50
4112.00 176.94
4113.00 176.57
4114.00 176.31
4115.00 176.23
4116.00 175.57
4117.00 174.69
4118.00 173.51
4119.00 172.63
4120.00 170.42
4121.00 171.43
4122.00 172.96
4123.00 175.46
4124.00 177.83
4125.00 177.35
4126.00 177.26
4127.00 179.53
4128.00 180.33
4129.00 180.08
4130.00 178.75
4131.00 177.35
4132.00 178.40
4133.00 176.39
4134.00 173.29
4135.00 171.71
4136.00 172.19
4137.00 172.73
4138.00 173.53
4139.00 174.68
4140.00 175.79
4141.00 176.62
4142.00 177.44
4143.00 178.45
4144.00 178.60
4145.00 178.44
4146.00 177.73
4147.00 176.86
4148.00 176.09
4149.00 175.34
4150.00 174.80
4151.00 175.00
4152.00 175.14
4153.00 174.88
4154.00 174.59
4155.00 174.91
4156.00 176.20
4157.00 177.35
4158.00 177.97
4159.00 178.35
4160.00 178.63
4161.00 178.24
4162.00 177.62
4163.00 176.97
4164.00 176.26
4165.00 175.62
4166.00 175.02
4167.00 174.62
4168.00 174.57
4169.00 175.24
4170.00 176.08
4171.00 176.69
4172.00 177.14
4173.00 177.36
4174.00 177.65
4175.00 177.64
4176.00 177.70
4177.00 177.47
4178.00 177.68
4179.00 177.84
4180.00 177.84
4181.00 177.65
4182.00 177.26
4183.00 177.06
4184.00 176.66
4185.00 176.66
4186.00 176.81
4187.00 177.16
4188.00 177.86
4189.00 178.47
4190.00 178.75
4191.00 178.61
4192.00 177.84
4193.00 177.72
4194.00 178.08
4195.00 181.10
4196.00 182.53
4197.00 182.29
4198.00 182.19
4199.00 182.26
4200.00 181.65
4201.00 181.78
4202.00 181.29
4203.00 181.44
4204.00 180.55
4205.00 181.05
4206.00 180.53
4207.00 181.02
4208.00 181.05
4209.00 181.61
4210.00 182.00
4211.00 181.97
4212.00 182.77
4213.00 182.91
4214.00 183.11
4215.00 182.94
4216.00 182.86
4217.00 183.62
4218.00 183.93
4219.00 183.97
4220.00 184.26
4221.00 184.84
4222.00 184.45
4223.00 184.20
4224.00 184.40
4225.00 184.58
4226.00 183.47
4227.00 182.86
4228.00 182.99
4229.00 181.43
4230.00 180.76
4231.00 179.67
4232.00 177.88
4233.00 174.80
4234.00 174.29
4235.00 175.31
4236.00 175.53
4237.00 176.73
4238.00 177.71
4239.00 179.00
4240.00 179.38
4241.00 179.39
4242.00 179.32
4243.00 179.45
4244.00 179.82
4245.00 179.83
4246.00 180.00
4247.00 180.39
4248.00 180.48
4249.00 181.59
4250.00 182.92
4251.00 183.85
4252.00 184.15
4253.00 184.32
4254.00 184.46
4255.00 184.68
4256.00 185.00
4257.00 185.27
4258.00 185.38
4259.00 185.48
4260.00 185.04
4261.00 183.97
4262.00 182.82
4263.00 182.17
4264.00 181.85
4265.00 180.71
4266.00 179.45
4267.00 179.08
4268.00 179.15
4269.00 180.00
4270.00 181.03
4271.00 182.11
4272.00 184.67
4273.00 188.08
4274.00 195.76
4275.00 195.41
4276.00 196.23
4277.00 195.89
4278.00 191.51
4279.00 188.93
4280.00 185.55
4281.00 180.05
4282.00 169.84
4283.00 162.02
4284.00 157.81
4285.00 155.97
4286.00 154.48
4287.00 154.51
4288.00 154.33
4289.00 155.05
4290.00 154.37
4291.00 153.53
4292.00 153.18
4293.00 153.35
4294.00 153.24
4295.00 152.54
4296.00 151.19
4297.00 149.97
4298.00 148.00
4299.00 144.94
4300.00 142.54
4301.00 139.21
4302.00 135.68
4303.00 132.93
4304.00 130.53
4305.00 128.54
4306.00 127.69
4307.00 127.85
4308.00 127.65
4309.00 127.97
4310.00 128.58
4311.00 129.72
4312.00 131.14
4313.00 132.10
4314.00 132.70
4315.00 133.31
4316.00 133.87
4317.00 133.94
4318.00 133.62
4319.00 133.69
4320.00 132.91
4321.00 132.29
4322.00 131.74
4323.00 132.08
4324.00 131.57
4325.00 130.41
4326.00 129.70
4327.00 129.15
4328.00 129.04
4329.00 129.17
4330.00 129.01
4331.00 129.68
4332.00 130.97
4333.00 133.53
4334.00 136.24
4335.00 139.89
4336.00 141.15
4337.00 142.95
4338.00 144.69
4339.00 146.00
4340.00 146.17
4341.00 144.99
4342.00 142.26
4343.00 139.55
4344.00 138.43
4345.00 138.83
4346.00 139.49
4347.00 138.18
4348.00 137.02
4349.00 137.51
4350.00 138.41
4351.00 138.99
4352.00 139.88
4353.00 140.78
4354.00 141.26
4355.00 140.98
4356.00 140.95
4357.00 140.78
4358.00 140.89
4359.00 140.91
4360.00 140.87
4361.00 141.03
4362.00 141.01
4363.00 141.17
4364.00 141.14
4365.00 141.72
4366.00 143.44
4367.00 144.07
4368.00 144.38
4369.00 144.96
4370.00 144.70
4371.00 144.94
4372.00 144.75
4373.00 144.80
4374.00 144.82
4375.00 144.15
4376.00 144.67
4377.00 144.74
4378.00 144.18
4379.00 144.11
4380.00 144.27
4381.00 143.93
4382.00 144.45
4383.00 144.84
4384.00 144.92
4385.00 145.56
4386.00 146.01
4387.00 146.41
4388.00 146.91
4389.00 146.26
4390.00 146.07
4391.00 146.59
4392.00 146.49
4393.00 146.02
4394.00 146.40
4395.00 146.07
4396.00 145.78
4397.00 145.59
4398.00 145.17
4399.00 145.21
4400.00 145.18
4401.00 144.76
4402.00 144.69
4403.00 144.88
4404.00 144.87
4405.00 144.25
4406.00 144.13
4407.00 144.68
4408.00 144.86
4409.00 144.60
4410.00 144.86
4411.00 145.22
4412.00 145.18
4413.00 145.59
4414.00 146.06
4415.00 145.83
4416.00 145.73
4417.00 146.12
4418.00 145.75
4419.00 145.17
4420.00 145.41
4421.00 145.39
4422.00 144.69
4423.00 144.09
4424.00 144.52
4425.00 145.11
4426.00 145.40
4427.00 146.06
4428.00 146.24
4429.00 145.71
4430.00 145.68
4431.00 145.93
4432.00 145.62
4433.00 144.62
4434.00 143.93
4435.00 144.15
4436.00 144.29
4437.00 143.97
4438.00 144.99
4439.00 146.72
4440.00 145.94
4441.00 145.44
4442.00 143.47
4443.00 147.25
4444.00 135.83
4445.00 132.21
4446.00 142.86
4447.00 142.85
4448.00 143.20
4449.00 143.69
4450.00 142.96
4451.00 142.88
4452.00 142.02
4453.00 141.40
4454.00 140.86
4455.00 140.62
4456.00 141.89
4457.00 142.42
4458.00 144.13
4459.00 145.78
4460.00 147.55
4461.00 149.49
4462.00 151.29
4463.00 153.49
4464.00 155.27
4465.00 157.13
4466.00 159.17
4467.00 160.93
4468.00 161.03
4469.00 161.40
4470.00 161.31
4471.00 161.64
4472.00 161.45
4473.00 161.13
4474.00 161.45
4475.00 161.30
4476.00 161.82
4477.00 161.93
4478.00 162.08
4479.00 162.30
4480.00 162.88
4481.00 163.44
4482.00 163.27
4483.00 163.76
4484.00 163.29
4485.00 163.32
4486.00 162.91
4487.00 163.18
4488.00 163.16
4489.00 163.38
4490.00 163.55
4491.00 163.49
4492.00 163.52
4493.00 163.58
4494.00 163.67
4495.00 163.84
4496.00 164.46
4497.00 164.86
4498.00 164.90
4499.00 164.98
4500.00 166.00
4501.00 165.60
4502.00 165.55
4503.00 165.65
4504.00 167.05
4505.00 167.22
4506.00 168.52
4507.00 168.50
4508.00 168.68
4509.00 168.13
4510.00 165.79
4511.00 162.54
4512.00 160.44
4513.00 160.09
4514.00 159.52
4515.00 158.99
4516.00 159.31
4517.00 160.31
4518.00 161.03
4519.00 160.96
4520.00 161.52
4521.00 162.20
4522.00 162.07
4523.00 162.36
4524.00 162.73
4525.00 162.27
4526.00 162.25
4527.00 162.61
4528.00 163.15
4529.00 163.86
4530.00 163.77
4531.00 164.36
4532.00 163.96
4533.00 164.33
4534.00 163.70
4535.00 162.98
4536.00 162.95
4537.00 162.45
4538.00 161.84
4539.00 162.40
4540.00 162.45
4541.00 162.78
4542.00 162.85
4543.00 162.58
4544.00 163.16
4545.00 162.61
4546.00 162.72
4547.00 162.27
4548.00 161.68
4549.00 161.72
4550.00 160.93
4551.00 160.57
4552.00 161.05
4553.00 161.80
4554.00 162.59
4555.00 163.23
4556.00 162.73
4557.00 162.80
4558.00 162.76
4559.00 162.88
4560.00 162.18
4561.00 161.70
4562.00 160.79
4563.00 159.55
4564.00 159.77
4565.00 159.57
4566.00 159.87
4567.00 161.13
4568.00 162.71
4569.00 165.76
4570.00 171.28
4571.00 183.00
4572.00 189.81
4573.00 192.97
4574.00 194.41
4575.00 194.92
4576.00 194.15
4577.00 190.74
4578.00 185.60
4579.00 179.29
4580.00 176.94
4581.00 174.73
4582.00 173.56
4583.00 173.68
4584.00 174.04
4585.00 174.10
4586.00 174.72
4587.00 175.67
4588.00 176.03
4589.00 176.00
4590.00 176.37
4591.00 177.70
4592.00 179.15
4593.00 180.17
4594.00 180.68
4595.00 180.87
4596.00 180.44
4597.00 179.47
4598.00 179.54
4599.00 180.26
4600.00 181.13
4601.00 181.89
4602.00 182.08
4603.00 181.61
4604.00 180.34
4605.00 179.92
4606.00 180.11
4607.00 180.77
4608.00 181.07
4609.00 181.79
4610.00 182.18
4611.00 182.46
4612.00 183.08
4613.00 184.26
4614.00 185.38
4615.00 185.69
4616.00 185.54
4617.00 184.89
4618.00 184.64
4619.00 185.60
4620.00 185.84
4621.00 185.83
4622.00 185.20
4623.00 184.66
4624.00 184.20
4625.00 184.01
4626.00 183.25
4627.00 181.88
4628.00 180.57
4629.00 180.72
4630.00 181.33
4631.00 181.66
4632.00 181.75
4633.00 181.43
4634.00 181.57
4635.00 181.22
4636.00 181.03
4637.00 180.91
4638.00 180.60
4639.00 181.46
4640.00 183.01
4641.00 184.50
4642.00 184.92
4643.00 184.69
4644.00 183.91
4645.00 182.83
4646.00 182.25
4647.00 181.14
4648.00 180.85
4649.00 180.60
4650.00 180.07
4651.00 179.79
4652.00 179.07
4653.00 178.53
4654.00 178.39
4655.00 178.73
4656.00 179.51
4657.00 180.07
4658.00 180.56
4659.00 180.99
4660.00 181.29
4661.00 181.67
4662.00 182.85
4663.00 183.82
4664.00 184.33
4665.00 184.40
4666.00 183.91
4667.00 182.99
4668.00 182.07
4669.00 181.18
4670.00 179.82
4671.00 178.56
4672.00 177.47
4673.00 176.15
4674.00 174.87
4675.00 172.05
4676.00 0.00
4677.00 0.00
4678.00 0.00
4679.00 0.00
4680.00 0.00
4681.00 0.00
4682.00 0.00
4683.00 0.00
4684.00 0.00
4685.00 0.00
4686.00 0.00
4687.00 0.00
4688.00 0.00
4689.00 0.00
4690.00 0.00
4691.00 0.00
4692.00 0.00
4693.00 0.00
4694.00 0.00
4695.00 0.00
4696.00 0.00
4697.00 0.00
4698.00 0.00
4699.00 0.00
4700.00 0.00
4701.00 0.00
4702.00 0.00
4703.00 0.00
4704.00 0.00
4705.00 0.00
4706.00 0.00
4707.00 0.00
4708.00 0.00
4709.00 0.00
4710.00 0.00
4711.00 0.00
4712.00 0.00
4713.00 0.00
4714.00 0.00
4715.00 0.00
4716.00 0.00
4717.00 0.00
4718.00 0.00
4719.00 0.00
4720.00 0.00
4721.00 0.00
4722.00 0.00
4723.00 0.00
4724.00 0.00
4725.00 0.00
4726.00 0.00
4727.00 0.00
4728.00 0.00
4729.00 0.00
4730.00 0.00
4731.00 0.00
4732.00 0.00
4733.00 0.00
4734.00 0.00
4735.00 0.00
4736.00 0.00
4737.00 0.00
4738.00 0.00
4739.00 0.00
4740.00 0.00
4741.00 0.00
4742.00 0.00
4743.00 0.00
4744.00 0.00
4745.00 0.00
4746.00 0.00
4747.00 0.00
4748.00 0.00
4749.00 0.00
4750.00 0.00
4751.00 0.00
4752.00 0.00
4753.00 0.00
4754.00 0.00
4755.00 0.00
4756.00 0.00
4757.00 0.00
4758.00 0.00
4759.00 0.00
4760.00 0.00
4761.00 0.00
4762.00 0.00
4763.00 0.00
4764.00 0.00
4765.00 0.00
4766.00 0.00
4767.00 0.00
4768.00 0.00
4769.00 0.00
4770.00 0.00
4771.00 0.00
4772.00 0.00
4773.00 0.00
4774.00 0.00
4775.00 163.51
4776.00 164.19
4777.00 166.00
4778.00 168.70
4779.00 171.29
4780.00 172.93
4781.00 174.14
4782.00 174.78
4783.00 175.41
4784.00 175.87
4785.00 175.91
4786.00 175.86
4787.00 175.90
4788.00 176.33
4789.00 176.73
4790.00 177.44
4791.00 177.85
4792.00 178.74
4793.00 179.18
4794.00 179.14
4795.00 179.27
4796.00 179.05
4797.00 179.10
4798.00 179.54
4799.00 179.57
4800.00 179.50
4801.00 179.57
4802.00 179.52
4803.00 179.72
4804.00 179.20
4805.00 179.44
4806.00 180.21
4807.00 180.46
4808.00 181.04
4809.00 181.56
4810.00 181.20
4811.00 181.30
4812.00 181.41
4813.00 181.44
4814.00 181.53
4815.00 182.15
4816.00 181.75
4817.00 181.97
4818.00 181.82
4819.00 181.06
4820.00 180.65
4821.00 180.29
4822.00 179.40
4823.00 179.82
4824.00 179.82
4825.00 180.09
4826.00 180.74
4827.00 181.16
4828.00 181.55
4829.00 182.30
4830.00 182.37
4831.00 182.60
4832.00 182.99
4833.00 182.78
4834.00 182.72
4835.00 182.84
4836.00 182.58
4837.00 182.53
4838.00 182.76
4839.00 182.36
4840.00 181.37
4841.00 180.99
4842.00 180.60
4843.00 180.38
4844.00 180.56
4845.00 180.72
4846.00 181.13
4847.00 181.22
4848.00 181.14
4849.00 181.34
4850.00 180.82
4851.00 181.29
4852.00 180.95
4853.00 180.27
4854.00 180.18
4855.00 180.30
4856.00 180.72
4857.00 181.47
4858.00 182.15
4859.00 182.45
4860.00 181.91
4861.00 181.21
4862.00 181.14
4863.00 180.89
4864.00 181.25
4865.00 180.72
4866.00 180.49
4867.00 180.56
4868.00 180.43
4869.00 180.52
4870.00 180.43
4871.00 180.06
4872.00 180.21
4873.00 180.24
4874.00 180.02
4875.00 179.62
4876.00 179.26
4877.00 179.67
4878.00 179.48
4879.00 180.20
4880.00 179.76
4881.00 180.24
4882.00 180.74
4883.00 180.78
4884.00 180.93
4885.00 180.58
4886.00 179.62
4887.00 179.08
4888.00 178.57
4889.00 178.89
4890.00 178.67
4891.00 179.07
4892.00 179.27
4893.00 179.39
4894.00 180.47
4895.00 180.30
4896.00 180.37
4897.00 180.52
4898.00 180.15
4899.00 179.74
4900.00 179.08
4901.00 178.72
4902.00 178.64
4903.00 178.22
4904.00 178.22
4905.00 178.35
4906.00 178.76
4907.00 179.03
4908.00 179.33
4909.00 179.71
4910.00 180.17
4911.00 179.86
4912.00 179.89
4913.00 179.72
4914.00 179.82
4915.00 179.95
4916.00 179.58
4917.00 179.56
4918.00 179.36
4919.00 179.56
4920.00 179.44
4921.00 179.59
4922.00 179.76
4923.00 179.35
4924.00 179.32
4925.00 178.70
4926.00 177.89
4927.00 177.12
4928.00 176.30
4929.00 176.07
4930.00 167.33
4931.00 168.02
4932.00 168.73
4933.00 168.90
4934.00 173.81
4935.00 176.47
4936.00 178.40
4937.00 179.10
4938.00 180.02
4939.00 179.74
4940.00 180.02
4941.00 180.11
4942.00 180.77
4943.00 180.80
4944.00 180.27
4945.00 180.98
4946.00 180.35
4947.00 180.99
4948.00 180.22
4949.00 179.36
4950.00 179.94
4951.00 179.49
4952.00 180.04
4953.00 180.21
4954.00 179.89
4955.00 181.24
4956.00 181.05
4957.00 181.88
4958.00 181.44
4959.00 181.25
4960.00 182.10
4961.00 181.65
4962.00 182.42
4963.00 182.83
4964.00 181.78
4965.00 182.21
4966.00 182.46
4967.00 181.86
4968.00 182.47
4969.00 181.93
4970.00 181.35
4971.00 182.09
4972.00 181.91
4973.00 182.41
4974.00 182.73
4975.00 182.03
4976.00 182.21
4977.00 183.01
4978.00 182.69
4979.00 183.59
4980.00 184.06
4981.00 183.88
4982.00 184.64
4983.00 184.07
4984.00 182.73
4985.00 182.37
4986.00 182.46
4987.00 182.37
4988.00 184.20
4989.00 184.84
4990.00 184.94
4991.00 184.87
4992.00 184.76
4993.00 183.84
4994.00 182.96
4995.00 182.34
4996.00 181.90
4997.00 181.58
4998.00 181.50
4999.00 181.50
5000.00 181.39
5001.00 180.78
5002.00 179.78
5003.00 177.49
5004.00 173.70
5005.00 0.00
5006.00 0.00
5007.00 0.00
5008.00 0.00
5009.00 0.00
5010.00 0.00
5011.00 0.00
5012.00 0.00
5013.00 0.00
5014.00 0.00
5015.00 0.00
5016.00 0.00
5017.00 0.00
5018.00 0.00
5019.00 0.00
5020.00 0.00
5021.00 0.00
5022.00 0.00
5023.00 0.00
5024.00 0.00
5025.00 0.00
5026.00 0.00
5027.00 0.00
5028.00 0.00
5029.00 0.00
5030.00 0.00
5031.00 0.00
5032.00 0.00
5033.00 0.00
5034.00 0.00
5035.00 0.00
5036.00 0.00
5037.00 0.00
5038.00 0.00
5039.00 0.00
5040.00 0.00
5041.00 0.00
5042.00 0.00
5043.00 0.00
5044.00 0.00
5045.00 0.00
5046.00 0.00
5047.00 0.00
5048.00 152.34
5049.00 151.85
5050.00 153.36
5051.00 153.41
5052.00 151.40
5053.00 147.70
5054.00 146.74
5055.00 145.96
5056.00 146.48
5057.00 146.25
5058.00 145.42
5059.00 145.34
5060.00 146.19
5061.00 147.32
5062.00 146.99
5063.00 146.93
5064.00 148.62
5065.00 150.84
5066.00 151.54
5067.00 152.62
5068.00 155.38
5069.00 158.24
5070.00 161.80
5071.00 164.45
5072.00 166.89
5073.00 169.12
5074.00 171.39
5075.00 172.92
5076.00 174.26
5077.00 174.80
5078.00 174.91
5079.00 175.36
5080.00 175.79
5081.00 176.32
5082.00 176.98
5083.00 177.15
5084.00 177.53
5085.00 178.15
5086.00 178.79
5087.00 179.31
5088.00 179.71
5089.00 179.73
5090.00 179.62
5091.00 179.54
5092.00 179.44
5093.00 179.74
5094.00 180.05
5095.00 179.94
5096.00 179.66
5097.00 179.70
5098.00 179.55
5099.00 179.72
5100.00 180.12
5101.00 180.55
5102.00 181.12
5103.00 181.35
5104.00 181.13
5105.00 181.30
5106.00 181.12
5107.00 180.23
5108.00 179.70
5109.00 179.41
5110.00 179.15
5111.00 179.27
5112.00 179.23
5113.00 179.18
5114.00 178.99
5115.00 178.41
5116.00 178.31
5117.00 178.21
5118.00 178.20
5119.00 177.95
5120.00 177.82
5121.00 178.06
5122.00 177.82
5123.00 177.60
5124.00 177.32
5125.00 177.10
5126.00 177.85
5127.00 178.28
5128.00 179.48
5129.00 179.48
5130.00 180.09
5131.00 180.04
5132.00 180.02
5133.00 179.77
5134.00 178.96
5135.00 178.83
5136.00 178.56
5137.00 178.45
5138.00 178.45
5139.00 178.09
5140.00 178.11
5141.00 178.46
5142.00 178.85
5143.00 179.16
5144.00 179.14
5145.00 179.14
5146.00 179.23
5147.00 179.48
5148.00 179.69
5149.00 180.17
5150.00 180.09
5151.00 179.66
5152.00 179.08
5153.00 178.81
5154.00 178.31
5155.00 178.34
5156.00 178.00
5157.00 177.66
5158.00 177.57
5159.00 178.33
5160.00 178.43
5161.00 178.99
5162.00 178.66
5163.00 178.57
5164.00 178.38
5165.00 178.15
5166.00 178.22
5167.00 177.61
5168.00 177.59
5169.00 177.09
5170.00 176.62
5171.00 176.94
5172.00 177.57
5173.00 177.90
5174.00 177.92
5175.00 178.12
5176.00 178.85
5177.00 179.55
5178.00 180.21
5179.00 180.15
5180.00 180.37
5181.00 180.16
5182.00 179.48
5183.00 179.30
5184.00 179.45
5185.00 180.17
5186.00 180.22
5187.00 181.43
5188.00 181.50
5189.00 181.44
5190.00 181.65
5191.00 180.54
5192.00 180.32
5193.00 180.59
5194.00 181.05
5195.00 181.15
5196.00 181.49
5197.00 182.21
5198.00 182.02
5199.00 181.96
5200.00 181.99
5201.00 182.04
5202.00 182.20
5203.00 182.21
5204.00 181.64
5205.00 181.13
5206.00 180.78
5207.00 180.62
5208.00 180.91
5209.00 181.38
5210.00 181.61
5211.00 182.43
5212.00 183.14
5213.00 184.07
5214.00 184.43
5215.00 184.54
5216.00 184.27
5217.00 184.00
5218.00 182.92
5219.00 181.05
5220.00 180.82
5221.00 180.49
5222.00 180.09
5223.00 180.04
5224.00 180.54
5225.00 181.48
5226.00 182.30
5227.00 182.58
5228.00 182.65
5229.00 182.75
5230.00 182.49
5231.00 182.18
5232.00 181.70
5233.00 180.98
5234.00 180.62
5235.00 180.59
5236.00 180.61
5237.00 181.15
5238.00 181.79
5239.00 182.76
5240.00 183.12
5241.00 183.52
5242.00 182.99
5243.00 182.40
5244.00 182.29
5245.00 182.24
5246.00 181.61
5247.00 181.72
5248.00 182.39
5249.00 182.54
5250.00 182.75
5251.00 183.74
5252.00 184.77
5253.00 184.81
5254.00 185.05
5255.00 184.87
5256.00 183.94
5257.00 183.13
5258.00 182.91
5259.00 182.33
5260.00 181.35
5261.00 180.56
5262.00 179.98
5263.00 179.66
5264.00 179.76
5265.00 179.70
5266.00 179.95
5267.00 179.63
5268.00 179.96
5269.00 180.23
5270.00 180.49
5271.00 180.51
5272.00 180.24
5273.00 179.96
5274.00 179.72
5275.00 179.30
5276.00 177.62
5277.00 176.04
5278.00 174.01
5279.00 171.02
5280.00 169.58
5281.00 169.03
5282.00 168.80
5283.00 168.89
5284.00 169.10
5285.00 169.66
5286.00 169.54
5287.00 168.19
5288.00 167.35
5289.00 166.90
5290.00 166.39
5291.00 164.59
5292.00 163.19
5293.00 162.48
5294.00 161.86
5295.00 161.78
5296.00 161.09
5297.00 160.58
5298.00 161.45
5299.00 161.42
5300.00 161.66
5301.00 159.57
5302.00 153.97
5303.00 0.00
5304.00 0.00
5305.00 0.00
5306.00 0.00
5307.00 0.00
5308.00 0.00
5309.00 0.00
5310.00 0.00
5311.00 0.00
5312.00 0.00
5313.00 0.00
5314.00 0.00
5315.00 0.00
5316.00 0.00
5317.00 0.00
5318.00 0.00
5319.00 0.00
5320.00 0.00
5321.00 0.00
5322.00 0.00
5323.00 0.00
5324.00 0.00
5325.00 0.00
5326.00 0.00
5327.00 0.00
5328.00 0.00
5329.00 0.00
5330.00 0.00
5331.00 0.00
5332.00 0.00
5333.00 0.00
5334.00 0.00
5335.00 0.00
5336.00 0.00
5337.00 0.00
5338.00 0.00
5339.00 0.00
5340.00 0.00
5341.00 0.00
5342.00 0.00
5343.00 0.00
5344.00 0.00
5345.00 0.00
5346.00 0.00
5347.00 0.00
5348.00 0.00
5349.00 0.00
5350.00 0.00
5351.00 0.00
5352.00 0.00
5353.00 0.00
5354.00 0.00
5355.00 134.21
5356.00 132.28
5357.00 131.88
5358.00 131.25
5359.00 131.38
5360.00 132.23
5361.00 132.72
5362.00 132.66
5363.00 131.95
5364.00 131.91
5365.00 133.23
5366.00 133.35
5367.00 134.02
5368.00 133.18
5369.00 135.19
5370.00 137.32
5371.00 136.24
5372.00 138.04
5373.00 140.49
5374.00 140.13
5375.00 140.37
5376.00 141.72
5377.00 141.32
5378.00 140.71
5379.00 141.00
5380.00 140.81
5381.00 141.30
5382.00 141.62
5383.00 140.89
5384.00 141.50
5385.00 140.81
5386.00 141.55
5387.00 141.40
5388.00 140.24
5389.00 141.36
5390.00 141.46
5391.00 142.74
5392.00 143.67
5393.00 143.86
5394.00 144.76
5395.00 144.77
5396.00 145.66
5397.00 145.25
5398.00 145.77
5399.00 146.05
5400.00 146.76
5401.00 146.83
5402.00 146.21
5403.00 146.29
5404.00 145.31
5405.00 145.68
5406.00 144.58
5407.00 144.87
5408.00 144.32
5409.00 144.83
5410.00 145.00
5411.00 145.58
5412.00 146.26
5413.00 146.38
5414.00 147.91
5415.00 147.55
5416.00 149.35
5417.00 148.81
5418.00 148.16
5419.00 148.44
5420.00 147.24
5421.00 146.99
5422.00 147.23
5423.00 146.77
5424.00 147.72
5425.00 147.74
5426.00 147.24
5427.00 148.23
5428.00 147.61
5429.00 148.03
5430.00 148.53
5431.00 147.90
5432.00 148.61
5433.00 147.77
5434.00 146.57
5435.00 146.79
5436.00 145.63
5437.00 145.87
5438.00 145.57
5439.00 145.65
5440.00 145.65
5441.00 144.93
5442.00 145.29
5443.00 145.18
5444.00 146.23
5445.00 146.07
5446.00 148.09
5447.00 148.10
5448.00 148.49
5449.00 149.71
5450.00 149.25
5451.00 148.19
5452.00 148.16
5453.00 146.76
5454.00 147.05
5455.00 146.57
5456.00 147.05
5457.00 146.80
5458.00 146.63
5459.00 146.90
5460.00 146.19
5461.00 147.33
5462.00 146.62
5463.00 147.11
5464.00 147.20
5465.00 146.45
5466.00 146.30
5467.00 144.77
5468.00 145.22
5469.00 146.37
5470.00 147.09
5471.00 147.48
5472.00 147.79
5473.00 147.72
5474.00 147.78
5475.00 147.98
5476.00 148.98
5477.00 150.49
5478.00 151.59
5479.00 152.90
5480.00 152.35
5481.00 152.20
5482.00 152.46
5483.00 152.14
5484.00 151.18
5485.00 151.15
5486.00 150.77
5487.00 149.42
5488.00 149.50
5489.00 148.96
5490.00 148.15
5491.00 149.03
5492.00 148.86
5493.00 148.72
5494.00 149.37
5495.00 149.33
5496.00 147.96
5497.00 147.12
5498.00 146.92
5499.00 145.92
5500.00 146.12
5501.00 144.84
5502.00 144.95
5503.00 144.81
5504.00 144.65
5505.00 144.63
5506.00 144.58
5507.00 144.98
5508.00 145.18
5509.00 145.43
5510.00 145.25
5511.00 145.21
5512.00 145.08
5513.00 145.38
5514.00 145.64
5515.00 145.60
5516.00 145.23
5517.00 144.19
5518.00 144.08
5519.00 143.61
5520.00 143.71
5521.00 144.29
5522.00 143.92
5523.00 144.70
5524.00 145.35
5525.00 145.34
5526.00 145.32
5527.00 145.03
5528.00 144.80
5529.00 145.00
5530.00 145.05
5531.00 144.56
5532.00 144.61
5533.00 144.46
5534.00 144.52
5535.00 144.76
5536.00 144.49
5537.00 144.66
5538.00 144.83
5539.00 145.07
5540.00 145.41
5541.00 145.57
5542.00 145.51
5543.00 145.11
5544.00 144.67
5545.00 144.69
5546.00 144.46
5547.00 144.43
5548.00 144.68
5549.00 144.80
5550.00 144.45
5551.00 144.55
5552.00 144.05
5553.00 143.60
5554.00 143.94
5555.00 143.84
5556.00 143.77
5557.00 143.86
5558.00 143.30
5559.00 143.53
5560.00 143.63
5561.00 143.89
5562.00 143.81
5563.00 143.43
5564.00 143.33
5565.00 144.05
5566.00 144.04
5567.00 143.24
5568.00 143.04
5569.00 143.05
5570.00 142.25
5571.00 141.53
5572.00 140.30
5573.00 140.32
5574.00 143.33
5575.00 144.28
5576.00 144.88
5577.00 143.58
5578.00 142.54
5579.00 142.60
5580.00 142.77
5581.00 141.42
5582.00 140.74
5583.00 140.27
5584.00 140.25
5585.00 140.38
5586.00 139.92
5587.00 140.45
5588.00 140.04
5589.00 140.30
5590.00 141.10
5591.00 141.40
5592.00 141.34
5593.00 142.07
5594.00 142.30
5595.00 142.51
5596.00 142.46
5597.00 141.60
5598.00 142.07
5599.00 142.22
5600.00 141.65
5601.00 141.67
5602.00 142.07
5603.00 141.30
5604.00 140.73
5605.00 141.04
5606.00 140.46
5607.00 139.91
5608.00 140.73
5609.00 139.99
5610.00 140.78
5611.00 141.16
5612.00 141.24
5613.00 142.72
5614.00 143.88
5615.00 143.77
5616.00 143.73
5617.00 143.99
5618.00 143.65
5619.00 142.86
5620.00 143.33
5621.00 143.53
5622.00 142.60
5623.00 142.38
5624.00 142.56
5625.00 143.04
5626.00 143.06
5627.00 143.72
5628.00 143.80
5629.00 143.39
5630.00 143.27
5631.00 142.68
5632.00 142.04
5633.00 142.27
5634.00 141.53
5635.00 141.19
5636.00 141.41
5637.00 141.42
5638.00 141.39
5639.00 142.14
5640.00 142.05
5641.00 141.40
5642.00 141.51
5643.00 141.36
5644.00 140.99
5645.00 140.29
5646.00 140.81
5647.00 141.43
5648.00 141.13
5649.00 141.65
5650.00 142.33
5651.00 141.92
5652.00 141.44
5653.00 142.06
5654.00 142.07
5655.00 141.41
5656.00 141.49
5657.00 140.88
5658.00 139.75
5659.00 140.11
5660.00 140.62
5661.00 139.56
5662.00 139.43
5663.00 139.82
5664.00 139.23
5665.00 139.36
5666.00 139.79
5667.00 139.68
5668.00 138.31
5669.00 138.02
5670.00 136.39
5671.00 137.08
5672.00 138.27
5673.00 139.76
5674.00 141.47
5675.00 141.95
5676.00 141.86
5677.00 142.00
5678.00 140.66
5679.00 140.49
5680.00 140.61
5681.00 141.13
5682.00 142.16
5683.00 143.07
5684.00 143.20
5685.00 143.95
5686.00 144.78
5687.00 144.79
5688.00 144.66
5689.00 143.70
5690.00 142.53
5691.00 142.28
5692.00 141.49
5693.00 141.50
5694.00 142.71
5695.00 143.13
5696.00 143.67
5697.00 145.12
5698.00 145.17
5699.00 145.31
5700.00 145.71
5701.00 144.91
5702.00 145.19
5703.00 145.00
5704.00 145.13
5705.00 145.56
5706.00 145.40
5707.00 146.07
5708.00 145.55
5709.00 145.38
5710.00 145.60
5711.00 144.76
5712.00 145.13
5713.00 145.55
5714.00 145.21
5715.00 145.87
5716.00 146.03
5717.00 146.21
5718.00 146.45
5719.00 146.37
5720.00 146.65
5721.00 146.63
5722.00 146.87
5723.00 146.44
5724.00 146.83
5725.00 146.37
5726.00 146.39
5727.00 145.41
5728.00 145.17
5729.00 145.01
5730.00 144.22
5731.00 144.82
5732.00 144.85
5733.00 144.91
5734.00 145.65
5735.00 145.67
5736.00 145.81
5737.00 145.90
5738.00 145.44
5739.00 145.87
5740.00 145.88
5741.00 145.57
5742.00 146.01
5743.00 145.30
5744.00 144.98
5745.00 144.99
5746.00 144.50
5747.00 144.86
5748.00 144.63
5749.00 144.43
5750.00 144.99
5751.00 144.86
5752.00 145.05
5753.00 145.78
5754.00 145.84
5755.00 145.79
5756.00 145.54
5757.00 145.24
5758.00 145.76
5759.00 145.51
5760.00 145.11
5761.00 145.76
5762.00 145.52
5763.00 144.95
5764.00 145.39
5765.00 144.85
5766.00 144.02
5767.00 144.10
5768.00 144.12
5769.00 142.63
5770.00 140.46
5771.00 136.98
5772.00 0.00
5773.00 0.00
5774.00 0.00
5775.00 0.00
5776.00 0.00
5777.00 0.00
5778.00 0.00
5779.00 0.00
5780.00 0.00
5781.00 0.00
5782.00 0.00
5783.00 0.00
5784.00 0.00
5785.00 0.00
5786.00 0.00
5787.00 0.00
5788.00 0.00
5789.00 0.00
5790.00 0.00
5791.00 0.00
5792.00 0.00
5793.00 0.00
5794.00 0.00
5795.00 0.00
5796.00 0.00
5797.00 0.00
5798.00 0.00
5799.00 0.00
5800.00 0.00
5801.00 0.00
5802.00 0.00
5803.00 0.00
5804.00 0.00
5805.00 0.00
5806.00 0.00
5807.00 0.00
5808.00 0.00
5809.00 0.00
5810.00 0.00
5811.00 0.00
5812.00 0.00
5813.00 0.00
5814.00 0.00
5815.00 0.00
5816.00 0.00
5817.00 0.00
5818.00 0.00
5819.00 0.00
5820.00 0.00
5821.00 0.00
5822.00 0.00
5823.00 0.00
5824.00 0.00
5825.00 0.00
5826.00 0.00
5827.00 0.00
5828.00 0.00
5829.00 0.00
5830.00 0.00
5831.00 0.00
5832.00 0.00
5833.00 0.00
5834.00 123.53
5835.00 130.30
5836.00 131.29
5837.00 134.76
5838.00 137.55
5839.00 140.68
5840.00 142.80
5841.00 145.86
5842.00 147.24
5843.00 149.93
5844.00 151.61
5845.00 153.44
5846.00 154.98
5847.00 156.74
5848.00 158.28
5849.00 158.87
5850.00 160.30
5851.00 161.00
5852.00 162.15
5853.00 163.21
5854.00 163.54
5855.00 164.07
5856.00 164.34
5857.00 164.90
5858.00 164.96
5859.00 164.93
5860.00 164.62
5861.00 165.03
5862.00 165.17
5863.00 165.20
5864.00 164.92
5865.00 165.30
5866.00 165.55
5867.00 165.05
5868.00 165.22
5869.00 164.92
5870.00 164.65
5871.00 164.09
5872.00 164.05
5873.00 163.81
5874.00 163.88
5875.00 163.45
5876.00 163.41
5877.00 162.88
5878.00 162.70
5879.00 162.58
5880.00 162.49
5881.00 162.85
5882.00 162.88
5883.00 162.71
5884.00 162.86
5885.00 162.80
5886.00 163.43
5887.00 163.27
5888.00 163.43
5889.00 163.35
5890.00 163.56
5891.00 164.03
5892.00 164.43
5893.00 164.46
5894.00 164.49
5895.00 164.21
5896.00 163.46
5897.00 162.79
5898.00 160.41
5899.00 158.24
5900.00 156.38
5901.00 156.01
5902.00 155.88
5903.00 156.52
5904.00 157.54
5905.00 158.23
5906.00 158.57
5907.00 158.47
5908.00 158.09
5909.00 158.26
5910.00 158.59
5911.00 159.21
5912.00 159.46
5913.00 159.26
5914.00 159.06
5915.00 159.38
5916.00 159.99
5917.00 160.05
5918.00 159.88
5919.00 159.54
5920.00 160.15
5921.00 160.65
5922.00 160.23
5923.00 159.94
5924.00 160.63
5925.00 160.26
5926.00 159.64
5927.00 160.23
5928.00 159.99
5929.00 159.48
5930.00 159.83
5931.00 160.43
5932.00 159.80
5933.00 160.52
5934.00 161.45
5935.00 161.89
5936.00 163.07
5937.00 162.82
5938.00 162.98
5939.00 162.99
5940.00 161.87
5941.00 161.84
5942.00 160.83
5943.00 160.35
5944.00 160.96
5945.00 160.40
5946.00 160.74
5947.00 161.13
5948.00 160.59
5949.00 161.39
5950.00 160.78
5951.00 160.19
5952.00 161.15
5953.00 161.13
5954.00 160.20
5955.00 160.62
5956.00 160.55
5957.00 159.77
5958.00 160.34
5959.00 160.84
5960.00 160.04
5961.00 160.12
5962.00 160.91
5963.00 161.23
5964.00 160.69
5965.00 161.89
5966.00 161.99
5967.00 160.57
5968.00 160.27
5969.00 159.75
5970.00 159.42
5971.00 159.95
5972.00 158.83
5973.00 159.47
5974.00 160.53
5975.00 160.05
5976.00 160.09
5977.00 160.05
5978.00 159.51
5979.00 160.03
5980.00 159.55
5981.00 159.39
5982.00 158.30
5983.00 157.32
5984.00 155.07
5985.00 152.55
5986.00 278.77
5987.00 140.23
5988.00 135.18
5989.00 131.95
5990.00 60.40
5991.00 122.14
5992.00 60.10
5993.00 122.23
5994.00 126.24
5995.00 130.28
5996.00 134.26
5997.00 138.86
5998.00 144.37
5999.00 148.24
6000.00 156.14
6001.00 161.59
6002.00 165.85
6003.00 170.72
6004.00 173.65
6005.00 176.66
6006.00 178.73
6007.00 179.88
6008.00 180.38
6009.00 179.77
6010.00 178.68
6011.00 177.95
6012.00 177.95
6013.00 178.68
6014.00 179.14
6015.00 179.28
6016.00 178.90
6017.00 178.52
6018.00 178.00
6019.00 177.82
6020.00 177.99
6021.00 178.30
6022.00 178.48
6023.00 178.44
6024.00 178.97
6025.00 180.25
6026.00 181.25
6027.00 182.08
6028.00 182.89
6029.00 182.92
6030.00 182.70
6031.00 182.76
6032.00 182.92
6033.00 183.35
6034.00 182.99
6035.00 181.73
6036.00 180.79
6037.00 180.02
6038.00 179.26
6039.00 178.74
6040.00 178.98
6041.00 180.39
6042.00 181.45
6043.00 182.06
6044.00 183.08
6045.00 183.97
6046.00 185.39
6047.00 186.02
6048.00 184.79
6049.00 183.19
6050.00 182.47
6051.00 182.28
6052.00 182.15
6053.00 181.96
6054.00 181.63
6055.00 181.79
6056.00 182.02
6057.00 182.23
6058.00 182.17
6059.00 181.67
6060.00 181.57
6061.00 181.92
6062.00 182.54
6063.00 182.96
6064.00 183.59
6065.00 183.56
6066.00 183.84
6067.00 183.93
6068.00 184.58
6069.00 184.86
6070.00 184.91
6071.00 184.53
6072.00 184.11
6073.00 183.71
6074.00 183.29
6075.00 182.56
6076.00 182.13
6077.00 181.87
6078.00 182.28
6079.00 183.17
6080.00 183.96
6081.00 184.67
6082.00 185.59
6083.00 185.90
6084.00 185.73
6085.00 185.46
6086.00 185.04
6087.00 184.49
6088.00 184.35
6089.00 184.34
6090.00 184.59
6091.00 184.76
6092.00 184.56
6093.00 184.41
6094.00 184.28
6095.00 183.93
6096.00 183.89
6097.00 184.15
6098.00 184.47
6099.00 184.51
6100.00 183.94
6101.00 183.88
6102.00 184.18
6103.00 184.53
6104.00 184.77
6105.00 184.70
6106.00 184.57
6107.00 184.52
6108.00 184.25
6109.00 183.84
6110.00 183.46
6111.00 183.14
6112.00 182.94
6113.00 182.94
6114.00 183.09
6115.00 183.07
6116.00 182.89
6117.00 182.99
6118.00 183.24
6119.00 183.72
6120.00 183.87
6121.00 183.13
6122.00 182.95
6123.00 182.75
6124.00 182.86
6125.00 182.94
6126.00 183.04
6127.00 182.98
6128.00 182.88
6129.00 182.92
6130.00 182.56
6131.00 182.05
6132.00 181.36
6133.00 180.96
6134.00 180.92
6135.00 181.24
6136.00 181.54
6137.00 181.31
6138.00 181.51
6139.00 181.69
6140.00 181.70
6141.00 181.98
6142.00 182.74
6143.00 183.57
6144.00 183.77
6145.00 183.30
6146.00 182.78
6147.00 183.13
6148.00 182.90
6149.00 181.62
6150.00 181.08
6151.00 181.12
6152.00 180.56
6153.00 180.55
6154.00 179.52
6155.00 177.40
6156.00 175.76
6157.00 173.07
6158.00 0.00
6159.00 0.00
6160.00 0.00
6161.00 0.00
6162.00 0.00
6163.00 0.00
6164.00 0.00
6165.00 0.00
6166.00 0.00
6167.00 0.00
6168.00 0.00
6169.00 0.00
6170.00 0.00
6171.00 0.00
6172.00 0.00
6173.00 0.00
6174.00 0.00
6175.00 0.00
6176.00 0.00
6177.00 0.00
6178.00 0.00
6179.00 0.00
6180.00 0.00
6181.00 0.00
6182.00 0.00
6183.00 0.00
6184.00 0.00
6185.00 0.00
6186.00 0.00
6187.00 0.00
6188.00 0.00
6189.00 0.00
6190.00 0.00
6191.00 0.00
6192.00 0.00
6193.00 0.00
6194.00 0.00
6195.00 0.00
6196.00 0.00
6197.00 0.00
6198.00 0.00
6199.00 0.00
6200.00 0.00
6201.00 0.00
6202.00 0.00
6203.00 0.00
6204.00 0.00
6205.00 0.00
6206.00 0.00
6207.00 0.00
6208.00 0.00
6209.00 0.00
6210.00 0.00
6211.00 0.00
6212.00 0.00
6213.00 0.00
6214.00 0.00
6215.00 0.00
6216.00 0.00
6217.00 0.00
6218.00 0.00
6219.00 0.00
6220.00 0.00
6221.00 0.00
6222.00 0.00
6223.00 0.00
6224.00 0.00
6225.00 0.00
6226.00 0.00
