0.00 0.00
1.00 0.00
2.00 0.00
3.00 0.00
4.00 0.00
5.00 0.00
6.00 0.00
7.00 0.00
8.00 0.00
9.00 0.00
10.00 0.00
11.00 0.00
12.00 0.00
13.00 0.00
14.00 0.00
15.00 0.00
16.00 0.00
17.00 0.00
18.00 0.00
19.00 0.00
20.00 0.00
21.00 0.00
22.00 0.00
23.00 0.00
24.00 0.00
25.00 0.00
26.00 0.00
27.00 0.00
28.00 0.00
29.00 0.00
30.00 0.00
31.00 0.00
32.00 0.00
33.00 0.00
34.00 0.00
35.00 0.00
36.00 0.00
37.00 0.00
38.00 0.00
39.00 0.00
40.00 0.00
41.00 0.00
42.00 0.00
43.00 0.00
44.00 0.00
45.00 0.00
46.00 0.00
47.00 0.00
48.00 0.00
49.00 0.00
50.00 0.00
51.00 0.00
52.00 0.00
53.00 0.00
54.00 0.00
55.00 0.00
56.00 0.00
57.00 0.00
58.00 0.00
59.00 0.00
60.00 0.00
61.00 0.00
62.00 0.00
63.00 0.00
64.00 0.00
65.00 0.00
66.00 0.00
67.00 0.00
68.00 0.00
69.00 0.00
70.00 0.00
71.00 0.00
72.00 0.00
73.00 0.00
74.00 0.00
75.00 0.00
76.00 0.00
77.00 0.00
78.00 0.00
79.00 0.00
80.00 0.00
81.00 0.00
82.00 0.00
83.00 0.00
84.00 0.00
85.00 0.00
86.00 0.00
87.00 0.00
88.00 0.00
89.00 0.00
90.00 0.00
91.00 0.00
92.00 0.00
93.00 0.00
94.00 0.00
95.00 0.00
96.00 0.00
97.00 0.00
98.00 0.00
99.00 0.00
100.00 0.00
101.00 0.00
102.00 0.00
103.00 0.00
104.00 0.00
105.00 0.00
106.00 0.00
107.00 0.00
108.00 0.00
109.00 0.00
110.00 0.00
111.00 0.00
112.00 0.00
113.00 0.00
114.00 0.00
115.00 0.00
116.00 0.00
117.00 0.00
118.00 0.00
119.00 0.00
120.00 0.00
121.00 0.00
122.00 0.00
123.00 0.00
124.00 0.00
125.00 0.00
126.00 0.00
127.00 0.00
128.00 0.00
129.00 0.00
130.00 0.00
131.00 0.00
132.00 0.00
133.00 0.00
134.00 0.00
135.00 0.00
136.00 0.00
137.00 0.00
138.00 0.00
139.00 0.00
140.00 0.00
141.00 0.00
142.00 0.00
143.00 0.00
144.00 0.00
145.00 0.00
146.00 0.00
147.00 0.00
148.00 0.00
149.00 0.00
150.00 0.00
151.00 0.00
152.00 0.00
153.00 0.00
154.00 0.00
155.00 0.00
156.00 0.00
157.00 0.00
158.00 0.00
159.00 0.00
160.00 0.00
161.00 0.00
162.00 0.00
163.00 0.00
164.00 0.00
165.00 0.00
166.00 0.00
167.00 0.00
168.00 0.00
169.00 0.00
170.00 0.00
171.00 0.00
172.00 0.00
173.00 0.00
174.00 0.00
175.00 0.00
176.00 0.00
177.00 0.00
178.00 0.00
179.00 0.00
180.00 0.00
181.00 0.00
182.00 0.00
183.00 0.00
184.00 0.00
185.00 0.00
186.00 0.00
187.00 0.00
188.00 0.00
189.00 0.00
190.00 0.00
191.00 0.00
192.00 0.00
193.00 0.00
194.00 0.00
195.00 0.00
196.00 0.00
197.00 0.00
198.00 0.00
199.00 0.00
200.00 0.00
201.00 0.00
202.00 0.00
203.00 0.00
204.00 0.00
205.00 0.00
206.00 0.00
207.00 0.00
208.00 0.00
209.00 0.00
210.00 0.00
211.00 0.00
212.00 0.00
213.00 0.00
214.00 0.00
215.00 0.00
216.00 0.00
217.00 0.00
218.00 0.00
219.00 0.00
220.00 0.00
221.00 0.00
222.00 0.00
223.00 0.00
224.00 0.00
225.00 0.00
226.00 0.00
227.00 0.00
228.00 0.00
229.00 0.00
230.00 0.00
231.00 0.00
232.00 0.00
233.00 0.00
234.00 0.00
235.00 0.00
236.00 0.00
237.00 0.00
238.00 0.00
239.00 0.00
240.00 0.00
241.00 0.00
242.00 0.00
243.00 0.00
244.00 0.00
245.00 0.00
246.00 0.00
247.00 0.00
248.00 0.00
249.00 0.00
250.00 0.00
251.00 0.00
252.00 0.00
253.00 0.00
254.00 0.00
255.00 0.00
256.00 0.00
257.00 0.00
258.00 0.00
259.00 0.00
260.00 0.00
261.00 0.00
262.00 0.00
263.00 0.00
264.00 0.00
265.00 0.00
266.00 0.00
267.00 0.00
268.00 0.00
269.00 0.00
270.00 0.00
271.00 0.00
272.00 0.00
273.00 0.00
274.00 0.00
275.00 0.00
276.00 0.00
277.00 0.00
278.00 0.00
279.00 0.00
280.00 0.00
281.00 0.00
282.00 0.00
283.00 0.00
284.00 0.00
285.00 0.00
286.00 0.00
287.00 0.00
288.00 0.00
289.00 0.00
290.00 0.00
291.00 0.00
292.00 0.00
293.00 0.00
294.00 0.00
295.00 0.00
296.00 0.00
297.00 0.00
298.00 0.00
299.00 0.00
300.00 0.00
301.00 0.00
302.00 0.00
303.00 0.00
304.00 0.00
305.00 0.00
306.00 0.00
307.00 0.00
308.00 0.00
309.00 0.00
310.00 0.00
311.00 0.00
312.00 0.00
313.00 0.00
314.00 0.00
315.00 0.00
316.00 0.00
317.00 0.00
318.00 0.00
319.00 0.00
320.00 0.00
321.00 0.00
322.00 0.00
323.00 0.00
324.00 0.00
325.00 0.00
326.00 0.00
327.00 0.00
328.00 0.00
329.00 0.00
330.00 0.00
331.00 0.00
332.00 0.00
333.00 0.00
334.00 0.00
335.00 0.00
336.00 0.00
337.00 0.00
338.00 0.00
339.00 0.00
340.00 0.00
341.00 0.00
342.00 0.00
343.00 0.00
344.00 0.00
345.00 0.00
346.00 0.00
347.00 0.00
348.00 0.00
349.00 0.00
350.00 0.00
351.00 0.00
352.00 0.00
353.00 0.00
354.00 0.00
355.00 0.00
356.00 0.00
357.00 0.00
358.00 0.00
359.00 0.00
360.00 0.00
361.00 0.00
362.00 0.00
363.00 0.00
364.00 0.00
365.00 0.00
366.00 0.00
367.00 0.00
368.00 0.00
369.00 0.00
370.00 0.00
371.00 0.00
372.00 0.00
373.00 0.00
374.00 0.00
375.00 0.00
376.00 0.00
377.00 0.00
378.00 0.00
379.00 0.00
380.00 0.00
381.00 0.00
382.00 0.00
383.00 0.00
384.00 0.00
385.00 0.00
386.00 0.00
387.00 0.00
388.00 0.00
389.00 0.00
390.00 0.00
391.00 0.00
392.00 0.00
393.00 0.00
394.00 0.00
395.00 0.00
396.00 0.00
397.00 0.00
398.00 0.00
399.00 0.00
400.00 0.00
401.00 0.00
402.00 0.00
403.00 0.00
404.00 0.00
405.00 0.00
406.00 0.00
407.00 0.00
408.00 0.00
409.00 0.00
410.00 0.00
411.00 0.00
412.00 0.00
413.00 0.00
414.00 0.00
415.00 0.00
416.00 0.00
417.00 0.00
418.00 0.00
419.00 0.00
420.00 0.00
421.00 0.00
422.00 0.00
423.00 0.00
424.00 0.00
425.00 0.00
426.00 0.00
427.00 0.00
428.00 0.00
429.00 0.00
430.00 0.00
431.00 0.00
432.00 0.00
433.00 0.00
434.00 0.00
435.00 0.00
436.00 0.00
437.00 0.00
438.00 0.00
439.00 0.00
440.00 0.00
441.00 0.00
442.00 0.00
443.00 0.00
444.00 0.00
445.00 0.00
446.00 0.00
447.00 0.00
448.00 0.00
449.00 0.00
450.00 0.00
451.00 0.00
452.00 0.00
453.00 0.00
454.00 0.00
455.00 0.00
456.00 0.00
457.00 0.00
458.00 0.00
459.00 0.00
460.00 0.00
461.00 0.00
462.00 0.00
463.00 0.00
464.00 0.00
465.00 0.00
466.00 0.00
467.00 0.00
468.00 0.00
469.00 0.00
470.00 0.00
471.00 0.00
472.00 0.00
473.00 0.00
474.00 0.00
475.00 0.00
476.00 0.00
477.00 0.00
478.00 0.00
479.00 0.00
480.00 0.00
481.00 0.00
482.00 0.00
483.00 0.00
484.00 0.00
485.00 0.00
486.00 0.00
487.00 0.00
488.00 0.00
489.00 0.00
490.00 0.00
491.00 0.00
492.00 0.00
493.00 0.00
494.00 0.00
495.00 0.00
496.00 0.00
497.00 0.00
498.00 0.00
499.00 0.00
500.00 0.00
501.00 0.00
502.00 0.00
503.00 0.00
504.00 0.00
505.00 0.00
506.00 0.00
507.00 0.00
508.00 0.00
509.00 0.00
510.00 0.00
511.00 0.00
512.00 0.00
513.00 0.00
514.00 0.00
515.00 0.00
516.00 0.00
517.00 0.00
518.00 0.00
519.00 0.00
520.00 0.00
521.00 0.00
522.00 0.00
523.00 0.00
524.00 0.00
525.00 0.00
526.00 0.00
527.00 0.00
528.00 0.00
529.00 0.00
530.00 0.00
531.00 0.00
532.00 0.00
533.00 0.00
534.00 0.00
535.00 0.00
536.00 0.00
537.00 0.00
538.00 0.00
539.00 0.00
540.00 0.00
541.00 0.00
542.00 0.00
543.00 0.00
544.00 229.92
545.00 228.92
546.00 200.19
547.00 201.70
548.00 202.36
549.00 203.39
550.00 206.97
551.00 211.31
552.00 216.42
553.00 221.00
554.00 223.79
555.00 225.66
556.00 229.78
557.00 232.86
558.00 234.08
559.00 235.40
560.00 237.70
561.00 238.85
562.00 239.75
563.00 241.58
564.00 241.64
565.00 242.59
566.00 245.57
567.00 249.25
568.00 253.27
569.00 255.63
570.00 256.32
571.00 256.24
572.00 256.12
573.00 255.35
574.00 256.85
575.00 258.72
576.00 263.03
577.00 266.58
578.00 267.50
579.00 265.80
580.00 263.71
581.00 260.58
582.00 259.29
583.00 260.09
584.00 262.32
585.00 264.81
586.00 266.66
587.00 267.53
588.00 267.65
589.00 265.74
590.00 263.88
591.00 263.96
592.00 265.37
593.00 267.68
594.00 269.30
595.00 269.21
596.00 267.40
597.00 264.87
598.00 263.26
599.00 262.18
600.00 261.74
601.00 262.12
602.00 263.21
603.00 264.82
604.00 265.90
605.00 265.44
606.00 264.94
607.00 264.88
608.00 265.20
609.00 266.10
610.00 266.38
611.00 265.71
612.00 264.98
613.00 264.31
614.00 264.12
615.00 265.37
616.00 267.29
617.00 268.35
618.00 268.43
619.00 267.63
620.00 266.94
621.00 266.24
622.00 267.11
623.00 268.45
624.00 269.62
625.00 270.42
626.00 269.54
627.00 267.70
628.00 267.10
629.00 267.66
630.00 268.77
631.00 269.99
632.00 270.50
633.00 270.37
634.00 269.86
635.00 268.74
636.00 267.34
637.00 266.29
638.00 265.91
639.00 266.05
640.00 266.38
641.00 266.55
642.00 266.30
643.00 266.26
644.00 266.06
645.00 265.45
646.00 265.47
647.00 266.53
648.00 268.22
649.00 268.57
650.00 267.89
651.00 266.72
652.00 265.56
653.00 264.35
654.00 263.40
655.00 262.85
656.00 262.81
657.00 263.74
658.00 265.28
659.00 266.22
660.00 266.45
661.00 265.86
662.00 265.28
663.00 264.45
664.00 263.83
665.00 264.14
666.00 265.80
667.00 268.36
668.00 270.62
669.00 271.47
670.00 270.85
671.00 269.19
672.00 266.65
673.00 265.03
674.00 264.86
675.00 264.79
676.00 264.90
677.00 264.47
678.00 264.38
679.00 264.51
680.00 264.88
681.00 265.62
682.00 266.26
683.00 266.76
684.00 266.33
685.00 265.75
686.00 264.98
687.00 264.66
688.00 265.79
689.00 268.61
690.00 270.81
691.00 272.06
692.00 271.47
693.00 269.50
694.00 267.28
695.00 264.72
696.00 264.21
697.00 264.98
698.00 266.17
699.00 267.03
700.00 267.02
701.00 266.67
702.00 266.37
703.00 265.50
704.00 264.42
705.00 264.53
706.00 265.38
707.00 266.42
708.00 267.54
709.00 268.53
710.00 268.11
711.00 266.53
712.00 264.56
713.00 263.21
714.00 263.36
715.00 263.99
716.00 264.79
717.00 265.43
718.00 265.51
719.00 265.64
720.00 265.95
721.00 265.29
722.00 264.54
723.00 264.17
724.00 264.50
725.00 264.25
726.00 264.08
727.00 264.49
728.00 264.00
729.00 261.23
730.00 259.42
731.00 257.95
732.00 257.28
733.00 256.73
734.00 256.26
735.00 257.23
736.00 260.53
737.00 264.28
738.00 264.93
739.00 264.95
740.00 265.88
741.00 266.21
742.00 266.20
743.00 266.44
744.00 265.73
745.00 265.20
746.00 265.04
747.00 264.84
748.00 264.90
749.00 265.45
750.00 266.57
751.00 269.00
752.00 269.79
753.00 268.59
754.00 268.04
755.00 267.00
756.00 265.47
757.00 264.89
758.00 264.82
759.00 264.15
760.00 263.76
761.00 262.98
762.00 262.26
763.00 262.51
764.00 262.92
765.00 263.94
766.00 265.11
767.00 266.09
768.00 265.73
769.00 265.24
770.00 265.44
771.00 265.84
772.00 266.54
773.00 266.22
774.00 266.53
775.00 265.98
776.00 264.97
777.00 263.73
778.00 262.61
779.00 262.18
780.00 262.71
781.00 263.33
782.00 263.88
783.00 264.01
784.00 265.06
785.00 265.76
786.00 266.19
787.00 266.22
788.00 266.89
789.00 267.04
790.00 266.64
791.00 265.44
792.00 264.21
793.00 264.31
794.00 264.77
795.00 264.47
796.00 263.70
797.00 263.41
798.00 263.96
799.00 264.21
800.00 265.86
801.00 267.58
802.00 268.00
803.00 267.13
804.00 265.02
805.00 262.97
806.00 261.91
807.00 262.03
808.00 262.63
809.00 263.00
810.00 262.52
811.00 261.98
812.00 261.83
813.00 262.19
814.00 263.23
815.00 263.76
816.00 264.07
817.00 265.35
818.00 266.73
819.00 266.53
820.00 267.26
821.00 267.93
822.00 268.73
823.00 269.07
824.00 269.45
825.00 269.91
826.00 268.66
827.00 267.11
828.00 265.65
829.00 264.86
830.00 264.27
831.00 264.10
832.00 264.08
833.00 264.47
834.00 265.00
835.00 265.43
836.00 265.60
837.00 266.07
838.00 266.46
839.00 266.58
840.00 266.74
841.00 266.95
842.00 267.13
843.00 266.55
844.00 265.97
845.00 265.40
846.00 264.80
847.00 264.23
848.00 264.25
849.00 264.37
850.00 264.60
851.00 265.11
852.00 265.53
853.00 265.77
854.00 265.97
855.00 266.18
856.00 266.13
857.00 264.52
858.00 263.36
859.00 263.30
860.00 264.17
861.00 265.07
862.00 266.23
863.00 266.51
864.00 266.70
865.00 267.44
866.00 267.41
867.00 266.63
868.00 266.23
869.00 265.85
870.00 265.83
871.00 266.32
872.00 266.35
873.00 266.71
874.00 266.75
875.00 267.35
876.00 266.56
877.00 266.30
878.00 266.99
879.00 268.19
880.00 267.25
881.00 266.40
882.00 264.66
883.00 263.21
884.00 261.97
885.00 261.13
886.00 259.85
887.00 258.94
888.00 258.66
889.00 258.49
890.00 258.99
891.00 259.44
892.00 260.19
893.00 261.82
894.00 263.69
895.00 264.85
896.00 265.97
897.00 267.15
898.00 267.84
899.00 268.06
900.00 268.20
901.00 267.47
902.00 266.17
903.00 265.81
904.00 265.63
905.00 264.79
906.00 263.99
907.00 262.61
908.00 261.94
909.00 262.42
910.00 263.52
911.00 265.34
912.00 266.84
913.00 267.70
914.00 268.96
915.00 269.37
916.00 270.46
917.00 270.08
918.00 268.50
919.00 267.12
920.00 266.58
921.00 266.49
922.00 266.32
923.00 265.45
924.00 266.38
925.00 266.72
926.00 266.98
927.00 266.82
928.00 266.21
929.00 265.66
930.00 265.08
931.00 264.87
932.00 264.79
933.00 264.35
934.00 263.20
935.00 262.90
936.00 263.01
937.00 263.27
938.00 263.60
939.00 264.26
940.00 264.68
941.00 265.39
942.00 265.06
943.00 264.18
944.00 263.92
945.00 264.15
946.00 264.78
947.00 265.27
948.00 265.33
949.00 265.10
950.00 264.93
951.00 264.00
952.00 263.47
953.00 264.11
954.00 265.27
955.00 266.22
956.00 267.46
957.00 268.72
958.00 269.23
959.00 268.92
960.00 268.06
961.00 266.24
962.00 265.32
963.00 265.67
964.00 266.70
965.00 266.94
966.00 268.13
967.00 269.11
968.00 268.36
969.00 267.13
970.00 266.58
971.00 265.63
972.00 265.84
973.00 266.53
974.00 266.83
975.00 266.78
976.00 266.94
977.00 267.07
978.00 266.69
979.00 266.89
980.00 267.65
981.00 268.07
982.00 268.03
983.00 267.16
984.00 266.18
985.00 265.75
986.00 265.42
987.00 265.22
988.00 264.49
989.00 264.71
990.00 263.87
991.00 262.50
992.00 260.98
993.00 260.69
994.00 260.36
995.00 260.57
996.00 263.14
997.00 266.92
998.00 268.94
999.00 270.99
1000.00 273.13
1001.00 273.64
1002.00 273.35
1003.00 273.36
1004.00 272.14
1005.00 272.41
1006.00 271.78
1007.00 270.48
1008.00 269.79
1009.00 269.12
1010.00 269.02
1011.00 268.66
1012.00 268.98
1013.00 269.03
1014.00 269.12
1015.00 269.11
1016.00 269.32
1017.00 270.00
1018.00 270.47
1019.00 270.63
1020.00 270.12
1021.00 270.84
1022.00 272.84
1023.00 275.24
1024.00 277.73
1025.00 278.98
1026.00 278.84
1027.00 277.05
1028.00 274.94
1029.00 272.67
1030.00 271.50
1031.00 270.67
1032.00 269.49
1033.00 268.70
1034.00 267.52
1035.00 266.75
1036.00 266.83
1037.00 266.34
1038.00 265.67
1039.00 265.69
1040.00 266.87
1041.00 268.06
1042.00 268.73
1043.00 268.61
1044.00 268.69
1045.00 268.52
1046.00 267.63
1047.00 266.20
1048.00 264.34
1049.00 263.61
1050.00 262.82
1051.00 260.60
1052.00 258.17
1053.00 257.73
1054.00 259.03
1055.00 260.74
1056.00 263.06
1057.00 265.05
1058.00 266.36
1059.00 263.58
1060.00 258.96
1061.00 255.14
1062.00 250.25
1063.00 248.98
1064.00 252.35
1065.00 257.46
1066.00 268.51
1067.00 274.98
1068.00 282.48
1069.00 287.58
1070.00 288.41
1071.00 285.04
1072.00 278.90
1073.00 272.40
1074.00 268.96
1075.00 264.72
1076.00 263.76
1077.00 264.69
1078.00 265.38
1079.00 265.48
1080.00 264.15
1081.00 262.48
1082.00 259.51
1083.00 256.60
1084.00 256.41
1085.00 256.50
1086.00 258.30
1087.00 258.61
1088.00 258.64
1089.00 257.56
1090.00 254.60
1091.00 252.43
1092.00 247.09
1093.00 242.07
1094.00 239.01
1095.00 238.90
1096.00 240.38
1097.00 244.11
1098.00 247.00
1099.00 253.77
1100.00 259.36
1101.00 263.04
1102.00 265.11
1103.00 265.82
1104.00 264.77
1105.00 263.25
1106.00 260.72
1107.00 257.15
1108.00 253.82
1109.00 250.81
1110.00 249.84
1111.00 250.11
1112.00 252.23
1113.00 254.71
1114.00 256.88
1115.00 257.70
1116.00 257.73
1117.00 256.30
1118.00 252.54
1119.00 249.98
1120.00 248.47
1121.00 246.63
1122.00 247.18
1123.00 246.47
1124.00 246.06
1125.00 248.04
1126.00 247.88
1127.00 247.42
1128.00 247.01
1129.00 246.61
1130.00 245.83
1131.00 242.60
1132.00 240.11
1133.00 237.47
1134.00 231.56
1135.00 0.00
1136.00 0.00
1137.00 0.00
1138.00 0.00
1139.00 0.00
1140.00 0.00
1141.00 0.00
1142.00 0.00
1143.00 0.00
1144.00 0.00
1145.00 0.00
1146.00 0.00
1147.00 0.00
1148.00 0.00
1149.00 0.00
1150.00 0.00
1151.00 0.00
1152.00 0.00
1153.00 0.00
1154.00 0.00
1155.00 0.00
1156.00 0.00
1157.00 0.00
1158.00 0.00
1159.00 0.00
1160.00 0.00
1161.00 0.00
1162.00 0.00
1163.00 0.00
1164.00 0.00
1165.00 0.00
1166.00 0.00
1167.00 0.00
1168.00 0.00
1169.00 0.00
1170.00 0.00
1171.00 0.00
1172.00 0.00
1173.00 0.00
1174.00 0.00
1175.00 0.00
1176.00 0.00
1177.00 0.00
1178.00 181.57
1179.00 186.90
1180.00 191.15
1181.00 193.52
1182.00 196.26
1183.00 201.65
1184.00 205.88
1185.00 208.68
1186.00 209.84
1187.00 210.20
1188.00 210.45
1189.00 210.46
1190.00 209.56
1191.00 209.56
1192.00 209.28
1193.00 209.24
1194.00 208.68
1195.00 207.14
1196.00 207.05
1197.00 208.09
1198.00 209.19
1199.00 211.06
1200.00 213.20
1201.00 216.11
1202.00 219.48
1203.00 221.25
1204.00 221.96
1205.00 222.00
1206.00 222.15
1207.00 222.31
1208.00 222.58
1209.00 222.56
1210.00 221.86
1211.00 221.34
1212.00 220.81
1213.00 219.88
1214.00 218.36
1215.00 217.75
1216.00 218.30
1217.00 218.67
1218.00 219.00
1219.00 220.29
1220.00 220.97
1221.00 221.50
1222.00 221.75
1223.00 222.00
1224.00 222.54
1225.00 223.49
1226.00 223.58
1227.00 222.87
1228.00 221.44
1229.00 219.76
1230.00 218.27
1231.00 216.41
1232.00 215.75
1233.00 216.62
1234.00 217.35
1235.00 219.40
1236.00 221.59
1237.00 223.90
1238.00 225.48
1239.00 226.35
1240.00 226.21
1241.00 225.11
1242.00 224.38
1243.00 223.84
1244.00 223.40
1245.00 223.05
1246.00 223.02
1247.00 222.97
1248.00 222.70
1249.00 222.45
1250.00 221.14
1251.00 219.57
1252.00 218.61
1253.00 218.14
1254.00 218.05
1255.00 218.05
1256.00 218.65
1257.00 220.75
1258.00 224.13
1259.00 226.12
1260.00 226.82
1261.00 226.81
1262.00 226.16
1263.00 224.91
1264.00 224.01
1265.00 223.27
1266.00 222.61
1267.00 221.65
1268.00 221.18
1269.00 219.99
1270.00 218.84
1271.00 218.17
1272.00 219.29
1273.00 220.20
1274.00 220.62
1275.00 220.93
1276.00 221.17
1277.00 221.57
1278.00 221.66
1279.00 222.33
1280.00 223.07
1281.00 224.34
1282.00 224.54
1283.00 224.22
1284.00 223.29
1285.00 222.71
1286.00 223.21
1287.00 223.76
1288.00 223.91
1289.00 223.70
1290.00 221.67
1291.00 220.22
1292.00 219.63
1293.00 219.36
1294.00 219.33
1295.00 219.45
1296.00 219.75
1297.00 220.56
1298.00 222.65
1299.00 223.66
1300.00 224.05
1301.00 223.86
1302.00 224.90
1303.00 225.10
1304.00 224.74
1305.00 224.86
1306.00 224.22
1307.00 223.88
1308.00 223.53
1309.00 222.87
1310.00 222.52
1311.00 222.05
1312.00 221.21
1313.00 219.45
1314.00 217.50
1315.00 214.22
1316.00 211.61
1317.00 209.47
1318.00 206.71
1319.00 205.39
1320.00 204.78
1321.00 203.40
1322.00 202.34
1323.00 202.09
1324.00 202.20
1325.00 204.74
1326.00 206.49
1327.00 209.00
1328.00 211.89
1329.00 215.91
1330.00 219.56
1331.00 222.36
1332.00 224.83
1333.00 226.97
1334.00 227.34
1335.00 228.63
1336.00 229.45
1337.00 232.00
1338.00 232.61
1339.00 233.59
1340.00 233.95
1341.00 235.42
1342.00 235.50
1343.00 236.98
1344.00 236.43
1345.00 237.58
1346.00 238.10
1347.00 239.72
1348.00 239.82
1349.00 239.44
1350.00 238.23
1351.00 238.03
1352.00 238.54
1353.00 239.93
1354.00 241.14
1355.00 242.63
1356.00 243.84
1357.00 243.50
1358.00 242.81
1359.00 242.14
1360.00 240.72
1361.00 240.19
1362.00 239.80
1363.00 239.63
1364.00 239.94
1365.00 240.70
1366.00 241.77
1367.00 243.39
1368.00 244.45
1369.00 244.77
1370.00 244.12
1371.00 243.31
1372.00 242.89
1373.00 243.10
1374.00 243.29
1375.00 243.25
1376.00 243.08
1377.00 243.60
1378.00 242.86
1379.00 241.91
1380.00 242.37
1381.00 243.65
1382.00 244.56
1383.00 246.36
1384.00 247.33
1385.00 247.51
1386.00 246.81
1387.00 245.70
1388.00 246.64
1389.00 247.74
1390.00 246.43
1391.00 245.37
1392.00 244.51
1393.00 244.46
1394.00 243.87
1395.00 243.55
1396.00 245.20
1397.00 247.16
1398.00 248.77
1399.00 249.16
1400.00 248.46
1401.00 246.85
1402.00 244.04
1403.00 242.33
1404.00 240.65
1405.00 241.22
1406.00 241.53
1407.00 241.94
1408.00 244.35
1409.00 246.25
1410.00 247.40
1411.00 248.54
1412.00 248.33
1413.00 247.82
1414.00 248.36
1415.00 248.09
1416.00 247.43
1417.00 247.58
1418.00 247.11
1419.00 246.11
1420.00 245.26
1421.00 245.22
1422.00 245.45
1423.00 244.98
1424.00 245.35
1425.00 245.61
1426.00 247.26
1427.00 248.32
1428.00 250.10
1429.00 251.62
1430.00 252.27
1431.00 252.39
1432.00 250.76
1433.00 249.08
1434.00 248.48
1435.00 247.70
1436.00 249.34
1437.00 250.31
1438.00 249.67
1439.00 248.97
1440.00 248.59
1441.00 247.29
1442.00 246.50
1443.00 246.48
1444.00 246.82
1445.00 247.47
1446.00 247.91
1447.00 247.67
1448.00 245.71
1449.00 245.02
1450.00 244.10
1451.00 242.26
1452.00 240.43
1453.00 237.79
1454.00 233.48
1455.00 230.14
1456.00 225.53
1457.00 219.89
1458.00 215.72
1459.00 207.72
1460.00 202.96
1461.00 194.28
1462.00 193.08
1463.00 190.25
1464.00 187.31
1465.00 185.32
1466.00 184.98
1467.00 184.78
1468.00 184.88
1469.00 184.27
1470.00 183.73
1471.00 183.84
1472.00 183.32
1473.00 183.55
1474.00 183.31
1475.00 184.09
1476.00 184.40
1477.00 183.73
1478.00 182.65
1479.00 181.79
1480.00 182.02
1481.00 182.41
1482.00 181.94
1483.00 181.73
1484.00 181.87
1485.00 182.56
1486.00 182.82
1487.00 182.06
1488.00 181.79
1489.00 182.06
1490.00 182.32
1491.00 182.19
1492.00 181.30
1493.00 180.88
1494.00 180.25
1495.00 181.44
1496.00 181.87
1497.00 182.01
1498.00 181.06
1499.00 180.55
1500.00 181.00
1501.00 181.93
1502.00 183.25
1503.00 183.89
1504.00 184.26
1505.00 184.79
1506.00 184.42
1507.00 183.75
1508.00 183.56
1509.00 183.99
1510.00 184.32
1511.00 184.93
1512.00 184.32
1513.00 184.08
1514.00 184.81
1515.00 184.15
1516.00 183.29
1517.00 182.94
1518.00 183.25
1519.00 183.73
1520.00 183.91
1521.00 183.85
1522.00 183.86
1523.00 184.09
1524.00 184.42
1525.00 184.43
1526.00 184.29
1527.00 184.34
1528.00 183.85
1529.00 183.13
1530.00 182.64
1531.00 182.50
1532.00 182.99
1533.00 184.05
1534.00 185.28
1535.00 185.11
1536.00 184.33
1537.00 183.94
1538.00 183.88
1539.00 184.38
1540.00 184.72
1541.00 185.25
1542.00 185.50
1543.00 185.40
1544.00 185.31
1545.00 185.34
1546.00 185.14
1547.00 184.80
1548.00 184.60
1549.00 184.31
1550.00 183.67
1551.00 183.42
1552.00 183.33
1553.00 183.82
1554.00 182.57
1555.00 182.02
1556.00 181.91
1557.00 182.49
1558.00 183.27
1559.00 183.12
1560.00 183.24
1561.00 183.97
1562.00 184.96
1563.00 185.02
1564.00 186.65
1565.00 187.62
1566.00 186.84
1567.00 185.10
1568.00 183.97
1569.00 183.61
1570.00 182.83
1571.00 183.23
1572.00 184.26
1573.00 184.97
1574.00 186.04
1575.00 186.59
1576.00 186.29
1577.00 185.35
1578.00 184.58
1579.00 184.03
1580.00 184.17
1581.00 184.51
1582.00 183.80
1583.00 182.76
1584.00 182.26
1585.00 181.46
1586.00 182.11
1587.00 181.91
1588.00 181.99
1589.00 181.26
1590.00 180.95
1591.00 177.88
1592.00 177.52
1593.00 0.00
1594.00 0.00
1595.00 0.00
1596.00 0.00
1597.00 0.00
1598.00 0.00
1599.00 0.00
1600.00 0.00
1601.00 0.00
1602.00 0.00
1603.00 0.00
1604.00 0.00
1605.00 0.00
1606.00 0.00
1607.00 0.00
1608.00 0.00
1609.00 0.00
1610.00 0.00
1611.00 0.00
1612.00 0.00
1613.00 0.00
1614.00 0.00
1615.00 0.00
1616.00 0.00
1617.00 0.00
1618.00 0.00
1619.00 0.00
1620.00 0.00
1621.00 0.00
1622.00 0.00
1623.00 0.00
1624.00 0.00
1625.00 0.00
1626.00 0.00
1627.00 0.00
1628.00 0.00
1629.00 0.00
1630.00 0.00
1631.00 0.00
1632.00 0.00
1633.00 0.00
1634.00 0.00
1635.00 0.00
1636.00 0.00
1637.00 0.00
1638.00 0.00
1639.00 0.00
1640.00 0.00
1641.00 0.00
1642.00 0.00
1643.00 0.00
1644.00 0.00
1645.00 0.00
1646.00 0.00
1647.00 0.00
1648.00 0.00
1649.00 0.00
1650.00 0.00
1651.00 0.00
1652.00 0.00
1653.00 0.00
1654.00 0.00
1655.00 0.00
1656.00 0.00
1657.00 0.00
1658.00 0.00
1659.00 0.00
1660.00 0.00
1661.00 0.00
1662.00 0.00
1663.00 0.00
1664.00 0.00
1665.00 0.00
1666.00 0.00
1667.00 0.00
1668.00 0.00
1669.00 0.00
1670.00 0.00
1671.00 0.00
1672.00 0.00
1673.00 0.00
1674.00 0.00
1675.00 0.00
1676.00 0.00
1677.00 0.00
1678.00 0.00
1679.00 0.00
1680.00 0.00
1681.00 0.00
1682.00 251.40
1683.00 255.43
1684.00 257.63
1685.00 256.80
1686.00 256.29
1687.00 256.69
1688.00 255.86
1689.00 256.90
1690.00 258.83
1691.00 261.18
1692.00 263.96
1693.00 266.00
1694.00 268.05
1695.00 270.83
1696.00 270.96
1697.00 270.38
1698.00 268.97
1699.00 266.67
1700.00 264.40
1701.00 264.34
1702.00 264.66
1703.00 263.86
1704.00 263.05
1705.00 262.93
1706.00 263.48
1707.00 263.23
1708.00 263.61
1709.00 264.93
1710.00 267.19
1711.00 269.96
1712.00 271.46
1713.00 272.37
1714.00 272.65
1715.00 271.79
1716.00 270.36
1717.00 269.96
1718.00 269.78
1719.00 269.16
1720.00 268.73
1721.00 269.08
1722.00 269.50
1723.00 270.30
1724.00 270.35
1725.00 271.18
1726.00 272.31
1727.00 272.57
1728.00 272.91
1729.00 273.70
1730.00 273.55
1731.00 273.92
1732.00 273.33
1733.00 273.05
1734.00 272.73
1735.00 272.12
1736.00 271.18
1737.00 270.48
1738.00 270.84
1739.00 271.70
1740.00 272.18
1741.00 272.58
1742.00 272.94
1743.00 273.10
1744.00 274.03
1745.00 275.41
1746.00 274.74
1747.00 273.15
1748.00 272.89
1749.00 272.48
1750.00 271.45
1751.00 270.51
1752.00 269.78
1753.00 269.96
1754.00 271.50
1755.00 273.64
1756.00 275.77
1757.00 275.56
1758.00 275.96
1759.00 275.89
1760.00 274.79
1761.00 273.60
1762.00 271.58
1763.00 270.85
1764.00 270.30
1765.00 271.03
1766.00 272.91
1767.00 274.23
1768.00 274.42
1769.00 275.23
1770.00 274.22
1771.00 272.60
1772.00 271.60
1773.00 271.36
1774.00 271.52
1775.00 272.20
1776.00 272.85
1777.00 273.24
1778.00 273.53
1779.00 273.60
1780.00 272.99
1781.00 273.10
1782.00 273.42
1783.00 273.47
1784.00 273.91
1785.00 274.27
1786.00 274.11
1787.00 273.81
1788.00 273.33
1789.00 273.39
1790.00 273.91
1791.00 273.94
1792.00 273.90
1793.00 274.10
1794.00 274.26
1795.00 274.41
1796.00 274.89
1797.00 274.74
1798.00 274.31
1799.00 274.42
1800.00 273.92
1801.00 273.67
1802.00 275.33
1803.00 278.38
1804.00 279.40
1805.00 279.19
1806.00 277.96
1807.00 276.73
1808.00 275.24
1809.00 274.88
1810.00 275.60
1811.00 276.57
1812.00 277.17
1813.00 276.31
1814.00 275.61
1815.00 275.60
1816.00 275.66
1817.00 276.14
1818.00 276.51
1819.00 276.04
1820.00 276.04
1821.00 276.46
1822.00 276.08
1823.00 275.01
1824.00 274.00
1825.00 275.10
1826.00 278.46
1827.00 279.32
1828.00 278.23
1829.00 277.08
1830.00 276.17
1831.00 274.46
1832.00 273.60
1833.00 272.43
1834.00 271.20
1835.00 270.39
1836.00 270.59
1837.00 270.21
1838.00 270.29
1839.00 269.99
1840.00 271.55
1841.00 272.40
1842.00 273.20
1843.00 273.92
1844.00 274.20
1845.00 273.99
1846.00 273.56
1847.00 273.35
1848.00 273.75
1849.00 273.56
1850.00 273.14
1851.00 272.96
1852.00 272.32
1853.00 272.30
1854.00 271.32
1855.00 271.03
1856.00 272.32
1857.00 272.62
1858.00 272.76
1859.00 273.45
1860.00 272.89
1861.00 272.49
1862.00 272.99
1863.00 272.79
1864.00 272.49
1865.00 271.09
1866.00 270.75
1867.00 270.64
1868.00 270.78
1869.00 272.22
1870.00 272.76
1871.00 273.66
1872.00 274.55
1873.00 274.82
1874.00 275.19
1875.00 274.97
1876.00 273.83
1877.00 273.46
1878.00 273.94
1879.00 273.42
1880.00 271.77
1881.00 271.37
1882.00 270.99
1883.00 269.96
1884.00 269.27
1885.00 268.24
1886.00 267.31
1887.00 266.82
1888.00 267.25
1889.00 269.03
1890.00 270.76
1891.00 271.62
1892.00 271.83
1893.00 271.74
1894.00 270.30
1895.00 268.62
1896.00 267.77
1897.00 268.14
1898.00 267.81
1899.00 267.50
1900.00 267.20
1901.00 266.55
1902.00 266.44
1903.00 266.94
1904.00 268.98
1905.00 270.80
1906.00 272.68
1907.00 274.01
1908.00 274.99
1909.00 274.65
1910.00 273.81
1911.00 272.24
1912.00 270.17
1913.00 268.43
1914.00 266.91
1915.00 265.69
1916.00 265.32
1917.00 265.65
1918.00 267.80
1919.00 269.39
1920.00 271.41
1921.00 271.82
1922.00 272.27
1923.00 272.36
1924.00 272.42
1925.00 272.66
1926.00 271.94
1927.00 271.09
1928.00 270.52
1929.00 269.42
1930.00 268.87
1931.00 269.29
1932.00 269.53
1933.00 270.77
1934.00 272.64
1935.00 274.86
1936.00 274.48
1937.00 273.15
1938.00 272.46
1939.00 271.75
1940.00 271.18
1941.00 270.86
1942.00 271.01
1943.00 271.23
1944.00 271.08
1945.00 271.97
1946.00 272.12
1947.00 272.61
1948.00 272.96
1949.00 271.56
1950.00 269.89
1951.00 268.93
1952.00 268.93
1953.00 270.03
1954.00 269.81
1955.00 268.95
1956.00 267.94
1957.00 269.72
1958.00 267.97
1959.00 264.04
1960.00 260.41
1961.00 259.77
1962.00 259.92
1963.00 259.03
1964.00 265.57
1965.00 265.49
1966.00 266.81
1967.00 267.72
1968.00 267.55
1969.00 265.72
1970.00 265.22
1971.00 264.66
1972.00 262.48
1973.00 266.84
1974.00 268.42
1975.00 271.33
1976.00 273.61
1977.00 276.15
1978.00 278.94
1979.00 278.80
1980.00 279.24
1981.00 278.40
1982.00 276.20
1983.00 275.59
1984.00 272.49
1985.00 271.55
1986.00 274.99
1987.00 273.78
1988.00 272.29
1989.00 272.33
1990.00 273.49
1991.00 273.66
1992.00 274.66
1993.00 272.92
1994.00 274.88
1995.00 270.64
1996.00 271.45
1997.00 272.74
1998.00 273.92
1999.00 273.74
2000.00 273.66
2001.00 272.82
2002.00 271.69
2003.00 271.22
2004.00 270.82
2005.00 269.49
2006.00 269.41
2007.00 272.07
2008.00 274.09
2009.00 274.14
2010.00 274.54
2011.00 274.12
2012.00 273.80
2013.00 271.33
2014.00 270.53
2015.00 274.14
2016.00 272.36
2017.00 271.31
2018.00 270.44
2019.00 270.08
2020.00 270.74
2021.00 271.99
2022.00 272.06
2023.00 272.60
2024.00 273.91
2025.00 274.13
2026.00 273.63
2027.00 274.81
2028.00 276.24
2029.00 276.45
2030.00 276.34
2031.00 274.88
2032.00 274.30
2033.00 272.12
2034.00 271.53
2035.00 272.48
2036.00 272.70
2037.00 273.39
2038.00 275.40
2039.00 277.08
2040.00 278.03
2041.00 277.66
2042.00 277.37
2043.00 275.93
2044.00 275.28
2045.00 274.61
2046.00 274.90
2047.00 273.32
2048.00 273.69
2049.00 274.95
2050.00 275.78
2051.00 275.88
2052.00 275.89
2053.00 276.00
2054.00 275.88
2055.00 275.32
2056.00 275.19
2057.00 275.02
2058.00 276.03
2059.00 275.27
2060.00 275.95
2061.00 275.41
2062.00 274.53
2063.00 275.54
2064.00 275.13
2065.00 276.57
2066.00 277.56
2067.00 277.96
2068.00 279.56
2069.00 279.99
2070.00 278.70
2071.00 278.69
2072.00 278.80
2073.00 278.82
2074.00 279.20
2075.00 280.64
2076.00 280.08
2077.00 280.83
2078.00 280.24
2079.00 279.27
2080.00 280.23
2081.00 279.98
2082.00 280.02
2083.00 279.25
2084.00 277.92
2085.00 276.71
2086.00 276.06
2087.00 276.05
2088.00 275.02
2089.00 271.95
2090.00 267.58
2091.00 264.40
2092.00 262.20
2093.00 262.24
2094.00 262.86
2095.00 264.39
2096.00 266.73
2097.00 271.52
2098.00 275.78
2099.00 281.10
2100.00 287.12
2101.00 293.93
2102.00 295.25
2103.00 294.46
2104.00 292.58
2105.00 288.96
2106.00 284.25
2107.00 280.54
2108.00 277.04
2109.00 276.13
2110.00 275.16
2111.00 274.70
2112.00 274.80
2113.00 275.41
2114.00 276.19
2115.00 276.72
2116.00 276.55
2117.00 276.10
2118.00 275.90
2119.00 276.52
2120.00 276.62
2121.00 276.40
2122.00 276.23
2123.00 275.91
2124.00 275.63
2125.00 274.96
2126.00 274.09
2127.00 274.40
2128.00 276.43
2129.00 277.65
2130.00 278.23
2131.00 277.78
2132.00 276.77
2133.00 275.00
2134.00 273.13
2135.00 271.95
2136.00 271.36
2137.00 271.85
2138.00 272.76
2139.00 272.46
2140.00 272.51
2141.00 271.61
2142.00 270.69
2143.00 269.98
2144.00 269.75
2145.00 269.63
2146.00 269.53
2147.00 269.91
2148.00 270.00
2149.00 269.08
2150.00 267.68
2151.00 266.94
2152.00 265.70
2153.00 265.39
2154.00 265.59
2155.00 265.19
2156.00 263.17
2157.00 260.63
2158.00 259.58
2159.00 258.28
2160.00 259.65
2161.00 260.15
2162.00 260.69
2163.00 260.96
2164.00 260.88
2165.00 261.52
2166.00 262.24
2167.00 262.77
2168.00 263.20
2169.00 262.48
2170.00 261.67
2171.00 260.76
2172.00 258.74
2173.00 258.13
2174.00 257.18
2175.00 257.64
2176.00 259.41
2177.00 259.89
2178.00 259.79
2179.00 200.96
2180.00 202.16
2181.00 201.58
2182.00 201.19
2183.00 200.50
2184.00 0.00
2185.00 0.00
2186.00 0.00
2187.00 0.00
2188.00 0.00
2189.00 0.00
2190.00 0.00
2191.00 0.00
2192.00 0.00
2193.00 0.00
2194.00 0.00
2195.00 0.00
2196.00 0.00
2197.00 0.00
2198.00 0.00
2199.00 0.00
2200.00 0.00
2201.00 0.00
2202.00 0.00
2203.00 0.00
2204.00 0.00
2205.00 0.00
2206.00 0.00
2207.00 0.00
2208.00 0.00
2209.00 0.00
2210.00 0.00
2211.00 0.00
2212.00 0.00
2213.00 0.00
2214.00 0.00
2215.00 0.00
2216.00 0.00
2217.00 0.00
2218.00 0.00
2219.00 0.00
2220.00 0.00
2221.00 0.00
2222.00 0.00
2223.00 0.00
2224.00 0.00
2225.00 0.00
2226.00 0.00
2227.00 0.00
2228.00 0.00
2229.00 0.00
2230.00 0.00
2231.00 0.00
2232.00 0.00
2233.00 0.00
2234.00 0.00
2235.00 0.00
2236.00 0.00
2237.00 0.00
2238.00 0.00
2239.00 0.00
2240.00 0.00
2241.00 0.00
2242.00 0.00
2243.00 247.80
2244.00 246.57
2245.00 247.42
2246.00 249.16
2247.00 252.54
2248.00 256.77
2249.00 260.71
2250.00 265.21
2251.00 268.42
2252.00 269.98
2253.00 271.39
2254.00 273.42
2255.00 275.09
2256.00 276.79
2257.00 280.28
2258.00 282.79
2259.00 283.24
2260.00 282.58
2261.00 282.22
2262.00 282.54
2263.00 283.10
2264.00 284.04
2265.00 285.07
2266.00 285.46
2267.00 285.92
2268.00 285.91
2269.00 285.76
2270.00 285.72
2271.00 285.67
2272.00 287.03
2273.00 288.92
2274.00 290.69
2275.00 291.57
2276.00 291.77
2277.00 291.12
2278.00 289.51
2279.00 287.78
2280.00 286.89
2281.00 287.37
2282.00 289.16
2283.00 291.88
2284.00 292.87
2285.00 291.80
2286.00 289.71
2287.00 288.43
2288.00 288.01
2289.00 288.30
2290.00 288.20
2291.00 288.09
2292.00 288.96
2293.00 289.27
2294.00 288.78
2295.00 289.28
2296.00 291.87
2297.00 293.06
2298.00 293.49
2299.00 293.26
2300.00 292.32
2301.00 291.80
2302.00 291.34
2303.00 290.27
2304.00 288.99
2305.00 288.86
2306.00 289.99
2307.00 290.93
2308.00 291.03
2309.00 291.87
2310.00 293.45
2311.00 294.13
2312.00 293.76
2313.00 293.54
2314.00 293.51
2315.00 292.93
2316.00 292.28
2317.00 292.63
2318.00 293.56
2319.00 294.00
2320.00 294.26
2321.00 294.79
2322.00 294.65
2323.00 293.82
2324.00 293.17
2325.00 292.82
2326.00 292.88
2327.00 293.43
2328.00 293.75
2329.00 293.55
2330.00 292.50
2331.00 291.29
2332.00 290.84
2333.00 290.46
2334.00 290.49
2335.00 291.14
2336.00 292.57
2337.00 293.16
2338.00 293.33
2339.00 292.52
2340.00 291.73
2341.00 290.66
2342.00 290.10
2343.00 290.21
2344.00 289.98
2345.00 289.55
2346.00 289.25
2347.00 289.17
2348.00 288.95
2349.00 289.04
2350.00 289.66
2351.00 290.66
2352.00 292.15
2353.00 293.57
2354.00 294.82
2355.00 295.72
2356.00 295.46
2357.00 295.08
2358.00 295.04
2359.00 294.40
2360.00 293.09
2361.00 291.41
2362.00 290.40
2363.00 291.11
2364.00 292.43
2365.00 293.90
2366.00 295.34
2367.00 295.83
2368.00 296.01
2369.00 295.38
2370.00 294.38
2371.00 293.49
2372.00 292.46
2373.00 291.72
2374.00 290.73
2375.00 289.94
2376.00 288.67
2377.00 286.92
2378.00 284.65
2379.00 282.32
2380.00 279.26
2381.00 275.75
2382.00 272.06
2383.00 271.42
2384.00 271.72
2385.00 272.51
2386.00 274.09
2387.00 274.70
2388.00 274.69
2389.00 274.81
2390.00 274.77
2391.00 274.86
2392.00 273.69
2393.00 273.14
2394.00 271.79
2395.00 269.63
2396.00 268.31
2397.00 267.57
2398.00 266.58
2399.00 267.12
2400.00 268.19
2401.00 269.72
2402.00 271.55
2403.00 273.16
2404.00 274.15
2405.00 274.16
2406.00 273.37
2407.00 272.75
2408.00 272.72
2409.00 272.87
2410.00 272.82
2411.00 272.88
2412.00 272.54
2413.00 272.18
2414.00 271.13
2415.00 270.54
2416.00 270.55
2417.00 270.50
2418.00 270.53
2419.00 271.74
2420.00 272.55
2421.00 274.39
2422.00 274.38
2423.00 274.93
2424.00 274.29
2425.00 273.45
2426.00 272.23
2427.00 271.04
2428.00 270.28
2429.00 270.29
2430.00 269.79
2431.00 268.57
2432.00 267.56
2433.00 265.78
2434.00 263.72
2435.00 259.85
2436.00 255.08
2437.00 249.73
2438.00 246.12
2439.00 245.21
2440.00 246.45
2441.00 249.66
2442.00 253.23
2443.00 259.34
2444.00 266.30
2445.00 270.85
2446.00 272.98
2447.00 272.08
2448.00 270.24
2449.00 268.64
2450.00 266.43
2451.00 264.20
2452.00 261.06
2453.00 257.18
2454.00 253.80
2455.00 252.20
2456.00 251.75
2457.00 252.56
2458.00 253.95
2459.00 255.48
2460.00 256.33
2461.00 256.47
2462.00 256.02
2463.00 254.65
2464.00 252.21
2465.00 249.64
2466.00 248.73
2467.00 248.26
2468.00 247.64
2469.00 245.00
2470.00 240.86
2471.00 235.70
2472.00 227.97
2473.00 219.46
2474.00 206.49
2475.00 196.43
2476.00 189.98
2477.00 187.46
2478.00 186.98
2479.00 184.26
2480.00 183.87
2481.00 184.49
2482.00 185.63
2483.00 188.27
2484.00 189.70
2485.00 190.52
2486.00 190.06
2487.00 189.88
2488.00 189.84
2489.00 189.93
2490.00 190.71
2491.00 191.15
2492.00 191.76
2493.00 194.33
2494.00 196.48
2495.00 197.49
2496.00 197.65
2497.00 199.10
2498.00 199.03
2499.00 198.06
2500.00 197.30
2501.00 196.34
2502.00 196.69
2503.00 197.29
2504.00 199.98
2505.00 202.25
2506.00 203.43
2507.00 204.33
2508.00 205.57
2509.00 205.19
2510.00 204.01
2511.00 202.69
2512.00 202.97
2513.00 204.10
2514.00 204.68
2515.00 204.45
2516.00 203.55
2517.00 203.60
2518.00 204.16
2519.00 203.62
2520.00 202.75
2521.00 203.57
2522.00 205.15
2523.00 208.12
2524.00 212.25
2525.00 219.18
2526.00 225.71
2527.00 231.89
2528.00 235.94
2529.00 238.94
2530.00 240.66
2531.00 240.59
2532.00 238.87
2533.00 235.92
2534.00 231.37
2535.00 225.53
2536.00 217.95
2537.00 212.11
2538.00 206.55
2539.00 205.19
2540.00 205.18
2541.00 205.72
2542.00 206.66
2543.00 208.51
2544.00 212.37
2545.00 213.74
2546.00 213.91
2547.00 214.38
2548.00 214.02
2549.00 212.22
2550.00 209.86
2551.00 208.18
2552.00 207.38
2553.00 206.87
2554.00 208.69
2555.00 210.83
2556.00 213.11
2557.00 216.56
2558.00 219.70
2559.00 220.56
2560.00 220.24
2561.00 219.25
2562.00 218.20
2563.00 217.27
2564.00 216.13
2565.00 215.18
2566.00 214.53
2567.00 213.76
2568.00 212.33
2569.00 211.19
2570.00 211.29
2571.00 211.46
2572.00 212.22
2573.00 213.42
2574.00 214.51
2575.00 214.50
2576.00 213.37
2577.00 212.02
2578.00 211.40
2579.00 210.09
2580.00 209.31
2581.00 210.08
2582.00 211.22
2583.00 212.59
2584.00 213.16
2585.00 213.86
2586.00 214.57
2587.00 215.06
2588.00 216.18
2589.00 215.99
2590.00 215.22
2591.00 214.70
2592.00 215.28
2593.00 216.31
2594.00 217.72
2595.00 218.89
2596.00 219.60
2597.00 218.98
2598.00 217.91
2599.00 216.92
2600.00 217.42
2601.00 218.48
2602.00 219.20
2603.00 219.38
2604.00 219.42
2605.00 219.16
2606.00 219.15
2607.00 218.45
2608.00 217.99
2609.00 217.28
2610.00 216.47
2611.00 216.31
2612.00 216.04
2613.00 216.82
2614.00 218.19
2615.00 219.76
2616.00 221.43
2617.00 221.88
2618.00 221.27
2619.00 220.32
2620.00 219.47
2621.00 220.22
2622.00 221.79
2623.00 223.33
2624.00 224.15
2625.00 224.08
2626.00 223.48
2627.00 222.27
2628.00 220.65
2629.00 218.62
2630.00 216.79
2631.00 216.73
2632.00 217.01
2633.00 216.57
2634.00 216.07
2635.00 215.77
2636.00 216.52
2637.00 216.99
2638.00 217.40
2639.00 217.21
2640.00 216.98
2641.00 216.78
2642.00 216.45
2643.00 216.88
2644.00 217.76
2645.00 218.88
2646.00 219.17
2647.00 218.87
2648.00 217.96
2649.00 216.96
2650.00 216.59
2651.00 217.14
2652.00 217.45
2653.00 217.61
2654.00 218.21
2655.00 218.61
2656.00 218.38
2657.00 218.08
2658.00 218.29
2659.00 218.64
2660.00 219.08
2661.00 219.11
2662.00 219.34
2663.00 218.94
2664.00 217.91
2665.00 216.89
2666.00 216.22
2667.00 215.59
2668.00 215.04
2669.00 214.64
2670.00 214.63
2671.00 214.83
2672.00 214.13
2673.00 214.52
2674.00 215.37
2675.00 215.27
2676.00 215.30
2677.00 215.26
2678.00 215.62
2679.00 214.33
2680.00 213.37
2681.00 213.41
2682.00 214.28
2683.00 216.54
2684.00 219.81
2685.00 223.20
2686.00 226.40
2687.00 232.15
2688.00 240.25
2689.00 247.27
2690.00 254.05
2691.00 258.55
2692.00 260.61
2693.00 261.75
2694.00 262.68
2695.00 263.13
2696.00 262.61
2697.00 262.42
2698.00 261.30
2699.00 260.24
2700.00 259.33
2701.00 258.76
2702.00 258.79
2703.00 261.25
2704.00 262.59
2705.00 263.70
2706.00 264.25
2707.00 264.76
2708.00 265.27
2709.00 265.44
2710.00 265.63
2711.00 265.65
2712.00 266.42
2713.00 267.42
2714.00 267.89
2715.00 267.44
2716.00 266.32
2717.00 265.35
2718.00 263.99
2719.00 262.85
2720.00 261.86
2721.00 261.23
2722.00 261.19
2723.00 262.35
2724.00 263.74
2725.00 264.60
2726.00 265.63
2727.00 265.99
2728.00 265.55
2729.00 265.82
2730.00 266.23
2731.00 266.03
2732.00 265.45
2733.00 264.60
2734.00 264.31
2735.00 264.08
2736.00 264.37
2737.00 264.94
2738.00 264.97
2739.00 265.62
2740.00 266.44
2741.00 266.62
2742.00 264.64
2743.00 261.38
2744.00 257.81
2745.00 255.43
2746.00 252.35
2747.00 249.48
2748.00 246.32
2749.00 243.63
2750.00 240.43
2751.00 237.22
2752.00 233.99
2753.00 231.39
2754.00 229.90
2755.00 230.44
2756.00 232.39
2757.00 235.03
2758.00 238.19
2759.00 242.46
2760.00 246.25
2761.00 247.97
2762.00 248.07
2763.00 247.59
2764.00 247.24
2765.00 247.11
2766.00 246.05
2767.00 244.05
2768.00 242.58
2769.00 242.27
2770.00 240.86
2771.00 239.09
2772.00 238.45
2773.00 238.34
2774.00 238.61
2775.00 239.36
2776.00 240.22
2777.00 241.41
2778.00 242.89
2779.00 243.04
2780.00 242.47
2781.00 242.11
2782.00 241.36
2783.00 239.33
2784.00 237.82
2785.00 237.18
2786.00 237.07
2787.00 237.30
2788.00 238.05
2789.00 238.94
2790.00 239.94
2791.00 240.62
2792.00 240.36
2793.00 238.67
2794.00 237.99
2795.00 237.70
2796.00 238.70
2797.00 240.49
2798.00 242.06
2799.00 241.90
2800.00 240.95
2801.00 240.34
2802.00 240.13
2803.00 239.51
2804.00 238.86
2805.00 238.92
2806.00 239.48
2807.00 240.93
2808.00 242.01
2809.00 241.38
2810.00 240.51
2811.00 239.43
2812.00 238.73
2813.00 238.84
2814.00 238.45
2815.00 237.87
2816.00 235.94
2817.00 233.89
2818.00 232.53
2819.00 229.87
2820.00 227.60
2821.00 223.21
2822.00 217.80
2823.00 210.57
2824.00 204.71
2825.00 199.99
2826.00 196.69
2827.00 194.51
2828.00 191.35
2829.00 190.13
2830.00 189.14
2831.00 188.28
2832.00 187.66
2833.00 187.47
2834.00 187.89
2835.00 187.69
2836.00 186.37
2837.00 184.50
2838.00 183.09
2839.00 181.88
2840.00 180.80
2841.00 179.13
2842.00 178.87
2843.00 179.27
2844.00 180.31
2845.00 181.13
2846.00 181.48
2847.00 181.77
2848.00 181.70
2849.00 181.84
2850.00 181.67
2851.00 181.14
2852.00 180.69
2853.00 180.69
2854.00 180.43
2855.00 179.54
2856.00 178.49
2857.00 178.08
2858.00 178.87
2859.00 179.87
2860.00 180.80
2861.00 181.92
2862.00 182.43
2863.00 182.55
2864.00 182.49
2865.00 182.41
2866.00 181.99
2867.00 181.29
2868.00 180.49
2869.00 179.38
2870.00 179.17
2871.00 179.45
2872.00 180.40
2873.00 180.91
2874.00 180.84
2875.00 180.58
2876.00 180.62
2877.00 180.60
2878.00 180.63
2879.00 181.41
2880.00 182.36
2881.00 182.39
2882.00 182.23
2883.00 182.05
2884.00 181.70
2885.00 181.57
2886.00 181.54
2887.00 181.52
2888.00 181.08
2889.00 181.22
2890.00 181.82
2891.00 181.78
2892.00 180.94
2893.00 180.47
2894.00 180.31
2895.00 180.48
2896.00 180.21
2897.00 179.93
2898.00 180.40
2899.00 180.97
2900.00 181.49
2901.00 181.63
2902.00 181.70
2903.00 181.82
2904.00 182.13
2905.00 182.13
2906.00 181.57
2907.00 181.75
2908.00 181.92
2909.00 181.51
2910.00 181.64
2911.00 181.09
2912.00 180.35
2913.00 179.70
2914.00 179.63
2915.00 180.71
2916.00 180.20
2917.00 179.93
2918.00 180.48
2919.00 181.11
2920.00 180.78
2921.00 180.76
2922.00 181.26
2923.00 182.01
2924.00 183.17
2925.00 183.61
2926.00 184.18
2927.00 184.66
2928.00 185.10
2929.00 184.12
2930.00 183.27
2931.00 182.69
2932.00 182.58
2933.00 182.58
2934.00 182.08
2935.00 181.48
2936.00 180.76
2937.00 181.13
2938.00 181.92
2939.00 182.80
2940.00 184.39
2941.00 185.45
2942.00 185.94
2943.00 186.57
2944.00 184.32
2945.00 183.62
2946.00 182.96
2947.00 181.80
2948.00 181.03
2949.00 180.53
2950.00 180.50
2951.00 179.82
2952.00 179.87
2953.00 179.13
2954.00 177.75
2955.00 177.20
2956.00 175.29
2957.00 172.74
2958.00 169.63
2959.00 168.18
2960.00 167.03
2961.00 165.68
2962.00 161.71
2963.00 156.08
2964.00 0.00
2965.00 0.00
2966.00 0.00
2967.00 0.00
2968.00 0.00
2969.00 0.00
2970.00 0.00
2971.00 0.00
2972.00 0.00
2973.00 0.00
2974.00 0.00
2975.00 0.00
2976.00 0.00
2977.00 0.00
2978.00 0.00
2979.00 0.00
2980.00 0.00
2981.00 0.00
2982.00 0.00
2983.00 0.00
2984.00 0.00
2985.00 0.00
2986.00 0.00
2987.00 0.00
2988.00 0.00
2989.00 0.00
2990.00 0.00
2991.00 0.00
2992.00 0.00
2993.00 0.00
2994.00 0.00
2995.00 0.00
2996.00 0.00
2997.00 0.00
2998.00 0.00
2999.00 0.00
3000.00 0.00
3001.00 0.00
3002.00 0.00
3003.00 0.00
3004.00 0.00
3005.00 0.00
3006.00 0.00
3007.00 0.00
3008.00 0.00
3009.00 0.00
3010.00 0.00
3011.00 0.00
3012.00 0.00
3013.00 0.00
3014.00 0.00
3015.00 0.00
3016.00 0.00
3017.00 0.00
3018.00 0.00
3019.00 0.00
3020.00 0.00
3021.00 0.00
3022.00 0.00
3023.00 0.00
3024.00 0.00
3025.00 0.00
3026.00 0.00
3027.00 0.00
3028.00 0.00
3029.00 0.00
3030.00 0.00
3031.00 205.84
3032.00 202.21
3033.00 201.15
3034.00 202.16
3035.00 204.11
3036.00 207.29
3037.00 212.56
3038.00 216.41
3039.00 218.65
3040.00 221.20
3041.00 223.50
3042.00 226.24
3043.00 228.95
3044.00 231.95
3045.00 235.85
3046.00 238.34
3047.00 241.64
3048.00 243.47
3049.00 245.11
3050.00 247.90
3051.00 250.45
3052.00 252.85
3053.00 256.43
3054.00 259.84
3055.00 260.93
3056.00 262.44
3057.00 262.72
3058.00 262.43
3059.00 261.65
3060.00 259.87
3061.00 259.05
3062.00 258.38
3063.00 260.22
3064.00 261.46
3065.00 262.62
3066.00 263.26
3067.00 263.98
3068.00 264.89
3069.00 265.28
3070.00 265.89
3071.00 266.53
3072.00 267.34
3073.00 268.13
3074.00 268.90
3075.00 270.13
3076.00 270.80
3077.00 270.88
3078.00 270.18
3079.00 269.42
3080.00 268.94
3081.00 268.43
3082.00 268.66
3083.00 269.45
3084.00 269.91
3085.00 270.07
3086.00 270.19
3087.00 269.35
3088.00 268.28
3089.00 268.38
3090.00 268.98
3091.00 269.37
3092.00 270.05
3093.00 271.40
3094.00 272.36
3095.00 273.69
3096.00 273.04
3097.00 271.36
3098.00 270.38
3099.00 269.82
3100.00 269.77
3101.00 269.91
3102.00 269.43
3103.00 269.09
3104.00 269.51
3105.00 269.79
3106.00 269.97
3107.00 269.95
3108.00 270.31
3109.00 270.48
3110.00 270.02
3111.00 269.88
3112.00 270.95
3113.00 271.98
3114.00 271.76
3115.00 270.65
3116.00 269.40
3117.00 269.25
3118.00 270.76
3119.00 272.42
3120.00 273.55
3121.00 274.49
3122.00 273.63
3123.00 272.29
3124.00 271.60
3125.00 270.92
3126.00 270.84
3127.00 271.03
3128.00 270.53
3129.00 270.73
3130.00 272.03
3131.00 272.30
3132.00 271.82
3133.00 271.64
3134.00 271.65
3135.00 271.14
3136.00 270.81
3137.00 270.88
3138.00 271.18
3139.00 271.90
3140.00 272.80
3141.00 272.99
3142.00 272.96
3143.00 272.80
3144.00 272.91
3145.00 272.54
3146.00 271.99
3147.00 271.71
3148.00 271.73
3149.00 272.08
3150.00 272.09
3151.00 272.35
3152.00 272.53
3153.00 271.99
3154.00 271.03
3155.00 269.90
3156.00 269.80
3157.00 271.68
3158.00 273.61
3159.00 273.84
3160.00 273.54
3161.00 272.37
3162.00 272.28
3163.00 273.91
3164.00 276.80
3165.00 279.54
3166.00 280.72
3167.00 280.18
3168.00 277.08
3169.00 274.04
3170.00 272.29
3171.00 271.15
3172.00 271.25
3173.00 271.59
3174.00 271.66
3175.00 270.50
3176.00 268.52
3177.00 265.65
3178.00 263.18
3179.00 249.84
3180.00 239.63
3181.00 236.98
3182.00 237.05
3183.00 236.76
3184.00 0.00
3185.00 0.00
3186.00 0.00
3187.00 0.00
3188.00 0.00
3189.00 0.00
3190.00 0.00
3191.00 0.00
3192.00 0.00
3193.00 0.00
3194.00 0.00
3195.00 0.00
3196.00 0.00
3197.00 0.00
3198.00 0.00
3199.00 0.00
3200.00 0.00
3201.00 0.00
3202.00 0.00
3203.00 0.00
3204.00 0.00
3205.00 0.00
3206.00 277.94
3207.00 274.94
3208.00 273.34
3209.00 273.10
3210.00 271.64
3211.00 270.60
3212.00 269.63
3213.00 268.33
3214.00 267.43
3215.00 267.88
3216.00 269.81
3217.00 271.12
3218.00 272.78
3219.00 275.29
3220.00 276.66
3221.00 276.58
3222.00 276.12
3223.00 275.70
3224.00 276.11
3225.00 276.98
3226.00 276.98
3227.00 276.53
3228.00 276.27
3229.00 275.18
3230.00 274.62
3231.00 274.58
3232.00 275.77
3233.00 276.90
3234.00 278.10
3235.00 278.13
3236.00 277.34
3237.00 277.27
3238.00 276.76
3239.00 276.29
3240.00 275.62
3241.00 275.97
3242.00 276.60
3243.00 277.03
3244.00 277.86
3245.00 278.63
3246.00 278.23
3247.00 278.36
3248.00 278.87
3249.00 277.31
3250.00 275.71
3251.00 275.20
3252.00 274.73
3253.00 273.79
3254.00 272.99
3255.00 273.29
3256.00 274.10
3257.00 276.22
3258.00 277.85
3259.00 277.34
3260.00 276.86
3261.00 276.84
3262.00 276.23
3263.00 273.80
3264.00 270.65
3265.00 268.55
3266.00 265.90
3267.00 263.11
3268.00 262.92
3269.00 264.65
3270.00 266.15
3271.00 267.67
3272.00 269.84
3273.00 271.10
3274.00 272.23
3275.00 272.32
3276.00 271.90
3277.00 271.09
3278.00 268.47
3279.00 267.70
3280.00 267.17
3281.00 269.11
3282.00 271.43
3283.00 273.53
3284.00 274.12
3285.00 273.17
3286.00 271.28
3287.00 270.33
3288.00 270.20
3289.00 270.47
3290.00 269.85
3291.00 269.65
3292.00 271.42
3293.00 273.56
3294.00 276.17
3295.00 276.82
3296.00 275.67
3297.00 274.64
3298.00 273.79
3299.00 273.74
3300.00 273.32
3301.00 273.39
3302.00 272.72
3303.00 271.83
3304.00 268.67
3305.00 264.88
3306.00 261.57
3307.00 257.77
3308.00 251.92
3309.00 246.69
3310.00 240.22
3311.00 232.29
3312.00 219.68
3313.00 214.16
3314.00 209.51
3315.00 208.57
3316.00 209.03
3317.00 210.11
3318.00 211.28
3319.00 212.05
3320.00 212.42
3321.00 212.04
3322.00 211.48
3323.00 211.54
3324.00 212.77
3325.00 213.53
3326.00 213.74
3327.00 213.92
3328.00 214.74
3329.00 216.26
3330.00 218.57
3331.00 219.57
3332.00 219.27
3333.00 218.53
3334.00 217.53
3335.00 215.78
3336.00 214.04
3337.00 212.92
3338.00 212.38
3339.00 212.38
3340.00 212.58
3341.00 212.90
3342.00 212.99
3343.00 214.96
3344.00 215.56
3345.00 216.07
3346.00 216.55
3347.00 217.53
3348.00 216.79
3349.00 216.45
3350.00 215.50
3351.00 214.92
3352.00 214.07
3353.00 213.16
3354.00 214.02
3355.00 214.84
3356.00 215.10
3357.00 214.97
3358.00 214.15
3359.00 214.35
3360.00 215.26
3361.00 216.20
3362.00 217.23
3363.00 217.30
3364.00 217.26
3365.00 217.26
3366.00 217.26
3367.00 218.01
3368.00 219.04
3369.00 219.78
3370.00 221.88
3371.00 225.89
3372.00 230.82
3373.00 235.81
3374.00 242.61
3375.00 244.65
3376.00 256.20
3377.00 257.40
3378.00 254.76
3379.00 252.54
3380.00 247.37
3381.00 238.81
3382.00 234.86
3383.00 233.02
3384.00 232.05
3385.00 231.80
3386.00 232.69
3387.00 233.69
3388.00 234.60
3389.00 235.85
3390.00 236.88
3391.00 237.32
3392.00 238.14
3393.00 239.47
3394.00 241.06
3395.00 242.18
3396.00 243.39
3397.00 244.20
3398.00 245.94
3399.00 246.64
3400.00 245.21
3401.00 244.35
3402.00 243.69
3403.00 242.76
3404.00 241.63
3405.00 240.81
3406.00 240.49
3407.00 241.12
3408.00 242.31
3409.00 243.46
3410.00 244.58
3411.00 245.30
3412.00 244.63
3413.00 243.20
3414.00 241.21
3415.00 239.14
3416.00 237.22
3417.00 235.97
3418.00 235.78
3419.00 237.36
3420.00 238.29
3421.00 238.29
3422.00 237.07
3423.00 234.71
3424.00 230.94
3425.00 223.54
3426.00 214.41
3427.00 196.98
3428.00 1999.78
3429.00 200.13
3430.00 0.00
3431.00 0.00
3432.00 0.00
3433.00 0.00
3434.00 0.00
3435.00 0.00
3436.00 0.00
3437.00 0.00
3438.00 0.00
3439.00 0.00
3440.00 0.00
3441.00 0.00
3442.00 0.00
3443.00 0.00
3444.00 0.00
3445.00 0.00
3446.00 0.00
3447.00 0.00
3448.00 0.00
3449.00 0.00
3450.00 0.00
3451.00 0.00
3452.00 0.00
3453.00 0.00
3454.00 0.00
3455.00 0.00
3456.00 0.00
3457.00 0.00
3458.00 0.00
3459.00 0.00
3460.00 0.00
3461.00 0.00
3462.00 0.00
3463.00 0.00
3464.00 0.00
3465.00 0.00
3466.00 0.00
3467.00 0.00
3468.00 0.00
3469.00 0.00
3470.00 0.00
3471.00 0.00
3472.00 0.00
3473.00 0.00
3474.00 0.00
3475.00 0.00
3476.00 0.00
3477.00 0.00
3478.00 0.00
3479.00 0.00
3480.00 0.00
3481.00 0.00
3482.00 0.00
3483.00 0.00
3484.00 0.00
3485.00 0.00
3486.00 0.00
3487.00 0.00
3488.00 220.18
3489.00 216.27
3490.00 215.35
3491.00 216.51
3492.00 219.13
3493.00 222.47
3494.00 226.83
3495.00 230.75
3496.00 233.46
3497.00 235.63
3498.00 240.76
3499.00 243.58
3500.00 246.96
3501.00 251.66
3502.00 254.15
3503.00 255.51
3504.00 256.62
3505.00 259.18
3506.00 260.88
3507.00 260.79
3508.00 259.87
3509.00 260.60
3510.00 261.56
3511.00 262.40
3512.00 262.65
3513.00 263.27
3514.00 264.44
3515.00 266.64
3516.00 268.58
3517.00 269.30
3518.00 270.24
3519.00 270.60
3520.00 269.69
3521.00 268.58
3522.00 268.23
3523.00 267.40
3524.00 267.51
3525.00 268.38
3526.00 268.40
3527.00 268.85
3528.00 269.73
3529.00 270.09
3530.00 269.94
3531.00 269.35
3532.00 268.88
3533.00 269.18
3534.00 271.01
3535.00 272.19
3536.00 271.82
3537.00 271.56
3538.00 270.52
3539.00 268.77
3540.00 268.30
3541.00 269.14
3542.00 270.14
3543.00 271.35
3544.00 271.85
3545.00 271.37
3546.00 270.94
3547.00 270.72
3548.00 270.36
3549.00 269.70
3550.00 269.92
3551.00 269.69
3552.00 268.76
3553.00 269.02
3554.00 269.29
3555.00 269.46
3556.00 269.19
3557.00 268.54
3558.00 268.55
3559.00 268.85
3560.00 268.73
3561.00 269.21
3562.00 268.75
3563.00 267.71
3564.00 267.49
3565.00 267.46
3566.00 267.60
3567.00 268.08
3568.00 268.30
3569.00 269.71
3570.00 270.42
3571.00 269.94
3572.00 269.29
3573.00 268.99
3574.00 269.51
3575.00 270.15
3576.00 270.61
3577.00 271.12
3578.00 271.00
3579.00 269.77
3580.00 269.70
3581.00 269.18
3582.00 268.24
3583.00 268.48
3584.00 268.54
3585.00 268.76
3586.00 269.60
3587.00 269.52
3588.00 269.51
3589.00 270.43
3590.00 271.58
3591.00 272.66
3592.00 272.44
3593.00 271.52
3594.00 270.53
3595.00 270.03
3596.00 268.70
3597.00 266.86
3598.00 266.25
3599.00 266.84
3600.00 268.35
3601.00 269.07
3602.00 268.92
3603.00 268.42
3604.00 267.82
3605.00 269.24
3606.00 270.09
3607.00 270.73
3608.00 270.87
3609.00 270.86
3610.00 270.12
3611.00 269.19
3612.00 268.15
3613.00 266.97
3614.00 266.99
3615.00 268.58
3616.00 269.34
3617.00 269.58
3618.00 269.94
3619.00 270.16
3620.00 268.61
3621.00 267.04
3622.00 267.57
3623.00 269.65
3624.00 271.82
3625.00 273.31
3626.00 274.03
3627.00 272.82
3628.00 270.85
3629.00 269.93
3630.00 270.24
3631.00 270.40
3632.00 269.26
3633.00 270.04
3634.00 270.06
3635.00 270.00
3636.00 269.71
3637.00 268.59
3638.00 266.41
3639.00 263.46
3640.00 259.87
3641.00 252.60
3642.00 0.00
3643.00 0.00
3644.00 0.00
3645.00 0.00
3646.00 0.00
3647.00 0.00
3648.00 0.00
3649.00 0.00
3650.00 0.00
3651.00 0.00
3652.00 0.00
3653.00 0.00
3654.00 0.00
3655.00 0.00
3656.00 0.00
3657.00 0.00
3658.00 0.00
3659.00 276.32
3660.00 273.36
3661.00 269.54
3662.00 267.34
3663.00 268.09
3664.00 268.82
3665.00 269.09
3666.00 268.48
3667.00 266.93
3668.00 263.84
3669.00 261.80
3670.00 260.79
3671.00 262.21
3672.00 263.57
3673.00 263.81
3674.00 264.53
3675.00 264.75
3676.00 265.52
3677.00 266.70
3678.00 267.14
3679.00 266.43
3680.00 265.86
3681.00 266.28
3682.00 266.10
3683.00 266.58
3684.00 267.89
3685.00 270.25
3686.00 272.67
3687.00 274.62
3688.00 275.90
3689.00 275.91
3690.00 274.58
3691.00 271.99
3692.00 271.62
3693.00 271.57
3694.00 271.09
3695.00 270.58
3696.00 269.11
3697.00 267.85
3698.00 267.03
3699.00 264.18
3700.00 260.15
3701.00 254.66
3702.00 249.10
3703.00 241.57
3704.00 234.65
3705.00 225.83
3706.00 217.20
3707.00 212.68
3708.00 206.37
3709.00 200.67
3710.00 199.65
3711.00 199.09
3712.00 199.94
3713.00 201.46
3714.00 202.81
3715.00 205.42
3716.00 205.80
3717.00 206.02
3718.00 205.19
3719.00 203.84
3720.00 202.82
3721.00 202.87
3722.00 204.58
3723.00 205.48
3724.00 206.87
3725.00 209.17
3726.00 211.09
3727.00 211.49
3728.00 210.68
3729.00 210.50
3730.00 210.54
3731.00 210.64
3732.00 211.92
3733.00 213.02
3734.00 214.99
3735.00 216.69
3736.00 217.66
3737.00 218.31
3738.00 218.01
3739.00 217.66
3740.00 217.68
3741.00 217.17
3742.00 217.94
3743.00 219.08
3744.00 220.40
3745.00 221.88
3746.00 222.13
3747.00 222.04
3748.00 221.54
3749.00 219.84
3750.00 219.58
3751.00 219.69
3752.00 219.66
3753.00 218.99
3754.00 218.07
3755.00 216.60
3756.00 215.44
3757.00 214.77
3758.00 214.72
3759.00 215.50
3760.00 216.48
3761.00 216.81
3762.00 216.63
3763.00 216.89
3764.00 217.73
3765.00 218.72
3766.00 219.85
3767.00 221.03
3768.00 221.81
3769.00 222.03
3770.00 221.92
3771.00 221.64
3772.00 220.93
3773.00 220.78
3774.00 221.07
3775.00 220.87
3776.00 220.36
3777.00 220.62
3778.00 220.47
3779.00 219.72
3780.00 218.91
3781.00 218.92
3782.00 220.14
3783.00 221.55
3784.00 222.22
3785.00 223.20
3786.00 223.72
3787.00 223.84
3788.00 223.35
3789.00 223.16
3790.00 222.68
3791.00 222.21
3792.00 220.99
3793.00 220.35
3794.00 219.72
3795.00 218.95
3796.00 219.16
3797.00 219.62
3798.00 220.02
3799.00 220.04
3800.00 220.41
3801.00 220.48
3802.00 220.77
3803.00 220.81
3804.00 220.56
3805.00 220.46
3806.00 220.51
3807.00 224.91
3808.00 228.24
3809.00 229.49
3810.00 231.55
3811.00 236.35
3812.00 237.95
3813.00 237.94
3814.00 238.44
3815.00 238.58
3816.00 237.07
3817.00 235.27
3818.00 234.53
3819.00 234.61
3820.00 234.71
3821.00 235.57
3822.00 236.52
3823.00 237.91
3824.00 238.81
3825.00 238.90
3826.00 239.58
3827.00 240.68
3828.00 241.50
3829.00 242.38
3830.00 243.21
3831.00 244.05
3832.00 243.76
3833.00 243.21
3834.00 242.97
3835.00 242.71
3836.00 242.44
3837.00 242.23
3838.00 242.42
3839.00 242.95
3840.00 242.88
3841.00 241.54
3842.00 238.96
3843.00 237.35
3844.00 234.36
3845.00 230.92
3846.00 226.80
3847.00 222.00
3848.00 216.93
3849.00 210.42
3850.00 204.57
3851.00 198.65
3852.00 195.16
3853.00 133.86
3854.00 0.00
3855.00 0.00
3856.00 0.00
3857.00 0.00
3858.00 0.00
3859.00 0.00
3860.00 0.00
3861.00 0.00
3862.00 0.00
3863.00 0.00
3864.00 0.00
3865.00 0.00
3866.00 0.00
3867.00 0.00
3868.00 0.00
3869.00 0.00
3870.00 0.00
3871.00 0.00
3872.00 0.00
3873.00 0.00
3874.00 0.00
3875.00 0.00
3876.00 0.00
3877.00 0.00
3878.00 0.00
3879.00 0.00
3880.00 0.00
3881.00 0.00
3882.00 0.00
3883.00 0.00
3884.00 0.00
3885.00 0.00
3886.00 0.00
3887.00 0.00
3888.00 0.00
3889.00 0.00
3890.00 0.00
3891.00 0.00
3892.00 0.00
3893.00 0.00
3894.00 0.00
3895.00 0.00
3896.00 0.00
3897.00 0.00
3898.00 0.00
3899.00 0.00
3900.00 0.00
3901.00 0.00
3902.00 0.00
3903.00 0.00
3904.00 0.00
3905.00 0.00
3906.00 0.00
3907.00 0.00
3908.00 0.00
3909.00 0.00
3910.00 0.00
3911.00 0.00
3912.00 0.00
3913.00 0.00
3914.00 0.00
3915.00 0.00
3916.00 0.00
3917.00 0.00
3918.00 0.00
3919.00 0.00
3920.00 0.00
3921.00 0.00
3922.00 0.00
3923.00 0.00
3924.00 232.67
3925.00 236.88
3926.00 239.12
3927.00 241.66
3928.00 244.08
3929.00 246.04
3930.00 248.58
3931.00 251.84
3932.00 254.04
3933.00 257.01
3934.00 259.59
3935.00 262.46
3936.00 264.20
3937.00 264.67
3938.00 264.14
3939.00 262.66
3940.00 260.22
3941.00 256.73
3942.00 255.29
3943.00 255.86
3944.00 258.17
3945.00 261.01
3946.00 262.66
3947.00 263.94
3948.00 265.19
3949.00 265.87
3950.00 265.34
3951.00 266.07
3952.00 266.78
3953.00 268.41
3954.00 268.28
3955.00 266.17
3956.00 265.05
3957.00 265.39
3958.00 265.80
3959.00 266.05
3960.00 266.92
3961.00 268.04
3962.00 269.62
3963.00 270.70
3964.00 271.91
3965.00 271.28
3966.00 270.49
3967.00 270.44
3968.00 268.94
3969.00 266.05
3970.00 265.93
3971.00 266.49
3972.00 266.29
3973.00 266.29
3974.00 266.99
3975.00 267.50
3976.00 267.25
3977.00 267.27
3978.00 267.51
3979.00 268.52
3980.00 269.33
3981.00 271.25
3982.00 272.03
3983.00 273.12
3984.00 273.65
3985.00 273.64
3986.00 272.97
3987.00 271.89
3988.00 270.91
3989.00 269.88
3990.00 269.10
3991.00 268.85
3992.00 269.43
3993.00 269.79
3994.00 270.16
3995.00 270.14
3996.00 270.61
3997.00 271.08
3998.00 270.78
3999.00 270.50
4000.00 269.85
4001.00 269.04
4002.00 268.08
4003.00 267.20
4004.00 267.00
4005.00 267.22
4006.00 266.94
4007.00 266.78
4008.00 266.67
4009.00 266.35
4010.00 265.75
4011.00 263.88
4012.00 260.55
4013.00 245.59
4014.00 253.59
4015.00 256.02
4016.00 256.02
4017.00 257.56
4018.00 257.71
4019.00 256.54
4020.00 257.50
4021.00 258.04
4022.00 258.39
4023.00 261.61
4024.00 264.37
4025.00 265.72
4026.00 266.20
4027.00 266.85
4028.00 266.98
4029.00 266.28
4030.00 265.84
4031.00 266.14
4032.00 266.08
4033.00 266.25
4034.00 266.27
4035.00 266.24
4036.00 266.71
4037.00 266.47
4038.00 266.62
4039.00 267.00
4040.00 267.07
4041.00 267.21
4042.00 268.64
4043.00 269.35
4044.00 270.02
4045.00 270.85
4046.00 271.98
4047.00 272.66
4048.00 273.27
4049.00 273.24
4050.00 272.87
4051.00 272.10
4052.00 270.21
4053.00 268.81
4054.00 267.94
4055.00 267.69
4056.00 268.28
4057.00 269.34
4058.00 269.99
4059.00 270.10
4060.00 270.53
4061.00 270.22
4062.00 269.56
4063.00 269.50
4064.00 270.43
4065.00 271.65
4066.00 272.58
4067.00 272.31
4068.00 269.07
4069.00 267.13
4070.00 270.64
4071.00 272.56
4072.00 273.16
4073.00 273.63
4074.00 274.13
4075.00 274.22
4076.00 273.57
4077.00 273.82
4078.00 273.70
4079.00 273.08
4080.00 272.83
4081.00 273.31
4082.00 273.86
4083.00 273.87
4084.00 273.31
4085.00 273.31
4086.00 273.33
4087.00 272.87
4088.00 272.01
4089.00 271.55
4090.00 272.12
4091.00 272.62
4092.00 272.28
4093.00 271.78
4094.00 271.23
4095.00 270.73
4096.00 269.66
4097.00 269.46
4098.00 270.14
4099.00 270.58
4100.00 271.37
4101.00 271.54
4102.00 271.62
4103.00 270.98
4104.00 270.49
4105.00 270.55
4106.00 269.97
4107.00 269.13
4108.00 268.69
4109.00 269.29
4110.00 269.74
4111.00 269.75
4112.00 269.41
4113.00 269.47
4114.00 269.44
4115.00 269.62
4116.00 268.99
4117.00 269.06
4118.00 266.93
4119.00 265.52
4120.00 265.37
4121.00 265.45
4122.00 266.55
4123.00 268.32
4124.00 269.80
4125.00 271.20
4126.00 272.30
4127.00 273.19
4128.00 272.38
4129.00 272.22
4130.00 271.38
4131.00 268.35
4132.00 265.50
4133.00 263.89
4134.00 264.85
4135.00 265.62
4136.00 266.09
4137.00 267.26
4138.00 267.65
4139.00 266.84
4140.00 265.84
4141.00 265.62
4142.00 266.67
4143.00 268.41
4144.00 269.87
4145.00 269.90
4146.00 270.92
4147.00 270.48
4148.00 269.68
4149.00 268.95
4150.00 269.22
4151.00 270.51
4152.00 271.31
4153.00 271.37
4154.00 271.23
4155.00 271.06
4156.00 270.36
4157.00 270.42
4158.00 271.34
4159.00 272.36
4160.00 272.57
4161.00 271.54
4162.00 270.45
4163.00 269.53
4164.00 268.77
4165.00 268.93
4166.00 269.36
4167.00 269.11
4168.00 269.09
4169.00 268.48
4170.00 267.88
4171.00 268.01
4172.00 267.78
4173.00 267.30
4174.00 267.11
4175.00 266.73
4176.00 267.07
4177.00 267.55
4178.00 267.59
4179.00 267.95
4180.00 268.33
4181.00 267.95
4182.00 268.79
4183.00 270.41
4184.00 270.83
4185.00 270.60
4186.00 269.33
4187.00 266.80
4188.00 266.08
4189.00 266.16
4190.00 268.34
4191.00 269.78
4192.00 270.82
4193.00 271.38
4194.00 270.82
4195.00 270.00
4196.00 268.25
4197.00 267.65
4198.00 267.75
4199.00 267.63
4200.00 267.22
4201.00 265.88
4202.00 264.59
4203.00 264.37
4204.00 264.04
4205.00 263.39
4206.00 263.46
4207.00 265.23
4208.00 270.13
4209.00 272.04
4210.00 272.19
4211.00 272.62
4212.00 273.39
4213.00 273.88
4214.00 274.21
4215.00 274.04
4216.00 273.86
4217.00 272.52
4218.00 269.98
4219.00 269.00
4220.00 267.81
4221.00 267.23
4222.00 268.00
4223.00 268.53
4224.00 269.59
4225.00 270.26
4226.00 271.04
4227.00 270.75
4228.00 270.23
4229.00 270.72
4230.00 271.08
4231.00 270.06
4232.00 268.32
4233.00 265.93
4234.00 264.54
4235.00 264.24
4236.00 263.66
4237.00 263.45
4238.00 262.89
4239.00 262.55
4240.00 262.58
4241.00 263.60
4242.00 264.73
4243.00 265.89
4244.00 266.21
4245.00 266.03
4246.00 265.16
4247.00 264.10
4248.00 263.88
4249.00 264.19
4250.00 263.83
4251.00 263.59
4252.00 263.32
4253.00 263.00
4254.00 263.29
4255.00 264.51
4256.00 265.63
4257.00 265.89
4258.00 264.97
4259.00 264.11
4260.00 264.70
4261.00 263.88
4262.00 263.14
4263.00 263.47
4264.00 263.34
4265.00 262.75
4266.00 261.71
4267.00 259.78
4268.00 256.97
4269.00 251.69
4270.00 244.92
4271.00 237.90
4272.00 232.49
4273.00 226.35
4274.00 224.64
4275.00 226.19
4276.00 230.11
4277.00 234.62
4278.00 238.73
4279.00 245.00
4280.00 250.77
4281.00 255.01
4282.00 257.60
4283.00 258.56
4284.00 258.16
4285.00 256.89
4286.00 254.36
4287.00 251.65
4288.00 248.10
4289.00 244.60
4290.00 240.62
4291.00 237.04
4292.00 234.69
4293.00 233.47
4294.00 233.87
4295.00 236.73
4296.00 240.45
4297.00 243.27
4298.00 245.27
4299.00 246.16
4300.00 246.25
4301.00 245.00
4302.00 242.63
4303.00 241.07
4304.00 239.31
4305.00 238.16
4306.00 237.68
4307.00 237.70
4308.00 238.51
4309.00 239.83
4310.00 240.80
4311.00 241.57
4312.00 241.39
4313.00 241.20
4314.00 240.40
4315.00 239.84
4316.00 238.65
4317.00 238.06
4318.00 237.74
4319.00 237.36
4320.00 237.67
4321.00 237.76
4322.00 240.42
4323.00 241.62
4324.00 242.55
4325.00 244.52
4326.00 251.62
4327.00 256.21
4328.00 256.69
4329.00 254.85
4330.00 252.62
4331.00 249.59
4332.00 245.99
4333.00 241.83
4334.00 237.45
4335.00 232.84
4336.00 226.54
4337.00 219.75
4338.00 211.13
4339.00 205.72
4340.00 203.34
4341.00 202.90
4342.00 203.23
4343.00 204.40
4344.00 205.59
4345.00 206.77
4346.00 207.77
4347.00 209.21
4348.00 210.09
4349.00 210.30
4350.00 210.45
4351.00 211.84
4352.00 212.54
4353.00 213.19
4354.00 214.38
4355.00 215.57
4356.00 216.98
4357.00 218.49
4358.00 219.35
4359.00 218.99
4360.00 218.37
4361.00 218.03
4362.00 218.03
4363.00 218.22
4364.00 217.48
4365.00 217.13
4366.00 217.87
4367.00 218.02
4368.00 217.89
4369.00 217.80
4370.00 218.59
4371.00 219.81
4372.00 220.46
4373.00 220.65
4374.00 220.85
4375.00 220.68
4376.00 220.60
4377.00 219.89
4378.00 219.97
4379.00 219.62
4380.00 219.39
4381.00 219.90
4382.00 220.42
4383.00 221.26
4384.00 220.99
4385.00 220.27
4386.00 219.74
4387.00 219.76
4388.00 220.41
4389.00 220.20
4390.00 220.76
4391.00 221.90
4392.00 223.58
4393.00 224.02
4394.00 223.68
4395.00 222.60
4396.00 220.59
4397.00 218.69
4398.00 217.84
4399.00 217.31
4400.00 217.14
4401.00 217.35
4402.00 216.66
4403.00 216.21
4404.00 215.85
4405.00 214.82
4406.00 214.71
4407.00 216.11
4408.00 217.76
4409.00 219.88
4410.00 222.16
4411.00 223.15
4412.00 222.74
4413.00 221.95
4414.00 219.97
4415.00 218.93
4416.00 219.22
4417.00 220.03
4418.00 220.64
4419.00 220.92
4420.00 220.78
4421.00 219.96
4422.00 218.49
4423.00 217.45
4424.00 216.37
4425.00 216.33
4426.00 217.12
4427.00 217.52
4428.00 217.96
4429.00 218.98
4430.00 219.81
4431.00 220.47
4432.00 220.62
4433.00 220.15
4434.00 219.35
4435.00 218.89
4436.00 218.52
4437.00 218.59
4438.00 219.78
4439.00 221.02
4440.00 221.85
4441.00 222.05
4442.00 221.65
4443.00 220.35
4444.00 219.94
4445.00 220.02
4446.00 220.82
4447.00 222.04
4448.00 223.31
4449.00 224.84
4450.00 224.22
4451.00 224.09
4452.00 223.73
4453.00 222.78
4454.00 221.16
4455.00 220.33
4456.00 219.43
4457.00 217.56
4458.00 215.99
4459.00 213.54
4460.00 213.03
4461.00 212.92
4462.00 212.65
4463.00 212.40
4464.00 212.23
4465.00 213.40
4466.00 214.18
4467.00 214.27
4468.00 216.22
4469.00 218.93
4470.00 221.76
4471.00 225.06
4472.00 227.79
4473.00 230.90
4474.00 233.68
4475.00 236.48
4476.00 237.72
4477.00 238.63
4478.00 238.47
4479.00 239.10
4480.00 238.57
4481.00 238.39
4482.00 238.04
4483.00 237.91
4484.00 238.91
4485.00 239.09
4486.00 239.79
4487.00 239.81
4488.00 239.29
4489.00 238.29
4490.00 238.67
4491.00 239.85
4492.00 240.42
4493.00 239.48
4494.00 237.83
4495.00 236.36
4496.00 234.56
4497.00 234.02
4498.00 234.59
4499.00 236.13
4500.00 238.00
4501.00 239.37
4502.00 242.03
4503.00 245.55
4504.00 248.13
4505.00 249.79
4506.00 249.89
4507.00 248.84
4508.00 248.19
4509.00 247.15
4510.00 245.23
4511.00 243.15
4512.00 242.65
4513.00 240.93
4514.00 238.33
4515.00 237.10
4516.00 236.89
4517.00 237.10
4518.00 237.11
4519.00 236.89
4520.00 237.56
4521.00 238.37
4522.00 240.08
4523.00 240.52
4524.00 240.47
4525.00 240.63
4526.00 240.07
4527.00 239.71
4528.00 239.61
4529.00 240.08
4530.00 240.29
4531.00 240.26
4532.00 239.90
4533.00 240.68
4534.00 241.49
4535.00 241.87
4536.00 242.12
4537.00 242.13
4538.00 241.59
4539.00 240.74
4540.00 240.29
4541.00 241.11
4542.00 242.06
4543.00 241.80
4544.00 241.85
4545.00 242.77
4546.00 243.32
4547.00 244.42
4548.00 245.55
4549.00 246.04
4550.00 244.88
4551.00 242.75
4552.00 242.01
4553.00 241.48
4554.00 241.27
4555.00 241.45
4556.00 241.56
4557.00 241.40
4558.00 240.21
4559.00 239.99
4560.00 239.96
4561.00 240.15
4562.00 239.04
4563.00 237.34
4564.00 234.81
4565.00 232.27
4566.00 228.11
4567.00 222.81
4568.00 218.68
4569.00 211.52
4570.00 205.77
4571.00 201.88
4572.00 194.81
4573.00 191.67
4574.00 188.24
4575.00 185.35
4576.00 183.93
4577.00 180.59
4578.00 177.83
4579.00 176.70
4580.00 175.84
4581.00 174.68
4582.00 173.23
4583.00 171.79
4584.00 171.10
4585.00 171.16
4586.00 172.26
4587.00 172.05
4588.00 172.35
4589.00 172.94
4590.00 174.58
4591.00 176.44
4592.00 179.60
4593.00 182.80
4594.00 183.86
4595.00 184.62
4596.00 185.62
4597.00 185.32
4598.00 184.92
4599.00 183.80
4600.00 182.82
4601.00 182.10
4602.00 180.80
4603.00 180.00
4604.00 179.60
4605.00 179.37
4606.00 179.60
4607.00 179.41
4608.00 179.41
4609.00 180.90
4610.00 182.29
4611.00 182.62
4612.00 181.89
4613.00 181.86
4614.00 182.14
4615.00 182.30
4616.00 182.29
4617.00 182.26
4618.00 182.32
4619.00 182.06
4620.00 182.46
4621.00 182.02
4622.00 182.70
4623.00 183.51
4624.00 183.82
4625.00 183.94
4626.00 183.94
4627.00 183.78
4628.00 182.44
4629.00 182.04
4630.00 182.05
4631.00 182.54
4632.00 183.16
4633.00 182.98
4634.00 183.01
4635.00 183.07
4636.00 182.18
4637.00 181.64
4638.00 180.68
4639.00 180.25
4640.00 180.41
4641.00 181.29
4642.00 182.45
4643.00 182.57
4644.00 182.02
4645.00 181.98
4646.00 181.95
4647.00 181.51
4648.00 181.70
4649.00 181.65
4650.00 181.66
4651.00 182.04
4652.00 182.44
4653.00 182.89
4654.00 182.62
4655.00 182.35
4656.00 182.62
4657.00 183.49
4658.00 184.45
4659.00 183.93
4660.00 183.58
4661.00 182.97
4662.00 182.37
4663.00 181.61
4664.00 181.57
4665.00 180.84
4666.00 181.82
4667.00 182.51
4668.00 183.39
4669.00 183.88
4670.00 184.16
4671.00 185.19
4672.00 184.82
4673.00 184.14
4674.00 183.12
4675.00 182.25
4676.00 180.48
4677.00 180.48
4678.00 180.14
4679.00 180.86
4680.00 181.33
4681.00 181.69
4682.00 182.97
4683.00 181.80
4684.00 180.42
4685.00 178.92
4686.00 177.52
4687.00 175.01
4688.00 175.25
4689.00 0.00
4690.00 0.00
4691.00 0.00
4692.00 0.00
4693.00 0.00
4694.00 0.00
4695.00 0.00
4696.00 0.00
4697.00 0.00
4698.00 0.00
4699.00 0.00
4700.00 0.00
4701.00 0.00
4702.00 0.00
4703.00 0.00
4704.00 0.00
4705.00 0.00
4706.00 0.00
4707.00 0.00
4708.00 0.00
4709.00 0.00
4710.00 0.00
4711.00 0.00
4712.00 0.00
4713.00 0.00
4714.00 0.00
4715.00 0.00
4716.00 0.00
4717.00 0.00
4718.00 0.00
4719.00 0.00
4720.00 0.00
4721.00 0.00
4722.00 0.00
4723.00 0.00
4724.00 0.00
4725.00 0.00
4726.00 0.00
4727.00 0.00
4728.00 0.00
4729.00 0.00
4730.00 0.00
4731.00 0.00
4732.00 0.00
4733.00 0.00
4734.00 0.00
4735.00 0.00
4736.00 0.00
4737.00 0.00
4738.00 0.00
4739.00 0.00
4740.00 0.00
4741.00 0.00
4742.00 0.00
4743.00 0.00
4744.00 0.00
4745.00 0.00
4746.00 0.00
4747.00 0.00
4748.00 0.00
4749.00 0.00
4750.00 0.00
4751.00 0.00
4752.00 0.00
4753.00 0.00
4754.00 0.00
4755.00 0.00
4756.00 0.00
4757.00 0.00
4758.00 0.00
4759.00 0.00
4760.00 0.00
4761.00 0.00
4762.00 0.00
4763.00 0.00
4764.00 0.00
4765.00 0.00
4766.00 0.00
4767.00 0.00
4768.00 0.00
4769.00 0.00
4770.00 0.00
4771.00 0.00
4772.00 0.00
4773.00 0.00
4774.00 221.03
4775.00 223.77
4776.00 226.85
4777.00 229.98
4778.00 233.20
4779.00 235.43
4780.00 236.06
4781.00 237.55
4782.00 239.54
4783.00 241.89
4784.00 243.89
4785.00 247.28
4786.00 249.12
4787.00 250.53
4788.00 253.51
4789.00 253.70
4790.00 254.54
4791.00 254.41
4792.00 253.99
4793.00 253.10
4794.00 253.04
4795.00 252.94
4796.00 253.83
4797.00 254.16
4798.00 254.59
4799.00 256.77
4800.00 258.19
4801.00 259.59
4802.00 260.26
4803.00 261.19
4804.00 262.76
4805.00 263.37
4806.00 263.64
4807.00 263.95
4808.00 265.00
4809.00 265.61
4810.00 266.07
4811.00 267.09
4812.00 266.61
4813.00 265.68
4814.00 263.76
4815.00 261.85
4816.00 260.86
4817.00 259.88
4818.00 260.23
4819.00 260.85
4820.00 261.10
4821.00 260.51
4822.00 261.13
4823.00 262.53
4824.00 263.79
4825.00 265.29
4826.00 266.39
4827.00 267.27
4828.00 267.90
4829.00 269.00
4830.00 269.96
4831.00 270.24
4832.00 270.58
4833.00 269.80
4834.00 268.97
4835.00 268.29
4836.00 268.54
4837.00 268.95
4838.00 268.65
4839.00 268.95
4840.00 268.63
4841.00 267.44
4842.00 266.88
4843.00 266.25
4844.00 267.04
4845.00 268.13
4846.00 269.77
4847.00 271.11
4848.00 271.08
4849.00 271.08
4850.00 271.61
4851.00 271.41
4852.00 270.21
4853.00 269.09
4854.00 268.30
4855.00 267.66
4856.00 267.13
4857.00 267.26
4858.00 267.73
4859.00 267.56
4860.00 267.27
4861.00 266.71
4862.00 265.81
4863.00 265.40
4864.00 266.00
4865.00 266.89
4866.00 267.60
4867.00 267.71
4868.00 268.91
4869.00 269.44
4870.00 269.79
4871.00 269.89
4872.00 269.22
4873.00 268.41
4874.00 267.86
4875.00 268.04
4876.00 267.86
4877.00 267.85
4878.00 267.80
4879.00 268.23
4880.00 268.41
4881.00 268.99
4882.00 269.84
4883.00 270.69
4884.00 271.73
4885.00 272.54
4886.00 272.72
4887.00 272.69
4888.00 271.77
4889.00 270.21
4890.00 269.72
4891.00 269.49
4892.00 269.34
4893.00 269.19
4894.00 269.29
4895.00 269.39
4896.00 269.03
4897.00 268.82
4898.00 269.04
4899.00 268.56
4900.00 267.49
4901.00 266.86
4902.00 267.31
4903.00 267.20
4904.00 267.35
4905.00 267.75
4906.00 268.36
4907.00 268.46
4908.00 268.75
4909.00 269.57
4910.00 269.47
4911.00 268.99
4912.00 267.66
4913.00 266.07
4914.00 263.60
4915.00 266.06
4916.00 268.19
4917.00 267.71
4918.00 268.02
4919.00 268.11
4920.00 267.08
4921.00 266.35
4922.00 266.12
4923.00 265.54
4924.00 264.97
4925.00 265.83
4926.00 265.33
4927.00 265.36
4928.00 264.36
4929.00 266.09
4930.00 266.19
4931.00 267.85
4932.00 269.32
4933.00 271.55
4934.00 271.82
4935.00 272.12
4936.00 271.43
4937.00 271.32
4938.00 269.22
4939.00 268.64
4940.00 269.61
4941.00 270.78
4942.00 270.06
4943.00 269.71
4944.00 270.15
4945.00 269.36
4946.00 268.30
4947.00 268.02
4948.00 267.32
4949.00 266.99
4950.00 266.55
4951.00 268.67
4952.00 269.66
4953.00 272.09
4954.00 272.99
4955.00 273.91
4956.00 273.17
4957.00 272.38
4958.00 272.31
4959.00 270.69
4960.00 269.11
4961.00 269.05
4962.00 267.85
4963.00 266.96
4964.00 265.90
4965.00 266.72
4966.00 267.00
4967.00 267.81
4968.00 267.22
4969.00 267.53
4970.00 267.16
4971.00 267.43
4972.00 267.93
4973.00 268.98
4974.00 268.58
4975.00 267.84
4976.00 266.92
4977.00 267.06
4978.00 268.28
4979.00 269.99
4980.00 270.89
4981.00 272.09
4982.00 271.88
4983.00 269.53
4984.00 268.88
4985.00 267.75
4986.00 266.39
4987.00 265.77
4988.00 266.93
4989.00 266.61
4990.00 267.77
4991.00 267.63
4992.00 267.18
4993.00 266.55
4994.00 266.27
4995.00 266.49
4996.00 267.51
4997.00 268.76
4998.00 269.63
4999.00 269.54
5000.00 268.78
5001.00 267.74
5002.00 267.67
5003.00 268.55
5004.00 269.70
5005.00 271.16
5006.00 270.75
5007.00 270.08
5008.00 269.76
5009.00 269.74
5010.00 269.37
5011.00 269.32
5012.00 269.53
5013.00 269.76
5014.00 270.24
5015.00 270.37
5016.00 270.05
5017.00 269.08
5018.00 268.91
5019.00 269.44
5020.00 270.53
5021.00 271.51
5022.00 271.73
5023.00 271.16
5024.00 270.41
5025.00 269.97
5026.00 269.91
5027.00 269.21
5028.00 269.02
5029.00 268.97
5030.00 268.67
5031.00 269.85
5032.00 271.71
5033.00 271.82
5034.00 271.12
5035.00 270.32
5036.00 268.40
5037.00 267.44
5038.00 267.61
5039.00 268.30
5040.00 269.95
5041.00 272.16
5042.00 273.08
5043.00 273.45
5044.00 275.75
5045.00 277.87
5046.00 277.73
5047.00 276.71
5048.00 276.53
5049.00 276.80
5050.00 277.22
5051.00 276.19
5052.00 274.96
5053.00 272.47
5054.00 269.97
5055.00 269.07
5056.00 269.19
5057.00 268.50
5058.00 268.32
5059.00 268.41
5060.00 268.98
5061.00 271.97
5062.00 273.46
5063.00 273.65
5064.00 273.23
5065.00 272.47
5066.00 271.26
5067.00 270.76
5068.00 271.43
5069.00 272.88
5070.00 273.99
5071.00 274.11
5072.00 274.00
5073.00 273.73
5074.00 273.56
5075.00 271.18
5076.00 266.53
5077.00 263.35
5078.00 259.77
5079.00 257.36
5080.00 255.85
5081.00 250.70
5082.00 247.48
5083.00 245.07
5084.00 0.00
5085.00 0.00
5086.00 0.00
5087.00 0.00
5088.00 0.00
5089.00 0.00
5090.00 0.00
5091.00 0.00
5092.00 0.00
5093.00 0.00
5094.00 0.00
5095.00 0.00
5096.00 0.00
5097.00 0.00
5098.00 0.00
5099.00 0.00
5100.00 0.00
5101.00 0.00
5102.00 0.00
5103.00 0.00
5104.00 0.00
5105.00 0.00
5106.00 0.00
5107.00 0.00
5108.00 0.00
5109.00 0.00
5110.00 0.00
5111.00 0.00
5112.00 0.00
5113.00 0.00
5114.00 0.00
5115.00 0.00
5116.00 0.00
5117.00 0.00
5118.00 0.00
5119.00 0.00
5120.00 0.00
5121.00 251.33
5122.00 253.79
5123.00 254.51
5124.00 257.23
5125.00 260.55
5126.00 264.60
5127.00 268.43
5128.00 270.63
5129.00 271.97
5130.00 272.51
5131.00 272.63
5132.00 272.85
5133.00 271.89
5134.00 269.69
5135.00 267.38
5136.00 266.97
5137.00 266.97
5138.00 266.40
5139.00 266.21
5140.00 266.37
5141.00 266.20
5142.00 265.25
5143.00 266.81
5144.00 268.57
5145.00 272.76
5146.00 276.16
5147.00 278.82
5148.00 280.31
5149.00 280.91
5150.00 279.92
5151.00 278.00
5152.00 276.38
5153.00 274.88
5154.00 272.80
5155.00 270.52
5156.00 267.88
5157.00 266.37
5158.00 266.29
5159.00 267.30
5160.00 266.28
5161.00 267.78
5162.00 270.38
5163.00 272.41
5164.00 273.06
5165.00 273.61
5166.00 274.98
5167.00 276.59
5168.00 276.87
5169.00 276.31
5170.00 275.68
5171.00 275.11
5172.00 274.93
5173.00 276.06
5174.00 276.23
5175.00 276.13
5176.00 276.65
5177.00 276.21
5178.00 274.45
5179.00 273.96
5180.00 273.69
5181.00 274.03
5182.00 274.16
5183.00 273.30
5184.00 273.21
5185.00 274.15
5186.00 274.47
5187.00 275.59
5188.00 276.43
5189.00 276.54
5190.00 276.16
5191.00 275.96
5192.00 275.55
5193.00 274.76
5194.00 274.22
5195.00 272.49
5196.00 270.67
5197.00 269.64
5198.00 268.38
5199.00 267.48
5200.00 265.37
5201.00 263.86
5202.00 264.81
5203.00 266.76
5204.00 267.38
5205.00 267.93
5206.00 272.77
5207.00 278.91
5208.00 283.14
5209.00 287.64
5210.00 289.53
5211.00 290.25
5212.00 289.40
5213.00 286.02
5214.00 282.99
5215.00 279.40
5216.00 276.95
5217.00 275.21
5218.00 274.44
5219.00 273.69
5220.00 273.36
5221.00 273.81
5222.00 274.33
5223.00 275.12
5224.00 275.61
5225.00 276.20
5226.00 276.35
5227.00 276.08
5228.00 275.67
5229.00 274.91
5230.00 274.75
5231.00 274.88
5232.00 274.09
5233.00 273.40
5234.00 272.72
5235.00 272.42
5236.00 272.54
5237.00 272.63
5238.00 272.07
5239.00 272.01
5240.00 271.99
5241.00 272.43
5242.00 272.35
5243.00 272.43
5244.00 272.30
5245.00 272.49
5246.00 272.58
5247.00 272.84
5248.00 273.29
5249.00 274.06
5250.00 274.32
5251.00 273.15
5252.00 272.69
5253.00 272.45
5254.00 272.61
5255.00 273.11
5256.00 274.53
5257.00 275.43
5258.00 275.92
5259.00 275.85
5260.00 275.58
5261.00 274.59
5262.00 273.64
5263.00 272.97
5264.00 274.07
5265.00 275.32
5266.00 275.41
5267.00 274.57
5268.00 273.70
5269.00 274.01
5270.00 274.17
5271.00 273.39
5272.00 274.63
5273.00 274.18
5274.00 272.36
5275.00 271.15
5276.00 269.51
5277.00 266.28
5278.00 264.00
5279.00 262.13
5280.00 260.60
5281.00 258.98
5282.00 257.07
5283.00 254.54
5284.00 251.95
5285.00 250.38
5286.00 251.75
5287.00 253.79
5288.00 255.66
5289.00 258.52
5290.00 259.92
5291.00 260.71
5292.00 258.72
5293.00 256.75
5294.00 255.00
5295.00 203.81
5296.00 222.81
5297.00 202.00
5298.00 0.00
5299.00 0.00
5300.00 0.00
5301.00 0.00
5302.00 0.00
5303.00 0.00
5304.00 0.00
5305.00 0.00
5306.00 0.00
5307.00 0.00
5308.00 0.00
5309.00 0.00
5310.00 0.00
5311.00 0.00
5312.00 0.00
5313.00 0.00
5314.00 0.00
5315.00 0.00
5316.00 0.00
5317.00 0.00
5318.00 0.00
5319.00 0.00
5320.00 0.00
5321.00 0.00
5322.00 0.00
5323.00 0.00
5324.00 0.00
5325.00 0.00
5326.00 0.00
5327.00 0.00
5328.00 0.00
5329.00 0.00
5330.00 0.00
5331.00 0.00
5332.00 0.00
5333.00 0.00
5334.00 0.00
5335.00 0.00
5336.00 0.00
5337.00 0.00
5338.00 0.00
5339.00 0.00
5340.00 0.00
5341.00 0.00
5342.00 0.00
5343.00 0.00
5344.00 0.00
5345.00 0.00
5346.00 0.00
5347.00 0.00
5348.00 0.00
5349.00 0.00
5350.00 0.00
5351.00 0.00
5352.00 0.00
5353.00 0.00
5354.00 0.00
5355.00 0.00
5356.00 0.00
5357.00 0.00
5358.00 0.00
5359.00 0.00
5360.00 0.00
5361.00 0.00
5362.00 0.00
5363.00 0.00
5364.00 0.00
5365.00 0.00
5366.00 0.00
5367.00 0.00
5368.00 0.00
5369.00 0.00
5370.00 265.81
5371.00 271.65
5372.00 275.63
5373.00 277.36
5374.00 278.21
5375.00 278.31
5376.00 277.46
5377.00 277.28
5378.00 277.50
5379.00 278.83
5380.00 281.14
5381.00 283.95
5382.00 285.62
5383.00 285.42
5384.00 285.63
5385.00 286.56
5386.00 287.92
5387.00 291.35
5388.00 294.08
5389.00 296.56
5390.00 296.60
5391.00 296.56
5392.00 297.80
5393.00 298.49
5394.00 297.62
5395.00 295.16
5396.00 293.87
5397.00 291.99
5398.00 290.66
5399.00 290.24
5400.00 290.52
5401.00 290.23
5402.00 290.36
5403.00 291.10
5404.00 291.56
5405.00 290.90
5406.00 289.89
5407.00 289.89
5408.00 290.70
5409.00 292.17
5410.00 292.40
5411.00 291.41
5412.00 290.66
5413.00 290.90
5414.00 291.44
5415.00 291.89
5416.00 292.21
5417.00 292.23
5418.00 291.32
5419.00 289.22
5420.00 288.85
5421.00 288.91
5422.00 289.66
5423.00 290.30
5424.00 290.17
5425.00 289.55
5426.00 289.20
5427.00 289.09
5428.00 290.11
5429.00 292.17
5430.00 294.25
5431.00 295.09
5432.00 294.99
5433.00 294.36
5434.00 293.39
5435.00 293.00
5436.00 292.77
5437.00 292.56
5438.00 292.54
5439.00 292.51
5440.00 293.41
5441.00 294.25
5442.00 294.59
5443.00 294.10
5444.00 291.70
5445.00 290.76
5446.00 290.03
5447.00 289.31
5448.00 288.27
5449.00 287.99
5450.00 288.37
5451.00 288.95
5452.00 289.36
5453.00 289.19
5454.00 288.49
5455.00 287.63
5456.00 287.05
5457.00 287.10
5458.00 288.03
5459.00 288.81
5460.00 288.83
5461.00 288.62
5462.00 288.35
5463.00 288.26
5464.00 289.07
5465.00 290.24
5466.00 290.29
5467.00 289.20
5468.00 287.56
5469.00 285.51
5470.00 283.88
5471.00 282.96
5472.00 282.51
5473.00 282.27
5474.00 282.30
5475.00 282.71
5476.00 283.47
5477.00 284.78
5478.00 286.59
5479.00 290.34
5480.00 293.11
5481.00 294.76
5482.00 295.24
5483.00 295.29
5484.00 294.60
5485.00 293.99
5486.00 293.88
5487.00 293.69
5488.00 293.26
5489.00 293.94
5490.00 294.39
5491.00 294.63
5492.00 294.57
5493.00 295.47
5494.00 296.50
5495.00 297.10
5496.00 297.55
5497.00 298.00
5498.00 297.24
5499.00 296.31
5500.00 294.21
5501.00 290.33
5502.00 286.93
5503.00 282.21
5504.00 275.60
5505.00 268.00
5506.00 262.78
5507.00 254.41
5508.00 249.47
5509.00 247.88
5510.00 250.43
5511.00 253.57
5512.00 258.23
5513.00 262.92
5514.00 266.79
5515.00 268.68
5516.00 269.56
5517.00 269.45
5518.00 269.62
5519.00 269.59
5520.00 269.60
5521.00 268.91
5522.00 267.75
5523.00 266.36
5524.00 264.51
5525.00 264.18
5526.00 265.07
5527.00 266.84
5528.00 267.83
5529.00 268.05
5530.00 268.51
5531.00 268.71
5532.00 268.77
5533.00 268.11
5534.00 267.57
5535.00 267.98
5536.00 269.84
5537.00 271.74
5538.00 271.95
5539.00 272.36
5540.00 272.72
5541.00 272.53
5542.00 272.93
5543.00 273.67
5544.00 274.15
5545.00 274.20
5546.00 274.10
5547.00 273.93
5548.00 274.05
5549.00 274.25
5550.00 274.15
5551.00 274.04
5552.00 274.17
5553.00 273.76
5554.00 273.25
5555.00 273.41
5556.00 274.35
5557.00 274.50
5558.00 273.80
5559.00 272.92
5560.00 271.93
5561.00 270.78
5562.00 269.85
5563.00 269.84
5564.00 270.01
5565.00 269.40
5566.00 268.47
5567.00 266.69
5568.00 264.41
5569.00 261.51
5570.00 256.64
5571.00 250.84
5572.00 244.74
5573.00 238.26
5574.00 235.50
5575.00 234.08
5576.00 235.37
5577.00 237.10
5578.00 240.94
5579.00 246.66
5580.00 251.77
5581.00 257.49
5582.00 261.34
5583.00 263.87
5584.00 265.15
5585.00 265.27
5586.00 263.50
5587.00 260.43
5588.00 257.28
5589.00 254.60
5590.00 251.83
5591.00 249.93
5592.00 249.25
5593.00 250.22
5594.00 252.05
5595.00 252.91
5596.00 251.89
5597.00 248.38
5598.00 244.50
5599.00 240.64
5600.00 236.63
5601.00 229.80
5602.00 218.35
5603.00 207.73
5604.00 197.56
5605.00 188.85
5606.00 184.68
5607.00 183.45
5608.00 182.70
5609.00 184.30
5610.00 185.77
5611.00 187.24
5612.00 188.57
5613.00 189.87
5614.00 193.61
5615.00 196.04
5616.00 197.52
5617.00 198.56
5618.00 198.13
5619.00 198.01
5620.00 197.68
5621.00 197.48
5622.00 197.98
5623.00 198.65
5624.00 198.72
5625.00 198.96
5626.00 198.44
5627.00 198.38
5628.00 197.90
5629.00 196.94
5630.00 196.61
5631.00 197.08
5632.00 198.22
5633.00 198.34
5634.00 199.67
5635.00 199.76
5636.00 200.99
5637.00 203.21
5638.00 204.15
5639.00 207.20
5640.00 211.52
5641.00 214.54
5642.00 216.34
5643.00 216.13
5644.00 214.00
5645.00 210.60
5646.00 206.03
5647.00 203.82
5648.00 204.31
5649.00 206.11
5650.00 210.85
5651.00 216.61
5652.00 222.54
5653.00 227.43
5654.00 228.91
5655.00 226.28
5656.00 222.26
5657.00 219.51
5658.00 215.79
5659.00 211.81
5660.00 209.95
5661.00 209.30
5662.00 209.90
5663.00 211.68
5664.00 213.38
5665.00 214.02
5666.00 214.22
5667.00 213.96
5668.00 213.67
5669.00 213.72
5670.00 213.48
5671.00 212.33
5672.00 212.00
5673.00 211.32
5674.00 210.84
5675.00 210.39
5676.00 211.03
5677.00 212.79
5678.00 215.54
5679.00 216.60
5680.00 217.07
5681.00 217.63
5682.00 218.98
5683.00 218.59
5684.00 217.04
5685.00 215.79
5686.00 214.75
5687.00 213.84
5688.00 213.89
5689.00 213.53
5690.00 213.24
5691.00 213.19
5692.00 213.85
5693.00 214.75
5694.00 216.35
5695.00 217.02
5696.00 216.79
5697.00 217.06
5698.00 218.05
5699.00 218.72
5700.00 219.02
5701.00 219.53
5702.00 219.34
5703.00 218.22
5704.00 217.13
5705.00 216.38
5706.00 216.28
5707.00 216.76
5708.00 217.60
5709.00 218.78
5710.00 219.48
5711.00 220.59
5712.00 221.42
5713.00 221.45
5714.00 220.61
5715.00 219.90
5716.00 219.15
5717.00 218.49
5718.00 218.52
5719.00 218.90
5720.00 218.88
5721.00 219.03
5722.00 219.63
5723.00 220.03
5724.00 220.32
5725.00 220.49
5726.00 220.26
5727.00 219.73
5728.00 219.02
5729.00 218.19
5730.00 217.72
5731.00 217.38
5732.00 217.41
5733.00 217.65
5734.00 217.25
5735.00 217.69
5736.00 218.53
5737.00 218.64
5738.00 218.10
5739.00 217.50
5740.00 216.60
5741.00 216.09
5742.00 216.95
5743.00 217.35
5744.00 216.47
5745.00 216.08
5746.00 215.81
5747.00 216.56
5748.00 217.97
5749.00 219.29
5750.00 219.50
5751.00 218.93
5752.00 218.34
5753.00 217.74
5754.00 217.50
5755.00 217.74
5756.00 218.36
5757.00 218.14
5758.00 217.19
5759.00 217.22
5760.00 217.13
5761.00 216.50
5762.00 215.58
5763.00 214.30
5764.00 211.28
5765.00 201.71
5766.00 0.00
5767.00 0.00
5768.00 0.00
5769.00 0.00
5770.00 0.00
5771.00 0.00
5772.00 0.00
5773.00 0.00
5774.00 0.00
5775.00 0.00
5776.00 0.00
5777.00 0.00
5778.00 0.00
5779.00 0.00
5780.00 0.00
5781.00 0.00
5782.00 0.00
5783.00 0.00
5784.00 0.00
5785.00 0.00
5786.00 0.00
5787.00 0.00
5788.00 0.00
5789.00 0.00
5790.00 0.00
5791.00 0.00
5792.00 0.00
5793.00 0.00
5794.00 0.00
5795.00 0.00
5796.00 0.00
5797.00 0.00
5798.00 0.00
5799.00 0.00
5800.00 0.00
5801.00 0.00
5802.00 0.00
5803.00 0.00
5804.00 0.00
5805.00 0.00
5806.00 0.00
5807.00 0.00
5808.00 0.00
5809.00 0.00
5810.00 0.00
5811.00 0.00
5812.00 0.00
5813.00 0.00
5814.00 0.00
5815.00 0.00
5816.00 0.00
5817.00 0.00
5818.00 0.00
5819.00 207.71
5820.00 203.99
5821.00 201.70
5822.00 199.69
5823.00 197.15
5824.00 195.38
5825.00 195.31
5826.00 193.30
5827.00 193.11
5828.00 193.79
5829.00 195.45
5830.00 198.06
5831.00 200.68
5832.00 202.25
5833.00 204.40
5834.00 207.20
5835.00 211.50
5836.00 214.70
5837.00 217.52
5838.00 222.54
5839.00 226.17
5840.00 230.44
5841.00 232.88
5842.00 236.37
5843.00 238.78
5844.00 240.94
5845.00 242.10
5846.00 242.70
5847.00 243.13
5848.00 243.16
5849.00 243.03
5850.00 244.16
5851.00 245.94
5852.00 249.09
5853.00 252.43
5854.00 254.78
5855.00 256.57
5856.00 257.91
5857.00 259.77
5858.00 261.05
5859.00 261.71
5860.00 261.80
5861.00 261.31
5862.00 260.59
5863.00 259.14
5864.00 258.36
5865.00 258.64
5866.00 259.74
5867.00 261.47
5868.00 263.65
5869.00 264.70
5870.00 266.16
5871.00 268.00
5872.00 269.48
5873.00 269.62
5874.00 269.04
5875.00 269.19
5876.00 269.52
5877.00 270.45
5878.00 271.14
5879.00 272.02
5880.00 273.09
5881.00 273.35
5882.00 271.88
5883.00 270.22
5884.00 269.19
5885.00 268.34
5886.00 268.21
5887.00 269.06
5888.00 270.82
5889.00 273.18
5890.00 275.13
5891.00 276.44
5892.00 276.31
5893.00 276.10
5894.00 276.14
5895.00 276.48
5896.00 276.65
5897.00 276.05
5898.00 274.24
5899.00 271.66
5900.00 268.73
5901.00 265.49
5902.00 262.45
5903.00 259.06
5904.00 255.55
5905.00 252.20
5906.00 247.21
5907.00 242.92
5908.00 239.63
5909.00 235.74
5910.00 233.96
5911.00 233.72
5912.00 235.36
5913.00 237.15
5914.00 240.02
5915.00 241.88
5916.00 242.92
5917.00 243.34
5918.00 242.80
5919.00 241.72
5920.00 241.06
5921.00 241.06
5922.00 241.66
5923.00 242.23
5924.00 242.91
5925.00 243.45
5926.00 243.99
5927.00 244.15
5928.00 244.59
5929.00 244.88
5930.00 244.54
5931.00 243.75
5932.00 243.60
5933.00 244.34
5934.00 244.69
5935.00 244.75
5936.00 243.85
5937.00 242.77
5938.00 242.27
5939.00 242.10
5940.00 242.46
5941.00 243.22
5942.00 244.84
5943.00 246.05
5944.00 246.56
5945.00 246.45
5946.00 247.04
5947.00 248.01
5948.00 248.37
5949.00 248.39
5950.00 248.88
5951.00 248.30
5952.00 247.12
5953.00 246.78
5954.00 246.63
5955.00 246.78
5956.00 246.88
5957.00 246.28
5958.00 245.67
5959.00 245.22
5960.00 245.16
5961.00 245.39
5962.00 245.35
5963.00 244.82
5964.00 244.92
5965.00 245.97
5966.00 246.61
5967.00 246.80
5968.00 247.11
5969.00 247.00
5970.00 246.60
5971.00 246.24
5972.00 245.64
5973.00 243.66
5974.00 242.35
5975.00 243.22
5976.00 243.72
5977.00 243.72
5978.00 243.45
5979.00 242.44
5980.00 241.13
5981.00 239.02
5982.00 235.53
5983.00 231.98
5984.00 226.54
5985.00 223.21
5986.00 220.39
5987.00 217.28
5988.00 213.98
5989.00 210.09
5990.00 206.97
5991.00 204.52
5992.00 201.71
5993.00 198.59
5994.00 194.59
5995.00 190.08
5996.00 187.86
5997.00 185.34
5998.00 182.23
5999.00 180.36
6000.00 179.68
6001.00 179.16
6002.00 179.54
6003.00 178.94
6004.00 178.19
6005.00 177.47
6006.00 177.30
6007.00 177.77
6008.00 179.25
6009.00 179.12
6010.00 179.00
6011.00 178.26
6012.00 177.62
6013.00 177.21
6014.00 176.77
6015.00 176.37
6016.00 176.34
6017.00 177.24
6018.00 178.24
6019.00 179.13
6020.00 180.55
6021.00 181.71
6022.00 182.04
6023.00 182.50
6024.00 183.17
6025.00 183.55
6026.00 184.04
6027.00 185.60
6028.00 185.14
6029.00 183.03
6030.00 181.92
6031.00 180.80
6032.00 181.09
6033.00 181.43
6034.00 182.07
6035.00 182.80
6036.00 183.63
6037.00 184.11
6038.00 184.53
6039.00 185.08
6040.00 185.17
6041.00 185.32
6042.00 184.88
6043.00 184.24
6044.00 183.82
6045.00 182.99
6046.00 182.65
6047.00 182.01
6048.00 181.57
6049.00 181.56
6050.00 182.48
6051.00 183.23
6052.00 183.94
6053.00 184.26
6054.00 185.40
6055.00 185.73
6056.00 185.80
6057.00 186.25
6058.00 184.60
6059.00 183.67
6060.00 183.61
6061.00 183.48
6062.00 183.53
6063.00 184.20
6064.00 184.46
6065.00 184.58
6066.00 184.34
6067.00 184.01
6068.00 183.63
6069.00 183.90
6070.00 183.82
6071.00 183.17
6072.00 183.25
6073.00 183.54
6074.00 183.96
6075.00 183.35
6076.00 182.21
6077.00 181.29
6078.00 181.68
6079.00 181.74
6080.00 181.72
6081.00 181.80
6082.00 181.73
6083.00 182.39
6084.00 182.72
6085.00 182.02
6086.00 181.09
6087.00 180.46
6088.00 180.95
6089.00 180.83
6090.00 180.11
6091.00 179.28
6092.00 177.93
6093.00 177.88
6094.00 178.90
6095.00 179.84
6096.00 180.81
6097.00 181.48
6098.00 181.60
6099.00 181.66
6100.00 181.90
6101.00 181.76
6102.00 181.55
6103.00 181.25
6104.00 181.00
6105.00 180.18
6106.00 178.96
6107.00 178.79
6108.00 179.69
6109.00 180.36
6110.00 180.77
6111.00 182.03
6112.00 182.47
6113.00 182.07
6114.00 181.65
6115.00 181.38
6116.00 181.35
6117.00 181.23
6118.00 181.44
6119.00 181.12
6120.00 181.30
6121.00 181.53
6122.00 181.80
6123.00 182.07
6124.00 181.97
6125.00 181.67
6126.00 182.71
6127.00 184.02
6128.00 184.59
6129.00 185.21
6130.00 185.50
6131.00 184.94
6132.00 184.25
6133.00 183.27
6134.00 182.41
6135.00 181.68
6136.00 182.03
6137.00 183.53
6138.00 184.80
6139.00 185.57
6140.00 184.68
6141.00 184.00
6142.00 183.38
6143.00 182.53
6144.00 181.90
6145.00 182.27
6146.00 182.06
6147.00 182.83
6148.00 183.41
6149.00 183.67
6150.00 184.17
6151.00 185.64
6152.00 186.64
6153.00 186.23
6154.00 185.18
6155.00 183.55
6156.00 182.33
6157.00 181.00
6158.00 178.05
6159.00 175.12
6160.00 172.24
6161.00 169.52
6162.00 166.32
6163.00 164.09
6164.00 162.31
6165.00 161.34
6166.00 157.97
6167.00 156.57
6168.00 0.00
6169.00 0.00
6170.00 0.00
6171.00 0.00
6172.00 0.00
6173.00 0.00
6174.00 0.00
6175.00 0.00
6176.00 0.00
6177.00 0.00
6178.00 0.00
6179.00 0.00
6180.00 0.00
6181.00 0.00
6182.00 0.00
6183.00 0.00
6184.00 0.00
6185.00 0.00
6186.00 0.00
6187.00 0.00
6188.00 0.00
6189.00 0.00
6190.00 0.00
6191.00 0.00
6192.00 0.00
6193.00 0.00
6194.00 0.00
6195.00 0.00
6196.00 0.00
6197.00 0.00
6198.00 0.00
6199.00 0.00
6200.00 0.00
6201.00 0.00
6202.00 0.00
6203.00 0.00
6204.00 0.00
6205.00 0.00
6206.00 0.00
6207.00 0.00
6208.00 0.00
6209.00 0.00
6210.00 0.00
6211.00 0.00
6212.00 0.00
6213.00 0.00
6214.00 0.00
6215.00 0.00
6216.00 0.00
6217.00 0.00
6218.00 0.00
6219.00 0.00
6220.00 0.00
6221.00 0.00
6222.00 0.00
6223.00 0.00
6224.00 0.00
6225.00 0.00
6226.00 0.00
