0.00 0.00
1.00 0.00
2.00 0.00
3.00 0.00
4.00 0.00
5.00 0.00
6.00 0.00
7.00 0.00
8.00 0.00
9.00 0.00
10.00 0.00
11.00 0.00
12.00 0.00
13.00 0.00
14.00 0.00
15.00 0.00
16.00 0.00
17.00 0.00
18.00 0.00
19.00 0.00
20.00 0.00
21.00 0.00
22.00 0.00
23.00 0.00
24.00 0.00
25.00 0.00
26.00 0.00
27.00 0.00
28.00 0.00
29.00 0.00
30.00 0.00
31.00 0.00
32.00 0.00
33.00 0.00
34.00 268.42
35.00 282.21
36.00 293.69
37.00 300.76
38.00 304.18
39.00 304.40
40.00 302.20
41.00 299.91
42.00 297.48
43.00 294.99
44.00 293.34
45.00 292.65
46.00 292.83
47.00 293.74
48.00 294.06
49.00 292.45
50.00 288.36
51.00 288.51
52.00 291.81
53.00 291.75
54.00 291.49
55.00 289.57
56.00 287.79
57.00 286.06
58.00 285.31
59.00 282.77
60.00 275.31
61.00 268.49
62.00 272.31
63.00 283.46
64.00 296.28
65.00 308.00
66.00 320.28
67.00 330.20
68.00 336.08
69.00 340.25
70.00 342.29
71.00 342.32
72.00 340.76
73.00 339.90
74.00 340.71
75.00 342.09
76.00 342.67
77.00 341.87
78.00 341.52
79.00 343.87
80.00 346.44
81.00 351.01
82.00 350.76
83.00 350.42
84.00 349.76
85.00 348.89
86.00 348.23
87.00 348.51
88.00 349.64
89.00 349.19
90.00 348.20
91.00 346.32
92.00 344.44
93.00 344.48
94.00 345.41
95.00 346.25
96.00 346.72
97.00 345.31
98.00 343.00
99.00 341.73
100.00 342.31
101.00 343.76
102.00 344.55
103.00 345.11
104.00 346.70
105.00 348.45
106.00 349.09
107.00 349.63
108.00 350.01
109.00 350.14
110.00 350.04
111.00 348.82
112.00 347.35
113.00 345.58
114.00 341.99
115.00 338.61
116.00 336.48
117.00 338.85
118.00 345.47
119.00 347.46
120.00 351.69
121.00 349.94
122.00 346.95
123.00 345.23
124.00 342.27
125.00 340.06
126.00 339.78
127.00 343.23
128.00 346.91
129.00 348.98
130.00 350.10
131.00 352.73
132.00 354.14
133.00 354.89
134.00 356.66
135.00 356.99
136.00 355.87
137.00 353.36
138.00 351.80
139.00 350.03
140.00 348.58
141.00 347.67
142.00 350.53
143.00 357.19
144.00 359.25
145.00 361.03
146.00 361.65
147.00 358.87
148.00 354.68
149.00 349.29
150.00 344.79
151.00 342.14
152.00 339.77
153.00 338.82
154.00 338.61
155.00 338.11
156.00 337.69
157.00 338.81
158.00 340.24
159.00 342.83
160.00 345.25
161.00 346.85
162.00 347.50
163.00 346.71
164.00 338.61
165.00 340.25
166.00 337.46
167.00 332.31
168.00 310.25
169.00 302.88
170.00 266.91
171.00 256.42
172.00 253.10
173.00 251.43
174.00 252.85
175.00 256.23
176.00 259.24
177.00 262.07
178.00 265.85
179.00 268.08
180.00 268.93
181.00 272.46
182.00 272.73
183.00 271.57
184.00 269.19
185.00 268.95
186.00 268.69
187.00 269.36
188.00 269.71
189.00 269.85
190.00 270.04
191.00 270.17
192.00 271.79
193.00 272.96
194.00 273.07
195.00 273.44
196.00 274.79
197.00 276.65
198.00 277.58
199.00 278.14
200.00 278.55
201.00 279.75
202.00 279.23
203.00 278.24
204.00 276.96
205.00 275.79
206.00 275.12
207.00 274.85
208.00 274.76
209.00 274.02
210.00 274.73
211.00 275.67
212.00 276.38
213.00 276.79
214.00 277.13
215.00 277.09
216.00 276.73
217.00 277.14
218.00 276.04
219.00 275.03
220.00 274.26
221.00 275.17
222.00 276.62
223.00 277.92
224.00 279.39
225.00 280.23
226.00 279.01
227.00 277.98
228.00 278.41
229.00 279.06
230.00 278.52
231.00 278.55
232.00 278.12
233.00 279.02
234.00 279.34
235.00 279.25
236.00 278.71
237.00 278.22
238.00 277.28
239.00 276.44
240.00 275.53
241.00 274.33
242.00 272.44
243.00 272.73
244.00 275.38
245.00 277.83
246.00 276.49
247.00 276.93
248.00 278.65
249.00 280.55
250.00 282.20
251.00 283.95
252.00 283.29
253.00 276.53
254.00 275.57
255.00 276.86
256.00 275.96
257.00 272.53
258.00 267.90
259.00 267.07
260.00 268.14
261.00 270.20
262.00 273.34
263.00 275.07
264.00 275.84
265.00 276.25
266.00 276.37
267.00 275.81
268.00 275.83
269.00 275.86
270.00 275.63
271.00 274.78
272.00 274.93
273.00 275.45
274.00 275.26
275.00 275.66
276.00 276.40
277.00 276.53
278.00 276.46
279.00 276.97
280.00 276.13
281.00 276.17
282.00 276.07
283.00 276.18
284.00 276.30
285.00 276.73
286.00 277.21
287.00 278.13
288.00 279.44
289.00 279.33
290.00 279.09
291.00 278.24
292.00 277.67
293.00 277.97
294.00 278.27
295.00 278.67
296.00 278.73
297.00 278.56
298.00 277.58
299.00 276.78
300.00 276.80
301.00 277.16
302.00 277.46
303.00 277.06
304.00 276.65
305.00 276.89
306.00 277.03
307.00 276.12
308.00 276.71
309.00 276.73
310.00 277.58
311.00 278.43
312.00 279.49
313.00 280.10
314.00 279.91
315.00 278.15
316.00 276.74
317.00 277.52
318.00 277.26
319.00 278.09
320.00 278.27
321.00 280.40
322.00 279.10
323.00 281.35
324.00 281.48
325.00 293.46
326.00 279.64
327.00 279.45
328.00 291.60
329.00 290.37
330.00 277.45
331.00 289.21
332.00 278.15
333.00 301.32
334.00 288.77
335.00 277.61
336.00 275.55
337.00 275.05
338.00 283.11
339.00 274.87
340.00 273.56
341.00 275.52
342.00 284.40
343.00 287.44
344.00 289.25
345.00 285.40
346.00 281.61
347.00 280.68
348.00 277.22
349.00 274.31
350.00 272.16
351.00 271.57
352.00 272.77
353.00 273.68
354.00 274.27
355.00 275.44
356.00 277.19
357.00 277.97
358.00 277.98
359.00 277.81
360.00 276.34
361.00 275.86
362.00 276.60
363.00 278.20
364.00 278.63
365.00 276.97
366.00 276.14
367.00 276.20
368.00 276.70
369.00 277.85
370.00 278.66
371.00 278.37
372.00 277.96
373.00 277.88
374.00 278.30
375.00 278.02
376.00 278.40
377.00 278.65
378.00 277.98
379.00 277.80
380.00 277.82
381.00 278.30
382.00 278.95
383.00 279.12
384.00 279.73
385.00 279.63
386.00 279.08
387.00 278.47
388.00 278.05
389.00 277.92
390.00 277.47
391.00 276.56
392.00 276.52
393.00 277.44
394.00 277.91
395.00 278.40
396.00 278.75
397.00 277.87
398.00 278.21
399.00 279.22
400.00 279.47
401.00 279.73
402.00 280.41
403.00 280.04
404.00 278.54
405.00 275.84
406.00 276.89
407.00 283.20
408.00 282.89
409.00 282.57
410.00 281.55
411.00 280.08
412.00 305.25
413.00 291.60
414.00 291.19
415.00 291.04
416.00 300.84
417.00 280.65
418.00 278.52
419.00 278.87
420.00 291.01
421.00 290.89
422.00 277.28
423.00 278.79
424.00 279.52
425.00 280.09
426.00 279.21
427.00 265.08
428.00 252.59
429.00 268.62
430.00 294.69
431.00 292.55
432.00 289.73
433.00 286.48
434.00 283.01
435.00 279.30
436.00 277.11
437.00 275.72
438.00 275.01
439.00 275.23
440.00 276.35
441.00 277.90
442.00 278.39
443.00 278.52
444.00 277.64
445.00 277.89
446.00 277.73
447.00 277.74
448.00 278.26
449.00 278.80
450.00 278.41
451.00 278.46
452.00 277.74
453.00 277.55
454.00 277.54
455.00 277.92
456.00 277.45
457.00 276.95
458.00 277.07
459.00 277.24
460.00 277.90
461.00 278.12
462.00 279.18
463.00 279.61
464.00 280.77
465.00 279.20
466.00 278.71
467.00 278.71
468.00 279.49
469.00 280.04
470.00 280.57
471.00 279.69
472.00 278.93
473.00 278.05
474.00 277.50
475.00 277.94
476.00 278.67
477.00 279.11
478.00 279.70
479.00 280.15
480.00 279.34
481.00 278.94
482.00 278.31
483.00 278.23
484.00 279.65
485.00 281.14
486.00 281.34
487.00 281.18
488.00 280.95
489.00 280.99
490.00 281.77
491.00 281.81
492.00 282.88
493.00 282.66
494.00 282.33
495.00 281.15
496.00 280.11
497.00 280.11
498.00 280.27
499.00 279.64
500.00 278.23
501.00 277.62
502.00 278.00
503.00 279.52
504.00 279.77
505.00 281.41
506.00 283.48
507.00 285.09
508.00 286.32
509.00 289.72
510.00 291.78
511.00 291.58
512.00 291.05
513.00 286.46
514.00 284.06
515.00 280.58
516.00 276.09
517.00 272.02
518.00 269.91
519.00 270.87
520.00 272.89
521.00 275.18
522.00 276.81
523.00 277.47
524.00 277.31
525.00 277.09
526.00 277.26
527.00 277.40
528.00 277.12
529.00 277.44
530.00 277.05
531.00 276.60
532.00 276.56
533.00 277.12
534.00 277.55
535.00 278.21
536.00 278.14
537.00 278.07
538.00 278.30
539.00 278.59
540.00 279.06
541.00 278.45
542.00 278.07
543.00 277.45
544.00 277.04
545.00 276.25
546.00 275.08
547.00 266.68
548.00 262.74
549.00 251.34
550.00 234.71
551.00 235.45
552.00 239.42
553.00 247.36
554.00 249.36
555.00 253.06
556.00 256.28
557.00 255.97
558.00 255.49
559.00 253.22
560.00 250.53
561.00 249.38
562.00 248.96
563.00 250.19
564.00 250.87
565.00 251.58
566.00 252.62
567.00 254.15
568.00 254.78
569.00 255.09
570.00 254.70
571.00 253.87
572.00 253.63
573.00 253.72
574.00 252.39
575.00 252.59
576.00 252.14
577.00 252.62
578.00 253.69
579.00 254.33
580.00 255.21
581.00 255.42
582.00 254.66
583.00 252.65
584.00 250.08
585.00 246.54
586.00 240.15
587.00 223.66
588.00 214.88
589.00 210.49
590.00 195.89
591.00 205.57
592.00 211.64
593.00 218.00
594.00 221.68
595.00 224.02
596.00 224.36
597.00 223.60
598.00 223.87
599.00 222.36
600.00 221.09
601.00 221.61
602.00 222.16
603.00 222.81
604.00 223.73
605.00 224.75
606.00 225.08
607.00 225.99
608.00 227.35
609.00 228.74
610.00 229.17
611.00 229.84
612.00 227.54
613.00 226.75
614.00 225.74
615.00 225.08
616.00 225.01
617.00 224.85
618.00 226.16
619.00 225.91
620.00 226.11
621.00 226.51
622.00 227.38
623.00 228.98
624.00 230.16
625.00 230.44
626.00 230.35
627.00 228.65
628.00 227.56
629.00 227.22
630.00 228.10
631.00 227.36
632.00 227.40
633.00 227.49
634.00 227.77
635.00 227.56
636.00 227.30
637.00 227.64
638.00 228.36
639.00 228.32
640.00 227.49
641.00 226.30
642.00 225.32
643.00 226.71
644.00 225.37
645.00 226.38
646.00 226.04
647.00 226.93
648.00 226.64
649.00 227.31
650.00 227.03
651.00 227.08
652.00 227.56
653.00 227.32
654.00 228.05
655.00 227.96
656.00 225.24
657.00 225.98
658.00 226.33
659.00 227.32
660.00 227.94
661.00 227.56
662.00 227.45
663.00 228.04
664.00 228.33
665.00 230.34
666.00 232.36
667.00 234.93
668.00 237.96
669.00 240.78
670.00 243.19
671.00 246.77
672.00 256.35
673.00 257.87
674.00 256.66
675.00 252.71
676.00 248.38
677.00 245.51
678.00 243.61
679.00 244.10
680.00 244.83
681.00 245.78
682.00 247.05
683.00 247.59
684.00 249.32
685.00 250.49
686.00 250.72
687.00 250.87
688.00 250.86
689.00 250.68
690.00 250.18
691.00 249.77
692.00 249.68
693.00 249.56
694.00 249.85
695.00 250.31
696.00 250.51
697.00 250.59
698.00 250.39
699.00 250.61
700.00 250.99
701.00 250.95
702.00 250.76
703.00 250.35
704.00 250.15
705.00 250.18
706.00 250.20
707.00 249.54
708.00 249.67
709.00 250.20
710.00 250.15
711.00 250.36
712.00 250.05
713.00 249.35
714.00 249.29
715.00 249.22
716.00 250.05
717.00 250.16
718.00 250.36
719.00 250.22
720.00 249.74
721.00 249.87
722.00 250.26
723.00 250.45
724.00 251.28
725.00 250.99
726.00 250.20
727.00 249.98
728.00 249.18
729.00 248.87
730.00 249.11
731.00 249.25
732.00 248.99
733.00 248.59
734.00 248.75
735.00 248.25
736.00 248.43
737.00 249.53
738.00 248.96
739.00 248.65
740.00 249.14
741.00 249.48
742.00 249.28
743.00 250.08
744.00 249.10
745.00 249.12
746.00 249.42
747.00 250.45
748.00 250.57
749.00 249.76
750.00 247.96
751.00 246.50
752.00 244.72
753.00 241.63
754.00 240.31
755.00 236.83
756.00 229.68
757.00 222.21
758.00 210.17
759.00 202.54
760.00 187.97
761.00 162.43
762.00 160.20
763.00 151.91
764.00 0.00
765.00 0.00
766.00 0.00
767.00 0.00
768.00 0.00
769.00 0.00
770.00 0.00
771.00 0.00
772.00 0.00
773.00 0.00
774.00 0.00
775.00 0.00
776.00 0.00
777.00 0.00
778.00 0.00
779.00 0.00
780.00 0.00
781.00 0.00
782.00 0.00
783.00 0.00
784.00 0.00
785.00 0.00
786.00 0.00
787.00 0.00
788.00 0.00
789.00 0.00
790.00 0.00
791.00 0.00
792.00 0.00
793.00 0.00
794.00 0.00
795.00 0.00
796.00 0.00
797.00 0.00
798.00 0.00
799.00 0.00
800.00 0.00
801.00 0.00
802.00 0.00
803.00 0.00
804.00 0.00
805.00 0.00
806.00 0.00
807.00 0.00
808.00 0.00
809.00 0.00
810.00 0.00
811.00 0.00
812.00 0.00
813.00 0.00
814.00 0.00
815.00 0.00
816.00 0.00
817.00 0.00
818.00 233.81
819.00 224.34
820.00 220.88
821.00 222.28
822.00 224.42
823.00 227.94
824.00 233.50
825.00 244.68
826.00 253.94
827.00 260.31
828.00 272.25
829.00 286.89
830.00 294.01
831.00 301.89
832.00 310.90
833.00 318.10
834.00 324.37
835.00 327.94
836.00 329.54
837.00 329.98
838.00 329.60
839.00 329.74
840.00 329.44
841.00 329.74
842.00 331.75
843.00 332.78
844.00 334.27
845.00 335.87
846.00 336.99
847.00 338.00
848.00 338.28
849.00 338.49
850.00 338.92
851.00 339.27
852.00 339.11
853.00 338.92
854.00 337.41
855.00 336.74
856.00 335.71
857.00 335.53
858.00 335.76
859.00 336.47
860.00 337.54
861.00 338.00
862.00 338.28
863.00 338.81
864.00 339.40
865.00 340.88
866.00 341.16
867.00 340.20
868.00 339.31
869.00 338.96
870.00 338.40
871.00 338.73
872.00 339.16
873.00 339.48
874.00 339.75
875.00 339.53
876.00 339.20
877.00 339.42
878.00 339.59
879.00 338.63
880.00 336.44
881.00 333.45
882.00 331.94
883.00 331.37
884.00 342.09
885.00 341.59
886.00 339.24
887.00 337.35
888.00 337.42
889.00 336.82
890.00 336.92
891.00 336.42
892.00 335.56
893.00 334.00
894.00 332.75
895.00 332.09
896.00 331.90
897.00 332.28
898.00 333.77
899.00 334.83
900.00 334.52
901.00 333.51
902.00 330.52
903.00 327.62
904.00 321.67
905.00 312.59
906.00 302.74
907.00 280.16
908.00 276.59
909.00 275.93
910.00 276.09
911.00 277.32
912.00 280.14
913.00 282.01
914.00 282.14
915.00 279.26
916.00 277.54
917.00 276.12
918.00 275.17
919.00 274.16
920.00 274.45
921.00 275.23
922.00 275.62
923.00 275.57
924.00 277.87
925.00 280.43
926.00 281.93
927.00 282.31
928.00 281.85
929.00 281.10
930.00 279.67
931.00 277.16
932.00 278.00
933.00 278.65
934.00 278.29
935.00 278.00
936.00 277.69
937.00 277.52
938.00 278.40
939.00 279.05
940.00 279.73
941.00 280.27
942.00 281.38
943.00 281.92
944.00 281.99
945.00 282.13
946.00 280.66
947.00 279.22
948.00 279.05
949.00 279.26
950.00 279.12
951.00 278.90
952.00 278.93
953.00 279.51
954.00 280.21
955.00 280.98
956.00 281.99
957.00 283.18
958.00 283.79
959.00 284.08
960.00 283.29
961.00 283.64
962.00 282.15
963.00 282.10
964.00 281.64
965.00 280.31
966.00 280.17
967.00 280.40
968.00 280.71
969.00 281.70
970.00 281.27
971.00 280.85
972.00 281.12
973.00 280.64
974.00 0.00
975.00 283.70
976.00 283.19
977.00 283.45
978.00 282.53
979.00 277.47
980.00 273.64
981.00 268.21
982.00 259.79
983.00 248.83
984.00 241.98
985.00 242.24
986.00 243.27
987.00 245.01
988.00 247.33
989.00 250.32
990.00 252.26
991.00 253.18
992.00 253.46
993.00 253.51
994.00 253.08
995.00 252.35
996.00 251.76
997.00 251.82
998.00 251.82
999.00 251.99
1000.00 252.06
1001.00 252.12
1002.00 251.96
1003.00 251.11
1004.00 250.75
1005.00 250.51
1006.00 250.55
1007.00 250.36
1008.00 248.92
1009.00 247.97
1010.00 246.71
1011.00 242.93
1012.00 236.71
1013.00 226.91
1014.00 216.58
1015.00 213.25
1016.00 213.55
1017.00 219.51
1018.00 224.48
1019.00 229.91
1020.00 233.05
1021.00 233.50
1022.00 233.55
1023.00 232.23
1024.00 231.29
1025.00 228.55
1026.00 228.89
1027.00 228.40
1028.00 229.37
1029.00 229.38
1030.00 229.30
1031.00 229.40
1032.00 229.35
1033.00 230.02
1034.00 231.17
1035.00 230.66
1036.00 231.20
1037.00 228.58
1038.00 228.34
1039.00 226.65
1040.00 225.90
1041.00 226.61
1042.00 226.92
1043.00 227.34
1044.00 226.73
1045.00 226.50
1046.00 226.04
1047.00 225.94
1048.00 226.37
1049.00 227.22
1050.00 228.34
1051.00 228.80
1052.00 227.96
1053.00 221.63
1054.00 216.34
1055.00 209.05
1056.00 201.60
1057.00 199.85
1058.00 201.88
1059.00 205.41
1060.00 207.85
1061.00 211.60
1062.00 213.78
1063.00 214.59
1064.00 215.17
1065.00 215.25
1066.00 213.77
1067.00 212.08
1068.00 211.22
1069.00 210.92
1070.00 210.37
1071.00 209.53
1072.00 208.37
1073.00 208.23
1074.00 207.62
1075.00 207.38
1076.00 207.49
1077.00 207.73
1078.00 207.20
1079.00 206.88
1080.00 206.87
1081.00 207.30
1082.00 207.17
1083.00 205.96
1084.00 205.07
1085.00 201.61
1086.00 199.70
1087.00 216.06
1088.00 229.34
1089.00 0.00
1090.00 0.00
1091.00 0.00
1092.00 0.00
1093.00 0.00
1094.00 0.00
1095.00 0.00
1096.00 0.00
1097.00 0.00
1098.00 0.00
1099.00 0.00
1100.00 0.00
1101.00 0.00
1102.00 0.00
1103.00 0.00
1104.00 0.00
1105.00 0.00
1106.00 0.00
1107.00 0.00
1108.00 0.00
1109.00 0.00
1110.00 0.00
1111.00 0.00
1112.00 0.00
1113.00 0.00
1114.00 0.00
1115.00 0.00
1116.00 0.00
1117.00 0.00
1118.00 0.00
1119.00 0.00
1120.00 0.00
1121.00 0.00
1122.00 0.00
1123.00 0.00
1124.00 0.00
1125.00 0.00
1126.00 0.00
1127.00 0.00
1128.00 0.00
1129.00 0.00
1130.00 200.14
1131.00 201.42
1132.00 204.54
1133.00 212.35
1134.00 217.13
1135.00 218.93
1136.00 218.92
1137.00 218.86
1138.00 217.70
1139.00 218.03
1140.00 218.27
1141.00 217.95
1142.00 219.21
1143.00 220.62
1144.00 220.62
1145.00 221.65
1146.00 220.97
1147.00 223.21
1148.00 223.70
1149.00 226.16
1150.00 226.87
1151.00 227.32
1152.00 227.29
1153.00 227.87
1154.00 227.83
1155.00 228.20
1156.00 229.08
1157.00 229.62
1158.00 229.13
1159.00 228.58
1160.00 228.32
1161.00 228.66
1162.00 229.69
1163.00 229.96
1164.00 229.80
1165.00 229.61
1166.00 229.35
1167.00 229.48
1168.00 229.07
1169.00 229.07
1170.00 229.27
1171.00 229.28
1172.00 228.62
1173.00 228.78
1174.00 228.56
1175.00 228.33
1176.00 229.13
1177.00 228.02
1178.00 227.91
1179.00 227.78
1180.00 227.46
1181.00 228.45
1182.00 229.38
1183.00 228.13
1184.00 227.47
1185.00 225.93
1186.00 225.11
1187.00 225.07
1188.00 226.07
1189.00 227.25
1190.00 228.48
1191.00 228.48
1192.00 228.67
1193.00 228.00
1194.00 227.11
1195.00 226.92
1196.00 226.96
1197.00 227.49
1198.00 227.92
1199.00 228.04
1200.00 226.83
1201.00 226.03
1202.00 225.05
1203.00 224.46
1204.00 224.70
1205.00 224.97
1206.00 225.89
1207.00 226.72
1208.00 227.45
1209.00 227.44
1210.00 227.55
1211.00 227.69
1212.00 227.21
1213.00 226.68
1214.00 226.58
1215.00 227.11
1216.00 228.35
1217.00 228.64
1218.00 228.72
1219.00 228.69
1220.00 228.33
1221.00 228.59
1222.00 228.84
1223.00 229.41
1224.00 229.08
1225.00 228.35
1226.00 227.77
1227.00 228.30
1228.00 228.65
1229.00 229.03
1230.00 228.52
1231.00 228.29
1232.00 229.28
1233.00 231.65
1234.00 235.96
1235.00 238.42
1236.00 243.91
1237.00 246.69
1238.00 252.91
1239.00 239.15
1240.00 255.32
1241.00 253.60
1242.00 266.23
1243.00 261.58
1244.00 257.75
1245.00 254.91
1246.00 253.57
1247.00 253.28
1248.00 253.47
1249.00 253.82
1250.00 254.76
1251.00 255.35
1252.00 255.35
1253.00 254.27
1254.00 254.48
1255.00 251.94
1256.00 249.35
1257.00 248.99
1258.00 249.16
1259.00 249.52
1260.00 249.58
1261.00 249.80
1262.00 250.10
1263.00 249.86
1264.00 249.56
1265.00 249.07
1266.00 248.51
1267.00 248.48
1268.00 250.09
1269.00 251.09
1270.00 251.68
1271.00 248.75
1272.00 246.24
1273.00 247.91
1274.00 240.30
1275.00 227.24
1276.00 223.01
1277.00 155.35
1278.00 197.19
1279.00 198.51
1280.00 203.09
1281.00 207.16
1282.00 211.25
1283.00 214.52
1284.00 216.33
1285.00 216.33
1286.00 214.22
1287.00 211.58
1288.00 209.38
1289.00 208.62
1290.00 208.37
1291.00 208.07
1292.00 207.96
1293.00 207.12
1294.00 206.79
1295.00 205.62
1296.00 205.33
1297.00 206.12
1298.00 206.02
1299.00 206.94
1300.00 207.11
1301.00 208.69
1302.00 208.94
1303.00 209.75
1304.00 208.05
1305.00 204.56
1306.00 200.16
1307.00 193.31
1308.00 181.12
1309.00 178.26
1310.00 178.50
1311.00 179.82
1312.00 186.58
1313.00 192.72
1314.00 195.21
1315.00 196.44
1316.00 195.70
1317.00 193.90
1318.00 192.23
1319.00 189.82
1320.00 186.42
1321.00 185.99
1322.00 186.51
1323.00 186.67
1324.00 185.81
1325.00 185.54
1326.00 185.54
1327.00 186.57
1328.00 187.20
1329.00 188.68
1330.00 189.53
1331.00 189.69
1332.00 188.87
1333.00 187.68
1334.00 187.62
1335.00 189.04
1336.00 191.61
1337.00 194.27
1338.00 197.83
1339.00 204.44
1340.00 211.80
1341.00 232.03
1342.00 227.52
1343.00 228.50
1344.00 232.57
1345.00 235.73
1346.00 236.29
1347.00 234.88
1348.00 228.76
1349.00 225.23
1350.00 224.86
1351.00 222.71
1352.00 221.50
1353.00 222.05
1354.00 223.37
1355.00 226.51
1356.00 226.71
1357.00 227.97
1358.00 228.29
1359.00 228.77
1360.00 229.54
1361.00 229.24
1362.00 229.43
1363.00 228.92
1364.00 228.30
1365.00 228.55
1366.00 227.51
1367.00 228.41
1368.00 227.41
1369.00 226.31
1370.00 225.67
1371.00 226.61
1372.00 226.53
1373.00 222.69
1374.00 219.82
1375.00 216.15
1376.00 213.23
1377.00 211.08
1378.00 212.13
1379.00 208.51
1380.00 215.98
1381.00 221.55
1382.00 221.53
1383.00 221.65
1384.00 216.08
1385.00 209.00
1386.00 204.13
1387.00 201.09
1388.00 202.66
1389.00 203.92
1390.00 205.56
1391.00 206.44
1392.00 207.35
1393.00 208.62
1394.00 209.75
1395.00 210.86
1396.00 210.74
1397.00 211.52
1398.00 209.41
1399.00 207.85
1400.00 207.94
1401.00 206.75
1402.00 205.53
1403.00 204.19
1404.00 203.05
1405.00 201.65
1406.00 202.54
1407.00 203.20
1408.00 203.60
1409.00 202.86
1410.00 205.48
1411.00 216.84
1412.00 217.74
1413.00 214.04
1414.00 213.68
1415.00 210.25
1416.00 206.72
1417.00 203.07
1418.00 198.97
1419.00 193.36
1420.00 185.15
1421.00 181.80
1422.00 182.61
1423.00 181.87
1424.00 183.59
1425.00 184.28
1426.00 185.09
1427.00 186.61
1428.00 187.67
1429.00 189.15
1430.00 188.64
1431.00 187.69
1432.00 187.12
1433.00 187.39
1434.00 187.50
1435.00 187.55
1436.00 188.42
1437.00 189.01
1438.00 188.21
1439.00 188.00
1440.00 188.72
1441.00 189.03
1442.00 189.62
1443.00 189.79
1444.00 188.91
1445.00 188.18
1446.00 187.02
1447.00 185.40
1448.00 184.99
1449.00 186.26
1450.00 185.96
1451.00 185.16
1452.00 183.07
1453.00 176.55
1454.00 174.07
1455.00 173.60
1456.00 175.10
1457.00 177.02
1458.00 178.27
1459.00 178.48
1460.00 178.37
1461.00 178.19
1462.00 176.62
1463.00 173.53
1464.00 173.50
1465.00 171.37
1466.00 171.31
1467.00 171.91
1468.00 171.42
1469.00 171.99
1470.00 172.50
1471.00 172.10
1472.00 172.23
1473.00 171.78
1474.00 170.53
1475.00 170.34
1476.00 169.76
1477.00 168.88
1478.00 168.17
1479.00 168.05
1480.00 167.79
1481.00 167.32
1482.00 166.91
1483.00 165.72
1484.00 163.83
1485.00 162.71
1486.00 160.48
1487.00 156.96
1488.00 154.07
1489.00 154.61
1490.00 154.24
1491.00 153.90
1492.00 152.76
1493.00 152.65
1494.00 152.03
1495.00 151.53
1496.00 152.06
1497.00 152.27
1498.00 151.64
1499.00 151.28
1500.00 150.69
1501.00 151.12
1502.00 151.75
1503.00 152.06
1504.00 151.38
1505.00 152.43
1506.00 152.60
1507.00 152.26
1508.00 152.06
1509.00 152.32
1510.00 152.42
1511.00 152.46
1512.00 151.47
1513.00 151.31
1514.00 150.36
1515.00 150.42
1516.00 148.89
1517.00 150.10
1518.00 150.21
1519.00 150.66
1520.00 150.11
1521.00 149.14
1522.00 148.99
1523.00 149.67
1524.00 151.57
1525.00 153.52
1526.00 154.58
1527.00 154.49
1528.00 154.31
1529.00 153.92
1530.00 153.57
1531.00 153.24
1532.00 152.51
1533.00 151.87
1534.00 152.47
1535.00 152.17
1536.00 152.25
1537.00 153.10
1538.00 152.35
1539.00 151.68
1540.00 151.78
1541.00 151.92
1542.00 151.99
1543.00 152.29
1544.00 152.52
1545.00 152.78
1546.00 152.44
1547.00 151.73
1548.00 151.29
1549.00 151.75
1550.00 151.93
1551.00 152.96
1552.00 154.72
1553.00 155.68
1554.00 156.45
1555.00 156.61
1556.00 155.64
1557.00 154.70
1558.00 151.67
1559.00 146.14
1560.00 148.96
1561.00 159.22
1562.00 163.82
1563.00 170.06
1564.00 175.20
1565.00 177.50
1566.00 175.57
1567.00 174.36
1568.00 173.01
1569.00 172.05
1570.00 170.78
1571.00 169.69
1572.00 169.03
1573.00 168.75
1574.00 168.75
1575.00 169.32
1576.00 170.18
1577.00 170.84
1578.00 169.97
1579.00 169.02
1580.00 167.50
1581.00 167.41
1582.00 167.31
1583.00 167.28
1584.00 168.02
1585.00 170.76
1586.00 171.58
1587.00 172.56
1588.00 173.85
1589.00 172.27
1590.00 173.10
1591.00 174.17
1592.00 173.72
1593.00 172.38
1594.00 172.25
1595.00 172.64
1596.00 170.82
1597.00 170.29
1598.00 169.58
1599.00 169.69
1600.00 169.90
1601.00 170.60
1602.00 172.36
1603.00 172.95
1604.00 173.55
1605.00 173.55
1606.00 172.50
1607.00 172.90
1608.00 171.78
1609.00 171.25
1610.00 171.61
1611.00 170.77
1612.00 170.35
1613.00 169.02
1614.00 168.62
1615.00 168.61
1616.00 169.56
1617.00 170.27
1618.00 169.60
1619.00 168.97
1620.00 168.28
1621.00 168.82
1622.00 169.04
1623.00 168.65
1624.00 167.63
1625.00 166.13
1626.00 164.99
1627.00 163.81
1628.00 162.69
1629.00 161.23
1630.00 159.52
1631.00 0.00
1632.00 0.00
1633.00 0.00
1634.00 0.00
1635.00 0.00
1636.00 0.00
1637.00 0.00
1638.00 0.00
1639.00 0.00
1640.00 0.00
1641.00 0.00
1642.00 0.00
1643.00 0.00
1644.00 0.00
1645.00 0.00
1646.00 0.00
1647.00 0.00
1648.00 0.00
1649.00 0.00
1650.00 0.00
1651.00 0.00
1652.00 0.00
1653.00 0.00
1654.00 0.00
1655.00 0.00
1656.00 0.00
1657.00 0.00
1658.00 0.00
1659.00 0.00
1660.00 0.00
1661.00 0.00
1662.00 0.00
1663.00 0.00
1664.00 0.00
1665.00 0.00
1666.00 0.00
1667.00 0.00
1668.00 0.00
1669.00 0.00
1670.00 0.00
1671.00 0.00
1672.00 0.00
1673.00 0.00
1674.00 0.00
1675.00 0.00
1676.00 0.00
1677.00 0.00
1678.00 0.00
1679.00 0.00
1680.00 0.00
1681.00 0.00
1682.00 0.00
1683.00 0.00
1684.00 0.00
1685.00 0.00
1686.00 0.00
1687.00 0.00
1688.00 0.00
1689.00 0.00
1690.00 0.00
1691.00 0.00
1692.00 0.00
1693.00 0.00
1694.00 0.00
1695.00 0.00
1696.00 0.00
1697.00 0.00
1698.00 0.00
1699.00 0.00
1700.00 0.00
1701.00 176.49
1702.00 179.99
1703.00 183.18
1704.00 185.19
1705.00 186.35
1706.00 186.53
1707.00 186.07
1708.00 185.46
1709.00 184.95
1710.00 182.95
1711.00 181.58
1712.00 183.19
1713.00 184.96
1714.00 186.50
1715.00 188.04
1716.00 188.86
1717.00 190.60
1718.00 192.99
1719.00 197.75
1720.00 198.72
1721.00 197.78
1722.00 194.78
1723.00 190.67
1724.00 186.75
1725.00 184.00
1726.00 182.44
1727.00 181.75
1728.00 182.90
1729.00 186.30
1730.00 188.82
1731.00 189.45
1732.00 189.71
1733.00 189.81
1734.00 189.03
1735.00 187.70
1736.00 186.30
1737.00 186.11
1738.00 185.22
1739.00 184.72
1740.00 185.83
1741.00 187.10
1742.00 189.30
1743.00 190.86
1744.00 193.10
1745.00 195.44
1746.00 195.60
1747.00 194.50
1748.00 193.16
1749.00 192.30
1750.00 191.70
1751.00 192.03
1752.00 193.03
1753.00 193.19
1754.00 193.51
1755.00 193.21
1756.00 192.96
1757.00 193.38
1758.00 193.59
1759.00 193.90
1760.00 0.00
1761.00 0.00
1762.00 0.00
1763.00 68.55
1764.00 69.60
1765.00 70.50
1766.00 99.69
1767.00 103.35
1768.00 146.84
1769.00 108.63
1770.00 159.03
1771.00 216.96
1772.00 211.21
1773.00 209.49
1774.00 206.14
1775.00 205.11
1776.00 206.66
1777.00 208.44
1778.00 210.49
1779.00 211.67
1780.00 212.39
1781.00 212.93
1782.00 213.13
1783.00 213.12
1784.00 212.57
1785.00 212.21
1786.00 211.35
1787.00 211.43
1788.00 210.93
1789.00 210.85
1790.00 211.31
1791.00 212.42
1792.00 212.73
1793.00 213.03
1794.00 213.14
1795.00 211.92
1796.00 211.10
1797.00 211.15
1798.00 211.00
1799.00 210.45
1800.00 210.88
1801.00 211.03
1802.00 210.98
1803.00 211.18
1804.00 211.99
1805.00 212.43
1806.00 213.67
1807.00 214.78
1808.00 214.50
1809.00 214.19
1810.00 213.65
1811.00 212.96
1812.00 212.80
1813.00 211.77
1814.00 211.51
1815.00 211.70
1816.00 212.18
1817.00 212.52
1818.00 212.92
1819.00 213.43
1820.00 213.97
1821.00 213.97
1822.00 213.87
1823.00 213.17
1824.00 213.12
1825.00 212.70
1826.00 212.76
1827.00 212.99
1828.00 212.87
1829.00 212.87
1830.00 212.85
1831.00 213.36
1832.00 214.23
1833.00 214.73
1834.00 215.79
1835.00 222.29
1836.00 226.75
1837.00 443.29
1838.00 162.96
1839.00 235.21
1840.00 237.93
1841.00 240.48
1842.00 242.66
1843.00 241.47
1844.00 239.14
1845.00 235.07
1846.00 231.59
1847.00 229.67
1848.00 229.41
1849.00 229.47
1850.00 230.66
1851.00 231.96
1852.00 231.77
1853.00 232.46
1854.00 232.84
1855.00 233.18
1856.00 232.46
1857.00 231.88
1858.00 231.14
1859.00 231.63
1860.00 231.35
1861.00 231.74
1862.00 232.52
1863.00 231.01
1864.00 231.34
1865.00 231.05
1866.00 232.57
1867.00 234.80
1868.00 236.65
1869.00 237.49
1870.00 238.08
1871.00 237.95
1872.00 236.84
1873.00 233.97
1874.00 231.19
1875.00 226.79
1876.00 212.77
1877.00 203.78
1878.00 201.97
1879.00 201.19
1880.00 202.17
1881.00 204.26
1882.00 207.03
1883.00 211.91
1884.00 212.30
1885.00 213.62
1886.00 213.12
1887.00 212.15
1888.00 211.70
1889.00 211.06
1890.00 210.95
1891.00 209.98
1892.00 209.69
1893.00 209.76
1894.00 209.07
1895.00 208.91
1896.00 209.92
1897.00 210.03
1898.00 209.94
1899.00 210.21
1900.00 209.70
1901.00 208.92
1902.00 207.83
1903.00 207.00
1904.00 207.77
1905.00 207.43
1906.00 208.11
1907.00 208.81
1908.00 211.42
1909.00 212.29
1910.00 211.28
1911.00 209.69
1912.00 201.62
1913.00 191.72
1914.00 186.37
1915.00 182.50
1916.00 181.42
1917.00 181.46
1918.00 182.53
1919.00 183.11
1920.00 183.79
1921.00 185.53
1922.00 185.27
1923.00 183.86
1924.00 180.61
1925.00 190.52
1926.00 188.05
1927.00 186.88
1928.00 180.78
1929.00 183.96
1930.00 186.11
1931.00 187.97
1932.00 188.35
1933.00 189.95
1934.00 191.03
1935.00 192.05
1936.00 191.91
1937.00 192.18
1938.00 192.90
1939.00 192.42
1940.00 189.96
1941.00 187.50
1942.00 186.32
1943.00 186.47
1944.00 187.26
1945.00 188.41
1946.00 189.44
1947.00 190.95
1948.00 192.42
1949.00 194.32
1950.00 195.37
1951.00 195.38
1952.00 193.83
1953.00 192.10
1954.00 190.69
1955.00 189.16
1956.00 188.15
1957.00 188.07
1958.00 188.08
1959.00 188.61
1960.00 189.57
1961.00 191.09
1962.00 191.99
1963.00 192.36
1964.00 192.63
1965.00 192.63
1966.00 192.03
1967.00 191.48
1968.00 191.30
1969.00 191.18
1970.00 190.95
1971.00 191.23
1972.00 191.32
1973.00 191.52
1974.00 191.99
1975.00 192.65
1976.00 194.23
1977.00 194.61
1978.00 193.79
1979.00 194.98
1980.00 197.64
1981.00 197.22
1982.00 199.51
1983.00 200.91
1984.00 198.32
1985.00 194.20
1986.00 189.06
1987.00 189.91
1988.00 186.56
1989.00 186.94
1990.00 186.91
1991.00 189.61
1992.00 192.76
1993.00 191.77
1994.00 194.39
1995.00 208.59
1996.00 209.22
1997.00 207.09
1998.00 204.23
1999.00 202.18
2000.00 201.59
2001.00 198.92
2002.00 187.89
2003.00 189.11
2004.00 191.20
2005.00 193.70
2006.00 189.97
2007.00 200.24
2008.00 189.55
2009.00 190.28
2010.00 192.69
2011.00 203.42
2012.00 196.62
2013.00 195.38
2014.00 203.64
2015.00 203.45
2016.00 202.11
2017.00 201.29
2018.00 200.36
2019.00 193.39
2020.00 205.11
2021.00 210.80
2022.00 207.37
2023.00 206.16
2024.00 205.42
2025.00 194.95
2026.00 204.95
2027.00 202.61
2028.00 194.61
2029.00 193.14
2030.00 197.26
2031.00 207.22
2032.00 202.55
2033.00 193.85
2034.00 192.57
2035.00 203.52
2036.00 206.58
2037.00 207.93
2038.00 207.03
2039.00 192.42
2040.00 202.22
2041.00 192.75
2042.00 202.16
2043.00 208.42
2044.00 207.89
2045.00 208.09
2046.00 208.97
2047.00 210.41
2048.00 206.79
2049.00 191.13
2050.00 188.93
2051.00 188.26
2052.00 189.40
2053.00 201.76
2054.00 202.89
2055.00 200.29
2056.00 191.66
2057.00 203.17
2058.00 210.29
2059.00 233.12
2060.00 235.76
2061.00 236.11
2062.00 234.14
2063.00 233.54
2064.00 230.82
2065.00 229.68
2066.00 227.61
2067.00 228.62
2068.00 229.44
2069.00 230.31
2070.00 231.20
2071.00 232.09
2072.00 232.11
2073.00 232.45
2074.00 232.95
2075.00 233.26
2076.00 232.94
2077.00 232.88
2078.00 232.67
2079.00 232.31
2080.00 231.99
2081.00 232.95
2082.00 233.50
2083.00 233.00
2084.00 232.34
2085.00 232.18
2086.00 231.86
2087.00 232.48
2088.00 232.77
2089.00 233.04
2090.00 233.29
2091.00 233.24
2092.00 233.22
2093.00 233.09
2094.00 232.83
2095.00 232.51
2096.00 232.96
2097.00 233.37
2098.00 233.55
2099.00 233.15
2100.00 232.35
2101.00 232.02
2102.00 231.45
2103.00 231.60
2104.00 232.25
2105.00 232.55
2106.00 232.77
2107.00 232.74
2108.00 232.90
2109.00 232.78
2110.00 233.04
2111.00 233.06
2112.00 233.31
2113.00 232.76
2114.00 232.56
2115.00 231.63
2116.00 231.76
2117.00 231.84
2118.00 231.92
2119.00 231.99
2120.00 232.94
2121.00 232.40
2122.00 233.11
2123.00 232.91
2124.00 232.62
2125.00 232.57
2126.00 231.49
2127.00 230.55
2128.00 233.60
2129.00 237.25
2130.00 246.02
2131.00 251.51
2132.00 254.14
2133.00 255.43
2134.00 255.09
2135.00 253.91
2136.00 253.14
2137.00 252.28
2138.00 251.73
2139.00 252.22
2140.00 252.00
2141.00 252.90
2142.00 254.11
2143.00 255.35
2144.00 255.68
2145.00 256.05
2146.00 255.81
2147.00 255.26
2148.00 255.07
2149.00 254.64
2150.00 253.88
2151.00 255.76
2152.00 254.42
2153.00 253.63
2154.00 254.48
2155.00 254.30
2156.00 255.40
2157.00 255.50
2158.00 256.29
2159.00 255.87
2160.00 255.26
2161.00 255.10
2162.00 254.20
2163.00 254.03
2164.00 253.84
2165.00 254.83
2166.00 255.07
2167.00 255.53
2168.00 254.05
2169.00 253.54
2170.00 254.61
2171.00 255.49
2172.00 254.37
2173.00 254.73
2174.00 255.58
2175.00 255.19
2176.00 255.50
2177.00 255.11
2178.00 255.04
2179.00 255.27
2180.00 255.69
2181.00 256.01
2182.00 255.41
2183.00 255.31
2184.00 255.19
2185.00 255.48
2186.00 255.79
2187.00 255.43
2188.00 255.42
2189.00 256.23
2190.00 256.98
2191.00 256.99
2192.00 256.26
2193.00 252.58
2194.00 249.05
2195.00 252.98
2196.00 256.38
2197.00 274.27
2198.00 279.75
2199.00 286.74
2200.00 288.34
2201.00 287.66
2202.00 286.35
2203.00 283.92
2204.00 282.16
2205.00 281.24
2206.00 280.00
2207.00 279.25
2208.00 279.35
2209.00 279.76
2210.00 278.53
2211.00 279.22
2212.00 278.98
2213.00 280.44
2214.00 280.61
2215.00 278.49
2216.00 275.70
2217.00 272.71
2218.00 268.00
2219.00 0.00
2220.00 0.00
2221.00 0.00
2222.00 0.00
2223.00 0.00
2224.00 0.00
2225.00 0.00
2226.00 0.00
2227.00 0.00
2228.00 0.00
2229.00 0.00
2230.00 0.00
2231.00 0.00
2232.00 0.00
2233.00 0.00
2234.00 0.00
2235.00 0.00
2236.00 0.00
2237.00 0.00
2238.00 0.00
2239.00 0.00
2240.00 0.00
2241.00 0.00
2242.00 0.00
2243.00 0.00
2244.00 0.00
2245.00 0.00
2246.00 0.00
2247.00 0.00
2248.00 0.00
2249.00 0.00
2250.00 0.00
2251.00 0.00
2252.00 0.00
2253.00 0.00
2254.00 0.00
2255.00 0.00
2256.00 0.00
2257.00 0.00
2258.00 0.00
2259.00 0.00
2260.00 300.42
2261.00 308.47
2262.00 311.52
2263.00 311.71
2264.00 310.72
2265.00 309.22
2266.00 307.58
2267.00 306.64
2268.00 305.91
2269.00 305.53
2270.00 305.47
2271.00 306.51
2272.00 307.70
2273.00 308.78
2274.00 309.78
2275.00 310.76
2276.00 311.91
2277.00 313.32
2278.00 314.15
2279.00 314.28
2280.00 314.23
2281.00 314.23
2282.00 314.19
2283.00 313.85
2284.00 313.28
2285.00 313.32
2286.00 313.96
2287.00 315.20
2288.00 316.10
2289.00 316.52
2290.00 316.70
2291.00 316.38
2292.00 315.97
2293.00 315.66
2294.00 315.37
2295.00 315.04
2296.00 314.86
2297.00 314.88
2298.00 314.29
2299.00 314.64
2300.00 315.56
2301.00 315.85
2302.00 315.94
2303.00 316.24
2304.00 316.61
2305.00 316.74
2306.00 316.80
2307.00 316.02
2308.00 315.49
2309.00 315.56
2310.00 315.27
2311.00 315.18
2312.00 315.10
2313.00 314.97
2314.00 314.70
2315.00 314.78
2316.00 315.26
2317.00 315.97
2318.00 316.81
2319.00 317.51
2320.00 317.62
2321.00 317.23
2322.00 316.74
2323.00 315.80
2324.00 315.94
2325.00 316.10
2326.00 315.82
2327.00 315.11
2328.00 314.58
2329.00 314.27
2330.00 314.15
2331.00 314.48
2332.00 314.93
2333.00 315.37
2334.00 315.40
2335.00 315.70
2336.00 316.20
2337.00 316.19
2338.00 316.36
2339.00 316.26
2340.00 315.64
2341.00 315.68
2342.00 315.54
2343.00 315.80
2344.00 316.22
2345.00 316.16
2346.00 316.34
2347.00 316.31
2348.00 315.94
2349.00 315.57
2350.00 315.30
2351.00 315.69
2352.00 316.29
2353.00 315.75
2354.00 315.43
2355.00 315.25
2356.00 315.19
2357.00 315.47
2358.00 315.30
2359.00 315.29
2360.00 315.59
2361.00 315.53
2362.00 315.19
2363.00 315.15
2364.00 315.26
2365.00 315.79
2366.00 316.01
2367.00 316.46
2368.00 315.96
2369.00 315.49
2370.00 315.56
2371.00 316.00
2372.00 315.89
2373.00 315.74
2374.00 315.25
2375.00 314.82
2376.00 315.01
2377.00 315.32
2378.00 315.50
2379.00 316.01
2380.00 316.70
2381.00 316.71
2382.00 316.25
2383.00 316.37
2384.00 316.96
2385.00 317.32
2386.00 317.68
2387.00 315.31
2388.00 309.39
2389.00 307.41
2390.00 312.98
2391.00 309.52
2392.00 307.75
2393.00 294.00
2394.00 264.66
2395.00 260.00
2396.00 259.54
2397.00 257.97
2398.00 246.60
2399.00 246.23
2400.00 243.05
2401.00 242.39
2402.00 244.34
2403.00 246.79
2404.00 248.14
2405.00 249.88
2406.00 251.67
2407.00 251.20
2408.00 252.41
2409.00 252.04
2410.00 251.21
2411.00 250.28
2412.00 250.86
2413.00 250.61
2414.00 251.08
2415.00 252.95
2416.00 253.46
2417.00 253.59
2418.00 254.19
2419.00 254.94
2420.00 254.11
2421.00 253.47
2422.00 253.42
2423.00 252.85
2424.00 252.19
2425.00 248.88
2426.00 117.94
2427.00 233.38
2428.00 229.35
2429.00 224.26
2430.00 221.85
2431.00 226.17
2432.00 230.96
2433.00 233.46
2434.00 234.72
2435.00 234.38
2436.00 232.64
2437.00 230.61
2438.00 229.97
2439.00 228.95
2440.00 227.64
2441.00 227.15
2442.00 227.38
2443.00 227.78
2444.00 228.09
2445.00 228.43
2446.00 228.96
2447.00 229.88
2448.00 230.43
2449.00 230.00
2450.00 230.05
2451.00 230.44
2452.00 229.54
2453.00 227.98
2454.00 225.54
2455.00 222.55
2456.00 217.79
2457.00 213.58
2458.00 205.88
2459.00 201.92
2460.00 200.45
2461.00 204.66
2462.00 211.05
2463.00 216.36
2464.00 218.15
2465.00 217.39
2466.00 213.28
2467.00 209.88
2468.00 205.52
2469.00 200.09
2470.00 196.62
2471.00 193.63
2472.00 191.51
2473.00 189.21
2474.00 187.72
2475.00 189.99
2476.00 192.34
2477.00 193.70
2478.00 194.40
2479.00 193.77
2480.00 190.91
2481.00 188.20
2482.00 188.45
2483.00 183.05
2484.00 185.25
2485.00 184.38
2486.00 181.33
2487.00 179.12
2488.00 175.61
2489.00 171.53
2490.00 167.97
2491.00 167.05
2492.00 168.73
2493.00 171.96
2494.00 173.48
2495.00 174.81
2496.00 176.09
2497.00 175.48
2498.00 175.97
2499.00 177.19
2500.00 173.94
2501.00 174.10
2502.00 173.09
2503.00 173.43
2504.00 174.08
2505.00 175.18
2506.00 177.22
2507.00 175.28
2508.00 174.53
2509.00 174.29
2510.00 174.53
2511.00 177.18
2512.00 176.61
2513.00 179.21
2514.00 178.68
2515.00 177.20
2516.00 176.58
2517.00 176.88
2518.00 178.50
2519.00 180.24
2520.00 185.58
2521.00 193.97
2522.00 203.10
2523.00 205.95
2524.00 206.24
2525.00 202.24
2526.00 198.00
2527.00 193.01
2528.00 186.15
2529.00 182.63
2530.00 181.69
2531.00 182.24
2532.00 184.72
2533.00 188.54
2534.00 190.41
2535.00 191.27
2536.00 190.50
2537.00 190.35
2538.00 189.98
2539.00 189.87
2540.00 189.86
2541.00 189.95
2542.00 189.48
2543.00 189.31
2544.00 190.40
2545.00 190.52
2546.00 190.44
2547.00 189.96
2548.00 189.68
2549.00 189.13
2550.00 189.42
2551.00 190.41
2552.00 192.13
2553.00 193.28
2554.00 192.63
2555.00 192.34
2556.00 191.74
2557.00 192.11
2558.00 195.19
2559.00 201.55
2560.00 208.75
2561.00 214.37
2562.00 214.84
2563.00 211.98
2564.00 210.41
2565.00 208.44
2566.00 207.26
2567.00 207.01
2568.00 206.87
2569.00 206.17
2570.00 207.49
2571.00 207.68
2572.00 209.13
2573.00 210.20
2574.00 211.19
2575.00 211.88
2576.00 211.57
2577.00 211.51
2578.00 212.63
2579.00 213.15
2580.00 213.15
2581.00 212.50
2582.00 212.45
2583.00 212.00
2584.00 211.06
2585.00 210.84
2586.00 211.04
2587.00 210.48
2588.00 209.99
2589.00 208.94
2590.00 212.11
2591.00 218.02
2592.00 224.53
2593.00 235.01
2594.00 237.15
2595.00 237.47
2596.00 236.07
2597.00 234.17
2598.00 230.35
2599.00 229.09
2600.00 228.84
2601.00 227.92
2602.00 227.17
2603.00 227.64
2604.00 229.03
2605.00 230.13
2606.00 230.71
2607.00 231.31
2608.00 232.27
2609.00 232.17
2610.00 232.31
2611.00 232.63
2612.00 233.49
2613.00 234.02
2614.00 234.01
2615.00 233.64
2616.00 233.27
2617.00 232.99
2618.00 233.22
2619.00 232.91
2620.00 231.91
2621.00 230.56
2622.00 228.07
2623.00 231.05
2624.00 244.18
2625.00 254.98
2626.00 261.48
2627.00 267.54
2628.00 266.97
2629.00 264.27
2630.00 260.79
2631.00 258.20
2632.00 256.15
2633.00 254.45
2634.00 253.78
2635.00 253.49
2636.00 253.87
2637.00 254.59
2638.00 255.78
2639.00 256.82
2640.00 258.09
2641.00 257.50
2642.00 257.06
2643.00 257.17
2644.00 257.04
2645.00 256.97
2646.00 256.84
2647.00 256.63
2648.00 256.50
2649.00 255.88
2650.00 254.88
2651.00 255.50
2652.00 256.28
2653.00 257.47
2654.00 257.89
2655.00 257.96
2656.00 257.11
2657.00 253.36
2658.00 237.73
2659.00 227.65
2660.00 209.75
2661.00 203.84
2662.00 199.48
2663.00 199.90
2664.00 202.85
2665.00 205.81
2666.00 208.72
2667.00 210.63
2668.00 211.45
2669.00 211.19
2670.00 210.65
2671.00 210.22
2672.00 209.81
2673.00 209.69
2674.00 209.27
2675.00 209.31
2676.00 209.06
2677.00 209.12
2678.00 209.55
2679.00 210.19
2680.00 210.04
2681.00 209.78
2682.00 209.40
2683.00 209.50
2684.00 209.74
2685.00 210.43
2686.00 210.70
2687.00 210.24
2688.00 209.41
2689.00 208.69
2690.00 208.60
2691.00 209.17
2692.00 209.71
2693.00 210.22
2694.00 209.82
2695.00 208.37
2696.00 207.19
2697.00 206.86
2698.00 207.50
2699.00 208.78
2700.00 210.22
2701.00 210.89
2702.00 210.37
2703.00 208.81
2704.00 207.67
2705.00 207.14
2706.00 207.13
2707.00 207.72
2708.00 207.27
2709.00 206.45
2710.00 206.03
2711.00 205.36
2712.00 205.07
2713.00 205.19
2714.00 207.46
2715.00 209.38
2716.00 210.63
2717.00 211.70
2718.00 213.01
2719.00 214.82
2720.00 216.09
2721.00 217.26
2722.00 217.87
2723.00 219.57
2724.00 219.81
2725.00 219.74
2726.00 218.04
2727.00 215.43
2728.00 210.43
2729.00 209.25
2730.00 208.90
2731.00 208.47
2732.00 207.38
2733.00 206.93
2734.00 206.52
2735.00 207.27
2736.00 208.04
2737.00 209.20
2738.00 210.16
2739.00 210.10
2740.00 209.87
2741.00 210.15
2742.00 211.23
2743.00 211.08
2744.00 209.65
2745.00 208.75
2746.00 208.94
2747.00 209.60
2748.00 210.93
2749.00 211.89
2750.00 210.60
2751.00 208.09
2752.00 201.88
2753.00 196.53
2754.00 204.74
2755.00 0.00
2756.00 0.00
2757.00 0.00
2758.00 0.00
2759.00 0.00
2760.00 0.00
2761.00 0.00
2762.00 0.00
2763.00 0.00
2764.00 0.00
2765.00 0.00
2766.00 0.00
2767.00 0.00
2768.00 0.00
2769.00 0.00
2770.00 0.00
2771.00 0.00
2772.00 0.00
2773.00 0.00
2774.00 0.00
2775.00 0.00
2776.00 0.00
2777.00 0.00
2778.00 0.00
2779.00 0.00
2780.00 0.00
2781.00 0.00
2782.00 0.00
2783.00 0.00
2784.00 0.00
2785.00 0.00
2786.00 0.00
2787.00 0.00
2788.00 0.00
2789.00 0.00
2790.00 0.00
2791.00 0.00
2792.00 0.00
2793.00 0.00
2794.00 0.00
2795.00 0.00
2796.00 0.00
2797.00 0.00
2798.00 0.00
2799.00 0.00
2800.00 0.00
2801.00 218.03
2802.00 222.21
2803.00 225.28
2804.00 226.23
2805.00 226.07
2806.00 226.15
2807.00 226.66
2808.00 227.04
2809.00 228.07
2810.00 229.66
2811.00 231.19
2812.00 232.03
2813.00 232.23
2814.00 231.69
2815.00 230.47
2816.00 228.86
2817.00 227.07
2818.00 225.34
2819.00 224.81
2820.00 224.48
2821.00 224.67
2822.00 225.32
2823.00 226.13
2824.00 227.88
2825.00 230.16
2826.00 232.19
2827.00 232.77
2828.00 232.21
2829.00 231.55
2830.00 231.37
2831.00 232.12
2832.00 232.58
2833.00 232.67
2834.00 232.54
2835.00 232.68
2836.00 233.38
2837.00 234.17
2838.00 235.29
2839.00 236.88
2840.00 237.45
2841.00 237.14
2842.00 235.64
2843.00 234.65
2844.00 234.49
2845.00 234.62
2846.00 234.14
2847.00 232.22
2848.00 230.87
2849.00 230.49
2850.00 230.97
2851.00 231.76
2852.00 232.35
2853.00 233.26
2854.00 234.11
2855.00 234.35
2856.00 234.47
2857.00 234.45
2858.00 234.29
2859.00 234.31
2860.00 234.92
2861.00 233.81
2862.00 232.88
2863.00 233.12
2864.00 233.48
2865.00 232.57
2866.00 231.94
2867.00 231.70
2868.00 231.46
2869.00 232.00
2870.00 232.86
2871.00 233.19
2872.00 232.95
2873.00 232.43
2874.00 232.14
2875.00 231.79
2876.00 231.65
2877.00 231.64
2878.00 231.36
2879.00 230.93
2880.00 231.60
2881.00 232.75
2882.00 233.14
2883.00 233.23
2884.00 232.73
2885.00 231.88
2886.00 231.11
2887.00 230.73
2888.00 230.92
2889.00 231.42
2890.00 231.16
2891.00 231.20
2892.00 231.27
2893.00 231.60
2894.00 232.06
2895.00 232.86
2896.00 233.43
2897.00 233.19
2898.00 232.84
2899.00 232.71
2900.00 232.39
2901.00 231.74
2902.00 231.02
2903.00 231.02
2904.00 231.61
2905.00 232.29
2906.00 232.74
2907.00 232.46
2908.00 232.14
2909.00 232.00
2910.00 234.10
2911.00 236.02
2912.00 237.14
2913.00 236.89
2914.00 234.87
2915.00 233.05
2916.00 231.06
2917.00 230.87
2918.00 231.72
2919.00 232.65
2920.00 234.17
2921.00 236.05
2922.00 236.91
2923.00 238.32
2924.00 239.66
2925.00 240.19
2926.00 237.69
2927.00 238.04
2928.00 238.14
2929.00 247.64
2930.00 257.98
2931.00 271.43
2932.00 291.65
2933.00 293.31
2934.00 289.62
2935.00 285.71
2936.00 280.68
2937.00 278.74
2938.00 276.99
2939.00 275.20
2940.00 275.02
2941.00 276.05
2942.00 277.57
2943.00 279.46
2944.00 280.10
2945.00 281.88
2946.00 282.40
2947.00 281.57
2948.00 281.20
2949.00 281.17
2950.00 281.84
2951.00 282.44
2952.00 282.76
2953.00 282.60
2954.00 282.82
2955.00 283.05
2956.00 282.97
2957.00 283.33
2958.00 283.28
2959.00 283.74
2960.00 284.46
2961.00 284.71
2962.00 284.81
2963.00 284.73
2964.00 284.21
2965.00 283.52
2966.00 283.94
2967.00 282.99
2968.00 282.83
2969.00 282.92
2970.00 282.78
2971.00 282.59
2972.00 282.72
2973.00 282.79
2974.00 282.61
2975.00 282.39
2976.00 282.63
2977.00 283.17
2978.00 283.60
2979.00 283.65
2980.00 283.14
2981.00 283.33
2982.00 283.48
2983.00 283.31
2984.00 283.37
2985.00 282.90
2986.00 283.50
2987.00 283.99
2988.00 284.25
2989.00 284.31
2990.00 284.08
2991.00 284.04
2992.00 283.72
2993.00 283.74
2994.00 284.15
2995.00 284.18
2996.00 284.23
2997.00 284.84
2998.00 285.59
2999.00 285.90
3000.00 285.45
3001.00 285.44
3002.00 285.30
3003.00 284.95
3004.00 284.76
3005.00 284.44
3006.00 284.66
3007.00 284.88
3008.00 284.82
3009.00 284.68
3010.00 284.76
3011.00 285.53
3012.00 286.22
3013.00 286.13
3014.00 286.22
3015.00 285.49
3016.00 284.53
3017.00 284.46
3018.00 284.57
3019.00 284.50
3020.00 284.65
3021.00 284.80
3022.00 284.89
3023.00 284.77
3024.00 284.50
3025.00 284.18
3026.00 284.10
3027.00 284.01
3028.00 283.89
3029.00 283.60
3030.00 283.65
3031.00 283.31
3032.00 283.41
3033.00 283.67
3034.00 283.76
3035.00 283.86
3036.00 284.26
3037.00 284.56
3038.00 284.60
3039.00 284.54
3040.00 284.30
3041.00 283.92
3042.00 284.01
3043.00 283.82
3044.00 283.60
3045.00 283.59
3046.00 283.64
3047.00 283.22
3048.00 283.38
3049.00 282.66
3050.00 282.61
3051.00 282.46
3052.00 283.29
3053.00 284.02
3054.00 284.28
3055.00 283.88
3056.00 283.41
3057.00 282.85
3058.00 282.70
3059.00 282.62
3060.00 282.15
3061.00 281.11
3062.00 278.94
3063.00 276.29
3064.00 269.87
3065.00 260.77
3066.00 249.79
3067.00 240.03
3068.00 241.61
3069.00 245.67
3070.00 249.14
3071.00 254.58
3072.00 258.55
3073.00 259.23
3074.00 258.49
3075.00 257.24
3076.00 255.93
3077.00 255.70
3078.00 255.29
3079.00 254.74
3080.00 254.65
3081.00 255.20
3082.00 255.70
3083.00 255.98
3084.00 256.56
3085.00 256.75
3086.00 256.73
3087.00 257.25
3088.00 257.95
3089.00 257.80
3090.00 257.39
3091.00 257.10
3092.00 257.09
3093.00 257.26
3094.00 257.71
3095.00 257.41
3096.00 257.11
3097.00 257.04
3098.00 257.17
3099.00 258.06
3100.00 258.44
3101.00 258.53
3102.00 258.62
3103.00 258.76
3104.00 258.23
3105.00 257.76
3106.00 257.56
3107.00 257.67
3108.00 257.76
3109.00 257.75
3110.00 257.61
3111.00 257.40
3112.00 257.19
3113.00 257.23
3114.00 257.12
3115.00 257.17
3116.00 257.28
3117.00 257.22
3118.00 257.13
3119.00 257.21
3120.00 257.40
3121.00 257.42
3122.00 257.57
3123.00 257.80
3124.00 257.55
3125.00 257.08
3126.00 257.20
3127.00 257.54
3128.00 257.39
3129.00 257.20
3130.00 257.18
3131.00 256.91
3132.00 257.46
3133.00 257.91
3134.00 258.04
3135.00 257.74
3136.00 258.05
3137.00 257.97
3138.00 257.94
3139.00 258.49
3140.00 258.01
3141.00 257.59
3142.00 257.55
3143.00 257.65
3144.00 257.75
3145.00 257.98
3146.00 257.87
3147.00 257.95
3148.00 258.55
3149.00 258.84
3150.00 258.96
3151.00 258.62
3152.00 257.99
3153.00 257.65
3154.00 257.71
3155.00 257.68
3156.00 257.56
3157.00 257.73
3158.00 257.66
3159.00 257.46
3160.00 257.42
3161.00 257.72
3162.00 257.92
3163.00 257.98
3164.00 258.28
3165.00 258.07
3166.00 257.95
3167.00 258.00
3168.00 258.58
3169.00 258.90
3170.00 258.63
3171.00 258.58
3172.00 258.37
3173.00 258.18
3174.00 258.34
3175.00 258.49
3176.00 258.25
3177.00 258.17
3178.00 258.18
3179.00 258.34
3180.00 258.48
3181.00 258.82
3182.00 258.92
3183.00 258.59
3184.00 258.54
3185.00 258.34
3186.00 258.08
3187.00 257.96
3188.00 257.77
3189.00 257.81
3190.00 258.18
3191.00 258.18
3192.00 257.90
3193.00 258.01
3194.00 258.18
3195.00 258.35
3196.00 258.93
3197.00 259.52
3198.00 259.64
3199.00 259.67
3200.00 259.34
3201.00 258.83
3202.00 258.24
3203.00 258.31
3204.00 258.68
3205.00 258.67
3206.00 258.60
3207.00 258.49
3208.00 258.55
3209.00 258.76
3210.00 258.99
3211.00 259.29
3212.00 259.23
3213.00 258.85
3214.00 258.45
3215.00 258.25
3216.00 258.44
3217.00 258.24
3218.00 258.34
3219.00 258.26
3220.00 257.78
3221.00 257.58
3222.00 257.58
3223.00 257.89
3224.00 258.37
3225.00 258.61
3226.00 258.41
3227.00 258.37
3228.00 258.63
3229.00 259.32
3230.00 259.19
3231.00 259.27
3232.00 259.33
3233.00 259.16
3234.00 258.75
3235.00 258.04
3236.00 257.51
3237.00 256.86
3238.00 255.90
3239.00 253.84
3240.00 252.05
3241.00 256.99
3242.00 257.25
3243.00 257.72
3244.00 257.90
3245.00 257.86
3246.00 387.62
3247.00 387.68
3248.00 0.00
3249.00 0.00
3250.00 0.00
3251.00 0.00
3252.00 0.00
3253.00 0.00
3254.00 0.00
3255.00 0.00
3256.00 0.00
3257.00 0.00
3258.00 0.00
3259.00 0.00
3260.00 0.00
3261.00 0.00
3262.00 0.00
3263.00 0.00
3264.00 0.00
3265.00 0.00
3266.00 0.00
3267.00 0.00
3268.00 0.00
3269.00 0.00
3270.00 0.00
3271.00 0.00
3272.00 0.00
3273.00 0.00
3274.00 0.00
3275.00 0.00
3276.00 0.00
3277.00 0.00
3278.00 0.00
3279.00 0.00
3280.00 0.00
3281.00 0.00
3282.00 0.00
3283.00 0.00
3284.00 0.00
3285.00 0.00
3286.00 0.00
3287.00 0.00
3288.00 0.00
3289.00 0.00
3290.00 0.00
3291.00 0.00
3292.00 0.00
3293.00 0.00
3294.00 0.00
3295.00 0.00
3296.00 0.00
3297.00 0.00
3298.00 0.00
3299.00 0.00
3300.00 0.00
3301.00 0.00
3302.00 0.00
3303.00 0.00
3304.00 0.00
3305.00 0.00
3306.00 0.00
3307.00 0.00
3308.00 170.35
3309.00 174.06
3310.00 176.53
3311.00 177.34
3312.00 176.38
3313.00 175.95
3314.00 175.78
3315.00 176.52
3316.00 177.37
3317.00 178.75
3318.00 181.43
3319.00 184.50
3320.00 187.43
3321.00 189.83
3322.00 190.43
3323.00 190.10
3324.00 190.49
3325.00 190.22
3326.00 189.62
3327.00 188.56
3328.00 186.60
3329.00 185.95
3330.00 185.68
3331.00 186.61
3332.00 190.50
3333.00 192.62
3334.00 193.76
3335.00 192.80
3336.00 191.24
3337.00 189.24
3338.00 186.85
3339.00 187.27
3340.00 187.51
3341.00 188.06
3342.00 189.06
3343.00 190.13
3344.00 191.07
3345.00 191.82
3346.00 191.83
3347.00 191.88
3348.00 191.09
3349.00 189.85
3350.00 189.41
3351.00 188.62
3352.00 188.83
3353.00 188.24
3354.00 187.04
3355.00 185.63
3356.00 185.56
3357.00 186.19
3358.00 186.29
3359.00 188.87
3360.00 189.61
3361.00 190.12
3362.00 189.42
3363.00 189.32
3364.00 189.28
3365.00 189.16
3366.00 189.06
3367.00 188.19
3368.00 186.87
3369.00 185.31
3370.00 184.87
3371.00 184.80
3372.00 185.29
3373.00 187.98
3374.00 189.33
3375.00 189.16
3376.00 188.77
3377.00 189.29
3378.00 189.39
3379.00 190.87
3380.00 191.74
3381.00 192.52
3382.00 192.37
3383.00 190.98
3384.00 190.22
3385.00 190.21
3386.00 190.63
3387.00 191.72
3388.00 193.38
3389.00 194.89
3390.00 195.50
3391.00 195.04
3392.00 194.18
3393.00 194.22
3394.00 195.36
3395.00 198.67
3396.00 202.62
3397.00 204.54
3398.00 208.65
3399.00 208.97
3400.00 209.17
3401.00 210.04
3402.00 214.80
3403.00 217.81
3404.00 217.00
3405.00 216.46
3406.00 216.29
3407.00 216.26
3408.00 216.35
3409.00 217.19
3410.00 217.85
3411.00 218.92
3412.00 220.10
3413.00 219.88
3414.00 220.27
3415.00 220.61
3416.00 220.64
3417.00 220.82
3418.00 220.75
3419.00 220.62
3420.00 220.59
3421.00 221.65
3422.00 221.97
3423.00 222.85
3424.00 223.77
3425.00 224.08
3426.00 225.18
3427.00 226.90
3428.00 226.98
3429.00 226.46
3430.00 228.31
3431.00 228.87
3432.00 226.69
3433.00 221.56
3434.00 212.57
3435.00 205.92
3436.00 201.22
3437.00 202.91
3438.00 205.27
3439.00 208.57
3440.00 211.03
3441.00 212.22
3442.00 212.09
3443.00 211.82
3444.00 210.86
3445.00 209.27
3446.00 208.01
3447.00 207.25
3448.00 206.81
3449.00 206.80
3450.00 206.62
3451.00 205.90
3452.00 205.85
3453.00 206.18
3454.00 206.63
3455.00 207.15
3456.00 207.88
3457.00 208.91
3458.00 209.71
3459.00 209.47
3460.00 208.64
3461.00 206.41
3462.00 201.68
3463.00 185.68
3464.00 185.55
3465.00 176.41
3466.00 177.30
3467.00 178.77
3468.00 182.15
3469.00 187.07
3470.00 192.30
3471.00 195.15
3472.00 195.19
3473.00 194.76
3474.00 191.47
3475.00 190.87
3476.00 190.89
3477.00 190.84
3478.00 191.07
3479.00 190.75
3480.00 189.95
3481.00 190.19
3482.00 191.14
3483.00 191.95
3484.00 192.17
3485.00 191.25
3486.00 190.36
3487.00 189.81
3488.00 189.92
3489.00 191.17
3490.00 192.50
3491.00 193.85
3492.00 194.11
3493.00 193.53
3494.00 193.76
3495.00 194.84
3496.00 195.30
3497.00 199.10
3498.00 207.61
3499.00 214.82
3500.00 224.21
3501.00 227.02
3502.00 228.02
3503.00 228.11
3504.00 228.08
3505.00 227.86
3506.00 227.73
3507.00 227.15
3508.00 226.58
3509.00 226.42
3510.00 226.91
3511.00 227.54
3512.00 228.17
3513.00 228.35
3514.00 228.78
3515.00 229.34
3516.00 229.70
3517.00 230.21
3518.00 230.87
3519.00 230.15
3520.00 230.16
3521.00 230.11
3522.00 230.12
3523.00 229.31
3524.00 228.76
3525.00 227.93
3526.00 225.18
3527.00 224.13
3528.00 224.31
3529.00 226.18
3530.00 230.67
3531.00 232.21
3532.00 231.45
3533.00 229.78
3534.00 225.11
3535.00 216.15
3536.00 209.22
3537.00 204.65
3538.00 201.38
3539.00 202.02
3540.00 204.70
3541.00 207.49
3542.00 211.49
3543.00 214.21
3544.00 215.31
3545.00 215.50
3546.00 215.12
3547.00 215.04
3548.00 214.02
3549.00 212.66
3550.00 211.18
3551.00 210.74
3552.00 210.96
3553.00 210.84
3554.00 210.16
3555.00 209.33
3556.00 208.94
3557.00 208.57
3558.00 209.45
3559.00 209.53
3560.00 210.44
3561.00 211.70
3562.00 212.33
3563.00 212.68
3564.00 212.68
3565.00 209.68
3566.00 203.35
3567.00 195.35
3568.00 184.60
3569.00 178.22
3570.00 179.17
3571.00 182.53
3572.00 187.30
3573.00 190.20
3574.00 191.91
3575.00 192.60
3576.00 191.93
3577.00 190.72
3578.00 190.05
3579.00 189.89
3580.00 190.05
3581.00 190.18
3582.00 189.80
3583.00 189.24
3584.00 189.62
3585.00 190.43
3586.00 191.05
3587.00 191.95
3588.00 191.92
3589.00 190.98
3590.00 190.17
3591.00 190.07
3592.00 191.01
3593.00 190.99
3594.00 190.75
3595.00 190.49
3596.00 190.21
3597.00 189.65
3598.00 189.41
3599.00 190.17
3600.00 190.88
3601.00 191.66
3602.00 192.45
3603.00 192.36
3604.00 191.56
3605.00 190.61
3606.00 190.20
3607.00 190.78
3608.00 191.27
3609.00 191.90
3610.00 191.25
3611.00 190.26
3612.00 190.01
3613.00 189.85
3614.00 190.47
3615.00 190.81
3616.00 191.21
3617.00 190.80
3618.00 189.99
3619.00 189.14
3620.00 188.94
3621.00 188.80
3622.00 189.59
3623.00 191.16
3624.00 191.70
3625.00 191.86
3626.00 191.77
3627.00 191.39
3628.00 192.06
3629.00 192.59
3630.00 192.61
3631.00 191.89
3632.00 190.53
3633.00 189.24
3634.00 188.27
3635.00 187.67
3636.00 187.42
3637.00 188.84
3638.00 190.25
3639.00 192.07
3640.00 192.32
3641.00 192.11
3642.00 191.82
3643.00 191.15
3644.00 190.88
3645.00 191.34
3646.00 192.29
3647.00 192.77
3648.00 192.56
3649.00 191.67
3650.00 190.25
3651.00 188.96
3652.00 188.19
3653.00 188.15
3654.00 189.00
3655.00 190.24
3656.00 191.12
3657.00 191.38
3658.00 191.37
3659.00 191.41
3660.00 192.96
3661.00 195.34
3662.00 197.04
3663.00 198.15
3664.00 199.34
3665.00 201.43
3666.00 205.97
3667.00 210.08
3668.00 212.18
3669.00 214.24
3670.00 216.84
3671.00 218.71
3672.00 230.49
3673.00 232.37
3674.00 232.68
3675.00 231.97
3676.00 231.99
3677.00 231.69
3678.00 231.53
3679.00 230.71
3680.00 230.46
3681.00 229.85
3682.00 229.85
3683.00 228.76
3684.00 227.76
3685.00 227.64
3686.00 227.77
3687.00 228.06
3688.00 228.24
3689.00 228.19
3690.00 228.09
3691.00 227.84
3692.00 228.57
3693.00 230.14
3694.00 230.52
3695.00 230.16
3696.00 229.85
3697.00 229.62
3698.00 232.31
3699.00 232.46
3700.00 228.67
3701.00 218.43
3702.00 210.27
3703.00 204.53
3704.00 202.02
3705.00 204.48
3706.00 208.66
3707.00 211.40
3708.00 212.91
3709.00 212.94
3710.00 212.43
3711.00 210.95
3712.00 208.67
3713.00 207.89
3714.00 207.73
3715.00 206.35
3716.00 204.95
3717.00 204.70
3718.00 205.43
3719.00 206.89
3720.00 208.07
3721.00 208.34
3722.00 209.09
3723.00 210.30
3724.00 211.20
3725.00 212.19
3726.00 211.27
3727.00 207.93
3728.00 197.40
3729.00 193.39
3730.00 184.03
3731.00 179.44
3732.00 184.70
3733.00 188.12
3734.00 194.59
3735.00 198.46
3736.00 200.18
3737.00 199.75
3738.00 197.56
3739.00 193.57
3740.00 191.01
3741.00 189.08
3742.00 186.60
3743.00 186.65
3744.00 189.02
3745.00 190.68
3746.00 192.06
3747.00 193.39
3748.00 194.15
3749.00 193.65
3750.00 192.84
3751.00 191.87
3752.00 191.43
3753.00 191.23
3754.00 191.22
3755.00 191.09
3756.00 191.08
3757.00 192.80
3758.00 195.01
3759.00 196.89
3760.00 200.75
3761.00 219.49
3762.00 223.81
3763.00 228.24
3764.00 228.87
3765.00 229.53
3766.00 228.71
3767.00 226.76
3768.00 224.22
3769.00 222.96
3770.00 223.03
3771.00 222.65
3772.00 223.43
3773.00 224.15
3774.00 225.24
3775.00 226.25
3776.00 226.83
3777.00 227.01
3778.00 227.00
3779.00 226.92
3780.00 226.78
3781.00 227.21
3782.00 227.30
3783.00 226.53
3784.00 225.26
3785.00 223.79
3786.00 222.42
3787.00 220.79
3788.00 220.69
3789.00 222.75
3790.00 226.84
3791.00 231.15
3792.00 234.17
3793.00 237.04
3794.00 236.51
3795.00 232.70
3796.00 228.20
3797.00 218.03
3798.00 211.94
3799.00 206.39
3800.00 203.73
3801.00 206.14
3802.00 208.72
3803.00 211.21
3804.00 212.76
3805.00 213.75
3806.00 212.99
3807.00 211.61
3808.00 210.84
3809.00 208.98
3810.00 207.85
3811.00 208.01
3812.00 209.69
3813.00 210.93
3814.00 211.41
3815.00 212.27
3816.00 212.49
3817.00 212.72
3818.00 214.04
3819.00 213.01
3820.00 211.94
3821.00 211.80
3822.00 215.07
3823.00 216.13
3824.00 216.41
3825.00 216.40
3826.00 214.02
3827.00 211.84
3828.00 209.79
3829.00 206.50
3830.00 197.02
3831.00 192.96
3832.00 187.01
3833.00 187.60
3834.00 189.74
3835.00 193.93
3836.00 195.46
3837.00 195.76
3838.00 195.83
3839.00 195.88
3840.00 195.39
3841.00 193.21
3842.00 192.35
3843.00 192.64
3844.00 192.97
3845.00 192.14
3846.00 191.61
3847.00 191.95
3848.00 192.22
3849.00 193.06
3850.00 194.18
3851.00 194.59
3852.00 194.45
3853.00 192.87
3854.00 190.27
3855.00 186.65
3856.00 180.54
3857.00 172.07
3858.00 164.92
3859.00 162.73
3860.00 163.77
3861.00 167.56
3862.00 171.64
3863.00 176.51
3864.00 178.68
3865.00 178.94
3866.00 178.31
3867.00 177.25
3868.00 176.19
3869.00 174.73
3870.00 173.57
3871.00 173.51
3872.00 173.41
3873.00 172.83
3874.00 172.71
3875.00 173.42
3876.00 174.40
3877.00 175.57
3878.00 176.69
3879.00 177.28
3880.00 177.39
3881.00 177.00
3882.00 175.86
3883.00 174.25
3884.00 172.41
3885.00 170.98
3886.00 166.20
3887.00 162.03
3888.00 150.02
3889.00 150.08
3890.00 141.68
3891.00 141.29
3892.00 143.99
3893.00 147.94
3894.00 152.57
3895.00 155.04
3896.00 156.08
3897.00 156.22
3898.00 155.76
3899.00 154.92
3900.00 154.02
3901.00 153.99
3902.00 154.48
3903.00 154.18
3904.00 154.08
3905.00 154.20
3906.00 154.40
3907.00 155.22
3908.00 155.74
3909.00 156.42
3910.00 156.90
3911.00 157.51
3912.00 157.58
3913.00 157.59
3914.00 156.80
3915.00 155.47
3916.00 153.19
3917.00 152.51
3918.00 153.39
3919.00 153.76
3920.00 154.05
3921.00 155.06
3922.00 156.18
3923.00 156.77
3924.00 158.15
3925.00 159.19
3926.00 160.00
3927.00 160.98
3928.00 159.46
3929.00 158.70
3930.00 158.35
3931.00 157.93
3932.00 156.98
3933.00 156.40
3934.00 156.46
3935.00 156.47
3936.00 156.60
3937.00 157.29
3938.00 157.00
3939.00 156.33
3940.00 155.84
3941.00 155.49
3942.00 156.39
3943.00 158.20
3944.00 158.53
3945.00 158.41
3946.00 158.10
3947.00 157.53
3948.00 157.40
3949.00 157.92
3950.00 158.74
3951.00 159.18
3952.00 158.58
3953.00 156.93
3954.00 153.68
3955.00 152.49
3956.00 158.00
3957.00 164.39
3958.00 170.90
3959.00 177.82
3960.00 179.45
3961.00 178.71
3962.00 177.12
3963.00 174.46
3964.00 172.85
3965.00 172.05
3966.00 172.02
3967.00 171.18
3968.00 171.41
3969.00 172.16
3970.00 172.91
3971.00 173.57
3972.00 173.65
3973.00 173.71
3974.00 173.80
3975.00 173.86
3976.00 173.91
3977.00 174.30
3978.00 174.73
3979.00 174.99
3980.00 174.86
3981.00 174.89
3982.00 174.64
3983.00 174.38
3984.00 174.43
3985.00 175.48
3986.00 175.63
3987.00 175.07
3988.00 174.19
3989.00 173.64
3990.00 174.08
3991.00 174.64
3992.00 174.89
3993.00 175.13
3994.00 174.80
3995.00 174.62
3996.00 174.96
3997.00 175.72
3998.00 175.77
3999.00 175.73
4000.00 175.65
4001.00 175.21
4002.00 174.44
4003.00 173.93
4004.00 173.44
4005.00 174.45
4006.00 175.07
4007.00 175.13
4008.00 174.99
4009.00 174.07
4010.00 173.26
4011.00 173.03
4012.00 172.33
4013.00 171.87
4014.00 170.74
4015.00 169.60
4016.00 167.74
4017.00 165.89
4018.00 163.76
4019.00 0.00
4020.00 0.00
4021.00 0.00
4022.00 0.00
4023.00 0.00
4024.00 0.00
4025.00 0.00
4026.00 0.00
4027.00 0.00
4028.00 0.00
4029.00 0.00
4030.00 0.00
4031.00 0.00
4032.00 0.00
4033.00 0.00
4034.00 0.00
4035.00 0.00
4036.00 0.00
4037.00 0.00
4038.00 0.00
4039.00 0.00
4040.00 0.00
4041.00 0.00
4042.00 0.00
4043.00 0.00
4044.00 0.00
4045.00 0.00
4046.00 0.00
4047.00 0.00
4048.00 0.00
4049.00 0.00
4050.00 0.00
4051.00 0.00
4052.00 0.00
4053.00 0.00
4054.00 0.00
4055.00 0.00
4056.00 0.00
4057.00 0.00
4058.00 0.00
4059.00 0.00
4060.00 0.00
4061.00 0.00
4062.00 0.00
4063.00 0.00
4064.00 0.00
4065.00 0.00
4066.00 0.00
4067.00 0.00
4068.00 0.00
4069.00 0.00
4070.00 0.00
4071.00 0.00
4072.00 0.00
4073.00 0.00
4074.00 0.00
4075.00 0.00
4076.00 0.00
4077.00 124.05
4078.00 122.82
4079.00 140.38
4080.00 140.64
4081.00 144.83
4082.00 149.35
4083.00 153.05
4084.00 159.00
4085.00 164.31
4086.00 168.88
4087.00 172.78
4088.00 176.32
4089.00 179.88
4090.00 182.55
4091.00 183.84
4092.00 184.26
4093.00 184.93
4094.00 186.30
4095.00 187.39
4096.00 187.60
4097.00 186.82
4098.00 185.81
4099.00 185.55
4100.00 187.04
4101.00 190.46
4102.00 194.28
4103.00 196.46
4104.00 196.14
4105.00 194.33
4106.00 191.46
4107.00 189.67
4108.00 188.73
4109.00 189.32
4110.00 189.90
4111.00 190.14
4112.00 190.83
4113.00 191.31
4114.00 191.96
4115.00 193.29
4116.00 194.33
4117.00 194.47
4118.00 194.43
4119.00 194.17
4120.00 193.91
4121.00 193.18
4122.00 192.28
4123.00 190.96
4124.00 190.92
4125.00 190.67
4126.00 191.84
4127.00 192.51
4128.00 192.55
4129.00 193.24
4130.00 194.38
4131.00 194.89
4132.00 194.87
4133.00 193.89
4134.00 193.77
4135.00 195.60
4136.00 199.50
4137.00 199.86
4138.00 201.42
4139.00 202.30
4140.00 203.30
4141.00 201.89
4142.00 205.96
4143.00 211.58
4144.00 222.95
4145.00 230.11
4146.00 230.63
4147.00 228.21
4148.00 224.41
4149.00 218.41
4150.00 210.97
4151.00 207.74
4152.00 207.31
4153.00 207.91
4154.00 209.66
4155.00 211.24
4156.00 212.94
4157.00 215.65
4158.00 217.50
4159.00 218.33
4160.00 218.72
4161.00 218.85
4162.00 219.25
4163.00 218.45
4164.00 217.95
4165.00 216.55
4166.00 215.21
4167.00 213.86
4168.00 212.77
4169.00 211.71
4170.00 211.41
4171.00 212.09
4172.00 212.89
4173.00 214.19
4174.00 215.24
4175.00 215.96
4176.00 216.51
4177.00 216.65
4178.00 216.09
4179.00 215.20
4180.00 214.76
4181.00 214.03
4182.00 212.77
4183.00 212.65
4184.00 212.43
4185.00 212.02
4186.00 212.86
4187.00 214.23
4188.00 215.97
4189.00 217.67
4190.00 218.40
4191.00 218.23
4192.00 216.67
4193.00 215.49
4194.00 214.46
4195.00 213.68
4196.00 214.09
4197.00 213.94
4198.00 213.76
4199.00 213.38
4200.00 213.06
4201.00 213.65
4202.00 214.55
4203.00 215.29
4204.00 215.85
4205.00 216.84
4206.00 218.46
4207.00 220.64
4208.00 223.76
4209.00 228.42
4210.00 232.51
4211.00 235.60
4212.00 237.06
4213.00 236.88
4214.00 235.01
4215.00 233.19
4216.00 230.23
4217.00 229.65
4218.00 229.48
4219.00 229.10
4220.00 229.86
4221.00 230.59
4222.00 231.10
4223.00 231.29
4224.00 230.82
4225.00 230.72
4226.00 230.67
4227.00 230.46
4228.00 230.40
4229.00 230.56
4230.00 230.62
4231.00 229.53
4232.00 230.06
4233.00 231.23
4234.00 231.41
4235.00 231.31
4236.00 231.54
4237.00 231.73
4238.00 232.25
4239.00 232.14
4240.00 232.43
4241.00 233.22
4242.00 233.69
4243.00 233.28
4244.00 232.17
4245.00 229.98
4246.00 221.80
4247.00 215.20
4248.00 211.73
4249.00 209.80
4250.00 210.96
4251.00 212.14
4252.00 214.09
4253.00 215.97
4254.00 216.87
4255.00 217.40
4256.00 217.78
4257.00 217.31
4258.00 217.19
4259.00 216.23
4260.00 215.38
4261.00 214.66
4262.00 213.93
4263.00 213.71
4264.00 213.62
4265.00 213.96
4266.00 213.87
4267.00 213.61
4268.00 214.17
4269.00 215.88
4270.00 216.74
4271.00 216.49
4272.00 216.11
4273.00 213.81
4274.00 203.61
4275.00 213.67
4276.00 215.22
4277.00 206.36
4278.00 196.69
4279.00 191.65
4280.00 184.43
4281.00 183.35
4282.00 184.54
4283.00 187.49
4284.00 191.82
4285.00 195.54
4286.00 197.10
4287.00 196.67
4288.00 196.01
4289.00 194.63
4290.00 194.62
4291.00 194.61
4292.00 194.51
4293.00 193.59
4294.00 193.55
4295.00 193.56
4296.00 193.76
4297.00 193.92
4298.00 193.72
4299.00 194.46
4300.00 194.95
4301.00 194.09
4302.00 194.07
4303.00 193.96
4304.00 194.03
4305.00 193.63
4306.00 192.98
4307.00 191.83
4308.00 191.10
4309.00 189.70
4310.00 191.01
4311.00 192.58
4312.00 195.05
4313.00 196.04
4314.00 196.16
4315.00 196.13
4316.00 196.64
4317.00 196.21
4318.00 195.04
4319.00 194.60
4320.00 193.62
4321.00 193.07
4322.00 193.35
4323.00 194.18
4324.00 194.92
4325.00 195.83
4326.00 195.86
4327.00 195.66
4328.00 195.48
4329.00 195.58
4330.00 195.79
4331.00 195.97
4332.00 195.12
4333.00 193.69
4334.00 193.00
4335.00 192.36
4336.00 191.52
4337.00 191.54
4338.00 193.71
4339.00 196.18
4340.00 201.15
4341.00 215.02
4342.00 218.46
4343.00 218.31
4344.00 207.09
4345.00 205.39
4346.00 208.28
4347.00 200.08
4348.00 197.45
4349.00 197.35
4350.00 198.46
4351.00 202.37
4352.00 208.26
4353.00 211.86
4354.00 214.38
4355.00 216.49
4356.00 218.62
4357.00 217.89
4358.00 216.85
4359.00 216.07
4360.00 214.71
4361.00 213.86
4362.00 212.50
4363.00 213.09
4364.00 213.66
4365.00 214.66
4366.00 214.75
4367.00 215.07
4368.00 214.90
4369.00 212.99
4370.00 212.51
4371.00 211.83
4372.00 212.05
4373.00 212.24
4374.00 212.35
4375.00 213.36
4376.00 214.40
4377.00 214.61
4378.00 213.71
4379.00 214.33
4380.00 216.21
4381.00 217.15
4382.00 217.02
4383.00 215.57
4384.00 213.75
4385.00 212.33
4386.00 211.68
4387.00 211.56
4388.00 211.32
4389.00 210.91
4390.00 212.12
4391.00 214.33
4392.00 215.40
4393.00 216.58
4394.00 217.51
4395.00 218.28
4396.00 218.60
4397.00 218.38
4398.00 216.30
4399.00 215.03
4400.00 213.30
4401.00 211.64
4402.00 210.88
4403.00 210.88
4404.00 211.21
4405.00 211.15
4406.00 210.92
4407.00 211.21
4408.00 210.84
4409.00 210.12
4410.00 211.47
4411.00 204.68
4412.00 216.63
4413.00 218.29
4414.00 222.85
4415.00 229.34
4416.00 232.46
4417.00 235.42
4418.00 236.81
4419.00 236.35
4420.00 235.53
4421.00 234.15
4422.00 233.05
4423.00 232.92
4424.00 233.28
4425.00 233.65
4426.00 234.33
4427.00 235.20
4428.00 236.18
4429.00 237.08
4430.00 236.85
4431.00 236.70
4432.00 236.63
4433.00 236.15
4434.00 235.30
4435.00 234.19
4436.00 234.05
4437.00 234.71
4438.00 234.86
4439.00 235.09
4440.00 235.75
4441.00 236.32
4442.00 237.05
4443.00 237.04
4444.00 237.49
4445.00 238.27
4446.00 237.41
4447.00 235.59
4448.00 234.28
4449.00 234.29
4450.00 234.51
4451.00 235.00
4452.00 234.81
4453.00 234.88
4454.00 235.48
4455.00 236.14
4456.00 236.71
4457.00 236.96
4458.00 237.11
4459.00 236.82
4460.00 236.78
4461.00 236.95
4462.00 237.81
4463.00 237.40
4464.00 236.69
4465.00 236.54
4466.00 236.54
4467.00 236.59
4468.00 236.60
4469.00 236.30
4470.00 236.63
4471.00 236.81
4472.00 237.08
4473.00 237.17
4474.00 237.47
4475.00 238.08
4476.00 238.58
4477.00 237.85
4478.00 236.10
4479.00 236.51
4480.00 240.84
4481.00 250.18
4482.00 255.90
4483.00 258.91
4484.00 259.91
4485.00 260.27
4486.00 259.41
4487.00 259.42
4488.00 257.06
4489.00 256.04
4490.00 256.05
4491.00 256.60
4492.00 256.51
4493.00 257.13
4494.00 257.89
4495.00 259.13
4496.00 260.35
4497.00 260.71
4498.00 260.42
4499.00 260.07
4500.00 259.61
4501.00 259.95
4502.00 259.88
4503.00 260.43
4504.00 261.01
4505.00 261.15
4506.00 261.27
4507.00 260.58
4508.00 260.41
4509.00 260.25
4510.00 259.79
4511.00 259.22
4512.00 259.46
4513.00 259.95
4514.00 259.82
4515.00 259.26
4516.00 258.90
4517.00 259.02
4518.00 258.65
4519.00 258.45
4520.00 259.45
4521.00 260.22
4522.00 260.56
4523.00 260.57
4524.00 260.02
4525.00 260.44
4526.00 261.14
4527.00 261.46
4528.00 262.76
4529.00 263.54
4530.00 262.72
4531.00 262.26
4532.00 260.77
4533.00 260.83
4534.00 261.20
4535.00 261.72
4536.00 261.52
4537.00 261.69
4538.00 264.51
4539.00 272.36
4540.00 281.85
4541.00 288.34
4542.00 291.88
4543.00 292.68
4544.00 292.02
4545.00 290.59
4546.00 288.53
4547.00 286.98
4548.00 286.58
4549.00 285.11
4550.00 283.64
4551.00 283.73
4552.00 284.16
4553.00 285.35
4554.00 287.52
4555.00 289.56
4556.00 290.00
4557.00 288.48
4558.00 282.33
4559.00 274.70
4560.00 262.77
4561.00 0.00
4562.00 0.00
4563.00 0.00
4564.00 0.00
4565.00 0.00
4566.00 0.00
4567.00 0.00
4568.00 0.00
4569.00 0.00
4570.00 0.00
4571.00 0.00
4572.00 0.00
4573.00 0.00
4574.00 0.00
4575.00 0.00
4576.00 0.00
4577.00 0.00
4578.00 0.00
4579.00 0.00
4580.00 0.00
4581.00 0.00
4582.00 0.00
4583.00 0.00
4584.00 0.00
4585.00 0.00
4586.00 0.00
4587.00 0.00
4588.00 0.00
4589.00 0.00
4590.00 0.00
4591.00 0.00
4592.00 0.00
4593.00 0.00
4594.00 0.00
4595.00 0.00
4596.00 0.00
4597.00 0.00
4598.00 296.61
4599.00 286.86
4600.00 295.57
4601.00 290.32
4602.00 300.68
4603.00 314.70
4604.00 323.25
4605.00 326.89
4606.00 327.31
4607.00 326.02
4608.00 324.12
4609.00 322.03
4610.00 319.61
4611.00 318.65
4612.00 317.95
4613.00 317.46
4614.00 317.28
4615.00 316.82
4616.00 316.69
4617.00 316.62
4618.00 316.81
4619.00 317.17
4620.00 317.39
4621.00 317.79
4622.00 318.14
4623.00 317.77
4624.00 317.42
4625.00 317.54
4626.00 318.93
4627.00 320.19
4628.00 320.85
4629.00 320.05
4630.00 319.07
4631.00 319.15
4632.00 319.66
4633.00 320.08
4634.00 320.34
4635.00 320.61
4636.00 320.44
4637.00 320.27
4638.00 320.53
4639.00 320.23
4640.00 319.86
4641.00 320.91
4642.00 321.62
4643.00 321.65
4644.00 321.13
4645.00 320.14
4646.00 320.07
4647.00 320.72
4648.00 321.56
4649.00 321.85
4650.00 321.69
4651.00 321.49
4652.00 321.42
4653.00 321.25
4654.00 321.72
4655.00 322.80
4656.00 323.72
4657.00 323.37
4658.00 322.95
4659.00 322.09
4660.00 320.99
4661.00 320.76
4662.00 321.65
4663.00 321.91
4664.00 321.28
4665.00 320.86
4666.00 320.92
4667.00 320.17
4668.00 319.95
4669.00 320.45
4670.00 320.68
4671.00 321.43
4672.00 321.55
4673.00 320.54
4674.00 320.23
4675.00 319.23
4676.00 319.22
4677.00 319.65
4678.00 319.52
4679.00 319.37
4680.00 320.06
4681.00 320.63
4682.00 320.93
4683.00 320.55
4684.00 319.61
4685.00 319.54
4686.00 319.73
4687.00 319.63
4688.00 319.50
4689.00 319.41
4690.00 318.75
4691.00 318.56
4692.00 318.76
4693.00 319.14
4694.00 319.32
4695.00 319.50
4696.00 319.56
4697.00 319.44
4698.00 319.44
4699.00 319.53
4700.00 319.36
4701.00 320.24
4702.00 321.03
4703.00 320.69
4704.00 320.08
4705.00 318.99
4706.00 318.38
4707.00 317.99
4708.00 318.06
4709.00 318.38
4710.00 318.75
4711.00 318.70
4712.00 319.34
4713.00 319.99
4714.00 320.44
4715.00 320.79
4716.00 320.40
4717.00 320.49
4718.00 320.81
4719.00 320.73
4720.00 320.56
4721.00 320.30
4722.00 318.21
4723.00 312.65
4724.00 310.06
4725.00 312.92
4726.00 312.60
4727.00 308.33
4728.00 303.57
4729.00 291.69
4730.00 255.81
4731.00 263.16
4732.00 261.28
4733.00 261.72
4734.00 270.51
4735.00 266.87
4736.00 254.40
4737.00 252.90
4738.00 253.89
4739.00 255.21
4740.00 255.81
4741.00 256.34
4742.00 256.17
4743.00 256.17
4744.00 256.13
4745.00 256.11
4746.00 256.68
4747.00 256.61
4748.00 255.84
4749.00 255.57
4750.00 254.72
4751.00 254.81
4752.00 253.06
4753.00 254.20
4754.00 256.29
4755.00 255.98
4756.00 256.47
4757.00 255.50
4758.00 253.09
4759.00 251.32
4760.00 249.98
4761.00 245.74
4762.00 238.17
4763.00 235.46
4764.00 228.17
4765.00 229.76
4766.00 232.24
4767.00 234.72
4768.00 235.89
4769.00 235.45
4770.00 233.38
4771.00 231.87
4772.00 231.04
4773.00 231.00
4774.00 230.74
4775.00 231.04
4776.00 230.94
4777.00 231.29
4778.00 231.97
4779.00 233.36
4780.00 232.63
4781.00 232.65
4782.00 231.53
4783.00 231.73
4784.00 232.68
4785.00 233.45
4786.00 233.39
4787.00 232.09
4788.00 230.12
4789.00 227.57
4790.00 223.32
4791.00 218.57
4792.00 213.88
4793.00 213.47
4794.00 218.92
4795.00 222.35
4796.00 223.18
4797.00 221.87
4798.00 219.66
4799.00 215.56
4800.00 209.50
4801.00 206.67
4802.00 203.69
4803.00 202.15
4804.00 200.20
4805.00 198.52
4806.00 195.87
4807.00 194.09
4808.00 194.12
4809.00 192.83
4810.00 191.93
4811.00 191.70
4812.00 192.34
4813.00 190.00
4814.00 189.03
4815.00 187.23
4816.00 184.62
4817.00 183.94
4818.00 180.55
4819.00 179.20
4820.00 177.94
4821.00 175.04
4822.00 173.43
4823.00 173.66
4824.00 166.04
4825.00 172.62
4826.00 177.49
4827.00 181.02
4828.00 184.16
4829.00 185.94
4830.00 185.97
4831.00 183.51
4832.00 183.69
4833.00 179.00
4834.00 181.69
4835.00 177.13
4836.00 178.74
4837.00 178.61
4838.00 180.59
4839.00 181.51
4840.00 182.13
4841.00 185.10
4842.00 186.17
4843.00 185.13
4844.00 187.51
4845.00 187.15
4846.00 185.64
4847.00 184.68
4848.00 184.04
4849.00 183.56
4850.00 182.25
4851.00 180.46
4852.00 187.11
4853.00 197.37
4854.00 206.91
4855.00 211.39
4856.00 212.72
4857.00 196.58
4858.00 203.42
4859.00 207.02
4860.00 203.74
4861.00 197.23
4862.00 195.38
4863.00 195.13
4864.00 195.45
4865.00 196.98
4866.00 197.99
4867.00 198.96
4868.00 199.02
4869.00 199.49
4870.00 201.26
4871.00 202.08
4872.00 202.19
4873.00 201.55
4874.00 198.45
4875.00 196.41
4876.00 194.71
4877.00 193.55
4878.00 192.52
4879.00 191.44
4880.00 192.19
4881.00 191.95
4882.00 194.02
4883.00 193.52
4884.00 195.70
4885.00 196.90
4886.00 197.80
4887.00 196.49
4888.00 196.17
4889.00 195.88
4890.00 199.82
4891.00 207.62
4892.00 213.66
4893.00 219.00
4894.00 218.00
4895.00 214.57
4896.00 212.70
4897.00 211.28
4898.00 211.41
4899.00 212.58
4900.00 211.91
4901.00 212.07
4902.00 210.68
4903.00 211.26
4904.00 212.06
4905.00 212.28
4906.00 211.68
4907.00 209.93
4908.00 210.81
4909.00 212.17
4910.00 215.19
4911.00 216.12
4912.00 214.66
4913.00 214.05
4914.00 214.19
4915.00 213.02
4916.00 210.81
4917.00 207.77
4918.00 203.34
4919.00 204.60
4920.00 210.05
4921.00 222.32
4922.00 233.35
4923.00 234.85
4924.00 234.41
4925.00 233.64
4926.00 231.13
4927.00 230.47
4928.00 229.39
4929.00 229.90
4930.00 230.86
4931.00 231.42
4932.00 231.41
4933.00 232.30
4934.00 232.49
4935.00 232.56
4936.00 233.16
4937.00 233.56
4938.00 233.47
4939.00 232.71
4940.00 232.31
4941.00 231.80
4942.00 231.28
4943.00 231.74
4944.00 232.35
4945.00 232.64
4946.00 231.86
4947.00 230.11
4948.00 229.53
4949.00 236.28
4950.00 248.49
4951.00 256.19
4952.00 263.41
4953.00 263.85
4954.00 262.47
4955.00 259.22
4956.00 257.40
4957.00 255.87
4958.00 254.35
4959.00 253.42
4960.00 252.72
4961.00 252.76
4962.00 252.94
4963.00 253.23
4964.00 253.45
4965.00 253.36
4966.00 253.26
4967.00 253.13
4968.00 254.15
4969.00 256.99
4970.00 258.80
4971.00 260.00
4972.00 259.23
4973.00 258.12
4974.00 258.48
4975.00 259.47
4976.00 260.82
4977.00 262.28
4978.00 261.97
4979.00 261.31
4980.00 259.46
4981.00 251.97
4982.00 236.73
4983.00 211.74
4984.00 206.31
4985.00 198.78
4986.00 201.24
4987.00 204.84
4988.00 207.38
4989.00 209.92
4990.00 211.83
4991.00 212.83
4992.00 211.93
4993.00 210.57
4994.00 210.11
4995.00 210.32
4996.00 210.87
4997.00 211.52
4998.00 211.92
4999.00 213.41
5000.00 215.47
5001.00 216.08
5002.00 216.27
5003.00 216.00
5004.00 215.97
5005.00 215.74
5006.00 215.65
5007.00 215.42
5008.00 214.49
5009.00 212.79
5010.00 211.07
5011.00 210.14
5012.00 210.31
5013.00 211.51
5014.00 213.45
5015.00 215.13
5016.00 215.01
5017.00 214.39
5018.00 214.13
5019.00 214.35
5020.00 214.39
5021.00 214.49
5022.00 214.80
5023.00 214.17
5024.00 213.17
5025.00 212.04
5026.00 211.78
5027.00 211.75
5028.00 211.85
5029.00 212.53
5030.00 212.98
5031.00 212.79
5032.00 212.43
5033.00 212.07
5034.00 212.14
5035.00 211.79
5036.00 213.46
5037.00 214.92
5038.00 215.03
5039.00 215.21
5040.00 216.36
5041.00 217.75
5042.00 219.04
5043.00 222.07
5044.00 222.90
5045.00 222.74
5046.00 221.15
5047.00 219.82
5048.00 216.06
5049.00 212.74
5050.00 210.44
5051.00 209.26
5052.00 209.24
5053.00 209.20
5054.00 208.98
5055.00 209.33
5056.00 210.44
5057.00 212.76
5058.00 214.42
5059.00 215.23
5060.00 216.17
5061.00 216.83
5062.00 217.19
5063.00 217.47
5064.00 218.04
5065.00 218.29
5066.00 215.11
5067.00 208.43
5068.00 0.00
5069.00 0.00
5070.00 0.00
5071.00 0.00
5072.00 0.00
5073.00 0.00
5074.00 0.00
5075.00 0.00
5076.00 0.00
5077.00 0.00
5078.00 0.00
5079.00 0.00
5080.00 0.00
5081.00 0.00
5082.00 0.00
5083.00 0.00
5084.00 0.00
5085.00 0.00
5086.00 0.00
5087.00 0.00
5088.00 0.00
5089.00 0.00
5090.00 0.00
5091.00 0.00
5092.00 0.00
5093.00 0.00
5094.00 0.00
5095.00 0.00
5096.00 0.00
5097.00 0.00
5098.00 0.00
5099.00 0.00
5100.00 0.00
5101.00 0.00
5102.00 0.00
5103.00 0.00
5104.00 0.00
5105.00 0.00
5106.00 0.00
5107.00 0.00
5108.00 0.00
5109.00 0.00
5110.00 0.00
5111.00 0.00
5112.00 0.00
5113.00 0.00
5114.00 0.00
5115.00 0.00
5116.00 233.96
5117.00 245.33
5118.00 246.58
5119.00 244.89
5120.00 241.84
5121.00 239.18
5122.00 236.13
5123.00 235.42
5124.00 237.08
5125.00 239.66
5126.00 240.43
5127.00 240.03
5128.00 239.58
5129.00 238.48
5130.00 237.26
5131.00 235.84
5132.00 234.34
5133.00 233.34
5134.00 232.67
5135.00 232.45
5136.00 232.13
5137.00 232.46
5138.00 233.40
5139.00 234.11
5140.00 233.27
5141.00 232.45
5142.00 232.07
5143.00 232.22
5144.00 233.30
5145.00 234.84
5146.00 235.03
5147.00 234.55
5148.00 233.95
5149.00 233.37
5150.00 232.81
5151.00 232.23
5152.00 232.30
5153.00 232.30
5154.00 232.49
5155.00 232.62
5156.00 232.74
5157.00 232.92
5158.00 232.88
5159.00 232.98
5160.00 233.33
5161.00 233.77
5162.00 234.20
5163.00 234.37
5164.00 234.11
5165.00 233.99
5166.00 233.89
5167.00 233.23
5168.00 233.44
5169.00 234.55
5170.00 235.19
5171.00 234.77
5172.00 234.38
5173.00 234.52
5174.00 233.94
5175.00 233.16
5176.00 232.04
5177.00 232.21
5178.00 233.37
5179.00 234.46
5180.00 234.68
5181.00 234.60
5182.00 234.65
5183.00 234.43
5184.00 233.55
5185.00 233.12
5186.00 233.17
5187.00 233.14
5188.00 234.11
5189.00 235.26
5190.00 235.92
5191.00 235.85
5192.00 235.62
5193.00 234.38
5194.00 233.68
5195.00 232.64
5196.00 232.36
5197.00 232.48
5198.00 232.81
5199.00 233.08
5200.00 232.82
5201.00 232.33
5202.00 233.13
5203.00 234.77
5204.00 235.85
5205.00 235.83
5206.00 235.60
5207.00 235.94
5208.00 237.23
5209.00 236.77
5210.00 236.12
5211.00 235.11
5212.00 233.78
5213.00 233.12
5214.00 233.06
5215.00 233.32
5216.00 233.48
5217.00 233.96
5218.00 234.52
5219.00 235.22
5220.00 235.63
5221.00 236.41
5222.00 236.66
5223.00 236.50
5224.00 237.09
5225.00 236.28
5226.00 234.92
5227.00 232.61
5228.00 230.70
5229.00 229.77
5230.00 229.84
5231.00 230.41
5232.00 231.65
5233.00 233.02
5234.00 234.25
5235.00 235.29
5236.00 235.92
5237.00 236.30
5238.00 234.87
5239.00 233.08
5240.00 233.75
5241.00 233.84
5242.00 234.12
5243.00 235.78
5244.00 238.65
5245.00 239.51
5246.00 240.14
5247.00 232.75
5248.00 227.99
5249.00 230.57
5250.00 241.80
5251.00 253.26
5252.00 261.68
5253.00 270.80
5254.00 280.23
5255.00 288.08
5256.00 292.79
5257.00 295.74
5258.00 295.87
5259.00 295.07
5260.00 293.15
5261.00 290.42
5262.00 290.05
5263.00 288.82
5264.00 288.29
5265.00 288.33
5266.00 289.05
5267.00 289.81
5268.00 290.96
5269.00 291.24
5270.00 291.14
5271.00 290.35
5272.00 289.96
5273.00 289.67
5274.00 289.34
5275.00 288.43
5276.00 287.96
5277.00 287.70
5278.00 287.92
5279.00 288.36
5280.00 288.92
5281.00 289.78
5282.00 290.09
5283.00 290.03
5284.00 289.61
5285.00 289.50
5286.00 289.26
5287.00 288.67
5288.00 288.66
5289.00 288.57
5290.00 287.99
5291.00 287.83
5292.00 288.41
5293.00 289.40
5294.00 290.27
5295.00 290.67
5296.00 290.04
5297.00 289.41
5298.00 289.18
5299.00 288.65
5300.00 287.96
5301.00 287.96
5302.00 287.89
5303.00 288.23
5304.00 288.20
5305.00 288.50
5306.00 289.30
5307.00 289.91
5308.00 290.48
5309.00 290.72
5310.00 289.83
5311.00 289.39
5312.00 288.87
5313.00 289.35
5314.00 290.36
5315.00 291.18
5316.00 291.58
5317.00 291.99
5318.00 291.76
5319.00 291.32
5320.00 291.51
5321.00 290.76
5322.00 290.39
5323.00 290.17
5324.00 289.93
5325.00 290.13
5326.00 290.83
5327.00 291.28
5328.00 290.07
5329.00 289.85
5330.00 289.95
5331.00 290.57
5332.00 290.79
5333.00 290.81
5334.00 290.08
5335.00 288.88
5336.00 288.20
5337.00 288.13
5338.00 288.54
5339.00 288.87
5340.00 289.39
5341.00 288.47
5342.00 288.25
5343.00 288.63
5344.00 288.27
5345.00 288.34
5346.00 288.97
5347.00 289.90
5348.00 290.42
5349.00 290.18
5350.00 289.78
5351.00 289.41
5352.00 289.93
5353.00 290.37
5354.00 289.94
5355.00 289.41
5356.00 289.12
5357.00 288.66
5358.00 288.57
5359.00 288.75
5360.00 289.24
5361.00 289.12
5362.00 289.49
5363.00 289.93
5364.00 290.67
5365.00 291.46
5366.00 290.42
5367.00 290.50
5368.00 290.91
5369.00 290.74
5370.00 288.26
5371.00 285.59
5372.00 280.85
5373.00 273.80
5374.00 257.22
5375.00 255.82
5376.00 236.55
5377.00 241.18
5378.00 247.49
5379.00 251.51
5380.00 256.53
5381.00 260.79
5382.00 261.68
5383.00 261.75
5384.00 261.86
5385.00 262.15
5386.00 261.63
5387.00 260.26
5388.00 259.84
5389.00 259.14
5390.00 259.13
5391.00 259.45
5392.00 259.69
5393.00 259.94
5394.00 260.38
5395.00 260.81
5396.00 262.16
5397.00 262.53
5398.00 262.92
5399.00 262.43
5400.00 261.96
5401.00 262.60
5402.00 262.43
5403.00 262.38
5404.00 262.44
5405.00 262.34
5406.00 262.43
5407.00 263.00
5408.00 263.42
5409.00 263.64
5410.00 263.70
5411.00 263.77
5412.00 263.44
5413.00 263.02
5414.00 262.69
5415.00 262.94
5416.00 263.21
5417.00 262.55
5418.00 262.24
5419.00 262.28
5420.00 262.56
5421.00 262.54
5422.00 262.56
5423.00 262.46
5424.00 261.97
5425.00 262.53
5426.00 262.84
5427.00 262.25
5428.00 262.01
5429.00 262.13
5430.00 262.95
5431.00 262.77
5432.00 262.56
5433.00 262.66
5434.00 262.12
5435.00 261.61
5436.00 261.54
5437.00 262.00
5438.00 262.25
5439.00 262.07
5440.00 262.51
5441.00 262.76
5442.00 263.18
5443.00 262.77
5444.00 262.66
5445.00 263.42
5446.00 264.03
5447.00 264.05
5448.00 264.28
5449.00 263.87
5450.00 263.64
5451.00 262.89
5452.00 262.42
5453.00 262.24
5454.00 262.55
5455.00 263.20
5456.00 263.58
5457.00 263.64
5458.00 263.64
5459.00 263.28
5460.00 262.96
5461.00 262.91
5462.00 263.07
5463.00 263.22
5464.00 263.58
5465.00 262.87
5466.00 262.53
5467.00 262.14
5468.00 262.28
5469.00 262.58
5470.00 262.70
5471.00 262.80
5472.00 262.86
5473.00 262.78
5474.00 262.76
5475.00 262.79
5476.00 263.20
5477.00 263.26
5478.00 263.23
5479.00 262.72
5480.00 262.37
5481.00 262.46
5482.00 262.53
5483.00 262.83
5484.00 262.27
5485.00 261.25
5486.00 261.18
5487.00 262.08
5488.00 262.40
5489.00 262.82
5490.00 262.62
5491.00 262.64
5492.00 262.84
5493.00 263.03
5494.00 262.93
5495.00 262.76
5496.00 263.07
5497.00 263.29
5498.00 262.77
5499.00 262.58
5500.00 262.92
5501.00 263.11
5502.00 262.95
5503.00 263.19
5504.00 263.47
5505.00 263.32
5506.00 262.91
5507.00 262.46
5508.00 262.36
5509.00 262.73
5510.00 262.70
5511.00 262.67
5512.00 263.11
5513.00 263.35
5514.00 262.85
5515.00 262.39
5516.00 262.57
5517.00 262.68
5518.00 262.91
5519.00 263.51
5520.00 263.30
5521.00 263.64
5522.00 263.56
5523.00 263.32
5524.00 262.79
5525.00 262.73
5526.00 262.59
5527.00 262.40
5528.00 262.68
5529.00 262.47
5530.00 262.35
5531.00 262.66
5532.00 262.46
5533.00 262.63
5534.00 263.12
5535.00 263.39
5536.00 263.03
5537.00 262.70
5538.00 262.76
5539.00 262.69
5540.00 262.88
5541.00 263.31
5542.00 263.41
5543.00 263.31
5544.00 263.15
5545.00 262.71
5546.00 262.90
5547.00 263.53
5548.00 263.61
5549.00 263.48
5550.00 263.64
5551.00 263.89
5552.00 263.83
5553.00 263.57
5554.00 264.59
5555.00 264.60
5556.00 264.66
5557.00 264.37
5558.00 264.13
5559.00 264.13
5560.00 264.12
5561.00 263.97
5562.00 263.99
5563.00 264.06
5564.00 264.03
5565.00 264.04
5566.00 264.42
5567.00 264.40
5568.00 264.46
5569.00 264.01
5570.00 263.55
5571.00 263.71
5572.00 263.79
5573.00 263.92
5574.00 263.17
5575.00 262.61
5576.00 262.60
5577.00 262.49
5578.00 262.28
5579.00 262.32
5580.00 262.65
5581.00 262.71
5582.00 263.31
5583.00 263.28
5584.00 263.06
5585.00 263.03
5586.00 262.80
5587.00 262.45
5588.00 262.43
5589.00 262.54
5590.00 262.72
5591.00 262.70
5592.00 262.95
5593.00 263.44
5594.00 263.86
5595.00 264.00
5596.00 263.69
5597.00 262.85
5598.00 262.78
5599.00 262.79
5600.00 262.49
5601.00 262.34
5602.00 263.04
5603.00 263.75
5604.00 263.88
5605.00 263.65
5606.00 263.13
5607.00 262.79
5608.00 262.80
5609.00 262.95
5610.00 263.11
5611.00 263.66
5612.00 263.77
5613.00 263.06
5614.00 262.95
5615.00 262.87
5616.00 262.75
5617.00 262.79
5618.00 262.78
5619.00 262.69
5620.00 262.48
5621.00 262.73
5622.00 262.38
5623.00 262.24
5624.00 262.72
5625.00 262.86
5626.00 263.26
5627.00 263.57
5628.00 263.67
5629.00 263.76
5630.00 263.83
5631.00 263.75
5632.00 263.46
5633.00 262.64
5634.00 262.54
5635.00 263.21
5636.00 263.82
5637.00 264.42
5638.00 264.53
5639.00 263.89
5640.00 263.55
5641.00 262.62
5642.00 262.19
5643.00 262.13
5644.00 261.94
5645.00 262.30
5646.00 262.92
5647.00 263.43
5648.00 263.60
5649.00 262.62
5650.00 262.34
5651.00 266.69
5652.00 265.13
5653.00 265.23
5654.00 271.73
5655.00 265.98
5656.00 0.00
5657.00 0.00
5658.00 0.00
5659.00 0.00
5660.00 0.00
5661.00 0.00
5662.00 0.00
5663.00 0.00
5664.00 0.00
5665.00 0.00
5666.00 0.00
5667.00 0.00
5668.00 0.00
5669.00 0.00
5670.00 0.00
5671.00 0.00
5672.00 0.00
5673.00 0.00
5674.00 0.00
5675.00 0.00
5676.00 0.00
5677.00 0.00
5678.00 0.00
5679.00 0.00
5680.00 0.00
5681.00 0.00
5682.00 0.00
5683.00 0.00
5684.00 0.00
5685.00 0.00
5686.00 0.00
5687.00 0.00
5688.00 0.00
5689.00 0.00
5690.00 0.00
5691.00 0.00
5692.00 0.00
5693.00 0.00
5694.00 0.00
5695.00 0.00
5696.00 0.00
5697.00 0.00
5698.00 0.00
5699.00 0.00
5700.00 0.00
5701.00 0.00
5702.00 0.00
5703.00 0.00
5704.00 0.00
5705.00 0.00
5706.00 0.00
5707.00 0.00
5708.00 0.00
5709.00 0.00
5710.00 0.00
5711.00 0.00
5712.00 0.00
5713.00 0.00
5714.00 0.00
5715.00 0.00
5716.00 0.00
5717.00 0.00
5718.00 0.00
5719.00 0.00
5720.00 0.00
5721.00 0.00
5722.00 0.00
5723.00 0.00
5724.00 0.00
5725.00 0.00
5726.00 0.00
5727.00 0.00
5728.00 0.00
5729.00 0.00
5730.00 0.00
5731.00 0.00
5732.00 0.00
5733.00 0.00
5734.00 0.00
5735.00 0.00
5736.00 0.00
5737.00 0.00
5738.00 0.00
5739.00 0.00
5740.00 0.00
5741.00 0.00
5742.00 0.00
5743.00 0.00
5744.00 0.00
5745.00 0.00
5746.00 0.00
5747.00 0.00
5748.00 0.00
5749.00 0.00
5750.00 0.00
5751.00 0.00
5752.00 0.00
5753.00 0.00
5754.00 0.00
5755.00 0.00
5756.00 0.00
5757.00 0.00
5758.00 0.00
5759.00 0.00
5760.00 0.00
5761.00 0.00
5762.00 0.00
5763.00 0.00
5764.00 0.00
5765.00 0.00
5766.00 0.00
5767.00 0.00
5768.00 0.00
5769.00 0.00
5770.00 0.00
5771.00 0.00
5772.00 0.00
5773.00 0.00
5774.00 0.00
5775.00 0.00
5776.00 0.00
5777.00 0.00
5778.00 0.00
5779.00 0.00
5780.00 0.00
5781.00 0.00
5782.00 0.00
5783.00 0.00
5784.00 0.00
5785.00 0.00
5786.00 0.00
5787.00 0.00
5788.00 0.00
5789.00 0.00
5790.00 0.00
5791.00 0.00
5792.00 0.00
5793.00 0.00
5794.00 0.00
5795.00 0.00
5796.00 0.00
5797.00 0.00
5798.00 0.00
5799.00 0.00
5800.00 0.00
5801.00 0.00
5802.00 0.00
5803.00 0.00
5804.00 0.00
5805.00 0.00
5806.00 0.00
5807.00 0.00
5808.00 0.00
5809.00 0.00
5810.00 0.00
5811.00 0.00
5812.00 0.00
5813.00 0.00
5814.00 0.00
5815.00 0.00
5816.00 0.00
5817.00 0.00
5818.00 0.00
5819.00 0.00
5820.00 0.00
5821.00 0.00
5822.00 0.00
5823.00 0.00
5824.00 0.00
5825.00 0.00
5826.00 0.00
5827.00 0.00
5828.00 0.00
5829.00 0.00
5830.00 0.00
5831.00 0.00
5832.00 0.00
5833.00 0.00
5834.00 0.00
5835.00 0.00
5836.00 0.00
5837.00 0.00
5838.00 0.00
5839.00 0.00
5840.00 0.00
5841.00 0.00
5842.00 0.00
5843.00 0.00
5844.00 0.00
5845.00 0.00
5846.00 0.00
5847.00 0.00
5848.00 0.00
5849.00 0.00
5850.00 0.00
5851.00 0.00
5852.00 0.00
5853.00 0.00
5854.00 0.00
5855.00 0.00
5856.00 0.00
5857.00 0.00
5858.00 0.00
5859.00 0.00
5860.00 0.00
5861.00 0.00
5862.00 0.00
5863.00 0.00
5864.00 0.00
5865.00 0.00
5866.00 0.00
5867.00 0.00
5868.00 0.00
5869.00 0.00
5870.00 0.00
5871.00 0.00
5872.00 0.00
5873.00 0.00
5874.00 0.00
5875.00 0.00
5876.00 0.00
5877.00 0.00
5878.00 0.00
5879.00 0.00
5880.00 0.00
5881.00 0.00
5882.00 0.00
5883.00 0.00
5884.00 0.00
5885.00 0.00
5886.00 0.00
5887.00 0.00
5888.00 0.00
5889.00 0.00
5890.00 0.00
5891.00 0.00
5892.00 0.00
5893.00 0.00
5894.00 0.00
5895.00 0.00
5896.00 0.00
5897.00 0.00
5898.00 0.00
5899.00 0.00
5900.00 0.00
5901.00 0.00
5902.00 0.00
5903.00 0.00
5904.00 0.00
5905.00 0.00
5906.00 0.00
5907.00 0.00
5908.00 0.00
5909.00 0.00
5910.00 0.00
5911.00 0.00
5912.00 0.00
5913.00 0.00
5914.00 0.00
5915.00 0.00
5916.00 0.00
5917.00 0.00
5918.00 0.00
5919.00 0.00
5920.00 0.00
5921.00 0.00
5922.00 0.00
5923.00 0.00
5924.00 0.00
5925.00 0.00
5926.00 0.00
5927.00 0.00
5928.00 0.00
5929.00 0.00
5930.00 0.00
5931.00 0.00
5932.00 0.00
5933.00 0.00
5934.00 0.00
5935.00 0.00
5936.00 0.00
5937.00 0.00
5938.00 0.00
5939.00 0.00
5940.00 0.00
5941.00 0.00
5942.00 0.00
5943.00 0.00
5944.00 0.00
5945.00 0.00
5946.00 0.00
5947.00 0.00
5948.00 0.00
5949.00 0.00
5950.00 0.00
5951.00 0.00
5952.00 0.00
5953.00 0.00
5954.00 0.00
5955.00 0.00
5956.00 0.00
5957.00 0.00
5958.00 0.00
5959.00 0.00
5960.00 0.00
5961.00 0.00
5962.00 0.00
5963.00 0.00
5964.00 0.00
5965.00 0.00
5966.00 0.00
5967.00 0.00
5968.00 0.00
5969.00 0.00
5970.00 0.00
5971.00 0.00
5972.00 0.00
5973.00 0.00
5974.00 0.00
5975.00 0.00
5976.00 0.00
5977.00 0.00
5978.00 0.00
5979.00 0.00
5980.00 0.00
5981.00 0.00
5982.00 0.00
5983.00 0.00
5984.00 0.00
5985.00 0.00
5986.00 0.00
5987.00 0.00
5988.00 0.00
5989.00 0.00
5990.00 0.00
5991.00 0.00
5992.00 0.00
5993.00 0.00
5994.00 0.00
5995.00 0.00
5996.00 0.00
5997.00 0.00
5998.00 0.00
5999.00 0.00
6000.00 0.00
6001.00 0.00
6002.00 0.00
6003.00 0.00
6004.00 0.00
6005.00 0.00
