0.00 0.00
1.00 0.00
2.00 0.00
3.00 0.00
4.00 0.00
5.00 0.00
6.00 0.00
7.00 0.00
8.00 0.00
9.00 0.00
10.00 0.00
11.00 0.00
12.00 0.00
13.00 0.00
14.00 0.00
15.00 0.00
16.00 0.00
17.00 0.00
18.00 0.00
19.00 0.00
20.00 0.00
21.00 0.00
22.00 0.00
23.00 0.00
24.00 0.00
25.00 0.00
26.00 0.00
27.00 0.00
28.00 0.00
29.00 0.00
30.00 0.00
31.00 0.00
32.00 0.00
33.00 0.00
34.00 0.00
35.00 0.00
36.00 0.00
37.00 0.00
38.00 0.00
39.00 0.00
40.00 0.00
41.00 0.00
42.00 0.00
43.00 0.00
44.00 0.00
45.00 0.00
46.00 0.00
47.00 0.00
48.00 0.00
49.00 0.00
50.00 0.00
51.00 0.00
52.00 0.00
53.00 0.00
54.00 0.00
55.00 0.00
56.00 0.00
57.00 0.00
58.00 0.00
59.00 0.00
60.00 0.00
61.00 0.00
62.00 0.00
63.00 0.00
64.00 0.00
65.00 0.00
66.00 0.00
67.00 0.00
68.00 0.00
69.00 0.00
70.00 0.00
71.00 0.00
72.00 0.00
73.00 0.00
74.00 0.00
75.00 0.00
76.00 0.00
77.00 0.00
78.00 0.00
79.00 0.00
80.00 0.00
81.00 0.00
82.00 0.00
83.00 0.00
84.00 0.00
85.00 0.00
86.00 0.00
87.00 0.00
88.00 0.00
89.00 0.00
90.00 0.00
91.00 0.00
92.00 0.00
93.00 0.00
94.00 0.00
95.00 0.00
96.00 0.00
97.00 0.00
98.00 0.00
99.00 0.00
100.00 0.00
101.00 0.00
102.00 0.00
103.00 0.00
104.00 0.00
105.00 0.00
106.00 0.00
107.00 0.00
108.00 0.00
109.00 0.00
110.00 0.00
111.00 0.00
112.00 0.00
113.00 0.00
114.00 0.00
115.00 0.00
116.00 0.00
117.00 0.00
118.00 0.00
119.00 0.00
120.00 0.00
121.00 0.00
122.00 0.00
123.00 0.00
124.00 0.00
125.00 0.00
126.00 0.00
127.00 0.00
128.00 0.00
129.00 0.00
130.00 0.00
131.00 0.00
132.00 0.00
133.00 0.00
134.00 0.00
135.00 0.00
136.00 0.00
137.00 0.00
138.00 0.00
139.00 0.00
140.00 0.00
141.00 0.00
142.00 0.00
143.00 0.00
144.00 0.00
145.00 0.00
146.00 0.00
147.00 0.00
148.00 0.00
149.00 0.00
150.00 0.00
151.00 0.00
152.00 0.00
153.00 0.00
154.00 0.00
155.00 0.00
156.00 0.00
157.00 0.00
158.00 0.00
159.00 0.00
160.00 0.00
161.00 0.00
162.00 0.00
163.00 0.00
164.00 0.00
165.00 0.00
166.00 0.00
167.00 0.00
168.00 0.00
169.00 0.00
170.00 0.00
171.00 0.00
172.00 0.00
173.00 0.00
174.00 0.00
175.00 230.24
176.00 236.54
177.00 238.25
178.00 238.72
179.00 238.47
180.00 237.45
181.00 234.81
182.00 231.64
183.00 229.95
184.00 227.61
185.00 228.51
186.00 231.36
187.00 234.68
188.00 237.11
189.00 238.26
190.00 240.91
191.00 242.49
192.00 242.79
193.00 243.05
194.00 241.56
195.00 241.78
196.00 242.02
197.00 242.39
198.00 243.92
199.00 244.67
200.00 244.69
201.00 243.59
202.00 242.36
203.00 241.88
204.00 241.01
205.00 240.82
206.00 241.76
207.00 243.59
208.00 245.61
209.00 246.34
210.00 246.36
211.00 245.44
212.00 244.43
213.00 244.72
214.00 244.99
215.00 245.55
216.00 245.70
217.00 245.63
218.00 245.08
219.00 244.62
220.00 243.24
221.00 243.36
222.00 243.69
223.00 245.49
224.00 246.09
225.00 247.06
226.00 247.46
227.00 248.04
228.00 248.79
229.00 249.27
230.00 249.11
231.00 250.06
232.00 249.27
233.00 248.83
234.00 248.24
235.00 248.17
236.00 248.50
237.00 249.52
238.00 250.98
239.00 250.93
240.00 250.05
241.00 248.13
242.00 246.57
243.00 246.84
244.00 247.53
245.00 248.43
246.00 248.64
247.00 247.39
248.00 246.26
249.00 245.15
250.00 245.14
251.00 246.41
252.00 249.74
253.00 252.39
254.00 254.25
255.00 257.26
256.00 260.45
257.00 263.69
258.00 266.85
259.00 267.25
260.00 266.41
261.00 263.70
262.00 258.58
263.00 249.44
264.00 244.48
265.00 241.49
266.00 240.67
267.00 241.94
268.00 244.97
269.00 247.93
270.00 249.48
271.00 251.23
272.00 251.80
273.00 252.00
274.00 249.64
275.00 247.25
276.00 245.89
277.00 244.23
278.00 242.34
279.00 242.41
280.00 242.63
281.00 243.61
282.00 245.63
283.00 246.99
284.00 248.20
285.00 249.83
286.00 251.32
287.00 252.24
288.00 252.32
289.00 251.53
290.00 250.07
291.00 248.38
292.00 246.51
293.00 245.88
294.00 245.66
295.00 247.63
296.00 248.68
297.00 249.70
298.00 250.70
299.00 251.33
300.00 251.23
301.00 251.36
302.00 251.17
303.00 250.14
304.00 249.18
305.00 247.45
306.00 245.96
307.00 244.97
308.00 244.95
309.00 245.34
310.00 246.34
311.00 247.29
312.00 248.29
313.00 248.17
314.00 247.05
315.00 244.38
316.00 244.40
317.00 244.26
318.00 244.56
319.00 246.16
320.00 248.18
321.00 250.54
322.00 252.20
323.00 252.19
324.00 251.63
325.00 249.80
326.00 248.00
327.00 246.85
328.00 246.12
329.00 245.22
330.00 245.40
331.00 246.75
332.00 249.14
333.00 250.15
334.00 248.98
335.00 247.15
336.00 246.44
337.00 245.16
338.00 244.48
339.00 244.49
340.00 244.00
341.00 244.23
342.00 246.97
343.00 249.74
344.00 254.57
345.00 258.25
346.00 259.25
347.00 255.99
348.00 250.79
349.00 244.81
350.00 235.68
351.00 230.41
352.00 227.28
353.00 226.97
354.00 228.37
355.00 231.99
356.00 238.27
357.00 244.47
358.00 249.23
359.00 250.35
360.00 249.62
361.00 248.47
362.00 247.15
363.00 244.77
364.00 241.79
365.00 240.03
366.00 239.34
367.00 239.96
368.00 242.73
369.00 245.17
370.00 246.85
371.00 247.68
372.00 248.47
373.00 248.85
374.00 249.20
375.00 248.81
376.00 248.22
377.00 247.94
378.00 247.87
379.00 248.18
380.00 247.83
381.00 247.63
382.00 247.72
383.00 247.88
384.00 248.22
385.00 248.93
386.00 249.47
387.00 249.78
388.00 249.86
389.00 249.58
390.00 248.93
391.00 249.11
392.00 248.54
393.00 247.90
394.00 247.46
395.00 247.33
396.00 247.62
397.00 248.89
398.00 249.90
399.00 250.84
400.00 250.96
401.00 250.40
402.00 249.74
403.00 249.33
404.00 249.53
405.00 249.06
406.00 248.77
407.00 248.15
408.00 247.65
409.00 246.83
410.00 246.77
411.00 246.95
412.00 248.97
413.00 249.25
414.00 248.77
415.00 248.76
416.00 248.36
417.00 248.06
418.00 248.26
419.00 247.39
420.00 247.01
421.00 246.85
422.00 246.99
423.00 247.39
424.00 247.24
425.00 248.35
426.00 249.38
427.00 249.79
428.00 248.60
429.00 248.11
430.00 239.12
431.00 248.34
432.00 253.79
433.00 189.44
434.00 265.34
435.00 265.56
436.00 262.38
437.00 256.89
438.00 251.04
439.00 248.08
440.00 246.14
441.00 244.73
442.00 244.79
443.00 245.22
444.00 246.76
445.00 248.07
446.00 249.18
447.00 250.32
448.00 251.98
449.00 252.45
450.00 252.10
451.00 251.60
452.00 250.49
453.00 247.75
454.00 246.39
455.00 245.76
456.00 245.59
457.00 245.76
458.00 246.47
459.00 247.35
460.00 248.13
461.00 249.04
462.00 249.48
463.00 250.58
464.00 250.51
465.00 250.17
466.00 249.43
467.00 248.39
468.00 247.55
469.00 247.42
470.00 247.32
471.00 247.60
472.00 247.61
473.00 247.75
474.00 248.16
475.00 249.27
476.00 250.12
477.00 251.04
478.00 250.86
479.00 248.68
480.00 247.93
481.00 247.09
482.00 246.75
483.00 246.46
484.00 246.36
485.00 246.40
486.00 246.70
487.00 247.41
488.00 248.06
489.00 248.47
490.00 249.58
491.00 250.07
492.00 250.09
493.00 249.68
494.00 249.41
495.00 248.64
496.00 247.87
497.00 247.79
498.00 247.69
499.00 247.50
500.00 247.07
501.00 246.68
502.00 246.02
503.00 246.58
504.00 247.40
505.00 248.34
506.00 249.56
507.00 250.13
508.00 251.14
509.00 250.83
510.00 250.28
511.00 250.32
512.00 250.57
513.00 250.68
514.00 250.33
515.00 250.06
516.00 248.60
517.00 246.40
518.00 243.35
519.00 243.29
520.00 243.47
521.00 243.70
522.00 244.50
523.00 245.40
524.00 247.24
525.00 247.91
526.00 248.46
527.00 247.85
528.00 247.38
529.00 246.35
530.00 245.78
531.00 245.12
532.00 245.24
533.00 246.33
534.00 247.33
535.00 248.94
536.00 249.50
537.00 249.15
538.00 248.98
539.00 247.99
540.00 247.29
541.00 246.74
542.00 247.58
543.00 247.93
544.00 248.96
545.00 249.15
546.00 248.48
547.00 247.65
548.00 247.92
549.00 249.54
550.00 250.08
551.00 250.10
552.00 249.53
553.00 248.20
554.00 247.36
555.00 246.21
556.00 246.38
557.00 246.77
558.00 246.73
559.00 247.11
560.00 248.35
561.00 249.02
562.00 249.02
563.00 249.55
564.00 248.97
565.00 249.69
566.00 249.98
567.00 249.79
568.00 249.82
569.00 249.27
570.00 248.04
571.00 247.75
572.00 246.56
573.00 246.48
574.00 247.75
575.00 247.92
576.00 248.18
577.00 248.40
578.00 248.17
579.00 247.98
580.00 247.81
581.00 247.94
582.00 248.68
583.00 249.25
584.00 249.70
585.00 250.30
586.00 251.23
587.00 251.37
588.00 250.56
589.00 249.26
590.00 248.18
591.00 247.08
592.00 244.52
593.00 240.58
594.00 235.25
595.00 229.34
596.00 224.59
597.00 221.42
598.00 221.09
599.00 222.12
600.00 224.31
601.00 225.58
602.00 226.73
603.00 227.37
604.00 227.40
605.00 228.18
606.00 226.12
607.00 224.73
608.00 222.60
609.00 222.81
610.00 222.53
611.00 222.58
612.00 221.88
613.00 220.17
614.00 218.70
615.00 216.75
616.00 213.97
617.00 210.47
618.00 207.83
619.00 205.51
620.00 203.79
621.00 201.60
622.00 199.75
623.00 199.68
624.00 204.08
625.00 210.56
626.00 216.24
627.00 217.49
628.00 217.90
629.00 217.14
630.00 214.98
631.00 211.96
632.00 208.92
633.00 202.41
634.00 191.76
635.00 184.74
636.00 178.16
637.00 177.57
638.00 179.27
639.00 181.49
640.00 183.87
641.00 186.07
642.00 186.31
643.00 186.35
644.00 186.74
645.00 186.69
646.00 185.49
647.00 183.87
648.00 183.60
649.00 184.64
650.00 186.03
651.00 189.30
652.00 194.59
653.00 196.88
654.00 199.04
655.00 199.09
656.00 195.96
657.00 192.87
658.00 189.92
659.00 189.77
660.00 188.83
661.00 188.49
662.00 188.57
663.00 187.21
664.00 186.96
665.00 186.81
666.00 188.63
667.00 190.11
668.00 190.79
669.00 190.33
670.00 189.96
671.00 190.33
672.00 190.10
673.00 190.42
674.00 192.28
675.00 192.42
676.00 193.87
677.00 196.65
678.00 199.46
679.00 200.33
680.00 203.80
681.00 207.58
682.00 215.14
683.00 219.44
684.00 221.69
685.00 219.88
686.00 216.31
687.00 210.36
688.00 207.26
689.00 203.61
690.00 201.04
691.00 201.10
692.00 202.66
693.00 205.25
694.00 207.37
695.00 207.82
696.00 208.95
697.00 207.62
698.00 207.12
699.00 206.61
700.00 205.68
701.00 203.85
702.00 202.49
703.00 202.75
704.00 204.89
705.00 205.98
706.00 207.16
707.00 207.81
708.00 208.75
709.00 208.94
710.00 208.27
711.00 206.93
712.00 205.29
713.00 205.36
714.00 205.72
715.00 206.02
716.00 206.00
717.00 205.47
718.00 204.22
719.00 203.93
720.00 204.22
721.00 204.57
722.00 206.12
723.00 207.00
724.00 207.39
725.00 207.49
726.00 207.15
727.00 206.83
728.00 207.40
729.00 205.55
730.00 205.75
731.00 205.31
732.00 204.01
733.00 203.49
734.00 202.68
735.00 202.44
736.00 203.85
737.00 203.08
738.00 203.35
739.00 205.02
740.00 205.03
741.00 203.57
742.00 204.88
743.00 204.01
744.00 202.82
745.00 201.88
746.00 200.93
747.00 199.60
748.00 199.77
749.00 199.57
750.00 199.37
751.00 198.43
752.00 197.45
753.00 195.85
754.00 194.21
755.00 191.82
756.00 190.27
757.00 187.94
758.00 186.34
759.00 184.89
760.00 182.66
761.00 177.29
762.00 166.72
763.00 169.37
764.00 155.09
765.00 104.89
766.00 153.63
767.00 0.00
768.00 0.00
769.00 0.00
770.00 0.00
771.00 0.00
772.00 0.00
773.00 0.00
774.00 0.00
775.00 0.00
776.00 0.00
777.00 0.00
778.00 0.00
779.00 0.00
780.00 0.00
781.00 0.00
782.00 0.00
783.00 0.00
784.00 0.00
785.00 0.00
786.00 0.00
787.00 0.00
788.00 0.00
789.00 0.00
790.00 0.00
791.00 0.00
792.00 0.00
793.00 0.00
794.00 0.00
795.00 0.00
796.00 0.00
797.00 0.00
798.00 0.00
799.00 0.00
800.00 0.00
801.00 0.00
802.00 0.00
803.00 0.00
804.00 0.00
805.00 0.00
806.00 0.00
807.00 0.00
808.00 0.00
809.00 0.00
810.00 0.00
811.00 0.00
812.00 0.00
813.00 0.00
814.00 0.00
815.00 0.00
816.00 0.00
817.00 0.00
818.00 0.00
819.00 0.00
820.00 0.00
821.00 0.00
822.00 0.00
823.00 196.10
824.00 201.38
825.00 200.28
826.00 195.07
827.00 194.33
828.00 196.60
829.00 201.08
830.00 207.48
831.00 221.68
832.00 227.27
833.00 234.20
834.00 239.49
835.00 243.55
836.00 245.33
837.00 245.38
838.00 242.42
839.00 238.98
840.00 237.58
841.00 237.33
842.00 237.98
843.00 239.27
844.00 242.05
845.00 244.41
846.00 245.73
847.00 246.61
848.00 246.10
849.00 244.54
850.00 243.94
851.00 241.59
852.00 242.64
853.00 242.61
854.00 242.80
855.00 241.40
856.00 242.11
857.00 243.12
858.00 242.76
859.00 243.33
860.00 244.01
861.00 245.08
862.00 245.67
863.00 244.30
864.00 244.09
865.00 243.25
866.00 243.72
867.00 242.43
868.00 242.87
869.00 241.75
870.00 242.29
871.00 242.87
872.00 242.94
873.00 242.77
874.00 242.62
875.00 242.48
876.00 243.03
877.00 244.41
878.00 244.25
879.00 244.71
880.00 244.05
881.00 244.47
882.00 245.17
883.00 244.62
884.00 244.75
885.00 243.69
886.00 243.70
887.00 246.35
888.00 246.24
889.00 244.99
890.00 244.72
891.00 245.43
892.00 245.71
893.00 246.11
894.00 247.11
895.00 247.83
896.00 249.36
897.00 249.96
898.00 251.07
899.00 251.53
900.00 250.28
901.00 249.77
902.00 248.25
903.00 246.95
904.00 245.67
905.00 244.47
906.00 244.61
907.00 244.98
908.00 245.36
909.00 246.98
910.00 248.73
911.00 250.80
912.00 251.76
913.00 251.73
914.00 251.02
915.00 249.95
916.00 249.21
917.00 248.11
918.00 247.46
919.00 246.74
920.00 246.19
921.00 245.88
922.00 246.56
923.00 248.63
924.00 249.78
925.00 250.39
926.00 251.45
927.00 252.15
928.00 252.38
929.00 251.59
930.00 250.47
931.00 249.90
932.00 249.60
933.00 249.33
934.00 248.75
935.00 248.65
936.00 248.21
937.00 247.32
938.00 247.48
939.00 248.21
940.00 248.66
941.00 249.37
942.00 249.95
943.00 249.80
944.00 249.65
945.00 250.73
946.00 250.78
947.00 250.30
948.00 250.61
949.00 250.20
950.00 248.67
951.00 247.83
952.00 247.02
953.00 246.62
954.00 246.94
955.00 247.50
956.00 248.04
957.00 249.34
958.00 250.31
959.00 251.13
960.00 251.99
961.00 251.92
962.00 252.05
963.00 250.82
964.00 250.98
965.00 250.17
966.00 249.49
967.00 249.65
968.00 249.26
969.00 248.96
970.00 249.64
971.00 250.26
972.00 249.79
973.00 250.18
974.00 250.16
975.00 250.61
976.00 251.76
977.00 253.44
978.00 255.09
979.00 256.18
980.00 258.06
981.00 259.31
982.00 259.38
983.00 258.49
984.00 256.91
985.00 255.02
986.00 251.01
987.00 244.95
988.00 242.45
989.00 240.80
990.00 239.32
991.00 238.95
992.00 240.83
993.00 241.85
994.00 245.33
995.00 248.01
996.00 249.08
997.00 249.52
998.00 248.86
999.00 248.10
1000.00 247.71
1001.00 246.39
1002.00 245.37
1003.00 244.84
1004.00 245.52
1005.00 246.34
1006.00 247.38
1007.00 248.02
1008.00 248.56
1009.00 248.73
1010.00 248.81
1011.00 248.82
1012.00 249.09
1013.00 249.02
1014.00 249.18
1015.00 249.41
1016.00 250.47
1017.00 251.20
1018.00 251.11
1019.00 250.00
1020.00 249.02
1021.00 248.23
1022.00 247.52
1023.00 246.98
1024.00 246.39
1025.00 246.61
1026.00 247.54
1027.00 248.43
1028.00 249.48
1029.00 250.61
1030.00 251.41
1031.00 252.52
1032.00 253.36
1033.00 251.87
1034.00 249.35
1035.00 248.02
1036.00 248.10
1037.00 248.00
1038.00 248.70
1039.00 250.15
1040.00 250.42
1041.00 250.50
1042.00 250.14
1043.00 249.68
1044.00 249.07
1045.00 248.21
1046.00 248.08
1047.00 247.95
1048.00 248.61
1049.00 249.04
1050.00 250.08
1051.00 250.82
1052.00 251.03
1053.00 250.74
1054.00 250.31
1055.00 249.42
1056.00 248.36
1057.00 247.76
1058.00 248.46
1059.00 248.44
1060.00 248.49
1061.00 248.11
1062.00 247.28
1063.00 247.09
1064.00 247.86
1065.00 248.88
1066.00 250.42
1067.00 252.03
1068.00 252.16
1069.00 252.05
1070.00 251.15
1071.00 250.51
1072.00 249.47
1073.00 248.76
1074.00 248.18
1075.00 247.58
1076.00 247.80
1077.00 248.59
1078.00 249.03
1079.00 248.14
1080.00 246.84
1081.00 243.25
1082.00 239.21
1083.00 231.25
1084.00 223.59
1085.00 219.32
1086.00 219.48
1087.00 221.33
1088.00 224.66
1089.00 229.51
1090.00 233.42
1091.00 237.79
1092.00 238.54
1093.00 237.35
1094.00 232.74
1095.00 227.87
1096.00 222.45
1097.00 209.13
1098.00 201.89
1099.00 193.09
1100.00 190.88
1101.00 192.62
1102.00 194.45
1103.00 197.34
1104.00 199.66
1105.00 202.08
1106.00 204.60
1107.00 208.43
1108.00 210.54
1109.00 208.99
1110.00 203.01
1111.00 197.91
1112.00 196.38
1113.00 195.51
1114.00 195.42
1115.00 197.00
1116.00 199.61
1117.00 203.16
1118.00 204.35
1119.00 206.07
1120.00 206.42
1121.00 206.00
1122.00 203.51
1123.00 201.58
1124.00 201.20
1125.00 200.93
1126.00 201.43
1127.00 202.35
1128.00 205.01
1129.00 207.72
1130.00 210.62
1131.00 215.66
1132.00 222.35
1133.00 227.58
1134.00 233.02
1135.00 237.69
1136.00 240.00
1137.00 239.65
1138.00 237.39
1139.00 232.62
1140.00 225.15
1141.00 220.94
1142.00 219.15
1143.00 219.58
1144.00 219.84
1145.00 220.40
1146.00 221.75
1147.00 223.57
1148.00 225.61
1149.00 227.06
1150.00 226.48
1151.00 225.01
1152.00 223.86
1153.00 222.82
1154.00 222.22
1155.00 221.60
1156.00 221.60
1157.00 222.43
1158.00 222.96
1159.00 224.18
1160.00 225.08
1161.00 225.33
1162.00 225.47
1163.00 225.18
1164.00 224.69
1165.00 224.31
1166.00 223.67
1167.00 223.36
1168.00 223.52
1169.00 223.91
1170.00 224.23
1171.00 224.31
1172.00 224.57
1173.00 225.30
1174.00 225.43
1175.00 225.71
1176.00 225.70
1177.00 225.20
1178.00 224.78
1179.00 223.83
1180.00 223.52
1181.00 224.13
1182.00 225.14
1183.00 226.19
1184.00 226.43
1185.00 226.18
1186.00 225.55
1187.00 224.91
1188.00 224.51
1189.00 224.28
1190.00 223.90
1191.00 223.41
1192.00 223.77
1193.00 224.50
1194.00 225.09
1195.00 225.36
1196.00 225.19
1197.00 224.62
1198.00 224.46
1199.00 224.39
1200.00 224.07
1201.00 224.10
1202.00 224.48
1203.00 224.15
1204.00 223.10
1205.00 222.76
1206.00 223.28
1207.00 223.71
1208.00 223.60
1209.00 223.88
1210.00 224.42
1211.00 225.05
1212.00 225.02
1213.00 224.35
1214.00 224.06
1215.00 224.08
1216.00 223.94
1217.00 223.86
1218.00 223.54
1219.00 223.64
1220.00 224.13
1221.00 223.98
1222.00 222.54
1223.00 219.74
1224.00 216.68
1225.00 213.05
1226.00 211.45
1227.00 209.24
1228.00 206.67
1229.00 205.04
1230.00 203.79
1231.00 203.23
1232.00 205.39
1233.00 209.53
1234.00 210.91
1235.00 210.36
1236.00 208.94
1237.00 206.62
1238.00 204.22
1239.00 200.90
1240.00 197.06
1241.00 192.74
1242.00 191.10
1243.00 191.30
1244.00 191.08
1245.00 191.88
1246.00 192.56
1247.00 194.38
1248.00 195.39
1249.00 194.52
1250.00 193.57
1251.00 190.63
1252.00 186.50
1253.00 184.20
1254.00 182.29
1255.00 180.57
1256.00 180.66
1257.00 181.49
1258.00 183.09
1259.00 185.68
1260.00 187.56
1261.00 188.24
1262.00 189.04
1263.00 189.89
1264.00 190.07
1265.00 189.81
1266.00 188.36
1267.00 186.20
1268.00 184.70
1269.00 185.28
1270.00 186.18
1271.00 188.00
1272.00 191.80
1273.00 194.45
1274.00 196.75
1275.00 196.98
1276.00 196.93
1277.00 196.67
1278.00 193.53
1279.00 188.62
1280.00 186.31
1281.00 187.32
1282.00 192.48
1283.00 199.91
1284.00 206.79
1285.00 211.07
1286.00 211.46
1287.00 210.54
1288.00 208.59
1289.00 207.08
1290.00 208.05
1291.00 210.23
1292.00 211.82
1293.00 212.37
1294.00 213.45
1295.00 214.55
1296.00 215.00
1297.00 213.27
1298.00 211.38
1299.00 210.40
1300.00 209.64
1301.00 209.21
1302.00 209.61
1303.00 210.26
1304.00 210.16
1305.00 208.90
1306.00 207.35
1307.00 206.54
1308.00 206.73
1309.00 206.78
1310.00 206.69
1311.00 206.86
1312.00 206.75
1313.00 206.31
1314.00 207.67
1315.00 214.32
1316.00 222.28
1317.00 231.17
1318.00 234.78
1319.00 233.18
1320.00 230.21
1321.00 227.11
1322.00 224.94
1323.00 223.30
1324.00 222.56
1325.00 223.08
1326.00 224.39
1327.00 226.30
1328.00 227.43
1329.00 228.77
1330.00 229.95
1331.00 229.40
1332.00 228.24
1333.00 227.03
1334.00 225.69
1335.00 223.55
1336.00 222.21
1337.00 222.27
1338.00 223.43
1339.00 224.77
1340.00 226.79
1341.00 229.39
1342.00 231.34
1343.00 232.88
1344.00 233.99
1345.00 234.24
1346.00 234.07
1347.00 235.84
1348.00 237.56
1349.00 244.55
1350.00 256.83
1351.00 262.96
1352.00 266.34
1353.00 268.94
1354.00 268.91
1355.00 267.26
1356.00 263.08
1357.00 257.78
1358.00 254.81
1359.00 252.68
1360.00 252.21
1361.00 252.39
1362.00 253.74
1363.00 254.62
1364.00 253.78
1365.00 252.87
1366.00 251.47
1367.00 250.68
1368.00 250.85
1369.00 251.05
1370.00 251.65
1371.00 252.94
1372.00 254.40
1373.00 255.42
1374.00 255.12
1375.00 253.94
1376.00 252.47
1377.00 251.62
1378.00 251.47
1379.00 251.68
1380.00 251.42
1381.00 250.58
1382.00 250.83
1383.00 251.31
1384.00 252.35
1385.00 254.29
1386.00 255.38
1387.00 255.26
1388.00 254.16
1389.00 252.89
1390.00 250.90
1391.00 249.06
1392.00 248.06
1393.00 248.46
1394.00 248.88
1395.00 249.35
1396.00 250.33
1397.00 250.31
1398.00 251.13
1399.00 251.84
1400.00 252.13
1401.00 251.31
1402.00 249.64
1403.00 248.34
1404.00 247.76
1405.00 246.98
1406.00 246.41
1407.00 245.90
1408.00 244.71
1409.00 242.32
1410.00 239.29
1411.00 234.73
1412.00 225.93
1413.00 215.19
1414.00 209.11
1415.00 206.02
1416.00 206.23
1417.00 206.92
1418.00 206.85
1419.00 210.10
1420.00 226.67
1421.00 248.20
1422.00 271.67
1423.00 268.75
1424.00 263.04
1425.00 258.02
1426.00 249.73
1427.00 239.94
1428.00 228.98
1429.00 223.64
1430.00 221.94
1431.00 222.10
1432.00 222.64
1433.00 223.16
1434.00 223.43
1435.00 223.48
1436.00 222.50
1437.00 221.71
1438.00 220.61
1439.00 219.30
1440.00 218.28
1441.00 217.71
1442.00 217.44
1443.00 218.91
1444.00 220.76
1445.00 225.88
1446.00 230.18
1447.00 232.43
1448.00 231.67
1449.00 229.87
1450.00 226.94
1451.00 225.47
1452.00 224.44
1453.00 222.51
1454.00 221.53
1455.00 220.29
1456.00 218.87
1457.00 217.22
1458.00 216.15
1459.00 213.50
1460.00 210.54
1461.00 208.40
1462.00 207.04
1463.00 206.52
1464.00 206.58
1465.00 206.38
1466.00 205.21
1467.00 204.85
1468.00 205.08
1469.00 204.94
1470.00 205.57
1471.00 207.14
1472.00 208.21
1473.00 208.76
1474.00 208.45
1475.00 207.86
1476.00 208.04
1477.00 208.98
1478.00 209.73
1479.00 210.63
1480.00 210.93
1481.00 210.53
1482.00 210.83
1483.00 212.54
1484.00 212.90
1485.00 212.17
1486.00 210.16
1487.00 208.56
1488.00 204.83
1489.00 201.68
1490.00 199.47
1491.00 202.82
1492.00 210.99
1493.00 220.67
1494.00 227.94
1495.00 231.84
1496.00 233.29
1497.00 232.73
1498.00 231.38
1499.00 229.37
1500.00 226.96
1501.00 225.39
1502.00 224.10
1503.00 223.10
1504.00 222.37
1505.00 222.83
1506.00 223.71
1507.00 225.11
1508.00 225.44
1509.00 225.56
1510.00 224.42
1511.00 222.81
1512.00 221.91
1513.00 220.69
1514.00 220.18
1515.00 219.50
1516.00 218.28
1517.00 217.64
1518.00 214.23
1519.00 210.70
1520.00 206.00
1521.00 203.09
1522.00 203.72
1523.00 204.78
1524.00 205.19
1525.00 205.71
1526.00 206.08
1527.00 205.74
1528.00 205.29
1529.00 203.84
1530.00 201.03
1531.00 197.23
1532.00 190.97
1533.00 184.43
1534.00 180.13
1535.00 178.67
1536.00 179.20
1537.00 181.24
1538.00 183.72
1539.00 186.57
1540.00 189.59
1541.00 192.56
1542.00 193.36
1543.00 193.39
1544.00 191.38
1545.00 189.34
1546.00 187.59
1547.00 186.08
1548.00 184.05
1549.00 183.06
1550.00 183.87
1551.00 186.15
1552.00 190.05
1553.00 192.80
1554.00 195.66
1555.00 196.69
1556.00 196.21
1557.00 195.41
1558.00 195.11
1559.00 194.34
1560.00 192.54
1561.00 192.27
1562.00 192.46
1563.00 192.40
1564.00 190.65
1565.00 188.76
1566.00 176.88
1567.00 171.32
1568.00 172.18
1569.00 179.43
1570.00 189.45
1571.00 198.56
1572.00 206.72
1573.00 211.01
1574.00 212.09
1575.00 210.91
1576.00 208.94
1577.00 207.55
1578.00 205.99
1579.00 204.01
1580.00 202.75
1581.00 202.00
1582.00 201.94
1583.00 203.41
1584.00 205.84
1585.00 207.73
1586.00 209.42
1587.00 209.70
1588.00 208.50
1589.00 207.07
1590.00 206.00
1591.00 205.14
1592.00 205.02
1593.00 204.13
1594.00 205.24
1595.00 205.98
1596.00 206.52
1597.00 206.31
1598.00 206.74
1599.00 208.28
1600.00 210.17
1601.00 211.13
1602.00 210.32
1603.00 209.01
1604.00 207.81
1605.00 206.74
1606.00 205.81
1607.00 205.59
1608.00 206.33
1609.00 206.92
1610.00 207.70
1611.00 208.53
1612.00 208.94
1613.00 208.76
1614.00 207.97
1615.00 206.69
1616.00 206.04
1617.00 206.18
1618.00 206.06
1619.00 206.01
1620.00 205.76
1621.00 205.40
1622.00 205.77
1623.00 205.06
1624.00 204.57
1625.00 203.88
1626.00 202.85
1627.00 201.75
1628.00 200.40
1629.00 174.40
1630.00 163.63
1631.00 162.31
1632.00 158.93
1633.00 152.81
1634.00 149.32
1635.00 103.80
1636.00 0.00
1637.00 0.00
1638.00 0.00
1639.00 0.00
1640.00 0.00
1641.00 0.00
1642.00 0.00
1643.00 0.00
1644.00 0.00
1645.00 0.00
1646.00 0.00
1647.00 0.00
1648.00 0.00
1649.00 0.00
1650.00 0.00
1651.00 0.00
1652.00 0.00
1653.00 0.00
1654.00 0.00
1655.00 0.00
1656.00 0.00
1657.00 0.00
1658.00 0.00
1659.00 0.00
1660.00 0.00
1661.00 0.00
1662.00 0.00
1663.00 0.00
1664.00 0.00
1665.00 0.00
1666.00 0.00
1667.00 0.00
1668.00 0.00
1669.00 0.00
1670.00 0.00
1671.00 0.00
1672.00 0.00
1673.00 0.00
1674.00 0.00
1675.00 0.00
1676.00 0.00
1677.00 0.00
1678.00 0.00
1679.00 0.00
1680.00 0.00
1681.00 0.00
1682.00 0.00
1683.00 0.00
1684.00 0.00
1685.00 0.00
1686.00 0.00
1687.00 0.00
1688.00 0.00
1689.00 0.00
1690.00 0.00
1691.00 0.00
1692.00 0.00
1693.00 0.00
1694.00 0.00
1695.00 0.00
1696.00 0.00
1697.00 0.00
1698.00 0.00
1699.00 0.00
1700.00 0.00
1701.00 0.00
1702.00 0.00
1703.00 0.00
1704.00 0.00
1705.00 0.00
1706.00 0.00
1707.00 250.23
1708.00 253.87
1709.00 256.06
1710.00 256.38
1711.00 253.59
1712.00 251.22
1713.00 250.36
1714.00 249.77
1715.00 249.32
1716.00 249.30
1717.00 250.28
1718.00 250.59
1719.00 250.66
1720.00 251.81
1721.00 252.77
1722.00 252.56
1723.00 251.84
1724.00 250.88
1725.00 250.13
1726.00 249.86
1727.00 249.89
1728.00 249.57
1729.00 249.84
1730.00 250.73
1731.00 252.01
1732.00 252.48
1733.00 252.30
1734.00 252.40
1735.00 252.34
1736.00 252.56
1737.00 253.07
1738.00 253.45
1739.00 253.31
1740.00 253.08
1741.00 253.25
1742.00 253.78
1743.00 254.47
1744.00 254.29
1745.00 253.34
1746.00 252.39
1747.00 250.46
1748.00 248.09
1749.00 246.98
1750.00 246.91
1751.00 248.06
1752.00 250.97
1753.00 253.50
1754.00 253.68
1755.00 253.83
1756.00 254.28
1757.00 254.87
1758.00 255.77
1759.00 256.84
1760.00 255.93
1761.00 254.35
1762.00 250.11
1763.00 242.48
1764.00 240.86
1765.00 249.74
1766.00 258.39
1767.00 258.89
1768.00 258.90
1769.00 257.49
1770.00 254.89
1771.00 253.22
1772.00 251.59
1773.00 250.99
1774.00 250.57
1775.00 251.74
1776.00 254.10
1777.00 255.06
1778.00 255.59
1779.00 256.14
1780.00 256.01
1781.00 256.25
1782.00 255.95
1783.00 256.25
1784.00 256.20
1785.00 255.21
1786.00 254.82
1787.00 254.30
1788.00 253.56
1789.00 253.30
1790.00 253.68
1791.00 253.82
1792.00 254.48
1793.00 255.42
1794.00 256.29
1795.00 256.49
1796.00 256.84
1797.00 256.45
1798.00 256.16
1799.00 254.98
1800.00 255.32
1801.00 255.54
1802.00 255.69
1803.00 255.19
1804.00 254.80
1805.00 255.68
1806.00 256.68
1807.00 256.50
1808.00 256.49
1809.00 256.51
1810.00 257.53
1811.00 257.15
1812.00 256.13
1813.00 255.60
1814.00 255.06
1815.00 255.52
1816.00 255.19
1817.00 254.86
1818.00 253.50
1819.00 253.54
1820.00 253.58
1821.00 253.37
1822.00 254.49
1823.00 254.79
1824.00 254.97
1825.00 255.91
1826.00 257.04
1827.00 257.31
1828.00 257.59
1829.00 257.66
1830.00 256.21
1831.00 254.71
1832.00 254.03
1833.00 254.59
1834.00 256.10
1835.00 257.77
1836.00 260.56
1837.00 262.32
1838.00 261.60
1839.00 260.57
1840.00 259.65
1841.00 256.86
1842.00 254.28
1843.00 252.43
1844.00 250.80
1845.00 249.33
1846.00 248.61
1847.00 248.71
1848.00 249.93
1849.00 252.21
1850.00 254.08
1851.00 255.27
1852.00 254.47
1853.00 254.03
1854.00 253.00
1855.00 251.79
1856.00 251.67
1857.00 251.45
1858.00 251.92
1859.00 253.33
1860.00 253.43
1861.00 255.03
1862.00 255.97
1863.00 255.75
1864.00 254.90
1865.00 253.97
1866.00 253.03
1867.00 252.82
1868.00 252.09
1869.00 251.19
1870.00 249.26
1871.00 247.16
1872.00 244.54
1873.00 244.47
1874.00 249.57
1875.00 257.87
1876.00 285.42
1877.00 295.17
1878.00 302.00
1879.00 303.12
1880.00 300.98
1881.00 296.90
1882.00 292.20
1883.00 288.10
1884.00 282.80
1885.00 278.61
1886.00 276.44
1887.00 275.83
1888.00 276.22
1889.00 278.21
1890.00 279.89
1891.00 280.46
1892.00 280.01
1893.00 278.90
1894.00 275.85
1895.00 270.43
1896.00 264.36
1897.00 257.37
1898.00 248.50
1899.00 245.03
1900.00 245.06
1901.00 247.39
1902.00 252.98
1903.00 256.86
1904.00 261.45
1905.00 266.76
1906.00 272.50
1907.00 277.58
1908.00 273.31
1909.00 267.61
1910.00 260.99
1911.00 256.91
1912.00 240.79
1913.00 234.30
1914.00 225.56
1915.00 224.04
1916.00 224.70
1917.00 226.05
1918.00 228.21
1919.00 230.55
1920.00 233.58
1921.00 235.66
1922.00 235.99
1923.00 234.99
1924.00 233.43
1925.00 231.66
1926.00 228.97
1927.00 227.40
1928.00 227.27
1929.00 228.66
1930.00 230.87
1931.00 231.16
1932.00 231.14
1933.00 232.29
1934.00 234.78
1935.00 235.58
1936.00 235.38
1937.00 234.74
1938.00 232.88
1939.00 231.46
1940.00 230.17
1941.00 228.30
1942.00 225.33
1943.00 220.76
1944.00 216.89
1945.00 217.43
1946.00 221.90
1947.00 236.62
1948.00 256.40
1949.00 277.14
1950.00 290.18
1951.00 294.64
1952.00 294.67
1953.00 291.69
1954.00 288.22
1955.00 285.51
1956.00 283.73
1957.00 283.07
1958.00 282.47
1959.00 283.35
1960.00 285.38
1961.00 286.71
1962.00 287.50
1963.00 288.12
1964.00 287.74
1965.00 287.32
1966.00 287.11
1967.00 287.01
1968.00 287.34
1969.00 287.27
1970.00 287.02
1971.00 286.44
1972.00 285.60
1973.00 285.56
1974.00 286.05
1975.00 287.74
1976.00 289.59
1977.00 290.44
1978.00 289.79
1979.00 290.60
1980.00 293.08
1981.00 294.31
1982.00 293.99
1983.00 292.28
1984.00 289.18
1985.00 286.17
1986.00 283.08
1987.00 280.59
1988.00 278.59
1989.00 277.42
1990.00 278.50
1991.00 281.56
1992.00 285.17
1993.00 287.30
1994.00 288.44
1995.00 289.66
1996.00 290.77
1997.00 290.48
1998.00 289.21
1999.00 287.62
2000.00 285.34
2001.00 283.11
2002.00 281.81
2003.00 279.98
2004.00 279.00
2005.00 279.30
2006.00 280.11
2007.00 280.81
2008.00 281.87
2009.00 283.25
2010.00 284.71
2011.00 285.93
2012.00 286.95
2013.00 287.22
2014.00 285.68
2015.00 283.86
2016.00 281.94
2017.00 280.30
2018.00 279.23
2019.00 277.92
2020.00 276.84
2021.00 276.74
2022.00 277.99
2023.00 280.62
2024.00 283.30
2025.00 286.07
2026.00 288.87
2027.00 290.37
2028.00 289.99
2029.00 289.36
2030.00 288.13
2031.00 285.91
2032.00 282.93
2033.00 280.39
2034.00 278.86
2035.00 277.80
2036.00 277.90
2037.00 279.28
2038.00 280.25
2039.00 281.04
2040.00 283.24
2041.00 285.77
2042.00 288.04
2043.00 290.27
2044.00 291.59
2045.00 289.75
2046.00 287.45
2047.00 284.90
2048.00 283.02
2049.00 281.91
2050.00 281.31
2051.00 280.89
2052.00 280.65
2053.00 281.06
2054.00 282.14
2055.00 282.91
2056.00 284.93
2057.00 287.03
2058.00 288.77
2059.00 290.66
2060.00 289.95
2061.00 288.09
2062.00 286.31
2063.00 285.66
2064.00 285.33
2065.00 284.82
2066.00 283.76
2067.00 282.71
2068.00 281.96
2069.00 282.38
2070.00 282.38
2071.00 283.33
2072.00 285.55
2073.00 287.86
2074.00 289.94
2075.00 291.69
2076.00 291.95
2077.00 292.51
2078.00 293.59
2079.00 292.01
2080.00 290.22
2081.00 288.22
2082.00 285.98
2083.00 283.55
2084.00 281.70
2085.00 280.83
2086.00 280.51
2087.00 280.77
2088.00 281.54
2089.00 282.79
2090.00 284.66
2091.00 286.45
2092.00 288.10
2093.00 289.27
2094.00 289.55
2095.00 288.35
2096.00 286.92
2097.00 286.13
2098.00 285.66
2099.00 284.36
2100.00 283.66
2101.00 283.70
2102.00 282.45
2103.00 281.16
2104.00 281.39
2105.00 282.55
2106.00 284.02
2107.00 286.46
2108.00 289.48
2109.00 290.46
2110.00 290.69
2111.00 290.35
2112.00 290.07
2113.00 289.73
2114.00 289.63
2115.00 288.25
2116.00 286.87
2117.00 285.88
2118.00 285.15
2119.00 283.88
2120.00 283.22
2121.00 283.10
2122.00 284.08
2123.00 284.94
2124.00 286.17
2125.00 287.98
2126.00 289.28
2127.00 290.21
2128.00 290.20
2129.00 289.40
2130.00 288.58
2131.00 288.03
2132.00 286.68
2133.00 285.94
2134.00 284.99
2135.00 283.46
2136.00 282.74
2137.00 282.05
2138.00 281.93
2139.00 282.87
2140.00 284.57
2141.00 286.79
2142.00 288.68
2143.00 289.69
2144.00 289.66
2145.00 288.60
2146.00 288.45
2147.00 287.60
2148.00 286.73
2149.00 286.22
2150.00 284.93
2151.00 283.08
2152.00 281.45
2153.00 280.77
2154.00 280.92
2155.00 282.20
2156.00 283.91
2157.00 285.52
2158.00 286.83
2159.00 288.11
2160.00 288.67
2161.00 289.06
2162.00 288.82
2163.00 288.08
2164.00 287.52
2165.00 287.02
2166.00 286.27
2167.00 284.99
2168.00 284.18
2169.00 282.99
2170.00 282.41
2171.00 282.12
2172.00 282.35
2173.00 283.01
2174.00 284.45
2175.00 286.48
2176.00 288.77
2177.00 290.95
2178.00 292.99
2179.00 292.53
2180.00 289.90
2181.00 287.88
2182.00 286.48
2183.00 285.13
2184.00 283.54
2185.00 282.83
2186.00 281.79
2187.00 281.80
2188.00 282.44
2189.00 283.21
2190.00 284.45
2191.00 286.09
2192.00 288.02
2193.00 289.89
2194.00 291.35
2195.00 292.06
2196.00 291.84
2197.00 290.57
2198.00 288.98
2199.00 287.86
2200.00 286.48
2201.00 285.45
2202.00 284.40
2203.00 284.28
2204.00 285.05
2205.00 286.05
2206.00 286.62
2207.00 286.48
2208.00 287.19
2209.00 288.57
2210.00 289.85
2211.00 288.94
2212.00 288.06
2213.00 288.13
2214.00 287.38
2215.00 294.96
2216.00 281.54
2217.00 277.55
2218.00 273.14
2219.00 153.93
2220.00 0.00
2221.00 0.00
2222.00 0.00
2223.00 0.00
2224.00 0.00
2225.00 0.00
2226.00 0.00
2227.00 0.00
2228.00 0.00
2229.00 0.00
2230.00 0.00
2231.00 0.00
2232.00 0.00
2233.00 0.00
2234.00 0.00
2235.00 0.00
2236.00 0.00
2237.00 0.00
2238.00 0.00
2239.00 0.00
2240.00 0.00
2241.00 0.00
2242.00 0.00
2243.00 0.00
2244.00 0.00
2245.00 0.00
2246.00 0.00
2247.00 0.00
2248.00 0.00
2249.00 0.00
2250.00 0.00
2251.00 0.00
2252.00 0.00
2253.00 0.00
2254.00 0.00
2255.00 0.00
2256.00 0.00
2257.00 0.00
2258.00 0.00
2259.00 0.00
2260.00 0.00
2261.00 0.00
2262.00 0.00
2263.00 0.00
2264.00 0.00
2265.00 0.00
2266.00 211.31
2267.00 214.48
2268.00 216.13
2269.00 216.51
2270.00 214.81
2271.00 210.93
2272.00 207.44
2273.00 206.25
2274.00 206.71
2275.00 208.34
2276.00 210.72
2277.00 215.77
2278.00 221.07
2279.00 225.31
2280.00 226.61
2281.00 221.85
2282.00 219.16
2283.00 216.87
2284.00 214.58
2285.00 213.52
2286.00 213.09
2287.00 212.80
2288.00 213.76
2289.00 215.25
2290.00 215.48
2291.00 216.83
2292.00 218.00
2293.00 219.88
2294.00 220.35
2295.00 217.90
2296.00 215.53
2297.00 213.55
2298.00 211.84
2299.00 210.92
2300.00 212.06
2301.00 213.88
2302.00 215.06
2303.00 216.35
2304.00 218.65
2305.00 219.25
2306.00 218.28
2307.00 216.46
2308.00 214.55
2309.00 213.24
2310.00 212.73
2311.00 212.38
2312.00 212.15
2313.00 211.98
2314.00 211.34
2315.00 211.41
2316.00 212.52
2317.00 214.23
2318.00 215.51
2319.00 216.53
2320.00 216.40
2321.00 216.79
2322.00 216.68
2323.00 214.50
2324.00 212.56
2325.00 209.11
2326.00 203.62
2327.00 199.47
2328.00 197.12
2329.00 197.20
2330.00 200.48
2331.00 210.70
2332.00 217.24
2333.00 226.05
2334.00 235.25
2335.00 239.70
2336.00 239.99
2337.00 238.03
2338.00 233.07
2339.00 229.86
2340.00 228.72
2341.00 228.23
2342.00 229.25
2343.00 231.04
2344.00 233.48
2345.00 236.83
2346.00 241.10
2347.00 242.92
2348.00 242.81
2349.00 241.36
2350.00 238.87
2351.00 237.06
2352.00 235.28
2353.00 234.22
2354.00 232.91
2355.00 231.36
2356.00 231.47
2357.00 232.71
2358.00 234.76
2359.00 237.33
2360.00 240.07
2361.00 242.71
2362.00 241.99
2363.00 241.01
2364.00 238.53
2365.00 236.55
2366.00 234.27
2367.00 234.30
2368.00 233.90
2369.00 235.18
2370.00 236.37
2371.00 237.11
2372.00 238.04
2373.00 238.78
2374.00 239.95
2375.00 240.58
2376.00 241.21
2377.00 240.59
2378.00 240.16
2379.00 238.06
2380.00 235.86
2381.00 236.00
2382.00 236.09
2383.00 235.97
2384.00 235.68
2385.00 236.99
2386.00 238.39
2387.00 238.99
2388.00 239.53
2389.00 239.93
2390.00 240.68
2391.00 239.98
2392.00 238.68
2393.00 235.94
2394.00 231.19
2395.00 222.45
2396.00 218.75
2397.00 219.70
2398.00 224.39
2399.00 233.17
2400.00 243.43
2401.00 252.87
2402.00 259.87
2403.00 264.16
2404.00 263.15
2405.00 260.69
2406.00 258.16
2407.00 255.71
2408.00 254.05
2409.00 253.62
2410.00 253.72
2411.00 255.16
2412.00 257.98
2413.00 260.46
2414.00 261.96
2415.00 262.21
2416.00 262.36
2417.00 261.78
2418.00 259.98
2419.00 257.96
2420.00 256.32
2421.00 256.16
2422.00 255.97
2423.00 256.00
2424.00 256.94
2425.00 258.56
2426.00 260.14
2427.00 261.77
2428.00 263.36
2429.00 263.48
2430.00 263.03
2431.00 261.94
2432.00 260.46
2433.00 259.79
2434.00 259.23
2435.00 257.74
2436.00 256.31
2437.00 255.19
2438.00 255.87
2439.00 258.46
2440.00 261.18
2441.00 263.35
2442.00 263.56
2443.00 263.04
2444.00 262.29
2445.00 261.08
2446.00 259.55
2447.00 257.28
2448.00 255.68
2449.00 255.02
2450.00 254.30
2451.00 255.18
2452.00 256.44
2453.00 256.96
2454.00 258.10
2455.00 259.34
2456.00 260.32
2457.00 260.74
2458.00 261.27
2459.00 260.49
2460.00 259.96
2461.00 258.30
2462.00 257.20
2463.00 256.14
2464.00 255.85
2465.00 254.97
2466.00 255.66
2467.00 256.70
2468.00 257.75
2469.00 259.29
2470.00 260.39
2471.00 260.85
2472.00 261.46
2473.00 261.92
2474.00 261.21
2475.00 260.18
2476.00 259.02
2477.00 258.04
2478.00 258.20
2479.00 258.00
2480.00 258.42
2481.00 258.98
2482.00 259.62
2483.00 260.27
2484.00 259.25
2485.00 259.25
2486.00 260.48
2487.00 260.72
2488.00 261.55
2489.00 262.20
2490.00 261.95
2491.00 261.48
2492.00 260.27
2493.00 258.65
2494.00 255.53
2495.00 248.35
2496.00 239.31
2497.00 237.95
2498.00 249.12
2499.00 258.08
2500.00 278.36
2501.00 288.81
2502.00 293.83
2503.00 294.07
2504.00 291.32
2505.00 288.42
2506.00 285.50
2507.00 282.81
2508.00 280.47
2509.00 279.53
2510.00 279.61
2511.00 280.53
2512.00 281.67
2513.00 283.17
2514.00 284.28
2515.00 285.43
2516.00 285.49
2517.00 284.96
2518.00 283.46
2519.00 280.98
2520.00 277.38
2521.00 273.21
2522.00 267.40
2523.00 261.06
2524.00 259.48
2525.00 260.82
2526.00 264.71
2527.00 270.44
2528.00 274.71
2529.00 279.52
2530.00 284.00
2531.00 286.57
2532.00 285.52
2533.00 282.27
2534.00 278.60
2535.00 274.36
2536.00 267.87
2537.00 259.11
2538.00 253.90
2539.00 251.50
2540.00 251.53
2541.00 252.22
2542.00 253.69
2543.00 255.58
2544.00 258.20
2545.00 260.60
2546.00 260.96
2547.00 260.75
2548.00 259.17
2549.00 258.05
2550.00 257.66
2551.00 257.34
2552.00 257.22
2553.00 257.62
2554.00 258.38
2555.00 260.38
2556.00 261.26
2557.00 261.30
2558.00 261.30
2559.00 261.30
2560.00 260.76
2561.00 259.81
2562.00 259.16
2563.00 258.63
2564.00 257.77
2565.00 256.32
2566.00 254.06
2567.00 254.34
2568.00 258.85
2569.00 275.49
2570.00 286.70
2571.00 292.98
2572.00 295.14
2573.00 294.36
2574.00 291.74
2575.00 288.69
2576.00 286.67
2577.00 284.44
2578.00 282.69
2579.00 281.60
2580.00 281.02
2581.00 280.63
2582.00 280.78
2583.00 280.92
2584.00 281.03
2585.00 282.10
2586.00 282.66
2587.00 282.93
2588.00 283.40
2589.00 283.88
2590.00 283.42
2591.00 281.64
2592.00 281.05
2593.00 282.21
2594.00 283.47
2595.00 284.55
2596.00 285.15
2597.00 284.70
2598.00 282.93
2599.00 279.57
2600.00 275.71
2601.00 270.85
2602.00 263.40
2603.00 256.59
2604.00 252.32
2605.00 250.85
2606.00 251.75
2607.00 253.07
2608.00 255.29
2609.00 257.73
2610.00 260.00
2611.00 260.58
2612.00 260.06
2613.00 258.23
2614.00 257.30
2615.00 256.80
2616.00 256.66
2617.00 256.31
2618.00 256.86
2619.00 258.16
2620.00 259.53
2621.00 259.97
2622.00 259.98
2623.00 259.47
2624.00 258.69
2625.00 258.03
2626.00 257.60
2627.00 257.05
2628.00 257.08
2629.00 257.06
2630.00 256.76
2631.00 257.29
2632.00 258.43
2633.00 260.86
2634.00 260.32
2635.00 258.48
2636.00 255.92
2637.00 252.12
2638.00 247.44
2639.00 239.27
2640.00 228.93
2641.00 223.69
2642.00 223.51
2643.00 227.69
2644.00 231.57
2645.00 235.35
2646.00 239.56
2647.00 241.27
2648.00 242.29
2649.00 242.15
2650.00 239.76
2651.00 237.44
2652.00 234.87
2653.00 233.06
2654.00 232.68
2655.00 232.42
2656.00 233.70
2657.00 235.27
2658.00 236.32
2659.00 236.54
2660.00 237.74
2661.00 241.34
2662.00 243.65
2663.00 246.45
2664.00 247.23
2665.00 250.36
2666.00 257.85
2667.00 267.62
2668.00 274.43
2669.00 276.52
2670.00 276.08
2671.00 272.48
2672.00 266.08
2673.00 261.36
2674.00 257.93
2675.00 256.75
2676.00 257.15
2677.00 257.07
2678.00 257.91
2679.00 258.42
2680.00 259.28
2681.00 259.25
2682.00 259.22
2683.00 259.52
2684.00 259.44
2685.00 258.66
2686.00 258.52
2687.00 258.49
2688.00 258.50
2689.00 258.95
2690.00 259.46
2691.00 260.09
2692.00 260.27
2693.00 260.07
2694.00 260.15
2695.00 259.87
2696.00 260.24
2697.00 259.81
2698.00 260.14
2699.00 260.37
2700.00 260.62
2701.00 260.46
2702.00 260.71
2703.00 260.50
2704.00 259.55
2705.00 258.32
2706.00 257.73
2707.00 257.89
2708.00 257.78
2709.00 257.92
2710.00 258.39
2711.00 258.94
2712.00 259.31
2713.00 259.31
2714.00 260.07
2715.00 259.85
2716.00 259.39
2717.00 258.58
2718.00 257.76
2719.00 256.76
2720.00 256.56
2721.00 255.83
2722.00 253.93
2723.00 253.79
2724.00 254.30
2725.00 256.66
2726.00 258.48
2727.00 260.98
2728.00 262.91
2729.00 265.30
2730.00 267.26
2731.00 268.78
2732.00 271.55
2733.00 274.07
2734.00 274.57
2735.00 270.69
2736.00 267.83
2737.00 263.14
2738.00 258.74
2739.00 256.58
2740.00 255.25
2741.00 255.35
2742.00 257.71
2743.00 259.68
2744.00 261.40
2745.00 262.87
2746.00 263.67
2747.00 263.40
2748.00 262.29
2749.00 261.21
2750.00 260.95
2751.00 260.05
2752.00 260.57
2753.00 260.25
2754.00 260.61
2755.00 261.03
2756.00 260.58
2757.00 260.51
2758.00 261.07
2759.00 262.11
2760.00 262.80
2761.00 263.09
2762.00 261.85
2763.00 260.90
2764.00 260.10
2765.00 259.39
2766.00 258.92
2767.00 259.36
2768.00 260.02
2769.00 260.70
2770.00 260.71
2771.00 260.57
2772.00 260.18
2773.00 259.47
2774.00 259.36
2775.00 259.60
2776.00 259.58
2777.00 259.77
2778.00 260.02
2779.00 260.27
2780.00 260.70
2781.00 260.49
2782.00 260.29
2783.00 260.24
2784.00 260.41
2785.00 259.81
2786.00 257.62
2787.00 253.85
2788.00 248.71
2789.00 239.37
2790.00 227.16
2791.00 210.11
2792.00 204.07
2793.00 200.39
2794.00 197.30
2795.00 196.47
2796.00 202.26
2797.00 206.55
2798.00 223.60
2799.00 245.62
2800.00 266.94
2801.00 272.45
2802.00 271.10
2803.00 264.14
2804.00 258.81
2805.00 252.75
2806.00 240.96
2807.00 234.68
2808.00 226.80
2809.00 224.64
2810.00 225.28
2811.00 228.05
2812.00 230.92
2813.00 236.78
2814.00 242.71
2815.00 244.89
2816.00 244.81
2817.00 241.75
2818.00 239.20
2819.00 236.95
2820.00 236.01
2821.00 235.86
2822.00 237.93
2823.00 239.59
2824.00 239.69
2825.00 239.76
2826.00 239.52
2827.00 239.43
2828.00 238.76
2829.00 237.42
2830.00 236.33
2831.00 235.55
2832.00 235.09
2833.00 234.65
2834.00 234.64
2835.00 234.71
2836.00 235.57
2837.00 235.97
2838.00 236.30
2839.00 237.45
2840.00 239.14
2841.00 240.60
2842.00 241.27
2843.00 241.48
2844.00 240.87
2845.00 238.79
2846.00 236.75
2847.00 234.40
2848.00 233.35
2849.00 232.74
2850.00 232.94
2851.00 235.17
2852.00 236.74
2853.00 237.33
2854.00 237.23
2855.00 236.18
2856.00 235.44
2857.00 235.45
2858.00 234.78
2859.00 233.46
2860.00 233.84
2861.00 234.61
2862.00 236.28
2863.00 237.96
2864.00 238.35
2865.00 238.08
2866.00 237.72
2867.00 238.04
2868.00 238.52
2869.00 238.19
2870.00 237.35
2871.00 236.63
2872.00 236.08
2873.00 236.12
2874.00 235.91
2875.00 236.32
2876.00 237.31
2877.00 238.35
2878.00 238.52
2879.00 238.11
2880.00 236.62
2881.00 235.87
2882.00 236.01
2883.00 236.76
2884.00 238.04
2885.00 238.50
2886.00 238.38
2887.00 237.24
2888.00 236.43
2889.00 236.30
2890.00 237.57
2891.00 238.59
2892.00 239.09
2893.00 239.50
2894.00 239.85
2895.00 240.16
2896.00 240.51
2897.00 240.78
2898.00 240.20
2899.00 237.85
2900.00 233.35
2901.00 193.10
2902.00 0.00
2903.00 0.00
2904.00 0.00
2905.00 0.00
2906.00 0.00
2907.00 0.00
2908.00 0.00
2909.00 0.00
2910.00 0.00
2911.00 0.00
2912.00 0.00
2913.00 0.00
2914.00 0.00
2915.00 0.00
2916.00 0.00
2917.00 0.00
2918.00 0.00
2919.00 0.00
2920.00 0.00
2921.00 0.00
2922.00 0.00
2923.00 0.00
2924.00 0.00
2925.00 0.00
2926.00 0.00
2927.00 0.00
2928.00 0.00
2929.00 0.00
2930.00 0.00
2931.00 0.00
2932.00 0.00
2933.00 0.00
2934.00 0.00
2935.00 0.00
2936.00 0.00
2937.00 0.00
2938.00 0.00
2939.00 0.00
2940.00 0.00
2941.00 0.00
2942.00 0.00
2943.00 0.00
2944.00 0.00
2945.00 0.00
2946.00 0.00
2947.00 196.77
2948.00 203.19
2949.00 206.23
2950.00 209.15
2951.00 208.51
2952.00 206.97
2953.00 207.17
2954.00 207.74
2955.00 206.52
2956.00 206.69
2957.00 209.26
2958.00 210.81
2959.00 211.79
2960.00 212.97
2961.00 214.73
2962.00 216.05
2963.00 215.74
2964.00 214.84
2965.00 213.78
2966.00 212.12
2967.00 211.14
2968.00 209.26
2969.00 208.35
2970.00 208.85
2971.00 209.92
2972.00 211.47
2973.00 212.23
2974.00 213.06
2975.00 213.42
2976.00 213.56
2977.00 213.32
2978.00 212.69
2979.00 212.46
2980.00 211.56
2981.00 211.29
2982.00 211.07
2983.00 212.07
2984.00 213.08
2985.00 214.06
2986.00 215.15
2987.00 216.66
2988.00 218.13
2989.00 216.72
2990.00 215.13
2991.00 213.12
2992.00 212.75
2993.00 213.89
2994.00 214.63
2995.00 214.90
2996.00 214.13
2997.00 213.75
2998.00 213.62
2999.00 214.16
3000.00 214.64
3001.00 216.33
3002.00 218.30
3003.00 219.46
3004.00 219.09
3005.00 216.70
3006.00 214.82
3007.00 210.58
3008.00 207.98
3009.00 204.31
3010.00 199.10
3011.00 199.72
3012.00 201.48
3013.00 210.30
3014.00 220.38
3015.00 227.82
3016.00 230.91
3017.00 233.21
3018.00 233.67
3019.00 232.38
3020.00 230.22
3021.00 228.67
3022.00 227.06
3023.00 226.54
3024.00 227.62
3025.00 229.00
3026.00 230.72
3027.00 233.42
3028.00 236.21
3029.00 238.17
3030.00 238.63
3031.00 237.51
3032.00 235.32
3033.00 234.85
3034.00 234.81
3035.00 235.14
3036.00 235.60
3037.00 235.81
3038.00 236.17
3039.00 236.90
3040.00 236.62
3041.00 236.45
3042.00 237.54
3043.00 239.24
3044.00 240.47
3045.00 240.45
3046.00 239.58
3047.00 238.42
3048.00 237.31
3049.00 236.95
3050.00 237.24
3051.00 237.31
3052.00 237.60
3053.00 237.34
3054.00 236.86
3055.00 236.06
3056.00 235.29
3057.00 234.98
3058.00 235.83
3059.00 237.01
3060.00 237.68
3061.00 238.05
3062.00 238.21
3063.00 238.26
3064.00 238.72
3065.00 239.62
3066.00 240.16
3067.00 239.83
3068.00 239.17
3069.00 238.22
3070.00 237.63
3071.00 237.81
3072.00 239.40
3073.00 240.94
3074.00 241.43
3075.00 241.91
3076.00 240.63
3077.00 238.57
3078.00 234.92
3079.00 227.74
3080.00 223.37
3081.00 222.52
3082.00 229.39
3083.00 240.76
3084.00 254.57
3085.00 259.73
3086.00 261.85
3087.00 261.94
3088.00 260.13
3089.00 257.22
3090.00 254.64
3091.00 253.16
3092.00 252.50
3093.00 253.72
3094.00 255.35
3095.00 256.99
3096.00 258.67
3097.00 259.82
3098.00 260.56
3099.00 260.36
3100.00 260.18
3101.00 259.42
3102.00 258.28
3103.00 257.51
3104.00 257.33
3105.00 256.81
3106.00 255.52
3107.00 254.30
3108.00 254.92
3109.00 256.37
3110.00 257.78
3111.00 258.84
3112.00 259.47
3113.00 259.53
3114.00 259.43
3115.00 259.46
3116.00 259.62
3117.00 258.91
3118.00 258.42
3119.00 258.38
3120.00 258.53
3121.00 258.29
3122.00 258.67
3123.00 259.32
3124.00 259.52
3125.00 259.54
3126.00 259.63
3127.00 259.79
3128.00 260.25
3129.00 260.84
3130.00 260.80
3131.00 259.68
3132.00 259.22
3133.00 259.64
3134.00 259.76
3135.00 259.38
3136.00 259.34
3137.00 259.79
3138.00 260.44
3139.00 261.05
3140.00 261.74
3141.00 262.07
3142.00 261.71
3143.00 261.00
3144.00 260.30
3145.00 259.97
3146.00 259.48
3147.00 259.91
3148.00 260.06
3149.00 260.38
3150.00 260.06
3151.00 259.86
3152.00 259.63
3153.00 259.96
3154.00 260.62
3155.00 261.19
3156.00 262.08
3157.00 261.86
3158.00 261.32
3159.00 260.43
3160.00 259.76
3161.00 259.40
3162.00 258.61
3163.00 258.02
3164.00 258.27
3165.00 258.72
3166.00 259.55
3167.00 260.78
3168.00 261.86
3169.00 261.81
3170.00 260.65
3171.00 259.82
3172.00 259.76
3173.00 259.71
3174.00 260.27
3175.00 260.73
3176.00 260.89
3177.00 260.66
3178.00 260.05
3179.00 259.20
3180.00 258.71
3181.00 258.71
3182.00 258.92
3183.00 259.22
3184.00 259.69
3185.00 260.27
3186.00 260.38
3187.00 259.92
3188.00 259.00
3189.00 258.21
3190.00 258.24
3191.00 258.19
3192.00 258.17
3193.00 258.26
3194.00 258.10
3195.00 258.68
3196.00 259.89
3197.00 260.34
3198.00 260.62
3199.00 260.11
3200.00 259.76
3201.00 259.54
3202.00 258.81
3203.00 258.13
3204.00 258.34
3205.00 258.88
3206.00 259.13
3207.00 259.40
3208.00 260.12
3209.00 261.22
3210.00 260.59
3211.00 260.96
3212.00 260.59
3213.00 260.25
3214.00 260.00
3215.00 259.75
3216.00 259.59
3217.00 259.66
3218.00 259.85
3219.00 260.29
3220.00 260.90
3221.00 261.65
3222.00 261.49
3223.00 261.26
3224.00 260.81
3225.00 260.34
3226.00 260.36
3227.00 260.81
3228.00 261.00
3229.00 261.38
3230.00 261.43
3231.00 261.56
3232.00 261.95
3233.00 262.28
3234.00 261.57
3235.00 260.37
3236.00 259.77
3237.00 258.93
3238.00 258.55
3239.00 258.13
3240.00 257.94
3241.00 257.44
3242.00 257.34
3243.00 256.72
3244.00 256.49
3245.00 256.44
3246.00 256.11
3247.00 257.51
3248.00 257.74
3249.00 0.00
3250.00 0.00
3251.00 0.00
3252.00 0.00
3253.00 0.00
3254.00 0.00
3255.00 0.00
3256.00 0.00
3257.00 0.00
3258.00 0.00
3259.00 0.00
3260.00 0.00
3261.00 0.00
3262.00 0.00
3263.00 0.00
3264.00 0.00
3265.00 0.00
3266.00 0.00
3267.00 0.00
3268.00 0.00
3269.00 0.00
3270.00 0.00
3271.00 0.00
3272.00 0.00
3273.00 0.00
3274.00 0.00
3275.00 0.00
3276.00 0.00
3277.00 0.00
3278.00 0.00
3279.00 0.00
3280.00 0.00
3281.00 0.00
3282.00 0.00
3283.00 0.00
3284.00 0.00
3285.00 0.00
3286.00 0.00
3287.00 0.00
3288.00 0.00
3289.00 0.00
3290.00 0.00
3291.00 0.00
3292.00 0.00
3293.00 0.00
3294.00 0.00
3295.00 0.00
3296.00 0.00
3297.00 0.00
3298.00 0.00
3299.00 0.00
3300.00 0.00
3301.00 0.00
3302.00 0.00
3303.00 0.00
3304.00 0.00
3305.00 0.00
3306.00 166.51
3307.00 169.56
3308.00 175.45
3309.00 187.54
3310.00 197.34
3311.00 208.52
3312.00 222.01
3313.00 237.71
3314.00 245.92
3315.00 252.71
3316.00 255.83
3317.00 256.42
3318.00 255.89
3319.00 253.63
3320.00 251.52
3321.00 251.16
3322.00 252.21
3323.00 253.17
3324.00 254.06
3325.00 255.11
3326.00 255.37
3327.00 254.46
3328.00 253.72
3329.00 253.80
3330.00 254.42
3331.00 255.04
3332.00 256.62
3333.00 258.13
3334.00 258.04
3335.00 258.63
3336.00 258.39
3337.00 259.19
3338.00 259.39
3339.00 259.06
3340.00 259.93
3341.00 260.63
3342.00 260.88
3343.00 260.59
3344.00 259.65
3345.00 258.43
3346.00 257.68
3347.00 257.03
3348.00 257.26
3349.00 256.98
3350.00 257.54
3351.00 258.91
3352.00 259.59
3353.00 260.65
3354.00 260.85
3355.00 260.82
3356.00 261.20
3357.00 260.98
3358.00 260.71
3359.00 259.46
3360.00 258.78
3361.00 258.33
3362.00 258.41
3363.00 257.79
3364.00 257.66
3365.00 258.88
3366.00 260.40
3367.00 260.94
3368.00 260.79
3369.00 261.04
3370.00 259.94
3371.00 259.12
3372.00 259.00
3373.00 259.10
3374.00 259.26
3375.00 259.58
3376.00 259.46
3377.00 259.70
3378.00 259.52
3379.00 259.34
3380.00 259.12
3381.00 259.35
3382.00 259.49
3383.00 260.94
3384.00 261.52
3385.00 262.20
3386.00 261.56
3387.00 261.26
3388.00 260.49
3389.00 259.37
3390.00 258.47
3391.00 257.64
3392.00 257.34
3393.00 257.99
3394.00 258.93
3395.00 261.02
3396.00 264.19
3397.00 265.08
3398.00 264.69
3399.00 263.78
3400.00 262.31
3401.00 260.98
3402.00 260.26
3403.00 258.41
3404.00 258.25
3405.00 259.46
3406.00 267.87
3407.00 269.45
3408.00 267.56
3409.00 264.87
3410.00 263.59
3411.00 263.41
3412.00 262.13
3413.00 261.80
3414.00 261.23
3415.00 260.95
3416.00 261.23
3417.00 261.81
3418.00 262.57
3419.00 261.68
3420.00 262.87
3421.00 263.92
3422.00 263.20
3423.00 264.05
3424.00 262.62
3425.00 262.31
3426.00 262.01
3427.00 261.69
3428.00 263.11
3429.00 261.85
3430.00 261.27
3431.00 260.86
3432.00 261.28
3433.00 263.23
3434.00 265.20
3435.00 267.80
3436.00 269.96
3437.00 269.88
3438.00 268.35
3439.00 265.99
3440.00 262.56
3441.00 259.75
3442.00 258.19
3443.00 257.18
3444.00 256.63
3445.00 256.61
3446.00 257.34
3447.00 258.60
3448.00 261.05
3449.00 262.69
3450.00 262.86
3451.00 261.99
3452.00 261.08
3453.00 260.40
3454.00 259.26
3455.00 258.60
3456.00 258.15
3457.00 258.01
3458.00 259.11
3459.00 260.88
3460.00 261.01
3461.00 260.29
3462.00 259.73
3463.00 259.85
3464.00 260.41
3465.00 261.16
3466.00 261.66
3467.00 261.40
3468.00 262.12
3469.00 261.14
3470.00 260.20
3471.00 259.46
3472.00 258.85
3473.00 259.41
3474.00 260.94
3475.00 261.17
3476.00 260.94
3477.00 260.47
3478.00 261.00
3479.00 261.79
3480.00 262.84
3481.00 262.57
3482.00 262.35
3483.00 261.46
3484.00 260.86
3485.00 259.80
3486.00 258.99
3487.00 259.18
3488.00 259.79
3489.00 260.48
3490.00 260.99
3491.00 261.46
3492.00 262.49
3493.00 263.42
3494.00 263.69
3495.00 262.75
3496.00 260.61
3497.00 259.15
3498.00 258.95
3499.00 258.89
3500.00 259.34
3501.00 259.55
3502.00 260.79
3503.00 262.42
3504.00 263.04
3505.00 263.19
3506.00 262.61
3507.00 262.14
3508.00 261.80
3509.00 260.89
3510.00 260.21
3511.00 259.84
3512.00 258.65
3513.00 257.82
3514.00 258.40
3515.00 258.75
3516.00 259.42
3517.00 259.90
3518.00 260.34
3519.00 260.64
3520.00 260.68
3521.00 260.46
3522.00 259.28
3523.00 257.17
3524.00 255.64
3525.00 254.42
3526.00 252.77
3527.00 250.35
3528.00 247.24
3529.00 245.06
3530.00 241.01
3531.00 238.69
3532.00 238.18
3533.00 239.71
3534.00 242.40
3535.00 243.73
3536.00 247.10
3537.00 248.03
3538.00 247.55
3539.00 245.43
3540.00 242.14
3541.00 232.58
3542.00 218.48
3543.00 209.35
3544.00 193.22
3545.00 195.42
3546.00 198.49
3547.00 202.02
3548.00 205.98
3549.00 211.32
3550.00 216.76
3551.00 220.46
3552.00 220.40
3553.00 217.56
3554.00 213.32
3555.00 209.22
3556.00 205.97
3557.00 203.57
3558.00 203.05
3559.00 205.56
3560.00 208.36
3561.00 212.17
3562.00 217.02
3563.00 220.12
3564.00 220.75
3565.00 220.88
3566.00 219.78
3567.00 218.16
3568.00 214.47
3569.00 212.65
3570.00 212.81
3571.00 213.16
3572.00 217.27
3573.00 224.94
3574.00 239.42
3575.00 247.54
3576.00 253.32
3577.00 255.71
3578.00 254.79
3579.00 250.09
3580.00 244.78
3581.00 239.32
3582.00 233.40
3583.00 228.20
3584.00 227.10
3585.00 228.84
3586.00 230.87
3587.00 233.24
3588.00 236.05
3589.00 237.67
3590.00 237.95
3591.00 235.73
3592.00 232.98
3593.00 230.82
3594.00 229.99
3595.00 229.75
3596.00 230.19
3597.00 230.53
3598.00 231.08
3599.00 233.28
3600.00 235.33
3601.00 237.09
3602.00 239.12
3603.00 240.61
3604.00 241.20
3605.00 240.28
3606.00 238.31
3607.00 236.68
3608.00 235.47
3609.00 235.01
3610.00 235.29
3611.00 235.46
3612.00 236.25
3613.00 236.61
3614.00 236.89
3615.00 236.40
3616.00 236.60
3617.00 237.46
3618.00 237.81
3619.00 238.67
3620.00 238.66
3621.00 238.55
3622.00 237.79
3623.00 236.23
3624.00 234.55
3625.00 233.21
3626.00 231.97
3627.00 231.03
3628.00 231.50
3629.00 233.74
3630.00 236.11
3631.00 239.07
3632.00 241.50
3633.00 241.89
3634.00 240.50
3635.00 239.55
3636.00 238.72
3637.00 237.50
3638.00 235.86
3639.00 235.30
3640.00 235.71
3641.00 235.98
3642.00 236.71
3643.00 236.90
3644.00 237.54
3645.00 238.06
3646.00 237.25
3647.00 235.78
3648.00 233.79
3649.00 232.82
3650.00 231.93
3651.00 232.37
3652.00 233.36
3653.00 233.67
3654.00 233.40
3655.00 234.30
3656.00 235.33
3657.00 235.94
3658.00 236.49
3659.00 235.30
3660.00 232.81
3661.00 226.33
3662.00 219.65
3663.00 212.75
3664.00 208.06
3665.00 207.13
3666.00 207.62
3667.00 208.57
3668.00 210.18
3669.00 213.00
3670.00 215.99
3671.00 222.67
3672.00 228.02
3673.00 230.19
3674.00 229.17
3675.00 224.54
3676.00 218.13
3677.00 212.09
3678.00 199.45
3679.00 193.32
3680.00 178.11
3681.00 177.20
3682.00 180.78
3683.00 186.14
3684.00 189.53
3685.00 192.14
3686.00 194.77
3687.00 196.43
3688.00 196.99
3689.00 196.92
3690.00 195.54
3691.00 192.97
3692.00 190.75
3693.00 189.71
3694.00 189.86
3695.00 191.27
3696.00 193.18
3697.00 195.48
3698.00 196.80
3699.00 199.59
3700.00 202.24
3701.00 205.94
3702.00 206.96
3703.00 206.12
3704.00 204.05
3705.00 203.86
3706.00 202.57
3707.00 199.91
3708.00 197.87
3709.00 193.30
3710.00 191.93
3711.00 196.08
3712.00 204.60
3713.00 212.10
3714.00 220.17
3715.00 224.54
3716.00 225.42
3717.00 223.52
3718.00 220.94
3719.00 217.99
3720.00 214.83
3721.00 213.41
3722.00 212.16
3723.00 211.62
3724.00 212.38
3725.00 214.26
3726.00 217.28
3727.00 218.12
3728.00 216.66
3729.00 214.00
3730.00 212.18
3731.00 211.68
3732.00 212.12
3733.00 212.72
3734.00 212.92
3735.00 212.43
3736.00 211.98
3737.00 210.53
3738.00 207.77
3739.00 206.09
3740.00 206.73
3741.00 212.87
3742.00 224.63
3743.00 235.82
3744.00 243.60
3745.00 246.22
3746.00 243.67
3747.00 239.19
3748.00 235.66
3749.00 232.64
3750.00 230.92
3751.00 231.00
3752.00 230.51
3753.00 231.52
3754.00 232.69
3755.00 233.92
3756.00 235.50
3757.00 236.77
3758.00 237.72
3759.00 240.56
3760.00 239.60
3761.00 235.95
3762.00 232.16
3763.00 229.65
3764.00 228.27
3765.00 228.58
3766.00 231.53
3767.00 236.28
3768.00 239.78
3769.00 241.32
3770.00 248.79
3771.00 256.06
3772.00 265.81
3773.00 268.23
3774.00 268.05
3775.00 267.01
3776.00 264.34
3777.00 262.38
3778.00 259.80
3779.00 256.70
3780.00 255.85
3781.00 256.61
3782.00 259.08
3783.00 261.78
3784.00 263.29
3785.00 263.58
3786.00 263.80
3787.00 263.75
3788.00 263.57
3789.00 262.72
3790.00 261.60
3791.00 260.59
3792.00 260.04
3793.00 260.43
3794.00 260.27
3795.00 260.26
3796.00 260.65
3797.00 261.31
3798.00 263.02
3799.00 265.40
3800.00 266.02
3801.00 266.66
3802.00 266.24
3803.00 265.15
3804.00 264.04
3805.00 262.58
3806.00 261.97
3807.00 262.03
3808.00 261.17
3809.00 259.81
3810.00 258.99
3811.00 258.87
3812.00 258.15
3813.00 257.81
3814.00 258.22
3815.00 259.41
3816.00 261.34
3817.00 260.69
3818.00 259.25
3819.00 257.48
3820.00 255.44
3821.00 252.41
3822.00 245.75
3823.00 238.72
3824.00 231.49
3825.00 228.21
3826.00 224.58
3827.00 218.44
3828.00 234.75
3829.00 240.77
3830.00 254.76
3831.00 284.37
3832.00 284.65
3833.00 281.56
3834.00 275.74
3835.00 266.80
3836.00 249.18
3837.00 242.10
3838.00 233.27
3839.00 227.17
3840.00 224.28
3841.00 223.16
3842.00 225.10
3843.00 228.56
3844.00 232.07
3845.00 233.91
3846.00 234.28
3847.00 232.98
3848.00 230.59
3849.00 228.04
3850.00 226.70
3851.00 227.23
3852.00 230.37
3853.00 233.73
3854.00 236.05
3855.00 239.32
3856.00 243.84
3857.00 247.36
3858.00 248.07
3859.00 246.93
3860.00 245.41
3861.00 242.85
3862.00 240.03
3863.00 237.45
3864.00 232.79
3865.00 223.98
3866.00 217.58
3867.00 212.98
3868.00 210.33
3869.00 210.14
3870.00 212.19
3871.00 213.38
3872.00 214.01
3873.00 215.63
3874.00 217.18
3875.00 217.34
3876.00 216.07
3877.00 214.99
3878.00 213.48
3879.00 212.38
3880.00 211.56
3881.00 211.96
3882.00 213.89
3883.00 214.56
3884.00 215.70
3885.00 217.22
3886.00 218.41
3887.00 220.20
3888.00 221.38
3889.00 220.98
3890.00 219.51
3891.00 217.76
3892.00 215.89
3893.00 213.03
3894.00 209.83
3895.00 208.28
3896.00 211.03
3897.00 217.71
3898.00 230.52
3899.00 241.84
3900.00 247.86
3901.00 248.32
3902.00 246.57
3903.00 244.84
3904.00 242.56
3905.00 240.30
3906.00 236.55
3907.00 232.76
3908.00 230.15
3909.00 227.67
3910.00 226.73
3911.00 228.06
3912.00 229.05
3913.00 229.97
3914.00 230.13
3915.00 229.07
3916.00 226.09
3917.00 222.61
3918.00 218.10
3919.00 215.52
3920.00 214.70
3921.00 213.59
3922.00 212.02
3923.00 209.59
3924.00 207.12
3925.00 204.22
3926.00 202.31
3927.00 201.90
3928.00 202.79
3929.00 204.79
3930.00 205.75
3931.00 206.54
3932.00 206.67
3933.00 207.03
3934.00 199.95
3935.00 191.52
3936.00 186.17
3937.00 182.26
3938.00 181.35
3939.00 181.48
3940.00 182.30
3941.00 183.90
3942.00 186.00
3943.00 190.03
3944.00 194.36
3945.00 199.20
3946.00 202.60
3947.00 203.33
3948.00 203.15
3949.00 200.78
3950.00 197.50
3951.00 195.03
3952.00 191.65
3953.00 190.42
3954.00 192.13
3955.00 194.42
3956.00 197.14
3957.00 198.62
3958.00 199.68
3959.00 202.43
3960.00 205.05
3961.00 206.66
3962.00 206.31
3963.00 204.28
3964.00 199.52
3965.00 192.77
3966.00 185.38
3967.00 183.69
3968.00 186.30
3969.00 201.27
3970.00 210.68
3971.00 215.97
3972.00 217.75
3973.00 217.32
3974.00 214.85
3975.00 213.12
3976.00 210.27
3977.00 208.01
3978.00 207.97
3979.00 208.19
3980.00 209.10
3981.00 211.04
3982.00 212.56
3983.00 213.51
3984.00 214.27
3985.00 214.03
3986.00 214.48
3987.00 214.67
3988.00 215.89
3989.00 216.43
3990.00 215.88
3991.00 214.94
3992.00 212.96
3993.00 211.61
3994.00 210.49
3995.00 209.99
3996.00 209.74
3997.00 209.15
3998.00 210.10
3999.00 210.85
4000.00 210.95
4001.00 211.73
4002.00 212.27
4003.00 213.76
4004.00 215.32
4005.00 215.97
4006.00 216.29
4007.00 216.29
4008.00 215.68
4009.00 214.29
4010.00 212.87
4011.00 211.11
4012.00 210.15
4013.00 210.73
4014.00 211.74
4015.00 213.16
4016.00 214.55
4017.00 216.39
4018.00 217.35
4019.00 217.52
4020.00 216.13
4021.00 213.89
4022.00 209.89
4023.00 206.03
4024.00 202.87
4025.00 201.61
4026.00 200.68
4027.00 199.43
4028.00 196.05
4029.00 180.28
4030.00 183.44
4031.00 166.12
4032.00 101.85
4033.00 108.50
4034.00 130.79
4035.00 0.00
4036.00 0.00
4037.00 0.00
4038.00 0.00
4039.00 0.00
4040.00 0.00
4041.00 0.00
4042.00 0.00
4043.00 0.00
4044.00 0.00
4045.00 0.00
4046.00 0.00
4047.00 0.00
4048.00 0.00
4049.00 0.00
4050.00 0.00
4051.00 0.00
4052.00 0.00
4053.00 0.00
4054.00 0.00
4055.00 0.00
4056.00 0.00
4057.00 0.00
4058.00 0.00
4059.00 0.00
4060.00 0.00
4061.00 0.00
4062.00 0.00
4063.00 0.00
4064.00 0.00
4065.00 0.00
4066.00 0.00
4067.00 0.00
4068.00 0.00
4069.00 0.00
4070.00 0.00
4071.00 0.00
4072.00 0.00
4073.00 0.00
4074.00 0.00
4075.00 0.00
4076.00 0.00
4077.00 0.00
4078.00 0.00
4079.00 0.00
4080.00 0.00
4081.00 0.00
4082.00 0.00
4083.00 0.00
4084.00 0.00
4085.00 0.00
4086.00 185.64
4087.00 203.84
4088.00 200.62
4089.00 203.00
4090.00 207.89
4091.00 216.34
4092.00 222.58
4093.00 236.34
4094.00 248.05
4095.00 252.39
4096.00 254.51
4097.00 255.50
4098.00 254.74
4099.00 253.00
4100.00 251.40
4101.00 249.16
4102.00 247.93
4103.00 248.94
4104.00 250.30
4105.00 252.06
4106.00 254.01
4107.00 256.44
4108.00 259.10
4109.00 260.83
4110.00 261.78
4111.00 261.57
4112.00 259.76
4113.00 257.88
4114.00 257.15
4115.00 255.89
4116.00 255.07
4117.00 254.53
4118.00 255.15
4119.00 257.09
4120.00 257.54
4121.00 258.40
4122.00 260.82
4123.00 262.60
4124.00 263.05
4125.00 262.19
4126.00 260.10
4127.00 257.83
4128.00 257.21
4129.00 257.35
4130.00 257.27
4131.00 256.20
4132.00 255.04
4133.00 254.76
4134.00 254.50
4135.00 255.01
4136.00 256.29
4137.00 258.70
4138.00 262.43
4139.00 261.42
4140.00 260.14
4141.00 259.80
4142.00 259.97
4143.00 259.86
4144.00 260.10
4145.00 259.33
4146.00 259.72
4147.00 260.89
4148.00 261.40
4149.00 262.74
4150.00 264.77
4151.00 266.64
4152.00 266.44
4153.00 264.56
4154.00 262.06
4155.00 259.90
4156.00 258.13
4157.00 257.62
4158.00 257.61
4159.00 257.73
4160.00 259.01
4161.00 260.90
4162.00 263.31
4163.00 265.35
4164.00 264.87
4165.00 264.16
4166.00 263.24
4167.00 263.06
4168.00 262.97
4169.00 262.54
4170.00 261.84
4171.00 260.11
4172.00 258.81
4173.00 259.45
4174.00 260.82
4175.00 261.31
4176.00 263.12
4177.00 265.10
4178.00 266.71
4179.00 266.99
4180.00 266.69
4181.00 264.23
4182.00 261.96
4183.00 258.51
4184.00 253.95
4185.00 251.82
4186.00 254.25
4187.00 258.39
4188.00 269.20
4189.00 281.46
4190.00 292.03
4191.00 294.81
4192.00 294.87
4193.00 293.10
4194.00 290.27
4195.00 287.15
4196.00 285.31
4197.00 284.14
4198.00 282.46
4199.00 283.13
4200.00 283.53
4201.00 285.84
4202.00 287.06
4203.00 286.70
4204.00 286.84
4205.00 286.08
4206.00 284.78
4207.00 283.07
4208.00 280.58
4209.00 278.61
4210.00 276.57
4211.00 275.90
4212.00 277.04
4213.00 279.10
4214.00 280.27
4215.00 282.04
4216.00 282.88
4217.00 281.70
4218.00 279.81
4219.00 276.11
4220.00 269.72
4221.00 264.30
4222.00 258.81
4223.00 250.43
4224.00 245.69
4225.00 246.39
4226.00 248.04
4227.00 250.83
4228.00 253.19
4229.00 254.78
4230.00 256.03
4231.00 257.72
4232.00 258.27
4233.00 257.66
4234.00 257.01
4235.00 256.09
4236.00 255.67
4237.00 255.65
4238.00 255.26
4239.00 254.73
4240.00 255.04
4241.00 256.40
4242.00 257.87
4243.00 260.94
4244.00 265.63
4245.00 268.12
4246.00 270.48
4247.00 270.59
4248.00 269.00
4249.00 268.03
4250.00 267.82
4251.00 266.70
4252.00 264.98
4253.00 262.77
4254.00 259.49
4255.00 257.03
4256.00 255.38
4257.00 255.05
4258.00 256.33
4259.00 259.23
4260.00 264.00
4261.00 266.09
4262.00 266.42
4263.00 265.68
4264.00 264.37
4265.00 261.72
4266.00 259.20
4267.00 256.04
4268.00 253.98
4269.00 252.17
4270.00 251.51
4271.00 251.55
4272.00 251.78
4273.00 253.02
4274.00 253.21
4275.00 251.75
4276.00 249.75
4277.00 248.65
4278.00 129.38
4279.00 264.61
4280.00 271.46
4281.00 275.44
4282.00 272.74
4283.00 266.66
4284.00 262.11
4285.00 252.64
4286.00 242.46
4287.00 235.95
4288.00 233.55
4289.00 233.00
4290.00 233.69
4291.00 234.45
4292.00 235.54
4293.00 238.01
4294.00 240.30
4295.00 241.84
4296.00 240.82
4297.00 238.21
4298.00 235.57
4299.00 233.94
4300.00 233.38
4301.00 234.29
4302.00 236.79
4303.00 240.01
4304.00 240.47
4305.00 240.79
4306.00 241.80
4307.00 242.83
4308.00 242.67
4309.00 240.98
4310.00 239.13
4311.00 236.61
4312.00 233.37
4313.00 229.73
4314.00 223.05
4315.00 220.71
4316.00 223.64
4317.00 236.69
4318.00 243.11
4319.00 262.39
4320.00 285.37
4321.00 296.61
4322.00 302.45
4323.00 303.94
4324.00 301.08
4325.00 297.30
4326.00 292.96
4327.00 289.43
4328.00 287.03
4329.00 286.19
4330.00 287.01
4331.00 288.95
4332.00 290.91
4333.00 292.50
4334.00 293.83
4335.00 294.02
4336.00 293.03
4337.00 291.57
4338.00 289.97
4339.00 288.44
4340.00 287.37
4341.00 287.04
4342.00 286.87
4343.00 287.24
4344.00 289.44
4345.00 292.12
4346.00 294.95
4347.00 296.26
4348.00 297.19
4349.00 300.03
4350.00 305.07
4351.00 304.06
4352.00 298.94
4353.00 293.96
4354.00 290.18
4355.00 287.17
4356.00 284.85
4357.00 283.12
4358.00 283.05
4359.00 285.47
4360.00 286.64
4361.00 288.08
4362.00 291.25
4363.00 294.54
4364.00 296.65
4365.00 297.30
4366.00 296.45
4367.00 294.61
4368.00 292.13
4369.00 289.33
4370.00 286.26
4371.00 284.47
4372.00 284.23
4373.00 284.23
4374.00 283.96
4375.00 285.62
4376.00 287.90
4377.00 291.03
4378.00 294.33
4379.00 296.62
4380.00 297.21
4381.00 296.37
4382.00 294.22
4383.00 291.63
4384.00 289.44
4385.00 287.14
4386.00 285.77
4387.00 284.78
4388.00 284.18
4389.00 283.79
4390.00 284.47
4391.00 287.24
4392.00 290.27
4393.00 292.83
4394.00 295.74
4395.00 297.69
4396.00 298.95
4397.00 298.46
4398.00 296.12
4399.00 292.61
4400.00 290.37
4401.00 288.56
4402.00 286.66
4403.00 284.81
4404.00 284.44
4405.00 284.60
4406.00 285.54
4407.00 287.82
4408.00 289.76
4409.00 291.32
4410.00 293.20
4411.00 294.69
4412.00 295.73
4413.00 296.02
4414.00 294.72
4415.00 293.03
4416.00 291.57
4417.00 290.05
4418.00 288.30
4419.00 287.14
4420.00 286.51
4421.00 286.36
4422.00 287.56
4423.00 288.93
4424.00 290.20
4425.00 291.47
4426.00 292.96
4427.00 294.31
4428.00 295.01
4429.00 295.38
4430.00 294.70
4431.00 293.69
4432.00 292.69
4433.00 291.43
4434.00 289.63
4435.00 288.21
4436.00 287.07
4437.00 286.67
4438.00 286.33
4439.00 287.09
4440.00 288.48
4441.00 290.87
4442.00 292.57
4443.00 295.30
4444.00 298.29
4445.00 301.02
4446.00 302.61
4447.00 301.62
4448.00 299.91
4449.00 297.65
4450.00 295.08
4451.00 292.24
4452.00 289.91
4453.00 287.39
4454.00 285.32
4455.00 285.23
4456.00 286.08
4457.00 287.88
4458.00 290.17
4459.00 292.53
4460.00 295.01
4461.00 296.77
4462.00 297.60
4463.00 297.87
4464.00 297.48
4465.00 296.29
4466.00 295.58
4467.00 293.91
4468.00 292.56
4469.00 291.19
4470.00 288.87
4471.00 288.11
4472.00 288.16
4473.00 289.69
4474.00 291.69
4475.00 293.13
4476.00 294.25
4477.00 295.49
4478.00 295.12
4479.00 295.06
4480.00 295.78
4481.00 295.79
4482.00 296.71
4483.00 294.49
4484.00 292.53
4485.00 290.69
4486.00 287.75
4487.00 286.33
4488.00 285.59
4489.00 286.15
4490.00 287.43
4491.00 289.71
4492.00 291.34
4493.00 293.56
4494.00 294.79
4495.00 295.00
4496.00 296.98
4497.00 297.93
4498.00 299.43
4499.00 297.87
4500.00 295.75
4501.00 293.11
4502.00 290.53
4503.00 289.34
4504.00 288.42
4505.00 287.09
4506.00 286.79
4507.00 287.81
4508.00 288.54
4509.00 290.04
4510.00 291.99
4511.00 294.20
4512.00 297.17
4513.00 298.49
4514.00 299.29
4515.00 297.83
4516.00 296.57
4517.00 294.79
4518.00 292.32
4519.00 289.97
4520.00 287.35
4521.00 285.15
4522.00 284.14
4523.00 284.13
4524.00 284.80
4525.00 286.79
4526.00 288.53
4527.00 290.68
4528.00 293.23
4529.00 294.65
4530.00 295.38
4531.00 295.53
4532.00 295.65
4533.00 293.91
4534.00 292.34
4535.00 291.51
4536.00 289.36
4537.00 288.21
4538.00 286.70
4539.00 286.49
4540.00 286.84
4541.00 288.79
4542.00 291.19
4543.00 293.89
4544.00 296.02
4545.00 296.60
4546.00 297.29
4547.00 297.47
4548.00 297.31
4549.00 296.10
4550.00 294.42
4551.00 293.22
4552.00 291.78
4553.00 291.68
4554.00 292.00
4555.00 292.23
4556.00 293.42
4557.00 294.02
4558.00 294.36
4559.00 294.43
4560.00 293.17
4561.00 292.58
4562.00 286.81
4563.00 288.45
4564.00 82.50
4565.00 120.74
4566.00 0.00
4567.00 0.00
4568.00 0.00
4569.00 0.00
4570.00 0.00
4571.00 0.00
4572.00 0.00
4573.00 0.00
4574.00 0.00
4575.00 0.00
4576.00 0.00
4577.00 0.00
4578.00 0.00
4579.00 0.00
4580.00 0.00
4581.00 0.00
4582.00 0.00
4583.00 0.00
4584.00 0.00
4585.00 0.00
4586.00 0.00
4587.00 0.00
4588.00 0.00
4589.00 0.00
4590.00 0.00
4591.00 0.00
4592.00 0.00
4593.00 0.00
4594.00 0.00
4595.00 0.00
4596.00 0.00
4597.00 0.00
4598.00 0.00
4599.00 0.00
4600.00 0.00
4601.00 0.00
4602.00 0.00
4603.00 0.00
4604.00 0.00
4605.00 0.00
4606.00 0.00
4607.00 0.00
4608.00 0.00
4609.00 0.00
4610.00 0.00
4611.00 212.45
4612.00 217.68
4613.00 217.15
4614.00 215.06
4615.00 212.97
4616.00 210.46
4617.00 208.01
4618.00 207.94
4619.00 209.22
4620.00 211.63
4621.00 214.73
4622.00 217.93
4623.00 221.40
4624.00 224.92
4625.00 227.95
4626.00 229.30
4627.00 226.43
4628.00 219.81
4629.00 216.47
4630.00 211.69
4631.00 209.44
4632.00 208.71
4633.00 208.73
4634.00 210.22
4635.00 214.57
4636.00 217.12
4637.00 219.80
4638.00 223.61
4639.00 225.04
4640.00 224.53
4641.00 222.73
4642.00 219.79
4643.00 216.97
4644.00 215.30
4645.00 214.23
4646.00 213.01
4647.00 213.17
4648.00 214.87
4649.00 217.30
4650.00 219.85
4651.00 222.45
4652.00 222.74
4653.00 220.44
4654.00 219.25
4655.00 218.73
4656.00 217.66
4657.00 215.14
4658.00 214.84
4659.00 215.12
4660.00 215.89
4661.00 216.63
4662.00 217.47
4663.00 218.58
4664.00 219.42
4665.00 218.80
4666.00 216.48
4667.00 213.07
4668.00 208.75
4669.00 206.47
4670.00 206.52
4671.00 208.81
4672.00 217.21
4673.00 223.23
4674.00 232.33
4675.00 238.13
4676.00 242.52
4677.00 243.77
4678.00 241.47
4679.00 238.46
4680.00 236.56
4681.00 231.66
4682.00 231.96
4683.00 234.60
4684.00 237.71
4685.00 240.63
4686.00 243.97
4687.00 246.83
4688.00 248.50
4689.00 248.61
4690.00 246.26
4691.00 243.84
4692.00 240.46
4693.00 237.44
4694.00 234.75
4695.00 233.72
4696.00 234.12
4697.00 235.62
4698.00 236.75
4699.00 238.52
4700.00 241.73
4701.00 244.45
4702.00 246.20
4703.00 247.01
4704.00 245.71
4705.00 241.86
4706.00 238.07
4707.00 234.62
4708.00 233.87
4709.00 234.67
4710.00 236.01
4711.00 237.51
4712.00 239.92
4713.00 242.23
4714.00 243.17
4715.00 244.50
4716.00 244.84
4717.00 244.14
4718.00 241.07
4719.00 238.48
4720.00 235.39
4721.00 233.98
4722.00 236.48
4723.00 238.47
4724.00 240.99
4725.00 243.68
4726.00 244.91
4727.00 244.91
4728.00 245.83
4729.00 245.01
4730.00 243.40
4731.00 239.66
4732.00 228.41
4733.00 228.97
4734.00 231.73
4735.00 239.74
4736.00 249.15
4737.00 256.14
4738.00 262.96
4739.00 268.50
4740.00 269.07
4741.00 268.53
4742.00 266.25
4743.00 263.99
4744.00 263.17
4745.00 262.77
4746.00 262.06
4747.00 262.55
4748.00 263.92
4749.00 265.86
4750.00 267.05
4751.00 267.64
4752.00 268.08
4753.00 267.53
4754.00 266.72
4755.00 265.12
4756.00 263.74
4757.00 263.21
4758.00 262.63
4759.00 262.81
4760.00 263.64
4761.00 264.01
4762.00 264.45
4763.00 264.62
4764.00 265.33
4765.00 267.24
4766.00 268.54
4767.00 267.80
4768.00 266.10
4769.00 264.37
4770.00 262.49
4771.00 260.37
4772.00 258.53
4773.00 256.57
4774.00 256.63
4775.00 258.11
4776.00 260.28
4777.00 262.58
4778.00 264.68
4779.00 266.67
4780.00 268.20
4781.00 269.06
4782.00 267.74
4783.00 265.85
4784.00 263.16
4785.00 262.04
4786.00 261.10
4787.00 260.76
4788.00 260.06
4789.00 259.43
4790.00 259.94
4791.00 262.06
4792.00 264.65
4793.00 266.90
4794.00 267.74
4795.00 268.74
4796.00 268.90
4797.00 268.74
4798.00 267.66
4799.00 265.82
4800.00 263.92
4801.00 262.04
4802.00 261.07
4803.00 260.54
4804.00 260.30
4805.00 261.64
4806.00 264.04
4807.00 265.50
4808.00 266.08
4809.00 266.51
4810.00 267.08
4811.00 267.24
4812.00 267.05
4813.00 266.77
4814.00 266.29
4815.00 265.47
4816.00 264.37
4817.00 263.59
4818.00 264.32
4819.00 264.77
4820.00 264.81
4821.00 266.05
4822.00 267.63
4823.00 268.47
4824.00 267.97
4825.00 266.90
4826.00 265.82
4827.00 264.35
4828.00 261.50
4829.00 257.63
4830.00 251.62
4831.00 244.39
4832.00 247.99
4833.00 258.72
4834.00 272.52
4835.00 282.23
4836.00 289.95
4837.00 293.94
4838.00 294.39
4839.00 294.22
4840.00 292.82
4841.00 290.58
4842.00 289.20
4843.00 287.84
4844.00 286.42
4845.00 286.40
4846.00 287.25
4847.00 288.51
4848.00 289.70
4849.00 289.12
4850.00 287.54
4851.00 285.17
4852.00 280.93
4853.00 275.71
4854.00 270.94
4855.00 266.79
4856.00 263.50
4857.00 260.66
4858.00 261.20
4859.00 265.12
4860.00 268.70
4861.00 275.72
4862.00 281.55
4863.00 287.89
4864.00 293.57
4865.00 292.42
4866.00 289.23
4867.00 284.70
4868.00 276.67
4869.00 271.90
4870.00 266.47
4871.00 260.53
4872.00 258.19
4873.00 257.68
4874.00 258.33
4875.00 259.89
4876.00 261.92
4877.00 263.46
4878.00 263.84
4879.00 263.51
4880.00 263.01
4881.00 261.59
4882.00 259.76
4883.00 258.16
4884.00 258.38
4885.00 259.42
4886.00 260.82
4887.00 262.99
4888.00 265.59
4889.00 266.74
4890.00 267.66
4891.00 266.88
4892.00 264.64
4893.00 261.91
4894.00 258.50
4895.00 252.02
4896.00 248.75
4897.00 250.01
4898.00 260.51
4899.00 272.28
4900.00 280.81
4901.00 287.75
4902.00 291.76
4903.00 293.35
4904.00 293.69
4905.00 291.79
4906.00 290.46
4907.00 289.09
4908.00 286.65
4909.00 286.08
4910.00 286.22
4911.00 287.24
4912.00 289.15
4913.00 290.44
4914.00 290.34
4915.00 290.33
4916.00 288.90
4917.00 286.98
4918.00 284.86
4919.00 283.97
4920.00 284.60
4921.00 284.56
4922.00 285.14
4923.00 285.39
4924.00 285.28
4925.00 285.70
4926.00 286.19
4927.00 285.76
4928.00 285.22
4929.00 284.29
4930.00 283.10
4931.00 279.09
4932.00 273.88
4933.00 265.69
4934.00 259.40
4935.00 257.49
4936.00 258.06
4937.00 259.82
4938.00 262.19
4939.00 264.26
4940.00 265.15
4941.00 265.19
4942.00 264.72
4943.00 263.75
4944.00 261.82
4945.00 259.89
4946.00 258.95
4947.00 258.79
4948.00 258.90
4949.00 259.94
4950.00 261.07
4951.00 262.00
4952.00 263.08
4953.00 263.06
4954.00 262.79
4955.00 262.49
4956.00 262.32
4957.00 262.52
4958.00 262.55
4959.00 261.76
4960.00 260.58
4961.00 259.30
4962.00 257.15
4963.00 253.77
4964.00 249.84
4965.00 246.76
4966.00 243.98
4967.00 242.52
4968.00 241.10
4969.00 239.21
4970.00 238.71
4971.00 239.19
4972.00 240.44
4973.00 240.96
4974.00 240.42
4975.00 239.77
4976.00 239.40
4977.00 239.36
4978.00 239.92
4979.00 239.78
4980.00 240.14
4981.00 241.16
4982.00 241.72
4983.00 241.78
4984.00 243.08
4985.00 245.36
4986.00 247.97
4987.00 249.63
4988.00 250.46
4989.00 252.87
4990.00 261.29
4991.00 270.37
4992.00 276.86
4993.00 280.40
4994.00 279.42
4995.00 276.78
4996.00 271.11
4997.00 266.84
4998.00 264.22
4999.00 262.36
5000.00 261.27
5001.00 261.11
5002.00 262.01
5003.00 264.49
5004.00 265.51
5005.00 266.33
5006.00 266.70
5007.00 266.85
5008.00 266.85
5009.00 266.38
5010.00 265.95
5011.00 265.63
5012.00 264.75
5013.00 263.94
5014.00 263.11
5015.00 262.17
5016.00 262.05
5017.00 262.44
5018.00 263.35
5019.00 262.95
5020.00 262.94
5021.00 263.01
5022.00 263.82
5023.00 263.22
5024.00 263.08
5025.00 262.44
5026.00 262.57
5027.00 262.51
5028.00 261.64
5029.00 260.65
5030.00 260.28
5031.00 260.73
5032.00 261.21
5033.00 261.52
5034.00 261.86
5035.00 262.34
5036.00 262.65
5037.00 262.74
5038.00 262.42
5039.00 261.26
5040.00 260.95
5041.00 259.87
5042.00 259.20
5043.00 258.20
5044.00 258.31
5045.00 259.56
5046.00 260.60
5047.00 260.30
5048.00 260.01
5049.00 260.50
5050.00 261.84
5051.00 266.41
5052.00 269.22
5053.00 271.30
5054.00 273.49
5055.00 275.01
5056.00 275.34
5057.00 275.20
5058.00 273.75
5059.00 271.94
5060.00 269.54
5061.00 265.25
5062.00 260.92
5063.00 258.45
5064.00 257.73
5065.00 257.96
5066.00 259.51
5067.00 261.52
5068.00 262.59
5069.00 263.97
5070.00 263.89
5071.00 263.97
5072.00 264.04
5073.00 263.56
5074.00 263.36
5075.00 262.65
5076.00 261.89
5077.00 261.66
5078.00 261.50
5079.00 261.74
5080.00 262.76
5081.00 263.17
5082.00 263.39
5083.00 264.25
5084.00 264.79
5085.00 265.42
5086.00 266.23
5087.00 267.12
5088.00 268.13
5089.00 268.15
5090.00 267.36
5091.00 266.19
5092.00 264.84
5093.00 264.37
5094.00 264.87
5095.00 265.39
5096.00 265.81
5097.00 266.05
5098.00 266.25
5099.00 266.77
5100.00 265.77
5101.00 265.16
5102.00 264.48
5103.00 262.88
5104.00 260.94
5105.00 257.92
5106.00 252.27
5107.00 243.59
5108.00 233.38
5109.00 223.59
5110.00 217.99
5111.00 216.78
5112.00 211.94
5113.00 206.32
5114.00 204.55
5115.00 206.01
5116.00 211.34
5117.00 214.87
5118.00 122.75
5119.00 133.70
5120.00 141.63
5121.00 278.09
5122.00 278.25
5123.00 273.31
5124.00 265.33
5125.00 249.82
5126.00 241.96
5127.00 236.09
5128.00 232.61
5129.00 232.68
5130.00 233.97
5131.00 236.30
5132.00 238.40
5133.00 244.28
5134.00 245.53
5135.00 243.70
5136.00 241.11
5137.00 237.07
5138.00 235.41
5139.00 235.03
5140.00 234.72
5141.00 234.79
5142.00 235.93
5143.00 239.39
5144.00 243.33
5145.00 246.82
5146.00 247.23
5147.00 246.91
5148.00 245.10
5149.00 242.90
5150.00 241.22
5151.00 240.16
5152.00 239.68
5153.00 239.48
5154.00 240.98
5155.00 243.40
5156.00 244.70
5157.00 244.21
5158.00 243.72
5159.00 242.83
5160.00 242.01
5161.00 241.42
5162.00 240.35
5163.00 239.79
5164.00 238.71
5165.00 238.03
5166.00 237.92
5167.00 238.42
5168.00 239.77
5169.00 241.71
5170.00 243.67
5171.00 244.60
5172.00 243.40
5173.00 242.22
5174.00 240.65
5175.00 238.51
5176.00 238.36
5177.00 238.83
5178.00 240.50
5179.00 242.50
5180.00 243.67
5181.00 244.36
5182.00 243.47
5183.00 242.33
5184.00 242.24
5185.00 241.01
5186.00 240.79
5187.00 241.28
5188.00 242.50
5189.00 243.19
5190.00 243.47
5191.00 243.56
5192.00 243.90
5193.00 243.00
5194.00 241.60
5195.00 241.05
5196.00 240.08
5197.00 238.86
5198.00 239.44
5199.00 240.13
5200.00 240.93
5201.00 241.25
5202.00 242.09
5203.00 242.58
5204.00 243.10
5205.00 243.45
5206.00 242.79
5207.00 242.59
5208.00 242.43
5209.00 242.81
5210.00 243.80
5211.00 244.89
5212.00 245.51
5213.00 246.09
5214.00 247.12
5215.00 247.40
5216.00 245.38
5217.00 238.39
5218.00 234.25
5219.00 226.48
5220.00 186.88
5221.00 0.00
5222.00 0.00
5223.00 0.00
5224.00 0.00
5225.00 0.00
5226.00 0.00
5227.00 0.00
5228.00 0.00
5229.00 0.00
5230.00 0.00
5231.00 0.00
5232.00 0.00
5233.00 0.00
5234.00 0.00
5235.00 0.00
5236.00 0.00
5237.00 0.00
5238.00 0.00
5239.00 0.00
5240.00 0.00
5241.00 0.00
5242.00 0.00
5243.00 0.00
5244.00 0.00
5245.00 0.00
5246.00 0.00
5247.00 0.00
5248.00 0.00
5249.00 0.00
5250.00 0.00
5251.00 0.00
5252.00 0.00
5253.00 0.00
5254.00 0.00
5255.00 0.00
5256.00 0.00
5257.00 0.00
5258.00 0.00
5259.00 0.00
5260.00 211.09
5261.00 216.77
5262.00 219.24
5263.00 218.47
5264.00 215.40
5265.00 211.50
5266.00 210.32
5267.00 208.79
5268.00 208.55
5269.00 211.62
5270.00 213.09
5271.00 215.41
5272.00 219.09
5273.00 221.48
5274.00 222.34
5275.00 222.16
5276.00 221.04
5277.00 218.65
5278.00 216.36
5279.00 212.88
5280.00 212.83
5281.00 213.20
5282.00 212.98
5283.00 213.40
5284.00 215.45
5285.00 218.19
5286.00 219.97
5287.00 220.67
5288.00 220.92
5289.00 220.27
5290.00 218.86
5291.00 217.47
5292.00 215.89
5293.00 214.64
5294.00 214.41
5295.00 215.47
5296.00 216.49
5297.00 218.56
5298.00 220.36
5299.00 221.61
5300.00 221.87
5301.00 221.14
5302.00 220.35
5303.00 219.35
5304.00 218.87
5305.00 218.42
5306.00 217.59
5307.00 217.78
5308.00 218.09
5309.00 219.02
5310.00 220.62
5311.00 222.29
5312.00 223.38
5313.00 224.33
5314.00 223.78
5315.00 221.67
5316.00 219.31
5317.00 216.77
5318.00 211.03
5319.00 205.33
5320.00 199.86
5321.00 199.70
5322.00 202.92
5323.00 215.81
5324.00 223.89
5325.00 233.70
5326.00 238.32
5327.00 241.33
5328.00 241.94
5329.00 240.01
5330.00 237.67
5331.00 236.41
5332.00 235.15
5333.00 234.57
5334.00 234.93
5335.00 236.44
5336.00 238.76
5337.00 240.26
5338.00 241.66
5339.00 242.97
5340.00 243.75
5341.00 243.71
5342.00 242.38
5343.00 241.01
5344.00 239.59
5345.00 238.12
5346.00 237.58
5347.00 237.87
5348.00 238.55
5349.00 240.77
5350.00 243.22
5351.00 244.13
5352.00 244.04
5353.00 242.89
5354.00 241.47
5355.00 239.90
5356.00 239.31
5357.00 239.06
5358.00 238.79
5359.00 237.83
5360.00 237.26
5361.00 237.26
5362.00 237.87
5363.00 239.08
5364.00 241.02
5365.00 242.64
5366.00 243.04
5367.00 242.44
5368.00 242.18
5369.00 242.03
5370.00 241.43
5371.00 241.26
5372.00 241.23
5373.00 241.59
5374.00 242.17
5375.00 242.33
5376.00 242.63
5377.00 243.01
5378.00 243.23
5379.00 242.79
5380.00 241.84
5381.00 240.24
5382.00 237.32
5383.00 233.47
5384.00 227.67
5385.00 225.86
5386.00 233.16
5387.00 242.09
5388.00 251.74
5389.00 258.39
5390.00 263.62
5391.00 266.34
5392.00 265.69
5393.00 263.92
5394.00 261.82
5395.00 259.98
5396.00 259.57
5397.00 260.18
5398.00 261.00
5399.00 261.95
5400.00 262.49
5401.00 262.98
5402.00 265.08
5403.00 267.21
5404.00 267.56
5405.00 266.94
5406.00 266.08
5407.00 265.66
5408.00 264.73
5409.00 263.52
5410.00 262.68
5411.00 262.35
5412.00 262.50
5413.00 263.14
5414.00 263.39
5415.00 263.71
5416.00 264.23
5417.00 264.19
5418.00 264.28
5419.00 265.22
5420.00 266.26
5421.00 266.97
5422.00 266.49
5423.00 265.00
5424.00 263.61
5425.00 262.33
5426.00 262.02
5427.00 262.30
5428.00 263.27
5429.00 264.15
5430.00 264.54
5431.00 265.15
5432.00 265.57
5433.00 265.10
5434.00 264.56
5435.00 264.36
5436.00 263.64
5437.00 262.85
5438.00 262.38
5439.00 262.25
5440.00 263.08
5441.00 264.15
5442.00 265.22
5443.00 265.41
5444.00 265.70
5445.00 265.72
5446.00 265.66
5447.00 265.64
5448.00 266.20
5449.00 265.91
5450.00 264.80
5451.00 264.12
5452.00 263.97
5453.00 264.06
5454.00 264.31
5455.00 264.45
5456.00 265.37
5457.00 266.03
5458.00 266.72
5459.00 266.55
5460.00 265.96
5461.00 265.74
5462.00 265.09
5463.00 265.07
5464.00 265.48
5465.00 265.50
5466.00 264.55
5467.00 264.20
5468.00 263.86
5469.00 263.91
5470.00 265.12
5471.00 265.80
5472.00 265.77
5473.00 265.74
5474.00 265.71
5475.00 265.27
5476.00 264.56
5477.00 264.84
5478.00 264.97
5479.00 264.93
5480.00 265.49
5481.00 265.30
5482.00 265.60
5483.00 266.42
5484.00 266.78
5485.00 266.66
5486.00 266.37
5487.00 266.25
5488.00 266.51
5489.00 266.54
5490.00 266.82
5491.00 266.79
5492.00 266.98
5493.00 266.91
5494.00 266.12
5495.00 265.76
5496.00 266.01
5497.00 266.30
5498.00 265.90
5499.00 265.63
5500.00 265.15
5501.00 265.03
5502.00 265.22
5503.00 265.28
5504.00 265.64
5505.00 265.60
5506.00 265.59
5507.00 265.04
5508.00 264.05
5509.00 263.32
5510.00 262.96
5511.00 263.65
5512.00 265.07
5513.00 265.63
5514.00 266.14
5515.00 266.79
5516.00 267.13
5517.00 267.36
5518.00 267.29
5519.00 266.79
5520.00 266.51
5521.00 265.82
5522.00 265.99
5523.00 266.39
5524.00 266.13
5525.00 265.92
5526.00 265.40
5527.00 264.75
5528.00 264.73
5529.00 264.97
5530.00 265.05
5531.00 264.64
5532.00 264.29
5533.00 264.49
5534.00 265.57
5535.00 266.53
5536.00 267.27
5537.00 267.63
5538.00 267.34
5539.00 266.12
5540.00 264.64
5541.00 264.15
5542.00 264.13
5543.00 264.15
5544.00 264.32
5545.00 264.28
5546.00 264.21
5547.00 264.75
5548.00 265.02
5549.00 264.79
5550.00 265.08
5551.00 264.96
5552.00 264.85
5553.00 265.35
5554.00 265.81
5555.00 265.91
5556.00 265.53
5557.00 265.20
5558.00 265.02
5559.00 264.67
5560.00 264.30
5561.00 264.09
5562.00 264.23
5563.00 265.11
5564.00 265.36
5565.00 265.22
5566.00 265.15
5567.00 265.23
5568.00 265.07
5569.00 264.84
5570.00 264.40
5571.00 264.22
5572.00 265.22
5573.00 265.63
5574.00 265.49
5575.00 264.86
5576.00 264.01
5577.00 263.77
5578.00 263.22
5579.00 263.74
5580.00 264.17
5581.00 264.82
5582.00 265.36
5583.00 265.71
5584.00 266.27
5585.00 265.97
5586.00 264.74
5587.00 263.27
5588.00 262.19
5589.00 262.08
5590.00 262.47
5591.00 263.17
5592.00 264.12
5593.00 264.52
5594.00 264.33
5595.00 263.86
5596.00 264.10
5597.00 265.33
5598.00 266.60
5599.00 267.11
5600.00 266.67
5601.00 266.07
5602.00 265.72
5603.00 264.91
5604.00 264.56
5605.00 264.47
5606.00 264.47
5607.00 264.65
5608.00 265.10
5609.00 265.13
5610.00 265.23
5611.00 265.47
5612.00 265.17
5613.00 265.06
5614.00 265.97
5615.00 265.52
5616.00 265.41
5617.00 265.83
5618.00 266.05
5619.00 266.81
5620.00 267.13
5621.00 266.41
5622.00 265.54
5623.00 264.22
5624.00 264.26
5625.00 264.49
5626.00 264.17
5627.00 264.52
5628.00 265.10
5629.00 265.60
5630.00 265.88
5631.00 265.52
5632.00 265.80
5633.00 265.98
5634.00 265.34
5635.00 264.14
5636.00 263.75
5637.00 264.35
5638.00 265.49
5639.00 265.74
5640.00 267.07
5641.00 268.44
5642.00 268.49
5643.00 267.53
5644.00 266.46
5645.00 265.81
5646.00 266.50
5647.00 266.70
5648.00 266.43
5649.00 266.03
5650.00 265.20
5651.00 263.66
5652.00 263.52
5653.00 265.64
5654.00 267.06
5655.00 266.99
5656.00 267.06
5657.00 267.02
5658.00 267.85
5659.00 269.68
5660.00 270.88
5661.00 272.37
5662.00 272.58
5663.00 271.35
5664.00 269.49
5665.00 267.92
5666.00 267.12
5667.00 267.00
5668.00 266.08
5669.00 263.66
5670.00 259.55
5671.00 254.10
5672.00 0.00
5673.00 0.00
5674.00 0.00
5675.00 0.00
5676.00 0.00
5677.00 0.00
5678.00 0.00
5679.00 0.00
5680.00 0.00
5681.00 0.00
5682.00 0.00
5683.00 0.00
5684.00 0.00
5685.00 0.00
5686.00 0.00
5687.00 0.00
5688.00 0.00
5689.00 0.00
5690.00 0.00
5691.00 0.00
5692.00 0.00
5693.00 0.00
5694.00 0.00
5695.00 0.00
5696.00 0.00
5697.00 0.00
5698.00 0.00
5699.00 0.00
5700.00 0.00
5701.00 0.00
5702.00 0.00
5703.00 0.00
5704.00 0.00
5705.00 0.00
5706.00 0.00
5707.00 0.00
5708.00 0.00
5709.00 0.00
5710.00 0.00
5711.00 0.00
5712.00 0.00
5713.00 0.00
5714.00 0.00
5715.00 0.00
5716.00 0.00
5717.00 0.00
5718.00 0.00
5719.00 0.00
5720.00 0.00
5721.00 0.00
5722.00 0.00
5723.00 0.00
5724.00 0.00
5725.00 0.00
5726.00 0.00
5727.00 0.00
5728.00 0.00
5729.00 0.00
5730.00 0.00
5731.00 0.00
5732.00 0.00
5733.00 0.00
5734.00 0.00
5735.00 0.00
5736.00 0.00
5737.00 0.00
5738.00 0.00
5739.00 0.00
5740.00 0.00
5741.00 0.00
5742.00 0.00
5743.00 0.00
5744.00 0.00
5745.00 0.00
5746.00 0.00
5747.00 0.00
5748.00 0.00
5749.00 0.00
5750.00 0.00
5751.00 0.00
5752.00 0.00
5753.00 0.00
5754.00 0.00
5755.00 0.00
5756.00 0.00
5757.00 0.00
5758.00 0.00
5759.00 0.00
5760.00 0.00
5761.00 0.00
5762.00 0.00
5763.00 0.00
5764.00 0.00
5765.00 0.00
5766.00 0.00
5767.00 0.00
5768.00 0.00
5769.00 0.00
5770.00 0.00
5771.00 0.00
5772.00 0.00
5773.00 0.00
5774.00 0.00
5775.00 0.00
5776.00 0.00
5777.00 0.00
5778.00 0.00
5779.00 0.00
5780.00 0.00
5781.00 0.00
5782.00 0.00
5783.00 0.00
5784.00 0.00
5785.00 0.00
5786.00 0.00
5787.00 0.00
5788.00 0.00
5789.00 0.00
5790.00 0.00
5791.00 0.00
5792.00 0.00
5793.00 0.00
5794.00 0.00
5795.00 0.00
5796.00 0.00
5797.00 0.00
5798.00 0.00
5799.00 0.00
5800.00 0.00
5801.00 0.00
5802.00 0.00
5803.00 0.00
5804.00 0.00
5805.00 0.00
5806.00 0.00
5807.00 0.00
5808.00 0.00
5809.00 0.00
5810.00 0.00
5811.00 0.00
5812.00 0.00
5813.00 0.00
5814.00 0.00
5815.00 0.00
5816.00 0.00
5817.00 0.00
5818.00 0.00
5819.00 0.00
5820.00 0.00
5821.00 0.00
5822.00 0.00
5823.00 0.00
5824.00 0.00
5825.00 0.00
5826.00 0.00
5827.00 0.00
5828.00 0.00
5829.00 0.00
5830.00 0.00
5831.00 0.00
5832.00 0.00
5833.00 0.00
5834.00 0.00
5835.00 0.00
5836.00 0.00
5837.00 0.00
5838.00 0.00
5839.00 0.00
5840.00 0.00
5841.00 0.00
5842.00 0.00
5843.00 0.00
5844.00 0.00
5845.00 0.00
5846.00 0.00
5847.00 0.00
5848.00 0.00
5849.00 0.00
5850.00 0.00
5851.00 0.00
5852.00 0.00
5853.00 0.00
5854.00 0.00
5855.00 0.00
5856.00 0.00
5857.00 0.00
5858.00 0.00
5859.00 0.00
5860.00 0.00
5861.00 0.00
5862.00 0.00
5863.00 0.00
5864.00 0.00
5865.00 0.00
5866.00 0.00
5867.00 0.00
5868.00 0.00
5869.00 0.00
5870.00 0.00
5871.00 0.00
5872.00 0.00
5873.00 0.00
5874.00 0.00
5875.00 0.00
5876.00 0.00
5877.00 0.00
5878.00 0.00
5879.00 0.00
5880.00 0.00
5881.00 0.00
5882.00 0.00
5883.00 0.00
5884.00 0.00
5885.00 0.00
5886.00 0.00
5887.00 0.00
5888.00 0.00
5889.00 0.00
5890.00 0.00
5891.00 0.00
5892.00 0.00
5893.00 0.00
5894.00 0.00
5895.00 0.00
5896.00 0.00
5897.00 0.00
5898.00 0.00
5899.00 0.00
5900.00 0.00
5901.00 0.00
5902.00 0.00
5903.00 0.00
5904.00 0.00
5905.00 0.00
5906.00 0.00
5907.00 0.00
5908.00 0.00
5909.00 0.00
5910.00 0.00
5911.00 0.00
5912.00 0.00
5913.00 0.00
5914.00 0.00
5915.00 0.00
5916.00 0.00
5917.00 0.00
5918.00 0.00
5919.00 0.00
5920.00 0.00
5921.00 0.00
5922.00 0.00
5923.00 0.00
5924.00 0.00
5925.00 0.00
5926.00 0.00
5927.00 0.00
5928.00 0.00
5929.00 0.00
5930.00 0.00
5931.00 0.00
5932.00 0.00
5933.00 0.00
5934.00 0.00
5935.00 0.00
5936.00 0.00
5937.00 0.00
5938.00 0.00
5939.00 0.00
5940.00 0.00
5941.00 0.00
5942.00 0.00
5943.00 0.00
5944.00 0.00
5945.00 0.00
5946.00 0.00
5947.00 0.00
5948.00 0.00
5949.00 0.00
5950.00 0.00
5951.00 0.00
5952.00 0.00
5953.00 0.00
5954.00 0.00
5955.00 0.00
5956.00 0.00
5957.00 0.00
5958.00 0.00
5959.00 0.00
5960.00 0.00
5961.00 0.00
5962.00 0.00
5963.00 0.00
5964.00 0.00
5965.00 0.00
5966.00 0.00
5967.00 0.00
5968.00 0.00
5969.00 0.00
5970.00 0.00
5971.00 0.00
5972.00 0.00
5973.00 0.00
5974.00 0.00
5975.00 0.00
5976.00 0.00
5977.00 0.00
5978.00 0.00
5979.00 0.00
5980.00 0.00
5981.00 0.00
5982.00 0.00
5983.00 0.00
5984.00 0.00
5985.00 0.00
5986.00 0.00
5987.00 0.00
5988.00 0.00
5989.00 0.00
5990.00 0.00
5991.00 0.00
5992.00 0.00
5993.00 0.00
5994.00 0.00
5995.00 0.00
5996.00 0.00
5997.00 0.00
5998.00 0.00
5999.00 0.00
6000.00 0.00
6001.00 0.00
6002.00 0.00
6003.00 0.00
6004.00 0.00
6005.00 0.00
6006.00 0.00
6007.00 0.00
6008.00 0.00
