0.00 0.00
1.00 0.00
2.00 0.00
3.00 0.00
4.00 0.00
5.00 0.00
6.00 0.00
7.00 0.00
8.00 0.00
9.00 0.00
10.00 0.00
11.00 0.00
12.00 0.00
13.00 0.00
14.00 0.00
15.00 0.00
16.00 0.00
17.00 0.00
18.00 0.00
19.00 0.00
20.00 0.00
21.00 0.00
22.00 0.00
23.00 0.00
24.00 0.00
25.00 0.00
26.00 0.00
27.00 0.00
28.00 0.00
29.00 0.00
30.00 0.00
31.00 0.00
32.00 0.00
33.00 0.00
34.00 0.00
35.00 0.00
36.00 0.00
37.00 0.00
38.00 0.00
39.00 0.00
40.00 0.00
41.00 0.00
42.00 0.00
43.00 0.00
44.00 0.00
45.00 0.00
46.00 0.00
47.00 0.00
48.00 0.00
49.00 0.00
50.00 138.00
51.00 150.45
52.00 161.62
53.00 171.02
54.00 182.03
55.00 200.27
56.00 208.26
57.00 216.00
58.00 221.04
59.00 226.52
60.00 231.84
61.00 236.48
62.00 240.75
63.00 243.82
64.00 246.21
65.00 248.32
66.00 250.35
67.00 252.77
68.00 254.52
69.00 256.15
70.00 257.69
71.00 258.49
72.00 258.72
73.00 259.01
74.00 259.75
75.00 260.89
76.00 261.81
77.00 262.53
78.00 263.27
79.00 263.60
80.00 263.80
81.00 264.28
82.00 265.04
83.00 265.70
84.00 265.78
85.00 265.27
86.00 264.85
87.00 264.26
88.00 263.52
89.00 262.88
90.00 262.41
91.00 262.22
92.00 262.65
93.00 263.35
94.00 264.64
95.00 266.20
96.00 267.24
97.00 267.94
98.00 268.30
99.00 268.34
100.00 267.94
101.00 267.28
102.00 266.58
103.00 265.82
104.00 264.40
105.00 263.24
106.00 262.92
107.00 263.08
108.00 263.94
109.00 264.79
110.00 265.62
111.00 266.60
112.00 267.52
113.00 267.76
114.00 267.65
115.00 267.98
116.00 268.69
117.00 269.11
118.00 268.74
119.00 268.04
120.00 267.29
121.00 266.67
122.00 265.99
123.00 265.68
124.00 265.73
125.00 266.03
126.00 266.47
127.00 266.94
128.00 267.64
129.00 268.32
130.00 268.88
131.00 269.02
132.00 268.95
133.00 268.65
134.00 268.17
135.00 267.60
136.00 267.11
137.00 266.87
138.00 266.54
139.00 266.53
140.00 266.90
141.00 267.28
142.00 267.57
143.00 267.82
144.00 267.98
145.00 267.84
146.00 267.65
147.00 267.03
148.00 266.38
149.00 266.50
150.00 266.91
151.00 267.24
152.00 267.26
153.00 267.37
154.00 267.54
155.00 267.95
156.00 268.33
157.00 268.68
158.00 269.04
159.00 269.35
160.00 269.42
161.00 268.79
162.00 267.58
163.00 265.92
164.00 263.49
165.00 259.24
166.00 254.73
167.00 248.65
168.00 243.77
169.00 241.82
170.00 241.24
171.00 244.48
172.00 247.24
173.00 249.79
174.00 253.83
175.00 263.78
176.00 271.07
177.00 272.23
178.00 271.15
179.00 267.69
180.00 261.88
181.00 254.15
182.00 245.32
183.00 239.02
184.00 234.80
185.00 234.58
186.00 236.07
187.00 237.80
188.00 240.92
189.00 243.08
190.00 244.59
191.00 245.23
192.00 245.20
193.00 244.36
194.00 242.37
195.00 240.61
196.00 238.72
197.00 237.74
198.00 237.71
199.00 237.96
200.00 238.38
201.00 238.85
202.00 239.35
203.00 239.97
204.00 241.13
205.00 242.24
206.00 243.09
207.00 243.59
208.00 243.45
209.00 242.10
210.00 238.55
211.00 237.52
212.00 238.28
213.00 236.02
214.00 233.69
215.00 230.66
216.00 227.80
217.00 225.96
218.00 225.38
219.00 224.13
220.00 223.98
221.00 223.93
222.00 224.31
223.00 224.70
224.00 225.23
225.00 225.78
226.00 225.95
227.00 225.50
228.00 224.57
229.00 223.65
230.00 223.01
231.00 222.58
232.00 222.33
233.00 221.83
234.00 221.40
235.00 221.08
236.00 220.43
237.00 218.43
238.00 206.64
239.00 218.97
240.00 219.01
241.00 219.21
242.00 218.75
243.00 218.78
244.00 219.04
245.00 219.35
246.00 219.51
247.00 219.50
248.00 219.54
249.00 219.55
250.00 219.43
251.00 219.11
252.00 218.55
253.00 217.50
254.00 215.73
255.00 213.07
256.00 209.30
257.00 198.95
258.00 192.65
259.00 191.25
260.00 188.57
261.00 196.73
262.00 210.37
263.00 217.73
264.00 209.45
265.00 205.63
266.00 201.99
267.00 198.52
268.00 196.63
269.00 195.68
270.00 195.61
271.00 196.29
272.00 197.21
273.00 197.92
274.00 198.27
275.00 198.04
276.00 198.01
277.00 198.00
278.00 197.98
279.00 198.00
280.00 198.34
281.00 199.34
282.00 199.91
283.00 200.23
284.00 200.43
285.00 200.37
286.00 200.00
287.00 199.56
288.00 199.05
289.00 198.52
290.00 198.33
291.00 197.92
292.00 197.17
293.00 196.40
294.00 195.80
295.00 195.61
296.00 196.04
297.00 197.02
298.00 198.24
299.00 199.44
300.00 200.55
301.00 200.90
302.00 201.07
303.00 200.83
304.00 200.57
305.00 200.06
306.00 198.86
307.00 197.30
308.00 195.98
309.00 194.78
310.00 193.81
311.00 193.44
312.00 193.84
313.00 195.92
314.00 198.71
315.00 201.24
316.00 202.64
317.00 203.38
318.00 203.36
319.00 202.15
320.00 200.55
321.00 199.83
322.00 199.65
323.00 200.03
324.00 201.74
325.00 204.13
326.00 206.61
327.00 210.88
328.00 216.01
329.00 221.44
330.00 227.34
331.00 232.53
332.00 236.19
333.00 237.76
334.00 237.62
335.00 236.67
336.00 235.88
337.00 235.38
338.00 235.32
339.00 235.46
340.00 236.48
341.00 237.96
342.00 239.67
343.00 240.93
344.00 242.02
345.00 243.14
346.00 244.17
347.00 244.77
348.00 244.61
349.00 244.37
350.00 244.16
351.00 243.87
352.00 243.57
353.00 243.20
354.00 242.51
355.00 241.45
356.00 240.69
357.00 240.31
358.00 240.09
359.00 240.17
360.00 240.71
361.00 241.43
362.00 242.56
363.00 243.75
364.00 244.53
365.00 244.64
366.00 244.72
367.00 244.55
368.00 244.17
369.00 243.74
370.00 243.47
371.00 243.35
372.00 242.81
373.00 242.28
374.00 241.93
375.00 242.12
376.00 242.41
377.00 242.22
378.00 241.81
379.00 241.39
380.00 241.05
381.00 240.95
382.00 240.98
383.00 241.15
384.00 241.39
385.00 241.77
386.00 242.15
387.00 242.65
388.00 243.61
389.00 244.35
390.00 244.81
391.00 244.71
392.00 243.89
393.00 242.69
394.00 241.76
395.00 241.27
396.00 241.44
397.00 241.79
398.00 242.03
399.00 241.90
400.00 241.48
401.00 241.03
402.00 240.61
403.00 240.25
404.00 240.15
405.00 240.41
406.00 240.95
407.00 241.53
408.00 241.98
409.00 241.95
410.00 241.10
411.00 240.91
412.00 241.42
413.00 241.50
414.00 241.19
415.00 240.56
416.00 239.94
417.00 239.34
418.00 239.84
419.00 240.77
420.00 241.37
421.00 241.95
422.00 242.44
423.00 243.17
424.00 243.97
425.00 244.71
426.00 245.53
427.00 245.68
428.00 245.06
429.00 244.22
430.00 243.85
431.00 243.40
432.00 243.34
433.00 243.53
434.00 243.06
435.00 242.49
436.00 241.78
437.00 241.20
438.00 241.03
439.00 241.46
440.00 242.12
441.00 242.45
442.00 242.93
443.00 243.71
444.00 244.28
445.00 244.50
446.00 244.11
447.00 243.39
448.00 242.72
449.00 242.49
450.00 242.62
451.00 242.67
452.00 242.46
453.00 242.08
454.00 241.81
455.00 241.96
456.00 242.34
457.00 242.64
458.00 242.87
459.00 243.37
460.00 243.60
461.00 243.57
462.00 243.51
463.00 243.30
464.00 242.98
465.00 242.76
466.00 242.41
467.00 242.02
468.00 241.47
469.00 240.77
470.00 239.86
471.00 234.63
472.00 233.50
473.00 228.53
474.00 223.81
475.00 213.45
476.00 198.32
477.00 185.55
478.00 162.36
479.00 158.50
480.00 233.30
481.00 226.13
482.00 0.00
483.00 0.00
484.00 0.00
485.00 0.00
486.00 0.00
487.00 0.00
488.00 0.00
489.00 0.00
490.00 0.00
491.00 0.00
492.00 0.00
493.00 0.00
494.00 0.00
495.00 0.00
496.00 0.00
497.00 0.00
498.00 0.00
499.00 0.00
500.00 0.00
501.00 0.00
502.00 0.00
503.00 0.00
504.00 0.00
505.00 237.55
506.00 234.49
507.00 234.89
508.00 235.93
509.00 236.82
510.00 237.52
511.00 237.72
512.00 238.05
513.00 238.31
514.00 238.36
515.00 238.91
516.00 240.22
517.00 241.07
518.00 241.19
519.00 240.86
520.00 240.43
521.00 239.57
522.00 238.72
523.00 238.21
524.00 237.49
525.00 236.44
526.00 235.99
527.00 236.09
528.00 236.16
529.00 235.41
530.00 234.24
531.00 232.29
532.00 230.59
533.00 235.24
534.00 238.81
535.00 241.52
536.00 244.69
537.00 247.58
538.00 250.77
539.00 252.31
540.00 252.55
541.00 251.80
542.00 249.45
543.00 246.28
544.00 243.68
545.00 239.79
546.00 235.13
547.00 232.66
548.00 231.50
549.00 230.69
550.00 229.96
551.00 229.78
552.00 229.75
553.00 229.45
554.00 228.78
555.00 227.42
556.00 226.13
557.00 225.10
558.00 223.95
559.00 222.81
560.00 222.73
561.00 222.98
562.00 223.22
563.00 223.84
564.00 224.67
565.00 225.21
566.00 225.60
567.00 225.95
568.00 226.13
569.00 225.92
570.00 225.66
571.00 225.31
572.00 224.51
573.00 223.45
574.00 222.26
575.00 220.80
576.00 220.18
577.00 219.87
578.00 219.40
579.00 219.47
580.00 220.40
581.00 221.46
582.00 222.57
583.00 223.53
584.00 224.02
585.00 223.73
586.00 222.76
587.00 221.93
588.00 221.09
589.00 219.86
590.00 218.71
591.00 218.15
592.00 217.74
593.00 217.81
594.00 218.40
595.00 218.82
596.00 219.01
597.00 219.51
598.00 220.04
599.00 220.37
600.00 220.57
601.00 221.04
602.00 221.20
603.00 221.15
604.00 221.24
605.00 221.27
606.00 221.15
607.00 221.17
608.00 221.10
609.00 221.17
610.00 221.23
611.00 221.15
612.00 220.84
613.00 220.56
614.00 220.41
615.00 220.04
616.00 219.78
617.00 219.36
618.00 218.88
619.00 218.85
620.00 219.12
621.00 219.49
622.00 220.18
623.00 220.93
624.00 221.26
625.00 221.47
626.00 221.90
627.00 221.76
628.00 221.15
629.00 220.17
630.00 219.19
631.00 218.27
632.00 217.15
633.00 216.49
634.00 216.24
635.00 216.21
636.00 216.56
637.00 217.99
638.00 219.78
639.00 221.43
640.00 222.45
641.00 223.09
642.00 222.48
643.00 221.69
644.00 220.76
645.00 219.61
646.00 218.28
647.00 216.98
648.00 216.14
649.00 215.41
650.00 215.30
651.00 216.19
652.00 217.78
653.00 219.43
654.00 220.12
655.00 220.78
656.00 221.34
657.00 221.78
658.00 221.81
659.00 221.63
660.00 220.99
661.00 220.13
662.00 219.67
663.00 219.11
664.00 218.77
665.00 218.43
666.00 218.31
667.00 218.48
668.00 218.63
669.00 218.77
670.00 218.70
671.00 218.49
672.00 217.63
673.00 217.00
674.00 216.86
675.00 216.00
676.00 215.45
677.00 216.07
678.00 216.47
679.00 217.28
680.00 218.42
681.00 219.57
682.00 220.63
683.00 221.13
684.00 220.78
685.00 220.19
686.00 219.58
687.00 218.89
688.00 217.75
689.00 216.68
690.00 216.00
691.00 216.20
692.00 216.39
693.00 216.71
694.00 217.10
695.00 217.55
696.00 217.75
697.00 217.48
698.00 217.32
699.00 216.97
700.00 216.67
701.00 216.59
702.00 216.62
703.00 216.74
704.00 216.88
705.00 216.78
706.00 216.61
707.00 216.53
708.00 216.27
709.00 216.12
710.00 215.75
711.00 215.28
712.00 214.94
713.00 214.39
714.00 213.65
715.00 212.43
716.00 208.76
717.00 205.16
718.00 183.33
719.00 177.21
720.00 1999.84
721.00 0.00
722.00 0.00
723.00 0.00
724.00 0.00
725.00 0.00
726.00 0.00
727.00 0.00
728.00 0.00
729.00 0.00
730.00 199.37
731.00 202.86
732.00 205.59
733.00 206.79
734.00 207.79
735.00 208.81
736.00 210.53
737.00 212.43
738.00 216.29
739.00 219.27
740.00 222.78
741.00 226.10
742.00 229.26
743.00 231.59
744.00 232.91
745.00 233.40
746.00 233.61
747.00 233.84
748.00 234.09
749.00 234.12
750.00 233.93
751.00 233.80
752.00 233.54
753.00 233.29
754.00 233.29
755.00 233.27
756.00 232.97
757.00 233.11
758.00 232.87
759.00 232.59
760.00 232.86
761.00 233.16
762.00 233.05
763.00 233.08
764.00 233.39
765.00 233.70
766.00 234.29
767.00 234.98
768.00 235.71
769.00 236.73
770.00 237.73
771.00 238.64
772.00 238.64
773.00 238.23
774.00 237.28
775.00 236.39
776.00 235.73
777.00 235.62
778.00 235.58
779.00 235.38
780.00 235.49
781.00 235.20
782.00 235.19
783.00 235.39
784.00 235.79
785.00 235.97
786.00 236.53
787.00 237.30
788.00 237.65
789.00 237.69
790.00 237.45
791.00 236.66
792.00 236.23
793.00 236.32
794.00 237.11
795.00 237.80
796.00 237.86
797.00 237.28
798.00 237.08
799.00 237.09
800.00 236.69
801.00 235.95
802.00 234.66
803.00 233.29
804.00 231.06
805.00 228.74
806.00 225.23
807.00 222.26
808.00 0.00
809.00 0.00
810.00 0.00
811.00 0.00
812.00 0.00
813.00 0.00
814.00 0.00
815.00 0.00
816.00 0.00
817.00 0.00
818.00 0.00
819.00 0.00
820.00 0.00
821.00 0.00
822.00 0.00
823.00 0.00
824.00 0.00
825.00 0.00
826.00 0.00
827.00 0.00
828.00 0.00
829.00 0.00
830.00 0.00
831.00 0.00
832.00 0.00
833.00 0.00
834.00 0.00
835.00 0.00
836.00 0.00
837.00 0.00
838.00 0.00
839.00 0.00
840.00 0.00
841.00 0.00
842.00 0.00
843.00 0.00
844.00 0.00
845.00 0.00
846.00 0.00
847.00 0.00
848.00 0.00
849.00 246.41
850.00 228.34
851.00 222.90
852.00 222.57
853.00 223.46
854.00 225.82
855.00 228.24
856.00 230.12
857.00 231.23
858.00 232.65
859.00 233.37
860.00 233.13
861.00 232.68
862.00 231.59
863.00 229.95
864.00 229.27
865.00 229.31
866.00 229.49
867.00 229.66
868.00 230.33
869.00 231.32
870.00 232.07
871.00 232.39
872.00 232.49
873.00 231.86
874.00 230.05
875.00 226.97
876.00 223.06
877.00 219.43
878.00 214.46
879.00 209.56
880.00 203.39
881.00 196.77
882.00 191.25
883.00 186.19
884.00 183.69
885.00 183.58
886.00 183.74
887.00 184.76
888.00 187.00
889.00 189.65
890.00 192.25
891.00 196.18
892.00 199.52
893.00 202.46
894.00 204.88
895.00 206.22
896.00 207.48
897.00 208.84
898.00 211.15
899.00 213.49
900.00 215.52
901.00 218.12
902.00 221.01
903.00 223.14
904.00 225.27
905.00 227.49
906.00 229.17
907.00 230.28
908.00 230.21
909.00 228.76
910.00 227.04
911.00 225.97
912.00 225.81
913.00 225.91
914.00 226.35
915.00 227.03
916.00 227.51
917.00 228.19
918.00 228.90
919.00 229.43
920.00 229.81
921.00 229.88
922.00 229.45
923.00 228.67
924.00 228.38
925.00 228.11
926.00 228.08
927.00 228.15
928.00 228.55
929.00 229.16
930.00 229.88
931.00 230.65
932.00 231.17
933.00 231.17
934.00 230.90
935.00 230.56
936.00 229.96
937.00 229.50
938.00 229.38
939.00 229.52
940.00 229.73
941.00 230.14
942.00 230.81
943.00 231.08
944.00 230.88
945.00 230.87
946.00 230.90
947.00 230.99
948.00 231.17
949.00 231.23
950.00 231.43
951.00 231.49
952.00 231.49
953.00 231.49
954.00 231.67
955.00 231.94
956.00 232.29
957.00 233.04
958.00 233.45
959.00 233.24
960.00 232.63
961.00 231.91
962.00 231.27
963.00 230.73
964.00 230.50
965.00 230.63
966.00 231.08
967.00 231.74
968.00 232.47
969.00 233.14
970.00 233.65
971.00 233.76
972.00 233.88
973.00 233.89
974.00 233.41
975.00 232.60
976.00 232.25
977.00 232.28
978.00 232.43
979.00 232.55
980.00 232.32
981.00 232.20
982.00 232.11
983.00 232.06
984.00 231.58
985.00 230.49
986.00 228.67
987.00 227.09
988.00 228.08
989.00 237.70
990.00 240.35
991.00 242.59
992.00 243.24
993.00 243.63
994.00 241.57
995.00 239.51
996.00 237.14
997.00 234.56
998.00 232.38
999.00 231.14
1000.00 230.53
1001.00 230.96
1002.00 231.31
1003.00 232.99
1004.00 234.63
1005.00 235.16
1006.00 235.81
1007.00 235.88
1008.00 234.87
1009.00 234.01
1010.00 232.95
1011.00 231.92
1012.00 230.69
1013.00 229.21
1014.00 228.66
1015.00 228.60
1016.00 228.95
1017.00 229.79
1018.00 231.11
1019.00 233.22
1020.00 235.41
1021.00 237.94
1022.00 240.46
1023.00 242.37
1024.00 243.25
1025.00 243.34
1026.00 242.33
1027.00 240.39
1028.00 239.69
1029.00 238.38
1030.00 235.72
1031.00 232.99
1032.00 231.08
1033.00 229.87
1034.00 229.45
1035.00 229.39
1036.00 230.09
1037.00 231.18
1038.00 231.62
1039.00 231.50
1040.00 230.98
1041.00 230.06
1042.00 228.98
1043.00 228.26
1044.00 227.98
1045.00 227.81
1046.00 227.72
1047.00 227.73
1048.00 228.16
1049.00 228.90
1050.00 229.78
1051.00 230.55
1052.00 230.73
1053.00 230.39
1054.00 229.60
1055.00 228.80
1056.00 228.72
1057.00 228.99
1058.00 229.28
1059.00 229.42
1060.00 229.41
1061.00 229.78
1062.00 230.13
1063.00 230.38
1064.00 230.74
1065.00 230.70
1066.00 230.43
1067.00 230.11
1068.00 229.79
1069.00 229.30
1070.00 228.95
1071.00 228.03
1072.00 226.34
1073.00 224.70
1074.00 222.93
1075.00 220.50
1076.00 217.32
1077.00 214.23
1078.00 210.33
1079.00 206.74
1080.00 203.49
1081.00 200.53
1082.00 198.46
1083.00 199.40
1084.00 202.77
1085.00 207.56
1086.00 213.42
1087.00 220.09
1088.00 228.49
1089.00 234.39
1090.00 237.37
1091.00 238.07
1092.00 237.99
1093.00 234.54
1094.00 231.03
1095.00 226.47
1096.00 221.01
1097.00 217.33
1098.00 215.29
1099.00 213.78
1100.00 212.96
1101.00 212.86
1102.00 213.08
1103.00 213.27
1104.00 213.32
1105.00 212.98
1106.00 212.44
1107.00 211.13
1108.00 209.16
1109.00 207.78
1110.00 207.47
1111.00 207.32
1112.00 207.19
1113.00 207.21
1114.00 208.00
1115.00 208.39
1116.00 208.48
1117.00 208.39
1118.00 208.19
1119.00 207.71
1120.00 207.10
1121.00 206.94
1122.00 207.32
1123.00 207.64
1124.00 207.92
1125.00 208.38
1126.00 209.32
1127.00 210.48
1128.00 212.29
1129.00 214.05
1130.00 215.05
1131.00 216.32
1132.00 218.57
1133.00 221.12
1134.00 224.12
1135.00 226.80
1136.00 228.19
1137.00 228.01
1138.00 226.67
1139.00 225.52
1140.00 224.57
1141.00 223.96
1142.00 223.48
1143.00 223.45
1144.00 223.44
1145.00 223.13
1146.00 222.83
1147.00 222.69
1148.00 222.82
1149.00 222.97
1150.00 223.51
1151.00 224.57
1152.00 225.55
1153.00 226.15
1154.00 226.36
1155.00 225.87
1156.00 224.43
1157.00 222.26
1158.00 220.92
1159.00 218.96
1160.00 216.77
1161.00 214.33
1162.00 213.59
1163.00 213.40
1164.00 213.44
1165.00 213.56
1166.00 214.47
1167.00 215.13
1168.00 215.60
1169.00 214.64
1170.00 212.63
1171.00 208.12
1172.00 205.84
1173.00 202.66
1174.00 198.36
1175.00 186.06
1176.00 181.58
1177.00 176.66
1178.00 174.93
1179.00 174.79
1180.00 175.48
1181.00 176.56
1182.00 177.80
1183.00 178.64
1184.00 179.15
1185.00 179.57
1186.00 179.93
1187.00 179.80
1188.00 178.89
1189.00 177.97
1190.00 177.39
1191.00 177.22
1192.00 177.39
1193.00 178.23
1194.00 179.29
1195.00 180.16
1196.00 180.82
1197.00 181.11
1198.00 181.29
1199.00 181.67
1200.00 182.04
1201.00 182.22
1202.00 182.33
1203.00 182.42
1204.00 182.60
1205.00 182.76
1206.00 182.72
1207.00 182.60
1208.00 182.42
1209.00 181.94
1210.00 181.84
1211.00 181.82
1212.00 181.85
1213.00 181.80
1214.00 181.96
1215.00 182.25
1216.00 182.36
1217.00 182.24
1218.00 181.85
1219.00 181.86
1220.00 181.96
1221.00 182.00
1222.00 182.69
1223.00 183.36
1224.00 183.46
1225.00 183.19
1226.00 183.24
1227.00 183.08
1228.00 183.05
1229.00 182.86
1230.00 182.38
1231.00 181.81
1232.00 181.37
1233.00 181.50
1234.00 181.85
1235.00 182.20
1236.00 182.57
1237.00 183.16
1238.00 183.17
1239.00 182.58
1240.00 181.94
1241.00 181.25
1242.00 180.28
1243.00 179.78
1244.00 179.88
1245.00 180.20
1246.00 180.69
1247.00 181.48
1248.00 182.29
1249.00 183.31
1250.00 184.08
1251.00 184.73
1252.00 184.76
1253.00 184.19
1254.00 183.50
1255.00 182.86
1256.00 182.26
1257.00 181.36
1258.00 180.73
1259.00 180.27
1260.00 179.52
1261.00 178.92
1262.00 178.54
1263.00 178.54
1264.00 179.02
1265.00 179.39
1266.00 180.09
1267.00 180.76
1268.00 181.17
1269.00 181.83
1270.00 182.68
1271.00 183.11
1272.00 183.25
1273.00 183.24
1274.00 183.21
1275.00 183.13
1276.00 183.07
1277.00 183.22
1278.00 183.15
1279.00 182.81
1280.00 182.43
1281.00 182.17
1282.00 181.51
1283.00 180.87
1284.00 180.16
1285.00 180.19
1286.00 180.91
1287.00 181.38
1288.00 182.41
1289.00 183.89
1290.00 184.48
1291.00 184.68
1292.00 184.53
1293.00 184.03
1294.00 183.52
1295.00 182.90
1296.00 182.42
1297.00 182.31
1298.00 181.73
1299.00 181.04
1300.00 180.81
1301.00 180.20
1302.00 178.97
1303.00 177.56
1304.00 177.48
1305.00 179.61
1306.00 176.48
1307.00 165.21
1308.00 0.00
1309.00 0.00
1310.00 0.00
1311.00 0.00
1312.00 0.00
1313.00 0.00
1314.00 0.00
1315.00 0.00
1316.00 0.00
1317.00 0.00
1318.00 0.00
1319.00 0.00
1320.00 0.00
1321.00 0.00
1322.00 0.00
1323.00 0.00
1324.00 0.00
1325.00 0.00
1326.00 143.42
1327.00 147.83
1328.00 152.31
1329.00 157.84
1330.00 164.93
1331.00 170.83
1332.00 176.31
1333.00 182.10
1334.00 186.88
1335.00 191.17
1336.00 194.19
1337.00 196.41
1338.00 198.60
1339.00 200.46
1340.00 202.60
1341.00 203.96
1342.00 205.14
1343.00 206.21
1344.00 206.91
1345.00 207.64
1346.00 208.34
1347.00 209.22
1348.00 210.46
1349.00 211.62
1350.00 212.75
1351.00 213.98
1352.00 215.15
1353.00 216.19
1354.00 217.17
1355.00 218.33
1356.00 218.92
1357.00 219.06
1358.00 218.71
1359.00 218.58
1360.00 219.08
1361.00 219.66
1362.00 220.46
1363.00 221.34
1364.00 222.04
1365.00 222.03
1366.00 222.35
1367.00 222.57
1368.00 222.77
1369.00 222.93
1370.00 222.75
1371.00 222.58
1372.00 222.71
1373.00 222.56
1374.00 222.55
1375.00 222.97
1376.00 223.41
1377.00 223.68
1378.00 224.07
1379.00 224.97
1380.00 226.20
1381.00 226.62
1382.00 227.25
1383.00 227.83
1384.00 228.09
1385.00 228.04
1386.00 227.05
1387.00 224.56
1388.00 221.76
1389.00 217.43
1390.00 213.11
1391.00 208.55
1392.00 204.47
1393.00 203.08
1394.00 203.02
1395.00 203.63
1396.00 204.65
1397.00 205.40
1398.00 205.89
1399.00 205.85
1400.00 205.64
1401.00 205.32
1402.00 204.56
1403.00 203.56
1404.00 202.91
1405.00 202.17
1406.00 201.38
1407.00 200.83
1408.00 200.65
1409.00 201.17
1410.00 201.62
1411.00 202.32
1412.00 202.85
1413.00 202.96
1414.00 203.05
1415.00 203.22
1416.00 203.37
1417.00 203.39
1418.00 203.25
1419.00 203.20
1420.00 203.45
1421.00 203.74
1422.00 204.29
1423.00 204.87
1424.00 205.35
1425.00 205.98
1426.00 206.20
1427.00 205.69
1428.00 204.91
1429.00 204.37
1430.00 203.94
1431.00 203.61
1432.00 203.10
1433.00 202.78
1434.00 203.14
1435.00 203.40
1436.00 203.53
1437.00 204.22
1438.00 204.84
1439.00 205.18
1440.00 205.23
1441.00 205.15
1442.00 204.90
1443.00 204.61
1444.00 204.43
1445.00 204.50
1446.00 204.54
1447.00 204.34
1448.00 204.18
1449.00 203.71
1450.00 203.29
1451.00 202.64
1452.00 201.42
1453.00 200.57
1454.00 201.93
1455.00 209.40
1456.00 210.61
1457.00 211.08
1458.00 211.40
1459.00 212.15
1460.00 212.97
1461.00 213.47
1462.00 211.35
1463.00 207.20
1464.00 201.01
1465.00 191.37
1466.00 184.99
1467.00 180.68
1468.00 179.23
1469.00 179.44
1470.00 180.60
1471.00 182.00
1472.00 183.40
1473.00 184.12
1474.00 184.70
1475.00 184.96
1476.00 185.16
1477.00 185.17
1478.00 184.82
1479.00 184.45
1480.00 183.91
1481.00 183.57
1482.00 183.96
1483.00 184.62
1484.00 185.00
1485.00 185.35
1486.00 185.53
1487.00 185.37
1488.00 185.27
1489.00 185.05
1490.00 184.61
1491.00 184.08
1492.00 184.06
1493.00 184.07
1494.00 184.10
1495.00 184.31
1496.00 184.56
1497.00 184.67
1498.00 184.83
1499.00 184.80
1500.00 184.36
1501.00 183.67
1502.00 182.83
1503.00 182.14
1504.00 181.65
1505.00 181.36
1506.00 181.75
1507.00 182.56
1508.00 183.04
1509.00 183.42
1510.00 183.75
1511.00 184.38
1512.00 184.84
1513.00 184.83
1514.00 184.34
1515.00 183.89
1516.00 183.46
1517.00 182.63
1518.00 182.21
1519.00 181.90
1520.00 182.04
1521.00 182.50
1522.00 183.25
1523.00 183.66
1524.00 184.33
1525.00 184.74
1526.00 184.76
1527.00 184.59
1528.00 184.61
1529.00 184.22
1530.00 183.78
1531.00 183.24
1532.00 182.78
1533.00 182.92
1534.00 183.02
1535.00 183.20
1536.00 183.65
1537.00 183.96
1538.00 184.03
1539.00 183.97
1540.00 183.89
1541.00 183.71
1542.00 183.37
1543.00 182.52
1544.00 181.31
1545.00 180.65
1546.00 180.39
1547.00 180.72
1548.00 181.24
1549.00 181.96
1550.00 182.95
1551.00 183.89
1552.00 184.48
1553.00 184.64
1554.00 184.50
1555.00 184.19
1556.00 183.52
1557.00 182.53
1558.00 181.65
1559.00 180.66
1560.00 180.00
1561.00 179.86
1562.00 180.30
1563.00 180.93
1564.00 182.03
1565.00 182.81
1566.00 183.21
1567.00 183.39
1568.00 183.20
1569.00 182.71
1570.00 182.10
1571.00 181.08
1572.00 180.15
1573.00 179.81
1574.00 180.17
1575.00 180.85
1576.00 181.54
1577.00 182.16
1578.00 182.57
1579.00 182.57
1580.00 182.23
1581.00 181.79
1582.00 181.12
1583.00 180.26
1584.00 179.91
1585.00 180.32
1586.00 180.92
1587.00 182.05
1588.00 183.18
1589.00 183.95
1590.00 184.62
1591.00 185.12
1592.00 185.00
1593.00 184.60
1594.00 183.36
1595.00 182.29
1596.00 180.70
1597.00 179.08
1598.00 177.45
1599.00 176.46
1600.00 175.61
1601.00 172.29
1602.00 176.46
1603.00 173.56
1604.00 167.75
1605.00 0.00
1606.00 0.00
1607.00 0.00
1608.00 0.00
1609.00 0.00
1610.00 0.00
1611.00 0.00
1612.00 0.00
1613.00 0.00
1614.00 0.00
1615.00 0.00
1616.00 0.00
1617.00 0.00
1618.00 0.00
1619.00 0.00
1620.00 0.00
1621.00 0.00
1622.00 0.00
1623.00 0.00
1624.00 0.00
1625.00 0.00
1626.00 0.00
1627.00 0.00
1628.00 0.00
1629.00 0.00
1630.00 0.00
1631.00 0.00
1632.00 0.00
1633.00 0.00
1634.00 0.00
1635.00 0.00
1636.00 0.00
1637.00 0.00
1638.00 0.00
1639.00 0.00
1640.00 0.00
1641.00 0.00
1642.00 0.00
1643.00 0.00
1644.00 0.00
1645.00 0.00
1646.00 0.00
1647.00 0.00
1648.00 0.00
1649.00 0.00
1650.00 172.10
1651.00 171.25
1652.00 170.86
1653.00 172.15
1654.00 173.62
1655.00 175.18
1656.00 177.31
1657.00 179.23
1658.00 181.41
1659.00 183.01
1660.00 184.49
1661.00 185.96
1662.00 188.18
1663.00 190.50
1664.00 192.47
1665.00 194.51
1666.00 196.71
1667.00 199.18
1668.00 202.26
1669.00 204.86
1670.00 207.46
1671.00 210.50
1672.00 213.05
1673.00 216.28
1674.00 218.82
1675.00 221.26
1676.00 223.69
1677.00 225.27
1678.00 226.40
1679.00 226.86
1680.00 226.80
1681.00 226.75
1682.00 227.30
1683.00 228.50
1684.00 230.15
1685.00 232.15
1686.00 234.86
1687.00 236.71
1688.00 237.76
1689.00 237.79
1690.00 237.33
1691.00 237.10
1692.00 237.43
1693.00 238.09
1694.00 238.40
1695.00 238.64
1696.00 238.90
1697.00 238.65
1698.00 238.49
1699.00 238.32
1700.00 237.98
1701.00 237.77
1702.00 237.62
1703.00 237.78
1704.00 238.42
1705.00 239.24
1706.00 239.79
1707.00 240.01
1708.00 239.84
1709.00 239.38
1710.00 239.22
1711.00 239.17
1712.00 239.37
1713.00 239.04
1714.00 238.00
1715.00 237.07
1716.00 236.52
1717.00 236.64
1718.00 237.22
1719.00 237.68
1720.00 237.87
1721.00 238.01
1722.00 238.55
1723.00 238.94
1724.00 239.17
1725.00 239.18
1726.00 238.83
1727.00 238.62
1728.00 238.47
1729.00 238.11
1730.00 238.16
1731.00 238.47
1732.00 239.44
1733.00 240.10
1734.00 240.58
1735.00 241.10
1736.00 241.58
1737.00 241.42
1738.00 240.08
1739.00 238.97
1740.00 238.03
1741.00 237.08
1742.00 236.32
1743.00 236.12
1744.00 236.20
1745.00 236.49
1746.00 236.97
1747.00 237.33
1748.00 237.65
1749.00 238.01
1750.00 238.31
1751.00 238.47
1752.00 238.71
1753.00 239.03
1754.00 238.93
1755.00 238.85
1756.00 238.51
1757.00 238.56
1758.00 239.47
1759.00 240.05
1760.00 240.18
1761.00 239.15
1762.00 237.90
1763.00 236.90
1764.00 235.89
1765.00 235.21
1766.00 234.75
1767.00 234.82
1768.00 235.47
1769.00 236.40
1770.00 237.32
1771.00 238.55
1772.00 240.31
1773.00 241.56
1774.00 242.26
1775.00 242.20
1776.00 241.63
1777.00 240.46
1778.00 239.87
1779.00 239.38
1780.00 238.72
1781.00 238.52
1782.00 238.58
1783.00 238.71
1784.00 238.93
1785.00 239.38
1786.00 239.83
1787.00 239.73
1788.00 239.48
1789.00 239.10
1790.00 238.71
1791.00 238.48
1792.00 238.24
1793.00 237.99
1794.00 237.93
1795.00 238.62
1796.00 239.29
1797.00 240.10
1798.00 240.72
1799.00 240.75
1800.00 240.02
1801.00 239.17
1802.00 238.28
1803.00 237.74
1804.00 238.11
1805.00 238.58
1806.00 238.80
1807.00 240.58
1808.00 243.55
1809.00 244.39
1810.00 242.45
1811.00 240.50
1812.00 242.45
1813.00 242.55
1814.00 242.81
1815.00 242.78
1816.00 244.33
1817.00 246.53
1818.00 252.03
1819.00 255.83
1820.00 257.19
1821.00 256.06
1822.00 253.45
1823.00 251.15
1824.00 249.08
1825.00 246.64
1826.00 244.62
1827.00 242.99
1828.00 241.78
1829.00 241.81
1830.00 242.42
1831.00 242.88
1832.00 244.20
1833.00 244.57
1834.00 244.68
1835.00 244.60
1836.00 243.77
1837.00 242.80
1838.00 241.87
1839.00 241.15
1840.00 241.27
1841.00 241.23
1842.00 240.67
1843.00 240.67
1844.00 241.12
1845.00 241.79
1846.00 242.35
1847.00 242.70
1848.00 243.13
1849.00 243.32
1850.00 243.12
1851.00 242.68
1852.00 242.07
1853.00 241.60
1854.00 241.10
1855.00 240.75
1856.00 240.81
1857.00 240.62
1858.00 240.41
1859.00 240.53
1860.00 240.58
1861.00 241.06
1862.00 241.89
1863.00 242.67
1864.00 242.72
1865.00 242.15
1866.00 241.86
1867.00 241.69
1868.00 241.46
1869.00 241.65
1870.00 241.65
1871.00 241.65
1872.00 242.23
1873.00 242.89
1874.00 242.95
1875.00 242.79
1876.00 242.52
1877.00 242.42
1878.00 242.40
1879.00 241.71
1880.00 241.07
1881.00 240.55
1882.00 239.66
1883.00 238.69
1884.00 237.68
1885.00 236.67
1886.00 234.56
1887.00 231.16
1888.00 227.56
1889.00 0.00
1890.00 0.00
1891.00 0.00
1892.00 0.00
1893.00 0.00
1894.00 0.00
1895.00 0.00
1896.00 0.00
1897.00 0.00
1898.00 0.00
1899.00 0.00
1900.00 0.00
1901.00 0.00
1902.00 0.00
1903.00 0.00
1904.00 0.00
1905.00 0.00
1906.00 0.00
1907.00 0.00
1908.00 0.00
1909.00 0.00
1910.00 0.00
1911.00 0.00
1912.00 0.00
1913.00 0.00
1914.00 0.00
1915.00 0.00
1916.00 0.00
1917.00 0.00
1918.00 0.00
1919.00 0.00
1920.00 0.00
1921.00 0.00
1922.00 0.00
1923.00 0.00
1924.00 0.00
1925.00 0.00
1926.00 0.00
1927.00 0.00
1928.00 0.00
1929.00 0.00
1930.00 0.00
1931.00 0.00
1932.00 236.50
1933.00 234.40
1934.00 234.52
1935.00 235.39
1936.00 235.96
1937.00 236.39
1938.00 236.36
1939.00 235.65
1940.00 235.22
1941.00 234.75
1942.00 206.13
1943.00 194.42
1944.00 185.07
1945.00 179.75
1946.00 171.76
1947.00 172.33
1948.00 178.04
1949.00 182.43
1950.00 187.45
1951.00 189.14
1952.00 190.12
1953.00 191.26
1954.00 191.78
1955.00 191.82
1956.00 191.26
1957.00 190.71
1958.00 191.72
1959.00 193.84
1960.00 195.91
1961.00 198.57
1962.00 200.72
1963.00 203.60
1964.00 206.27
1965.00 208.18
1966.00 209.96
1967.00 212.61
1968.00 217.11
1969.00 222.79
1970.00 230.57
1971.00 235.41
1972.00 237.90
1973.00 239.06
1974.00 239.43
1975.00 239.14
1976.00 239.00
1977.00 238.19
1978.00 236.11
1979.00 234.01
1980.00 233.21
1981.00 233.78
1982.00 236.12
1983.00 238.30
1984.00 239.72
1985.00 240.40
1986.00 240.39
1987.00 239.93
1988.00 238.83
1989.00 237.44
1990.00 235.91
1991.00 234.50
1992.00 233.38
1993.00 233.08
1994.00 233.49
1995.00 233.96
1996.00 234.51
1997.00 235.66
1998.00 236.81
1999.00 238.56
2000.00 240.17
2001.00 241.26
2002.00 241.62
2003.00 240.97
2004.00 240.20
2005.00 239.80
2006.00 239.47
2007.00 239.11
2008.00 238.98
2009.00 239.15
2010.00 239.26
2011.00 239.69
2012.00 240.73
2013.00 241.91
2014.00 242.33
2015.00 241.94
2016.00 240.94
2017.00 239.41
2018.00 238.06
2019.00 237.25
2020.00 236.46
2021.00 236.36
2022.00 236.51
2023.00 236.99
2024.00 238.50
2025.00 240.08
2026.00 241.43
2027.00 242.04
2028.00 241.74
2029.00 240.89
2030.00 239.72
2031.00 238.43
2032.00 237.00
2033.00 236.09
2034.00 235.86
2035.00 236.09
2036.00 236.67
2037.00 237.96
2038.00 239.11
2039.00 239.97
2040.00 240.70
2041.00 240.90
2042.00 240.37
2043.00 239.54
2044.00 239.29
2045.00 239.02
2046.00 238.56
2047.00 237.84
2048.00 236.90
2049.00 236.61
2050.00 236.67
2051.00 236.59
2052.00 236.64
2053.00 237.15
2054.00 238.12
2055.00 239.23
2056.00 240.26
2057.00 241.05
2058.00 241.49
2059.00 241.74
2060.00 241.46
2061.00 240.50
2062.00 239.19
2063.00 237.89
2064.00 237.13
2065.00 236.68
2066.00 236.35
2067.00 236.21
2068.00 236.65
2069.00 237.68
2070.00 238.50
2071.00 238.99
2072.00 239.25
2073.00 239.34
2074.00 239.37
2075.00 238.87
2076.00 237.31
2077.00 235.73
2078.00 234.62
2079.00 233.31
2080.00 231.76
2081.00 230.93
2082.00 230.82
2083.00 231.51
2084.00 232.25
2085.00 231.84
2086.00 229.64
2087.00 227.31
2088.00 224.69
2089.00 222.50
2090.00 218.77
2091.00 218.77
2092.00 218.45
2093.00 218.72
2094.00 220.12
2095.00 221.50
2096.00 224.31
2097.00 228.53
2098.00 240.64
2099.00 246.90
2100.00 248.87
2101.00 250.56
2102.00 250.35
2103.00 247.18
2104.00 242.14
2105.00 236.81
2106.00 229.72
2107.00 223.23
2108.00 219.70
2109.00 217.86
2110.00 217.67
2111.00 218.63
2112.00 220.00
2113.00 221.18
2114.00 221.95
2115.00 222.51
2116.00 222.79
2117.00 222.41
2118.00 221.79
2119.00 221.09
2120.00 220.64
2121.00 220.24
2122.00 219.38
2123.00 218.94
2124.00 218.90
2125.00 218.99
2126.00 218.80
2127.00 218.71
2128.00 219.10
2129.00 220.14
2130.00 221.43
2131.00 222.45
2132.00 222.91
2133.00 222.89
2134.00 222.42
2135.00 221.78
2136.00 221.77
2137.00 221.95
2138.00 221.81
2139.00 221.15
2140.00 220.82
2141.00 220.46
2142.00 219.99
2143.00 219.82
2144.00 219.98
2145.00 220.14
2146.00 220.17
2147.00 219.76
2148.00 219.44
2149.00 219.57
2150.00 219.96
2151.00 220.13
2152.00 219.93
2153.00 219.35
2154.00 218.87
2155.00 217.90
2156.00 216.22
2157.00 214.53
2158.00 211.74
2159.00 207.81
2160.00 202.87
2161.00 198.54
2162.00 194.16
2163.00 192.07
2164.00 191.82
2165.00 193.19
2166.00 195.10
2167.00 197.08
2168.00 198.63
2169.00 200.21
2170.00 200.77
2171.00 200.79
2172.00 200.25
2173.00 199.04
2174.00 197.72
2175.00 196.23
2176.00 195.46
2177.00 195.37
2178.00 196.07
2179.00 197.24
2180.00 198.48
2181.00 199.52
2182.00 200.14
2183.00 200.63
2184.00 201.06
2185.00 201.45
2186.00 201.60
2187.00 201.39
2188.00 200.76
2189.00 200.38
2190.00 200.10
2191.00 199.79
2192.00 199.64
2193.00 199.32
2194.00 199.15
2195.00 199.13
2196.00 199.20
2197.00 199.85
2198.00 200.41
2199.00 200.40
2200.00 200.59
2201.00 200.69
2202.00 200.39
2203.00 200.22
2204.00 200.46
2205.00 200.74
2206.00 200.97
2207.00 201.14
2208.00 201.25
2209.00 201.38
2210.00 201.29
2211.00 201.42
2212.00 201.64
2213.00 201.68
2214.00 201.21
2215.00 200.95
2216.00 200.96
2217.00 201.18
2218.00 201.63
2219.00 201.89
2220.00 201.88
2221.00 201.48
2222.00 200.74
2223.00 199.83
2224.00 198.63
2225.00 197.89
2226.00 199.98
2227.00 210.32
2228.00 210.44
2229.00 202.06
2230.00 198.64
2231.00 197.55
2232.00 0.00
2233.00 0.00
2234.00 0.00
2235.00 0.00
2236.00 0.00
2237.00 0.00
2238.00 0.00
2239.00 0.00
2240.00 257.22
2241.00 253.75
2242.00 252.80
2243.00 251.58
2244.00 250.34
2245.00 248.79
2246.00 247.18
2247.00 244.96
2248.00 243.25
2249.00 242.49
2250.00 242.24
2251.00 242.23
2252.00 242.49
2253.00 243.04
2254.00 243.62
2255.00 243.76
2256.00 243.16
2257.00 243.13
2258.00 243.07
2259.00 242.61
2260.00 241.86
2261.00 240.54
2262.00 240.36
2263.00 240.15
2264.00 240.90
2265.00 241.91
2266.00 242.36
2267.00 242.53
2268.00 242.21
2269.00 241.92
2270.00 241.41
2271.00 240.25
2272.00 239.31
2273.00 238.69
2274.00 238.33
2275.00 238.36
2276.00 238.58
2277.00 238.91
2278.00 239.73
2279.00 240.33
2280.00 240.24
2281.00 240.04
2282.00 239.49
2283.00 238.24
2284.00 237.05
2285.00 236.75
2286.00 237.18
2287.00 238.17
2288.00 239.74
2289.00 241.14
2290.00 242.09
2291.00 242.25
2292.00 241.76
2293.00 240.60
2294.00 239.33
2295.00 238.03
2296.00 237.02
2297.00 236.10
2298.00 235.89
2299.00 235.98
2300.00 236.88
2301.00 238.21
2302.00 240.13
2303.00 241.49
2304.00 242.70
2305.00 243.23
2306.00 242.61
2307.00 241.77
2308.00 240.76
2309.00 239.58
2310.00 238.76
2311.00 238.57
2312.00 239.11
2313.00 239.82
2314.00 240.59
2315.00 241.05
2316.00 241.28
2317.00 241.02
2318.00 240.83
2319.00 240.28
2320.00 239.95
2321.00 239.50
2322.00 239.06
2323.00 239.34
2324.00 239.54
2325.00 239.76
2326.00 239.66
2327.00 239.44
2328.00 239.63
2329.00 239.78
2330.00 239.55
2331.00 239.19
2332.00 238.72
2333.00 238.84
2334.00 239.23
2335.00 239.57
2336.00 239.83
2337.00 240.38
2338.00 241.44
2339.00 242.32
2340.00 243.38
2341.00 243.78
2342.00 243.90
2343.00 243.97
2344.00 275.99
2345.00 275.32
2346.00 274.18
2347.00 270.81
2348.00 259.06
2349.00 252.65
2350.00 248.31
2351.00 244.42
2352.00 241.92
2353.00 240.14
2354.00 239.15
2355.00 238.70
2356.00 239.06
2357.00 240.25
2358.00 241.28
2359.00 241.72
2360.00 241.52
2361.00 241.50
2362.00 240.59
2363.00 239.57
2364.00 238.19
2365.00 237.23
2366.00 237.04
2367.00 237.04
2368.00 237.28
2369.00 237.44
2370.00 237.90
2371.00 238.85
2372.00 240.20
2373.00 242.01
2374.00 243.27
2375.00 244.25
2376.00 244.96
2377.00 245.22
2378.00 245.29
2379.00 243.99
2380.00 242.16
2381.00 238.68
2382.00 235.28
2383.00 231.78
2384.00 226.86
2385.00 220.32
2386.00 215.16
2387.00 212.85
2388.00 212.79
2389.00 214.23
2390.00 215.59
2391.00 216.70
2392.00 217.34
2393.00 217.84
2394.00 217.94
2395.00 217.41
2396.00 216.85
2397.00 215.92
2398.00 215.43
2399.00 214.61
2400.00 213.72
2401.00 213.48
2402.00 213.47
2403.00 213.85
2404.00 213.81
2405.00 213.90
2406.00 214.21
2407.00 214.50
2408.00 214.61
2409.00 214.96
2410.00 215.10
2411.00 214.90
2412.00 214.85
2413.00 215.21
2414.00 215.72
2415.00 216.12
2416.00 216.15
2417.00 215.91
2418.00 215.92
2419.00 216.14
2420.00 216.45
2421.00 216.76
2422.00 216.56
2423.00 216.18
2424.00 216.08
2425.00 215.95
2426.00 216.09
2427.00 216.15
2428.00 216.68
2429.00 217.14
2430.00 217.59
2431.00 217.97
2432.00 218.12
2433.00 218.04
2434.00 217.25
2435.00 216.90
2436.00 216.37
2437.00 215.31
2438.00 213.98
2439.00 212.99
2440.00 212.67
2441.00 213.10
2442.00 214.54
2443.00 215.76
2444.00 216.57
2445.00 217.80
2446.00 219.95
2447.00 222.75
2448.00 224.72
2449.00 225.73
2450.00 224.44
2451.00 221.21
2452.00 218.75
2453.00 219.53
2454.00 217.93
2455.00 213.79
2456.00 207.95
2457.00 199.14
2458.00 194.11
2459.00 191.95
2460.00 191.08
2461.00 191.35
2462.00 192.28
2463.00 192.60
2464.00 193.30
2465.00 194.23
2466.00 195.01
2467.00 195.38
2468.00 195.66
2469.00 196.01
2470.00 196.01
2471.00 195.73
2472.00 195.90
2473.00 195.74
2474.00 195.95
2475.00 195.92
2476.00 195.78
2477.00 196.07
2478.00 196.25
2479.00 196.30
2480.00 196.80
2481.00 197.22
2482.00 197.55
2483.00 197.92
2484.00 198.52
2485.00 199.12
2486.00 199.59
2487.00 199.93
2488.00 200.58
2489.00 201.29
2490.00 202.82
2491.00 204.16
2492.00 205.87
2493.00 207.95
2494.00 209.61
2495.00 210.48
2496.00 210.60
2497.00 210.70
2498.00 210.76
2499.00 210.68
2500.00 211.01
2501.00 211.70
2502.00 212.36
2503.00 212.44
2504.00 212.59
2505.00 212.16
2506.00 211.62
2507.00 211.21
2508.00 211.00
2509.00 210.90
2510.00 210.31
2511.00 210.28
2512.00 210.45
2513.00 210.33
2514.00 210.19
2515.00 210.24
2516.00 210.36
2517.00 210.78
2518.00 210.69
2519.00 210.59
2520.00 210.59
2521.00 210.81
2522.00 211.31
2523.00 211.68
2524.00 212.70
2525.00 215.79
2526.00 219.90
2527.00 217.69
2528.00 218.34
2529.00 219.01
2530.00 219.07
2531.00 218.32
2532.00 217.26
2533.00 215.24
2534.00 211.86
2535.00 208.91
2536.00 205.68
2537.00 204.46
2538.00 197.18
2539.00 190.74
2540.00 185.69
2541.00 183.55
2542.00 182.05
2543.00 181.18
2544.00 181.21
2545.00 181.50
2546.00 181.10
2547.00 181.02
2548.00 181.11
2549.00 180.97
2550.00 180.09
2551.00 179.38
2552.00 178.83
2553.00 178.36
2554.00 178.38
2555.00 178.48
2556.00 178.78
2557.00 179.34
2558.00 180.17
2559.00 181.10
2560.00 181.62
2561.00 181.84
2562.00 181.73
2563.00 181.16
2564.00 180.25
2565.00 179.49
2566.00 179.06
2567.00 177.93
2568.00 176.96
2569.00 177.01
2570.00 177.33
2571.00 178.26
2572.00 178.93
2573.00 179.43
2574.00 179.64
2575.00 179.88
2576.00 180.33
2577.00 180.46
2578.00 180.51
2579.00 180.80
2580.00 181.03
2581.00 181.23
2582.00 181.65
2583.00 182.22
2584.00 182.79
2585.00 183.25
2586.00 183.63
2587.00 183.61
2588.00 183.16
2589.00 182.32
2590.00 181.50
2591.00 180.58
2592.00 180.47
2593.00 180.89
2594.00 180.98
2595.00 181.45
2596.00 182.06
2597.00 182.43
2598.00 182.34
2599.00 182.29
2600.00 182.00
2601.00 181.80
2602.00 181.54
2603.00 181.35
2604.00 181.67
2605.00 182.07
2606.00 182.26
2607.00 182.73
2608.00 182.94
2609.00 182.94
2610.00 182.74
2611.00 182.62
2612.00 182.56
2613.00 182.27
2614.00 181.78
2615.00 181.35
2616.00 181.02
2617.00 181.36
2618.00 182.12
2619.00 182.37
2620.00 182.48
2621.00 182.91
2622.00 183.04
2623.00 182.76
2624.00 182.23
2625.00 182.00
2626.00 181.64
2627.00 181.16
2628.00 180.60
2629.00 180.21
2630.00 178.80
2631.00 176.80
2632.00 172.86
2633.00 169.33
2634.00 0.00
2635.00 0.00
2636.00 0.00
2637.00 0.00
2638.00 0.00
2639.00 0.00
2640.00 0.00
2641.00 0.00
2642.00 0.00
2643.00 0.00
2644.00 0.00
2645.00 0.00
2646.00 0.00
2647.00 0.00
2648.00 0.00
2649.00 0.00
2650.00 0.00
2651.00 0.00
2652.00 0.00
2653.00 0.00
2654.00 0.00
2655.00 0.00
2656.00 0.00
2657.00 0.00
2658.00 0.00
2659.00 0.00
2660.00 0.00
2661.00 0.00
2662.00 0.00
2663.00 0.00
2664.00 0.00
2665.00 0.00
2666.00 0.00
2667.00 0.00
2668.00 0.00
2669.00 0.00
2670.00 0.00
2671.00 0.00
2672.00 0.00
2673.00 0.00
2674.00 0.00
2675.00 0.00
2676.00 0.00
2677.00 0.00
2678.00 0.00
2679.00 0.00
2680.00 0.00
2681.00 0.00
2682.00 0.00
2683.00 0.00
2684.00 0.00
2685.00 0.00
2686.00 0.00
2687.00 0.00
2688.00 0.00
2689.00 0.00
2690.00 0.00
2691.00 0.00
2692.00 0.00
2693.00 0.00
2694.00 0.00
2695.00 0.00
2696.00 0.00
2697.00 0.00
2698.00 189.79
2699.00 193.63
2700.00 196.25
2701.00 199.06
2702.00 200.82
2703.00 201.60
2704.00 202.04
2705.00 201.99
2706.00 201.64
2707.00 201.83
2708.00 202.82
2709.00 204.45
2710.00 206.74
2711.00 208.79
2712.00 211.12
2713.00 212.57
2714.00 213.30
2715.00 213.31
2716.00 212.88
2717.00 212.45
2718.00 212.10
2719.00 212.55
2720.00 213.27
2721.00 213.61
2722.00 213.80
2723.00 214.10
2724.00 214.67
2725.00 215.00
2726.00 215.57
2727.00 216.07
2728.00 216.38
2729.00 216.43
2730.00 216.19
2731.00 216.22
2732.00 216.63
2733.00 217.00
2734.00 217.26
2735.00 217.51
2736.00 217.76
2737.00 218.17
2738.00 218.34
2739.00 217.94
2740.00 217.21
2741.00 216.91
2742.00 216.54
2743.00 217.17
2744.00 218.85
2745.00 220.52
2746.00 222.58
2747.00 224.00
2748.00 224.98
2749.00 225.10
2750.00 223.74
2751.00 219.88
2752.00 214.38
2753.00 207.75
2754.00 203.15
2755.00 199.18
2756.00 196.20
2757.00 195.63
2758.00 196.28
2759.00 197.91
2760.00 198.94
2761.00 199.69
2762.00 200.32
2763.00 200.98
2764.00 201.27
2765.00 200.94
2766.00 200.30
2767.00 199.49
2768.00 198.17
2769.00 196.93
2770.00 196.17
2771.00 196.03
2772.00 196.12
2773.00 196.70
2774.00 197.30
2775.00 198.29
2776.00 199.03
2777.00 199.54
2778.00 199.85
2779.00 200.28
2780.00 200.40
2781.00 199.94
2782.00 199.47
2783.00 198.88
2784.00 198.25
2785.00 197.91
2786.00 197.72
2787.00 197.68
2788.00 197.88
2789.00 198.28
2790.00 198.62
2791.00 198.84
2792.00 198.73
2793.00 198.50
2794.00 197.97
2795.00 197.79
2796.00 198.17
2797.00 198.73
2798.00 199.73
2799.00 200.60
2800.00 201.29
2801.00 201.48
2802.00 201.29
2803.00 200.62
2804.00 199.50
2805.00 198.41
2806.00 197.00
2807.00 195.07
2808.00 193.27
2809.00 194.65
2810.00 203.27
2811.00 204.50
2812.00 205.18
2813.00 206.31
2814.00 207.62
2815.00 208.02
2816.00 207.45
2817.00 204.68
2818.00 199.44
2819.00 194.58
2820.00 185.68
2821.00 177.87
2822.00 174.08
2823.00 173.28
2824.00 173.77
2825.00 174.70
2826.00 176.28
2827.00 177.76
2828.00 179.66
2829.00 180.95
2830.00 181.86
2831.00 182.69
2832.00 183.23
2833.00 183.42
2834.00 183.01
2835.00 182.21
2836.00 181.52
2837.00 181.01
2838.00 180.78
2839.00 180.69
2840.00 180.84
2841.00 181.01
2842.00 181.33
2843.00 181.63
2844.00 181.76
2845.00 181.87
2846.00 182.15
2847.00 182.77
2848.00 183.74
2849.00 184.30
2850.00 184.68
2851.00 184.84
2852.00 184.73
2853.00 184.58
2854.00 184.30
2855.00 183.99
2856.00 183.32
2857.00 182.42
2858.00 181.76
2859.00 181.32
2860.00 181.14
2861.00 181.04
2862.00 181.12
2863.00 181.47
2864.00 181.84
2865.00 182.21
2866.00 182.47
2867.00 182.81
2868.00 183.22
2869.00 183.47
2870.00 183.60
2871.00 183.29
2872.00 182.85
2873.00 182.45
2874.00 182.17
2875.00 182.01
2876.00 181.79
2877.00 181.54
2878.00 181.42
2879.00 181.34
2880.00 181.40
2881.00 181.75
2882.00 182.33
2883.00 182.72
2884.00 183.02
2885.00 183.16
2886.00 183.21
2887.00 183.11
2888.00 182.85
2889.00 182.61
2890.00 182.08
2891.00 181.75
2892.00 181.65
2893.00 181.58
2894.00 181.94
2895.00 182.60
2896.00 183.10
2897.00 183.37
2898.00 183.51
2899.00 183.50
2900.00 183.22
2901.00 182.69
2902.00 181.84
2903.00 180.90
2904.00 179.98
2905.00 179.62
2906.00 179.60
2907.00 180.07
2908.00 181.14
2909.00 181.80
2910.00 182.77
2911.00 183.87
2912.00 184.72
2913.00 185.04
2914.00 184.60
2915.00 183.96
2916.00 183.17
2917.00 182.02
2918.00 180.76
2919.00 179.48
2920.00 178.89
2921.00 178.77
2922.00 179.12
2923.00 179.79
2924.00 180.77
2925.00 181.41
2926.00 181.93
2927.00 181.96
2928.00 181.62
2929.00 181.27
2930.00 181.20
2931.00 180.97
2932.00 180.57
2933.00 180.59
2934.00 181.09
2935.00 181.46
2936.00 181.41
2937.00 181.52
2938.00 181.43
2939.00 181.47
2940.00 181.20
2941.00 180.40
2942.00 180.93
2943.00 180.97
2944.00 180.65
2945.00 180.56
2946.00 180.63
2947.00 180.43
2948.00 180.20
2949.00 179.48
2950.00 178.92
2951.00 179.02
2952.00 179.86
2953.00 180.61
2954.00 181.34
2955.00 182.49
2956.00 183.29
2957.00 183.54
2958.00 183.05
2959.00 181.29
2960.00 179.13
2961.00 180.04
2962.00 181.05
2963.00 175.89
2964.00 169.78
2965.00 160.67
2966.00 0.00
2967.00 0.00
2968.00 0.00
2969.00 0.00
2970.00 0.00
2971.00 0.00
2972.00 0.00
2973.00 0.00
2974.00 0.00
2975.00 0.00
2976.00 0.00
2977.00 0.00
2978.00 0.00
2979.00 0.00
2980.00 0.00
2981.00 0.00
2982.00 0.00
2983.00 0.00
2984.00 0.00
2985.00 0.00
2986.00 0.00
2987.00 0.00
2988.00 0.00
2989.00 0.00
2990.00 0.00
2991.00 0.00
2992.00 0.00
2993.00 0.00
2994.00 0.00
2995.00 0.00
2996.00 0.00
2997.00 0.00
2998.00 0.00
2999.00 0.00
3000.00 0.00
3001.00 0.00
3002.00 0.00
3003.00 0.00
3004.00 0.00
3005.00 0.00
3006.00 0.00
3007.00 183.39
3008.00 183.54
3009.00 182.01
3010.00 180.30
3011.00 178.17
3012.00 177.19
3013.00 177.25
3014.00 172.40
3015.00 177.28
3016.00 179.45
3017.00 180.72
3018.00 180.27
3019.00 180.52
3020.00 180.76
3021.00 179.93
3022.00 179.26
3023.00 179.24
3024.00 180.17
3025.00 181.31
3026.00 183.03
3027.00 185.31
3028.00 187.69
3029.00 190.02
3030.00 193.33
3031.00 195.30
3032.00 198.04
3033.00 200.31
3034.00 202.77
3035.00 204.90
3036.00 206.97
3037.00 208.79
3038.00 210.25
3039.00 211.32
3040.00 212.24
3041.00 213.40
3042.00 214.75
3043.00 216.53
3044.00 218.54
3045.00 220.62
3046.00 222.82
3047.00 225.78
3048.00 228.11
3049.00 230.24
3050.00 232.18
3051.00 233.65
3052.00 233.61
3053.00 232.63
3054.00 230.52
3055.00 229.01
3056.00 228.56
3057.00 229.32
3058.00 230.44
3059.00 231.72
3060.00 233.21
3061.00 233.80
3062.00 234.24
3063.00 234.57
3064.00 234.84
3065.00 234.88
3066.00 235.04
3067.00 235.26
3068.00 235.28
3069.00 234.79
3070.00 234.72
3071.00 234.83
3072.00 235.37
3073.00 236.51
3074.00 237.10
3075.00 237.42
3076.00 236.58
3077.00 235.57
3078.00 235.22
3079.00 234.68
3080.00 234.24
3081.00 233.71
3082.00 233.57
3083.00 233.97
3084.00 234.30
3085.00 234.68
3086.00 235.20
3087.00 235.66
3088.00 235.97
3089.00 236.61
3090.00 237.28
3091.00 237.33
3092.00 237.15
3093.00 236.53
3094.00 235.67
3095.00 235.28
3096.00 235.20
3097.00 235.26
3098.00 235.40
3099.00 235.47
3100.00 235.77
3101.00 236.60
3102.00 237.33
3103.00 237.85
3104.00 237.69
3105.00 236.91
3106.00 236.00
3107.00 235.28
3108.00 234.32
3109.00 233.41
3110.00 232.86
3111.00 232.69
3112.00 233.68
3113.00 235.08
3114.00 236.60
3115.00 237.95
3116.00 239.34
3117.00 241.08
3118.00 242.59
3119.00 243.40
3120.00 241.96
3121.00 239.17
3122.00 237.03
3123.00 236.15
3124.00 236.10
3125.00 236.22
3126.00 236.47
3127.00 236.87
3128.00 237.19
3129.00 237.33
3130.00 237.47
3131.00 237.53
3132.00 237.69
3133.00 237.93
3134.00 237.61
3135.00 236.76
3136.00 236.18
3137.00 236.27
3138.00 236.58
3139.00 236.57
3140.00 236.68
3141.00 237.20
3142.00 238.20
3143.00 239.30
3144.00 239.99
3145.00 239.42
3146.00 238.09
3147.00 236.41
3148.00 234.56
3149.00 233.34
3150.00 232.47
3151.00 232.43
3152.00 232.77
3153.00 233.21
3154.00 234.39
3155.00 235.80
3156.00 236.70
3157.00 237.37
3158.00 237.78
3159.00 237.72
3160.00 237.31
3161.00 236.58
3162.00 236.19
3163.00 235.93
3164.00 235.18
3165.00 234.55
3166.00 234.39
3167.00 234.74
3168.00 235.49
3169.00 236.17
3170.00 236.65
3171.00 236.89
3172.00 237.04
3173.00 237.33
3174.00 237.30
3175.00 236.98
3176.00 236.16
3177.00 235.34
3178.00 234.98
3179.00 235.09
3180.00 235.41
3181.00 236.19
3182.00 236.88
3183.00 237.20
3184.00 237.42
3185.00 237.58
3186.00 237.29
3187.00 237.09
3188.00 236.83
3189.00 236.44
3190.00 235.91
3191.00 235.18
3192.00 235.22
3193.00 237.69
3194.00 243.59
3195.00 242.12
3196.00 232.42
3197.00 224.78
3198.00 182.10
3199.00 193.32
3200.00 58.62
3201.00 0.00
3202.00 0.00
3203.00 0.00
3204.00 0.00
3205.00 0.00
3206.00 0.00
3207.00 0.00
3208.00 0.00
3209.00 0.00
3210.00 0.00
3211.00 0.00
3212.00 0.00
3213.00 0.00
3214.00 248.87
3215.00 245.28
3216.00 243.47
3217.00 243.18
3218.00 243.01
3219.00 243.39
3220.00 243.75
3221.00 243.31
3222.00 242.93
3223.00 243.08
3224.00 242.82
3225.00 241.96
3226.00 240.95
3227.00 239.41
3228.00 238.08
3229.00 237.26
3230.00 236.82
3231.00 237.43
3232.00 239.04
3233.00 240.56
3234.00 242.52
3235.00 244.32
3236.00 245.03
3237.00 245.17
3238.00 244.69
3239.00 243.60
3240.00 241.92
3241.00 240.24
3242.00 238.98
3243.00 238.79
3244.00 238.94
3245.00 239.18
3246.00 240.50
3247.00 242.18
3248.00 242.88
3249.00 243.67
3250.00 244.05
3251.00 243.42
3252.00 242.02
3253.00 240.07
3254.00 237.08
3255.00 234.20
3256.00 232.05
3257.00 231.65
3258.00 233.04
3259.00 234.53
3260.00 235.72
3261.00 239.81
3262.00 244.54
3263.00 251.48
3264.00 255.44
3265.00 249.91
3266.00 244.19
3267.00 237.46
3268.00 234.29
3269.00 228.28
3270.00 215.81
3271.00 211.87
3272.00 211.51
3273.00 212.48
3274.00 213.48
3275.00 214.23
3276.00 214.58
3277.00 214.74
3278.00 214.39
3279.00 213.95
3280.00 213.40
3281.00 213.19
3282.00 213.23
3283.00 212.58
3284.00 211.85
3285.00 211.97
3286.00 212.61
3287.00 213.29
3288.00 213.97
3289.00 214.36
3290.00 214.33
3291.00 213.86
3292.00 213.51
3293.00 213.12
3294.00 212.99
3295.00 212.87
3296.00 213.09
3297.00 213.46
3298.00 214.05
3299.00 214.42
3300.00 214.16
3301.00 213.58
3302.00 213.31
3303.00 213.00
3304.00 212.35
3305.00 212.13
3306.00 212.52
3307.00 213.25
3308.00 214.48
3309.00 215.60
3310.00 216.62
3311.00 217.60
3312.00 218.22
3313.00 218.32
3314.00 217.93
3315.00 217.48
3316.00 216.70
3317.00 215.83
3318.00 215.00
3319.00 214.46
3320.00 214.05
3321.00 214.24
3322.00 215.13
3323.00 215.93
3324.00 216.31
3325.00 217.04
3326.00 217.82
3327.00 217.86
3328.00 217.87
3329.00 217.58
3330.00 216.74
3331.00 215.75
3332.00 215.44
3333.00 215.82
3334.00 216.28
3335.00 216.88
3336.00 217.87
3337.00 218.37
3338.00 218.38
3339.00 217.83
3340.00 216.79
3341.00 215.23
3342.00 214.00
3343.00 213.04
3344.00 212.54
3345.00 212.85
3346.00 214.37
3347.00 216.47
3348.00 218.53
3349.00 220.46
3350.00 221.08
3351.00 221.21
3352.00 221.06
3353.00 220.52
3354.00 219.68
3355.00 218.69
3356.00 217.45
3357.00 216.72
3358.00 216.59
3359.00 216.58
3360.00 216.64
3361.00 217.05
3362.00 217.55
3363.00 217.92
3364.00 218.09
3365.00 217.95
3366.00 218.08
3367.00 218.34
3368.00 218.54
3369.00 218.08
3370.00 216.89
3371.00 214.13
3372.00 209.30
3373.00 207.85
3374.00 193.13
3375.00 191.08
3376.00 189.84
3377.00 187.68
3378.00 219.33
3379.00 224.44
3380.00 224.63
3381.00 225.63
3382.00 222.59
3383.00 217.52
3384.00 211.56
3385.00 206.11
3386.00 201.81
3387.00 198.47
3388.00 195.51
3389.00 193.54
3390.00 192.79
3391.00 193.00
3392.00 194.19
3393.00 195.69
3394.00 196.57
3395.00 196.59
3396.00 196.35
3397.00 196.51
3398.00 196.63
3399.00 196.31
3400.00 195.65
3401.00 194.99
3402.00 194.79
3403.00 194.68
3404.00 194.09
3405.00 193.46
3406.00 192.98
3407.00 192.59
3408.00 192.42
3409.00 192.61
3410.00 192.99
3411.00 193.57
3412.00 194.32
3413.00 195.31
3414.00 196.12
3415.00 196.49
3416.00 196.42
3417.00 195.87
3418.00 194.87
3419.00 193.54
3420.00 192.53
3421.00 191.41
3422.00 190.81
3423.00 190.53
3424.00 190.51
3425.00 190.32
3426.00 195.00
3427.00 189.06
3428.00 185.08
3429.00 183.42
3430.00 182.50
3431.00 184.45
3432.00 187.91
3433.00 181.88
3434.00 184.65
3435.00 0.00
3436.00 0.00
3437.00 0.00
3438.00 0.00
3439.00 0.00
3440.00 0.00
3441.00 0.00
3442.00 0.00
3443.00 0.00
3444.00 0.00
3445.00 0.00
3446.00 0.00
3447.00 0.00
3448.00 0.00
3449.00 0.00
3450.00 0.00
3451.00 0.00
3452.00 0.00
3453.00 0.00
3454.00 0.00
3455.00 0.00
3456.00 0.00
3457.00 0.00
3458.00 0.00
3459.00 0.00
3460.00 0.00
3461.00 0.00
3462.00 0.00
3463.00 0.00
3464.00 0.00
3465.00 0.00
3466.00 0.00
3467.00 0.00
3468.00 0.00
3469.00 0.00
3470.00 0.00
3471.00 0.00
3472.00 0.00
3473.00 0.00
3474.00 0.00
3475.00 0.00
3476.00 0.00
3477.00 0.00
3478.00 0.00
3479.00 0.00
3480.00 150.19
3481.00 151.89
3482.00 152.22
3483.00 152.93
3484.00 154.04
3485.00 156.07
3486.00 157.09
3487.00 157.83
3488.00 161.47
3489.00 166.61
3490.00 168.34
3491.00 168.69
3492.00 168.68
3493.00 168.60
3494.00 168.58
3495.00 169.82
3496.00 171.35
3497.00 173.68
3498.00 175.74
3499.00 178.05
3500.00 179.88
3501.00 183.01
3502.00 187.25
3503.00 190.05
3504.00 192.82
3505.00 194.86
3506.00 197.34
3507.00 200.27
3508.00 203.57
3509.00 206.69
3510.00 210.09
3511.00 213.10
3512.00 217.36
3513.00 221.53
3514.00 224.47
3515.00 227.37
3516.00 229.32
3517.00 230.55
3518.00 230.85
3519.00 230.35
3520.00 229.84
3521.00 229.60
3522.00 229.68
3523.00 229.94
3524.00 230.15
3525.00 230.68
3526.00 231.26
3527.00 232.37
3528.00 233.63
3529.00 234.59
3530.00 235.40
3531.00 236.13
3532.00 236.10
3533.00 235.32
3534.00 235.19
3535.00 235.72
3536.00 236.65
3537.00 237.65
3538.00 238.27
3539.00 238.58
3540.00 238.47
3541.00 238.22
3542.00 237.86
3543.00 236.79
3544.00 235.71
3545.00 234.85
3546.00 234.58
3547.00 234.49
3548.00 234.76
3549.00 235.04
3550.00 235.52
3551.00 236.30
3552.00 237.30
3553.00 238.51
3554.00 239.53
3555.00 239.73
3556.00 239.23
3557.00 238.71
3558.00 237.78
3559.00 236.78
3560.00 236.30
3561.00 236.34
3562.00 236.49
3563.00 236.73
3564.00 237.42
3565.00 237.80
3566.00 237.60
3567.00 237.42
3568.00 237.27
3569.00 237.05
3570.00 236.85
3571.00 236.83
3572.00 236.90
3573.00 237.14
3574.00 237.90
3575.00 238.45
3576.00 238.70
3577.00 238.61
3578.00 238.58
3579.00 238.43
3580.00 237.92
3581.00 237.34
3582.00 237.20
3583.00 237.35
3584.00 237.90
3585.00 238.73
3586.00 239.91
3587.00 240.79
3588.00 240.71
3589.00 239.83
3590.00 238.92
3591.00 238.43
3592.00 237.94
3593.00 237.63
3594.00 237.13
3595.00 236.69
3596.00 236.23
3597.00 236.16
3598.00 236.43
3599.00 236.61
3600.00 237.30
3601.00 238.34
3602.00 239.05
3603.00 239.69
3604.00 240.26
3605.00 240.70
3606.00 240.57
3607.00 239.97
3608.00 239.66
3609.00 239.49
3610.00 239.24
3611.00 238.88
3612.00 238.68
3613.00 239.04
3614.00 239.28
3615.00 239.34
3616.00 239.39
3617.00 239.60
3618.00 239.98
3619.00 239.94
3620.00 239.44
3621.00 238.96
3622.00 238.53
3623.00 237.80
3624.00 237.45
3625.00 237.46
3626.00 237.65
3627.00 237.95
3628.00 238.35
3629.00 239.57
3630.00 241.86
3631.00 246.15
3632.00 248.01
3633.00 247.34
3634.00 242.61
3635.00 236.15
3636.00 220.82
3637.00 220.65
3638.00 204.15
3639.00 0.00
3640.00 0.00
3641.00 0.00
3642.00 0.00
3643.00 0.00
3644.00 0.00
3645.00 0.00
3646.00 0.00
3647.00 0.00
3648.00 0.00
3649.00 0.00
3650.00 0.00
3651.00 0.00
3652.00 0.00
3653.00 0.00
3654.00 0.00
3655.00 0.00
3656.00 257.55
3657.00 251.41
3658.00 247.30
3659.00 244.56
3660.00 243.03
3661.00 242.65
3662.00 242.74
3663.00 242.57
3664.00 242.03
3665.00 241.73
3666.00 241.52
3667.00 241.86
3668.00 242.40
3669.00 242.47
3670.00 242.16
3671.00 241.84
3672.00 241.80
3673.00 242.03
3674.00 242.38
3675.00 242.94
3676.00 243.43
3677.00 244.09
3678.00 244.40
3679.00 244.18
3680.00 243.94
3681.00 243.58
3682.00 242.94
3683.00 242.44
3684.00 242.19
3685.00 242.69
3686.00 243.10
3687.00 243.63
3688.00 243.92
3689.00 243.91
3690.00 243.28
3691.00 243.03
3692.00 242.84
3693.00 242.95
3694.00 244.16
3695.00 245.49
3696.00 246.73
3697.00 248.08
3698.00 249.30
3699.00 252.26
3700.00 255.23
3701.00 256.87
3702.00 255.17
3703.00 251.67
3704.00 248.70
3705.00 245.98
3706.00 240.41
3707.00 227.68
3708.00 222.76
3709.00 221.64
3710.00 221.86
3711.00 221.94
3712.00 222.36
3713.00 222.74
3714.00 223.13
3715.00 222.92
3716.00 222.12
3717.00 220.87
3718.00 219.15
3719.00 217.74
3720.00 217.41
3721.00 217.50
3722.00 217.99
3723.00 218.30
3724.00 218.85
3725.00 219.46
3726.00 219.62
3727.00 219.71
3728.00 219.59
3729.00 219.01
3730.00 218.05
3731.00 217.23
3732.00 216.62
3733.00 216.40
3734.00 216.48
3735.00 216.39
3736.00 216.09
3737.00 215.81
3738.00 215.74
3739.00 215.82
3740.00 216.26
3741.00 217.02
3742.00 218.07
3743.00 219.07
3744.00 219.82
3745.00 220.17
3746.00 220.13
3747.00 219.83
3748.00 219.36
3749.00 218.66
3750.00 218.10
3751.00 217.52
3752.00 217.20
3753.00 217.06
3754.00 217.29
3755.00 217.87
3756.00 218.48
3757.00 219.08
3758.00 219.24
3759.00 219.08
3760.00 218.80
3761.00 218.41
3762.00 217.84
3763.00 217.36
3764.00 217.37
3765.00 217.39
3766.00 217.67
3767.00 218.06
3768.00 218.31
3769.00 218.52
3770.00 218.77
3771.00 219.55
3772.00 219.98
3773.00 220.03
3774.00 219.82
3775.00 219.65
3776.00 219.41
3777.00 219.40
3778.00 219.20
3779.00 218.73
3780.00 218.20
3781.00 217.83
3782.00 217.41
3783.00 217.38
3784.00 217.64
3785.00 217.75
3786.00 217.81
3787.00 218.20
3788.00 218.78
3789.00 219.33
3790.00 219.41
3791.00 219.13
3792.00 218.73
3793.00 218.06
3794.00 217.49
3795.00 217.43
3796.00 217.83
3797.00 218.23
3798.00 218.17
3799.00 218.24
3800.00 218.36
3801.00 218.58
3802.00 218.94
3803.00 219.16
3804.00 219.06
3805.00 218.90
3806.00 219.08
3807.00 219.34
3808.00 219.56
3809.00 219.81
3810.00 220.20
3811.00 219.58
3812.00 217.16
3813.00 211.19
3814.00 206.23
3815.00 0.00
3816.00 0.00
3817.00 0.00
3818.00 0.00
3819.00 0.00
3820.00 0.00
3821.00 0.00
3822.00 0.00
3823.00 0.00
3824.00 0.00
3825.00 0.00
3826.00 0.00
3827.00 0.00
3828.00 203.10
3829.00 198.22
3830.00 196.41
3831.00 196.17
3832.00 196.85
3833.00 197.94
3834.00 198.60
3835.00 198.85
3836.00 198.98
3837.00 199.21
3838.00 199.17
3839.00 198.90
3840.00 198.29
3841.00 197.95
3842.00 198.14
3843.00 198.43
3844.00 199.18
3845.00 200.40
3846.00 202.16
3847.00 202.90
3848.00 202.78
3849.00 202.23
3850.00 201.27
3851.00 200.18
3852.00 199.07
3853.00 197.59
3854.00 196.28
3855.00 194.98
3856.00 193.28
3857.00 197.90
3858.00 196.38
3859.00 192.19
3860.00 186.40
3861.00 145.89
3862.00 66.30
3863.00 0.00
3864.00 0.00
3865.00 0.00
3866.00 0.00
3867.00 0.00
3868.00 0.00
3869.00 0.00
3870.00 0.00
3871.00 0.00
3872.00 0.00
3873.00 0.00
3874.00 0.00
3875.00 0.00
3876.00 0.00
3877.00 0.00
3878.00 0.00
3879.00 0.00
3880.00 0.00
3881.00 0.00
3882.00 0.00
3883.00 0.00
3884.00 0.00
3885.00 0.00
3886.00 0.00
3887.00 0.00
3888.00 0.00
3889.00 0.00
3890.00 0.00
3891.00 0.00
3892.00 0.00
3893.00 0.00
3894.00 0.00
3895.00 0.00
3896.00 0.00
3897.00 0.00
3898.00 0.00
3899.00 0.00
3900.00 0.00
3901.00 0.00
3902.00 0.00
3903.00 0.00
3904.00 0.00
3905.00 0.00
3906.00 0.00
3907.00 0.00
3908.00 0.00
3909.00 137.90
3910.00 146.36
3911.00 149.47
3912.00 151.97
3913.00 156.03
3914.00 160.01
3915.00 163.41
3916.00 167.33
3917.00 170.67
3918.00 173.39
3919.00 176.01
3920.00 178.43
3921.00 180.13
3922.00 182.83
3923.00 185.76
3924.00 189.26
3925.00 192.94
3926.00 196.48
3927.00 199.32
3928.00 201.73
3929.00 204.66
3930.00 207.47
3931.00 210.41
3932.00 212.95
3933.00 214.72
3934.00 217.25
3935.00 219.83
3936.00 222.23
3937.00 224.57
3938.00 226.67
3939.00 228.18
3940.00 229.24
3941.00 230.23
3942.00 230.70
3943.00 230.97
3944.00 231.14
3945.00 231.31
3946.00 232.37
3947.00 233.72
3948.00 234.62
3949.00 235.02
3950.00 234.79
3951.00 234.33
3952.00 234.05
3953.00 234.05
3954.00 234.38
3955.00 234.92
3956.00 235.32
3957.00 235.96
3958.00 237.01
3959.00 237.62
3960.00 237.92
3961.00 237.89
3962.00 237.27
3963.00 236.11
3964.00 234.75
3965.00 234.07
3966.00 234.83
3967.00 238.32
3968.00 240.36
3969.00 240.30
3970.00 240.99
3971.00 243.57
3972.00 244.19
3973.00 244.41
3974.00 244.11
3975.00 243.49
3976.00 242.79
3977.00 242.87
3978.00 241.70
3979.00 242.64
3980.00 242.31
3981.00 242.03
3982.00 242.30
3983.00 242.66
3984.00 243.22
3985.00 244.12
3986.00 244.37
3987.00 244.19
3988.00 244.25
3989.00 244.52
3990.00 244.51
3991.00 244.61
3992.00 244.06
3993.00 243.23
3994.00 242.63
3995.00 242.08
3996.00 241.74
3997.00 241.82
3998.00 241.76
3999.00 241.63
4000.00 241.60
4001.00 241.90
4002.00 242.48
4003.00 243.23
4004.00 243.63
4005.00 243.52
4006.00 243.12
4007.00 242.84
4008.00 242.64
4009.00 242.53
4010.00 242.50
4011.00 242.42
4012.00 242.47
4013.00 242.77
4014.00 242.68
4015.00 242.77
4016.00 243.10
4017.00 243.97
4018.00 244.77
4019.00 244.99
4020.00 244.23
4021.00 243.23
4022.00 241.68
4023.00 236.99
4024.00 219.35
4025.00 227.03
4026.00 235.94
4027.00 240.07
4028.00 240.50
4029.00 240.57
4030.00 239.22
4031.00 235.96
4032.00 230.98
4033.00 224.63
4034.00 219.29
4035.00 216.47
4036.00 215.27
4037.00 214.93
4038.00 215.13
4039.00 216.33
4040.00 217.13
4041.00 217.54
4042.00 217.83
4043.00 218.30
4044.00 218.49
4045.00 218.43
4046.00 218.11
4047.00 217.80
4048.00 217.66
4049.00 217.49
4050.00 217.49
4051.00 217.27
4052.00 217.12
4053.00 217.15
4054.00 217.58
4055.00 218.30
4056.00 219.15
4057.00 219.84
4058.00 220.31
4059.00 220.33
4060.00 219.86
4061.00 218.85
4062.00 217.90
4063.00 217.15
4064.00 216.83
4065.00 216.83
4066.00 216.95
4067.00 217.14
4068.00 217.73
4069.00 218.53
4070.00 219.97
4071.00 221.11
4072.00 221.96
4073.00 224.80
4074.00 236.16
4075.00 237.76
4076.00 239.87
4077.00 247.67
4078.00 249.45
4079.00 249.84
4080.00 249.91
4081.00 250.07
4082.00 249.10
4083.00 247.40
4084.00 245.71
4085.00 244.18
4086.00 243.74
4087.00 243.33
4088.00 242.85
4089.00 242.97
4090.00 242.87
4091.00 242.91
4092.00 242.80
4093.00 242.53
4094.00 242.20
4095.00 242.00
4096.00 242.51
4097.00 242.53
4098.00 242.44
4099.00 242.14
4100.00 242.29
4101.00 242.66
4102.00 242.92
4103.00 242.76
4104.00 242.59
4105.00 242.73
4106.00 243.18
4107.00 242.86
4108.00 241.86
4109.00 240.84
4110.00 240.85
4111.00 242.21
4112.00 243.93
4113.00 245.95
4114.00 246.75
4115.00 246.46
4116.00 244.63
4117.00 242.34
4118.00 239.62
4119.00 236.58
4120.00 232.79
4121.00 224.16
4122.00 221.04
4123.00 214.46
4124.00 208.86
4125.00 204.78
4126.00 202.93
4127.00 201.54
4128.00 200.62
4129.00 200.26
4130.00 200.47
4131.00 199.94
4132.00 200.97
4133.00 203.12
4134.00 205.28
4135.00 207.42
4136.00 210.24
4137.00 213.75
4138.00 217.70
4139.00 222.28
4140.00 226.83
4141.00 231.11
4142.00 234.46
4143.00 237.23
4144.00 239.08
4145.00 240.01
4146.00 240.61
4147.00 240.68
4148.00 240.33
4149.00 240.02
4150.00 239.64
4151.00 239.23
4152.00 239.00
4153.00 239.18
4154.00 239.44
4155.00 239.08
4156.00 238.42
4157.00 237.61
4158.00 237.04
4159.00 236.82
4160.00 236.67
4161.00 236.83
4162.00 237.38
4163.00 237.97
4164.00 238.28
4165.00 238.43
4166.00 239.00
4167.00 240.10
4168.00 240.05
4169.00 239.29
4170.00 239.03
4171.00 238.97
4172.00 238.60
4173.00 238.67
4174.00 239.10
4175.00 239.40
4176.00 239.58
4177.00 239.84
4178.00 240.17
4179.00 240.29
4180.00 240.76
4181.00 240.99
4182.00 240.93
4183.00 240.34
4184.00 239.55
4185.00 238.95
4186.00 238.72
4187.00 238.72
4188.00 239.24
4189.00 239.78
4190.00 240.35
4191.00 240.87
4192.00 241.17
4193.00 241.43
4194.00 241.83
4195.00 244.44
4196.00 247.41
4197.00 248.28
4198.00 248.48
4199.00 248.39
4200.00 248.05
4201.00 248.03
4202.00 248.03
4203.00 247.55
4204.00 246.85
4205.00 246.28
4206.00 245.23
4207.00 244.66
4208.00 243.82
4209.00 242.83
4210.00 242.83
4211.00 242.82
4212.00 244.02
4213.00 245.05
4214.00 244.94
4215.00 244.96
4216.00 243.94
4217.00 242.93
4218.00 242.36
4219.00 241.59
4220.00 240.36
4221.00 239.42
4222.00 239.21
4223.00 239.34
4224.00 239.81
4225.00 240.44
4226.00 241.27
4227.00 242.53
4228.00 244.19
4229.00 245.93
4230.00 247.75
4231.00 248.54
4232.00 248.65
4233.00 247.82
4234.00 247.05
4235.00 245.54
4236.00 240.25
4237.00 234.73
4238.00 230.96
4239.00 222.94
4240.00 216.65
4241.00 213.38
4242.00 213.16
4243.00 214.03
4244.00 215.32
4245.00 216.57
4246.00 217.22
4247.00 217.70
4248.00 218.22
4249.00 218.39
4250.00 218.45
4251.00 218.54
4252.00 218.54
4253.00 218.62
4254.00 218.54
4255.00 218.59
4256.00 219.16
4257.00 220.10
4258.00 220.62
4259.00 220.89
4260.00 220.72
4261.00 220.29
4262.00 219.78
4263.00 219.17
4264.00 218.74
4265.00 218.73
4266.00 219.05
4267.00 219.42
4268.00 220.19
4269.00 220.46
4270.00 220.16
4271.00 219.87
4272.00 219.85
4273.00 219.73
4274.00 218.94
4275.00 217.98
4276.00 218.00
4277.00 220.74
4278.00 221.81
4279.00 218.70
4280.00 214.99
4281.00 213.18
4282.00 211.33
4283.00 209.78
4284.00 207.16
4285.00 204.83
4286.00 202.89
4287.00 201.80
4288.00 200.77
4289.00 199.17
4290.00 197.39
4291.00 196.90
4292.00 197.02
4293.00 197.61
4294.00 198.11
4295.00 198.60
4296.00 199.03
4297.00 199.40
4298.00 199.91
4299.00 200.16
4300.00 200.53
4301.00 200.98
4302.00 201.06
4303.00 200.97
4304.00 201.03
4305.00 200.80
4306.00 200.73
4307.00 200.76
4308.00 201.01
4309.00 201.21
4310.00 201.53
4311.00 202.32
4312.00 202.96
4313.00 203.53
4314.00 203.75
4315.00 203.71
4316.00 203.74
4317.00 202.94
4318.00 201.77
4319.00 201.14
4320.00 200.67
4321.00 200.39
4322.00 200.58
4323.00 201.02
4324.00 202.01
4325.00 203.46
4326.00 204.58
4327.00 205.04
4328.00 205.32
4329.00 205.34
4330.00 205.13
4331.00 204.16
4332.00 202.54
4333.00 199.69
4334.00 198.06
4335.00 199.07
4336.00 201.36
4337.00 201.89
4338.00 203.88
4339.00 207.29
4340.00 210.19
4341.00 212.43
4342.00 214.18
4343.00 216.75
4344.00 216.15
4345.00 215.28
4346.00 211.64
4347.00 206.54
4348.00 199.18
4349.00 192.59
4350.00 185.29
4351.00 182.95
4352.00 182.70
4353.00 183.49
4354.00 184.46
4355.00 185.88
4356.00 187.43
4357.00 188.76
4358.00 189.40
4359.00 189.43
4360.00 188.74
4361.00 187.72
4362.00 186.95
4363.00 186.06
4364.00 185.49
4365.00 184.66
4366.00 183.12
4367.00 181.67
4368.00 180.32
4369.00 179.45
4370.00 178.75
4371.00 178.47
4372.00 178.74
4373.00 178.71
4374.00 179.33
4375.00 180.19
4376.00 180.95
4377.00 181.74
4378.00 181.93
4379.00 181.92
4380.00 182.25
4381.00 182.13
4382.00 181.68
4383.00 181.26
4384.00 180.93
4385.00 181.05
4386.00 181.63
4387.00 181.87
4388.00 182.44
4389.00 183.31
4390.00 184.01
4391.00 184.38
4392.00 184.62
4393.00 184.36
4394.00 184.09
4395.00 183.64
4396.00 182.96
4397.00 182.63
4398.00 182.52
4399.00 182.61
4400.00 182.66
4401.00 183.21
4402.00 183.77
4403.00 184.13
4404.00 184.23
4405.00 184.26
4406.00 184.63
4407.00 184.87
4408.00 184.30
4409.00 183.45
4410.00 182.84
4411.00 182.52
4412.00 181.87
4413.00 182.03
4414.00 182.79
4415.00 183.48
4416.00 184.32
4417.00 185.15
4418.00 185.61
4419.00 185.99
4420.00 185.91
4421.00 185.55
4422.00 184.73
4423.00 183.74
4424.00 182.96
4425.00 182.60
4426.00 182.74
4427.00 183.27
4428.00 183.77
4429.00 184.22
4430.00 184.99
4431.00 185.59
4432.00 185.78
4433.00 185.64
4434.00 185.62
4435.00 185.35
4436.00 184.55
4437.00 183.65
4438.00 182.71
4439.00 182.18
4440.00 182.54
4441.00 182.87
4442.00 182.88
4443.00 182.86
4444.00 182.71
4445.00 181.66
4446.00 179.52
4447.00 177.65
4448.00 181.34
4449.00 181.13
4450.00 175.07
4451.00 158.04
4452.00 0.00
4453.00 0.00
4454.00 0.00
4455.00 0.00
4456.00 0.00
4457.00 0.00
4458.00 0.00
4459.00 0.00
4460.00 0.00
4461.00 0.00
4462.00 0.00
4463.00 0.00
4464.00 0.00
4465.00 0.00
4466.00 0.00
4467.00 173.14
4468.00 177.44
4469.00 182.59
4470.00 187.41
4471.00 193.13
4472.00 198.00
4473.00 203.11
4474.00 207.44
4475.00 211.43
4476.00 214.86
4477.00 217.15
4478.00 218.09
4479.00 218.03
4480.00 217.82
4481.00 217.46
4482.00 217.28
4483.00 217.51
4484.00 217.58
4485.00 218.03
4486.00 218.23
4487.00 218.58
4488.00 218.91
4489.00 219.21
4490.00 219.96
4491.00 220.58
4492.00 221.04
4493.00 222.16
4494.00 223.22
4495.00 223.69
4496.00 223.90
4497.00 223.89
4498.00 223.83
4499.00 224.03
4500.00 224.06
4501.00 223.89
4502.00 224.01
4503.00 224.31
4504.00 224.29
4505.00 223.96
4506.00 223.77
4507.00 223.97
4508.00 223.70
4509.00 223.01
4510.00 222.64
4511.00 222.76
4512.00 222.74
4513.00 221.87
4514.00 219.56
4515.00 216.12
4516.00 211.81
4517.00 208.79
4518.00 207.06
4519.00 205.43
4520.00 204.29
4521.00 203.99
4522.00 204.36
4523.00 204.81
4524.00 205.32
4525.00 205.87
4526.00 205.98
4527.00 205.39
4528.00 204.23
4529.00 203.04
4530.00 201.60
4531.00 200.73
4532.00 200.09
4533.00 200.13
4534.00 200.12
4535.00 200.55
4536.00 201.56
4537.00 202.54
4538.00 203.33
4539.00 203.73
4540.00 203.91
4541.00 203.77
4542.00 203.49
4543.00 202.99
4544.00 202.53
4545.00 202.40
4546.00 202.76
4547.00 203.35
4548.00 203.95
4549.00 204.45
4550.00 204.86
4551.00 205.20
4552.00 205.40
4553.00 205.13
4554.00 204.26
4555.00 203.61
4556.00 202.89
4557.00 202.07
4558.00 201.71
4559.00 201.37
4560.00 201.37
4561.00 201.55
4562.00 201.69
4563.00 201.73
4564.00 201.22
4565.00 200.51
4566.00 201.30
4567.00 205.95
4568.00 211.86
4569.00 211.25
4570.00 210.20
4571.00 208.05
4572.00 205.25
4573.00 201.74
4574.00 196.49
4575.00 187.31
4576.00 181.60
4577.00 178.07
4578.00 177.05
4579.00 177.09
4580.00 177.86
4581.00 178.56
4582.00 179.19
4583.00 179.98
4584.00 181.09
4585.00 182.54
4586.00 183.06
4587.00 183.14
4588.00 183.20
4589.00 182.91
4590.00 182.36
4591.00 181.94
4592.00 182.31
4593.00 182.61
4594.00 182.90
4595.00 183.72
4596.00 184.42
4597.00 184.82
4598.00 185.04
4599.00 184.94
4600.00 184.10
4601.00 183.21
4602.00 181.38
4603.00 179.64
4604.00 178.22
4605.00 177.68
4606.00 177.78
4607.00 178.54
4608.00 179.70
4609.00 181.18
4610.00 182.79
4611.00 183.98
4612.00 184.57
4613.00 184.64
4614.00 184.69
4615.00 184.50
4616.00 184.13
4617.00 183.08
4618.00 181.21
4619.00 179.43
4620.00 178.27
4621.00 177.77
4622.00 177.82
4623.00 178.49
4624.00 178.81
4625.00 179.04
4626.00 179.59
4627.00 180.63
4628.00 181.49
4629.00 182.00
4630.00 182.54
4631.00 182.67
4632.00 183.00
4633.00 183.50
4634.00 183.77
4635.00 183.97
4636.00 184.51
4637.00 184.78
4638.00 184.75
4639.00 184.76
4640.00 184.71
4641.00 184.17
4642.00 183.63
4643.00 183.05
4644.00 182.51
4645.00 182.20
4646.00 182.09
4647.00 181.78
4648.00 181.51
4649.00 181.82
4650.00 182.31
4651.00 182.71
4652.00 182.53
4653.00 182.08
4654.00 181.85
4655.00 181.43
4656.00 180.75
4657.00 180.18
4658.00 179.91
4659.00 179.41
4660.00 179.14
4661.00 179.40
4662.00 180.02
4663.00 180.85
4664.00 181.66
4665.00 182.34
4666.00 182.79
4667.00 182.91
4668.00 182.91
4669.00 182.84
4670.00 182.61
4671.00 182.12
4672.00 181.97
4673.00 181.63
4674.00 181.58
4675.00 181.58
4676.00 181.62
4677.00 181.90
4678.00 182.34
4679.00 182.56
4680.00 182.78
4681.00 183.35
4682.00 183.61
4683.00 183.45
4684.00 183.06
4685.00 182.66
4686.00 181.77
4687.00 180.75
4688.00 179.47
4689.00 178.58
4690.00 177.75
4691.00 176.70
4692.00 175.07
4693.00 172.96
4694.00 172.70
4695.00 181.62
4696.00 183.78
4697.00 178.80
4698.00 164.58
4699.00 155.84
4700.00 0.00
4701.00 0.00
4702.00 0.00
4703.00 0.00
4704.00 0.00
4705.00 0.00
4706.00 0.00
4707.00 0.00
4708.00 0.00
4709.00 0.00
4710.00 0.00
4711.00 0.00
4712.00 0.00
4713.00 0.00
4714.00 0.00
4715.00 0.00
4716.00 0.00
4717.00 0.00
4718.00 0.00
4719.00 0.00
4720.00 0.00
4721.00 0.00
4722.00 0.00
4723.00 0.00
4724.00 0.00
4725.00 0.00
4726.00 0.00
4727.00 0.00
4728.00 0.00
4729.00 0.00
4730.00 0.00
4731.00 0.00
4732.00 0.00
4733.00 0.00
4734.00 0.00
4735.00 0.00
4736.00 0.00
4737.00 0.00
4738.00 0.00
4739.00 0.00
4740.00 0.00
4741.00 0.00
4742.00 0.00
4743.00 0.00
4744.00 0.00
4745.00 0.00
4746.00 0.00
4747.00 0.00
4748.00 0.00
4749.00 0.00
4750.00 0.00
4751.00 0.00
4752.00 0.00
4753.00 0.00
4754.00 171.44
4755.00 170.83
4756.00 169.47
4757.00 169.24
4758.00 170.60
4759.00 172.38
4760.00 174.64
4761.00 178.51
4762.00 182.40
4763.00 185.52
4764.00 186.60
4765.00 187.52
4766.00 188.63
4767.00 189.87
4768.00 190.85
4769.00 192.72
4770.00 194.51
4771.00 197.58
4772.00 201.63
4773.00 206.71
4774.00 212.27
4775.00 220.93
4776.00 224.70
4777.00 227.36
4778.00 229.14
4779.00 229.47
4780.00 229.28
4781.00 229.72
4782.00 230.43
4783.00 231.03
4784.00 231.77
4785.00 232.24
4786.00 232.66
4787.00 234.11
4788.00 235.59
4789.00 236.85
4790.00 237.85
4791.00 238.59
4792.00 239.02
4793.00 238.82
4794.00 238.35
4795.00 237.91
4796.00 237.63
4797.00 237.04
4798.00 236.12
4799.00 235.57
4800.00 235.92
4801.00 237.08
4802.00 238.51
4803.00 239.55
4804.00 239.76
4805.00 239.46
4806.00 238.69
4807.00 238.48
4808.00 238.68
4809.00 238.89
4810.00 238.91
4811.00 238.81
4812.00 238.58
4813.00 238.43
4814.00 238.22
4815.00 238.49
4816.00 239.09
4817.00 239.39
4818.00 239.65
4819.00 239.69
4820.00 239.89
4821.00 240.23
4822.00 240.15
4823.00 239.54
4824.00 238.63
4825.00 238.20
4826.00 237.77
4827.00 237.62
4828.00 237.72
4829.00 238.18
4830.00 239.04
4831.00 240.43
4832.00 242.03
4833.00 242.73
4834.00 243.09
4835.00 242.48
4836.00 241.49
4837.00 240.30
4838.00 238.71
4839.00 237.70
4840.00 237.38
4841.00 237.46
4842.00 238.12
4843.00 239.05
4844.00 240.92
4845.00 242.96
4846.00 244.62
4847.00 245.31
4848.00 245.21
4849.00 244.25
4850.00 242.75
4851.00 241.26
4852.00 239.20
4853.00 237.85
4854.00 237.55
4855.00 237.72
4856.00 239.05
4857.00 240.71
4858.00 242.32
4859.00 244.18
4860.00 245.46
4861.00 245.34
4862.00 244.39
4863.00 243.10
4864.00 242.01
4865.00 240.43
4866.00 239.47
4867.00 238.96
4868.00 238.37
4869.00 237.81
4870.00 238.01
4871.00 238.96
4872.00 240.10
4873.00 241.22
4874.00 242.49
4875.00 243.68
4876.00 244.01
4877.00 243.79
4878.00 242.78
4879.00 241.36
4880.00 239.69
4881.00 238.68
4882.00 238.40
4883.00 238.60
4884.00 239.19
4885.00 240.11
4886.00 241.30
4887.00 241.68
4888.00 241.89
4889.00 241.79
4890.00 241.44
4891.00 240.80
4892.00 239.62
4893.00 238.82
4894.00 237.79
4895.00 237.24
4896.00 237.32
4897.00 238.15
4898.00 240.01
4899.00 241.85
4900.00 243.13
4901.00 244.43
4902.00 246.02
4903.00 246.75
4904.00 245.69
4905.00 245.85
4906.00 248.16
4907.00 250.90
4908.00 251.31
4909.00 251.24
4910.00 251.77
4911.00 251.51
4912.00 252.07
4913.00 251.65
4914.00 248.96
4915.00 247.23
4916.00 245.60
4917.00 243.94
4918.00 242.13
4919.00 240.68
4920.00 239.95
4921.00 239.37
4922.00 239.52
4923.00 240.48
4924.00 241.72
4925.00 242.78
4926.00 243.31
4927.00 243.13
4928.00 243.03
4929.00 242.52
4930.00 242.17
4931.00 241.94
4932.00 241.62
4933.00 241.31
4934.00 240.90
4935.00 240.86
4936.00 240.97
4937.00 241.08
4938.00 241.29
4939.00 241.99
4940.00 242.96
4941.00 243.75
4942.00 243.98
4943.00 243.77
4944.00 243.55
4945.00 243.14
4946.00 242.88
4947.00 242.32
4948.00 241.93
4949.00 241.48
4950.00 240.80
4951.00 240.69
4952.00 241.25
4953.00 241.71
4954.00 242.34
4955.00 243.08
4956.00 243.27
4957.00 243.25
4958.00 243.29
4959.00 243.19
4960.00 242.65
4961.00 241.98
4962.00 241.33
4963.00 241.06
4964.00 241.23
4965.00 241.64
4966.00 242.24
4967.00 242.75
4968.00 242.78
4969.00 242.93
4970.00 242.96
4971.00 243.03
4972.00 242.92
4973.00 242.69
4974.00 242.32
4975.00 242.21
4976.00 242.49
4977.00 243.00
4978.00 243.21
4979.00 243.19
4980.00 243.40
4981.00 243.61
4982.00 243.33
4983.00 242.87
4984.00 242.54
4985.00 242.59
4986.00 242.73
4987.00 243.11
4988.00 243.63
4989.00 244.24
4990.00 243.92
4991.00 243.06
4992.00 240.85
4993.00 234.74
4994.00 0.00
4995.00 0.00
4996.00 0.00
4997.00 0.00
4998.00 0.00
4999.00 0.00
5000.00 0.00
5001.00 0.00
5002.00 0.00
5003.00 0.00
5004.00 0.00
5005.00 0.00
5006.00 0.00
5007.00 0.00
5008.00 0.00
5009.00 0.00
5010.00 0.00
5011.00 0.00
5012.00 0.00
5013.00 0.00
5014.00 0.00
5015.00 0.00
5016.00 0.00
5017.00 0.00
5018.00 0.00
5019.00 0.00
5020.00 0.00
5021.00 0.00
5022.00 0.00
5023.00 0.00
5024.00 0.00
5025.00 0.00
5026.00 0.00
5027.00 0.00
5028.00 0.00
5029.00 238.71
5030.00 237.63
5031.00 237.67
5032.00 237.33
5033.00 235.82
5034.00 234.62
5035.00 233.76
5036.00 233.57
5037.00 234.26
5038.00 235.26
5039.00 236.46
5040.00 238.18
5041.00 239.07
5042.00 238.93
5043.00 237.91
5044.00 236.86
5045.00 236.40
5046.00 236.33
5047.00 236.86
5048.00 237.83
5049.00 238.61
5050.00 239.31
5051.00 240.09
5052.00 240.15
5053.00 240.00
5054.00 241.26
5055.00 242.34
5056.00 244.11
5057.00 64.38
5058.00 76.76
5059.00 186.05
5060.00 184.48
5061.00 213.86
5062.00 214.89
5063.00 215.39
5064.00 214.70
5065.00 212.80
5066.00 210.25
5067.00 209.30
5068.00 209.30
5069.00 209.91
5070.00 212.23
5071.00 214.73
5072.00 217.50
5073.00 220.34
5074.00 223.24
5075.00 225.51
5076.00 227.81
5077.00 229.74
5078.00 230.50
5079.00 231.35
5080.00 232.31
5081.00 233.43
5082.00 234.74
5083.00 236.33
5084.00 238.40
5085.00 240.05
5086.00 241.15
5087.00 241.79
5088.00 241.93
5089.00 241.99
5090.00 241.55
5091.00 240.35
5092.00 237.92
5093.00 235.72
5094.00 233.91
5095.00 233.24
5096.00 233.41
5097.00 234.40
5098.00 235.93
5099.00 237.36
5100.00 238.66
5101.00 240.04
5102.00 240.70
5103.00 240.46
5104.00 239.61
5105.00 239.36
5106.00 239.02
5107.00 238.43
5108.00 237.75
5109.00 237.17
5110.00 237.40
5111.00 237.73
5112.00 237.89
5113.00 237.72
5114.00 238.17
5115.00 238.33
5116.00 238.34
5117.00 238.36
5118.00 238.30
5119.00 238.02
5120.00 237.67
5121.00 237.50
5122.00 237.75
5123.00 238.02
5124.00 238.61
5125.00 239.28
5126.00 239.68
5127.00 240.30
5128.00 240.71
5129.00 240.97
5130.00 241.37
5131.00 241.57
5132.00 241.01
5133.00 239.73
5134.00 238.22
5135.00 236.98
5136.00 235.82
5137.00 235.99
5138.00 236.99
5139.00 238.18
5140.00 239.53
5141.00 241.23
5142.00 242.64
5143.00 243.52
5144.00 243.70
5145.00 243.08
5146.00 241.59
5147.00 239.10
5148.00 236.91
5149.00 235.77
5150.00 235.79
5151.00 236.43
5152.00 237.25
5153.00 238.57
5154.00 240.40
5155.00 241.89
5156.00 242.37
5157.00 242.24
5158.00 241.62
5159.00 241.40
5160.00 240.95
5161.00 240.21
5162.00 239.66
5163.00 239.44
5164.00 239.56
5165.00 239.99
5166.00 240.30
5167.00 240.88
5168.00 241.46
5169.00 242.04
5170.00 242.70
5171.00 242.86
5172.00 242.82
5173.00 242.32
5174.00 241.41
5175.00 240.23
5176.00 239.04
5177.00 238.27
5178.00 238.14
5179.00 238.86
5180.00 240.67
5181.00 241.75
5182.00 242.82
5183.00 243.10
5184.00 243.34
5185.00 243.46
5186.00 242.80
5187.00 241.08
5188.00 238.90
5189.00 236.04
5190.00 233.21
5191.00 229.46
5192.00 226.06
5193.00 222.04
5194.00 219.32
5195.00 216.69
5196.00 214.97
5197.00 213.55
5198.00 212.60
5199.00 211.69
5200.00 210.61
5201.00 216.82
5202.00 220.81
5203.00 223.35
5204.00 227.20
5205.00 232.38
5206.00 235.67
5207.00 242.47
5208.00 252.29
5209.00 253.72
5210.00 252.02
5211.00 247.49
5212.00 243.18
5213.00 237.15
5214.00 229.46
5215.00 223.25
5216.00 219.56
5217.00 216.99
5218.00 215.75
5219.00 215.60
5220.00 215.83
5221.00 216.35
5222.00 216.64
5223.00 216.94
5224.00 217.16
5225.00 217.47
5226.00 217.90
5227.00 218.21
5228.00 218.44
5229.00 218.86
5230.00 219.07
5231.00 219.27
5232.00 219.50
5233.00 220.05
5234.00 220.61
5235.00 220.94
5236.00 221.12
5237.00 220.95
5238.00 220.67
5239.00 220.41
5240.00 219.82
5241.00 219.27
5242.00 218.87
5243.00 218.56
5244.00 218.28
5245.00 218.19
5246.00 218.77
5247.00 219.68
5248.00 220.24
5249.00 220.58
5250.00 220.97
5251.00 221.34
5252.00 221.75
5253.00 221.78
5254.00 221.38
5255.00 220.77
5256.00 220.56
5257.00 220.75
5258.00 221.17
5259.00 221.37
5260.00 221.24
5261.00 221.25
5262.00 220.95
5263.00 220.71
5264.00 220.76
5265.00 220.73
5266.00 220.28
5267.00 220.21
5268.00 219.95
5269.00 218.92
5270.00 217.00
5271.00 214.48
5272.00 212.08
5273.00 208.44
5274.00 204.76
5275.00 200.28
5276.00 194.78
5277.00 191.66
5278.00 190.72
5279.00 191.74
5280.00 193.54
5281.00 196.19
5282.00 197.93
5283.00 199.04
5284.00 199.86
5285.00 200.09
5286.00 199.74
5287.00 199.29
5288.00 198.95
5289.00 198.76
5290.00 198.76
5291.00 198.60
5292.00 198.81
5293.00 199.48
5294.00 200.58
5295.00 201.61
5296.00 202.40
5297.00 202.43
5298.00 201.99
5299.00 201.83
5300.00 201.80
5301.00 201.58
5302.00 201.62
5303.00 202.05
5304.00 202.43
5305.00 202.71
5306.00 203.00
5307.00 202.89
5308.00 202.49
5309.00 201.65
5310.00 200.27
5311.00 199.51
5312.00 198.85
5313.00 197.98
5314.00 195.86
5315.00 189.97
5316.00 0.00
5317.00 0.00
5318.00 0.00
5319.00 0.00
5320.00 0.00
5321.00 0.00
5322.00 0.00
5323.00 0.00
5324.00 0.00
5325.00 0.00
5326.00 0.00
5327.00 0.00
5328.00 0.00
5329.00 0.00
5330.00 0.00
5331.00 0.00
5332.00 0.00
5333.00 0.00
5334.00 0.00
5335.00 0.00
5336.00 0.00
5337.00 0.00
5338.00 0.00
5339.00 0.00
5340.00 0.00
5341.00 0.00
5342.00 0.00
5343.00 0.00
5344.00 0.00
5345.00 0.00
5346.00 0.00
5347.00 0.00
5348.00 0.00
5349.00 0.00
5350.00 0.00
5351.00 0.00
5352.00 0.00
5353.00 0.00
5354.00 0.00
5355.00 0.00
5356.00 0.00
5357.00 250.68
5358.00 247.41
5359.00 244.39
5360.00 243.25
5361.00 243.34
5362.00 243.36
5363.00 243.15
5364.00 242.78
5365.00 241.65
5366.00 240.19
5367.00 238.76
5368.00 238.27
5369.00 238.59
5370.00 239.26
5371.00 240.08
5372.00 241.03
5373.00 242.08
5374.00 242.98
5375.00 243.78
5376.00 244.37
5377.00 245.07
5378.00 245.13
5379.00 244.61
5380.00 243.96
5381.00 243.14
5382.00 242.13
5383.00 241.13
5384.00 240.65
5385.00 240.79
5386.00 240.93
5387.00 241.26
5388.00 241.57
5389.00 241.80
5390.00 241.96
5391.00 241.91
5392.00 241.76
5393.00 241.69
5394.00 241.65
5395.00 241.28
5396.00 240.67
5397.00 240.41
5398.00 240.53
5399.00 240.94
5400.00 241.31
5401.00 241.43
5402.00 241.54
5403.00 241.37
5404.00 241.30
5405.00 241.20
5406.00 240.88
5407.00 240.42
5408.00 239.78
5409.00 239.21
5410.00 238.72
5411.00 238.77
5412.00 239.25
5413.00 240.23
5414.00 241.17
5415.00 241.76
5416.00 242.28
5417.00 241.92
5418.00 241.04
5419.00 239.71
5420.00 238.76
5421.00 238.22
5422.00 238.17
5423.00 238.51
5424.00 239.24
5425.00 239.51
5426.00 239.88
5427.00 239.88
5428.00 240.15
5429.00 240.39
5430.00 240.41
5431.00 240.48
5432.00 240.38
5433.00 240.18
5434.00 240.07
5435.00 239.81
5436.00 239.85
5437.00 239.83
5438.00 239.89
5439.00 240.35
5440.00 240.82
5441.00 241.08
5442.00 241.11
5443.00 240.67
5444.00 239.92
5445.00 239.17
5446.00 238.84
5447.00 238.46
5448.00 238.50
5449.00 238.84
5450.00 239.41
5451.00 240.24
5452.00 241.01
5453.00 241.91
5454.00 242.68
5455.00 243.02
5456.00 242.85
5457.00 242.12
5458.00 241.55
5459.00 240.46
5460.00 239.35
5461.00 238.60
5462.00 238.64
5463.00 239.39
5464.00 240.96
5465.00 243.06
5466.00 245.21
5467.00 247.05
5468.00 248.40
5469.00 249.92
5470.00 252.86
5471.00 258.13
5472.00 316.84
5473.00 289.58
5474.00 284.01
5475.00 268.69
5476.00 262.92
5477.00 256.29
5478.00 250.06
5479.00 245.97
5480.00 243.83
5481.00 243.22
5482.00 243.16
5483.00 243.09
5484.00 242.97
5485.00 242.67
5486.00 242.60
5487.00 242.85
5488.00 242.64
5489.00 241.90
5490.00 240.89
5491.00 239.87
5492.00 238.79
5493.00 237.95
5494.00 237.55
5495.00 237.63
5496.00 238.58
5497.00 239.66
5498.00 241.03
5499.00 242.22
5500.00 243.85
5501.00 245.55
5502.00 247.19
5503.00 248.75
5504.00 249.05
5505.00 248.21
5506.00 246.62
5507.00 244.68
5508.00 242.94
5509.00 240.38
5510.00 236.95
5511.00 232.95
5512.00 228.42
5513.00 224.04
5514.00 219.35
5515.00 214.02
5516.00 211.24
5517.00 210.54
5518.00 210.76
5519.00 211.16
5520.00 211.49
5521.00 211.98
5522.00 212.51
5523.00 213.45
5524.00 214.41
5525.00 215.02
5526.00 214.97
5527.00 214.82
5528.00 214.58
5529.00 214.53
5530.00 214.75
5531.00 214.97
5532.00 215.09
5533.00 215.00
5534.00 214.66
5535.00 214.33
5536.00 214.54
5537.00 215.05
5538.00 215.40
5539.00 215.35
5540.00 215.09
5541.00 214.98
5542.00 214.99
5543.00 214.89
5544.00 214.60
5545.00 214.25
5546.00 214.02
5547.00 213.98
5548.00 213.91
5549.00 213.79
5550.00 213.83
5551.00 213.92
5552.00 214.26
5553.00 214.92
5554.00 215.38
5555.00 216.32
5556.00 217.27
5557.00 217.62
5558.00 217.95
5559.00 218.19
5560.00 218.11
5561.00 217.90
5562.00 217.54
5563.00 217.05
5564.00 216.59
5565.00 216.38
5566.00 216.46
5567.00 216.28
5568.00 216.49
5569.00 216.86
5570.00 216.97
5571.00 217.00
5572.00 217.12
5573.00 217.37
5574.00 217.14
5575.00 216.33
5576.00 215.38
5577.00 214.51
5578.00 214.97
5579.00 217.98
5580.00 219.45
5581.00 217.38
5582.00 213.75
5583.00 209.24
5584.00 210.49
5585.00 211.64
5586.00 211.72
5587.00 210.44
5588.00 208.38
5589.00 203.61
5590.00 199.90
5591.00 197.24
5592.00 195.52
5593.00 195.52
5594.00 195.63
5595.00 195.82
5596.00 196.13
5597.00 196.12
5598.00 196.64
5599.00 197.64
5600.00 198.51
5601.00 199.02
5602.00 199.20
5603.00 199.31
5604.00 199.38
5605.00 199.24
5606.00 198.77
5607.00 198.31
5608.00 198.32
5609.00 199.18
5610.00 199.68
5611.00 199.82
5612.00 199.75
5613.00 199.49
5614.00 199.77
5615.00 199.91
5616.00 200.08
5617.00 200.52
5618.00 200.23
5619.00 200.24
5620.00 200.25
5621.00 200.72
5622.00 201.86
5623.00 203.61
5624.00 205.90
5625.00 208.12
5626.00 210.34
5627.00 212.16
5628.00 213.79
5629.00 214.51
5630.00 214.60
5631.00 214.14
5632.00 212.85
5633.00 211.44
5634.00 210.68
5635.00 210.17
5636.00 210.30
5637.00 210.45
5638.00 210.76
5639.00 211.37
5640.00 211.78
5641.00 212.41
5642.00 212.96
5643.00 213.27
5644.00 213.26
5645.00 212.83
5646.00 212.56
5647.00 212.20
5648.00 211.82
5649.00 211.65
5650.00 211.91
5651.00 212.27
5652.00 212.53
5653.00 212.63
5654.00 212.62
5655.00 212.27
5656.00 211.66
5657.00 211.06
5658.00 210.48
5659.00 209.99
5660.00 209.71
5661.00 210.23
5662.00 212.12
5663.00 216.78
5664.00 215.66
5665.00 215.07
5666.00 214.77
5667.00 214.30
5668.00 213.81
5669.00 213.61
5670.00 212.86
5671.00 211.40
5672.00 209.27
5673.00 207.23
5674.00 205.84
5675.00 203.22
5676.00 199.49
5677.00 195.76
5678.00 192.18
5679.00 189.18
5680.00 187.24
5681.00 185.91
5682.00 185.01
5683.00 184.41
5684.00 183.93
5685.00 183.47
5686.00 182.56
5687.00 181.45
5688.00 180.05
5689.00 178.92
5690.00 178.16
5691.00 178.08
5692.00 178.41
5693.00 178.62
5694.00 179.31
5695.00 179.56
5696.00 179.91
5697.00 180.48
5698.00 180.95
5699.00 181.02
5700.00 181.02
5701.00 180.72
5702.00 180.32
5703.00 180.23
5704.00 179.83
5705.00 179.67
5706.00 179.86
5707.00 180.44
5708.00 180.95
5709.00 181.32
5710.00 181.85
5711.00 182.22
5712.00 182.32
5713.00 182.43
5714.00 182.07
5715.00 181.49
5716.00 181.03
5717.00 180.11
5718.00 179.45
5719.00 179.34
5720.00 179.23
5721.00 179.22
5722.00 179.58
5723.00 180.09
5724.00 180.45
5725.00 181.19
5726.00 181.63
5727.00 181.57
5728.00 181.16
5729.00 180.78
5730.00 180.68
5731.00 180.81
5732.00 180.91
5733.00 180.78
5734.00 180.95
5735.00 181.14
5736.00 181.36
5737.00 181.61
5738.00 181.98
5739.00 182.46
5740.00 182.64
5741.00 182.45
5742.00 182.02
5743.00 181.69
5744.00 181.17
5745.00 180.69
5746.00 180.15
5747.00 180.00
5748.00 180.46
5749.00 180.61
5750.00 181.05
5751.00 181.47
5752.00 181.70
5753.00 182.03
5754.00 182.35
5755.00 182.23
5756.00 182.09
5757.00 182.04
5758.00 181.79
5759.00 181.98
5760.00 182.28
5761.00 182.36
5762.00 182.42
5763.00 182.61
5764.00 182.84
5765.00 183.52
5766.00 183.92
5767.00 183.97
5768.00 183.70
5769.00 183.23
5770.00 182.55
5771.00 182.51
5772.00 182.33
5773.00 182.08
5774.00 182.21
5775.00 182.16
5776.00 182.33
5777.00 182.50
5778.00 182.85
5779.00 183.40
5780.00 183.82
5781.00 183.90
5782.00 183.69
5783.00 183.52
5784.00 183.46
5785.00 183.47
5786.00 183.38
5787.00 182.89
5788.00 181.25
5789.00 177.44
5790.00 169.47
5791.00 0.00
5792.00 0.00
5793.00 0.00
5794.00 0.00
5795.00 0.00
5796.00 0.00
5797.00 0.00
5798.00 0.00
5799.00 0.00
5800.00 0.00
5801.00 0.00
5802.00 0.00
5803.00 0.00
5804.00 0.00
5805.00 0.00
5806.00 0.00
5807.00 0.00
5808.00 0.00
5809.00 0.00
5810.00 0.00
5811.00 0.00
5812.00 0.00
5813.00 0.00
5814.00 0.00
5815.00 0.00
5816.00 0.00
5817.00 0.00
5818.00 0.00
5819.00 0.00
5820.00 0.00
5821.00 0.00
5822.00 0.00
5823.00 0.00
5824.00 0.00
5825.00 0.00
5826.00 0.00
5827.00 0.00
5828.00 0.00
5829.00 0.00
5830.00 0.00
5831.00 137.83
5832.00 140.23
5833.00 143.56
5834.00 147.66
5835.00 154.05
5836.00 160.50
5837.00 167.20
5838.00 174.77
5839.00 180.28
5840.00 186.13
5841.00 190.13
5842.00 192.29
5843.00 194.66
5844.00 197.05
5845.00 198.84
5846.00 200.65
5847.00 202.51
5848.00 204.11
5849.00 205.84
5850.00 207.13
5851.00 208.47
5852.00 209.88
5853.00 211.46
5854.00 213.47
5855.00 216.21
5856.00 218.54
5857.00 220.26
5858.00 221.28
5859.00 221.90
5860.00 222.25
5861.00 222.12
5862.00 221.50
5863.00 220.91
5864.00 220.39
5865.00 219.90
5866.00 219.71
5867.00 219.85
5868.00 219.81
5869.00 219.67
5870.00 219.76
5871.00 220.25
5872.00 220.81
5873.00 221.04
5874.00 221.56
5875.00 221.87
5876.00 222.58
5877.00 223.19
5878.00 223.82
5879.00 224.11
5880.00 224.19
5881.00 224.20
5882.00 223.88
5883.00 223.61
5884.00 223.62
5885.00 223.87
5886.00 224.07
5887.00 224.07
5888.00 224.09
5889.00 223.70
5890.00 222.99
5891.00 222.00
5892.00 221.28
5893.00 221.22
5894.00 221.84
5895.00 223.29
5896.00 225.82
5897.00 227.86
5898.00 229.40
5899.00 230.62
5900.00 231.31
5901.00 231.28
5902.00 230.61
5903.00 228.56
5904.00 226.20
5905.00 223.25
5906.00 219.90
5907.00 214.75
5908.00 209.64
5909.00 207.18
5910.00 205.82
5911.00 205.85
5912.00 206.39
5913.00 207.16
5914.00 207.51
5915.00 207.89
5916.00 207.87
5917.00 207.48
5918.00 206.78
5919.00 206.05
5920.00 205.36
5921.00 204.94
5922.00 204.70
5923.00 204.50
5924.00 204.43
5925.00 204.37
5926.00 204.06
5927.00 203.78
5928.00 203.62
5929.00 203.19
5930.00 202.67
5931.00 202.24
5932.00 202.26
5933.00 202.19
5934.00 202.31
5935.00 202.66
5936.00 202.77
5937.00 203.16
5938.00 203.65
5939.00 203.93
5940.00 204.25
5941.00 204.61
5942.00 204.43
5943.00 203.81
5944.00 203.00
5945.00 202.26
5946.00 201.91
5947.00 201.72
5948.00 201.97
5949.00 202.63
5950.00 203.26
5951.00 203.82
5952.00 204.04
5953.00 204.16
5954.00 204.23
5955.00 203.97
5956.00 203.98
5957.00 203.95
5958.00 203.98
5959.00 204.14
5960.00 204.45
5961.00 204.71
5962.00 205.37
5963.00 205.98
5964.00 206.15
5965.00 205.66
5966.00 204.87
5967.00 203.99
5968.00 202.85
5969.00 201.66
5970.00 200.88
5971.00 200.43
5972.00 200.39
5973.00 201.11
5974.00 202.08
5975.00 203.12
5976.00 204.01
5977.00 204.16
5978.00 203.86
5979.00 203.06
5980.00 201.79
5981.00 200.57
5982.00 199.30
5983.00 198.09
5984.00 196.52
5985.00 195.13
5986.00 194.05
5987.00 193.42
5988.00 193.98
5989.00 198.58
5990.00 204.94
5991.00 206.53
5992.00 207.92
5993.00 208.62
5994.00 208.76
5995.00 207.55
5996.00 205.27
5997.00 202.79
5998.00 198.83
5999.00 193.34
6000.00 187.73
6001.00 179.59
6002.00 174.26
6003.00 173.16
6004.00 173.75
6005.00 175.21
6006.00 177.24
6007.00 179.49
6008.00 180.54
6009.00 181.52
6010.00 182.52
6011.00 182.68
6012.00 182.04
6013.00 181.01
6014.00 179.92
6015.00 178.69
6016.00 177.62
6017.00 176.55
6018.00 176.21
6019.00 176.14
6020.00 176.84
6021.00 178.12
6022.00 179.56
6023.00 180.94
6024.00 182.08
6025.00 183.36
6026.00 184.20
6027.00 184.38
6028.00 183.96
6029.00 183.39
6030.00 182.62
6031.00 181.52
6032.00 180.27
6033.00 179.18
6034.00 178.62
6035.00 178.23
6036.00 178.48
6037.00 179.21
6038.00 180.42
6039.00 181.57
6040.00 182.60
6041.00 183.33
6042.00 183.61
6043.00 183.66
6044.00 183.57
6045.00 183.18
6046.00 182.57
6047.00 181.72
6048.00 180.68
6049.00 180.32
6050.00 180.03
6051.00 180.10
6052.00 180.55
6053.00 181.27
6054.00 182.40
6055.00 183.16
6056.00 183.44
6057.00 183.35
6058.00 183.11
6059.00 182.59
6060.00 181.75
6061.00 180.78
6062.00 180.15
6063.00 179.97
6064.00 180.48
6065.00 181.32
6066.00 182.35
6067.00 183.43
6068.00 184.07
6069.00 184.84
6070.00 185.17
6071.00 185.22
6072.00 185.07
6073.00 184.63
6074.00 183.95
6075.00 183.37
6076.00 182.54
6077.00 182.04
6078.00 181.88
6079.00 182.02
6080.00 182.71
6081.00 183.39
6082.00 183.83
6083.00 184.15
6084.00 184.42
6085.00 184.59
6086.00 184.70
6087.00 184.67
6088.00 184.40
6089.00 183.96
6090.00 183.43
6091.00 182.66
6092.00 182.17
6093.00 181.71
6094.00 181.85
6095.00 182.41
6096.00 183.25
6097.00 184.30
6098.00 184.91
6099.00 185.45
6100.00 185.74
6101.00 185.50
6102.00 184.58
6103.00 183.51
6104.00 182.45
6105.00 181.68
6106.00 181.02
6107.00 180.79
6108.00 181.06
6109.00 181.49
6110.00 182.28
6111.00 183.07
6112.00 183.65
6113.00 183.99
6114.00 184.02
6115.00 183.76
6116.00 183.25
6117.00 182.71
6118.00 182.26
6119.00 181.61
6120.00 181.18
6121.00 181.14
6122.00 181.19
6123.00 181.34
6124.00 181.79
6125.00 182.15
6126.00 182.54
6127.00 182.75
6128.00 182.62
6129.00 182.24
6130.00 181.55
6131.00 181.11
6132.00 180.51
6133.00 180.24
6134.00 180.05
6135.00 180.01
6136.00 179.95
6137.00 180.06
6138.00 180.30
6139.00 180.73
6140.00 181.08
6141.00 181.04
6142.00 180.84
6143.00 180.72
6144.00 180.32
6145.00 179.77
6146.00 178.04
6147.00 176.96
6148.00 175.59
6149.00 173.71
6150.00 171.47
6151.00 169.19
6152.00 166.11
6153.00 162.68
6154.00 159.47
6155.00 156.27
6156.00 153.57
6157.00 150.71
6158.00 148.60
6159.00 146.04
6160.00 144.13
6161.00 141.51
6162.00 139.43
6163.00 136.60
6164.00 133.84
6165.00 129.77
6166.00 124.35
6167.00 120.50
6168.00 118.25
6169.00 116.65
6170.00 115.78
6171.00 114.11
6172.00 112.37
6173.00 110.04
6174.00 111.97
6175.00 118.25
6176.00 0.00
6177.00 0.00
6178.00 0.00
6179.00 0.00
6180.00 0.00
6181.00 0.00
6182.00 0.00
6183.00 0.00
6184.00 0.00
6185.00 0.00
6186.00 0.00
6187.00 0.00
6188.00 0.00
6189.00 0.00
6190.00 0.00
6191.00 0.00
6192.00 0.00
6193.00 0.00
6194.00 0.00
6195.00 0.00
6196.00 0.00
6197.00 0.00
6198.00 0.00
6199.00 0.00
6200.00 0.00
6201.00 0.00
6202.00 0.00
6203.00 0.00
6204.00 0.00
6205.00 0.00
6206.00 0.00
6207.00 0.00
6208.00 0.00
6209.00 0.00
6210.00 0.00
6211.00 0.00
6212.00 0.00
6213.00 0.00
6214.00 0.00
6215.00 0.00
6216.00 0.00
6217.00 0.00
6218.00 0.00
6219.00 0.00
6220.00 0.00
6221.00 0.00
6222.00 0.00
6223.00 0.00
6224.00 0.00
6225.00 0.00
6226.00 0.00
