0.00 0.00
0.01 0.00
0.02 0.00
0.03 0.00
0.04 0.00
0.05 0.00
0.06 0.00
0.07 0.00
0.08 0.00
0.09 0.00
0.10 0.00
0.11 0.00
0.12 0.00
0.13 0.00
0.14 0.00
0.15 0.00
0.16 0.00
0.17 0.00
0.18 0.00
0.19 0.00
0.20 0.00
0.21 0.00
0.22 0.00
0.23 0.00
0.24 0.00
0.25 0.00
0.26 0.00
0.27 0.00
0.28 0.00
0.29 0.00
0.30 0.00
0.31 0.00
0.32 0.00
0.33 0.00
0.34 0.00
0.35 0.00
0.36 0.00
0.37 0.00
0.38 0.00
0.39 0.00
0.40 0.00
0.41 0.00
0.42 0.00
0.43 0.00
0.44 0.00
0.45 0.00
0.46 0.00
0.47 0.00
0.48 0.00
0.49 0.00
0.50 0.00
0.51 0.00
0.52 0.00
0.53 0.00
0.54 0.00
0.55 0.00
0.56 0.00
0.57 0.00
0.58 0.00
0.59 0.00
0.60 0.00
0.61 0.00
0.62 0.00
0.63 0.00
0.64 0.00
0.65 0.00
0.66 0.00
0.67 0.00
0.68 0.00
0.69 0.00
0.70 0.00
0.71 0.00
0.72 0.00
0.73 0.00
0.74 0.00
0.75 0.00
0.76 0.00
0.77 0.00
0.78 0.00
0.79 0.00
0.80 0.00
0.81 0.00
0.82 0.00
0.83 0.00
0.84 0.00
0.85 0.00
0.86 0.00
0.87 0.00
0.88 0.00
0.89 0.00
0.90 0.00
0.91 0.00
0.92 0.00
0.93 0.00
0.94 0.00
0.95 0.00
0.96 0.00
0.97 0.00
0.98 0.00
0.99 0.00
1.00 0.00
1.01 0.00
1.02 0.00
1.03 0.00
1.04 0.00
1.05 0.00
1.06 0.00
1.07 0.00
1.08 0.00
1.09 0.00
1.10 0.00
1.11 0.00
1.12 0.00
1.13 0.00
1.14 0.00
1.15 0.00
1.16 0.00
1.17 0.00
1.18 0.00
1.19 0.00
1.20 0.00
1.21 0.00
1.22 0.00
1.23 0.00
1.24 0.00
1.25 0.00
1.26 0.00
1.27 0.00
1.28 0.00
1.29 0.00
1.30 0.00
1.31 0.00
1.32 0.00
1.33 0.00
1.34 0.00
1.35 0.00
1.36 0.00
1.37 0.00
1.38 0.00
1.39 0.00
1.40 0.00
1.41 0.00
1.42 0.00
1.43 0.00
1.44 0.00
1.45 0.00
1.46 0.00
1.47 0.00
1.48 0.00
1.49 0.00
1.50 0.00
1.51 0.00
1.52 0.00
1.53 0.00
1.54 0.00
1.55 0.00
1.56 0.00
1.57 0.00
1.58 0.00
1.59 0.00
1.60 0.00
1.61 0.00
1.62 0.00
1.63 0.00
1.64 0.00
1.65 0.00
1.66 0.00
1.67 0.00
1.68 166.72
1.69 166.72
1.70 166.72
1.71 166.72
1.72 166.72
1.73 166.72
1.74 166.72
1.75 166.72
1.76 182.53
1.77 182.53
1.78 182.53
1.79 182.53
1.80 182.53
1.81 182.53
1.82 182.53
1.83 182.53
1.84 182.53
1.85 182.53
1.86 182.53
1.87 182.53
1.88 182.53
1.89 182.53
1.90 182.53
1.91 182.53
1.92 182.53
1.93 182.53
1.94 182.53
1.95 182.53
1.96 182.53
1.97 182.53
1.98 182.53
1.99 182.53
2.00 182.53
2.01 182.53
2.02 182.53
2.03 182.53
2.04 182.53
2.05 182.53
2.06 182.53
2.07 182.53
2.08 182.53
2.09 182.53
2.10 182.53
2.11 182.53
2.12 182.53
2.13 182.53
2.14 182.53
2.15 182.53
2.16 182.53
2.17 182.53
2.18 182.53
2.19 182.53
2.20 182.53
2.21 182.53
2.22 182.53
2.23 182.53
2.24 182.53
2.25 182.53
2.26 182.53
2.27 182.53
2.28 182.53
2.29 182.53
2.30 182.53
2.31 182.53
2.32 182.53
2.33 182.53
2.34 182.53
2.35 182.53
2.36 182.53
2.37 182.53
2.38 182.53
2.39 182.53
2.40 182.53
2.41 182.53
2.42 182.53
2.43 182.53
2.44 182.53
2.45 182.53
2.46 182.53
2.47 -1.00
2.48 -1.00
2.49 -1.00
2.50 -1.00
2.51 -1.00
2.52 186.51
2.53 186.51
2.54 186.51
2.55 186.51
2.56 186.51
2.57 186.51
2.58 186.51
2.59 186.51
2.60 186.51
2.61 186.51
2.62 186.51
2.63 186.51
2.64 186.51
2.65 186.51
2.66 186.51
2.67 186.51
2.68 186.51
2.69 186.51
2.70 186.51
2.71 186.51
2.72 186.51
2.73 186.51
2.74 186.51
2.75 186.51
2.76 186.51
2.77 186.51
2.78 186.51
2.79 186.51
2.80 186.51
2.81 186.51
2.82 186.51
2.83 186.51
2.84 186.51
2.85 186.51
2.86 186.51
2.87 186.51
2.88 186.51
2.89 186.51
2.90 186.51
2.91 186.51
2.92 186.51
2.93 186.51
2.94 186.51
2.95 186.51
2.96 186.51
2.97 186.51
2.98 186.51
2.99 186.51
3.00 186.51
3.01 186.51
3.02 186.51
3.03 186.51
3.04 186.51
3.05 186.51
3.06 186.51
3.07 186.51
3.08 186.51
3.09 186.51
3.10 186.51
3.11 186.51
3.12 186.51
3.13 186.51
3.14 186.51
3.15 186.51
3.16 186.51
3.17 186.51
3.18 186.51
3.19 186.51
3.20 186.51
3.21 186.51
3.22 186.51
3.23 186.51
3.24 186.51
3.25 186.51
3.26 186.51
3.27 186.51
3.28 186.51
3.29 186.51
3.30 186.51
3.31 186.51
3.32 186.51
3.33 186.51
3.34 186.51
3.35 186.51
3.36 186.51
3.37 186.51
3.38 186.51
3.39 186.51
3.40 186.51
3.41 186.51
3.42 186.51
3.43 186.51
3.44 186.51
3.45 186.51
3.46 186.51
3.47 186.51
3.48 186.51
3.49 186.51
3.50 186.51
3.51 186.51
3.52 186.51
3.53 186.51
3.54 186.51
3.55 186.51
3.56 186.51
3.57 186.51
3.58 186.51
3.59 186.51
3.60 186.51
3.61 186.51
3.62 186.51
3.63 186.51
3.64 186.51
3.65 186.51
3.66 186.51
3.67 186.51
3.68 186.51
3.69 186.51
3.70 186.51
3.71 186.51
3.72 186.51
3.73 186.51
3.74 186.51
3.75 186.51
3.76 186.51
3.77 186.51
3.78 186.51
3.79 186.51
3.80 186.51
3.81 186.51
3.82 186.51
3.83 186.51
3.84 186.51
3.85 186.51
3.86 186.51
3.87 186.51
3.88 186.51
3.89 186.51
3.90 186.51
3.91 186.51
3.92 186.51
3.93 186.51
3.94 186.51
3.95 186.51
3.96 186.51
3.97 186.51
3.98 186.51
3.99 186.51
4.00 186.51
4.01 186.51
4.02 186.51
4.03 186.51
4.04 186.51
4.05 186.51
4.06 186.51
4.07 186.51
4.08 186.51
4.09 186.51
4.10 186.51
4.11 186.51
4.12 186.51
4.13 186.51
4.14 186.51
4.15 186.51
4.16 186.51
4.17 186.51
4.18 186.51
4.19 186.51
4.20 186.51
4.21 186.51
4.22 186.51
4.23 186.51
4.24 186.51
4.25 186.51
4.26 186.51
4.27 186.51
4.28 186.51
4.29 186.51
4.30 186.51
4.31 186.51
4.32 186.51
4.33 186.51
4.34 186.51
4.35 186.51
4.36 186.51
4.37 186.51
4.38 186.51
4.39 186.51
4.40 186.51
4.41 186.51
4.42 186.51
4.43 186.51
4.44 186.51
4.45 186.51
4.46 186.51
4.47 186.51
4.48 186.51
4.49 186.51
4.50 186.51
4.51 186.51
4.52 186.51
4.53 186.51
4.54 186.51
4.55 186.51
4.56 186.51
4.57 186.51
4.58 186.51
4.59 186.51
4.60 186.51
4.61 186.51
4.62 186.51
4.63 186.51
4.64 186.51
4.65 0.00
4.66 0.00
4.67 0.00
4.68 0.00
4.69 0.00
4.70 0.00
4.71 0.00
4.72 0.00
4.73 0.00
4.74 0.00
4.75 0.00
4.76 0.00
4.77 0.00
4.78 0.00
4.79 0.00
4.80 0.00
4.81 0.00
4.82 0.00
4.83 0.00
4.84 0.00
4.85 0.00
4.86 0.00
4.87 0.00
4.88 0.00
4.89 0.00
4.90 0.00
4.91 0.00
4.92 0.00
4.93 0.00
4.94 0.00
4.95 0.00
4.96 0.00
4.97 0.00
4.98 0.00
4.99 0.00
5.00 0.00
5.01 0.00
5.02 0.00
5.03 0.00
5.04 0.00
5.05 0.00
5.06 0.00
5.07 76.80
5.08 77.67
5.09 82.20
5.10 85.18
5.11 184.72
5.12 184.72
5.13 184.72
5.14 184.72
5.15 184.72
5.16 184.72
5.17 184.72
5.18 184.72
5.19 184.72
5.20 184.72
5.21 184.72
5.22 184.72
5.23 184.72
5.24 184.72
5.25 184.72
5.26 184.72
5.27 184.72
5.28 184.72
5.29 184.72
5.30 184.72
5.31 184.72
5.32 184.72
5.33 184.72
5.34 184.72
5.35 184.72
5.36 184.72
5.37 184.72
5.38 184.72
5.39 184.72
5.40 184.72
5.41 184.72
5.42 184.72
5.43 184.72
5.44 184.72
5.45 184.72
5.46 184.72
5.47 184.72
5.48 184.72
5.49 184.72
5.50 184.72
5.51 184.72
5.52 -1.00
5.53 -1.00
5.54 -1.00
5.55 -1.00
5.56 -1.00
5.57 176.21
5.58 176.21
5.59 176.21
5.60 176.21
5.61 176.21
5.62 176.21
5.63 176.21
5.64 176.21
5.65 176.21
5.66 176.21
5.67 176.21
5.68 176.21
5.69 176.21
5.70 176.21
5.71 176.21
5.72 176.21
5.73 176.21
5.74 176.21
5.75 176.21
5.76 176.21
5.77 176.21
5.78 176.21
5.79 176.21
5.80 176.21
5.81 176.21
5.82 176.21
5.83 176.21
5.84 176.21
5.85 176.21
5.86 176.21
5.87 176.21
5.88 176.21
5.89 176.21
5.90 176.21
5.91 176.21
5.92 176.21
5.93 176.21
5.94 176.21
5.95 176.21
5.96 176.21
5.97 176.21
5.98 176.21
5.99 156.76
6.00 156.76
6.01 156.76
6.02 156.76
6.03 156.76
6.04 156.76
6.05 156.76
6.06 156.76
6.07 156.76
6.08 156.76
6.09 156.76
6.10 156.76
6.11 156.76
6.12 156.76
6.13 156.76
6.14 156.76
6.15 156.76
6.16 156.76
6.17 156.76
6.18 156.76
6.19 156.76
6.20 156.76
6.21 156.76
6.22 156.76
6.23 156.76
6.24 156.76
6.25 156.76
6.26 156.76
6.27 156.76
6.28 156.76
6.29 156.76
6.30 156.76
6.31 156.76
6.32 156.76
6.33 156.76
6.34 156.76
6.35 156.76
6.36 156.76
6.37 156.76
6.38 156.76
6.39 156.76
6.40 156.76
6.41 156.76
6.42 156.76
6.43 156.76
6.44 156.76
6.45 156.76
6.46 156.76
6.47 156.76
6.48 156.76
6.49 156.76
6.50 156.76
6.51 156.76
6.52 156.76
6.53 156.76
6.54 156.76
6.55 156.76
6.56 156.76
6.57 156.76
6.58 156.76
6.59 164.94
6.60 164.94
6.61 164.94
6.62 164.94
6.63 164.94
6.64 164.94
6.65 164.94
6.66 164.94
6.67 164.94
6.68 159.76
6.69 159.76
6.70 159.76
6.71 159.76
6.72 159.76
6.73 159.76
6.74 159.76
6.75 159.76
6.76 159.76
6.77 159.76
6.78 -1.00
6.79 -1.00
6.80 -1.00
6.81 -1.00
6.82 -1.00
6.83 -1.00
6.84 -1.00
6.85 170.48
6.86 170.48
6.87 170.48
6.88 170.48
6.89 170.48
6.90 170.48
6.91 170.48
6.92 170.48
6.93 170.48
6.94 170.48
6.95 170.48
6.96 170.48
6.97 170.48
6.98 170.48
6.99 170.48
7.00 170.48
7.01 170.48
7.02 170.48
7.03 170.48
7.04 170.48
7.05 170.48
7.06 170.48
7.07 170.48
7.08 170.48
7.09 170.48
7.10 170.48
7.11 170.48
7.12 170.48
7.13 170.48
7.14 170.48
7.15 170.48
7.16 170.48
7.17 170.48
7.18 170.48
7.19 170.48
7.20 170.48
7.21 170.48
7.22 170.48
7.23 170.48
7.24 170.48
7.25 170.48
7.26 170.48
7.27 170.48
7.28 170.48
7.29 170.48
7.30 170.48
7.31 170.48
7.32 170.48
7.33 170.48
7.34 157.77
7.35 157.77
7.36 157.77
7.37 157.77
7.38 157.77
7.39 157.77
7.40 157.77
7.41 157.77
7.42 157.77
7.43 75.06
7.44 73.54
7.45 72.37
7.46 70.76
7.47 69.53
7.48 68.52
7.49 67.41
7.50 65.45
7.51 62.07
7.52 60.71
7.53 59.68
7.54 54.69
7.55 48.17
7.56 44.19
7.57 0.00
7.58 0.00
7.59 0.00
7.60 0.00
7.61 0.00
7.62 0.00
7.63 0.00
7.64 0.00
7.65 0.00
7.66 0.00
7.67 0.00
7.68 0.00
7.69 0.00
7.70 0.00
7.71 0.00
7.72 0.00
7.73 0.00
7.74 0.00
7.75 0.00
7.76 0.00
7.77 0.00
7.78 0.00
7.79 0.00
7.80 0.00
7.81 0.00
7.82 0.00
7.83 0.00
7.84 0.00
7.85 0.00
7.86 0.00
7.87 0.00
7.88 0.00
7.89 0.00
7.90 0.00
7.91 0.00
7.92 0.00
7.93 0.00
7.94 0.00
7.95 0.00
7.96 0.00
7.97 0.00
7.98 0.00
7.99 0.00
8.00 0.00
8.01 0.00
8.02 0.00
8.03 0.00
8.04 0.00
8.05 0.00
8.06 0.00
8.07 0.00
8.08 0.00
8.09 0.00
8.10 0.00
8.11 0.00
8.12 0.00
8.13 0.00
8.14 0.00
8.15 0.00
8.16 0.00
8.17 0.00
8.18 0.00
8.19 0.00
8.20 0.00
8.21 0.00
8.22 0.00
8.23 0.00
8.24 155.58
8.25 155.58
8.26 155.58
8.27 155.58
8.28 155.58
8.29 155.58
8.30 155.58
8.31 155.58
8.32 155.58
8.33 155.58
8.34 155.58
8.35 155.58
8.36 155.58
8.37 155.58
8.38 155.58
8.39 155.58
8.40 155.58
8.41 155.58
8.42 155.58
8.43 155.58
8.44 155.58
8.45 155.58
8.46 155.58
8.47 155.58
8.48 155.58
8.49 155.58
8.50 155.58
8.51 155.58
8.52 155.58
8.53 155.58
8.54 155.58
8.55 155.58
8.56 155.58
8.57 155.58
8.58 155.58
8.59 155.58
8.60 155.58
8.61 155.58
8.62 155.58
8.63 155.58
8.64 155.58
8.65 155.58
8.66 155.58
8.67 155.58
8.68 155.58
8.69 155.58
8.70 155.58
8.71 155.58
8.72 155.58
8.73 155.58
8.74 155.58
8.75 155.58
8.76 155.58
8.77 155.58
8.78 155.58
8.79 155.58
8.80 155.58
8.81 155.58
8.82 155.58
8.83 155.58
8.84 155.58
8.85 155.58
8.86 155.58
8.87 155.58
8.88 155.58
8.89 155.58
8.90 155.58
8.91 155.58
8.92 155.58
8.93 155.58
8.94 155.58
8.95 155.58
8.96 155.58
8.97 155.58
8.98 155.58
8.99 155.58
9.00 155.58
9.01 155.58
9.02 155.58
9.03 155.58
9.04 155.58
9.05 155.58
9.06 155.58
9.07 155.58
9.08 155.58
9.09 155.58
9.10 155.58
9.11 155.58
9.12 155.58
9.13 155.58
9.14 155.58
9.15 155.58
9.16 155.58
9.17 155.58
9.18 155.58
9.19 155.58
9.20 155.58
9.21 155.58
9.22 155.58
9.23 155.58
9.24 155.58
9.25 155.58
9.26 155.58
9.27 155.58
9.28 155.58
9.29 155.58
9.30 155.58
9.31 155.58
9.32 155.58
9.33 155.58
9.34 155.58
9.35 155.58
9.36 155.58
9.37 155.58
9.38 155.58
9.39 155.58
9.40 155.58
9.41 155.58
9.42 155.58
9.43 155.58
9.44 155.58
9.45 155.58
9.46 155.58
9.47 155.58
9.48 155.58
9.49 155.58
9.50 155.58
9.51 155.58
9.52 155.58
9.53 155.58
9.54 155.58
9.55 155.58
9.56 155.58
9.57 155.58
9.58 155.58
9.59 155.58
9.60 155.58
9.61 155.58
9.62 155.58
9.63 155.58
9.64 155.58
9.65 155.58
9.66 155.58
9.67 155.58
9.68 155.58
9.69 155.58
9.70 155.58
9.71 155.58
9.72 155.58
9.73 155.58
9.74 155.58
9.75 155.58
9.76 155.58
9.77 155.58
9.78 155.58
9.79 155.58
9.80 147.62
9.81 147.62
9.82 147.62
9.83 147.62
9.84 147.62
9.85 147.62
9.86 147.62
9.87 79.26
9.88 171.50
9.89 171.50
9.90 171.50
9.91 171.50
9.92 171.50
9.93 171.50
9.94 171.50
9.95 171.50
9.96 171.50
9.97 171.50
9.98 171.50
9.99 171.50
10.00 171.50
10.01 171.50
10.02 171.50
10.03 171.50
10.04 171.50
10.05 171.50
10.06 171.50
10.07 171.50
10.08 171.50
10.09 171.50
10.10 171.50
10.11 171.50
10.12 171.50
10.13 171.50
10.14 171.50
10.15 171.50
10.16 171.50
10.17 171.50
10.18 171.50
10.19 171.50
10.20 171.50
10.21 171.50
10.22 171.50
10.23 171.50
10.24 171.50
10.25 171.50
10.26 171.50
10.27 171.50
10.28 171.50
10.29 171.50
10.30 171.50
10.31 171.50
10.32 171.50
10.33 171.50
10.34 171.50
10.35 171.50
10.36 171.50
10.37 171.50
10.38 171.50
10.39 171.50
10.40 171.50
10.41 171.50
10.42 171.50
10.43 171.50
10.44 171.50
10.45 171.50
10.46 171.50
10.47 171.50
10.48 171.50
10.49 171.50
10.50 171.50
10.51 171.50
10.52 171.50
10.53 171.50
10.54 171.50
10.55 171.50
10.56 171.50
10.57 171.50
10.58 171.50
10.59 171.50
10.60 171.50
10.61 171.50
10.62 171.50
10.63 171.50
10.64 171.50
10.65 171.50
10.66 171.50
10.67 171.50
10.68 171.50
10.69 171.50
10.70 171.50
10.71 171.50
10.72 171.50
10.73 171.50
10.74 171.50
10.75 171.50
10.76 171.50
10.77 171.50
10.78 171.50
10.79 171.50
10.80 171.50
10.81 171.50
10.82 171.50
10.83 171.50
10.84 -1.00
10.85 -1.00
10.86 -1.00
10.87 -1.00
10.88 -1.00
10.89 -1.00
10.90 -1.00
10.91 -1.00
10.92 213.88
10.93 213.88
10.94 213.88
10.95 213.88
10.96 213.88
10.97 213.88
10.98 213.88
10.99 213.88
11.00 213.88
11.01 213.88
11.02 213.88
11.03 213.88
11.04 213.88
11.05 213.88
11.06 213.88
11.07 213.88
11.08 213.88
11.09 213.88
11.10 213.88
11.11 213.88
11.12 213.88
11.13 213.88
11.14 213.88
11.15 213.88
11.16 213.88
11.17 213.88
11.18 213.88
11.19 213.88
11.20 213.88
11.21 213.88
11.22 213.88
11.23 213.88
11.24 213.88
11.25 213.88
11.26 213.88
11.27 213.88
11.28 213.88
11.29 213.88
11.30 213.88
11.31 190.20
11.32 190.20
11.33 190.20
11.34 190.20
11.35 190.20
11.36 190.20
11.37 190.20
11.38 190.20
11.39 190.20
11.40 190.20
11.41 190.20
11.42 190.20
11.43 190.20
11.44 190.20
11.45 190.20
11.46 190.20
11.47 190.20
11.48 190.20
11.49 190.20
11.50 190.20
11.51 190.20
11.52 190.20
11.53 190.20
11.54 190.20
11.55 190.20
11.56 190.20
11.57 190.20
11.58 190.20
11.59 190.20
11.60 190.20
11.61 190.20
11.62 190.20
11.63 190.20
11.64 190.20
11.65 173.06
11.66 173.06
11.67 173.06
11.68 173.06
11.69 173.06
11.70 173.06
11.71 173.06
11.72 173.06
11.73 173.06
11.74 173.06
11.75 173.06
11.76 173.06
11.77 173.06
11.78 173.06
11.79 173.06
11.80 173.06
11.81 173.06
11.82 173.06
11.83 173.06
11.84 173.06
11.85 173.06
11.86 173.06
11.87 173.06
11.88 173.06
11.89 173.06
11.90 173.06
11.91 173.06
11.92 173.06
11.93 173.06
11.94 173.06
11.95 173.06
11.96 173.06
11.97 173.06
11.98 173.06
11.99 173.06
12.00 173.06
12.01 173.06
12.02 173.06
12.03 173.06
12.04 173.06
12.05 173.06
12.06 173.06
12.07 154.29
12.08 154.29
12.09 154.29
12.10 154.29
12.11 154.29
12.12 154.29
12.13 154.29
12.14 154.29
12.15 154.29
12.16 154.29
12.17 154.29
12.18 154.29
12.19 154.29
12.20 154.29
12.21 154.29
12.22 154.29
12.23 154.29
12.24 154.29
12.25 154.29
12.26 141.87
12.27 141.87
12.28 141.87
12.29 141.87
12.30 141.87
12.31 141.87
12.32 141.87
12.33 141.87
12.34 141.87
12.35 141.87
12.36 141.87
12.37 141.87
12.38 141.87
12.39 141.87
12.40 141.87
12.41 141.87
12.42 141.87
12.43 141.87
12.44 132.70
12.45 132.70
12.46 132.70
12.47 132.70
12.48 132.70
12.49 132.70
12.50 132.70
12.51 132.70
12.52 132.70
12.53 132.70
12.54 132.70
12.55 132.70
12.56 132.70
12.57 132.70
12.58 132.70
12.59 132.70
12.60 132.70
12.61 132.70
12.62 132.70
12.63 132.70
12.64 132.70
12.65 132.70
12.66 132.70
12.67 132.70
12.68 132.70
12.69 132.70
12.70 132.70
12.71 132.70
12.72 144.76
12.73 144.76
12.74 144.76
12.75 144.76
12.76 144.76
12.77 144.76
12.78 144.76
12.79 144.76
12.80 144.76
12.81 144.76
12.82 144.76
12.83 144.76
12.84 144.76
12.85 144.76
12.86 144.76
12.87 144.76
12.88 144.76
12.89 144.76
12.90 144.76
12.91 144.76
12.92 144.76
12.93 144.76
12.94 144.76
12.95 144.76
12.96 144.76
12.97 144.76
12.98 144.76
12.99 144.76
13.00 144.76
13.01 144.76
13.02 144.76
13.03 144.76
13.04 144.76
13.05 144.76
13.06 157.50
13.07 157.50
13.08 157.50
13.09 157.50
13.10 157.50
13.11 157.50
13.12 157.50
13.13 157.50
13.14 157.50
13.15 157.50
13.16 157.50
13.17 157.50
13.18 157.50
13.19 157.50
13.20 157.50
13.21 157.50
13.22 157.50
13.23 157.50
13.24 157.50
13.25 157.50
13.26 157.50
13.27 157.50
13.28 157.50
13.29 157.50
13.30 157.50
13.31 157.50
13.32 157.50
13.33 157.50
13.34 157.50
13.35 157.50
13.36 157.50
13.37 157.50
13.38 157.50
13.39 157.50
13.40 157.50
13.41 157.50
13.42 157.50
13.43 157.50
13.44 157.50
13.45 157.50
13.46 157.50
13.47 157.50
13.48 173.06
13.49 173.06
13.50 173.06
13.51 173.06
13.52 173.06
13.53 173.06
13.54 173.06
13.55 173.06
13.56 173.06
13.57 173.06
13.58 173.06
13.59 173.06
13.60 173.06
13.61 173.06
13.62 173.06
13.63 173.06
13.64 173.06
13.65 173.06
13.66 173.06
13.67 173.06
13.68 173.06
13.69 173.06
13.70 173.06
13.71 173.06
13.72 173.06
13.73 173.06
13.74 173.06
13.75 173.06
13.76 173.06
13.77 173.06
13.78 94.32
13.79 101.73
13.80 208.63
13.81 208.63
13.82 208.63
13.83 208.63
13.84 208.63
13.85 208.63
13.86 208.63
13.87 208.63
13.88 208.63
13.89 208.63
13.90 208.63
13.91 208.63
13.92 208.63
13.93 208.63
13.94 208.63
13.95 208.63
13.96 208.63
13.97 208.63
13.98 208.63
13.99 208.63
14.00 208.63
14.01 208.63
14.02 208.63
14.03 208.63
14.04 208.63
14.05 208.63
14.06 208.63
14.07 208.63
14.08 208.63
14.09 208.63
14.10 208.63
14.11 208.63
14.12 208.63
14.13 208.63
14.14 208.63
14.15 208.63
14.16 208.63
14.17 208.63
14.18 96.64
14.19 187.05
14.20 187.05
14.21 187.05
14.22 187.05
14.23 187.05
14.24 187.05
14.25 187.05
14.26 187.05
14.27 187.05
14.28 187.05
14.29 187.05
14.30 187.05
14.31 187.05
14.32 187.05
14.33 187.05
14.34 187.05
14.35 187.05
14.36 187.05
14.37 187.05
14.38 187.05
14.39 187.05
14.40 187.05
14.41 187.05
14.42 187.05
14.43 187.05
14.44 187.05
14.45 187.05
14.46 187.05
14.47 187.05
14.48 187.05
14.49 187.05
14.50 187.05
14.51 187.05
14.52 187.05
14.53 172.24
14.54 172.24
14.55 172.24
14.56 172.24
14.57 172.24
14.58 172.24
14.59 172.24
14.60 172.24
14.61 172.24
14.62 172.24
14.63 172.24
14.64 172.24
14.65 172.24
14.66 172.24
14.67 172.24
14.68 172.24
14.69 172.24
14.70 172.24
14.71 172.24
14.72 172.24
14.73 172.24
14.74 172.24
14.75 172.24
14.76 172.24
14.77 172.24
14.78 172.24
14.79 172.24
14.80 172.24
14.81 172.24
14.82 172.24
14.83 172.24
14.84 172.24
14.85 172.24
14.86 172.24
14.87 172.24
14.88 152.77
14.89 152.77
14.90 152.77
14.91 152.77
14.92 152.77
14.93 152.77
14.94 152.77
14.95 152.77
14.96 152.77
14.97 152.77
14.98 152.77
14.99 152.77
15.00 142.26
15.01 142.26
15.02 142.26
15.03 142.26
15.04 142.26
15.05 142.26
15.06 142.26
15.07 142.26
15.08 142.26
15.09 142.26
15.10 142.26
15.11 142.26
15.12 142.26
15.13 142.26
15.14 142.26
15.15 142.26
15.16 142.26
15.17 142.26
15.18 142.26
15.19 142.26
15.20 142.26
15.21 67.97
15.22 129.56
15.23 129.56
15.24 129.56
15.25 129.56
15.26 129.56
15.27 129.56
15.28 129.56
15.29 129.56
15.30 129.56
15.31 129.56
15.32 129.56
15.33 129.56
15.34 129.56
15.35 129.56
15.36 129.56
15.37 129.56
15.38 129.56
15.39 129.56
15.40 129.56
15.41 129.56
15.42 129.56
15.43 129.56
15.44 129.56
15.45 129.56
15.46 129.56
15.47 129.56
15.48 129.56
15.49 129.56
15.50 129.56
15.51 129.56
15.52 129.56
15.53 129.56
15.54 129.56
15.55 129.56
15.56 129.56
15.57 129.56
15.58 129.56
15.59 129.56
15.60 129.56
15.61 129.56
15.62 142.16
15.63 142.16
15.64 142.16
15.65 142.16
15.66 142.16
15.67 142.16
15.68 142.16
15.69 142.16
15.70 142.16
15.71 142.16
15.72 142.16
15.73 142.16
15.74 142.16
15.75 142.16
15.76 142.16
15.77 142.16
15.78 142.16
15.79 142.16
15.80 142.16
15.81 142.16
15.82 142.16
15.83 142.16
15.84 142.16
15.85 142.16
15.86 142.16
15.87 142.16
15.88 142.16
15.89 142.16
15.90 142.16
15.91 142.16
15.92 142.16
15.93 142.16
15.94 142.16
15.95 142.16
15.96 142.16
15.97 142.16
15.98 142.16
15.99 142.16
16.00 142.16
16.01 142.16
16.02 142.16
16.03 142.16
16.04 142.16
16.05 142.16
16.06 142.16
16.07 142.16
16.08 142.16
16.09 142.16
16.10 142.16
16.11 142.16
16.12 142.16
16.13 142.16
16.14 142.16
16.15 142.16
16.16 142.16
16.17 0.00
16.18 0.00
16.19 0.00
16.20 0.00
16.21 0.00
16.22 0.00
16.23 0.00
16.24 0.00
16.25 0.00
16.26 0.00
16.27 0.00
16.28 0.00
16.29 0.00
16.30 0.00
16.31 0.00
16.32 0.00
16.33 0.00
16.34 0.00
16.35 0.00
16.36 0.00
16.37 0.00
16.38 0.00
16.39 0.00
16.40 0.00
16.41 0.00
16.42 0.00
16.43 0.00
16.44 0.00
16.45 0.00
16.46 0.00
16.47 0.00
16.48 0.00
16.49 0.00
16.50 0.00
16.51 0.00
16.52 0.00
16.53 0.00
16.54 0.00
16.55 0.00
16.56 0.00
16.57 0.00
16.58 0.00
16.59 0.00
16.60 0.00
16.61 0.00
16.62 0.00
16.63 0.00
16.64 0.00
16.65 0.00
16.66 0.00
16.67 0.00
16.68 0.00
16.69 0.00
16.70 0.00
16.71 0.00
16.72 0.00
16.73 0.00
16.74 0.00
16.75 0.00
16.76 0.00
16.77 0.00
16.78 0.00
16.79 0.00
16.80 0.00
16.81 0.00
16.82 0.00
16.83 0.00
16.84 0.00
16.85 0.00
16.86 0.00
16.87 0.00
16.88 0.00
16.89 0.00
16.90 0.00
16.91 0.00
16.92 0.00
16.93 57.48
16.94 58.91
16.95 61.12
16.96 130.41
16.97 130.41
16.98 130.41
16.99 130.41
17.00 130.41
17.01 130.41
17.02 130.41
17.03 130.41
17.04 130.41
17.05 130.41
17.06 130.41
17.07 130.41
17.08 130.41
17.09 130.41
17.10 130.41
17.11 130.41
17.12 130.41
17.13 130.41
17.14 130.41
17.15 130.41
17.16 130.41
17.17 130.41
17.18 130.41
17.19 130.41
17.20 130.41
17.21 130.41
17.22 130.41
17.23 130.41
17.24 130.41
17.25 130.41
17.26 130.41
17.27 130.41
17.28 130.41
17.29 130.41
17.30 130.41
17.31 130.41
17.32 130.41
17.33 130.41
17.34 130.41
17.35 130.41
17.36 130.41
17.37 130.41
17.38 130.41
17.39 130.41
17.40 130.41
17.41 130.41
17.42 130.41
17.43 130.41
17.44 130.41
17.45 130.41
17.46 130.41
17.47 130.41
17.48 130.41
17.49 130.41
17.50 130.41
17.51 130.41
17.52 130.41
17.53 130.41
17.54 130.41
17.55 130.41
17.56 130.41
17.57 130.41
17.58 130.41
17.59 130.41
17.60 130.41
17.61 130.41
17.62 130.41
17.63 130.41
17.64 71.84
17.65 74.48
17.66 154.06
17.67 154.06
17.68 154.06
17.69 154.06
17.70 154.06
17.71 154.06
17.72 154.06
17.73 154.06
17.74 143.15
17.75 143.15
17.76 143.15
17.77 143.15
17.78 143.15
17.79 143.15
17.80 143.15
17.81 143.15
17.82 143.15
17.83 143.15
17.84 143.15
17.85 143.15
17.86 143.15
17.87 143.15
17.88 143.15
17.89 143.15
17.90 143.15
17.91 143.15
17.92 143.15
17.93 143.15
17.94 143.15
17.95 143.15
17.96 143.15
17.97 143.15
17.98 143.15
17.99 143.15
18.00 143.15
18.01 143.15
18.02 143.15
18.03 143.15
18.04 143.15
18.05 143.15
18.06 143.15
18.07 143.15
18.08 143.15
18.09 143.15
18.10 143.15
18.11 143.15
18.12 143.15
18.13 143.15
18.14 143.15
18.15 143.15
18.16 143.15
18.17 143.15
18.18 143.15
18.19 143.15
18.20 143.15
18.21 143.15
18.22 143.15
18.23 143.15
18.24 143.15
18.25 143.15
18.26 143.15
18.27 143.15
18.28 143.15
18.29 143.15
18.30 143.15
18.31 143.15
18.32 143.15
18.33 143.15
18.34 157.47
18.35 157.47
18.36 157.47
18.37 157.47
18.38 157.47
18.39 157.47
18.40 157.47
18.41 157.47
18.42 157.47
18.43 157.47
18.44 157.47
18.45 157.47
18.46 157.47
18.47 157.47
18.48 157.47
18.49 157.47
18.50 157.47
18.51 157.47
18.52 157.47
18.53 157.47
18.54 157.47
18.55 157.47
18.56 157.47
18.57 157.47
18.58 157.47
18.59 157.47
18.60 157.47
18.61 157.47
18.62 157.47
18.63 157.47
18.64 85.21
18.65 173.19
18.66 173.19
18.67 173.19
18.68 173.19
18.69 173.19
18.70 173.19
18.71 173.19
18.72 173.19
18.73 173.19
18.74 173.19
18.75 173.19
18.76 173.19
18.77 173.19
18.78 173.19
18.79 173.19
18.80 173.19
18.81 173.19
18.82 173.19
18.83 173.19
18.84 173.19
18.85 173.19
18.86 173.19
18.87 173.19
18.88 173.19
18.89 173.19
18.90 173.19
18.91 173.19
18.92 173.19
18.93 173.19
18.94 173.19
18.95 173.19
18.96 173.19
18.97 173.19
18.98 173.19
18.99 173.19
19.00 173.19
19.01 173.19
19.02 173.19
19.03 173.19
19.04 -1.00
19.05 -1.00
19.06 -1.00
19.07 -1.00
19.08 -1.00
19.09 -1.00
19.10 -1.00
19.11 -1.00
19.12 182.58
19.13 182.58
19.14 182.58
19.15 182.58
19.16 182.58
19.17 182.58
19.18 182.58
19.19 182.58
19.20 182.58
19.21 182.58
19.22 88.84
19.23 87.30
19.24 85.81
19.25 84.53
19.26 83.50
19.27 82.60
19.28 81.38
19.29 79.24
19.30 77.06
19.31 75.79
19.32 0.00
19.33 0.00
19.34 0.00
19.35 0.00
19.36 0.00
19.37 0.00
19.38 0.00
19.39 0.00
19.40 0.00
19.41 0.00
19.42 0.00
19.43 0.00
19.44 0.00
19.45 0.00
19.46 0.00
19.47 0.00
19.48 0.00
19.49 0.00
19.50 0.00
19.51 0.00
19.52 0.00
19.53 0.00
19.54 0.00
19.55 0.00
19.56 0.00
19.57 0.00
19.58 0.00
19.59 0.00
19.60 0.00
19.61 0.00
19.62 0.00
19.63 0.00
19.64 0.00
19.65 0.00
19.66 0.00
19.67 0.00
19.68 0.00
19.69 0.00
19.70 0.00
19.71 0.00
19.72 0.00
19.73 0.00
19.74 0.00
19.75 0.00
19.76 0.00
19.77 0.00
19.78 0.00
19.79 0.00
19.80 0.00
19.81 0.00
19.82 0.00
19.83 143.38
19.84 143.38
19.85 143.38
19.86 143.38
19.87 143.38
19.88 143.38
19.89 143.38
19.90 143.38
19.91 143.38
19.92 143.38
19.93 143.38
19.94 143.38
19.95 143.38
19.96 143.38
19.97 143.38
19.98 143.38
19.99 143.38
20.00 143.38
20.01 143.38
20.02 143.38
20.03 143.38
20.04 143.38
20.05 143.38
20.06 143.38
20.07 143.38
20.08 143.38
20.09 143.38
20.10 143.38
20.11 143.38
20.12 143.38
20.13 143.38
20.14 143.38
20.15 143.38
20.16 143.38
20.17 143.38
20.18 143.38
20.19 143.38
20.20 143.38
20.21 143.38
20.22 143.38
20.23 143.38
20.24 143.38
20.25 143.38
20.26 143.38
20.27 143.38
20.28 143.38
20.29 143.38
20.30 143.38
20.31 143.38
20.32 143.38
20.33 143.38
20.34 143.38
20.35 143.38
20.36 143.38
20.37 143.38
20.38 143.38
20.39 143.38
20.40 143.38
20.41 143.38
20.42 143.38
20.43 143.38
20.44 143.38
20.45 143.38
20.46 143.38
20.47 143.38
20.48 143.38
20.49 143.38
20.50 143.38
20.51 143.38
20.52 78.27
20.53 157.94
20.54 157.94
20.55 157.94
20.56 157.94
20.57 157.94
20.58 157.94
20.59 157.94
20.60 157.94
20.61 157.94
20.62 157.94
20.63 157.94
20.64 157.94
20.65 157.94
20.66 157.94
20.67 157.94
20.68 157.94
20.69 157.94
20.70 157.94
20.71 157.94
20.72 157.94
20.73 157.94
20.74 157.94
20.75 157.94
20.76 157.94
20.77 157.94
20.78 157.94
20.79 157.94
20.80 157.94
20.81 157.94
20.82 157.94
20.83 157.94
20.84 157.94
20.85 157.94
20.86 157.94
20.87 157.94
20.88 157.94
20.89 157.94
20.90 157.94
20.91 157.94
20.92 157.94
20.93 157.94
20.94 157.94
20.95 157.94
20.96 157.94
20.97 157.94
20.98 157.94
20.99 157.94
21.00 157.94
21.01 157.94
21.02 157.94
21.03 157.94
21.04 157.94
21.05 157.94
21.06 157.94
21.07 157.94
21.08 157.94
21.09 157.94
21.10 157.94
21.11 157.94
21.12 157.94
21.13 157.94
21.14 157.94
21.15 157.94
21.16 157.94
21.17 157.94
21.18 157.94
21.19 157.94
21.20 157.94
21.21 157.94
21.22 157.94
21.23 157.94
21.24 173.43
21.25 173.43
21.26 173.43
21.27 173.43
21.28 173.43
21.29 173.43
21.30 173.43
21.31 173.43
21.32 173.43
21.33 173.43
21.34 173.43
21.35 173.43
21.36 173.43
21.37 173.43
21.38 173.43
21.39 173.43
21.40 173.43
21.41 173.43
21.42 173.43
21.43 173.43
21.44 173.43
21.45 173.43
21.46 173.43
21.47 173.43
21.48 173.43
21.49 173.43
21.50 173.43
21.51 173.43
21.52 173.43
21.53 173.43
21.54 173.43
21.55 173.43
21.56 173.43
21.57 173.43
21.58 173.43
21.59 173.43
21.60 173.43
21.61 173.43
21.62 173.43
21.63 173.43
21.64 173.43
21.65 173.43
21.66 173.43
21.67 173.43
21.68 173.43
21.69 173.43
21.70 173.43
21.71 173.43
21.72 173.43
21.73 173.43
21.74 173.43
21.75 173.43
21.76 173.43
21.77 173.43
21.78 173.43
21.79 173.43
21.80 173.43
21.81 173.43
21.82 173.43
21.83 173.43
21.84 173.43
21.85 173.43
21.86 173.43
21.87 173.43
21.88 173.43
21.89 173.43
21.90 173.43
21.91 173.43
21.92 173.43
21.93 173.43
21.94 173.43
21.95 173.43
21.96 187.09
21.97 187.09
21.98 187.09
21.99 187.09
22.00 187.09
22.01 187.09
22.02 187.09
22.03 187.09
22.04 187.09
22.05 187.09
22.06 187.09
22.07 187.09
22.08 187.09
22.09 187.09
22.10 187.09
22.11 187.09
22.12 187.09
22.13 187.09
22.14 187.09
22.15 187.09
22.16 0.00
22.17 0.00
22.18 0.00
22.19 0.00
22.20 0.00
22.21 0.00
22.22 0.00
22.23 0.00
22.24 0.00
22.25 0.00
22.26 0.00
22.27 0.00
22.28 0.00
22.29 0.00
22.30 0.00
22.31 0.00
22.32 0.00
22.33 0.00
22.34 0.00
22.35 0.00
22.36 0.00
22.37 0.00
22.38 0.00
22.39 0.00
22.40 0.00
22.41 0.00
22.42 0.00
22.43 0.00
22.44 0.00
22.45 0.00
22.46 0.00
22.47 0.00
22.48 0.00
22.49 0.00
22.50 0.00
22.51 0.00
22.52 170.54
22.53 170.54
22.54 170.54
22.55 170.54
22.56 170.54
22.57 170.54
22.58 170.54
22.59 170.54
22.60 170.54
22.61 93.64
22.62 96.63
22.63 212.05
22.64 212.05
22.65 212.05
22.66 212.05
22.67 212.05
22.68 212.05
22.69 212.05
22.70 212.05
22.71 212.05
22.72 212.05
22.73 212.05
22.74 212.05
22.75 212.05
22.76 212.05
22.77 212.05
22.78 212.05
22.79 212.05
22.80 212.05
22.81 212.05
22.82 212.05
22.83 212.05
22.84 212.05
22.85 212.05
22.86 212.05
22.87 212.05
22.88 212.05
22.89 212.05
22.90 212.05
22.91 212.05
22.92 212.05
22.93 212.05
22.94 212.05
22.95 212.05
22.96 212.05
22.97 212.05
22.98 212.05
22.99 212.05
23.00 212.05
23.01 212.05
23.02 212.05
23.03 212.05
23.04 212.05
23.05 212.05
23.06 212.05
23.07 212.05
23.08 212.05
23.09 212.05
23.10 212.05
23.11 212.05
23.12 212.05
23.13 212.05
23.14 212.05
23.15 212.05
23.16 212.05
23.17 212.05
23.18 212.05
23.19 212.05
23.20 212.05
23.21 212.05
23.22 212.05
23.23 212.05
23.24 212.05
23.25 212.05
23.26 212.05
23.27 212.05
23.28 212.05
23.29 212.05
23.30 212.05
23.31 212.05
23.32 212.05
23.33 212.05
23.34 212.05
23.35 212.05
23.36 212.05
23.37 212.05
23.38 212.05
23.39 212.05
23.40 212.05
23.41 228.03
23.42 228.03
23.43 228.03
23.44 228.03
23.45 228.03
23.46 228.03
23.47 228.03
23.48 228.03
23.49 228.03
23.50 228.03
23.51 228.03
23.52 228.03
23.53 228.03
23.54 228.03
23.55 228.03
23.56 228.03
23.57 228.03
23.58 228.03
23.59 228.03
23.60 228.03
23.61 228.03
23.62 228.03
23.63 198.37
23.64 198.37
23.65 198.37
23.66 198.37
23.67 198.37
23.68 198.37
23.69 198.37
23.70 198.37
23.71 198.37
23.72 198.37
23.73 198.37
23.74 198.37
23.75 198.37
23.76 198.37
23.77 198.37
23.78 198.37
23.79 198.37
23.80 198.37
23.81 198.37
23.82 198.37
23.83 198.37
23.84 198.37
23.85 198.37
23.86 198.37
23.87 198.37
23.88 198.37
23.89 198.37
23.90 198.37
23.91 198.37
23.92 198.37
23.93 198.37
23.94 198.37
23.95 198.37
23.96 198.37
23.97 198.37
23.98 198.37
23.99 198.37
24.00 198.37
24.01 198.37
24.02 173.96
24.03 173.96
24.04 173.96
24.05 173.96
24.06 173.96
24.07 173.96
24.08 173.96
24.09 173.96
24.10 173.96
24.11 173.96
24.12 173.96
24.13 173.96
24.14 173.96
24.15 173.96
24.16 173.96
24.17 173.96
24.18 173.96
24.19 173.96
24.20 173.96
24.21 173.96
24.22 173.96
24.23 173.96
24.24 173.96
24.25 173.96
24.26 80.97
24.27 158.21
24.28 158.21
24.29 158.21
24.30 158.21
24.31 158.21
24.32 158.21
24.33 158.21
24.34 158.21
24.35 158.21
24.36 158.21
24.37 158.21
24.38 158.21
24.39 158.21
24.40 158.21
24.41 158.21
24.42 158.21
24.43 158.21
24.44 158.21
24.45 158.21
24.46 158.21
24.47 158.21
24.48 158.21
24.49 158.21
24.50 158.21
24.51 158.21
24.52 158.21
24.53 158.21
24.54 158.21
24.55 158.21
24.56 158.21
24.57 158.21
24.58 158.21
24.59 158.21
24.60 158.21
24.61 158.21
24.62 172.07
24.63 172.07
24.64 172.07
24.65 172.07
24.66 172.07
24.67 172.07
24.68 172.07
24.69 172.07
24.70 172.07
24.71 172.07
24.72 172.07
24.73 172.07
24.74 172.07
24.75 172.07
24.76 172.07
24.77 172.07
24.78 172.07
24.79 172.07
24.80 172.07
24.81 172.07
24.82 172.07
24.83 172.07
24.84 172.07
24.85 172.07
24.86 172.07
24.87 172.07
24.88 172.07
24.89 172.07
24.90 172.07
24.91 172.07
24.92 172.07
24.93 172.07
24.94 172.07
24.95 172.07
24.96 172.07
24.97 172.07
24.98 172.07
24.99 172.07
25.00 172.07
25.01 172.07
25.02 172.07
25.03 172.07
25.04 172.07
25.05 172.07
25.06 172.07
25.07 172.07
25.08 172.07
25.09 172.07
25.10 172.07
25.11 172.07
25.12 172.07
25.13 172.07
25.14 172.07
25.15 172.07
25.16 172.07
25.17 172.07
25.18 172.07
25.19 172.07
25.20 172.07
25.21 172.07
25.22 172.07
25.23 172.07
25.24 172.07
25.25 172.07
25.26 91.12
25.27 92.78
25.28 192.09
25.29 192.09
25.30 192.09
25.31 192.09
25.32 192.09
25.33 192.09
25.34 192.09
25.35 171.81
25.36 171.81
25.37 171.81
25.38 171.81
25.39 171.81
25.40 171.81
25.41 171.81
25.42 171.81
25.43 171.81
25.44 171.81
25.45 171.81
25.46 171.81
25.47 171.81
25.48 171.81
25.49 171.81
25.50 171.81
25.51 171.81
25.52 171.81
25.53 171.81
25.54 171.81
25.55 171.81
25.56 171.81
25.57 171.81
25.58 171.81
25.59 171.81
25.60 171.81
25.61 171.81
25.62 171.81
25.63 171.81
25.64 171.81
25.65 171.81
25.66 171.81
25.67 171.81
25.68 171.81
25.69 171.81
25.70 171.81
25.71 171.81
25.72 171.81
25.73 171.81
25.74 171.81
25.75 171.81
25.76 171.81
25.77 171.81
25.78 171.81
25.79 171.81
25.80 171.81
25.81 171.81
25.82 171.81
25.83 171.81
25.84 171.81
25.85 171.81
25.86 171.81
25.87 171.81
25.88 171.81
25.89 171.81
25.90 171.81
25.91 171.81
25.92 171.81
25.93 171.81
25.94 171.81
25.95 171.81
25.96 171.81
25.97 171.81
25.98 171.81
25.99 171.81
26.00 171.81
26.01 171.81
26.02 171.81
26.03 171.81
26.04 171.81
26.05 171.81
26.06 171.81
26.07 171.81
26.08 171.81
26.09 171.81
26.10 171.81
26.11 171.81
26.12 171.81
26.13 171.81
26.14 171.81
26.15 171.81
26.16 171.81
26.17 171.81
26.18 171.81
26.19 171.81
26.20 171.81
26.21 171.81
26.22 171.81
26.23 171.81
26.24 171.81
26.25 171.81
26.26 171.81
26.27 171.81
26.28 171.81
26.29 191.30
26.30 191.30
26.31 191.30
26.32 191.30
26.33 191.30
26.34 191.30
26.35 191.30
26.36 191.30
26.37 191.30
26.38 191.30
26.39 191.30
26.40 191.30
26.41 191.30
26.42 191.30
26.43 191.30
26.44 191.30
26.45 191.30
26.46 191.30
26.47 191.30
26.48 191.30
26.49 191.30
26.50 191.30
26.51 191.30
26.52 191.30
26.53 191.30
26.54 191.30
26.55 191.30
26.56 191.30
26.57 191.30
26.58 191.30
26.59 191.30
26.60 191.30
26.61 191.30
26.62 191.30
26.63 199.98
26.64 199.98
26.65 199.98
26.66 199.98
26.67 199.98
26.68 199.98
26.69 199.98
26.70 199.98
26.71 191.11
26.72 191.11
26.73 191.11
26.74 191.11
26.75 191.11
26.76 191.11
26.77 191.11
26.78 191.11
26.79 191.11
26.80 191.11
26.81 191.11
26.82 191.11
26.83 191.11
26.84 191.11
26.85 191.11
26.86 191.11
26.87 191.11
26.88 191.11
26.89 191.11
26.90 191.11
26.91 191.11
26.92 191.11
26.93 191.11
26.94 191.11
26.95 191.11
26.96 191.11
26.97 191.11
26.98 191.11
26.99 191.11
27.00 191.11
27.01 191.11
27.02 191.11
27.03 191.11
27.04 191.11
27.05 191.11
27.06 191.11
27.07 191.11
27.08 191.11
27.09 191.11
27.10 191.11
27.11 191.11
27.12 191.11
27.13 191.11
27.14 191.11
27.15 191.11
27.16 191.11
27.17 191.11
27.18 191.11
27.19 191.11
27.20 191.11
27.21 191.11
27.22 191.11
27.23 191.11
27.24 191.11
27.25 191.11
27.26 191.11
27.27 191.11
27.28 191.11
27.29 -1.00
27.30 -1.00
27.31 -1.00
27.32 -1.00
27.33 -1.00
27.34 -1.00
27.35 -1.00
27.36 -1.00
27.37 211.17
27.38 211.17
27.39 211.17
27.40 211.17
27.41 211.17
27.42 211.17
27.43 211.17
27.44 211.17
27.45 211.17
27.46 211.17
27.47 211.17
27.48 211.17
27.49 211.17
27.50 211.17
27.51 211.17
27.52 211.17
27.53 211.17
27.54 211.17
27.55 211.17
27.56 211.17
27.57 211.17
27.58 211.17
27.59 211.17
27.60 211.17
27.61 0.00
27.62 0.00
27.63 0.00
27.64 0.00
27.65 0.00
27.66 0.00
27.67 0.00
27.68 0.00
27.69 0.00
27.70 0.00
27.71 0.00
27.72 0.00
27.73 0.00
27.74 0.00
27.75 0.00
27.76 0.00
27.77 0.00
27.78 0.00
27.79 0.00
27.80 0.00
27.81 0.00
27.82 0.00
27.83 0.00
27.84 0.00
27.85 0.00
27.86 0.00
27.87 0.00
27.88 0.00
27.89 0.00
27.90 0.00
27.91 0.00
27.92 0.00
27.93 0.00
27.94 0.00
27.95 0.00
27.96 0.00
27.97 0.00
27.98 0.00
27.99 0.00
28.00 0.00
28.01 90.12
28.02 95.57
28.03 207.86
28.04 207.86
28.05 207.86
28.06 207.86
28.07 207.86
28.08 207.86
28.09 207.86
28.10 207.86
28.11 207.86
28.12 207.86
28.13 207.86
28.14 207.86
28.15 207.86
28.16 207.86
28.17 207.86
28.18 207.86
28.19 207.86
28.20 207.86
28.21 207.86
28.22 207.86
28.23 207.86
28.24 207.86
28.25 207.86
28.26 207.86
28.27 207.86
28.28 207.86
28.29 207.86
28.30 207.86
28.31 207.86
28.32 207.86
28.33 207.86
28.34 207.86
28.35 207.86
28.36 207.86
28.37 207.86
28.38 207.86
28.39 207.86
28.40 207.86
28.41 207.86
28.42 207.86
28.43 207.86
28.44 207.86
28.45 207.86
28.46 207.86
28.47 207.86
28.48 207.86
28.49 207.86
28.50 207.86
28.51 207.86
28.52 207.86
28.53 207.86
28.54 207.86
28.55 207.86
28.56 207.86
28.57 207.86
28.58 207.86
28.59 207.86
28.60 207.86
28.61 207.86
28.62 207.86
28.63 207.86
28.64 207.86
28.65 207.86
28.66 207.86
28.67 207.86
28.68 207.86
28.69 207.86
28.70 207.86
28.71 207.86
28.72 -1.00
28.73 -1.00
28.74 -1.00
28.75 -1.00
28.76 -1.00
28.77 192.16
28.78 192.16
28.79 192.16
28.80 192.16
28.81 192.16
28.82 192.16
28.83 192.16
28.84 192.16
28.85 192.16
28.86 192.16
28.87 192.16
28.88 192.16
28.89 192.16
28.90 192.16
28.91 192.16
28.92 192.16
28.93 192.16
28.94 192.16
28.95 192.16
28.96 192.16
28.97 192.16
28.98 192.16
28.99 192.16
29.00 192.16
29.01 192.16
29.02 192.16
29.03 192.16
29.04 192.16
29.05 192.16
29.06 192.16
29.07 206.01
29.08 206.01
29.09 206.01
29.10 206.01
29.11 206.01
29.12 206.01
29.13 206.01
29.14 192.73
29.15 192.73
29.16 192.73
29.17 192.73
29.18 192.73
29.19 192.73
29.20 192.73
29.21 192.73
29.22 192.73
29.23 192.73
29.24 192.73
29.25 192.73
29.26 192.73
29.27 192.73
29.28 192.73
29.29 192.73
29.30 192.73
29.31 192.73
29.32 192.73
29.33 192.73
29.34 192.73
29.35 192.73
29.36 192.73
29.37 192.73
29.38 192.73
29.39 192.73
29.40 192.73
29.41 192.73
29.42 -1.00
29.43 -1.00
29.44 -1.00
29.45 -1.00
29.46 -1.00
29.47 -1.00
29.48 -1.00
29.49 -1.00
29.50 215.52
29.51 215.52
29.52 215.52
29.53 215.52
29.54 215.52
29.55 215.52
29.56 215.52
29.57 215.52
29.58 215.52
29.59 215.52
29.60 215.52
29.61 215.52
29.62 215.52
29.63 215.52
29.64 215.52
29.65 215.52
29.66 215.52
29.67 215.52
29.68 215.52
29.69 215.52
29.70 215.52
29.71 215.52
29.72 215.52
29.73 215.52
29.74 215.52
29.75 215.52
29.76 215.52
29.77 215.52
29.78 215.52
29.79 215.52
29.80 215.52
29.81 215.52
29.82 215.52
29.83 215.52
29.84 215.52
29.85 215.52
29.86 215.52
29.87 215.52
29.88 215.52
29.89 215.52
29.90 215.52
29.91 215.52
29.92 215.52
29.93 215.52
29.94 215.52
29.95 215.52
29.96 215.52
29.97 215.52
29.98 215.52
29.99 215.52
30.00 215.52
30.01 215.52
30.02 215.52
30.03 215.52
30.04 215.52
30.05 215.52
30.06 215.52
30.07 215.52
30.08 215.52
30.09 215.52
30.10 -1.00
30.11 -1.00
30.12 -1.00
30.13 -1.00
30.14 -1.00
30.15 -1.00
30.16 -1.00
30.17 236.37
30.18 236.37
30.19 236.37
30.20 236.37
30.21 236.37
30.22 236.37
30.23 236.37
30.24 236.37
30.25 236.37
30.26 236.37
30.27 236.37
30.28 236.37
30.29 236.37
30.30 236.37
30.31 236.37
30.32 236.37
30.33 236.37
30.34 236.37
30.35 236.37
30.36 236.37
30.37 236.37
30.38 236.37
30.39 236.37
30.40 236.37
30.41 236.37
30.42 236.37
30.43 236.37
30.44 236.37
30.45 236.37
30.46 236.37
30.47 236.37
30.48 236.37
30.49 236.37
30.50 236.37
30.51 236.37
30.52 236.37
30.53 236.37
30.54 236.37
30.55 236.37
30.56 236.37
30.57 236.37
30.58 236.37
30.59 236.37
30.60 236.37
30.61 236.37
30.62 236.37
30.63 236.37
30.64 236.37
30.65 236.37
30.66 236.37
30.67 236.37
30.68 236.37
30.69 236.37
30.70 236.37
30.71 236.37
30.72 236.37
30.73 -1.00
30.74 -1.00
30.75 -1.00
30.76 -1.00
30.77 -1.00
30.78 -1.00
30.79 -1.00
30.80 -1.00
30.81 -1.00
30.82 -1.00
30.83 257.02
30.84 257.02
30.85 257.02
30.86 257.02
30.87 257.02
30.88 257.02
30.89 257.02
30.90 257.02
30.91 257.02
30.92 257.02
30.93 257.02
30.94 257.02
30.95 257.02
30.96 257.02
30.97 257.02
30.98 257.02
30.99 257.02
31.00 257.02
31.01 257.02
31.02 257.02
31.03 257.02
31.04 257.02
31.05 257.02
31.06 257.02
31.07 257.02
31.08 257.02
31.09 257.02
31.10 257.02
31.11 257.02
31.12 257.02
31.13 257.02
31.14 257.02
31.15 257.02
31.16 257.02
31.17 257.02
31.18 257.02
31.19 257.02
31.20 257.02
31.21 257.02
31.22 257.02
31.23 257.02
31.24 257.02
31.25 257.02
31.26 257.02
31.27 257.02
31.28 257.02
31.29 257.02
31.30 257.02
31.31 257.02
31.32 257.02
31.33 257.02
31.34 257.02
31.35 257.02
31.36 257.02
31.37 257.02
31.38 257.02
31.39 257.02
31.40 257.02
31.41 257.02
31.42 257.02
31.43 257.02
31.44 257.02
31.45 257.02
31.46 257.02
31.47 257.02
31.48 257.02
31.49 257.02
31.50 257.02
31.51 257.02
31.52 257.02
31.53 257.02
31.54 257.02
31.55 257.02
31.56 257.02
31.57 257.02
31.58 257.02
31.59 257.02
31.60 257.02
31.61 257.02
31.62 257.02
31.63 257.02
31.64 257.02
31.65 257.02
31.66 257.02
31.67 257.02
31.68 257.02
31.69 257.02
31.70 257.02
31.71 257.02
31.72 257.02
31.73 257.02
31.74 257.02
31.75 257.02
31.76 257.02
31.77 257.02
31.78 257.02
31.79 257.02
31.80 257.02
31.81 257.02
31.82 257.02
31.83 257.02
31.84 257.02
31.85 257.02
31.86 257.02
31.87 257.02
31.88 257.02
31.89 257.02
31.90 257.02
31.91 257.02
31.92 257.02
31.93 257.02
31.94 257.02
31.95 257.02
31.96 257.02
31.97 257.02
31.98 257.02
31.99 257.02
32.00 257.02
32.01 257.02
32.02 257.02
32.03 257.02
32.04 257.02
32.05 257.02
32.06 257.02
32.07 257.02
32.08 257.02
32.09 257.02
32.10 257.02
32.11 257.02
32.12 257.02
32.13 257.02
32.14 257.02
32.15 257.02
32.16 257.02
32.17 257.02
32.18 257.02
32.19 257.02
32.20 257.02
32.21 257.02
32.22 257.02
32.23 257.02
32.24 257.02
32.25 257.02
32.26 0.00
32.27 0.00
32.28 0.00
32.29 0.00
32.30 0.00
32.31 0.00
32.32 0.00
32.33 0.00
32.34 0.00
32.35 0.00
32.36 0.00
32.37 0.00
32.38 0.00
32.39 0.00
32.40 0.00
32.41 0.00
32.42 0.00
32.43 0.00
32.44 0.00
32.45 0.00
32.46 0.00
32.47 0.00
32.48 0.00
32.49 0.00
32.50 0.00
32.51 0.00
32.52 0.00
32.53 0.00
32.54 0.00
32.55 0.00
32.56 0.00
32.57 0.00
32.58 0.00
32.59 0.00
32.60 0.00
32.61 0.00
32.62 0.00
32.63 0.00
32.64 0.00
32.65 0.00
32.66 0.00
32.67 0.00
32.68 0.00
32.69 0.00
32.70 0.00
32.71 0.00
32.72 0.00
32.73 0.00
32.74 0.00
32.75 0.00
32.76 0.00
32.77 0.00
32.78 0.00
32.79 0.00
32.80 0.00
32.81 0.00
32.82 0.00
32.83 0.00
32.84 0.00
32.85 0.00
32.86 0.00
32.87 0.00
32.88 0.00
32.89 0.00
32.90 0.00
32.91 0.00
32.92 0.00
32.93 0.00
32.94 0.00
32.95 0.00
32.96 0.00
32.97 0.00
32.98 0.00
32.99 0.00
33.00 0.00
33.01 0.00
33.02 0.00
33.03 0.00
33.04 0.00
33.05 0.00
33.06 65.35
33.07 67.28
33.08 69.26
33.09 73.39
33.10 75.47
33.11 77.40
33.12 173.30
33.13 173.30
33.14 173.30
33.15 173.30
33.16 173.30
33.17 173.30
33.18 173.30
33.19 173.30
33.20 173.30
33.21 173.30
33.22 173.30
33.23 173.30
33.24 173.30
33.25 173.30
33.26 173.30
33.27 173.30
33.28 173.30
33.29 173.30
33.30 173.30
33.31 173.30
33.32 173.30
33.33 173.30
33.34 173.30
33.35 173.30
33.36 173.30
33.37 173.30
33.38 173.30
33.39 173.30
33.40 173.30
33.41 173.30
33.42 173.30
33.43 173.30
33.44 173.30
33.45 173.30
33.46 173.30
33.47 173.30
33.48 173.30
33.49 173.30
33.50 173.30
33.51 173.30
33.52 173.30
33.53 173.30
33.54 173.30
33.55 173.30
33.56 173.30
33.57 173.30
33.58 173.30
33.59 173.30
33.60 173.30
33.61 173.30
33.62 173.30
33.63 173.30
33.64 173.30
33.65 173.30
33.66 173.30
33.67 173.30
33.68 173.30
33.69 173.30
33.70 173.30
33.71 173.30
33.72 173.30
33.73 173.30
33.74 173.30
33.75 173.30
33.76 173.30
33.77 173.30
33.78 173.30
33.79 173.30
33.80 173.30
33.81 173.30
33.82 173.30
33.83 173.30
33.84 173.30
33.85 173.30
33.86 173.30
33.87 173.30
33.88 173.30
33.89 173.30
33.90 173.30
33.91 173.30
33.92 173.30
33.93 173.30
33.94 173.30
33.95 173.30
33.96 173.30
33.97 -1.00
33.98 -1.00
33.99 -1.00
34.00 -1.00
34.01 173.48
34.02 173.48
34.03 173.48
34.04 173.48
34.05 173.48
34.06 173.48
34.07 173.48
34.08 173.48
34.09 173.48
34.10 173.48
34.11 173.48
34.12 173.48
34.13 173.48
34.14 173.48
34.15 173.48
34.16 173.48
34.17 173.48
34.18 173.48
34.19 173.48
34.20 173.48
34.21 173.48
34.22 173.48
34.23 173.48
34.24 173.48
34.25 173.48
34.26 173.48
34.27 173.48
34.28 173.48
34.29 173.48
34.30 173.48
34.31 173.48
34.32 173.48
34.33 173.48
34.34 173.48
34.35 173.48
34.36 173.48
34.37 173.48
34.38 173.48
34.39 173.48
34.40 173.48
34.41 173.48
34.42 173.48
34.43 173.48
34.44 173.48
34.45 173.48
34.46 173.48
34.47 173.48
34.48 173.48
34.49 173.48
34.50 173.48
34.51 173.48
34.52 173.48
34.53 173.48
34.54 173.48
34.55 173.48
34.56 173.48
34.57 173.48
34.58 173.48
34.59 173.48
34.60 173.48
34.61 173.48
34.62 173.48
34.63 173.48
34.64 173.48
34.65 173.48
34.66 173.48
34.67 173.48
34.68 173.48
34.69 173.48
34.70 173.48
34.71 173.48
34.72 173.48
34.73 173.48
34.74 173.48
34.75 173.48
34.76 173.48
34.77 173.48
34.78 173.48
34.79 173.48
34.80 173.48
34.81 173.48
34.82 173.48
34.83 173.48
34.84 173.48
34.85 173.48
34.86 173.48
34.87 173.48
34.88 173.48
34.89 173.48
34.90 173.48
34.91 173.48
34.92 173.48
34.93 173.48
34.94 173.48
34.95 173.48
34.96 173.48
34.97 173.48
34.98 173.48
34.99 173.48
35.00 173.48
35.01 173.48
35.02 173.48
35.03 173.48
35.04 173.48
35.05 173.48
35.06 173.48
35.07 173.48
35.08 173.48
35.09 173.48
35.10 173.48
35.11 173.48
35.12 173.48
35.13 173.48
35.14 173.48
35.15 173.48
35.16 173.48
35.17 173.48
35.18 173.48
35.19 173.48
35.20 173.48
35.21 173.48
35.22 173.48
35.23 173.48
35.24 173.48
35.25 173.48
35.26 173.48
35.27 173.48
35.28 173.48
35.29 173.48
35.30 173.48
35.31 173.48
35.32 173.48
35.33 173.48
35.34 173.48
35.35 173.48
35.36 173.48
35.37 173.48
35.38 173.48
35.39 173.48
35.40 97.33
35.41 105.12
35.42 231.75
35.43 231.75
35.44 231.75
35.45 231.75
35.46 231.75
35.47 231.75
35.48 231.75
35.49 205.24
35.50 205.24
35.51 205.24
35.52 205.24
35.53 205.24
35.54 205.24
35.55 205.24
35.56 205.24
35.57 205.24
35.58 205.24
35.59 205.24
35.60 205.24
35.61 205.24
35.62 205.24
35.63 205.24
35.64 205.24
35.65 205.24
35.66 205.24
35.67 205.24
35.68 205.24
35.69 205.24
35.70 205.24
35.71 205.24
35.72 205.24
35.73 205.24
35.74 205.24
35.75 205.24
35.76 205.24
35.77 191.14
35.78 191.14
35.79 191.14
35.80 191.14
35.81 191.14
35.82 191.14
35.83 191.14
35.84 191.14
35.85 191.14
35.86 191.14
35.87 191.14
35.88 191.14
35.89 191.14
35.90 191.14
35.91 191.14
35.92 191.14
35.93 191.14
35.94 191.14
35.95 191.14
35.96 191.14
35.97 191.14
35.98 191.14
35.99 191.14
36.00 191.14
36.01 191.14
36.02 191.14
36.03 191.14
36.04 191.14
36.05 89.16
36.06 172.40
36.07 172.40
36.08 172.40
36.09 172.40
36.10 172.40
36.11 172.40
36.12 172.40
36.13 172.40
36.14 172.40
36.15 172.40
36.16 172.40
36.17 172.40
36.18 172.40
36.19 172.40
36.20 172.40
36.21 172.40
36.22 172.40
36.23 172.40
36.24 172.40
36.25 172.40
36.26 172.40
36.27 172.40
36.28 172.40
36.29 172.40
36.30 172.40
36.31 172.40
36.32 172.40
36.33 172.40
36.34 172.40
36.35 172.40
36.36 172.40
36.37 172.40
36.38 172.40
36.39 172.40
36.40 172.40
36.41 172.40
36.42 80.55
36.43 146.76
36.44 146.76
36.45 146.76
36.46 146.76
36.47 146.76
36.48 146.76
36.49 146.76
36.50 146.76
36.51 146.76
36.52 146.76
36.53 146.76
36.54 146.76
36.55 146.76
36.56 146.76
36.57 146.76
36.58 146.76
36.59 146.76
36.60 146.76
36.61 146.76
36.62 146.76
36.63 146.76
36.64 146.76
36.65 146.76
36.66 146.76
36.67 146.76
36.68 146.76
36.69 146.76
36.70 146.76
36.71 146.76
36.72 146.76
36.73 146.76
36.74 146.76
36.75 146.76
36.76 146.76
36.77 134.02
36.78 134.02
36.79 134.02
36.80 134.02
36.81 134.02
36.82 134.02
36.83 134.02
36.84 134.02
36.85 134.02
36.86 134.02
36.87 134.02
36.88 134.02
36.89 134.02
36.90 134.02
36.91 134.02
36.92 134.02
36.93 134.02
36.94 134.02
36.95 134.02
36.96 134.02
36.97 134.02
36.98 134.02
36.99 134.02
37.00 134.02
37.01 134.02
37.02 134.02
37.03 145.47
37.04 145.47
37.05 145.47
37.06 145.47
37.07 145.47
37.08 145.47
37.09 145.47
37.10 145.47
37.11 145.47
37.12 145.47
37.13 145.47
37.14 145.47
37.15 145.47
37.16 145.47
37.17 145.47
37.18 145.47
37.19 145.47
37.20 145.47
37.21 145.47
37.22 145.47
37.23 145.47
37.24 145.47
37.25 145.47
37.26 145.47
37.27 145.47
37.28 145.47
37.29 145.47
37.30 145.47
37.31 145.47
37.32 145.47
37.33 145.47
37.34 158.14
37.35 158.14
37.36 158.14
37.37 158.14
37.38 158.14
37.39 158.14
37.40 158.14
37.41 158.14
37.42 158.14
37.43 158.14
37.44 158.14
37.45 158.14
37.46 158.14
37.47 158.14
37.48 158.14
37.49 158.14
37.50 158.14
37.51 158.14
37.52 158.14
37.53 158.14
37.54 158.14
37.55 158.14
37.56 158.14
37.57 158.14
37.58 158.14
37.59 158.14
37.60 158.14
37.61 158.14
37.62 158.14
37.63 158.14
37.64 158.14
37.65 158.14
37.66 158.14
37.67 158.14
37.68 158.14
37.69 158.14
37.70 176.03
37.71 176.03
37.72 176.03
37.73 176.03
37.74 176.03
37.75 176.03
37.76 176.03
37.77 176.03
37.78 176.03
37.79 176.03
37.80 176.03
37.81 176.03
37.82 176.03
37.83 176.03
37.84 176.03
37.85 176.03
37.86 176.03
37.87 176.03
37.88 176.03
37.89 176.03
37.90 176.03
37.91 176.03
37.92 176.03
37.93 176.03
37.94 176.03
37.95 94.51
37.96 99.08
37.97 213.64
37.98 213.64
37.99 213.64
38.00 213.64
38.01 213.64
38.02 213.64
38.03 213.64
38.04 213.64
38.05 213.64
38.06 213.64
38.07 213.64
38.08 213.64
38.09 213.64
38.10 213.64
38.11 213.64
38.12 213.64
38.13 213.64
38.14 213.64
38.15 213.64
38.16 213.64
38.17 213.64
38.18 213.64
38.19 213.64
38.20 213.64
38.21 213.64
38.22 213.64
38.23 213.64
38.24 213.64
38.25 213.64
38.26 213.64
38.27 213.64
38.28 213.64
38.29 213.64
38.30 213.64
38.31 193.96
38.32 193.96
38.33 193.96
38.34 193.96
38.35 193.96
38.36 193.96
38.37 193.96
38.38 193.96
38.39 193.96
38.40 193.96
38.41 193.96
38.42 193.96
38.43 193.96
38.44 193.96
38.45 193.96
38.46 193.96
38.47 193.96
38.48 193.96
38.49 193.96
38.50 193.96
38.51 193.96
38.52 193.96
38.53 193.96
38.54 193.96
38.55 193.96
38.56 193.96
38.57 193.96
38.58 193.96
38.59 193.96
38.60 193.96
38.61 175.73
38.62 175.73
38.63 175.73
38.64 175.73
38.65 175.73
38.66 175.73
38.67 175.73
38.68 175.73
38.69 175.73
38.70 175.73
38.71 175.73
38.72 175.73
38.73 175.73
38.74 175.73
38.75 175.73
38.76 175.73
38.77 175.73
38.78 175.73
38.79 175.73
38.80 175.73
38.81 175.73
38.82 175.73
38.83 175.73
38.84 175.73
38.85 175.73
38.86 175.73
38.87 175.73
38.88 175.73
38.89 175.73
38.90 175.73
38.91 175.73
38.92 175.73
38.93 162.07
38.94 162.07
38.95 162.07
38.96 162.07
38.97 162.07
38.98 162.07
38.99 162.07
39.00 162.07
39.01 162.07
39.02 162.07
39.03 142.31
39.04 142.31
39.05 142.31
39.06 142.31
39.07 142.31
39.08 142.31
39.09 142.31
39.10 142.31
39.11 142.31
39.12 142.31
39.13 142.31
39.14 142.31
39.15 142.31
39.16 142.31
39.17 142.31
39.18 142.31
39.19 142.31
39.20 142.31
39.21 142.31
39.22 142.31
39.23 142.31
39.24 142.31
39.25 142.31
39.26 142.31
39.27 142.31
39.28 66.65
39.29 131.30
39.30 131.30
39.31 131.30
39.32 131.30
39.33 131.30
39.34 131.30
39.35 131.30
39.36 131.30
39.37 131.30
39.38 131.30
39.39 131.30
39.40 131.30
39.41 131.30
39.42 131.30
39.43 131.30
39.44 131.30
39.45 131.30
39.46 131.30
39.47 131.30
39.48 131.30
39.49 131.30
39.50 131.30
39.51 131.30
39.52 131.30
39.53 131.30
39.54 131.30
39.55 131.30
39.56 131.30
39.57 131.30
39.58 131.30
39.59 131.30
39.60 131.30
39.61 131.30
39.62 131.30
39.63 145.81
39.64 145.81
39.65 145.81
39.66 145.81
39.67 145.81
39.68 145.81
39.69 145.81
39.70 145.81
39.71 145.81
39.72 145.81
39.73 145.81
39.74 145.81
39.75 145.81
39.76 145.81
39.77 145.81
39.78 145.81
39.79 145.81
39.80 145.81
39.81 145.81
39.82 145.81
39.83 145.81
39.84 145.81
39.85 145.81
39.86 145.81
39.87 145.81
39.88 145.81
39.89 145.81
39.90 145.81
39.91 145.81
39.92 145.81
39.93 145.81
39.94 145.81
39.95 145.81
39.96 145.81
39.97 145.81
39.98 145.81
39.99 145.81
40.00 145.81
40.01 145.81
40.02 145.81
40.03 145.81
40.04 145.81
40.05 145.81
40.06 145.81
40.07 145.81
40.08 145.81
40.09 145.81
40.10 67.13
40.11 65.59
40.12 63.74
40.13 61.94
40.14 60.54
40.15 0.00
40.16 0.00
40.17 0.00
40.18 0.00
40.19 0.00
40.20 0.00
40.21 0.00
40.22 0.00
40.23 0.00
40.24 0.00
40.25 0.00
40.26 0.00
40.27 0.00
40.28 0.00
40.29 0.00
40.30 0.00
40.31 0.00
40.32 0.00
40.33 0.00
40.34 0.00
40.35 0.00
40.36 0.00
40.37 0.00
40.38 0.00
40.39 0.00
40.40 0.00
40.41 0.00
40.42 0.00
40.43 0.00
40.44 0.00
40.45 0.00
40.46 0.00
40.47 0.00
40.48 0.00
40.49 0.00
40.50 0.00
40.51 0.00
40.52 0.00
40.53 0.00
40.54 0.00
40.55 0.00
40.56 0.00
40.57 0.00
40.58 0.00
40.59 0.00
40.60 0.00
40.61 0.00
40.62 0.00
40.63 0.00
40.64 0.00
40.65 0.00
40.66 0.00
40.67 0.00
40.68 0.00
40.69 0.00
40.70 0.00
40.71 0.00
40.72 0.00
40.73 0.00
40.74 0.00
40.75 0.00
40.76 0.00
40.77 0.00
40.78 0.00
40.79 0.00
40.80 0.00
40.81 0.00
40.82 0.00
40.83 0.00
40.84 0.00
40.85 0.00
40.86 0.00
40.87 0.00
40.88 0.00
40.89 0.00
40.90 132.24
40.91 132.24
40.92 132.24
40.93 132.24
40.94 132.24
40.95 132.24
40.96 132.24
40.97 132.24
40.98 132.24
40.99 132.24
41.00 132.24
41.01 132.24
41.02 132.24
41.03 132.24
41.04 132.24
41.05 132.24
41.06 132.24
41.07 132.24
41.08 132.24
41.09 132.24
41.10 132.24
41.11 132.24
41.12 132.24
41.13 132.24
41.14 132.24
41.15 132.24
41.16 132.24
41.17 132.24
41.18 132.24
41.19 132.24
41.20 132.24
41.21 132.24
41.22 132.24
41.23 132.24
41.24 132.24
41.25 132.24
41.26 132.24
41.27 132.24
41.28 132.24
41.29 132.24
41.30 132.24
41.31 132.24
41.32 132.24
41.33 132.24
41.34 132.24
41.35 132.24
41.36 132.24
41.37 132.24
41.38 132.24
41.39 132.24
41.40 132.24
41.41 132.24
41.42 132.24
41.43 132.24
41.44 132.24
41.45 132.24
41.46 132.24
41.47 132.24
41.48 132.24
41.49 132.24
41.50 73.83
41.51 153.50
41.52 153.50
41.53 153.50
41.54 153.50
41.55 153.50
41.56 153.50
41.57 153.50
41.58 153.50
41.59 153.50
41.60 136.41
41.61 136.41
41.62 136.41
41.63 136.41
41.64 136.41
41.65 136.41
41.66 136.41
41.67 136.41
41.68 148.19
41.69 148.19
41.70 148.19
41.71 148.19
41.72 148.19
41.73 148.19
41.74 148.19
41.75 148.19
41.76 148.19
41.77 148.19
41.78 148.19
41.79 148.19
41.80 148.19
41.81 158.32
41.82 158.32
41.83 158.32
41.84 158.32
41.85 158.32
41.86 158.32
41.87 158.32
41.88 158.32
41.89 147.65
41.90 147.65
41.91 147.65
41.92 147.65
41.93 147.65
41.94 147.65
41.95 147.65
41.96 147.65
41.97 147.65
41.98 147.65
41.99 147.65
42.00 147.65
42.01 147.65
42.02 147.65
42.03 147.65
42.04 147.65
42.05 147.65
42.06 147.65
42.07 147.65
42.08 147.65
42.09 147.65
42.10 147.65
42.11 147.65
42.12 147.65
42.13 147.65
42.14 158.99
42.15 158.99
42.16 158.99
42.17 158.99
42.18 158.99
42.19 158.99
42.20 158.99
42.21 158.99
42.22 158.99
42.23 158.99
42.24 158.99
42.25 158.99
42.26 158.99
42.27 158.99
42.28 158.99
42.29 158.99
42.30 158.99
42.31 158.99
42.32 158.99
42.33 158.99
42.34 158.99
42.35 158.99
42.36 158.99
42.37 158.99
42.38 158.99
42.39 158.99
42.40 175.12
42.41 175.12
42.42 175.12
42.43 175.12
42.44 175.12
42.45 175.12
42.46 175.12
42.47 175.12
42.48 175.12
42.49 175.12
42.50 175.12
42.51 175.12
42.52 175.12
42.53 175.12
42.54 175.12
42.55 175.12
42.56 175.12
42.57 175.12
42.58 175.12
42.59 175.12
42.60 175.12
42.61 175.12
42.62 175.12
42.63 175.12
42.64 175.12
42.65 175.12
42.66 175.12
42.67 175.12
42.68 175.12
42.69 175.12
42.70 175.12
42.71 175.12
42.72 175.12
42.73 175.12
42.74 175.12
42.75 94.55
42.76 194.96
42.77 194.96
42.78 194.96
42.79 194.96
42.80 194.96
42.81 194.96
42.82 194.96
42.83 194.96
42.84 194.96
42.85 194.96
42.86 194.96
42.87 194.96
42.88 194.96
42.89 194.96
42.90 194.96
42.91 194.96
42.92 194.96
42.93 194.96
42.94 194.96
42.95 194.96
42.96 194.96
42.97 194.96
42.98 90.33
42.99 88.65
43.00 87.41
43.01 85.96
43.02 0.00
43.03 0.00
43.04 0.00
43.05 0.00
43.06 0.00
43.07 0.00
43.08 0.00
43.09 0.00
43.10 0.00
43.11 0.00
43.12 0.00
43.13 0.00
43.14 0.00
43.15 0.00
43.16 0.00
43.17 0.00
43.18 0.00
43.19 0.00
43.20 0.00
43.21 0.00
43.22 0.00
43.23 0.00
43.24 0.00
43.25 0.00
43.26 0.00
43.27 0.00
43.28 0.00
43.29 0.00
43.30 0.00
43.31 0.00
43.32 0.00
43.33 0.00
43.34 0.00
43.35 0.00
43.36 0.00
43.37 0.00
43.38 0.00
43.39 0.00
43.40 0.00
43.41 0.00
43.42 0.00
43.43 0.00
43.44 0.00
43.45 0.00
43.46 0.00
43.47 0.00
43.48 0.00
43.49 0.00
43.50 0.00
43.51 0.00
43.52 144.74
43.53 144.74
43.54 144.74
43.55 144.74
43.56 144.74
43.57 144.74
43.58 144.74
43.59 144.74
43.60 144.74
43.61 144.74
43.62 144.74
43.63 144.74
43.64 144.74
43.65 144.74
43.66 144.74
43.67 144.74
43.68 144.74
43.69 144.74
43.70 144.74
43.71 144.74
43.72 144.74
43.73 144.74
43.74 144.74
43.75 144.74
43.76 144.74
43.77 144.74
43.78 144.74
43.79 144.74
43.80 144.74
43.81 144.74
43.82 144.74
43.83 144.74
43.84 144.74
43.85 144.74
43.86 144.74
43.87 144.74
43.88 144.74
43.89 144.74
43.90 144.74
43.91 144.74
43.92 144.74
43.93 144.74
43.94 144.74
43.95 144.74
43.96 144.74
43.97 144.74
43.98 144.74
43.99 144.74
44.00 144.74
44.01 144.74
44.02 144.74
44.03 144.74
44.04 144.74
44.05 144.74
44.06 144.74
44.07 144.74
44.08 144.74
44.09 144.74
44.10 144.74
44.11 144.74
44.12 144.74
44.13 144.74
44.14 162.11
44.15 162.11
44.16 162.11
44.17 162.11
44.18 162.11
44.19 162.11
44.20 162.11
44.21 162.11
44.22 162.11
44.23 162.11
44.24 162.11
44.25 162.11
44.26 162.11
44.27 162.11
44.28 162.11
44.29 162.11
44.30 162.11
44.31 162.11
44.32 162.11
44.33 162.11
44.34 162.11
44.35 162.11
44.36 162.11
44.37 162.11
44.38 162.11
44.39 162.11
44.40 162.11
44.41 162.11
44.42 162.11
44.43 162.11
44.44 162.11
44.45 162.11
44.46 162.11
44.47 162.11
44.48 162.11
44.49 162.11
44.50 162.11
44.51 162.11
44.52 162.11
44.53 162.11
44.54 162.11
44.55 162.11
44.56 162.11
44.57 162.11
44.58 162.11
44.59 162.11
44.60 162.11
44.61 162.11
44.62 162.11
44.63 162.11
44.64 162.11
44.65 162.11
44.66 162.11
44.67 162.11
44.68 162.11
44.69 162.11
44.70 162.11
44.71 162.11
44.72 162.11
44.73 162.11
44.74 162.11
44.75 162.11
44.76 162.11
44.77 162.11
44.78 162.11
44.79 162.11
44.80 177.11
44.81 177.11
44.82 177.11
44.83 177.11
44.84 177.11
44.85 177.11
44.86 177.11
44.87 177.11
44.88 177.11
44.89 177.11
44.90 177.11
44.91 177.11
44.92 177.11
44.93 177.11
44.94 177.11
44.95 177.11
44.96 177.11
44.97 177.11
44.98 177.11
44.99 177.11
45.00 177.11
45.01 177.11
45.02 177.11
45.03 177.11
45.04 177.11
45.05 177.11
45.06 177.11
45.07 177.11
45.08 177.11
45.09 177.11
45.10 177.11
45.11 177.11
45.12 177.11
45.13 177.11
45.14 177.11
45.15 177.11
45.16 177.11
45.17 177.11
45.18 177.11
45.19 177.11
45.20 177.11
45.21 177.11
45.22 177.11
45.23 177.11
45.24 177.11
45.25 177.11
45.26 177.11
45.27 177.11
45.28 177.11
45.29 177.11
45.30 177.11
45.31 177.11
45.32 177.11
45.33 177.11
45.34 177.11
45.35 177.11
45.36 177.11
45.37 177.11
45.38 177.11
45.39 177.11
45.40 177.11
45.41 177.11
45.42 193.54
45.43 193.54
45.44 193.54
45.45 193.54
45.46 193.54
45.47 193.54
45.48 193.54
45.49 193.54
45.50 193.54
45.51 193.54
45.52 193.54
45.53 193.54
45.54 193.54
45.55 193.54
45.56 193.54
45.57 193.54
45.58 193.54
45.59 193.54
45.60 193.54
45.61 0.00
45.62 0.00
45.63 0.00
45.64 0.00
45.65 0.00
45.66 0.00
45.67 0.00
45.68 0.00
45.69 0.00
45.70 0.00
45.71 0.00
45.72 0.00
45.73 0.00
45.74 0.00
45.75 0.00
45.76 0.00
45.77 0.00
45.78 0.00
45.79 0.00
45.80 0.00
45.81 0.00
45.82 0.00
45.83 0.00
45.84 0.00
45.85 0.00
45.86 0.00
45.87 0.00
45.88 0.00
45.89 0.00
45.90 0.00
45.91 0.00
45.92 0.00
45.93 0.00
45.94 174.50
45.95 174.50
45.96 174.50
45.97 174.50
45.98 174.50
45.99 174.50
46.00 174.50
46.01 174.50
46.02 174.50
46.03 95.61
46.04 98.48
46.05 216.82
46.06 216.82
46.07 216.82
46.08 216.82
46.09 216.82
46.10 216.82
46.11 216.82
46.12 216.82
46.13 216.82
46.14 216.82
46.15 216.82
46.16 216.82
46.17 216.82
46.18 216.82
46.19 216.82
46.20 216.82
46.21 216.82
46.22 216.82
46.23 216.82
46.24 216.82
46.25 216.82
46.26 216.82
46.27 216.82
46.28 216.82
46.29 216.82
46.30 216.82
46.31 216.82
46.32 216.82
46.33 216.82
46.34 216.82
46.35 216.82
46.36 216.82
46.37 216.82
46.38 216.82
46.39 216.82
46.40 216.82
46.41 216.82
46.42 216.82
46.43 216.82
46.44 216.82
46.45 216.82
46.46 216.82
46.47 216.82
46.48 216.82
46.49 216.82
46.50 216.82
46.51 216.82
46.52 216.82
46.53 216.82
46.54 216.82
46.55 216.82
46.56 216.82
46.57 216.82
46.58 216.82
46.59 216.82
46.60 216.82
46.61 216.82
46.62 216.82
46.63 216.82
46.64 216.82
46.65 216.82
46.66 216.82
46.67 216.82
46.68 216.82
46.69 216.82
46.70 216.82
46.71 216.82
46.72 216.82
46.73 216.82
46.74 216.82
46.75 216.82
46.76 216.82
46.77 230.04
46.78 230.04
46.79 230.04
46.80 230.04
46.81 230.04
46.82 230.04
46.83 230.04
46.84 230.04
46.85 230.04
46.86 230.04
46.87 230.04
46.88 230.04
46.89 230.04
46.90 230.04
46.91 230.04
46.92 230.04
46.93 230.04
46.94 230.04
46.95 230.04
46.96 230.04
46.97 230.04
46.98 230.04
46.99 230.04
47.00 230.04
47.01 230.04
47.02 230.04
47.03 230.04
47.04 103.78
47.05 197.55
47.06 197.55
47.07 197.55
47.08 197.55
47.09 197.55
47.10 197.55
47.11 197.55
47.12 197.55
47.13 197.55
47.14 197.55
47.15 197.55
47.16 197.55
47.17 197.55
47.18 197.55
47.19 197.55
47.20 197.55
47.21 197.55
47.22 197.55
47.23 197.55
47.24 197.55
47.25 197.55
47.26 197.55
47.27 197.55
47.28 197.55
47.29 197.55
47.30 197.55
47.31 197.55
47.32 197.55
47.33 197.55
47.34 197.55
47.35 197.55
47.36 179.15
47.37 179.15
47.38 179.15
47.39 179.15
47.40 179.15
47.41 179.15
47.42 179.15
47.43 179.15
47.44 179.15
47.45 179.15
47.46 179.15
47.47 179.15
47.48 179.15
47.49 179.15
47.50 179.15
47.51 179.15
47.52 179.15
47.53 179.15
47.54 82.17
47.55 161.39
47.56 161.39
47.57 161.39
47.58 161.39
47.59 161.39
47.60 161.39
47.61 161.39
47.62 161.39
47.63 161.39
47.64 161.39
47.65 161.39
47.66 161.39
47.67 161.39
47.68 161.39
47.69 161.39
47.70 161.39
47.71 161.39
47.72 161.39
47.73 161.39
47.74 161.39
47.75 161.39
47.76 161.39
47.77 161.39
47.78 161.39
47.79 161.39
47.80 161.39
47.81 161.39
47.82 161.39
47.83 161.39
47.84 161.39
47.85 161.39
47.86 161.39
47.87 161.39
47.88 161.39
47.89 161.39
47.90 176.06
47.91 176.06
47.92 176.06
47.93 176.06
47.94 176.06
47.95 176.06
47.96 176.06
47.97 176.06
47.98 176.06
47.99 176.06
48.00 176.06
48.01 176.06
48.02 176.06
48.03 176.06
48.04 176.06
48.05 176.06
48.06 176.06
48.07 176.06
48.08 176.06
48.09 176.06
48.10 176.06
48.11 176.06
48.12 176.06
48.13 176.06
48.14 176.06
48.15 176.06
48.16 176.06
48.17 176.06
48.18 176.06
48.19 176.06
48.20 176.06
48.21 176.06
48.22 176.06
48.23 176.06
48.24 176.06
48.25 176.06
48.26 176.06
48.27 176.06
48.28 176.06
48.29 176.06
48.30 176.06
48.31 176.06
48.32 176.06
48.33 176.06
48.34 176.06
48.35 176.06
48.36 176.06
48.37 176.06
48.38 176.06
48.39 176.06
48.40 176.06
48.41 176.06
48.42 176.06
48.43 176.06
48.44 176.06
48.45 176.06
48.46 176.06
48.47 176.06
48.48 176.06
48.49 176.06
48.50 176.06
48.51 176.06
48.52 176.06
48.53 176.06
48.54 176.06
48.55 176.06
48.56 93.95
48.57 196.48
48.58 196.48
48.59 196.48
48.60 196.48
48.61 196.48
48.62 196.48
48.63 196.48
48.64 176.19
48.65 176.19
48.66 176.19
48.67 176.19
48.68 176.19
48.69 176.19
48.70 176.19
48.71 176.19
48.72 176.19
48.73 176.19
48.74 176.19
48.75 176.19
48.76 176.19
48.77 176.19
48.78 176.19
48.79 176.19
48.80 176.19
48.81 176.19
48.82 176.19
48.83 176.19
48.84 176.19
48.85 176.19
48.86 176.19
48.87 176.19
48.88 176.19
48.89 176.19
48.90 176.19
48.91 176.19
48.92 176.19
48.93 176.19
48.94 176.19
48.95 176.19
48.96 176.19
48.97 176.19
48.98 176.19
48.99 176.19
49.00 176.19
49.01 176.19
49.02 176.19
49.03 176.19
49.04 176.19
49.05 176.19
49.06 176.19
49.07 176.19
49.08 176.19
49.09 176.19
49.10 176.19
49.11 176.19
49.12 176.19
49.13 176.19
49.14 176.19
49.15 176.19
49.16 176.19
49.17 176.19
49.18 176.19
49.19 176.19
49.20 176.19
49.21 176.19
49.22 176.19
49.23 176.19
49.24 176.19
49.25 176.19
49.26 176.19
49.27 176.19
49.28 176.19
49.29 176.19
49.30 176.19
49.31 176.19
49.32 176.19
49.33 176.19
49.34 176.19
49.35 176.19
49.36 176.19
49.37 176.19
49.38 176.19
49.39 176.19
49.40 176.19
49.41 176.19
49.42 176.19
49.43 176.19
49.44 176.19
49.45 176.19
49.46 176.19
49.47 176.19
49.48 176.19
49.49 176.19
49.50 176.19
49.51 176.19
49.52 176.19
49.53 -1.00
49.54 -1.00
49.55 -1.00
49.56 -1.00
49.57 -1.00
49.58 -1.00
49.59 195.23
49.60 195.23
49.61 195.23
49.62 195.23
49.63 195.23
49.64 195.23
49.65 195.23
49.66 195.23
49.67 195.23
49.68 195.23
49.69 195.23
49.70 195.23
49.71 195.23
49.72 195.23
49.73 195.23
49.74 195.23
49.75 195.23
49.76 195.23
49.77 195.23
49.78 195.23
49.79 195.23
49.80 195.23
49.81 195.23
49.82 195.23
49.83 195.23
49.84 195.23
49.85 195.23
49.86 195.23
49.87 195.23
49.88 195.23
49.89 195.23
49.90 195.23
49.91 195.23
49.92 195.23
49.93 195.23
49.94 195.23
49.95 195.23
49.96 195.23
49.97 195.23
49.98 195.23
49.99 195.23
50.00 195.23
50.01 195.23
50.02 195.23
50.03 195.23
50.04 195.23
50.05 195.23
50.06 195.23
50.07 195.23
50.08 195.23
50.09 195.23
50.10 195.23
50.11 195.23
50.12 195.23
50.13 195.23
50.14 195.23
50.15 195.23
50.16 195.23
50.17 195.23
50.18 195.23
50.19 195.23
50.20 195.23
50.21 195.23
50.22 195.23
50.23 195.23
50.24 195.23
50.25 195.23
50.26 195.23
50.27 195.23
50.28 195.23
50.29 195.23
50.30 195.23
50.31 195.23
50.32 195.23
50.33 195.23
50.34 195.23
50.35 195.23
50.36 195.23
50.37 195.23
50.38 195.23
50.39 195.23
50.40 195.23
50.41 195.23
50.42 195.23
50.43 195.23
50.44 195.23
50.45 195.23
50.46 195.23
50.47 195.23
50.48 195.23
50.49 195.23
50.50 195.23
50.51 195.23
50.52 195.23
50.53 215.63
50.54 215.63
50.55 215.63
50.56 215.63
50.57 215.63
50.58 215.63
50.59 215.63
50.60 215.63
50.61 215.63
50.62 215.63
50.63 215.63
50.64 215.63
50.65 215.63
50.66 215.63
50.67 215.63
50.68 215.63
50.69 215.63
50.70 215.63
50.71 215.63
50.72 215.63
50.73 215.63
50.74 215.63
50.75 215.63
50.76 0.00
50.77 0.00
50.78 0.00
50.79 0.00
50.80 0.00
50.81 0.00
50.82 0.00
50.83 0.00
50.84 0.00
50.85 0.00
50.86 0.00
50.87 0.00
50.88 0.00
50.89 0.00
50.90 0.00
50.91 0.00
50.92 0.00
50.93 0.00
50.94 0.00
50.95 0.00
50.96 0.00
50.97 0.00
50.98 0.00
50.99 0.00
51.00 0.00
51.01 0.00
51.02 0.00
51.03 0.00
51.04 0.00
51.05 0.00
51.06 0.00
51.07 0.00
51.08 0.00
51.09 0.00
51.10 0.00
51.11 0.00
51.12 0.00
51.13 0.00
51.14 0.00
51.15 0.00
51.16 0.00
51.17 0.00
51.18 0.00
51.19 0.00
51.20 0.00
51.21 186.22
51.22 186.22
51.23 186.22
51.24 186.22
51.25 186.22
51.26 186.22
51.27 186.22
51.28 186.22
51.29 186.22
51.30 212.20
51.31 212.20
51.32 212.20
51.33 212.20
51.34 212.20
51.35 212.20
51.36 212.20
51.37 212.20
51.38 212.20
51.39 212.20
51.40 212.20
51.41 212.20
51.42 212.20
51.43 212.20
51.44 212.20
51.45 212.20
51.46 212.20
51.47 212.20
51.48 212.20
51.49 212.20
51.50 212.20
51.51 212.20
51.52 212.20
51.53 212.20
51.54 212.20
51.55 212.20
51.56 212.20
51.57 212.20
51.58 212.20
51.59 212.20
51.60 212.20
51.61 212.20
51.62 212.20
51.63 212.20
51.64 212.20
51.65 212.20
51.66 212.20
51.67 212.20
51.68 212.20
51.69 212.20
51.70 212.20
51.71 212.20
51.72 212.20
51.73 212.20
51.74 212.20
51.75 212.20
51.76 212.20
51.77 212.20
51.78 212.20
51.79 212.20
51.80 212.20
51.81 212.20
51.82 212.20
51.83 212.20
51.84 212.20
51.85 212.20
51.86 212.20
51.87 212.20
51.88 212.20
51.89 196.75
51.90 196.75
51.91 196.75
51.92 196.75
51.93 196.75
51.94 196.75
51.95 196.75
51.96 196.75
51.97 196.75
51.98 196.75
51.99 196.75
52.00 196.75
52.01 196.75
52.02 196.75
52.03 196.75
52.04 196.75
52.05 196.75
52.06 196.75
52.07 196.75
52.08 196.75
52.09 196.75
52.10 196.75
52.11 196.75
52.12 196.75
52.13 196.75
52.14 196.75
52.15 196.75
52.16 196.75
52.17 196.75
52.18 0.00
52.19 0.00
52.20 0.00
52.21 0.00
52.22 0.00
52.23 0.00
52.24 0.00
52.25 0.00
52.26 0.00
52.27 0.00
52.28 0.00
52.29 0.00
52.30 0.00
52.31 0.00
52.32 0.00
52.33 0.00
52.34 0.00
52.35 0.00
52.36 0.00
52.37 0.00
52.38 0.00
52.39 0.00
52.40 0.00
52.41 0.00
52.42 0.00
52.43 0.00
52.44 0.00
52.45 0.00
52.46 193.92
52.47 193.92
52.48 193.92
52.49 193.92
52.50 193.92
52.51 193.92
52.52 193.92
52.53 193.92
52.54 193.92
52.55 193.92
52.56 193.92
52.57 193.92
52.58 219.94
52.59 219.94
52.60 219.94
52.61 219.94
52.62 219.94
52.63 219.94
52.64 219.94
52.65 219.94
52.66 219.94
52.67 219.94
52.68 219.94
52.69 219.94
52.70 219.94
52.71 219.94
52.72 219.94
52.73 219.94
52.74 219.94
52.75 219.94
52.76 219.94
52.77 219.94
52.78 219.94
52.79 219.94
52.80 219.94
52.81 219.94
52.82 219.94
52.83 219.94
52.84 219.94
52.85 219.94
52.86 219.94
52.87 219.94
52.88 219.94
52.89 219.94
52.90 219.94
52.91 219.94
52.92 219.94
52.93 219.94
52.94 219.94
52.95 219.94
52.96 219.94
52.97 219.94
52.98 219.94
52.99 219.94
53.00 219.94
53.01 219.94
53.02 219.94
53.03 219.94
53.04 219.94
53.05 219.94
53.06 219.94
53.07 219.94
53.08 219.94
53.09 219.94
53.10 219.94
53.11 219.94
53.12 219.94
53.13 219.94
53.14 219.94
53.15 219.94
53.16 219.94
53.17 219.94
53.18 -1.00
53.19 -1.00
53.20 -1.00
53.21 -1.00
53.22 -1.00
53.23 241.50
53.24 241.50
53.25 241.50
53.26 241.50
53.27 241.50
53.28 241.50
53.29 241.50
53.30 241.50
53.31 241.50
53.32 241.50
53.33 241.50
53.34 241.50
53.35 241.50
53.36 241.50
53.37 241.50
53.38 241.50
53.39 241.50
53.40 241.50
53.41 241.50
53.42 241.50
53.43 241.50
53.44 241.50
53.45 241.50
53.46 241.50
53.47 241.50
53.48 241.50
53.49 241.50
53.50 241.50
53.51 241.50
53.52 241.50
53.53 241.50
53.54 241.50
53.55 241.50
53.56 241.50
53.57 241.50
53.58 241.50
53.59 241.50
53.60 241.50
53.61 241.50
53.62 241.50
53.63 241.50
53.64 241.50
53.65 241.50
53.66 241.50
53.67 241.50
53.68 241.50
53.69 241.50
53.70 241.50
53.71 241.50
53.72 241.50
53.73 241.50
53.74 241.50
53.75 241.50
53.76 241.50
53.77 241.50
53.78 -1.00
53.79 -1.00
53.80 -1.00
53.81 -1.00
53.82 -1.00
53.83 -1.00
53.84 -1.00
53.85 -1.00
53.86 262.60
53.87 262.60
53.88 262.60
53.89 262.60
53.90 262.60
53.91 262.60
53.92 262.60
53.93 262.60
53.94 262.60
53.95 262.60
53.96 262.60
53.97 262.60
53.98 262.60
53.99 262.60
54.00 262.60
54.01 262.60
54.02 262.60
54.03 262.60
54.04 262.60
54.05 262.60
54.06 262.60
54.07 262.60
54.08 262.60
54.09 262.60
54.10 262.60
54.11 262.60
54.12 262.60
54.13 262.60
54.14 262.60
54.15 262.60
54.16 262.60
54.17 262.60
54.18 262.60
54.19 262.60
54.20 262.60
54.21 262.60
54.22 262.60
54.23 262.60
54.24 262.60
54.25 262.60
54.26 262.60
54.27 262.60
54.28 262.60
54.29 262.60
54.30 262.60
54.31 262.60
54.32 262.60
54.33 262.60
54.34 262.60
54.35 262.60
54.36 262.60
54.37 262.60
54.38 262.60
54.39 262.60
54.40 262.60
54.41 262.60
54.42 262.60
54.43 262.60
54.44 262.60
54.45 262.60
54.46 262.60
54.47 262.60
54.48 262.60
54.49 262.60
54.50 262.60
54.51 262.60
54.52 262.60
54.53 262.60
54.54 262.60
54.55 262.60
54.56 262.60
54.57 262.60
54.58 262.60
54.59 262.60
54.60 262.60
54.61 262.60
54.62 262.60
54.63 262.60
54.64 262.60
54.65 262.60
54.66 262.60
54.67 262.60
54.68 262.60
54.69 262.60
54.70 262.60
54.71 262.60
54.72 262.60
54.73 262.60
54.74 262.60
54.75 262.60
54.76 262.60
54.77 262.60
54.78 262.60
54.79 262.60
54.80 262.60
54.81 262.60
54.82 262.60
54.83 262.60
54.84 262.60
54.85 262.60
54.86 262.60
54.87 262.60
54.88 262.60
54.89 262.60
54.90 262.60
54.91 262.60
54.92 262.60
54.93 262.60
54.94 262.60
54.95 262.60
54.96 262.60
54.97 262.60
54.98 262.60
54.99 262.60
55.00 262.60
55.01 262.60
55.02 262.60
55.03 262.60
55.04 262.60
55.05 262.60
55.06 262.60
55.07 262.60
55.08 262.60
55.09 262.60
55.10 262.60
55.11 262.60
55.12 262.60
55.13 262.60
55.14 262.60
55.15 262.60
55.16 262.60
55.17 262.60
55.18 262.60
55.19 262.60
55.20 262.60
55.21 262.60
55.22 262.60
55.23 262.60
55.24 262.60
55.25 262.60
55.26 262.60
55.27 262.60
55.28 262.60
55.29 262.60
55.30 262.60
55.31 262.60
55.32 262.60
55.33 262.60
55.34 262.60
55.35 262.60
55.36 262.60
55.37 262.60
55.38 262.60
55.39 262.60
55.40 262.60
55.41 262.60
55.42 262.60
55.43 262.60
55.44 262.60
55.45 262.60
55.46 262.60
55.47 262.60
55.48 262.60
55.49 262.60
55.50 262.60
55.51 262.60
55.52 262.60
55.53 262.60
55.54 262.60
55.55 262.60
55.56 262.60
55.57 262.60
55.58 262.60
55.59 262.60
55.60 262.60
55.61 262.60
55.62 262.60
55.63 262.60
55.64 262.60
55.65 262.60
55.66 262.60
55.67 262.60
55.68 262.60
55.69 262.60
55.70 262.60
55.71 262.60
55.72 262.60
55.73 262.60
55.74 262.60
55.75 262.60
55.76 262.60
55.77 262.60
55.78 262.60
55.79 262.60
55.80 262.60
55.81 262.60
55.82 262.60
55.83 262.60
55.84 262.60
55.85 262.60
55.86 262.60
55.87 262.60
55.88 262.60
55.89 262.60
55.90 262.60
55.91 262.60
55.92 262.60
55.93 262.60
55.94 262.60
55.95 262.60
55.96 262.60
55.97 262.60
55.98 262.60
55.99 262.60
56.00 262.60
56.01 262.60
56.02 262.60
56.03 262.60
56.04 262.60
56.05 262.60
56.06 262.60
56.07 262.60
56.08 262.60
56.09 262.60
56.10 262.60
56.11 262.60
56.12 262.60
56.13 262.60
56.14 262.60
56.15 262.60
56.16 262.60
56.17 262.60
56.18 262.60
56.19 262.60
56.20 262.60
56.21 262.60
56.22 262.60
56.23 262.60
56.24 262.60
56.25 262.60
56.26 262.60
56.27 262.60
56.28 262.60
56.29 262.60
56.30 262.60
56.31 262.60
56.32 262.60
56.33 262.60
56.34 262.60
56.35 262.60
56.36 262.60
56.37 262.60
56.38 262.60
56.39 262.60
56.40 262.60
56.41 262.60
56.42 262.60
56.43 262.60
56.44 262.60
56.45 262.60
56.46 262.60
56.47 262.60
56.48 262.60
56.49 262.60
56.50 262.60
56.51 262.60
56.52 262.60
56.53 262.60
56.54 262.60
56.55 262.60
56.56 262.60
56.57 262.60
56.58 262.60
56.59 262.60
56.60 262.60
56.61 262.60
56.62 262.60
56.63 262.60
56.64 262.60
56.65 262.60
56.66 262.60
56.67 262.60
56.68 262.60
56.69 0.00
56.70 0.00
56.71 0.00
56.72 0.00
56.73 0.00
56.74 0.00
56.75 0.00
56.76 0.00
56.77 0.00
56.78 0.00
56.79 0.00
56.80 0.00
56.81 0.00
56.82 0.00
56.83 0.00
56.84 0.00
56.85 0.00
56.86 0.00
56.87 0.00
56.88 0.00
56.89 0.00
56.90 0.00
56.91 0.00
56.92 0.00
56.93 0.00
56.94 0.00
56.95 0.00
56.96 0.00
56.97 0.00
56.98 0.00
56.99 0.00
57.00 0.00
57.01 0.00
57.02 0.00
57.03 0.00
57.04 0.00
57.05 0.00
57.06 0.00
57.07 0.00
57.08 0.00
57.09 0.00
57.10 0.00
57.11 0.00
57.12 0.00
57.13 0.00
57.14 0.00
57.15 0.00
57.16 0.00
57.17 0.00
57.18 0.00
57.19 0.00
57.20 0.00
57.21 0.00
57.22 0.00
57.23 0.00
57.24 0.00
57.25 0.00
57.26 0.00
57.27 0.00
57.28 0.00
57.29 0.00
57.30 0.00
57.31 0.00
57.32 0.00
57.33 0.00
57.34 0.00
57.35 0.00
57.36 0.00
57.37 0.00
57.38 0.00
57.39 0.00
57.40 0.00
57.41 0.00
57.42 0.00
57.43 0.00
57.44 0.00
57.45 0.00
57.46 0.00
57.47 0.00
57.48 0.00
57.49 0.00
57.50 0.00
57.51 0.00
57.52 0.00
57.53 0.00
57.54 0.00
57.55 0.00
57.56 0.00
57.57 0.00
57.58 0.00
57.59 0.00
57.60 0.00
57.61 0.00
57.62 0.00
57.63 0.00
57.64 0.00
57.65 0.00
57.66 0.00
57.67 0.00
57.68 0.00
57.69 0.00
57.70 0.00
57.71 0.00
57.72 0.00
57.73 0.00
57.74 0.00
57.75 0.00
57.76 0.00
57.77 0.00
57.78 0.00
57.79 0.00
57.80 0.00
57.81 0.00
57.82 0.00
57.83 0.00
57.84 0.00
57.85 0.00
57.86 0.00
57.87 0.00
57.88 0.00
57.89 0.00
57.90 0.00
57.91 0.00
57.92 0.00
57.93 0.00
57.94 0.00
57.95 0.00
57.96 0.00
57.97 0.00
57.98 0.00
57.99 0.00
58.00 0.00
58.01 0.00
58.02 0.00
58.03 0.00
58.04 0.00
58.05 0.00
58.06 0.00
58.07 0.00
58.08 0.00
58.09 0.00
58.10 0.00
58.11 0.00
58.12 0.00
58.13 0.00
58.14 0.00
58.15 0.00
58.16 0.00
58.17 0.00
58.18 0.00
58.19 0.00
58.20 0.00
58.21 0.00
58.22 0.00
58.23 0.00
58.24 0.00
58.25 0.00
58.26 0.00
58.27 0.00
58.28 0.00
58.29 0.00
58.30 0.00
58.31 0.00
58.32 0.00
58.33 0.00
58.34 0.00
58.35 0.00
58.36 0.00
58.37 0.00
58.38 0.00
58.39 0.00
58.40 0.00
58.41 0.00
58.42 0.00
58.43 0.00
58.44 0.00
58.45 0.00
58.46 0.00
58.47 0.00
58.48 0.00
58.49 0.00
58.50 0.00
58.51 0.00
58.52 0.00
58.53 0.00
58.54 0.00
58.55 0.00
58.56 0.00
58.57 0.00
58.58 0.00
58.59 0.00
58.60 0.00
58.61 0.00
58.62 0.00
58.63 0.00
58.64 0.00
58.65 0.00
58.66 0.00
58.67 0.00
58.68 0.00
58.69 0.00
58.70 0.00
58.71 0.00
58.72 0.00
58.73 0.00
58.74 0.00
58.75 0.00
58.76 0.00
58.77 0.00
58.78 0.00
58.79 0.00
58.80 0.00
58.81 0.00
58.82 0.00
58.83 0.00
58.84 0.00
58.85 0.00
58.86 0.00
58.87 0.00
58.88 0.00
58.89 0.00
58.90 0.00
58.91 0.00
58.92 0.00
58.93 0.00
58.94 0.00
58.95 0.00
58.96 0.00
58.97 0.00
58.98 0.00
58.99 0.00
59.00 0.00
59.01 0.00
59.02 0.00
59.03 0.00
59.04 0.00
59.05 0.00
59.06 0.00
59.07 0.00
59.08 0.00
59.09 0.00
59.10 0.00
59.11 0.00
59.12 0.00
59.13 0.00
59.14 0.00
59.15 0.00
59.16 0.00
59.17 0.00
59.18 0.00
59.19 0.00
59.20 0.00
59.21 0.00
59.22 0.00
59.23 0.00
59.24 0.00
59.25 0.00
59.26 0.00
59.27 0.00
59.28 0.00
59.29 0.00
59.30 0.00
59.31 0.00
59.32 0.00
59.33 0.00
59.34 0.00
59.35 0.00
59.36 0.00
59.37 0.00
59.38 0.00
59.39 0.00
59.40 0.00
59.41 0.00
59.42 0.00
59.43 0.00
59.44 0.00
59.45 0.00
59.46 0.00
59.47 0.00
59.48 0.00
59.49 0.00
59.50 0.00
59.51 0.00
59.52 0.00
59.53 0.00
59.54 0.00
59.55 0.00
59.56 0.00
59.57 0.00
59.58 0.00
59.59 0.00
59.60 0.00
59.61 0.00
59.62 0.00
59.63 0.00
59.64 0.00
59.65 0.00
59.66 0.00
59.67 0.00
59.68 0.00
59.69 0.00
59.70 0.00
59.71 0.00
59.72 0.00
59.73 0.00
59.74 0.00
59.75 0.00
59.76 0.00
59.77 0.00
59.78 0.00
59.79 0.00
59.80 0.00
59.81 0.00
59.82 0.00
59.83 0.00
59.84 0.00
59.85 0.00
59.86 0.00
59.87 0.00
59.88 0.00
59.89 0.00
59.90 0.00
59.91 0.00
59.92 0.00
59.93 0.00
59.94 0.00
59.95 0.00
59.96 0.00
59.97 0.00
59.98 0.00
59.99 0.00
60.00 0.00
60.01 0.00
60.02 0.00
60.03 0.00
60.04 0.00
60.05 0.00
60.06 0.00
60.07 0.00
60.08 0.00
60.09 0.00
60.10 0.00
60.11 0.00
60.12 0.00
60.13 0.00
60.14 0.00
60.15 0.00
60.16 0.00
60.17 0.00
60.18 0.00
60.19 0.00
60.20 0.00
60.21 0.00
60.22 0.00
60.23 0.00
60.24 0.00
60.25 0.00
60.26 0.00
60.27 0.00
60.28 0.00
60.29 0.00
60.30 0.00
60.31 0.00
