0.00 0.00
0.01 0.00
0.02 0.00
0.03 0.00
0.04 0.00
0.05 0.00
0.06 0.00
0.07 0.00
0.08 0.00
0.09 0.00
0.10 0.00
0.11 0.00
0.12 0.00
0.13 0.00
0.14 0.00
0.15 0.00
0.16 0.00
0.17 0.00
0.18 0.00
0.19 0.00
0.20 0.00
0.21 0.00
0.22 0.00
0.23 0.00
0.24 0.00
0.25 0.00
0.26 0.00
0.27 0.00
0.28 0.00
0.29 0.00
0.30 0.00
0.31 0.00
0.32 0.00
0.33 0.00
0.34 128.36
0.35 141.11
0.36 292.54
0.37 292.54
0.38 292.54
0.39 292.54
0.40 292.54
0.41 292.54
0.42 292.54
0.43 292.54
0.44 292.54
0.45 292.54
0.46 292.54
0.47 292.54
0.48 292.54
0.49 292.54
0.50 292.54
0.51 292.54
0.52 292.54
0.53 292.54
0.54 292.54
0.55 292.54
0.56 292.54
0.57 292.54
0.58 292.54
0.59 292.54
0.60 292.54
0.61 -1.00
0.62 -1.00
0.63 -1.00
0.64 -1.00
0.65 -1.00
0.66 -1.00
0.67 345.40
0.68 345.40
0.69 345.40
0.70 345.40
0.71 345.40
0.72 345.40
0.73 345.40
0.74 345.40
0.75 345.40
0.76 345.40
0.77 345.40
0.78 345.40
0.79 345.40
0.80 345.40
0.81 345.40
0.82 345.40
0.83 345.40
0.84 345.40
0.85 345.40
0.86 345.40
0.87 345.40
0.88 345.40
0.89 345.40
0.90 345.40
0.91 345.40
0.92 345.40
0.93 345.40
0.94 345.40
0.95 345.40
0.96 345.40
0.97 345.40
0.98 345.40
0.99 345.40
1.00 345.40
1.01 345.40
1.02 345.40
1.03 345.40
1.04 345.40
1.05 345.40
1.06 345.40
1.07 345.40
1.08 345.40
1.09 345.40
1.10 345.40
1.11 345.40
1.12 345.40
1.13 345.40
1.14 345.40
1.15 345.40
1.16 345.40
1.17 345.40
1.18 345.40
1.19 345.40
1.20 345.40
1.21 345.40
1.22 345.40
1.23 345.40
1.24 345.40
1.25 345.40
1.26 345.40
1.27 345.40
1.28 345.40
1.29 345.40
1.30 345.40
1.31 345.40
1.32 345.40
1.33 345.40
1.34 345.40
1.35 345.40
1.36 345.40
1.37 345.40
1.38 345.40
1.39 345.40
1.40 345.40
1.41 345.40
1.42 345.40
1.43 345.40
1.44 345.40
1.45 345.40
1.46 345.40
1.47 345.40
1.48 345.40
1.49 345.40
1.50 345.40
1.51 345.40
1.52 345.40
1.53 345.40
1.54 345.40
1.55 345.40
1.56 345.40
1.57 345.40
1.58 345.40
1.59 345.40
1.60 345.40
1.61 345.40
1.62 345.40
1.63 345.40
1.64 345.40
1.65 345.40
1.66 345.40
1.67 345.40
1.68 345.40
1.69 156.81
1.70 143.30
1.71 274.85
1.72 274.85
1.73 274.85
1.74 274.85
1.75 274.85
1.76 274.85
1.77 274.85
1.78 274.85
1.79 274.85
1.80 274.85
1.81 274.85
1.82 274.85
1.83 274.85
1.84 274.85
1.85 274.85
1.86 274.85
1.87 274.85
1.88 274.85
1.89 274.85
1.90 274.85
1.91 274.85
1.92 274.85
1.93 274.85
1.94 274.85
1.95 274.85
1.96 274.85
1.97 274.85
1.98 274.85
1.99 274.85
2.00 274.85
2.01 274.85
2.02 274.85
2.03 274.85
2.04 274.85
2.05 274.85
2.06 274.85
2.07 274.85
2.08 274.85
2.09 274.85
2.10 274.85
2.11 274.85
2.12 274.85
2.13 274.85
2.14 274.85
2.15 274.85
2.16 274.85
2.17 274.85
2.18 274.85
2.19 274.85
2.20 274.85
2.21 274.85
2.22 274.85
2.23 274.85
2.24 274.85
2.25 274.85
2.26 274.85
2.27 274.85
2.28 274.85
2.29 274.85
2.30 274.85
2.31 274.85
2.32 274.85
2.33 274.85
2.34 274.85
2.35 274.85
2.36 274.85
2.37 274.85
2.38 274.85
2.39 274.85
2.40 274.85
2.41 274.85
2.42 274.85
2.43 274.85
2.44 274.85
2.45 274.85
2.46 274.85
2.47 274.85
2.48 274.85
2.49 274.85
2.50 274.85
2.51 274.85
2.52 274.85
2.53 274.85
2.54 274.85
2.55 274.85
2.56 274.85
2.57 274.85
2.58 274.85
2.59 274.85
2.60 274.85
2.61 274.85
2.62 274.85
2.63 274.85
2.64 274.85
2.65 274.85
2.66 274.85
2.67 274.85
2.68 274.85
2.69 274.85
2.70 274.85
2.71 274.85
2.72 274.85
2.73 274.85
2.74 274.85
2.75 274.85
2.76 274.85
2.77 274.85
2.78 274.85
2.79 274.85
2.80 274.85
2.81 274.85
2.82 274.85
2.83 274.85
2.84 274.85
2.85 274.85
2.86 274.85
2.87 274.85
2.88 274.85
2.89 274.85
2.90 274.85
2.91 274.85
2.92 274.85
2.93 274.85
2.94 274.85
2.95 274.85
2.96 274.85
2.97 274.85
2.98 274.85
2.99 274.85
3.00 274.85
3.01 274.85
3.02 274.85
3.03 274.85
3.04 274.85
3.05 274.85
3.06 274.85
3.07 274.85
3.08 274.85
3.09 274.85
3.10 274.85
3.11 274.85
3.12 274.85
3.13 274.85
3.14 274.85
3.15 274.85
3.16 274.85
3.17 274.85
3.18 274.85
3.19 274.85
3.20 274.85
3.21 0.00
3.22 0.00
3.23 0.00
3.24 0.00
3.25 0.00
3.26 0.00
3.27 0.00
3.28 0.00
3.29 0.00
3.30 0.00
3.31 0.00
3.32 0.00
3.33 0.00
3.34 0.00
3.35 0.00
3.36 0.00
3.37 0.00
3.38 277.95
3.39 277.95
3.40 277.95
3.41 277.95
3.42 277.95
3.43 277.95
3.44 277.95
3.45 277.95
3.46 277.95
3.47 277.95
3.48 277.95
3.49 277.95
3.50 277.95
3.51 277.95
3.52 277.95
3.53 277.95
3.54 277.95
3.55 277.95
3.56 277.95
3.57 277.95
3.58 277.95
3.59 277.95
3.60 277.95
3.61 277.95
3.62 277.95
3.63 277.95
3.64 277.95
3.65 277.95
3.66 277.95
3.67 277.95
3.68 277.95
3.69 277.95
3.70 277.95
3.71 277.95
3.72 277.95
3.73 277.95
3.74 277.95
3.75 277.95
3.76 277.95
3.77 277.95
3.78 277.95
3.79 277.95
3.80 277.95
3.81 277.95
3.82 277.95
3.83 277.95
3.84 277.95
3.85 277.95
3.86 277.95
3.87 277.95
3.88 277.95
3.89 277.95
3.90 277.95
3.91 277.95
3.92 277.95
3.93 277.95
3.94 277.95
3.95 277.95
3.96 277.95
3.97 277.95
3.98 277.95
3.99 277.95
4.00 277.95
4.01 277.95
4.02 277.95
4.03 277.95
4.04 277.95
4.05 277.95
4.06 277.95
4.07 277.95
4.08 0.00
4.09 0.00
4.10 0.00
4.11 0.00
4.12 0.00
4.13 0.00
4.14 0.00
4.15 0.00
4.16 0.00
4.17 0.00
4.18 0.00
4.19 0.00
4.20 0.00
4.21 0.00
4.22 0.00
4.23 0.00
4.24 0.00
4.25 0.00
4.26 0.00
4.27 0.00
4.28 0.00
4.29 0.00
4.30 0.00
4.31 0.00
4.32 278.14
4.33 278.14
4.34 278.14
4.35 278.14
4.36 278.14
4.37 278.14
4.38 278.14
4.39 278.14
4.40 278.14
4.41 278.14
4.42 278.14
4.43 278.14
4.44 278.14
4.45 278.14
4.46 278.14
4.47 278.14
4.48 278.14
4.49 278.14
4.50 278.14
4.51 278.14
4.52 278.14
4.53 278.14
4.54 278.14
4.55 278.14
4.56 278.14
4.57 278.14
4.58 278.14
4.59 278.14
4.60 278.14
4.61 278.14
4.62 0.00
4.63 0.00
4.64 0.00
4.65 0.00
4.66 0.00
4.67 0.00
4.68 0.00
4.69 0.00
4.70 278.80
4.71 278.80
4.72 278.80
4.73 278.80
4.74 278.80
4.75 278.80
4.76 278.80
4.77 278.80
4.78 278.80
4.79 278.80
4.80 278.80
4.81 278.80
4.82 278.80
4.83 278.80
4.84 278.80
4.85 278.80
4.86 278.80
4.87 278.80
4.88 278.80
4.89 278.80
4.90 278.80
4.91 278.80
4.92 278.80
4.93 278.80
4.94 278.80
4.95 278.80
4.96 278.80
4.97 278.80
4.98 278.80
4.99 278.80
5.00 278.80
5.01 278.80
5.02 278.80
5.03 278.80
5.04 278.80
5.05 278.80
5.06 278.80
5.07 278.80
5.08 278.80
5.09 278.80
5.10 278.80
5.11 278.80
5.12 278.80
5.13 278.80
5.14 278.80
5.15 278.80
5.16 278.80
5.17 278.80
5.18 278.80
5.19 278.80
5.20 278.80
5.21 278.80
5.22 278.80
5.23 278.80
5.24 278.80
5.25 278.80
5.26 278.80
5.27 278.80
5.28 278.80
5.29 278.80
5.30 278.80
5.31 278.80
5.32 278.80
5.33 278.80
5.34 278.80
5.35 278.80
5.36 278.80
5.37 278.80
5.38 278.80
5.39 278.80
5.40 278.80
5.41 278.80
5.42 278.80
5.43 278.80
5.44 278.80
5.45 278.80
5.46 278.80
5.47 278.80
5.48 278.80
5.49 -1.00
5.50 -1.00
5.51 -1.00
5.52 -1.00
5.53 251.92
5.54 251.92
5.55 251.92
5.56 251.92
5.57 251.92
5.58 251.92
5.59 251.92
5.60 251.92
5.61 251.92
5.62 251.92
5.63 251.92
5.64 251.92
5.65 251.92
5.66 251.92
5.67 251.92
5.68 251.92
5.69 251.92
5.70 251.92
5.71 251.92
5.72 251.92
5.73 251.92
5.74 251.92
5.75 251.92
5.76 251.92
5.77 251.92
5.78 251.92
5.79 251.92
5.80 251.92
5.81 251.92
5.82 251.92
5.83 251.92
5.84 251.92
5.85 251.92
5.86 251.92
5.87 117.06
5.88 113.18
5.89 227.55
5.90 227.55
5.91 227.55
5.92 227.55
5.93 227.55
5.94 227.55
5.95 227.55
5.96 227.55
5.97 227.55
5.98 227.55
5.99 227.55
6.00 227.55
6.01 227.55
6.02 227.55
6.03 227.55
6.04 227.55
6.05 227.55
6.06 227.55
6.07 227.55
6.08 227.55
6.09 227.55
6.10 227.55
6.11 227.55
6.12 227.55
6.13 227.55
6.14 227.55
6.15 227.55
6.16 227.55
6.17 227.55
6.18 227.55
6.19 227.55
6.20 227.55
6.21 227.55
6.22 227.55
6.23 227.55
6.24 227.55
6.25 227.55
6.26 227.55
6.27 227.55
6.28 227.55
6.29 227.55
6.30 227.55
6.31 227.55
6.32 227.55
6.33 227.55
6.34 227.55
6.35 227.55
6.36 227.55
6.37 227.55
6.38 227.55
6.39 227.55
6.40 227.55
6.41 227.55
6.42 227.55
6.43 227.55
6.44 227.55
6.45 227.55
6.46 227.55
6.47 227.55
6.48 227.55
6.49 227.55
6.50 227.55
6.51 227.55
6.52 227.55
6.53 227.55
6.54 227.55
6.55 227.55
6.56 227.55
6.57 227.55
6.58 227.55
6.59 227.55
6.60 227.55
6.61 227.55
6.62 227.55
6.63 227.55
6.64 227.55
6.65 227.55
6.66 227.55
6.67 227.55
6.68 227.55
6.69 227.55
6.70 227.55
6.71 248.94
6.72 248.94
6.73 248.94
6.74 248.94
6.75 248.94
6.76 248.94
6.77 248.94
6.78 248.94
6.79 248.94
6.80 248.94
6.81 248.94
6.82 248.94
6.83 248.94
6.84 248.94
6.85 248.94
6.86 248.94
6.87 248.94
6.88 248.94
6.89 248.94
6.90 248.94
6.91 248.94
6.92 248.94
6.93 248.94
6.94 248.94
6.95 248.94
6.96 248.94
6.97 248.94
6.98 248.94
6.99 248.94
7.00 248.94
7.01 248.94
7.02 248.94
7.03 248.94
7.04 248.94
7.05 248.94
7.06 248.94
7.07 248.94
7.08 248.94
7.09 248.94
7.10 248.94
7.11 248.94
7.12 248.94
7.13 248.94
7.14 248.94
7.15 248.94
7.16 248.94
7.17 248.94
7.18 248.94
7.19 248.94
7.20 248.94
7.21 248.94
7.22 248.94
7.23 248.94
7.24 248.94
7.25 248.94
7.26 248.94
7.27 248.94
7.28 248.94
7.29 248.94
7.30 248.94
7.31 248.94
7.32 248.94
7.33 248.94
7.34 248.94
7.35 248.94
7.36 248.94
7.37 248.94
7.38 248.94
7.39 248.94
7.40 248.94
7.41 248.94
7.42 248.94
7.43 248.94
7.44 248.94
7.45 248.94
7.46 248.94
7.47 248.94
7.48 248.94
7.49 248.94
7.50 248.94
7.51 248.94
7.52 248.94
7.53 248.94
7.54 248.94
7.55 248.94
7.56 115.97
7.57 112.93
7.58 108.39
7.59 103.53
7.60 97.96
7.61 91.00
7.62 81.86
7.63 75.95
7.64 0.00
7.65 0.00
7.66 0.00
7.67 0.00
7.68 0.00
7.69 0.00
7.70 0.00
7.71 0.00
7.72 0.00
7.73 0.00
7.74 0.00
7.75 0.00
7.76 0.00
7.77 0.00
7.78 0.00
7.79 0.00
7.80 0.00
7.81 0.00
7.82 0.00
7.83 0.00
7.84 0.00
7.85 0.00
7.86 0.00
7.87 0.00
7.88 0.00
7.89 0.00
7.90 0.00
7.91 0.00
7.92 0.00
7.93 0.00
7.94 0.00
7.95 0.00
7.96 0.00
7.97 0.00
7.98 0.00
7.99 0.00
8.00 0.00
8.01 0.00
8.02 0.00
8.03 0.00
8.04 0.00
8.05 0.00
8.06 0.00
8.07 0.00
8.08 0.00
8.09 0.00
8.10 0.00
8.11 0.00
8.12 0.00
8.13 0.00
8.14 0.00
8.15 0.00
8.16 0.00
8.17 0.00
8.18 230.76
8.19 230.76
8.20 230.76
8.21 230.76
8.22 230.76
8.23 230.76
8.24 230.76
8.25 230.76
8.26 230.76
8.27 128.10
8.28 135.76
8.29 143.26
8.30 145.64
8.31 149.27
8.32 153.56
8.33 333.63
8.34 333.63
8.35 333.63
8.36 333.63
8.37 333.63
8.38 333.63
8.39 333.63
8.40 333.63
8.41 333.63
8.42 333.63
8.43 333.63
8.44 333.63
8.45 333.63
8.46 333.63
8.47 333.63
8.48 333.63
8.49 333.63
8.50 333.63
8.51 333.63
8.52 333.63
8.53 333.63
8.54 333.63
8.55 333.63
8.56 333.63
8.57 333.63
8.58 333.63
8.59 333.63
8.60 333.63
8.61 333.63
8.62 333.63
8.63 333.63
8.64 333.63
8.65 333.63
8.66 333.63
8.67 333.63
8.68 333.63
8.69 333.63
8.70 333.63
8.71 333.63
8.72 333.63
8.73 333.63
8.74 333.63
8.75 333.63
8.76 333.63
8.77 333.63
8.78 333.63
8.79 333.63
8.80 333.63
8.81 333.63
8.82 333.63
8.83 333.63
8.84 333.63
8.85 333.63
8.86 333.63
8.87 333.63
8.88 333.63
8.89 333.63
8.90 333.63
8.91 333.63
8.92 333.63
8.93 333.63
8.94 333.63
8.95 333.63
8.96 333.63
8.97 333.63
8.98 333.63
8.99 333.63
9.00 333.63
9.01 333.63
9.02 333.63
9.03 333.63
9.04 333.63
9.05 333.63
9.06 333.63
9.07 150.83
9.08 278.76
9.09 278.76
9.10 278.76
9.11 278.76
9.12 278.76
9.13 278.76
9.14 278.76
9.15 278.76
9.16 278.76
9.17 278.76
9.18 278.76
9.19 278.76
9.20 278.76
9.21 278.76
9.22 278.76
9.23 278.76
9.24 278.76
9.25 278.76
9.26 278.76
9.27 278.76
9.28 278.76
9.29 278.76
9.30 278.76
9.31 278.76
9.32 278.76
9.33 278.76
9.34 278.76
9.35 278.76
9.36 278.76
9.37 278.76
9.38 278.76
9.39 278.76
9.40 278.76
9.41 278.76
9.42 278.76
9.43 278.76
9.44 278.76
9.45 278.76
9.46 278.76
9.47 278.76
9.48 278.76
9.49 278.76
9.50 278.76
9.51 278.76
9.52 278.76
9.53 0.00
9.54 0.00
9.55 0.00
9.56 0.00
9.57 0.00
9.58 282.50
9.59 282.50
9.60 282.50
9.61 282.50
9.62 282.50
9.63 282.50
9.64 282.50
9.65 282.50
9.66 282.50
9.67 282.50
9.68 282.50
9.69 282.50
9.70 282.50
9.71 282.50
9.72 282.50
9.73 282.50
9.74 0.00
9.75 279.05
9.76 279.05
9.77 279.05
9.78 279.05
9.79 279.05
9.80 279.05
9.81 279.05
9.82 279.05
9.83 250.31
9.84 250.31
9.85 250.31
9.86 250.31
9.87 250.31
9.88 250.31
9.89 250.31
9.90 250.31
9.91 250.31
9.92 250.31
9.93 250.31
9.94 250.31
9.95 250.31
9.96 250.31
9.97 250.31
9.98 250.31
9.99 250.31
10.00 250.31
10.01 250.31
10.02 250.31
10.03 250.31
10.04 250.31
10.05 250.31
10.06 250.31
10.07 250.31
10.08 250.31
10.09 250.31
10.10 250.31
10.11 250.31
10.12 0.00
10.13 0.00
10.14 0.00
10.15 0.00
10.16 0.00
10.17 0.00
10.18 0.00
10.19 0.00
10.20 228.96
10.21 228.96
10.22 228.96
10.23 228.96
10.24 228.96
10.25 228.96
10.26 228.96
10.27 228.96
10.28 228.96
10.29 228.96
10.30 228.96
10.31 228.96
10.32 228.96
10.33 228.96
10.34 228.96
10.35 228.96
10.36 228.96
10.37 228.96
10.38 228.96
10.39 228.96
10.40 228.96
10.41 228.96
10.42 228.96
10.43 228.96
10.44 228.96
10.45 228.96
10.46 228.96
10.47 228.96
10.48 228.96
10.49 228.96
10.50 228.96
10.51 0.00
10.52 0.00
10.53 0.00
10.54 0.00
10.55 0.00
10.56 0.00
10.57 0.00
10.58 0.00
10.59 0.00
10.60 0.00
10.61 0.00
10.62 0.00
10.63 0.00
10.64 0.00
10.65 0.00
10.66 0.00
10.67 0.00
10.68 0.00
10.69 0.00
10.70 0.00
10.71 0.00
10.72 0.00
10.73 0.00
10.74 0.00
10.75 0.00
10.76 0.00
10.77 0.00
10.78 0.00
10.79 0.00
10.80 0.00
10.81 0.00
10.82 0.00
10.83 0.00
10.84 0.00
10.85 0.00
10.86 0.00
10.87 0.00
10.88 0.00
10.89 0.00
10.90 0.00
10.91 0.00
10.92 0.00
10.93 0.00
10.94 0.00
10.95 0.00
10.96 0.00
10.97 0.00
10.98 0.00
10.99 0.00
11.00 0.00
11.01 0.00
11.02 0.00
11.03 0.00
11.04 0.00
11.05 0.00
11.06 0.00
11.07 0.00
11.08 0.00
11.09 0.00
11.10 0.00
11.11 0.00
11.12 0.00
11.13 0.00
11.14 0.00
11.15 0.00
11.16 0.00
11.17 0.00
11.18 0.00
11.19 0.00
11.20 0.00
11.21 0.00
11.22 0.00
11.23 0.00
11.24 0.00
11.25 0.00
11.26 0.00
11.27 0.00
11.28 0.00
11.29 0.00
11.30 219.10
11.31 219.10
11.32 219.10
11.33 219.10
11.34 219.10
11.35 219.10
11.36 219.10
11.37 219.10
11.38 219.10
11.39 219.10
11.40 219.10
11.41 219.10
11.42 219.10
11.43 219.10
11.44 219.10
11.45 219.10
11.46 219.10
11.47 219.10
11.48 219.10
11.49 219.10
11.50 219.10
11.51 219.10
11.52 219.10
11.53 219.10
11.54 219.10
11.55 219.10
11.56 219.10
11.57 219.10
11.58 219.10
11.59 219.10
11.60 219.10
11.61 219.10
11.62 0.00
11.63 0.00
11.64 0.00
11.65 0.00
11.66 0.00
11.67 0.00
11.68 0.00
11.69 0.00
11.70 0.00
11.71 0.00
11.72 0.00
11.73 0.00
11.74 0.00
11.75 0.00
11.76 0.00
11.77 0.00
11.78 0.00
11.79 0.00
11.80 0.00
11.81 0.00
11.82 0.00
11.83 0.00
11.84 230.21
11.85 230.21
11.86 230.21
11.87 230.21
11.88 230.21
11.89 230.21
11.90 230.21
11.91 230.21
11.92 230.21
11.93 230.21
11.94 230.21
11.95 230.21
11.96 230.21
11.97 230.21
11.98 230.21
11.99 230.21
12.00 230.21
12.01 230.21
12.02 230.21
12.03 230.21
12.04 230.21
12.05 230.21
12.06 230.21
12.07 230.21
12.08 230.21
12.09 230.21
12.10 230.21
12.11 230.21
12.12 230.21
12.13 230.21
12.14 230.21
12.15 230.21
12.16 230.21
12.17 230.21
12.18 230.21
12.19 230.21
12.20 230.21
12.21 230.21
12.22 230.21
12.23 230.21
12.24 230.21
12.25 230.21
12.26 230.21
12.27 230.21
12.28 230.21
12.29 230.21
12.30 230.21
12.31 230.21
12.32 230.21
12.33 230.21
12.34 230.21
12.35 230.21
12.36 230.21
12.37 230.21
12.38 230.21
12.39 230.21
12.40 230.21
12.41 230.21
12.42 230.21
12.43 230.21
12.44 253.07
12.45 253.07
12.46 253.07
12.47 253.07
12.48 253.07
12.49 253.07
12.50 253.07
12.51 253.07
12.52 253.07
12.53 253.07
12.54 253.07
12.55 253.07
12.56 253.07
12.57 253.07
12.58 253.07
12.59 253.07
12.60 253.07
12.61 253.07
12.62 253.07
12.63 253.07
12.64 253.07
12.65 253.07
12.66 253.07
12.67 253.07
12.68 253.07
12.69 253.07
12.70 253.07
12.71 253.07
12.72 253.07
12.73 253.07
12.74 253.07
12.75 -1.00
12.76 -1.00
12.77 -1.00
12.78 -1.00
12.79 -1.00
12.80 -1.00
12.81 209.54
12.82 209.54
12.83 209.54
12.84 209.54
12.85 209.54
12.86 209.54
12.87 209.54
12.88 209.54
12.89 209.54
12.90 209.54
12.91 209.54
12.92 209.54
12.93 209.54
12.94 209.54
12.95 209.54
12.96 209.54
12.97 209.54
12.98 209.54
12.99 209.54
13.00 209.54
13.01 209.54
13.02 209.54
13.03 209.54
13.04 209.54
13.05 209.54
13.06 209.54
13.07 96.65
13.08 188.83
13.09 188.83
13.10 188.83
13.11 188.83
13.12 188.83
13.13 188.83
13.14 188.83
13.15 188.83
13.16 188.83
13.17 188.83
13.18 188.83
13.19 188.83
13.20 188.83
13.21 188.83
13.22 188.83
13.23 188.83
13.24 188.83
13.25 188.83
13.26 188.83
13.27 188.83
13.28 188.83
13.29 188.83
13.30 188.83
13.31 188.83
13.32 188.83
13.33 188.83
13.34 188.83
13.35 188.83
13.36 188.83
13.37 188.83
13.38 188.83
13.39 188.83
13.40 101.90
13.41 104.50
13.42 226.57
13.43 226.57
13.44 226.57
13.45 226.57
13.46 226.57
13.47 226.57
13.48 226.57
13.49 226.57
13.50 226.57
13.51 226.57
13.52 226.57
13.53 226.57
13.54 226.57
13.55 226.57
13.56 226.57
13.57 226.57
13.58 226.57
13.59 226.57
13.60 226.57
13.61 226.57
13.62 226.57
13.63 226.57
13.64 226.57
13.65 226.57
13.66 226.57
13.67 226.57
13.68 226.57
13.69 226.57
13.70 226.57
13.71 226.57
13.72 226.57
13.73 226.57
13.74 226.57
13.75 226.57
13.76 226.57
13.77 208.79
13.78 208.79
13.79 208.79
13.80 208.79
13.81 208.79
13.82 208.79
13.83 208.79
13.84 208.79
13.85 208.79
13.86 208.79
13.87 208.79
13.88 208.79
13.89 208.79
13.90 208.79
13.91 208.79
13.92 208.79
13.93 208.79
13.94 208.79
13.95 208.79
13.96 208.79
13.97 208.79
13.98 208.79
13.99 208.79
14.00 208.79
14.01 208.79
14.02 208.79
14.03 208.79
14.04 208.79
14.05 208.79
14.06 208.79
14.07 208.79
14.08 208.79
14.09 208.79
14.10 208.79
14.11 208.79
14.12 208.79
14.13 208.79
14.14 208.79
14.15 208.79
14.16 208.79
14.17 208.79
14.18 208.79
14.19 179.60
14.20 179.60
14.21 179.60
14.22 179.60
14.23 179.60
14.24 179.60
14.25 179.60
14.26 179.60
14.27 179.60
14.28 179.60
14.29 179.60
14.30 179.60
14.31 179.60
14.32 179.60
14.33 179.60
14.34 179.60
14.35 179.60
14.36 179.60
14.37 179.60
14.38 179.60
14.39 179.60
14.40 179.60
14.41 179.60
14.42 179.60
14.43 179.60
14.44 179.60
14.45 179.60
14.46 179.60
14.47 179.60
14.48 179.60
14.49 179.60
14.50 179.60
14.51 179.60
14.52 179.60
14.53 179.60
14.54 179.60
14.55 179.60
14.56 179.60
14.57 179.60
14.58 179.60
14.59 179.60
14.60 179.60
14.61 179.60
14.62 179.60
14.63 179.60
14.64 179.60
14.65 179.60
14.66 179.60
14.67 179.60
14.68 179.60
14.69 179.60
14.70 179.60
14.71 179.60
14.72 179.60
14.73 179.60
14.74 179.60
14.75 179.60
14.76 179.60
14.77 179.60
14.78 179.60
14.79 179.60
14.80 179.60
14.81 179.60
14.82 179.60
14.83 179.60
14.84 179.60
14.85 179.60
14.86 152.68
14.87 152.68
14.88 152.68
14.89 152.68
14.90 152.68
14.91 152.68
14.92 152.68
14.93 152.68
14.94 152.68
14.95 152.68
14.96 152.68
14.97 152.68
14.98 152.68
14.99 152.68
15.00 152.68
15.01 152.68
15.02 152.68
15.03 152.68
15.04 152.68
15.05 152.68
15.06 152.68
15.07 152.68
15.08 152.68
15.09 152.68
15.10 152.68
15.11 152.68
15.12 152.68
15.13 152.68
15.14 152.68
15.15 152.68
15.16 152.68
15.17 152.68
15.18 152.68
15.19 152.68
15.20 152.68
15.21 152.68
15.22 152.68
15.23 152.68
15.24 152.68
15.25 152.68
15.26 152.68
15.27 152.68
15.28 152.68
15.29 152.68
15.30 152.68
15.31 152.68
15.32 152.68
15.33 152.68
15.34 152.68
15.35 152.68
15.36 152.68
15.37 152.68
15.38 152.68
15.39 152.68
15.40 152.68
15.41 152.68
15.42 152.68
15.43 152.68
15.44 152.68
15.45 152.68
15.46 152.68
15.47 152.68
15.48 152.68
15.49 152.68
15.50 152.68
15.51 152.68
15.52 152.68
15.53 152.68
15.54 152.68
15.55 152.68
15.56 152.68
15.57 152.68
15.58 152.68
15.59 152.68
15.60 152.68
15.61 152.68
15.62 152.68
15.63 170.39
15.64 170.39
15.65 170.39
15.66 170.39
15.67 170.39
15.68 170.39
15.69 170.39
15.70 170.39
15.71 170.39
15.72 170.39
15.73 170.39
15.74 170.39
15.75 170.39
15.76 170.39
15.77 170.39
15.78 170.39
15.79 170.39
15.80 170.39
15.81 170.39
15.82 170.39
15.83 170.39
15.84 170.39
15.85 170.39
15.86 170.39
15.87 170.39
15.88 170.39
15.89 170.39
15.90 170.39
15.91 170.39
15.92 170.39
15.93 170.39
15.94 170.39
15.95 170.39
15.96 170.39
15.97 170.39
15.98 170.39
15.99 170.39
16.00 170.39
16.01 170.39
16.02 170.39
16.03 170.39
16.04 170.39
16.05 170.39
16.06 170.39
16.07 170.39
16.08 170.39
16.09 170.39
16.10 170.39
16.11 170.39
16.12 170.39
16.13 170.39
16.14 170.39
16.15 170.39
16.16 170.39
16.17 170.39
16.18 170.39
16.19 170.39
16.20 170.39
16.21 170.39
16.22 170.39
16.23 170.39
16.24 170.39
16.25 170.39
16.26 170.39
16.27 170.39
16.28 170.39
16.29 170.39
16.30 170.39
16.31 0.00
16.32 0.00
16.33 0.00
16.34 0.00
16.35 0.00
16.36 0.00
16.37 0.00
16.38 0.00
16.39 0.00
16.40 0.00
16.41 0.00
16.42 0.00
16.43 0.00
16.44 0.00
16.45 0.00
16.46 0.00
16.47 0.00
16.48 0.00
16.49 0.00
16.50 0.00
16.51 0.00
16.52 0.00
16.53 0.00
16.54 0.00
16.55 0.00
16.56 0.00
16.57 0.00
16.58 0.00
16.59 0.00
16.60 0.00
16.61 0.00
16.62 0.00
16.63 0.00
16.64 0.00
16.65 0.00
16.66 0.00
16.67 0.00
16.68 0.00
16.69 0.00
16.70 0.00
16.71 0.00
16.72 0.00
16.73 0.00
16.74 0.00
16.75 0.00
16.76 0.00
16.77 0.00
16.78 0.00
16.79 0.00
16.80 0.00
16.81 0.00
16.82 0.00
16.83 0.00
16.84 0.00
16.85 0.00
16.86 0.00
16.87 0.00
16.88 0.00
16.89 0.00
16.90 0.00
16.91 0.00
16.92 0.00
16.93 0.00
16.94 0.00
16.95 0.00
16.96 0.00
16.97 0.00
16.98 0.00
16.99 0.00
17.00 0.00
17.01 185.06
17.02 185.06
17.03 185.06
17.04 185.06
17.05 185.06
17.06 185.06
17.07 185.06
17.08 185.06
17.09 185.06
17.10 185.06
17.11 185.06
17.12 185.06
17.13 185.06
17.14 185.06
17.15 185.06
17.16 185.06
17.17 185.06
17.18 185.06
17.19 194.14
17.20 194.14
17.21 194.14
17.22 194.14
17.23 194.14
17.24 194.14
17.25 194.14
17.26 188.04
17.27 188.04
17.28 188.04
17.29 188.04
17.30 188.04
17.31 188.04
17.32 188.04
17.33 188.04
17.34 188.04
17.35 188.04
17.36 188.04
17.37 188.04
17.38 188.04
17.39 188.04
17.40 188.04
17.41 188.04
17.42 188.04
17.43 188.04
17.44 188.04
17.45 188.04
17.46 188.04
17.47 0.00
17.48 0.00
17.49 0.00
17.50 0.00
17.51 0.00
17.52 0.00
17.53 0.00
17.54 0.00
17.55 -1.00
17.56 -1.00
17.57 -1.00
17.58 -1.00
17.59 -1.00
17.60 0.00
17.61 0.00
17.62 0.00
17.63 -1.00
17.64 -1.00
17.65 -1.00
17.66 -1.00
17.67 -1.00
17.68 -1.00
17.69 -1.00
17.70 -1.00
17.71 -1.00
17.72 211.08
17.73 211.08
17.74 211.08
17.75 211.08
17.76 211.08
17.77 211.08
17.78 211.08
17.79 211.08
17.80 211.08
17.81 211.08
17.82 211.08
17.83 211.08
17.84 211.08
17.85 211.08
17.86 211.08
17.87 0.00
17.88 0.00
17.89 0.00
17.90 0.00
17.91 0.00
17.92 0.00
17.93 0.00
17.94 0.00
17.95 0.00
17.96 212.75
17.97 212.75
17.98 212.75
17.99 212.75
18.00 212.75
18.01 212.75
18.02 212.75
18.03 212.75
18.04 212.75
18.05 212.75
18.06 212.75
18.07 212.75
18.08 212.75
18.09 212.75
18.10 212.75
18.11 212.75
18.12 212.75
18.13 212.75
18.14 212.75
18.15 212.75
18.16 212.75
18.17 212.75
18.18 212.75
18.19 212.75
18.20 212.75
18.21 212.75
18.22 212.75
18.23 212.75
18.24 212.75
18.25 212.75
18.26 212.75
18.27 212.75
18.28 212.75
18.29 212.75
18.30 212.75
18.31 212.75
18.32 212.75
18.33 212.75
18.34 212.75
18.35 212.75
18.36 -1.00
18.37 -1.00
18.38 -1.00
18.39 -1.00
18.40 236.09
18.41 236.09
18.42 236.09
18.43 236.09
18.44 236.09
18.45 236.09
18.46 236.09
18.47 236.09
18.48 236.09
18.49 236.09
18.50 236.09
18.51 236.09
18.52 236.09
18.53 236.09
18.54 236.09
18.55 236.09
18.56 236.09
18.57 236.09
18.58 236.09
18.59 236.09
18.60 236.09
18.61 236.09
18.62 236.09
18.63 236.09
18.64 236.09
18.65 236.09
18.66 236.09
18.67 236.09
18.68 236.09
18.69 236.09
18.70 236.09
18.71 236.09
18.72 236.09
18.73 0.00
18.74 0.00
18.75 0.00
18.76 0.00
18.77 0.00
18.78 0.00
18.79 0.00
18.80 0.00
18.81 0.00
18.82 0.00
18.83 0.00
18.84 0.00
18.85 0.00
18.86 0.00
18.87 0.00
18.88 0.00
18.89 0.00
18.90 0.00
18.91 0.00
18.92 0.00
18.93 0.00
18.94 0.00
18.95 0.00
18.96 0.00
18.97 0.00
18.98 0.00
18.99 0.00
19.00 0.00
19.01 0.00
19.02 0.00
19.03 0.00
19.04 209.03
19.05 209.03
19.06 209.03
19.07 209.03
19.08 209.03
19.09 209.03
19.10 209.03
19.11 209.03
19.12 209.03
19.13 209.03
19.14 188.90
19.15 188.90
19.16 188.90
19.17 188.90
19.18 188.90
19.19 188.90
19.20 188.90
19.21 188.90
19.22 188.90
19.23 188.90
19.24 188.90
19.25 188.90
19.26 188.90
19.27 188.90
19.28 188.90
19.29 188.90
19.30 188.90
19.31 188.90
19.32 188.90
19.33 188.90
19.34 188.90
19.35 188.90
19.36 188.90
19.37 188.90
19.38 188.90
19.39 188.90
19.40 188.90
19.41 188.90
19.42 188.90
19.43 188.90
19.44 188.90
19.45 188.90
19.46 188.90
19.47 188.90
19.48 188.90
19.49 188.90
19.50 188.90
19.51 188.90
19.52 188.90
19.53 188.90
19.54 188.90
19.55 188.90
19.56 188.90
19.57 188.90
19.58 188.90
19.59 188.90
19.60 188.90
19.61 188.90
19.62 188.90
19.63 188.90
19.64 188.90
19.65 188.90
19.66 188.90
19.67 188.90
19.68 188.90
19.69 188.90
19.70 188.90
19.71 188.90
19.72 0.00
19.73 0.00
19.74 0.00
19.75 0.00
19.76 0.00
19.77 0.00
19.78 0.00
19.79 0.00
19.80 0.00
19.81 0.00
19.82 0.00
19.83 0.00
19.84 0.00
19.85 0.00
19.86 0.00
19.87 0.00
19.88 0.00
19.89 0.00
19.90 0.00
19.91 0.00
19.92 0.00
19.93 0.00
19.94 0.00
19.95 0.00
19.96 0.00
19.97 0.00
19.98 0.00
19.99 0.00
20.00 0.00
20.01 0.00
20.02 0.00
20.03 0.00
20.04 0.00
20.05 0.00
20.06 0.00
20.07 0.00
20.08 0.00
20.09 0.00
20.10 0.00
20.11 0.00
20.12 0.00
20.13 0.00
20.14 0.00
20.15 0.00
20.16 0.00
20.17 0.00
20.18 0.00
20.19 0.00
20.20 0.00
20.21 0.00
20.22 0.00
20.23 0.00
20.24 0.00
20.25 0.00
20.26 0.00
20.27 0.00
20.28 0.00
20.29 0.00
20.30 0.00
20.31 0.00
20.32 0.00
20.33 0.00
20.34 0.00
20.35 0.00
20.36 0.00
20.37 0.00
20.38 0.00
20.39 0.00
20.40 0.00
20.41 0.00
20.42 0.00
20.43 0.00
20.44 0.00
20.45 0.00
20.46 0.00
20.47 0.00
20.48 0.00
20.49 0.00
20.50 0.00
20.51 0.00
20.52 0.00
20.53 0.00
20.54 0.00
20.55 0.00
20.56 0.00
20.57 0.00
20.58 0.00
20.59 232.47
20.60 232.47
20.61 232.47
20.62 232.47
20.63 232.47
20.64 232.47
20.65 232.47
20.66 232.47
20.67 232.47
20.68 232.47
20.69 232.47
20.70 232.47
20.71 232.47
20.72 232.47
20.73 232.47
20.74 232.47
20.75 232.47
20.76 232.47
20.77 232.47
20.78 232.47
20.79 232.47
20.80 232.47
20.81 232.47
20.82 232.47
20.83 232.47
20.84 232.47
20.85 232.47
20.86 232.47
20.87 232.47
20.88 232.47
20.89 232.47
20.90 232.47
20.91 232.47
20.92 232.47
20.93 232.47
20.94 232.47
20.95 232.47
20.96 232.47
20.97 232.47
20.98 232.47
20.99 232.47
21.00 232.47
21.01 232.47
21.02 232.47
21.03 232.47
21.04 232.47
21.05 232.47
21.06 232.47
21.07 232.47
21.08 232.47
21.09 232.47
21.10 232.47
21.11 232.47
21.12 232.47
21.13 232.47
21.14 232.47
21.15 232.47
21.16 232.47
21.17 232.47
21.18 232.47
21.19 232.47
21.20 232.47
21.21 232.47
21.22 232.47
21.23 232.47
21.24 232.47
21.25 232.47
21.26 232.47
21.27 232.47
21.28 232.47
21.29 232.47
21.30 232.47
21.31 253.83
21.32 253.83
21.33 253.83
21.34 253.83
21.35 253.83
21.36 253.83
21.37 253.83
21.38 253.83
21.39 253.83
21.40 253.83
21.41 253.83
21.42 253.83
21.43 253.83
21.44 253.83
21.45 253.83
21.46 253.83
21.47 253.83
21.48 253.83
21.49 253.83
21.50 253.83
21.51 253.83
21.52 253.83
21.53 253.83
21.54 253.83
21.55 253.83
21.56 253.83
21.57 253.83
21.58 253.83
21.59 253.83
21.60 253.83
21.61 253.83
21.62 253.83
21.63 253.83
21.64 253.83
21.65 253.83
21.66 253.83
21.67 253.83
21.68 253.83
21.69 253.83
21.70 253.83
21.71 253.83
21.72 253.83
21.73 253.83
21.74 253.83
21.75 253.83
21.76 253.83
21.77 253.83
21.78 253.83
21.79 253.83
21.80 253.83
21.81 253.83
21.82 253.83
21.83 253.83
21.84 253.83
21.85 253.83
21.86 253.83
21.87 253.83
21.88 253.83
21.89 253.83
21.90 253.83
21.91 253.83
21.92 253.83
21.93 253.83
21.94 253.83
21.95 253.83
21.96 253.83
21.97 279.95
21.98 279.95
21.99 279.95
22.00 279.95
22.01 279.95
22.02 279.95
22.03 279.95
22.04 279.95
22.05 279.95
22.06 279.95
22.07 279.95
22.08 279.95
22.09 279.95
22.10 279.95
22.11 279.95
22.12 279.95
22.13 279.95
22.14 279.95
22.15 279.95
22.16 279.95
22.17 279.95
22.18 279.95
22.19 0.00
22.20 0.00
22.21 0.00
22.22 0.00
22.23 0.00
22.24 0.00
22.25 0.00
22.26 0.00
22.27 0.00
22.28 0.00
22.29 0.00
22.30 0.00
22.31 0.00
22.32 0.00
22.33 0.00
22.34 0.00
22.35 0.00
22.36 0.00
22.37 0.00
22.38 0.00
22.39 0.00
22.40 0.00
22.41 0.00
22.42 0.00
22.43 0.00
22.44 0.00
22.45 0.00
22.46 0.00
22.47 0.00
22.48 0.00
22.49 0.00
22.50 0.00
22.51 0.00
22.52 0.00
22.53 0.00
22.54 0.00
22.55 0.00
22.56 0.00
22.57 0.00
22.58 0.00
22.59 0.00
22.60 313.78
22.61 313.78
22.62 313.78
22.63 313.78
22.64 313.78
22.65 313.78
22.66 313.78
22.67 313.78
22.68 313.78
22.69 313.78
22.70 313.78
22.71 313.78
22.72 313.78
22.73 313.78
22.74 313.78
22.75 313.78
22.76 313.78
22.77 313.78
22.78 313.78
22.79 313.78
22.80 313.78
22.81 313.78
22.82 313.78
22.83 313.78
22.84 313.78
22.85 313.78
22.86 313.78
22.87 313.78
22.88 313.78
22.89 313.78
22.90 313.78
22.91 313.78
22.92 313.78
22.93 313.78
22.94 313.78
22.95 313.78
22.96 313.78
22.97 313.78
22.98 313.78
22.99 313.78
23.00 313.78
23.01 313.78
23.02 313.78
23.03 313.78
23.04 313.78
23.05 313.78
23.06 313.78
23.07 313.78
23.08 313.78
23.09 313.78
23.10 313.78
23.11 313.78
23.12 313.78
23.13 313.78
23.14 313.78
23.15 313.78
23.16 313.78
23.17 313.78
23.18 313.78
23.19 313.78
23.20 313.78
23.21 313.78
23.22 313.78
23.23 313.78
23.24 313.78
23.25 313.78
23.26 313.78
23.27 313.78
23.28 313.78
23.29 313.78
23.30 313.78
23.31 313.78
23.32 313.78
23.33 313.78
23.34 313.78
23.35 313.78
23.36 313.78
23.37 313.78
23.38 313.78
23.39 313.78
23.40 313.78
23.41 313.78
23.42 313.78
23.43 313.78
23.44 313.78
23.45 313.78
23.46 313.78
23.47 313.78
23.48 313.78
23.49 313.78
23.50 313.78
23.51 313.78
23.52 313.78
23.53 313.78
23.54 313.78
23.55 313.78
23.56 313.78
23.57 313.78
23.58 313.78
23.59 313.78
23.60 313.78
23.61 313.78
23.62 313.78
23.63 313.78
23.64 313.78
23.65 313.78
23.66 313.78
23.67 313.78
23.68 313.78
23.69 313.78
23.70 313.78
23.71 313.78
23.72 313.78
23.73 313.78
23.74 313.78
23.75 313.78
23.76 313.78
23.77 313.78
23.78 313.78
23.79 313.78
23.80 313.78
23.81 313.78
23.82 313.78
23.83 313.78
23.84 313.78
23.85 313.78
23.86 313.78
23.87 313.78
23.88 313.78
23.89 313.78
23.90 313.78
23.91 313.78
23.92 313.78
23.93 313.78
23.94 313.78
23.95 135.47
23.96 130.11
23.97 251.72
23.98 251.72
23.99 251.72
24.00 251.72
24.01 251.72
24.02 251.72
24.03 251.72
24.04 251.72
24.05 251.72
24.06 251.72
24.07 251.72
24.08 251.72
24.09 251.72
24.10 251.72
24.11 251.72
24.12 251.72
24.13 251.72
24.14 251.72
24.15 251.72
24.16 251.72
24.17 251.72
24.18 251.72
24.19 251.72
24.20 251.72
24.21 251.72
24.22 251.72
24.23 251.72
24.24 251.72
24.25 251.72
24.26 251.72
24.27 228.94
24.28 228.94
24.29 228.94
24.30 228.94
24.31 228.94
24.32 228.94
24.33 228.94
24.34 228.94
24.35 228.94
24.36 228.94
24.37 228.94
24.38 228.94
24.39 228.94
24.40 228.94
24.41 228.94
24.42 228.94
24.43 228.94
24.44 228.94
24.45 228.94
24.46 228.94
24.47 228.94
24.48 228.94
24.49 228.94
24.50 228.94
24.51 228.94
24.52 228.94
24.53 228.94
24.54 228.94
24.55 228.94
24.56 228.94
24.57 209.67
24.58 209.67
24.59 209.67
24.60 209.67
24.61 209.67
24.62 209.67
24.63 209.67
24.64 209.67
24.65 209.67
24.66 209.67
24.67 209.67
24.68 209.67
24.69 209.67
24.70 191.50
24.71 191.50
24.72 191.50
24.73 191.50
24.74 191.50
24.75 191.50
24.76 191.50
24.77 191.50
24.78 191.50
24.79 191.50
24.80 191.50
24.81 191.50
24.82 191.50
24.83 191.50
24.84 191.50
24.85 191.50
24.86 90.66
24.87 174.91
24.88 174.91
24.89 174.91
24.90 174.91
24.91 174.91
24.92 174.91
24.93 174.91
24.94 174.91
24.95 174.91
24.96 174.91
24.97 174.91
24.98 174.91
24.99 174.91
25.00 174.91
25.01 174.91
25.02 174.91
25.03 174.91
25.04 174.91
25.05 174.91
25.06 174.91
25.07 174.91
25.08 174.91
25.09 174.91
25.10 174.91
25.11 174.91
25.12 174.91
25.13 174.91
25.14 174.91
25.15 174.91
25.16 174.91
25.17 174.91
25.18 174.91
25.19 174.91
25.20 174.91
25.21 192.10
25.22 192.10
25.23 192.10
25.24 192.10
25.25 192.10
25.26 192.10
25.27 192.10
25.28 192.10
25.29 192.10
25.30 192.10
25.31 192.10
25.32 192.10
25.33 192.10
25.34 192.10
25.35 192.10
25.36 192.10
25.37 192.10
25.38 192.10
25.39 192.10
25.40 192.10
25.41 192.10
25.42 192.10
25.43 192.10
25.44 192.10
25.45 192.10
25.46 192.10
25.47 192.10
25.48 192.10
25.49 192.10
25.50 192.10
25.51 192.10
25.52 192.10
25.53 192.10
25.54 192.10
25.55 192.10
25.56 192.10
25.57 192.10
25.58 192.10
25.59 192.10
25.60 211.68
25.61 211.68
25.62 211.68
25.63 211.68
25.64 211.68
25.65 211.68
25.66 211.68
25.67 211.68
25.68 211.68
25.69 211.68
25.70 211.68
25.71 211.68
25.72 211.68
25.73 211.68
25.74 211.68
25.75 211.68
25.76 211.68
25.77 211.68
25.78 211.68
25.79 211.68
25.80 211.68
25.81 211.68
25.82 211.68
25.83 211.68
25.84 211.68
25.85 211.68
25.86 211.68
25.87 211.68
25.88 211.68
25.89 211.68
25.90 211.68
25.91 211.68
25.92 211.68
25.93 232.07
25.94 232.07
25.95 232.07
25.96 232.07
25.97 232.07
25.98 232.07
25.99 232.07
26.00 232.07
26.01 232.07
26.02 232.07
26.03 232.07
26.04 232.07
26.05 232.07
26.06 232.07
26.07 232.07
26.08 232.07
26.09 232.07
26.10 232.07
26.11 232.07
26.12 232.07
26.13 232.07
26.14 232.07
26.15 232.07
26.16 232.07
26.17 232.07
26.18 232.07
26.19 232.07
26.20 232.07
26.21 232.07
26.22 232.07
26.23 232.07
26.24 232.07
26.25 256.86
26.26 256.86
26.27 256.86
26.28 256.86
26.29 256.86
26.30 256.86
26.31 256.86
26.32 256.86
26.33 256.86
26.34 256.86
26.35 256.86
26.36 256.86
26.37 256.86
26.38 256.86
26.39 256.86
26.40 256.86
26.41 256.86
26.42 256.86
26.43 256.86
26.44 256.86
26.45 256.86
26.46 256.86
26.47 256.86
26.48 256.86
26.49 256.86
26.50 256.86
26.51 256.86
26.52 256.86
26.53 256.86
26.54 256.86
26.55 256.86
26.56 256.86
26.57 256.86
26.58 256.86
26.59 119.03
26.60 109.74
26.61 209.33
26.62 209.33
26.63 209.33
26.64 209.33
26.65 209.33
26.66 209.33
26.67 209.33
26.68 209.33
26.69 209.33
26.70 209.33
26.71 209.33
26.72 209.33
26.73 209.33
26.74 209.33
26.75 209.33
26.76 209.33
26.77 209.33
26.78 209.33
26.79 209.33
26.80 209.33
26.81 209.33
26.82 209.33
26.83 209.33
26.84 209.33
26.85 209.33
26.86 209.33
26.87 209.33
26.88 209.33
26.89 209.33
26.90 209.33
26.91 209.33
26.92 209.33
26.93 209.33
26.94 209.33
26.95 209.33
26.96 209.33
26.97 209.33
26.98 209.33
26.99 209.33
27.00 209.33
27.01 209.33
27.02 209.33
27.03 209.33
27.04 209.33
27.05 209.33
27.06 209.33
27.07 209.33
27.08 209.33
27.09 209.33
27.10 209.33
27.11 209.33
27.12 209.33
27.13 209.33
27.14 209.33
27.15 209.33
27.16 209.33
27.17 209.33
27.18 209.33
27.19 209.33
27.20 209.33
27.21 209.33
27.22 209.33
27.23 209.33
27.24 209.33
27.25 209.33
27.26 209.33
27.27 209.33
27.28 209.33
27.29 209.33
27.30 209.33
27.31 209.33
27.32 209.33
27.33 209.33
27.34 209.33
27.35 209.33
27.36 209.33
27.37 209.33
27.38 209.33
27.39 209.33
27.40 209.33
27.41 209.33
27.42 209.33
27.43 209.33
27.44 209.33
27.45 209.33
27.46 209.33
27.47 209.33
27.48 209.33
27.49 209.33
27.50 209.33
27.51 209.33
27.52 209.33
27.53 209.33
27.54 209.33
27.55 0.00
27.56 0.00
27.57 0.00
27.58 0.00
27.59 0.00
27.60 0.00
27.61 0.00
27.62 0.00
27.63 0.00
27.64 0.00
27.65 0.00
27.66 0.00
27.67 0.00
27.68 0.00
27.69 0.00
27.70 0.00
27.71 0.00
27.72 0.00
27.73 0.00
27.74 0.00
27.75 0.00
27.76 0.00
27.77 0.00
27.78 0.00
27.79 0.00
27.80 0.00
27.81 0.00
27.82 0.00
27.83 0.00
27.84 0.00
27.85 0.00
27.86 0.00
27.87 0.00
27.88 0.00
27.89 0.00
27.90 0.00
27.91 0.00
27.92 0.00
27.93 0.00
27.94 0.00
27.95 0.00
27.96 0.00
27.97 0.00
27.98 0.00
27.99 0.00
28.00 0.00
28.01 232.48
28.02 232.48
28.03 232.48
28.04 232.48
28.05 232.48
28.06 232.48
28.07 232.48
28.08 232.48
28.09 232.48
28.10 232.48
28.11 232.48
28.12 232.48
28.13 232.48
28.14 232.48
28.15 232.48
28.16 232.48
28.17 232.48
28.18 232.48
28.19 232.48
28.20 232.48
28.21 232.48
28.22 232.48
28.23 232.48
28.24 232.48
28.25 232.48
28.26 232.48
28.27 232.48
28.28 232.48
28.29 232.48
28.30 232.48
28.31 232.48
28.32 232.48
28.33 232.48
28.34 232.48
28.35 232.48
28.36 232.48
28.37 232.48
28.38 232.48
28.39 232.48
28.40 232.48
28.41 232.48
28.42 232.48
28.43 232.48
28.44 232.48
28.45 232.48
28.46 232.48
28.47 232.48
28.48 232.48
28.49 232.48
28.50 232.48
28.51 232.48
28.52 232.48
28.53 232.48
28.54 232.48
28.55 232.48
28.56 232.48
28.57 232.48
28.58 232.48
28.59 232.48
28.60 232.48
28.61 232.48
28.62 232.48
28.63 232.48
28.64 232.48
28.65 232.48
28.66 232.48
28.67 232.48
28.68 232.48
28.69 232.48
28.70 232.48
28.71 232.48
28.72 232.48
28.73 232.48
28.74 232.48
28.75 232.48
28.76 232.48
28.77 232.48
28.78 232.48
28.79 232.48
28.80 232.48
28.81 232.48
28.82 232.48
28.83 232.48
28.84 232.48
28.85 232.48
28.86 232.48
28.87 232.48
28.88 232.48
28.89 232.48
28.90 232.48
28.91 232.48
28.92 232.48
28.93 232.48
28.94 232.48
28.95 232.48
28.96 232.48
28.97 232.48
28.98 232.48
28.99 232.48
29.00 232.48
29.01 232.48
29.02 232.48
29.03 232.48
29.04 232.48
29.05 232.48
29.06 232.48
29.07 232.48
29.08 232.48
29.09 232.48
29.10 232.48
29.11 232.48
29.12 232.48
29.13 232.48
29.14 232.48
29.15 232.48
29.16 232.48
29.17 232.48
29.18 232.48
29.19 232.48
29.20 232.48
29.21 232.48
29.22 232.48
29.23 232.48
29.24 232.48
29.25 232.48
29.26 232.48
29.27 232.48
29.28 232.48
29.29 232.48
29.30 127.40
29.31 132.78
29.32 283.57
29.33 283.57
29.34 283.57
29.35 283.57
29.36 283.57
29.37 283.57
29.38 283.57
29.39 283.57
29.40 283.57
29.41 283.57
29.42 283.57
29.43 283.57
29.44 283.57
29.45 283.57
29.46 283.57
29.47 283.57
29.48 283.57
29.49 283.57
29.50 283.57
29.51 283.57
29.52 283.57
29.53 283.57
29.54 283.57
29.55 283.57
29.56 283.57
29.57 283.57
29.58 283.57
29.59 283.57
29.60 283.57
29.61 283.57
29.62 283.57
29.63 283.57
29.64 283.57
29.65 283.57
29.66 283.57
29.67 283.57
29.68 283.57
29.69 283.57
29.70 283.57
29.71 283.57
29.72 283.57
29.73 283.57
29.74 283.57
29.75 283.57
29.76 283.57
29.77 283.57
29.78 283.57
29.79 283.57
29.80 283.57
29.81 283.57
29.82 283.57
29.83 283.57
29.84 283.57
29.85 283.57
29.86 283.57
29.87 283.57
29.88 283.57
29.89 283.57
29.90 283.57
29.91 283.57
29.92 283.57
29.93 283.57
29.94 283.57
29.95 283.57
29.96 283.57
29.97 283.57
29.98 283.57
29.99 283.57
30.00 283.57
30.01 283.57
30.02 283.57
30.03 283.57
30.04 283.57
30.05 283.57
30.06 283.57
30.07 283.57
30.08 283.57
30.09 283.57
30.10 283.57
30.11 283.57
30.12 283.57
30.13 283.57
30.14 283.57
30.15 283.57
30.16 283.57
30.17 283.57
30.18 283.57
30.19 283.57
30.20 283.57
30.21 283.57
30.22 283.57
30.23 283.57
30.24 283.57
30.25 283.57
30.26 283.57
30.27 283.57
30.28 283.57
30.29 283.57
30.30 283.57
30.31 283.57
30.32 283.57
30.33 283.57
30.34 283.57
30.35 283.57
30.36 283.57
30.37 283.57
30.38 283.57
30.39 283.57
30.40 283.57
30.41 283.57
30.42 283.57
30.43 283.57
30.44 283.57
30.45 283.57
30.46 283.57
30.47 283.57
30.48 283.57
30.49 283.57
30.50 283.57
30.51 283.57
30.52 283.57
30.53 283.57
30.54 283.57
30.55 283.57
30.56 283.57
30.57 283.57
30.58 283.57
30.59 283.57
30.60 283.57
30.61 283.57
30.62 283.57
30.63 283.57
30.64 283.57
30.65 131.86
30.66 257.33
30.67 257.33
30.68 257.33
30.69 257.33
30.70 257.33
30.71 257.33
30.72 257.33
30.73 257.33
30.74 257.33
30.75 257.33
30.76 257.33
30.77 257.33
30.78 257.33
30.79 257.33
30.80 257.33
30.81 257.33
30.82 257.33
30.83 257.33
30.84 257.33
30.85 257.33
30.86 257.33
30.87 257.33
30.88 257.33
30.89 257.33
30.90 257.33
30.91 257.33
30.92 257.33
30.93 257.33
30.94 257.33
30.95 257.33
30.96 257.33
30.97 257.33
30.98 257.33
30.99 257.33
31.00 257.33
31.01 257.33
31.02 257.33
31.03 257.33
31.04 257.33
31.05 257.33
31.06 257.33
31.07 257.33
31.08 257.33
31.09 257.33
31.10 257.33
31.11 257.33
31.12 257.33
31.13 257.33
31.14 257.33
31.15 257.33
31.16 257.33
31.17 257.33
31.18 257.33
31.19 257.33
31.20 257.33
31.21 257.33
31.22 257.33
31.23 257.33
31.24 257.33
31.25 257.33
31.26 257.33
31.27 257.33
31.28 257.33
31.29 257.33
31.30 257.33
31.31 257.33
31.32 257.33
31.33 257.33
31.34 257.33
31.35 257.33
31.36 257.33
31.37 257.33
31.38 257.33
31.39 257.33
31.40 257.33
31.41 257.33
31.42 257.33
31.43 257.33
31.44 257.33
31.45 257.33
31.46 257.33
31.47 257.33
31.48 257.33
31.49 257.33
31.50 257.33
31.51 257.33
31.52 257.33
31.53 257.33
31.54 257.33
31.55 257.33
31.56 257.33
31.57 257.33
31.58 257.33
31.59 257.33
31.60 257.33
31.61 257.33
31.62 257.33
31.63 257.33
31.64 257.33
31.65 257.33
31.66 257.33
31.67 257.33
31.68 257.33
31.69 257.33
31.70 257.33
31.71 257.33
31.72 257.33
31.73 257.33
31.74 257.33
31.75 257.33
31.76 257.33
31.77 257.33
31.78 257.33
31.79 257.33
31.80 257.33
31.81 257.33
31.82 257.33
31.83 257.33
31.84 257.33
31.85 257.33
31.86 257.33
31.87 257.33
31.88 257.33
31.89 257.33
31.90 257.33
31.91 257.33
31.92 257.33
31.93 257.33
31.94 257.33
31.95 257.33
31.96 257.33
31.97 257.33
31.98 257.33
31.99 257.33
32.00 257.33
32.01 257.33
32.02 257.33
32.03 257.33
32.04 257.33
32.05 257.33
32.06 257.33
32.07 257.33
32.08 257.33
32.09 257.33
32.10 257.33
32.11 257.33
32.12 257.33
32.13 257.33
32.14 257.33
32.15 257.33
32.16 257.33
32.17 257.33
32.18 257.33
32.19 257.33
32.20 257.33
32.21 257.33
32.22 257.33
32.23 257.33
32.24 257.33
32.25 257.33
32.26 257.33
32.27 257.33
32.28 257.33
32.29 257.33
32.30 257.33
32.31 257.33
32.32 257.33
32.33 257.33
32.34 257.33
32.35 257.33
32.36 257.33
32.37 257.33
32.38 257.33
32.39 257.33
32.40 257.33
32.41 257.33
32.42 257.33
32.43 257.33
32.44 257.33
32.45 257.33
32.46 257.33
32.47 257.33
32.48 0.00
32.49 0.00
32.50 0.00
32.51 0.00
32.52 0.00
32.53 0.00
32.54 0.00
32.55 0.00
32.56 0.00
32.57 0.00
32.58 0.00
32.59 0.00
32.60 0.00
32.61 0.00
32.62 0.00
32.63 0.00
32.64 0.00
32.65 0.00
32.66 0.00
32.67 0.00
32.68 0.00
32.69 0.00
32.70 0.00
32.71 0.00
32.72 0.00
32.73 0.00
32.74 0.00
32.75 0.00
32.76 0.00
32.77 0.00
32.78 0.00
32.79 0.00
32.80 0.00
32.81 0.00
32.82 0.00
32.83 0.00
32.84 0.00
32.85 0.00
32.86 0.00
32.87 0.00
32.88 0.00
32.89 0.00
32.90 0.00
32.91 0.00
32.92 0.00
32.93 0.00
32.94 0.00
32.95 0.00
32.96 0.00
32.97 0.00
32.98 0.00
32.99 0.00
33.00 0.00
33.01 0.00
33.02 0.00
33.03 0.00
33.04 0.00
33.05 0.00
33.06 0.00
33.07 0.00
33.08 177.56
33.09 177.56
33.10 177.56
33.11 177.56
33.12 177.56
33.13 177.56
33.14 177.56
33.15 177.56
33.16 177.56
33.17 177.56
33.18 177.56
33.19 177.56
33.20 177.56
33.21 190.48
33.22 190.48
33.23 190.48
33.24 190.48
33.25 190.48
33.26 190.48
33.27 190.48
33.28 190.48
33.29 190.48
33.30 190.48
33.31 190.48
33.32 190.48
33.33 190.48
33.34 190.48
33.35 190.48
33.36 190.48
33.37 190.48
33.38 190.48
33.39 190.48
33.40 190.48
33.41 190.48
33.42 190.48
33.43 190.48
33.44 190.48
33.45 190.48
33.46 190.48
33.47 190.48
33.48 190.48
33.49 190.48
33.50 190.48
33.51 190.48
33.52 190.48
33.53 190.48
33.54 190.48
33.55 190.48
33.56 190.48
33.57 190.48
33.58 190.48
33.59 190.48
33.60 190.48
33.61 190.48
33.62 190.48
33.63 190.48
33.64 190.48
33.65 190.48
33.66 190.48
33.67 190.48
33.68 190.48
33.69 190.48
33.70 190.48
33.71 190.48
33.72 190.48
33.73 190.48
33.74 190.48
33.75 190.48
33.76 190.48
33.77 190.48
33.78 190.48
33.79 190.48
33.80 190.48
33.81 190.48
33.82 190.48
33.83 190.48
33.84 190.48
33.85 190.48
33.86 190.48
33.87 190.48
33.88 190.48
33.89 190.48
33.90 190.48
33.91 190.48
33.92 190.48
33.93 190.48
33.94 190.48
33.95 190.48
33.96 190.48
33.97 190.48
33.98 190.48
33.99 220.25
34.00 220.25
34.01 220.25
34.02 220.25
34.03 220.25
34.04 220.25
34.05 220.25
34.06 220.25
34.07 220.25
34.08 220.25
34.09 220.25
34.10 220.25
34.11 220.25
34.12 220.25
34.13 220.25
34.14 220.25
34.15 220.25
34.16 220.25
34.17 220.25
34.18 220.25
34.19 220.25
34.20 220.25
34.21 220.25
34.22 220.25
34.23 220.25
34.24 220.25
34.25 220.25
34.26 220.25
34.27 220.25
34.28 220.25
34.29 220.25
34.30 220.25
34.31 220.25
34.32 220.25
34.33 220.25
34.34 220.25
34.35 207.55
34.36 207.55
34.37 207.55
34.38 207.55
34.39 207.55
34.40 207.55
34.41 207.55
34.42 207.55
34.43 207.55
34.44 207.55
34.45 207.55
34.46 207.55
34.47 207.55
34.48 207.55
34.49 207.55
34.50 207.55
34.51 207.55
34.52 207.55
34.53 207.55
34.54 207.55
34.55 207.55
34.56 207.55
34.57 207.55
34.58 207.55
34.59 207.55
34.60 207.55
34.61 207.55
34.62 207.55
34.63 207.55
34.64 191.52
34.65 191.52
34.66 191.52
34.67 191.52
34.68 191.52
34.69 191.52
34.70 191.52
34.71 191.52
34.72 191.52
34.73 191.52
34.74 191.52
34.75 191.52
34.76 191.52
34.77 191.52
34.78 191.52
34.79 191.52
34.80 191.52
34.81 191.52
34.82 191.52
34.83 191.52
34.84 191.52
34.85 191.52
34.86 191.52
34.87 191.52
34.88 191.52
34.89 191.52
34.90 191.52
34.91 191.52
34.92 191.52
34.93 191.52
34.94 191.52
34.95 191.52
34.96 191.52
34.97 191.52
34.98 191.52
34.99 227.56
35.00 227.56
35.01 227.56
35.02 227.56
35.03 227.56
35.04 227.56
35.05 227.56
35.06 227.56
35.07 227.56
35.08 227.56
35.09 227.56
35.10 227.56
35.11 227.56
35.12 227.56
35.13 227.56
35.14 227.56
35.15 227.56
35.16 227.56
35.17 227.56
35.18 227.56
35.19 227.56
35.20 227.56
35.21 227.56
35.22 227.56
35.23 227.56
35.24 227.56
35.25 227.56
35.26 227.56
35.27 227.56
35.28 227.56
35.29 227.56
35.30 227.56
35.31 227.56
35.32 227.56
35.33 227.56
35.34 227.56
35.35 227.56
35.36 210.69
35.37 210.69
35.38 210.69
35.39 210.69
35.40 210.69
35.41 210.69
35.42 210.69
35.43 210.69
35.44 210.69
35.45 210.69
35.46 210.69
35.47 210.69
35.48 210.69
35.49 210.69
35.50 210.69
35.51 210.69
35.52 210.69
35.53 210.69
35.54 210.69
35.55 210.69
35.56 210.69
35.57 210.69
35.58 210.69
35.59 210.69
35.60 210.69
35.61 210.69
35.62 210.69
35.63 210.69
35.64 210.69
35.65 210.69
35.66 210.69
35.67 97.67
35.68 190.63
35.69 190.63
35.70 190.63
35.71 190.63
35.72 190.63
35.73 190.63
35.74 190.63
35.75 190.63
35.76 190.63
35.77 190.63
35.78 190.63
35.79 190.63
35.80 190.63
35.81 190.63
35.82 190.63
35.83 190.63
35.84 190.63
35.85 190.63
35.86 190.63
35.87 190.63
35.88 190.63
35.89 190.63
35.90 190.63
35.91 190.63
35.92 190.63
35.93 190.63
35.94 190.63
35.95 190.63
35.96 190.63
35.97 190.63
35.98 190.63
35.99 190.63
36.00 190.63
36.01 190.63
36.02 190.63
36.03 190.63
36.04 190.63
36.05 190.63
36.06 190.63
36.07 190.63
36.08 190.63
36.09 190.63
36.10 190.63
36.11 190.63
36.12 190.63
36.13 190.63
36.14 190.63
36.15 190.63
36.16 190.63
36.17 190.63
36.18 190.63
36.19 190.63
36.20 190.63
36.21 190.63
36.22 190.63
36.23 190.63
36.24 190.63
36.25 190.63
36.26 190.63
36.27 190.63
36.28 190.63
36.29 190.63
36.30 190.63
36.31 190.63
36.32 190.63
36.33 190.63
36.34 190.63
36.35 190.63
36.36 190.63
36.37 190.63
36.38 190.63
36.39 190.63
36.40 190.63
36.41 190.63
36.42 190.63
36.43 190.63
36.44 190.63
36.45 190.63
36.46 190.63
36.47 190.63
36.48 190.63
36.49 190.63
36.50 190.63
36.51 190.63
36.52 190.63
36.53 190.63
36.54 190.63
36.55 190.63
36.56 190.63
36.57 190.63
36.58 190.63
36.59 190.63
36.60 190.63
36.61 190.63
36.62 190.63
36.63 190.63
36.64 190.63
36.65 190.63
36.66 190.63
36.67 103.71
36.68 105.48
36.69 106.59
36.70 108.05
36.71 229.54
36.72 229.54
36.73 229.54
36.74 229.54
36.75 229.54
36.76 229.54
36.77 229.54
36.78 229.54
36.79 229.54
36.80 229.54
36.81 229.54
36.82 229.54
36.83 229.54
36.84 229.54
36.85 229.54
36.86 229.54
36.87 229.54
36.88 229.54
36.89 229.54
36.90 229.54
36.91 229.54
36.92 229.54
36.93 229.54
36.94 229.54
36.95 229.54
36.96 229.54
36.97 229.54
36.98 229.54
36.99 229.54
37.00 229.54
37.01 229.54
37.02 208.54
37.03 208.54
37.04 208.54
37.05 208.54
37.06 208.54
37.07 208.54
37.08 208.54
37.09 208.54
37.10 208.54
37.11 208.54
37.12 208.54
37.13 208.54
37.14 208.54
37.15 208.54
37.16 208.54
37.17 208.54
37.18 208.54
37.19 208.54
37.20 208.54
37.21 208.54
37.22 208.54
37.23 208.54
37.24 208.54
37.25 208.54
37.26 208.54
37.27 208.54
37.28 208.54
37.29 192.01
37.30 192.01
37.31 192.01
37.32 192.01
37.33 192.01
37.34 192.01
37.35 192.01
37.36 192.01
37.37 192.01
37.38 192.01
37.39 192.01
37.40 192.01
37.41 192.01
37.42 192.01
37.43 192.01
37.44 192.01
37.45 192.01
37.46 192.01
37.47 192.01
37.48 192.01
37.49 192.01
37.50 192.01
37.51 192.01
37.52 192.01
37.53 192.01
37.54 192.01
37.55 192.01
37.56 192.01
37.57 192.01
37.58 192.01
37.59 192.01
37.60 192.01
37.61 192.01
37.62 105.68
37.63 226.22
37.64 226.22
37.65 226.22
37.66 226.22
37.67 226.22
37.68 226.22
37.69 226.22
37.70 226.22
37.71 226.22
37.72 226.22
37.73 226.22
37.74 226.22
37.75 226.22
37.76 226.22
37.77 226.22
37.78 226.22
37.79 226.22
37.80 226.22
37.81 226.22
37.82 226.22
37.83 226.22
37.84 226.22
37.85 226.22
37.86 226.22
37.87 226.22
37.88 226.22
37.89 226.22
37.90 226.22
37.91 226.22
37.92 226.22
37.93 226.22
37.94 226.22
37.95 226.22
37.96 226.22
37.97 226.22
37.98 226.22
37.99 211.12
38.00 211.12
38.01 211.12
38.02 211.12
38.03 211.12
38.04 211.12
38.05 211.12
38.06 211.12
38.07 211.12
38.08 211.12
38.09 211.12
38.10 211.12
38.11 211.12
38.12 211.12
38.13 211.12
38.14 211.12
38.15 211.12
38.16 211.12
38.17 211.12
38.18 211.12
38.19 211.12
38.20 211.12
38.21 211.12
38.22 211.12
38.23 211.12
38.24 211.12
38.25 211.12
38.26 211.12
38.27 211.12
38.28 211.12
38.29 211.12
38.30 211.12
38.31 192.14
38.32 192.14
38.33 192.14
38.34 192.14
38.35 192.14
38.36 192.14
38.37 192.14
38.38 192.14
38.39 192.14
38.40 192.14
38.41 192.14
38.42 192.14
38.43 192.14
38.44 192.14
38.45 192.14
38.46 192.14
38.47 192.14
38.48 192.14
38.49 192.14
38.50 192.14
38.51 192.14
38.52 192.14
38.53 192.14
38.54 192.14
38.55 192.14
38.56 192.14
38.57 -1.00
38.58 -1.00
38.59 -1.00
38.60 -1.00
38.61 174.20
38.62 174.20
38.63 174.20
38.64 174.20
38.65 174.20
38.66 174.20
38.67 174.20
38.68 174.20
38.69 174.20
38.70 174.20
38.71 174.20
38.72 174.20
38.73 174.20
38.74 174.20
38.75 174.20
38.76 174.20
38.77 174.20
38.78 174.20
38.79 174.20
38.80 174.20
38.81 174.20
38.82 174.20
38.83 174.20
38.84 174.20
38.85 174.20
38.86 174.20
38.87 174.20
38.88 78.11
38.89 155.77
38.90 155.77
38.91 155.77
38.92 155.77
38.93 155.77
38.94 155.77
38.95 155.77
38.96 155.77
38.97 155.77
38.98 155.77
38.99 155.77
39.00 155.77
39.01 155.77
39.02 155.77
39.03 155.77
39.04 155.77
39.05 155.77
39.06 155.77
39.07 155.77
39.08 155.77
39.09 155.77
39.10 155.77
39.11 155.77
39.12 155.77
39.13 155.77
39.14 155.77
39.15 155.77
39.16 155.77
39.17 155.77
39.18 155.77
39.19 155.77
39.20 155.77
39.21 155.77
39.22 155.77
39.23 155.77
39.24 155.77
39.25 155.77
39.26 155.77
39.27 155.77
39.28 155.77
39.29 155.77
39.30 155.77
39.31 155.77
39.32 155.77
39.33 155.77
39.34 155.77
39.35 155.77
39.36 155.77
39.37 155.77
39.38 155.77
39.39 155.77
39.40 155.77
39.41 155.77
39.42 155.77
39.43 155.77
39.44 155.77
39.45 155.77
39.46 155.77
39.47 155.77
39.48 155.77
39.49 155.77
39.50 155.77
39.51 155.77
39.52 155.77
39.53 155.77
39.54 155.77
39.55 155.77
39.56 155.77
39.57 155.77
39.58 173.85
39.59 173.85
39.60 173.85
39.61 173.85
39.62 173.85
39.63 173.85
39.64 173.85
39.65 173.85
39.66 173.85
39.67 173.85
39.68 173.85
39.69 173.85
39.70 173.85
39.71 173.85
39.72 173.85
39.73 173.85
39.74 173.85
39.75 173.85
39.76 173.85
39.77 173.85
39.78 173.85
39.79 173.85
39.80 173.85
39.81 173.85
39.82 173.85
39.83 173.85
39.84 173.85
39.85 173.85
39.86 173.85
39.87 173.85
39.88 173.85
39.89 173.85
39.90 173.85
39.91 173.85
39.92 173.85
39.93 173.85
39.94 173.85
39.95 173.85
39.96 173.85
39.97 173.85
39.98 173.85
39.99 173.85
40.00 173.85
40.01 173.85
40.02 173.85
40.03 173.85
40.04 173.85
40.05 173.85
40.06 173.85
40.07 173.85
40.08 173.85
40.09 173.85
40.10 173.85
40.11 173.85
40.12 173.85
40.13 173.85
40.14 173.85
40.15 173.85
40.16 173.85
40.17 173.85
40.18 173.85
40.19 0.00
40.20 0.00
40.21 0.00
40.22 0.00
40.23 0.00
40.24 0.00
40.25 0.00
40.26 0.00
40.27 0.00
40.28 0.00
40.29 0.00
40.30 0.00
40.31 0.00
40.32 0.00
40.33 0.00
40.34 0.00
40.35 0.00
40.36 0.00
40.37 0.00
40.38 0.00
40.39 0.00
40.40 0.00
40.41 0.00
40.42 0.00
40.43 0.00
40.44 0.00
40.45 0.00
40.46 0.00
40.47 0.00
40.48 0.00
40.49 0.00
40.50 0.00
40.51 0.00
40.52 0.00
40.53 0.00
40.54 0.00
40.55 0.00
40.56 0.00
40.57 0.00
40.58 0.00
40.59 0.00
40.60 0.00
40.61 0.00
40.62 0.00
40.63 0.00
40.64 0.00
40.65 0.00
40.66 0.00
40.67 0.00
40.68 0.00
40.69 0.00
40.70 0.00
40.71 0.00
40.72 0.00
40.73 0.00
40.74 0.00
40.75 0.00
40.76 0.00
40.77 61.29
40.78 61.41
40.79 62.14
40.80 67.69
40.81 72.34
40.82 74.16
40.83 76.09
40.84 78.61
40.85 81.43
40.86 83.51
40.87 86.00
40.88 191.98
40.89 191.98
40.90 191.98
40.91 191.98
40.92 191.98
40.93 191.98
40.94 191.98
40.95 191.98
40.96 191.98
40.97 191.98
40.98 191.98
40.99 191.98
41.00 191.98
41.01 191.98
41.02 191.98
41.03 191.98
41.04 191.98
41.05 191.98
41.06 191.98
41.07 191.98
41.08 191.98
41.09 191.98
41.10 191.98
41.11 191.98
41.12 191.98
41.13 191.98
41.14 191.98
41.15 191.98
41.16 191.98
41.17 191.98
41.18 191.98
41.19 191.98
41.20 191.98
41.21 191.98
41.22 191.98
41.23 191.98
41.24 191.98
41.25 191.98
41.26 191.98
41.27 191.98
41.28 191.98
41.29 191.98
41.30 191.98
41.31 191.98
41.32 191.98
41.33 191.98
41.34 191.98
41.35 191.98
41.36 191.98
41.37 191.98
41.38 191.98
41.39 191.98
41.40 191.98
41.41 191.98
41.42 191.98
41.43 105.48
41.44 216.03
41.45 216.03
41.46 216.03
41.47 216.03
41.48 216.03
41.49 216.03
41.50 216.03
41.51 216.03
41.52 216.03
41.53 216.03
41.54 216.03
41.55 216.03
41.56 216.03
41.57 216.03
41.58 216.03
41.59 216.03
41.60 216.03
41.61 216.03
41.62 216.03
41.63 216.03
41.64 216.03
41.65 216.03
41.66 216.03
41.67 216.03
41.68 216.03
41.69 216.03
41.70 216.03
41.71 216.03
41.72 216.03
41.73 216.03
41.74 216.03
41.75 216.03
41.76 216.03
41.77 216.03
41.78 216.03
41.79 216.03
41.80 216.03
41.81 216.03
41.82 216.03
41.83 216.03
41.84 216.03
41.85 216.03
41.86 216.03
41.87 216.03
41.88 216.03
41.89 216.03
41.90 216.03
41.91 216.03
41.92 216.03
41.93 216.03
41.94 216.03
41.95 216.03
41.96 216.03
41.97 216.03
41.98 216.03
41.99 216.03
42.00 216.03
42.01 216.03
42.02 216.03
42.03 216.03
42.04 216.03
42.05 216.03
42.06 216.03
42.07 216.03
42.08 216.03
42.09 216.03
42.10 231.35
42.11 231.35
42.12 231.35
42.13 231.35
42.14 231.35
42.15 231.35
42.16 231.35
42.17 231.35
42.18 231.35
42.19 231.35
42.20 231.35
42.21 231.35
42.22 231.35
42.23 231.35
42.24 231.35
42.25 231.35
42.26 231.35
42.27 231.35
42.28 231.35
42.29 231.35
42.30 231.35
42.31 231.35
42.32 231.35
42.33 231.35
42.34 231.35
42.35 231.35
42.36 231.35
42.37 231.35
42.38 231.35
42.39 231.35
42.40 231.35
42.41 231.35
42.42 231.35
42.43 231.35
42.44 231.35
42.45 231.35
42.46 231.35
42.47 231.35
42.48 214.35
42.49 214.35
42.50 214.35
42.51 214.35
42.52 214.35
42.53 214.35
42.54 214.35
42.55 214.35
42.56 214.35
42.57 214.35
42.58 214.35
42.59 214.35
42.60 214.35
42.61 214.35
42.62 214.35
42.63 214.35
42.64 214.35
42.65 214.35
42.66 214.35
42.67 214.35
42.68 214.35
42.69 214.35
42.70 214.35
42.71 214.35
42.72 214.35
42.73 214.35
42.74 214.35
42.75 214.35
42.76 214.35
42.77 214.35
42.78 214.35
42.79 193.88
42.80 193.88
42.81 193.88
42.82 193.88
42.83 193.88
42.84 193.88
42.85 193.88
42.86 193.88
42.87 193.88
42.88 193.88
42.89 193.88
42.90 193.88
42.91 193.88
42.92 193.88
42.93 193.88
42.94 193.88
42.95 193.88
42.96 193.88
42.97 193.88
42.98 193.88
42.99 193.88
43.00 193.88
43.01 193.88
43.02 193.88
43.03 193.88
43.04 193.88
43.05 193.88
43.06 193.88
43.07 193.88
43.08 193.88
43.09 193.88
43.10 193.88
43.11 193.88
43.12 193.88
43.13 193.88
43.14 193.88
43.15 193.88
43.16 193.88
43.17 193.88
43.18 193.88
43.19 193.88
43.20 193.88
43.21 193.88
43.22 193.88
43.23 193.88
43.24 193.88
43.25 193.88
43.26 193.88
43.27 193.88
43.28 193.88
43.29 193.88
43.30 193.88
43.31 193.88
43.32 193.88
43.33 193.88
43.34 193.88
43.35 193.88
43.36 193.88
43.37 193.88
43.38 193.88
43.39 193.88
43.40 193.88
43.41 214.11
43.42 214.11
43.43 214.11
43.44 214.11
43.45 214.11
43.46 214.11
43.47 214.11
43.48 214.11
43.49 -1.00
43.50 -1.00
43.51 -1.00
43.52 217.34
43.53 217.34
43.54 217.34
43.55 217.34
43.56 217.34
43.57 217.34
43.58 217.34
43.59 217.34
43.60 217.34
43.61 217.34
43.62 217.34
43.63 217.34
43.64 217.34
43.65 217.34
43.66 217.34
43.67 217.34
43.68 217.34
43.69 217.34
43.70 217.34
43.71 217.34
43.72 217.34
43.73 217.34
43.74 217.34
43.75 217.34
43.76 217.34
43.77 217.34
43.78 217.34
43.79 217.34
43.80 217.34
43.81 217.34
43.82 217.34
43.83 217.34
43.84 217.34
43.85 217.34
43.86 217.34
43.87 217.34
43.88 217.34
43.89 217.34
43.90 217.34
43.91 217.34
43.92 217.34
43.93 217.34
43.94 217.34
43.95 217.34
43.96 217.34
43.97 217.34
43.98 217.34
43.99 217.34
44.00 217.34
44.01 217.34
44.02 217.34
44.03 217.34
44.04 217.34
44.05 217.34
44.06 217.34
44.07 217.34
44.08 217.34
44.09 217.34
44.10 217.34
44.11 217.34
44.12 217.34
44.13 217.34
44.14 217.34
44.15 217.34
44.16 236.10
44.17 236.10
44.18 236.10
44.19 236.10
44.20 236.10
44.21 236.10
44.22 236.10
44.23 236.10
44.24 236.10
44.25 236.10
44.26 236.10
44.27 236.10
44.28 236.10
44.29 236.10
44.30 236.10
44.31 236.10
44.32 236.10
44.33 236.10
44.34 236.10
44.35 236.10
44.36 236.10
44.37 236.10
44.38 236.10
44.39 236.10
44.40 236.10
44.41 236.10
44.42 236.10
44.43 236.10
44.44 236.10
44.45 236.10
44.46 236.10
44.47 236.10
44.48 236.10
44.49 236.10
44.50 236.10
44.51 236.10
44.52 236.10
44.53 236.10
44.54 236.10
44.55 236.10
44.56 236.10
44.57 236.10
44.58 236.10
44.59 236.10
44.60 236.10
44.61 236.10
44.62 236.10
44.63 236.10
44.64 236.10
44.65 236.10
44.66 236.10
44.67 236.10
44.68 236.10
44.69 236.10
44.70 236.10
44.71 236.10
44.72 236.10
44.73 236.10
44.74 236.10
44.75 236.10
44.76 236.10
44.77 236.10
44.78 236.10
44.79 236.10
44.80 236.10
44.81 236.10
44.82 236.10
44.83 260.15
44.84 260.15
44.85 260.15
44.86 260.15
44.87 260.15
44.88 260.15
44.89 260.15
44.90 260.15
44.91 260.15
44.92 260.15
44.93 260.15
44.94 260.15
44.95 260.15
44.96 260.15
44.97 260.15
44.98 260.15
44.99 260.15
45.00 260.15
45.01 260.15
45.02 260.15
45.03 260.15
45.04 260.15
45.05 260.15
45.06 260.15
45.07 260.15
45.08 260.15
45.09 260.15
45.10 260.15
45.11 260.15
45.12 260.15
45.13 260.15
45.14 260.15
45.15 260.15
45.16 260.15
45.17 260.15
45.18 260.15
45.19 260.15
45.20 260.15
45.21 260.15
45.22 260.15
45.23 260.15
45.24 260.15
45.25 260.15
45.26 260.15
45.27 260.15
45.28 260.15
45.29 260.15
45.30 260.15
45.31 260.15
45.32 260.15
45.33 260.15
45.34 260.15
45.35 260.15
45.36 260.15
45.37 260.15
45.38 260.15
45.39 260.15
45.40 286.05
45.41 286.05
45.42 286.05
45.43 286.05
45.44 286.05
45.45 286.05
45.46 286.05
45.47 286.05
45.48 286.05
45.49 286.05
45.50 286.05
45.51 286.05
45.52 286.05
45.53 286.05
45.54 286.05
45.55 286.05
45.56 286.05
45.57 286.05
45.58 286.05
45.59 286.05
45.60 286.05
45.61 0.00
45.62 0.00
45.63 0.00
45.64 0.00
45.65 0.00
45.66 0.00
45.67 0.00
45.68 0.00
45.69 0.00
45.70 0.00
45.71 0.00
45.72 0.00
45.73 0.00
45.74 0.00
45.75 0.00
45.76 0.00
45.77 0.00
45.78 0.00
45.79 0.00
45.80 0.00
45.81 0.00
45.82 0.00
45.83 0.00
45.84 0.00
45.85 0.00
45.86 0.00
45.87 0.00
45.88 0.00
45.89 0.00
45.90 0.00
45.91 0.00
45.92 0.00
45.93 0.00
45.94 0.00
45.95 0.00
45.96 0.00
45.97 0.00
45.98 316.18
45.99 316.18
46.00 316.18
46.01 316.18
46.02 316.18
46.03 316.18
46.04 316.18
46.05 316.18
46.06 316.18
46.07 316.18
46.08 316.18
46.09 316.18
46.10 316.18
46.11 316.18
46.12 316.18
46.13 316.18
46.14 316.18
46.15 0.00
46.16 0.00
46.17 0.00
46.18 0.00
46.19 0.00
46.20 317.25
46.21 317.25
46.22 317.25
46.23 317.25
46.24 317.25
46.25 317.25
46.26 317.25
46.27 317.25
46.28 317.25
46.29 317.25
46.30 317.25
46.31 317.25
46.32 317.25
46.33 317.25
46.34 317.25
46.35 317.25
46.36 317.25
46.37 0.00
46.38 0.00
46.39 0.00
46.40 0.00
46.41 0.00
46.42 0.00
46.43 0.00
46.44 319.37
46.45 319.37
46.46 319.37
46.47 319.37
46.48 319.37
46.49 319.37
46.50 319.37
46.51 319.37
46.52 319.37
46.53 319.37
46.54 319.37
46.55 319.37
46.56 319.37
46.57 319.37
46.58 319.37
46.59 319.37
46.60 319.37
46.61 319.37
46.62 319.37
46.63 319.37
46.64 319.37
46.65 319.37
46.66 319.37
46.67 319.37
46.68 319.37
46.69 319.37
46.70 319.37
46.71 319.37
46.72 319.37
46.73 319.37
46.74 319.37
46.75 319.37
46.76 319.37
46.77 319.37
46.78 319.37
46.79 319.37
46.80 319.37
46.81 319.37
46.82 319.37
46.83 319.37
46.84 319.37
46.85 319.37
46.86 319.37
46.87 319.37
46.88 319.37
46.89 319.37
46.90 319.37
46.91 319.37
46.92 319.37
46.93 319.37
46.94 319.37
46.95 319.37
46.96 319.37
46.97 319.37
46.98 319.37
46.99 319.37
47.00 319.37
47.01 319.37
47.02 319.37
47.03 319.37
47.04 319.37
47.05 319.37
47.06 319.37
47.07 319.37
47.08 319.37
47.09 319.37
47.10 319.37
47.11 319.37
47.12 319.37
47.13 319.37
47.14 319.37
47.15 319.37
47.16 319.37
47.17 319.37
47.18 319.37
47.19 319.37
47.20 319.37
47.21 319.37
47.22 319.37
47.23 319.37
47.24 319.37
47.25 319.37
47.26 319.37
47.27 319.37
47.28 319.37
47.29 319.37
47.30 144.72
47.31 258.17
47.32 258.17
47.33 258.17
47.34 258.17
47.35 258.17
47.36 258.17
47.37 258.17
47.38 258.17
47.39 258.17
47.40 258.17
47.41 258.17
47.42 258.17
47.43 258.17
47.44 258.17
47.45 258.17
47.46 258.17
47.47 258.17
47.48 258.17
47.49 258.17
47.50 258.17
47.51 258.17
47.52 258.17
47.53 258.17
47.54 258.17
47.55 258.17
47.56 258.17
47.57 258.17
47.58 258.17
47.59 258.17
47.60 258.17
47.61 258.17
47.62 231.90
47.63 231.90
47.64 231.90
47.65 231.90
47.66 231.90
47.67 231.90
47.68 231.90
47.69 231.90
47.70 231.90
47.71 231.90
47.72 231.90
47.73 231.90
47.74 231.90
47.75 231.90
47.76 231.90
47.77 231.90
47.78 231.90
47.79 231.90
47.80 231.90
47.81 231.90
47.82 231.90
47.83 231.90
47.84 231.90
47.85 231.90
47.86 231.90
47.87 231.90
47.88 231.90
47.89 231.90
47.90 231.90
47.91 231.90
47.92 214.59
47.93 214.59
47.94 214.59
47.95 214.59
47.96 214.59
47.97 214.59
47.98 214.59
47.99 214.59
48.00 214.59
48.01 214.59
48.02 214.59
48.03 214.59
48.04 195.45
48.05 195.45
48.06 195.45
48.07 195.45
48.08 195.45
48.09 195.45
48.10 195.45
48.11 195.45
48.12 195.45
48.13 195.45
48.14 195.45
48.15 195.45
48.16 179.65
48.17 179.65
48.18 179.65
48.19 179.65
48.20 179.65
48.21 179.65
48.22 179.65
48.23 -1.00
48.24 -1.00
48.25 -1.00
48.26 181.63
48.27 181.63
48.28 181.63
48.29 181.63
48.30 181.63
48.31 181.63
48.32 181.63
48.33 181.63
48.34 181.63
48.35 181.63
48.36 181.63
48.37 181.63
48.38 181.63
48.39 181.63
48.40 181.63
48.41 181.63
48.42 181.63
48.43 181.63
48.44 181.63
48.45 181.63
48.46 181.63
48.47 181.63
48.48 181.63
48.49 181.63
48.50 181.63
48.51 181.63
48.52 181.63
48.53 98.69
48.54 199.83
48.55 199.83
48.56 199.83
48.57 199.83
48.58 199.83
48.59 199.83
48.60 199.83
48.61 199.83
48.62 199.83
48.63 199.83
48.64 199.83
48.65 199.83
48.66 199.83
48.67 199.83
48.68 199.83
48.69 199.83
48.70 199.83
48.71 199.83
48.72 199.83
48.73 199.83
48.74 199.83
48.75 199.83
48.76 199.83
48.77 199.83
48.78 199.83
48.79 199.83
48.80 199.83
48.81 199.83
48.82 199.83
48.83 199.83
48.84 199.83
48.85 199.83
48.86 199.83
48.87 199.83
48.88 199.83
48.89 199.83
48.90 199.83
48.91 199.83
48.92 213.39
48.93 213.39
48.94 213.39
48.95 213.39
48.96 213.39
48.97 213.39
48.98 213.39
48.99 213.39
49.00 213.39
49.01 213.39
49.02 213.39
49.03 213.39
49.04 213.39
49.05 213.39
49.06 213.39
49.07 213.39
49.08 213.39
49.09 213.39
49.10 213.39
49.11 213.39
49.12 213.39
49.13 213.39
49.14 213.39
49.15 213.39
49.16 213.39
49.17 213.39
49.18 213.39
49.19 213.39
49.20 213.39
49.21 213.39
49.22 232.54
49.23 232.54
49.24 232.54
49.25 232.54
49.26 232.54
49.27 232.54
49.28 232.54
49.29 232.54
49.30 232.54
49.31 232.54
49.32 232.54
49.33 232.54
49.34 232.54
49.35 232.54
49.36 232.54
49.37 232.54
49.38 232.54
49.39 232.54
49.40 232.54
49.41 232.54
49.42 232.54
49.43 232.54
49.44 232.54
49.45 232.54
49.46 232.54
49.47 232.54
49.48 232.54
49.49 232.54
49.50 232.54
49.51 256.70
49.52 256.70
49.53 256.70
49.54 256.70
49.55 256.70
49.56 256.70
49.57 256.70
49.58 256.70
49.59 256.70
49.60 256.70
49.61 256.70
49.62 256.70
49.63 256.70
49.64 256.70
49.65 256.70
49.66 256.70
49.67 256.70
49.68 256.70
49.69 256.70
49.70 256.70
49.71 256.70
49.72 256.70
49.73 256.70
49.74 256.70
49.75 256.70
49.76 256.70
49.77 256.70
49.78 256.70
49.79 256.70
49.80 256.70
49.81 256.70
49.82 256.70
49.83 117.49
49.84 213.24
49.85 213.24
49.86 213.24
49.87 213.24
49.88 213.24
49.89 213.24
49.90 213.24
49.91 213.24
49.92 213.24
49.93 213.24
49.94 213.24
49.95 213.24
49.96 213.24
49.97 213.24
49.98 213.24
49.99 213.24
50.00 213.24
50.01 213.24
50.02 213.24
50.03 213.24
50.04 213.24
50.05 213.24
50.06 213.24
50.07 213.24
50.08 213.24
50.09 213.24
50.10 213.24
50.11 213.24
50.12 213.24
50.13 213.24
50.14 213.24
50.15 213.24
50.16 213.24
50.17 213.24
50.18 213.24
50.19 213.24
50.20 213.24
50.21 213.24
50.22 213.24
50.23 213.24
50.24 213.24
50.25 213.24
50.26 213.24
50.27 213.24
50.28 213.24
50.29 213.24
50.30 213.24
50.31 213.24
50.32 213.24
50.33 213.24
50.34 213.24
50.35 213.24
50.36 213.24
50.37 213.24
50.38 213.24
50.39 213.24
50.40 213.24
50.41 213.24
50.42 213.24
50.43 213.24
50.44 213.24
50.45 213.24
50.46 213.24
50.47 213.24
50.48 213.24
50.49 213.24
50.50 213.24
50.51 213.24
50.52 213.24
50.53 213.24
50.54 213.24
50.55 213.24
50.56 213.24
50.57 213.24
50.58 213.24
50.59 213.24
50.60 213.24
50.61 213.24
50.62 213.24
50.63 213.24
50.64 213.24
50.65 213.24
50.66 213.24
50.67 213.24
50.68 0.00
50.69 0.00
50.70 0.00
50.71 0.00
50.72 0.00
50.73 0.00
50.74 0.00
50.75 0.00
50.76 0.00
50.77 0.00
50.78 0.00
50.79 0.00
50.80 0.00
50.81 0.00
50.82 0.00
50.83 0.00
50.84 0.00
50.85 0.00
50.86 0.00
50.87 0.00
50.88 0.00
50.89 0.00
50.90 0.00
50.91 0.00
50.92 0.00
50.93 0.00
50.94 0.00
50.95 0.00
50.96 0.00
50.97 0.00
50.98 0.00
50.99 0.00
51.00 0.00
51.01 0.00
51.02 0.00
51.03 0.00
51.04 0.00
51.05 0.00
51.06 0.00
51.07 0.00
51.08 0.00
51.09 0.00
51.10 0.00
51.11 0.00
51.12 0.00
51.13 0.00
51.14 0.00
51.15 0.00
51.16 234.83
51.17 234.83
51.18 234.83
51.19 234.83
51.20 234.83
51.21 234.83
51.22 234.83
51.23 234.83
51.24 234.83
51.25 234.83
51.26 234.83
51.27 234.83
51.28 234.83
51.29 234.83
51.30 234.83
51.31 234.83
51.32 234.83
51.33 234.83
51.34 234.83
51.35 234.83
51.36 234.83
51.37 234.83
51.38 234.83
51.39 234.83
51.40 234.83
51.41 234.83
51.42 234.83
51.43 234.83
51.44 234.83
51.45 234.83
51.46 234.83
51.47 234.83
51.48 234.83
51.49 234.83
51.50 234.83
51.51 234.83
51.52 234.83
51.53 234.83
51.54 234.83
51.55 234.83
51.56 234.83
51.57 234.83
51.58 234.83
51.59 234.83
51.60 234.83
51.61 234.83
51.62 234.83
51.63 234.83
51.64 234.83
51.65 234.83
51.66 234.83
51.67 234.83
51.68 234.83
51.69 234.83
51.70 234.83
51.71 234.83
51.72 234.83
51.73 234.83
51.74 234.83
51.75 234.83
51.76 234.83
51.77 234.83
51.78 234.83
51.79 234.83
51.80 234.83
51.81 234.83
51.82 234.83
51.83 234.83
51.84 234.83
51.85 234.83
51.86 234.83
51.87 234.83
51.88 234.83
51.89 234.83
51.90 234.83
51.91 234.83
51.92 234.83
51.93 234.83
51.94 234.83
51.95 234.83
51.96 234.83
51.97 234.83
51.98 234.83
51.99 234.83
52.00 234.83
52.01 234.83
52.02 234.83
52.03 234.83
52.04 234.83
52.05 234.83
52.06 234.83
52.07 234.83
52.08 234.83
52.09 234.83
52.10 234.83
52.11 234.83
52.12 234.83
52.13 234.83
52.14 234.83
52.15 234.83
52.16 234.83
52.17 234.83
52.18 234.83
52.19 234.83
52.20 234.83
52.21 234.83
52.22 234.83
52.23 234.83
52.24 234.83
52.25 234.83
52.26 234.83
52.27 234.83
52.28 234.83
52.29 234.83
52.30 234.83
52.31 234.83
52.32 234.83
52.33 234.83
52.34 234.83
52.35 234.83
52.36 234.83
52.37 234.83
52.38 234.83
52.39 234.83
52.40 234.83
52.41 234.83
52.42 234.83
52.43 234.83
52.44 234.83
52.45 234.83
52.46 234.83
52.47 234.83
52.48 234.83
52.49 234.83
52.50 234.83
52.51 234.83
52.52 129.46
52.53 134.17
52.54 290.02
52.55 290.02
52.56 290.02
52.57 290.02
52.58 290.02
52.59 290.02
52.60 290.02
52.61 290.02
52.62 290.02
52.63 290.02
52.64 290.02
52.65 290.02
52.66 290.02
52.67 290.02
52.68 290.02
52.69 290.02
52.70 290.02
52.71 290.02
52.72 290.02
52.73 290.02
52.74 290.02
52.75 290.02
52.76 290.02
52.77 290.02
52.78 290.02
52.79 290.02
52.80 290.02
52.81 290.02
52.82 290.02
52.83 290.02
52.84 290.02
52.85 290.02
52.86 290.02
52.87 290.02
52.88 290.02
52.89 290.02
52.90 290.02
52.91 290.02
52.92 290.02
52.93 290.02
52.94 290.02
52.95 290.02
52.96 290.02
52.97 290.02
52.98 290.02
52.99 290.02
53.00 290.02
53.01 290.02
53.02 290.02
53.03 290.02
53.04 290.02
53.05 290.02
53.06 290.02
53.07 290.02
53.08 290.02
53.09 290.02
53.10 290.02
53.11 290.02
53.12 290.02
53.13 290.02
53.14 290.02
53.15 290.02
53.16 290.02
53.17 290.02
53.18 290.02
53.19 290.02
53.20 290.02
53.21 290.02
53.22 290.02
53.23 290.02
53.24 290.02
53.25 290.02
53.26 290.02
53.27 290.02
53.28 290.02
53.29 290.02
53.30 290.02
53.31 290.02
53.32 290.02
53.33 290.02
53.34 290.02
53.35 290.02
53.36 290.02
53.37 290.02
53.38 290.02
53.39 290.02
53.40 290.02
53.41 290.02
53.42 290.02
53.43 290.02
53.44 290.02
53.45 290.02
53.46 290.02
53.47 290.02
53.48 290.02
53.49 290.02
53.50 290.02
53.51 290.02
53.52 290.02
53.53 290.02
53.54 290.02
53.55 290.02
53.56 290.02
53.57 290.02
53.58 290.02
53.59 290.02
53.60 290.02
53.61 290.02
53.62 290.02
53.63 290.02
53.64 290.02
53.65 290.02
53.66 290.02
53.67 290.02
53.68 290.02
53.69 290.02
53.70 290.02
53.71 290.02
53.72 290.02
53.73 290.02
53.74 134.41
53.75 262.18
53.76 262.18
53.77 262.18
53.78 262.18
53.79 262.18
53.80 262.18
53.81 262.18
53.82 262.18
53.83 262.18
53.84 262.18
53.85 262.18
53.86 262.18
53.87 262.18
53.88 262.18
53.89 262.18
53.90 262.18
53.91 262.18
53.92 262.18
53.93 262.18
53.94 262.18
53.95 262.18
53.96 262.18
53.97 262.18
53.98 262.18
53.99 262.18
54.00 262.18
54.01 262.18
54.02 262.18
54.03 262.18
54.04 262.18
54.05 262.18
54.06 262.18
54.07 262.18
54.08 262.18
54.09 262.18
54.10 262.18
54.11 262.18
54.12 262.18
54.13 262.18
54.14 262.18
54.15 262.18
54.16 262.18
54.17 262.18
54.18 262.18
54.19 262.18
54.20 262.18
54.21 262.18
54.22 262.18
54.23 262.18
54.24 262.18
54.25 262.18
54.26 262.18
54.27 262.18
54.28 262.18
54.29 262.18
54.30 262.18
54.31 262.18
54.32 262.18
54.33 262.18
54.34 262.18
54.35 262.18
54.36 262.18
54.37 262.18
54.38 262.18
54.39 262.18
54.40 262.18
54.41 262.18
54.42 262.18
54.43 262.18
54.44 262.18
54.45 262.18
54.46 262.18
54.47 262.18
54.48 262.18
54.49 262.18
54.50 262.18
54.51 262.18
54.52 262.18
54.53 262.18
54.54 262.18
54.55 262.18
54.56 262.18
54.57 262.18
54.58 262.18
54.59 262.18
54.60 262.18
54.61 262.18
54.62 262.18
54.63 262.18
54.64 262.18
54.65 262.18
54.66 262.18
54.67 262.18
54.68 262.18
54.69 262.18
54.70 262.18
54.71 262.18
54.72 262.18
54.73 262.18
54.74 262.18
54.75 262.18
54.76 262.18
54.77 262.18
54.78 262.18
54.79 262.18
54.80 262.18
54.81 262.18
54.82 262.18
54.83 262.18
54.84 262.18
54.85 262.18
54.86 262.18
54.87 262.18
54.88 262.18
54.89 262.18
54.90 262.18
54.91 262.18
54.92 262.18
54.93 262.18
54.94 262.18
54.95 262.18
54.96 262.18
54.97 262.18
54.98 262.18
54.99 262.18
55.00 262.18
55.01 262.18
55.02 262.18
55.03 262.18
55.04 262.18
55.05 262.18
55.06 262.18
55.07 262.18
55.08 262.18
55.09 262.18
55.10 262.18
55.11 262.18
55.12 262.18
55.13 262.18
55.14 262.18
55.15 262.18
55.16 262.18
55.17 262.18
55.18 262.18
55.19 262.18
55.20 262.18
55.21 262.18
55.22 262.18
55.23 262.18
55.24 262.18
55.25 262.18
55.26 262.18
55.27 262.18
55.28 262.18
55.29 262.18
55.30 262.18
55.31 262.18
55.32 262.18
55.33 262.18
55.34 262.18
55.35 262.18
55.36 262.18
55.37 262.18
55.38 262.18
55.39 262.18
55.40 262.18
55.41 262.18
55.42 262.18
55.43 262.18
55.44 262.18
55.45 262.18
55.46 262.18
55.47 262.18
55.48 262.18
55.49 262.18
55.50 262.18
55.51 262.18
55.52 262.18
55.53 262.18
55.54 262.18
55.55 262.18
55.56 262.18
55.57 262.18
55.58 262.18
55.59 262.18
55.60 262.18
55.61 262.18
55.62 262.18
55.63 262.18
55.64 262.18
55.65 262.18
55.66 262.18
55.67 262.18
55.68 262.18
55.69 262.18
55.70 262.18
55.71 262.18
55.72 262.18
55.73 262.18
55.74 262.18
55.75 262.18
55.76 262.18
55.77 262.18
55.78 262.18
55.79 262.18
55.80 262.18
55.81 262.18
55.82 262.18
55.83 262.18
55.84 262.18
55.85 262.18
55.86 262.18
55.87 262.18
55.88 262.18
55.89 262.18
55.90 262.18
55.91 262.18
55.92 262.18
55.93 262.18
55.94 262.18
55.95 262.18
55.96 262.18
55.97 262.18
55.98 262.18
55.99 262.18
56.00 262.18
56.01 262.18
56.02 262.18
56.03 262.18
56.04 262.18
56.05 262.18
56.06 262.18
56.07 262.18
56.08 262.18
56.09 262.18
56.10 262.18
56.11 262.18
56.12 262.18
56.13 262.18
56.14 262.18
56.15 262.18
56.16 262.18
56.17 262.18
56.18 262.18
56.19 262.18
56.20 262.18
56.21 262.18
56.22 262.18
56.23 262.18
56.24 262.18
56.25 262.18
56.26 262.18
56.27 262.18
56.28 262.18
56.29 262.18
56.30 262.18
56.31 262.18
56.32 262.18
56.33 262.18
56.34 262.18
56.35 262.18
56.36 262.18
56.37 262.18
56.38 262.18
56.39 262.18
56.40 262.18
56.41 262.18
56.42 262.18
56.43 262.18
56.44 262.18
56.45 262.18
56.46 262.18
56.47 262.18
56.48 262.18
56.49 262.18
56.50 262.18
56.51 262.18
56.52 262.18
56.53 262.18
56.54 262.18
56.55 262.18
56.56 0.00
56.57 0.00
56.58 0.00
56.59 0.00
56.60 0.00
56.61 0.00
56.62 0.00
56.63 0.00
56.64 0.00
56.65 0.00
56.66 0.00
56.67 0.00
56.68 0.00
56.69 0.00
56.70 0.00
56.71 0.00
56.72 0.00
56.73 0.00
56.74 0.00
56.75 0.00
56.76 0.00
56.77 0.00
56.78 0.00
56.79 0.00
56.80 0.00
56.81 0.00
56.82 0.00
56.83 0.00
56.84 0.00
56.85 0.00
56.86 0.00
56.87 0.00
56.88 0.00
56.89 0.00
56.90 0.00
56.91 0.00
56.92 0.00
56.93 0.00
56.94 0.00
56.95 0.00
56.96 0.00
56.97 0.00
56.98 0.00
56.99 0.00
57.00 0.00
57.01 0.00
57.02 0.00
57.03 0.00
57.04 0.00
57.05 0.00
57.06 0.00
57.07 0.00
57.08 0.00
57.09 0.00
57.10 0.00
57.11 0.00
57.12 0.00
57.13 0.00
57.14 0.00
57.15 0.00
57.16 0.00
57.17 0.00
57.18 0.00
57.19 0.00
57.20 0.00
57.21 0.00
57.22 0.00
57.23 0.00
57.24 0.00
57.25 0.00
57.26 0.00
57.27 0.00
57.28 0.00
57.29 0.00
57.30 0.00
57.31 0.00
57.32 0.00
57.33 0.00
57.34 0.00
57.35 0.00
57.36 0.00
57.37 0.00
57.38 0.00
57.39 0.00
57.40 0.00
57.41 0.00
57.42 0.00
57.43 0.00
57.44 0.00
57.45 0.00
57.46 0.00
57.47 0.00
57.48 0.00
57.49 0.00
57.50 0.00
57.51 0.00
57.52 0.00
57.53 0.00
57.54 0.00
57.55 0.00
57.56 0.00
57.57 0.00
57.58 0.00
57.59 0.00
57.60 0.00
57.61 0.00
57.62 0.00
57.63 0.00
57.64 0.00
57.65 0.00
57.66 0.00
57.67 0.00
57.68 0.00
57.69 0.00
57.70 0.00
57.71 0.00
57.72 0.00
57.73 0.00
57.74 0.00
57.75 0.00
57.76 0.00
57.77 0.00
57.78 0.00
57.79 0.00
57.80 0.00
57.81 0.00
57.82 0.00
57.83 0.00
57.84 0.00
57.85 0.00
57.86 0.00
57.87 0.00
57.88 0.00
57.89 0.00
57.90 0.00
57.91 0.00
57.92 0.00
57.93 0.00
57.94 0.00
57.95 0.00
57.96 0.00
57.97 0.00
57.98 0.00
57.99 0.00
58.00 0.00
58.01 0.00
58.02 0.00
58.03 0.00
58.04 0.00
58.05 0.00
58.06 0.00
58.07 0.00
58.08 0.00
58.09 0.00
58.10 0.00
58.11 0.00
58.12 0.00
58.13 0.00
58.14 0.00
58.15 0.00
58.16 0.00
58.17 0.00
58.18 0.00
58.19 0.00
58.20 0.00
58.21 0.00
58.22 0.00
58.23 0.00
58.24 0.00
58.25 0.00
58.26 0.00
58.27 0.00
58.28 0.00
58.29 0.00
58.30 0.00
58.31 0.00
58.32 0.00
58.33 0.00
58.34 0.00
58.35 0.00
58.36 0.00
58.37 0.00
58.38 0.00
58.39 0.00
58.40 0.00
58.41 0.00
58.42 0.00
58.43 0.00
58.44 0.00
58.45 0.00
58.46 0.00
58.47 0.00
58.48 0.00
58.49 0.00
58.50 0.00
58.51 0.00
58.52 0.00
58.53 0.00
58.54 0.00
58.55 0.00
58.56 0.00
58.57 0.00
58.58 0.00
58.59 0.00
58.60 0.00
58.61 0.00
58.62 0.00
58.63 0.00
58.64 0.00
58.65 0.00
58.66 0.00
58.67 0.00
58.68 0.00
58.69 0.00
58.70 0.00
58.71 0.00
58.72 0.00
58.73 0.00
58.74 0.00
58.75 0.00
58.76 0.00
58.77 0.00
58.78 0.00
58.79 0.00
58.80 0.00
58.81 0.00
58.82 0.00
58.83 0.00
58.84 0.00
58.85 0.00
58.86 0.00
58.87 0.00
58.88 0.00
58.89 0.00
58.90 0.00
58.91 0.00
58.92 0.00
58.93 0.00
58.94 0.00
58.95 0.00
58.96 0.00
58.97 0.00
58.98 0.00
58.99 0.00
59.00 0.00
59.01 0.00
59.02 0.00
59.03 0.00
59.04 0.00
59.05 0.00
59.06 0.00
59.07 0.00
59.08 0.00
59.09 0.00
59.10 0.00
59.11 0.00
59.12 0.00
59.13 0.00
59.14 0.00
59.15 0.00
59.16 0.00
59.17 0.00
59.18 0.00
59.19 0.00
59.20 0.00
59.21 0.00
59.22 0.00
59.23 0.00
59.24 0.00
59.25 0.00
59.26 0.00
59.27 0.00
59.28 0.00
59.29 0.00
59.30 0.00
59.31 0.00
59.32 0.00
59.33 0.00
59.34 0.00
59.35 0.00
59.36 0.00
59.37 0.00
59.38 0.00
59.39 0.00
59.40 0.00
59.41 0.00
59.42 0.00
59.43 0.00
59.44 0.00
59.45 0.00
59.46 0.00
59.47 0.00
59.48 0.00
59.49 0.00
59.50 0.00
59.51 0.00
59.52 0.00
59.53 0.00
59.54 0.00
59.55 0.00
59.56 0.00
59.57 0.00
59.58 0.00
59.59 0.00
59.60 0.00
59.61 0.00
59.62 0.00
59.63 0.00
59.64 0.00
59.65 0.00
59.66 0.00
59.67 0.00
59.68 0.00
59.69 0.00
59.70 0.00
59.71 0.00
59.72 0.00
59.73 0.00
59.74 0.00
59.75 0.00
59.76 0.00
59.77 0.00
59.78 0.00
59.79 0.00
59.80 0.00
59.81 0.00
59.82 0.00
59.83 0.00
59.84 0.00
59.85 0.00
59.86 0.00
59.87 0.00
59.88 0.00
59.89 0.00
59.90 0.00
59.91 0.00
59.92 0.00
59.93 0.00
59.94 0.00
59.95 0.00
59.96 0.00
59.97 0.00
59.98 0.00
59.99 0.00
60.00 0.00
60.01 0.00
60.02 0.00
60.03 0.00
