0.00 0.00
0.01 0.00
0.02 0.00
0.03 0.00
0.04 0.00
0.05 0.00
0.06 0.00
0.07 0.00
0.08 0.00
0.09 0.00
0.10 0.00
0.11 0.00
0.12 0.00
0.13 0.00
0.14 0.00
0.15 0.00
0.16 0.00
0.17 0.00
0.18 0.00
0.19 0.00
0.20 0.00
0.21 0.00
0.22 0.00
0.23 0.00
0.24 0.00
0.25 0.00
0.26 0.00
0.27 0.00
0.28 0.00
0.29 0.00
0.30 0.00
0.31 0.00
0.32 0.00
0.33 0.00
0.34 0.00
0.35 0.00
0.36 0.00
0.37 0.00
0.38 0.00
0.39 0.00
0.40 0.00
0.41 0.00
0.42 0.00
0.43 0.00
0.44 0.00
0.45 0.00
0.46 0.00
0.47 0.00
0.48 0.00
0.49 0.00
0.50 0.00
0.51 0.00
0.52 0.00
0.53 0.00
0.54 0.00
0.55 0.00
0.56 0.00
0.57 0.00
0.58 0.00
0.59 0.00
0.60 0.00
0.61 0.00
0.62 0.00
0.63 0.00
0.64 0.00
0.65 0.00
0.66 0.00
0.67 0.00
0.68 0.00
0.69 0.00
0.70 0.00
0.71 0.00
0.72 0.00
0.73 0.00
0.74 0.00
0.75 0.00
0.76 0.00
0.77 0.00
0.78 0.00
0.79 0.00
0.80 0.00
0.81 0.00
0.82 0.00
0.83 0.00
0.84 0.00
0.85 0.00
0.86 0.00
0.87 0.00
0.88 0.00
0.89 0.00
0.90 0.00
0.91 0.00
0.92 0.00
0.93 0.00
0.94 0.00
0.95 0.00
0.96 0.00
0.97 0.00
0.98 0.00
0.99 0.00
1.00 0.00
1.01 0.00
1.02 0.00
1.03 0.00
1.04 0.00
1.05 0.00
1.06 0.00
1.07 0.00
1.08 0.00
1.09 0.00
1.10 0.00
1.11 0.00
1.12 0.00
1.13 0.00
1.14 0.00
1.15 0.00
1.16 0.00
1.17 0.00
1.18 0.00
1.19 0.00
1.20 0.00
1.21 0.00
1.22 0.00
1.23 0.00
1.24 0.00
1.25 0.00
1.26 0.00
1.27 0.00
1.28 0.00
1.29 0.00
1.30 0.00
1.31 0.00
1.32 0.00
1.33 0.00
1.34 0.00
1.35 0.00
1.36 0.00
1.37 0.00
1.38 0.00
1.39 0.00
1.40 0.00
1.41 0.00
1.42 0.00
1.43 0.00
1.44 0.00
1.45 0.00
1.46 0.00
1.47 0.00
1.48 0.00
1.49 0.00
1.50 0.00
1.51 0.00
1.52 0.00
1.53 0.00
1.54 0.00
1.55 0.00
1.56 0.00
1.57 0.00
1.58 0.00
1.59 0.00
1.60 0.00
1.61 0.00
1.62 0.00
1.63 0.00
1.64 0.00
1.65 0.00
1.66 0.00
1.67 0.00
1.68 0.00
1.69 0.00
1.70 0.00
1.71 0.00
1.72 0.00
1.73 0.00
1.74 0.00
1.75 244.22
1.76 244.22
1.77 244.22
1.78 244.22
1.79 244.22
1.80 244.22
1.81 244.22
1.82 244.22
1.83 244.22
1.84 244.22
1.85 244.22
1.86 244.22
1.87 244.22
1.88 244.22
1.89 244.22
1.90 244.22
1.91 244.22
1.92 244.22
1.93 244.22
1.94 244.22
1.95 244.22
1.96 244.22
1.97 244.22
1.98 244.22
1.99 244.22
2.00 244.22
2.01 244.22
2.02 244.22
2.03 244.22
2.04 244.22
2.05 244.22
2.06 244.22
2.07 244.22
2.08 244.22
2.09 244.22
2.10 244.22
2.11 244.22
2.12 244.22
2.13 244.22
2.14 244.22
2.15 244.22
2.16 244.22
2.17 244.22
2.18 244.22
2.19 244.22
2.20 244.22
2.21 244.22
2.22 244.22
2.23 244.22
2.24 244.22
2.25 244.22
2.26 244.22
2.27 244.22
2.28 244.22
2.29 244.22
2.30 244.22
2.31 244.22
2.32 244.22
2.33 244.22
2.34 244.22
2.35 244.22
2.36 244.22
2.37 244.22
2.38 244.22
2.39 244.22
2.40 244.22
2.41 244.22
2.42 244.22
2.43 244.22
2.44 244.22
2.45 244.22
2.46 244.22
2.47 244.22
2.48 244.22
2.49 244.22
2.50 244.22
2.51 244.22
2.52 244.22
2.53 244.22
2.54 244.22
2.55 244.22
2.56 244.22
2.57 244.22
2.58 -1.00
2.59 -1.00
2.60 -1.00
2.61 -1.00
2.62 -1.00
2.63 247.69
2.64 247.69
2.65 247.69
2.66 247.69
2.67 247.69
2.68 247.69
2.69 247.69
2.70 247.69
2.71 247.69
2.72 247.69
2.73 247.69
2.74 247.69
2.75 247.69
2.76 247.69
2.77 247.69
2.78 247.69
2.79 247.69
2.80 247.69
2.81 247.69
2.82 247.69
2.83 247.69
2.84 247.69
2.85 247.69
2.86 247.69
2.87 247.69
2.88 247.69
2.89 247.69
2.90 247.69
2.91 247.69
2.92 247.69
2.93 247.69
2.94 247.69
2.95 247.69
2.96 247.69
2.97 247.69
2.98 247.69
2.99 247.69
3.00 247.69
3.01 247.69
3.02 247.69
3.03 247.69
3.04 247.69
3.05 247.69
3.06 247.69
3.07 247.69
3.08 247.69
3.09 247.69
3.10 247.69
3.11 247.69
3.12 247.69
3.13 247.69
3.14 247.69
3.15 247.69
3.16 247.69
3.17 247.69
3.18 247.69
3.19 247.69
3.20 247.69
3.21 247.69
3.22 247.69
3.23 247.69
3.24 247.69
3.25 247.69
3.26 247.69
3.27 247.69
3.28 247.69
3.29 247.69
3.30 247.69
3.31 247.69
3.32 247.69
3.33 247.69
3.34 247.69
3.35 247.69
3.36 247.69
3.37 247.69
3.38 247.69
3.39 247.69
3.40 247.69
3.41 247.69
3.42 247.69
3.43 247.69
3.44 247.69
3.45 247.69
3.46 247.69
3.47 247.69
3.48 247.69
3.49 247.69
3.50 247.69
3.51 247.69
3.52 -1.00
3.53 -1.00
3.54 -1.00
3.55 -1.00
3.56 247.80
3.57 247.80
3.58 247.80
3.59 247.80
3.60 247.80
3.61 247.80
3.62 247.80
3.63 247.80
3.64 247.80
3.65 247.80
3.66 247.80
3.67 247.80
3.68 247.80
3.69 247.80
3.70 247.80
3.71 247.80
3.72 247.80
3.73 247.80
3.74 247.80
3.75 247.80
3.76 247.80
3.77 247.80
3.78 247.80
3.79 247.80
3.80 247.80
3.81 247.80
3.82 247.80
3.83 247.80
3.84 247.80
3.85 247.80
3.86 247.80
3.87 247.80
3.88 247.80
3.89 247.80
3.90 247.80
3.91 247.80
3.92 247.80
3.93 247.80
3.94 247.80
3.95 247.80
3.96 247.80
3.97 247.80
3.98 247.80
3.99 247.80
4.00 247.80
4.01 247.80
4.02 247.80
4.03 247.80
4.04 247.80
4.05 247.80
4.06 247.80
4.07 247.80
4.08 247.80
4.09 247.80
4.10 247.80
4.11 247.80
4.12 247.80
4.13 247.80
4.14 247.80
4.15 247.80
4.16 247.80
4.17 247.80
4.18 247.80
4.19 247.80
4.20 247.80
4.21 247.80
4.22 247.80
4.23 247.80
4.24 247.80
4.25 247.80
4.26 247.80
4.27 247.80
4.28 247.80
4.29 247.80
4.30 247.80
4.31 247.80
4.32 247.80
4.33 247.80
4.34 247.80
4.35 -1.00
4.36 -1.00
4.37 247.90
4.38 247.90
4.39 247.90
4.40 247.90
4.41 247.90
4.42 247.90
4.43 247.90
4.44 247.90
4.45 247.90
4.46 247.90
4.47 247.90
4.48 247.90
4.49 247.90
4.50 247.90
4.51 247.90
4.52 247.90
4.53 247.90
4.54 247.90
4.55 247.90
4.56 247.90
4.57 247.90
4.58 247.90
4.59 247.90
4.60 247.90
4.61 247.90
4.62 247.90
4.63 247.90
4.64 247.90
4.65 247.90
4.66 247.90
4.67 247.90
4.68 247.90
4.69 247.90
4.70 247.90
4.71 247.90
4.72 247.90
4.73 247.90
4.74 247.90
4.75 247.90
4.76 247.90
4.77 247.90
4.78 247.90
4.79 247.90
4.80 247.90
4.81 247.90
4.82 247.90
4.83 247.90
4.84 247.90
4.85 247.90
4.86 247.90
4.87 247.90
4.88 247.90
4.89 247.90
4.90 247.90
4.91 247.90
4.92 247.90
4.93 247.90
4.94 247.90
4.95 247.90
4.96 247.90
4.97 247.90
4.98 247.90
4.99 247.90
5.00 247.90
5.01 247.90
5.02 247.90
5.03 247.90
5.04 247.90
5.05 247.90
5.06 247.90
5.07 247.90
5.08 247.90
5.09 247.90
5.10 247.90
5.11 247.90
5.12 247.90
5.13 247.90
5.14 247.90
5.15 247.90
5.16 247.90
5.17 247.90
5.18 247.90
5.19 247.90
5.20 247.90
5.21 247.90
5.22 247.90
5.23 247.90
5.24 247.90
5.25 247.90
5.26 247.90
5.27 247.90
5.28 247.90
5.29 247.90
5.30 247.90
5.31 247.90
5.32 247.90
5.33 247.90
5.34 247.90
5.35 247.90
5.36 247.90
5.37 247.90
5.38 247.90
5.39 247.90
5.40 247.90
5.41 247.90
5.42 247.90
5.43 247.90
5.44 247.90
5.45 247.90
5.46 247.90
5.47 247.90
5.48 247.90
5.49 247.90
5.50 247.90
5.51 247.90
5.52 247.90
5.53 247.90
5.54 247.90
5.55 247.90
5.56 247.90
5.57 247.90
5.58 247.90
5.59 247.90
5.60 247.90
5.61 247.90
5.62 247.90
5.63 247.90
5.64 247.90
5.65 247.90
5.66 247.90
5.67 247.90
5.68 247.90
5.69 247.90
5.70 247.90
5.71 247.90
5.72 247.90
5.73 247.90
5.74 247.90
5.75 247.90
5.76 247.90
5.77 247.90
5.78 247.90
5.79 247.90
5.80 247.90
5.81 247.90
5.82 247.90
5.83 247.90
5.84 247.90
5.85 247.90
5.86 247.90
5.87 247.90
5.88 247.90
5.89 247.90
5.90 247.90
5.91 247.90
5.92 247.90
5.93 247.90
5.94 247.90
5.95 247.90
5.96 223.02
5.97 223.02
5.98 223.02
5.99 223.02
6.00 223.02
6.01 223.02
6.02 223.02
6.03 223.02
6.04 223.02
6.05 223.02
6.06 223.02
6.07 223.02
6.08 223.02
6.09 223.02
6.10 223.02
6.11 223.02
6.12 223.02
6.13 223.02
6.14 223.02
6.15 223.02
6.16 223.02
6.17 223.02
6.18 208.00
6.19 208.00
6.20 208.00
6.21 208.00
6.22 208.00
6.23 208.00
6.24 208.00
6.25 208.00
6.26 208.00
6.27 208.00
6.28 208.00
6.29 208.00
6.30 208.00
6.31 208.00
6.32 208.00
6.33 208.00
6.34 208.00
6.35 189.61
6.36 189.61
6.37 189.61
6.38 189.61
6.39 189.61
6.40 189.61
6.41 189.61
6.42 189.61
6.43 189.61
6.44 189.61
6.45 189.61
6.46 189.61
6.47 189.61
6.48 189.61
6.49 189.61
6.50 189.61
6.51 189.61
6.52 189.61
6.53 189.61
6.54 189.61
6.55 189.61
6.56 189.61
6.57 189.61
6.58 189.61
6.59 189.61
6.60 189.61
6.61 189.61
6.62 189.61
6.63 189.61
6.64 189.61
6.65 189.61
6.66 189.61
6.67 189.61
6.68 189.61
6.69 189.61
6.70 189.61
6.71 189.61
6.72 189.61
6.73 189.61
6.74 189.61
6.75 189.61
6.76 189.61
6.77 189.61
6.78 189.61
6.79 189.61
6.80 189.61
6.81 103.11
6.82 204.79
6.83 204.79
6.84 204.79
6.85 204.79
6.86 204.79
6.87 204.79
6.88 204.79
6.89 204.79
6.90 204.79
6.91 204.79
6.92 204.79
6.93 204.79
6.94 204.79
6.95 204.79
6.96 204.79
6.97 204.79
6.98 204.79
6.99 204.79
7.00 204.79
7.01 204.79
7.02 204.79
7.03 204.79
7.04 204.79
7.05 204.79
7.06 204.79
7.07 204.79
7.08 204.79
7.09 204.79
7.10 204.79
7.11 204.79
7.12 204.79
7.13 204.79
7.14 204.79
7.15 204.79
7.16 204.79
7.17 204.79
7.18 204.79
7.19 204.79
7.20 204.79
7.21 204.79
7.22 204.79
7.23 204.79
7.24 204.79
7.25 204.79
7.26 204.79
7.27 204.79
7.28 204.79
7.29 204.79
7.30 204.79
7.31 204.79
7.32 204.79
7.33 204.79
7.34 204.79
7.35 204.79
7.36 204.79
7.37 204.79
7.38 204.79
7.39 204.79
7.40 204.79
7.41 204.79
7.42 204.79
7.43 204.79
7.44 204.79
7.45 204.79
7.46 204.79
7.47 204.79
7.48 204.79
7.49 204.79
7.50 204.79
7.51 204.79
7.52 204.79
7.53 204.79
7.54 204.79
7.55 204.79
7.56 204.79
7.57 204.79
7.58 93.27
7.59 92.46
7.60 91.55
7.61 89.77
7.62 87.76
7.63 85.88
7.64 80.87
7.65 78.59
7.66 77.36
7.67 0.00
7.68 0.00
7.69 0.00
7.70 0.00
7.71 0.00
7.72 0.00
7.73 0.00
7.74 0.00
7.75 0.00
7.76 0.00
7.77 0.00
7.78 0.00
7.79 0.00
7.80 0.00
7.81 0.00
7.82 0.00
7.83 0.00
7.84 0.00
7.85 0.00
7.86 0.00
7.87 0.00
7.88 0.00
7.89 0.00
7.90 0.00
7.91 0.00
7.92 0.00
7.93 0.00
7.94 0.00
7.95 0.00
7.96 0.00
7.97 0.00
7.98 0.00
7.99 0.00
8.00 0.00
8.01 0.00
8.02 0.00
8.03 0.00
8.04 0.00
8.05 0.00
8.06 0.00
8.07 0.00
8.08 0.00
8.09 0.00
8.10 0.00
8.11 0.00
8.12 0.00
8.13 0.00
8.14 0.00
8.15 0.00
8.16 0.00
8.17 0.00
8.18 0.00
8.19 0.00
8.20 0.00
8.21 0.00
8.22 0.00
8.23 84.41
8.24 96.30
8.25 202.88
8.26 202.88
8.27 202.88
8.28 202.88
8.29 202.88
8.30 202.88
8.31 202.88
8.32 113.24
8.33 247.61
8.34 247.61
8.35 247.61
8.36 247.61
8.37 247.61
8.38 247.61
8.39 247.61
8.40 247.61
8.41 247.61
8.42 247.61
8.43 247.61
8.44 247.61
8.45 247.61
8.46 247.61
8.47 247.61
8.48 247.61
8.49 247.61
8.50 247.61
8.51 247.61
8.52 247.61
8.53 247.61
8.54 247.61
8.55 247.61
8.56 247.61
8.57 247.61
8.58 247.61
8.59 247.61
8.60 247.61
8.61 247.61
8.62 247.61
8.63 247.61
8.64 247.61
8.65 247.61
8.66 247.61
8.67 247.61
8.68 247.61
8.69 247.61
8.70 247.61
8.71 247.61
8.72 247.61
8.73 247.61
8.74 247.61
8.75 247.61
8.76 247.61
8.77 247.61
8.78 247.61
8.79 247.61
8.80 247.61
8.81 247.61
8.82 247.61
8.83 247.61
8.84 247.61
8.85 247.61
8.86 247.61
8.87 247.61
8.88 247.61
8.89 247.61
8.90 247.61
8.91 247.61
8.92 247.61
8.93 247.61
8.94 247.61
8.95 247.61
8.96 247.61
8.97 247.61
8.98 247.61
8.99 247.61
9.00 247.61
9.01 247.61
9.02 247.61
9.03 247.61
9.04 247.61
9.05 247.61
9.06 247.61
9.07 247.61
9.08 247.61
9.09 247.61
9.10 247.61
9.11 247.61
9.12 247.61
9.13 247.61
9.14 247.61
9.15 247.61
9.16 247.61
9.17 247.61
9.18 247.61
9.19 247.61
9.20 247.61
9.21 247.61
9.22 247.61
9.23 247.61
9.24 247.61
9.25 247.61
9.26 247.61
9.27 247.61
9.28 247.61
9.29 247.61
9.30 247.61
9.31 247.61
9.32 247.61
9.33 247.61
9.34 247.61
9.35 247.61
9.36 247.61
9.37 247.61
9.38 247.61
9.39 247.61
9.40 247.61
9.41 247.61
9.42 247.61
9.43 247.61
9.44 247.61
9.45 247.61
9.46 247.61
9.47 247.61
9.48 247.61
9.49 247.61
9.50 247.61
9.51 247.61
9.52 247.61
9.53 247.61
9.54 247.61
9.55 247.61
9.56 247.61
9.57 247.61
9.58 247.61
9.59 247.61
9.60 247.61
9.61 247.61
9.62 247.61
9.63 247.61
9.64 247.61
9.65 247.61
9.66 247.61
9.67 247.61
9.68 247.61
9.69 247.61
9.70 247.61
9.71 247.61
9.72 247.61
9.73 247.61
9.74 247.61
9.75 247.61
9.76 247.61
9.77 247.61
9.78 247.61
9.79 247.61
9.80 247.61
9.81 247.61
9.82 247.61
9.83 247.61
9.84 247.61
9.85 247.61
9.86 247.61
9.87 247.61
9.88 247.61
9.89 247.61
9.90 247.61
9.91 247.61
9.92 247.61
9.93 247.61
9.94 247.61
9.95 247.61
9.96 247.61
9.97 247.61
9.98 247.61
9.99 247.61
10.00 247.61
10.01 247.61
10.02 247.61
10.03 247.61
10.04 247.61
10.05 247.61
10.06 247.61
10.07 247.61
10.08 247.61
10.09 247.61
10.10 247.61
10.11 247.61
10.12 247.61
10.13 247.61
10.14 247.61
10.15 247.61
10.16 247.61
10.17 247.61
10.18 247.61
10.19 247.61
10.20 247.61
10.21 247.61
10.22 247.61
10.23 247.61
10.24 247.61
10.25 247.61
10.26 247.61
10.27 247.61
10.28 247.61
10.29 247.61
10.30 247.61
10.31 247.61
10.32 247.61
10.33 247.61
10.34 247.61
10.35 247.61
10.36 247.61
10.37 247.61
10.38 247.61
10.39 247.61
10.40 247.61
10.41 247.61
10.42 247.61
10.43 247.61
10.44 247.61
10.45 247.61
10.46 247.61
10.47 247.61
10.48 247.61
10.49 247.61
10.50 247.61
10.51 247.61
10.52 247.61
10.53 247.61
10.54 247.61
10.55 247.61
10.56 247.61
10.57 247.61
10.58 247.61
10.59 247.61
10.60 247.61
10.61 247.61
10.62 247.61
10.63 247.61
10.64 247.61
10.65 247.61
10.66 247.61
10.67 247.61
10.68 247.61
10.69 247.61
10.70 247.61
10.71 247.61
10.72 247.61
10.73 247.61
10.74 247.61
10.75 247.61
10.76 247.61
10.77 247.61
10.78 247.61
10.79 247.61
10.80 247.61
10.81 247.61
10.82 247.61
10.83 247.61
10.84 228.93
10.85 228.93
10.86 228.93
10.87 228.93
10.88 228.93
10.89 228.93
10.90 228.93
10.91 228.93
10.92 228.93
10.93 228.93
10.94 228.93
10.95 228.93
10.96 228.93
10.97 228.93
10.98 104.01
10.99 196.43
11.00 196.43
11.01 196.43
11.02 196.43
11.03 196.43
11.04 196.43
11.05 196.43
11.06 196.43
11.07 203.70
11.08 203.70
11.09 203.70
11.10 203.70
11.11 203.70
11.12 203.70
11.13 203.70
11.14 203.70
11.15 203.70
11.16 203.70
11.17 203.70
11.18 203.70
11.19 203.70
11.20 203.70
11.21 203.70
11.22 203.70
11.23 203.70
11.24 203.70
11.25 203.70
11.26 203.70
11.27 203.70
11.28 203.70
11.29 203.70
11.30 203.70
11.31 203.70
11.32 111.08
11.33 224.37
11.34 224.37
11.35 224.37
11.36 224.37
11.37 224.37
11.38 224.37
11.39 224.37
11.40 224.37
11.41 224.37
11.42 224.37
11.43 224.37
11.44 224.37
11.45 224.37
11.46 224.37
11.47 224.37
11.48 224.37
11.49 224.37
11.50 224.37
11.51 224.37
11.52 224.37
11.53 224.37
11.54 224.37
11.55 224.37
11.56 224.37
11.57 224.37
11.58 224.37
11.59 224.37
11.60 224.37
11.61 224.37
11.62 224.37
11.63 224.37
11.64 224.37
11.65 224.37
11.66 224.37
11.67 224.37
11.68 224.37
11.69 224.37
11.70 224.37
11.71 224.37
11.72 224.37
11.73 224.37
11.74 224.37
11.75 224.37
11.76 224.37
11.77 224.37
11.78 224.37
11.79 224.37
11.80 224.37
11.81 224.37
11.82 224.37
11.83 224.37
11.84 224.37
11.85 224.37
11.86 224.37
11.87 224.37
11.88 224.37
11.89 224.37
11.90 224.37
11.91 224.37
11.92 224.37
11.93 224.37
11.94 224.37
11.95 224.37
11.96 224.37
11.97 224.37
11.98 224.37
11.99 224.37
12.00 224.37
12.01 224.37
12.02 224.37
12.03 224.37
12.04 224.37
12.05 224.37
12.06 224.37
12.07 224.37
12.08 224.37
12.09 224.37
12.10 224.37
12.11 224.37
12.12 224.37
12.13 224.37
12.14 224.37
12.15 224.37
12.16 224.37
12.17 224.37
12.18 224.37
12.19 224.37
12.20 224.37
12.21 224.37
12.22 224.37
12.23 224.37
12.24 224.37
12.25 224.37
12.26 224.37
12.27 224.37
12.28 205.00
12.29 205.00
12.30 205.00
12.31 205.00
12.32 205.00
12.33 205.00
12.34 205.00
12.35 205.00
12.36 205.00
12.37 205.00
12.38 205.00
12.39 205.00
12.40 205.00
12.41 205.00
12.42 189.72
12.43 189.72
12.44 189.72
12.45 189.72
12.46 189.72
12.47 189.72
12.48 189.72
12.49 189.72
12.50 189.72
12.51 189.72
12.52 189.72
12.53 189.72
12.54 189.72
12.55 189.72
12.56 189.72
12.57 189.72
12.58 189.72
12.59 189.72
12.60 189.72
12.61 189.72
12.62 189.72
12.63 189.72
12.64 189.72
12.65 189.72
12.66 189.72
12.67 189.72
12.68 189.72
12.69 189.72
12.70 189.72
12.71 189.72
12.72 189.72
12.73 189.72
12.74 189.72
12.75 189.72
12.76 189.72
12.77 189.72
12.78 189.72
12.79 189.72
12.80 189.72
12.81 189.72
12.82 189.72
12.83 189.72
12.84 209.55
12.85 209.55
12.86 209.55
12.87 209.55
12.88 209.55
12.89 209.55
12.90 209.55
12.91 209.55
12.92 209.55
12.93 209.55
12.94 209.55
12.95 209.55
12.96 209.55
12.97 209.55
12.98 209.55
12.99 209.55
13.00 209.55
13.01 209.55
13.02 209.55
13.03 209.55
13.04 209.55
13.05 209.55
13.06 209.55
13.07 209.55
13.08 209.55
13.09 209.55
13.10 209.55
13.11 209.55
13.12 209.55
13.13 209.55
13.14 209.55
13.15 209.55
13.16 209.55
13.17 229.00
13.18 229.00
13.19 229.00
13.20 229.00
13.21 229.00
13.22 229.00
13.23 229.00
13.24 229.00
13.25 229.00
13.26 229.00
13.27 229.00
13.28 229.00
13.29 229.00
13.30 229.00
13.31 229.00
13.32 229.00
13.33 229.00
13.34 229.00
13.35 229.00
13.36 229.00
13.37 229.00
13.38 229.00
13.39 229.00
13.40 229.00
13.41 229.00
13.42 229.00
13.43 229.00
13.44 229.00
13.45 229.00
13.46 229.00
13.47 229.00
13.48 229.00
13.49 229.00
13.50 252.42
13.51 252.42
13.52 252.42
13.53 252.42
13.54 252.42
13.55 252.42
13.56 252.42
13.57 252.42
13.58 252.42
13.59 252.42
13.60 252.42
13.61 252.42
13.62 252.42
13.63 252.42
13.64 252.42
13.65 252.42
13.66 252.42
13.67 252.42
13.68 252.42
13.69 252.42
13.70 252.42
13.71 252.42
13.72 252.42
13.73 252.42
13.74 252.42
13.75 252.42
13.76 252.42
13.77 252.42
13.78 252.42
13.79 252.42
13.80 252.42
13.81 252.42
13.82 252.42
13.83 252.42
13.84 252.42
13.85 252.42
13.86 252.42
13.87 252.42
13.88 252.42
13.89 252.42
13.90 252.42
13.91 252.42
13.92 252.42
13.93 252.42
13.94 252.42
13.95 252.42
13.96 252.42
13.97 252.42
13.98 252.42
13.99 252.42
14.00 252.42
14.01 252.42
14.02 252.42
14.03 252.42
14.04 252.42
14.05 252.42
14.06 252.42
14.07 252.42
14.08 252.42
14.09 252.42
14.10 252.42
14.11 252.42
14.12 -1.00
14.13 -1.00
14.14 -1.00
14.15 -1.00
14.16 -1.00
14.17 -1.00
14.18 -1.00
14.19 -1.00
14.20 -1.00
14.21 -1.00
14.22 -1.00
14.23 -1.00
14.24 -1.00
14.25 -1.00
14.26 -1.00
14.27 -1.00
14.28 222.71
14.29 222.71
14.30 222.71
14.31 222.71
14.32 222.71
14.33 222.71
14.34 222.71
14.35 222.71
14.36 222.71
14.37 222.71
14.38 222.71
14.39 222.71
14.40 222.71
14.41 222.71
14.42 222.71
14.43 222.71
14.44 222.71
14.45 222.71
14.46 222.71
14.47 222.71
14.48 222.71
14.49 222.71
14.50 222.71
14.51 222.71
14.52 222.71
14.53 222.71
14.54 222.71
14.55 222.71
14.56 222.71
14.57 222.71
14.58 222.71
14.59 222.71
14.60 222.71
14.61 207.67
14.62 207.67
14.63 207.67
14.64 207.67
14.65 207.67
14.66 207.67
14.67 207.67
14.68 207.67
14.69 207.67
14.70 207.67
14.71 207.67
14.72 207.67
14.73 207.67
14.74 207.67
14.75 207.67
14.76 207.67
14.77 207.67
14.78 207.67
14.79 207.67
14.80 207.67
14.81 207.67
14.82 207.67
14.83 207.67
14.84 207.67
14.85 207.67
14.86 207.67
14.87 207.67
14.88 207.67
14.89 207.67
14.90 207.67
14.91 207.67
14.92 207.67
14.93 207.67
14.94 224.07
14.95 224.07
14.96 224.07
14.97 224.07
14.98 224.07
14.99 224.07
15.00 224.07
15.01 224.07
15.02 224.07
15.03 224.07
15.04 224.07
15.05 224.07
15.06 224.07
15.07 224.07
15.08 224.07
15.09 224.07
15.10 224.07
15.11 224.07
15.12 224.07
15.13 224.07
15.14 224.07
15.15 224.07
15.16 224.07
15.17 224.07
15.18 224.07
15.19 224.07
15.20 203.52
15.21 203.52
15.22 203.52
15.23 203.52
15.24 203.52
15.25 203.52
15.26 203.52
15.27 203.52
15.28 203.52
15.29 203.52
15.30 203.52
15.31 203.52
15.32 203.52
15.33 189.08
15.34 189.08
15.35 189.08
15.36 189.08
15.37 189.08
15.38 189.08
15.39 189.08
15.40 189.08
15.41 189.08
15.42 189.08
15.43 189.08
15.44 189.08
15.45 189.08
15.46 189.08
15.47 189.08
15.48 189.08
15.49 189.08
15.50 189.08
15.51 189.08
15.52 189.08
15.53 189.08
15.54 189.08
15.55 189.08
15.56 189.08
15.57 189.08
15.58 189.08
15.59 189.08
15.60 189.08
15.61 189.08
15.62 189.08
15.63 189.08
15.64 189.08
15.65 189.08
15.66 189.08
15.67 -1.00
15.68 -1.00
15.69 -1.00
15.70 -1.00
15.71 -1.00
15.72 206.21
15.73 206.21
15.74 206.21
15.75 206.21
15.76 206.21
15.77 206.21
15.78 206.21
15.79 206.21
15.80 206.21
15.81 206.21
15.82 206.21
15.83 206.21
15.84 206.21
15.85 206.21
15.86 206.21
15.87 206.21
15.88 206.21
15.89 206.21
15.90 206.21
15.91 206.21
15.92 206.21
15.93 206.21
15.94 206.21
15.95 206.21
15.96 206.21
15.97 206.21
15.98 206.21
15.99 206.21
16.00 206.21
16.01 206.21
16.02 206.21
16.03 206.21
16.04 206.21
16.05 206.21
16.06 206.21
16.07 206.21
16.08 206.21
16.09 206.21
16.10 206.21
16.11 206.21
16.12 206.21
16.13 206.21
16.14 206.21
16.15 206.21
16.16 206.21
16.17 206.21
16.18 206.21
16.19 206.21
16.20 206.21
16.21 206.21
16.22 206.21
16.23 206.21
16.24 206.21
16.25 206.21
16.26 206.21
16.27 206.21
16.28 206.21
16.29 206.21
16.30 93.85
16.31 83.12
16.32 82.23
16.33 79.94
16.34 75.88
16.35 73.77
16.36 0.00
16.37 0.00
16.38 0.00
16.39 0.00
16.40 0.00
16.41 0.00
16.42 0.00
16.43 0.00
16.44 0.00
16.45 0.00
16.46 0.00
16.47 0.00
16.48 0.00
16.49 0.00
16.50 0.00
16.51 0.00
16.52 0.00
16.53 0.00
16.54 0.00
16.55 0.00
16.56 0.00
16.57 0.00
16.58 0.00
16.59 0.00
16.60 0.00
16.61 0.00
16.62 0.00
16.63 0.00
16.64 0.00
16.65 0.00
16.66 0.00
16.67 0.00
16.68 0.00
16.69 0.00
16.70 0.00
16.71 0.00
16.72 0.00
16.73 0.00
16.74 0.00
16.75 0.00
16.76 0.00
16.77 0.00
16.78 0.00
16.79 0.00
16.80 0.00
16.81 0.00
16.82 0.00
16.83 0.00
16.84 0.00
16.85 0.00
16.86 0.00
16.87 0.00
16.88 0.00
16.89 0.00
16.90 0.00
16.91 0.00
16.92 0.00
16.93 0.00
16.94 0.00
16.95 0.00
16.96 0.00
16.97 0.00
16.98 0.00
16.99 0.00
17.00 0.00
17.01 0.00
17.02 0.00
17.03 0.00
17.04 0.00
17.05 0.00
17.06 0.00
17.07 253.61
17.08 253.61
17.09 253.61
17.10 253.61
17.11 253.61
17.12 253.61
17.13 253.61
17.14 253.61
17.15 253.61
17.16 253.61
17.17 253.61
17.18 253.61
17.19 253.61
17.20 253.61
17.21 253.61
17.22 253.61
17.23 253.61
17.24 253.61
17.25 253.61
17.26 253.61
17.27 253.61
17.28 253.61
17.29 253.61
17.30 253.61
17.31 253.61
17.32 253.61
17.33 253.61
17.34 253.61
17.35 253.61
17.36 253.61
17.37 253.61
17.38 253.61
17.39 253.61
17.40 253.61
17.41 253.61
17.42 253.61
17.43 253.61
17.44 253.61
17.45 253.61
17.46 253.61
17.47 253.61
17.48 253.61
17.49 253.61
17.50 253.61
17.51 253.61
17.52 253.61
17.53 253.61
17.54 253.61
17.55 253.61
17.56 253.61
17.57 253.61
17.58 253.61
17.59 253.61
17.60 253.61
17.61 253.61
17.62 253.61
17.63 253.61
17.64 253.61
17.65 253.61
17.66 253.61
17.67 253.61
17.68 253.61
17.69 253.61
17.70 253.61
17.71 253.61
17.72 253.61
17.73 253.61
17.74 253.61
17.75 253.61
17.76 253.61
17.77 253.61
17.78 253.61
17.79 253.61
17.80 253.61
17.81 253.61
17.82 253.61
17.83 253.61
17.84 253.61
17.85 253.61
17.86 253.61
17.87 253.61
17.88 253.61
17.89 253.61
17.90 253.61
17.91 253.61
17.92 253.61
17.93 253.61
17.94 253.61
17.95 253.61
17.96 253.61
17.97 253.61
17.98 253.61
17.99 253.61
18.00 253.61
18.01 253.61
18.02 253.61
18.03 253.61
18.04 253.61
18.05 253.61
18.06 253.61
18.07 253.61
18.08 253.61
18.09 253.61
18.10 253.61
18.11 253.61
18.12 253.61
18.13 253.61
18.14 253.61
18.15 253.61
18.16 253.61
18.17 253.61
18.18 253.61
18.19 253.61
18.20 253.61
18.21 253.61
18.22 253.61
18.23 253.61
18.24 253.61
18.25 253.61
18.26 253.61
18.27 253.61
18.28 253.61
18.29 253.61
18.30 253.61
18.31 253.61
18.32 253.61
18.33 253.61
18.34 253.61
18.35 253.61
18.36 253.61
18.37 253.61
18.38 253.61
18.39 253.61
18.40 253.61
18.41 253.61
18.42 253.61
18.43 253.61
18.44 253.61
18.45 253.61
18.46 253.61
18.47 253.61
18.48 253.61
18.49 253.61
18.50 253.61
18.51 253.61
18.52 253.61
18.53 253.61
18.54 253.61
18.55 253.61
18.56 253.61
18.57 253.61
18.58 253.61
18.59 253.61
18.60 253.61
18.61 253.61
18.62 253.61
18.63 253.61
18.64 253.61
18.65 253.61
18.66 253.61
18.67 253.61
18.68 253.61
18.69 253.61
18.70 253.61
18.71 253.61
18.72 253.61
18.73 253.61
18.74 253.61
18.75 253.61
18.76 138.40
18.77 284.26
18.78 284.26
18.79 284.26
18.80 284.26
18.81 284.26
18.82 284.26
18.83 284.26
18.84 284.26
18.85 284.26
18.86 284.26
18.87 284.26
18.88 284.26
18.89 284.26
18.90 284.26
18.91 284.26
18.92 284.26
18.93 284.26
18.94 284.26
18.95 284.26
18.96 284.26
18.97 258.92
18.98 258.92
18.99 258.92
19.00 258.92
19.01 258.92
19.02 258.92
19.03 258.92
19.04 258.92
19.05 258.92
19.06 258.92
19.07 258.92
19.08 258.92
19.09 258.92
19.10 258.92
19.11 258.92
19.12 258.92
19.13 230.82
19.14 230.82
19.15 230.82
19.16 230.82
19.17 230.82
19.18 230.82
19.19 230.82
19.20 230.82
19.21 230.82
19.22 230.82
19.23 230.82
19.24 230.82
19.25 230.82
19.26 230.82
19.27 230.82
19.28 230.82
19.29 230.82
19.30 230.82
19.31 230.82
19.32 230.82
19.33 230.82
19.34 230.82
19.35 230.82
19.36 230.82
19.37 230.82
19.38 230.82
19.39 230.82
19.40 230.82
19.41 230.82
19.42 230.82
19.43 230.82
19.44 -1.00
19.45 -1.00
19.46 -1.00
19.47 -1.00
19.48 -1.00
19.49 -1.00
19.50 285.92
19.51 285.92
19.52 285.92
19.53 285.92
19.54 285.92
19.55 285.92
19.56 285.92
19.57 285.92
19.58 285.92
19.59 285.92
19.60 285.92
19.61 285.92
19.62 285.92
19.63 285.92
19.64 285.92
19.65 285.92
19.66 285.92
19.67 285.92
19.68 285.92
19.69 285.92
19.70 285.92
19.71 285.92
19.72 285.92
19.73 285.92
19.74 285.92
19.75 285.92
19.76 285.92
19.77 285.92
19.78 285.92
19.79 285.92
19.80 285.92
19.81 285.92
19.82 285.92
19.83 285.92
19.84 285.92
19.85 285.92
19.86 285.92
19.87 285.92
19.88 285.92
19.89 285.92
19.90 285.92
19.91 285.92
19.92 285.92
19.93 285.92
19.94 285.92
19.95 285.92
19.96 285.92
19.97 285.92
19.98 285.92
19.99 285.92
20.00 285.92
20.01 285.92
20.02 285.92
20.03 285.92
20.04 285.92
20.05 285.92
20.06 285.92
20.07 285.92
20.08 285.92
20.09 285.92
20.10 285.92
20.11 285.92
20.12 285.92
20.13 285.92
20.14 285.92
20.15 285.92
20.16 285.92
20.17 285.92
20.18 285.92
20.19 285.92
20.20 285.92
20.21 285.92
20.22 285.92
20.23 285.92
20.24 285.92
20.25 285.92
20.26 285.92
20.27 285.92
20.28 285.92
20.29 285.92
20.30 285.92
20.31 285.92
20.32 285.92
20.33 285.92
20.34 285.92
20.35 285.92
20.36 285.92
20.37 285.92
20.38 285.92
20.39 285.92
20.40 285.92
20.41 285.92
20.42 285.92
20.43 285.92
20.44 285.92
20.45 285.92
20.46 285.92
20.47 285.92
20.48 285.92
20.49 285.92
20.50 285.92
20.51 285.92
20.52 285.92
20.53 285.92
20.54 285.92
20.55 285.92
20.56 285.92
20.57 285.92
20.58 285.92
20.59 285.92
20.60 285.92
20.61 285.92
20.62 285.92
20.63 285.92
20.64 285.92
20.65 285.92
20.66 285.92
20.67 285.92
20.68 285.92
20.69 285.92
20.70 285.92
20.71 285.92
20.72 285.92
20.73 285.92
20.74 285.92
20.75 285.92
20.76 285.92
20.77 285.92
20.78 285.92
20.79 285.92
20.80 285.92
20.81 285.92
20.82 285.92
20.83 285.92
20.84 285.92
20.85 285.92
20.86 285.92
20.87 285.92
20.88 285.92
20.89 285.92
20.90 285.92
20.91 285.92
20.92 285.92
20.93 285.92
20.94 285.92
20.95 285.92
20.96 285.92
20.97 285.92
20.98 285.92
20.99 285.92
21.00 285.92
21.01 285.92
21.02 285.92
21.03 285.92
21.04 285.92
21.05 285.92
21.06 285.92
21.07 285.92
21.08 285.92
21.09 285.92
21.10 285.92
21.11 285.92
21.12 285.92
21.13 285.92
21.14 285.92
21.15 285.92
21.16 285.92
21.17 285.92
21.18 285.92
21.19 285.92
21.20 285.92
21.21 285.92
21.22 285.92
21.23 285.92
21.24 285.92
21.25 285.92
21.26 285.92
21.27 285.92
21.28 285.92
21.29 285.92
21.30 285.92
21.31 285.92
21.32 285.92
21.33 285.92
21.34 285.92
21.35 285.92
21.36 285.92
21.37 285.92
21.38 285.92
21.39 285.92
21.40 285.92
21.41 285.92
21.42 285.92
21.43 285.92
21.44 285.92
21.45 285.92
21.46 285.92
21.47 285.92
21.48 285.92
21.49 285.92
21.50 285.92
21.51 285.92
21.52 285.92
21.53 285.92
21.54 285.92
21.55 285.92
21.56 285.92
21.57 285.92
21.58 285.92
21.59 285.92
21.60 285.92
21.61 285.92
21.62 285.92
21.63 285.92
21.64 285.92
21.65 285.92
21.66 285.92
21.67 285.92
21.68 285.92
21.69 285.92
21.70 285.92
21.71 285.92
21.72 285.92
21.73 285.92
21.74 285.92
21.75 285.92
21.76 285.92
21.77 285.92
21.78 285.92
21.79 285.92
21.80 285.92
21.81 285.92
21.82 285.92
21.83 285.92
21.84 285.92
21.85 285.92
21.86 285.92
21.87 285.92
21.88 285.92
21.89 285.92
21.90 285.92
21.91 285.92
21.92 285.92
21.93 285.92
21.94 285.92
21.95 285.92
21.96 285.92
21.97 285.92
21.98 285.92
21.99 285.92
22.00 285.92
22.01 285.92
22.02 285.92
22.03 285.92
22.04 285.92
22.05 285.92
22.06 285.92
22.07 285.92
22.08 285.92
22.09 285.92
22.10 285.92
22.11 285.92
22.12 285.92
22.13 285.92
22.14 285.92
22.15 285.92
22.16 285.92
22.17 285.92
22.18 285.92
22.19 285.92
22.20 0.00
22.21 0.00
22.22 0.00
22.23 0.00
22.24 0.00
22.25 0.00
22.26 0.00
22.27 0.00
22.28 0.00
22.29 0.00
22.30 0.00
22.31 0.00
22.32 0.00
22.33 0.00
22.34 0.00
22.35 0.00
22.36 0.00
22.37 0.00
22.38 0.00
22.39 0.00
22.40 0.00
22.41 0.00
22.42 0.00
22.43 0.00
22.44 0.00
22.45 0.00
22.46 0.00
22.47 0.00
22.48 0.00
22.49 0.00
22.50 0.00
22.51 0.00
22.52 0.00
22.53 0.00
22.54 0.00
22.55 0.00
22.56 0.00
22.57 0.00
22.58 0.00
22.59 0.00
22.60 0.00
22.61 0.00
22.62 0.00
22.63 0.00
22.64 0.00
22.65 0.00
22.66 213.28
22.67 213.28
22.68 213.28
22.69 213.28
22.70 213.28
22.71 213.28
22.72 213.28
22.73 213.28
22.74 213.28
22.75 213.28
22.76 213.28
22.77 213.28
22.78 213.28
22.79 213.28
22.80 215.56
22.81 215.56
22.82 215.56
22.83 215.56
22.84 215.56
22.85 215.56
22.86 215.56
22.87 215.56
22.88 215.56
22.89 215.56
22.90 215.56
22.91 215.56
22.92 215.56
22.93 215.56
22.94 215.56
22.95 215.56
22.96 215.56
22.97 215.56
22.98 215.56
22.99 215.56
23.00 215.56
23.01 215.56
23.02 215.56
23.03 215.56
23.04 215.56
23.05 215.56
23.06 215.56
23.07 215.56
23.08 215.56
23.09 215.56
23.10 215.56
23.11 215.56
23.12 215.56
23.13 215.56
23.14 215.56
23.15 215.56
23.16 215.56
23.17 215.56
23.18 215.56
23.19 215.56
23.20 215.56
23.21 215.56
23.22 215.56
23.23 215.56
23.24 215.56
23.25 215.56
23.26 215.56
23.27 -1.00
23.28 -1.00
23.29 -1.00
23.30 -1.00
23.31 -1.00
23.32 -1.00
23.33 236.46
23.34 236.46
23.35 236.46
23.36 236.46
23.37 236.46
23.38 236.46
23.39 236.46
23.40 236.46
23.41 236.46
23.42 236.46
23.43 236.46
23.44 236.46
23.45 236.46
23.46 236.46
23.47 236.46
23.48 236.46
23.49 236.46
23.50 236.46
23.51 236.46
23.52 236.46
23.53 236.46
23.54 236.46
23.55 236.46
23.56 236.46
23.57 236.46
23.58 236.46
23.59 236.46
23.60 236.46
23.61 236.46
23.62 236.46
23.63 236.46
23.64 236.46
23.65 236.46
23.66 236.46
23.67 236.46
23.68 236.46
23.69 236.46
23.70 236.46
23.71 236.46
23.72 236.46
23.73 236.46
23.74 236.46
23.75 236.46
23.76 236.46
23.77 236.46
23.78 236.46
23.79 236.46
23.80 236.46
23.81 236.46
23.82 236.46
23.83 236.46
23.84 236.46
23.85 236.46
23.86 236.46
23.87 236.46
23.88 236.46
23.89 236.46
23.90 236.46
23.91 236.46
23.92 236.46
23.93 236.46
23.94 236.46
23.95 236.46
23.96 236.46
23.97 236.46
23.98 236.46
23.99 236.46
24.00 236.46
24.01 236.46
24.02 258.63
24.03 258.63
24.04 258.63
24.05 258.63
24.06 258.63
24.07 258.63
24.08 258.63
24.09 258.63
24.10 258.63
24.11 258.63
24.12 258.63
24.13 258.63
24.14 258.63
24.15 258.63
24.16 258.63
24.17 258.63
24.18 258.63
24.19 258.63
24.20 258.63
24.21 258.63
24.22 258.63
24.23 258.63
24.24 258.63
24.25 258.63
24.26 258.63
24.27 258.63
24.28 258.63
24.29 258.63
24.30 258.63
24.31 258.63
24.32 258.63
24.33 258.63
24.34 258.63
24.35 258.63
24.36 258.63
24.37 258.63
24.38 258.63
24.39 258.63
24.40 258.63
24.41 258.63
24.42 258.63
24.43 258.63
24.44 258.63
24.45 258.63
24.46 258.63
24.47 258.63
24.48 258.63
24.49 258.63
24.50 258.63
24.51 258.63
24.52 258.63
24.53 258.63
24.54 258.63
24.55 258.63
24.56 258.63
24.57 258.63
24.58 258.63
24.59 258.63
24.60 258.63
24.61 258.63
24.62 258.63
24.63 258.63
24.64 258.63
24.65 258.63
24.66 258.63
24.67 258.63
24.68 258.63
24.69 258.63
24.70 258.63
24.71 258.63
24.72 258.63
24.73 258.63
24.74 258.63
24.75 258.63
24.76 258.63
24.77 258.63
24.78 258.63
24.79 258.63
24.80 258.63
24.81 258.63
24.82 258.63
24.83 258.63
24.84 258.63
24.85 258.63
24.86 258.63
24.87 258.63
24.88 258.63
24.89 258.63
24.90 258.63
24.91 258.63
24.92 258.63
24.93 258.63
24.94 258.63
24.95 258.63
24.96 -1.00
24.97 -1.00
24.98 -1.00
24.99 -1.00
25.00 281.96
25.01 281.96
25.02 281.96
25.03 281.96
25.04 281.96
25.05 281.96
25.06 281.96
25.07 281.96
25.08 281.96
25.09 281.96
25.10 281.96
25.11 281.96
25.12 281.96
25.13 281.96
25.14 281.96
25.15 281.96
25.16 281.96
25.17 281.96
25.18 281.96
25.19 281.96
25.20 281.96
25.21 281.96
25.22 281.96
25.23 281.96
25.24 -1.00
25.25 -1.00
25.26 -1.00
25.27 273.14
25.28 273.14
25.29 273.14
25.30 273.14
25.31 273.14
25.32 273.14
25.33 273.14
25.34 273.14
25.35 273.14
25.36 273.14
25.37 273.14
25.38 273.14
25.39 273.14
25.40 258.25
25.41 258.25
25.42 258.25
25.43 258.25
25.44 258.25
25.45 258.25
25.46 258.25
25.47 258.25
25.48 258.25
25.49 258.25
25.50 258.25
25.51 258.25
25.52 258.25
25.53 258.25
25.54 258.25
25.55 258.25
25.56 258.25
25.57 258.25
25.58 258.25
25.59 258.25
25.60 258.25
25.61 258.25
25.62 258.25
25.63 258.25
25.64 258.25
25.65 258.25
25.66 258.25
25.67 258.25
25.68 258.25
25.69 258.25
25.70 283.44
25.71 283.44
25.72 283.44
25.73 283.44
25.74 283.44
25.75 283.44
25.76 283.44
25.77 283.44
25.78 283.44
25.79 283.44
25.80 283.44
25.81 283.44
25.82 283.44
25.83 283.44
25.84 283.44
25.85 283.44
25.86 283.44
25.87 283.44
25.88 283.44
25.89 283.44
25.90 283.44
25.91 283.44
25.92 283.44
25.93 283.44
25.94 283.44
25.95 283.44
25.96 283.44
25.97 283.44
25.98 283.44
25.99 283.44
26.00 283.44
26.01 283.44
26.02 283.44
26.03 256.66
26.04 256.66
26.05 256.66
26.06 256.66
26.07 256.66
26.08 256.66
26.09 256.66
26.10 256.66
26.11 256.66
26.12 256.66
26.13 256.66
26.14 256.66
26.15 256.66
26.16 256.66
26.17 256.66
26.18 256.66
26.19 256.66
26.20 256.66
26.21 256.66
26.22 256.66
26.23 256.66
26.24 256.66
26.25 256.66
26.26 256.66
26.27 256.66
26.28 256.66
26.29 256.66
26.30 256.66
26.31 256.66
26.32 256.66
26.33 256.66
26.34 256.66
26.35 256.66
26.36 256.66
26.37 256.66
26.38 256.66
26.39 256.66
26.40 237.05
26.41 237.05
26.42 237.05
26.43 237.05
26.44 237.05
26.45 237.05
26.46 237.05
26.47 237.05
26.48 237.05
26.49 237.05
26.50 237.05
26.51 237.05
26.52 237.05
26.53 237.05
26.54 237.05
26.55 237.05
26.56 237.05
26.57 237.05
26.58 237.05
26.59 237.05
26.60 237.05
26.61 237.05
26.62 237.05
26.63 237.05
26.64 237.05
26.65 237.05
26.66 127.69
26.67 260.53
26.68 260.53
26.69 260.53
26.70 260.53
26.71 260.53
26.72 260.53
26.73 260.53
26.74 260.53
26.75 260.53
26.76 260.53
26.77 260.53
26.78 260.53
26.79 260.53
26.80 260.53
26.81 260.53
26.82 260.53
26.83 260.53
26.84 260.53
26.85 260.53
26.86 260.53
26.87 260.53
26.88 260.53
26.89 260.53
26.90 260.53
26.91 260.53
26.92 260.53
26.93 260.53
26.94 260.53
26.95 260.53
26.96 260.53
26.97 260.53
26.98 260.53
26.99 260.53
27.00 260.53
27.01 260.53
27.02 260.53
27.03 260.53
27.04 260.53
27.05 260.53
27.06 260.53
27.07 260.53
27.08 260.53
27.09 260.53
27.10 260.53
27.11 260.53
27.12 260.53
27.13 260.53
27.14 260.53
27.15 260.53
27.16 260.53
27.17 260.53
27.18 260.53
27.19 260.53
27.20 260.53
27.21 260.53
27.22 260.53
27.23 260.53
27.24 260.53
27.25 260.53
27.26 260.53
27.27 260.53
27.28 260.53
27.29 260.53
27.30 260.53
27.31 260.53
27.32 260.53
27.33 260.53
27.34 260.53
27.35 260.53
27.36 260.53
27.37 260.53
27.38 260.53
27.39 260.53
27.40 260.53
27.41 260.53
27.42 260.53
27.43 260.53
27.44 260.53
27.45 260.53
27.46 260.53
27.47 260.53
27.48 260.53
27.49 260.53
27.50 260.53
27.51 260.53
27.52 260.53
27.53 260.53
27.54 260.53
27.55 260.53
27.56 260.53
27.57 260.53
27.58 260.53
27.59 260.53
27.60 260.53
27.61 260.53
27.62 260.53
27.63 260.53
27.64 260.53
27.65 260.53
27.66 260.53
27.67 260.53
27.68 260.53
27.69 260.53
27.70 260.53
27.71 260.53
27.72 260.53
27.73 260.53
27.74 260.53
27.75 260.53
27.76 260.53
27.77 260.53
27.78 260.53
27.79 260.53
27.80 260.53
27.81 260.53
27.82 260.53
27.83 260.53
27.84 260.53
27.85 260.53
27.86 260.53
27.87 260.53
27.88 260.53
27.89 121.09
27.90 117.69
27.91 111.10
27.92 205.76
27.93 205.76
27.94 205.76
27.95 205.76
27.96 205.76
27.97 205.76
27.98 205.76
27.99 -1.00
28.00 -1.00
28.01 -1.00
28.02 -1.00
28.03 -1.00
28.04 -1.00
28.05 -1.00
28.06 -1.00
28.07 237.10
28.08 237.10
28.09 237.10
28.10 237.10
28.11 237.10
28.12 237.10
28.13 237.10
28.14 237.10
28.15 237.10
28.16 237.10
28.17 237.10
28.18 237.10
28.19 237.10
28.20 237.10
28.21 237.10
28.22 237.10
28.23 237.10
28.24 237.10
28.25 237.10
28.26 237.10
28.27 237.10
28.28 237.10
28.29 237.10
28.30 237.10
28.31 237.10
28.32 237.10
28.33 237.10
28.34 237.10
28.35 237.10
28.36 237.10
28.37 237.10
28.38 237.10
28.39 237.10
28.40 237.10
28.41 237.10
28.42 237.10
28.43 237.10
28.44 237.10
28.45 237.10
28.46 237.10
28.47 237.10
28.48 237.10
28.49 237.10
28.50 237.10
28.51 237.10
28.52 237.10
28.53 237.10
28.54 237.10
28.55 237.10
28.56 237.10
28.57 237.10
28.58 237.10
28.59 237.10
28.60 237.10
28.61 237.10
28.62 237.10
28.63 237.10
28.64 237.10
28.65 237.10
28.66 237.10
28.67 237.10
28.68 237.10
28.69 237.10
28.70 237.10
28.71 237.10
28.72 237.10
28.73 237.10
28.74 237.10
28.75 237.10
28.76 237.10
28.77 237.10
28.78 237.10
28.79 237.10
28.80 237.10
28.81 237.10
28.82 237.10
28.83 237.10
28.84 237.10
28.85 237.10
28.86 237.10
28.87 237.10
28.88 237.10
28.89 237.10
28.90 237.10
28.91 237.10
28.92 237.10
28.93 237.10
28.94 237.10
28.95 237.10
28.96 237.10
28.97 237.10
28.98 237.10
28.99 237.10
29.00 237.10
29.01 237.10
29.02 0.00
29.03 0.00
29.04 0.00
29.05 0.00
29.06 0.00
29.07 0.00
29.08 0.00
29.09 0.00
29.10 0.00
29.11 0.00
29.12 0.00
29.13 0.00
29.14 0.00
29.15 0.00
29.16 0.00
29.17 0.00
29.18 0.00
29.19 0.00
29.20 0.00
29.21 0.00
29.22 0.00
29.23 0.00
29.24 0.00
29.25 0.00
29.26 0.00
29.27 0.00
29.28 0.00
29.29 0.00
29.30 0.00
29.31 0.00
29.32 0.00
29.33 0.00
29.34 0.00
29.35 0.00
29.36 0.00
29.37 0.00
29.38 0.00
29.39 0.00
29.40 0.00
29.41 0.00
29.42 0.00
29.43 0.00
29.44 0.00
29.45 0.00
29.46 0.00
29.47 211.71
29.48 211.71
29.49 211.71
29.50 211.71
29.51 211.71
29.52 211.71
29.53 211.71
29.54 211.71
29.55 211.71
29.56 211.71
29.57 211.71
29.58 211.71
29.59 211.71
29.60 211.71
29.61 211.71
29.62 211.71
29.63 211.71
29.64 211.71
29.65 211.71
29.66 211.71
29.67 211.71
29.68 211.71
29.69 211.71
29.70 211.71
29.71 211.71
29.72 211.71
29.73 211.71
29.74 211.71
29.75 211.71
29.76 211.71
29.77 211.71
29.78 211.71
29.79 211.71
29.80 211.71
29.81 211.71
29.82 211.71
29.83 211.71
29.84 211.71
29.85 211.71
29.86 211.71
29.87 211.71
29.88 211.71
29.89 211.71
29.90 211.71
29.91 211.71
29.92 211.71
29.93 211.71
29.94 211.71
29.95 211.71
29.96 211.71
29.97 211.71
29.98 211.71
29.99 211.71
30.00 211.71
30.01 211.71
30.02 211.71
30.03 211.71
30.04 211.71
30.05 211.71
30.06 211.71
30.07 211.71
30.08 211.71
30.09 211.71
30.10 211.71
30.11 211.71
30.12 211.71
30.13 211.71
30.14 211.71
30.15 211.71
30.16 236.25
30.17 236.25
30.18 236.25
30.19 236.25
30.20 236.25
30.21 236.25
30.22 236.25
30.23 236.25
30.24 236.25
30.25 236.25
30.26 236.25
30.27 236.25
30.28 236.25
30.29 236.25
30.30 236.25
30.31 236.25
30.32 236.25
30.33 236.25
30.34 236.25
30.35 236.25
30.36 236.25
30.37 236.25
30.38 236.25
30.39 236.25
30.40 236.25
30.41 236.25
30.42 236.25
30.43 236.25
30.44 236.25
30.45 236.25
30.46 236.25
30.47 236.25
30.48 236.25
30.49 236.25
30.50 236.25
30.51 236.25
30.52 236.25
30.53 236.25
30.54 236.25
30.55 236.25
30.56 236.25
30.57 236.25
30.58 236.25
30.59 236.25
30.60 236.25
30.61 236.25
30.62 236.25
30.63 236.25
30.64 236.25
30.65 236.25
30.66 236.25
30.67 236.25
30.68 236.25
30.69 236.25
30.70 236.25
30.71 236.25
30.72 236.25
30.73 236.25
30.74 236.25
30.75 236.25
30.76 236.25
30.77 236.25
30.78 236.25
30.79 236.25
30.80 236.25
30.81 236.25
30.82 236.25
30.83 236.25
30.84 236.25
30.85 259.51
30.86 259.51
30.87 259.51
30.88 259.51
30.89 259.51
30.90 259.51
30.91 259.51
30.92 259.51
30.93 259.51
30.94 259.51
30.95 259.51
30.96 259.51
30.97 259.51
30.98 259.51
30.99 259.51
31.00 259.51
31.01 259.51
31.02 259.51
31.03 259.51
31.04 259.51
31.05 259.51
31.06 259.51
31.07 259.51
31.08 259.51
31.09 259.51
31.10 259.51
31.11 259.51
31.12 259.51
31.13 259.51
31.14 259.51
31.15 259.51
31.16 259.51
31.17 259.51
31.18 259.51
31.19 259.51
31.20 259.51
31.21 259.51
31.22 259.51
31.23 259.51
31.24 259.51
31.25 259.51
31.26 259.51
31.27 259.51
31.28 259.51
31.29 259.51
31.30 259.51
31.31 259.51
31.32 259.51
31.33 259.51
31.34 259.51
31.35 259.51
31.36 259.51
31.37 259.51
31.38 259.51
31.39 259.51
31.40 259.51
31.41 259.51
31.42 259.51
31.43 259.51
31.44 259.51
31.45 259.51
31.46 259.51
31.47 259.51
31.48 259.51
31.49 259.51
31.50 259.51
31.51 259.51
31.52 259.51
31.53 259.51
31.54 259.51
31.55 259.51
31.56 259.51
31.57 259.51
31.58 259.51
31.59 259.51
31.60 259.51
31.61 259.51
31.62 259.51
31.63 259.51
31.64 259.51
31.65 259.51
31.66 259.51
31.67 259.51
31.68 259.51
31.69 259.51
31.70 259.51
31.71 259.51
31.72 259.51
31.73 259.51
31.74 259.51
31.75 259.51
31.76 259.51
31.77 259.51
31.78 259.51
31.79 259.51
31.80 259.51
31.81 259.51
31.82 259.51
31.83 259.51
31.84 259.51
31.85 259.51
31.86 259.51
31.87 259.51
31.88 259.51
31.89 259.51
31.90 259.51
31.91 259.51
31.92 259.51
31.93 259.51
31.94 259.51
31.95 259.51
31.96 259.51
31.97 259.51
31.98 259.51
31.99 259.51
32.00 259.51
32.01 259.51
32.02 259.51
32.03 259.51
32.04 259.51
32.05 259.51
32.06 259.51
32.07 259.51
32.08 259.51
32.09 259.51
32.10 259.51
32.11 259.51
32.12 259.51
32.13 259.51
32.14 259.51
32.15 259.51
32.16 259.51
32.17 259.51
32.18 259.51
32.19 259.51
32.20 259.51
32.21 259.51
32.22 259.51
32.23 259.51
32.24 259.51
32.25 259.51
32.26 259.51
32.27 259.51
32.28 259.51
32.29 259.51
32.30 259.51
32.31 259.51
32.32 259.51
32.33 259.51
32.34 259.51
32.35 259.51
32.36 259.51
32.37 259.51
32.38 259.51
32.39 259.51
32.40 259.51
32.41 259.51
32.42 259.51
32.43 259.51
32.44 259.51
32.45 259.51
32.46 259.51
32.47 259.51
32.48 259.51
32.49 0.00
32.50 0.00
32.51 0.00
32.52 0.00
32.53 0.00
32.54 0.00
32.55 0.00
32.56 0.00
32.57 0.00
32.58 0.00
32.59 0.00
32.60 0.00
32.61 0.00
32.62 0.00
32.63 0.00
32.64 0.00
32.65 0.00
32.66 0.00
32.67 0.00
32.68 0.00
32.69 0.00
32.70 0.00
32.71 0.00
32.72 0.00
32.73 0.00
32.74 0.00
32.75 0.00
32.76 0.00
32.77 0.00
32.78 0.00
32.79 0.00
32.80 0.00
32.81 0.00
32.82 0.00
32.83 0.00
32.84 0.00
32.85 0.00
32.86 0.00
32.87 0.00
32.88 0.00
32.89 0.00
32.90 0.00
32.91 0.00
32.92 0.00
32.93 0.00
32.94 0.00
32.95 0.00
32.96 0.00
32.97 0.00
32.98 0.00
32.99 0.00
33.00 0.00
33.01 0.00
33.02 0.00
33.03 0.00
33.04 0.00
33.05 0.00
33.06 84.51
33.07 85.22
33.08 86.16
33.09 88.41
33.10 92.60
33.11 102.58
33.12 106.01
33.13 118.86
33.14 259.80
33.15 259.80
33.16 259.80
33.17 259.80
33.18 259.80
33.19 259.80
33.20 259.80
33.21 259.80
33.22 259.80
33.23 259.80
33.24 259.80
33.25 259.80
33.26 259.80
33.27 259.80
33.28 259.80
33.29 259.80
33.30 259.80
33.31 259.80
33.32 259.80
33.33 259.80
33.34 259.80
33.35 259.80
33.36 259.80
33.37 259.80
33.38 259.80
33.39 259.80
33.40 259.80
33.41 259.80
33.42 259.80
33.43 259.80
33.44 259.80
33.45 259.80
33.46 259.80
33.47 259.80
33.48 259.80
33.49 259.80
33.50 259.80
33.51 259.80
33.52 259.80
33.53 259.80
33.54 259.80
33.55 259.80
33.56 259.80
33.57 259.80
33.58 259.80
33.59 259.80
33.60 259.80
33.61 259.80
33.62 259.80
33.63 259.80
33.64 259.80
33.65 259.80
33.66 259.80
33.67 259.80
33.68 259.80
33.69 259.80
33.70 259.80
33.71 259.80
33.72 259.80
33.73 259.80
33.74 259.80
33.75 259.80
33.76 259.80
33.77 259.80
33.78 259.80
33.79 259.80
33.80 259.80
33.81 259.80
33.82 259.80
33.83 259.80
33.84 259.80
33.85 259.80
33.86 259.80
33.87 259.80
33.88 259.80
33.89 259.80
33.90 259.80
33.91 259.80
33.92 259.80
33.93 259.80
33.94 259.80
33.95 259.80
33.96 259.80
33.97 259.80
33.98 259.80
33.99 259.80
34.00 259.80
34.01 259.80
34.02 259.80
34.03 259.80
34.04 259.80
34.05 259.80
34.06 259.80
34.07 259.80
34.08 259.80
34.09 259.80
34.10 259.80
34.11 259.80
34.12 259.80
34.13 259.80
34.14 259.80
34.15 259.80
34.16 259.80
34.17 259.80
34.18 259.80
34.19 259.80
34.20 259.80
34.21 259.80
34.22 259.80
34.23 259.80
34.24 259.80
34.25 259.80
34.26 259.80
34.27 259.80
34.28 259.80
34.29 259.80
34.30 259.80
34.31 259.80
34.32 259.80
34.33 259.80
34.34 259.80
34.35 259.80
34.36 259.80
34.37 259.80
34.38 259.80
34.39 259.80
34.40 259.80
34.41 259.80
34.42 259.80
34.43 259.80
34.44 259.80
34.45 259.80
34.46 259.80
34.47 259.80
34.48 259.80
34.49 259.80
34.50 259.80
34.51 259.80
34.52 259.80
34.53 259.80
34.54 259.80
34.55 259.80
34.56 259.80
34.57 259.80
34.58 259.80
34.59 259.80
34.60 259.80
34.61 259.80
34.62 259.80
34.63 259.80
34.64 259.80
34.65 259.80
34.66 259.80
34.67 259.80
34.68 259.80
34.69 259.80
34.70 259.80
34.71 259.80
34.72 259.80
34.73 259.80
34.74 259.80
34.75 259.80
34.76 259.80
34.77 259.80
34.78 259.80
34.79 259.80
34.80 259.80
34.81 259.80
34.82 259.80
34.83 259.80
34.84 259.80
34.85 259.80
34.86 259.80
34.87 259.80
34.88 259.80
34.89 259.80
34.90 259.80
34.91 259.80
34.92 259.80
34.93 259.80
34.94 259.80
34.95 259.80
34.96 259.80
34.97 259.80
34.98 259.80
34.99 259.80
35.00 259.80
35.01 259.80
35.02 259.80
35.03 259.80
35.04 259.80
35.05 259.80
35.06 259.80
35.07 259.80
35.08 259.80
35.09 259.80
35.10 259.80
35.11 259.80
35.12 259.80
35.13 259.80
35.14 259.80
35.15 259.80
35.16 259.80
35.17 259.80
35.18 259.80
35.19 259.80
35.20 259.80
35.21 259.80
35.22 259.80
35.23 259.80
35.24 259.80
35.25 259.80
35.26 259.80
35.27 259.80
35.28 259.80
35.29 259.80
35.30 241.65
35.31 241.65
35.32 241.65
35.33 241.65
35.34 241.65
35.35 241.65
35.36 241.65
35.37 241.65
35.38 241.65
35.39 241.65
35.40 241.65
35.41 241.65
35.42 241.65
35.43 -1.00
35.44 -1.00
35.45 -1.00
35.46 -1.00
35.47 -1.00
35.48 -1.00
35.49 214.26
35.50 214.26
35.51 214.26
35.52 214.26
35.53 214.26
35.54 214.26
35.55 214.26
35.56 214.26
35.57 214.26
35.58 214.26
35.59 214.26
35.60 214.26
35.61 214.26
35.62 214.26
35.63 214.26
35.64 214.26
35.65 214.26
35.66 214.26
35.67 214.26
35.68 214.26
35.69 214.26
35.70 214.26
35.71 214.26
35.72 214.26
35.73 214.26
35.74 116.73
35.75 246.03
35.76 246.03
35.77 246.03
35.78 246.03
35.79 246.03
35.80 246.03
35.81 246.03
35.82 246.03
35.83 246.03
35.84 235.23
35.85 235.23
35.86 235.23
35.87 235.23
35.88 235.23
35.89 235.23
35.90 235.23
35.91 235.23
35.92 235.23
35.93 235.23
35.94 235.23
35.95 235.23
35.96 235.23
35.97 235.23
35.98 235.23
35.99 235.23
36.00 235.23
36.01 235.23
36.02 235.23
36.03 235.23
36.04 235.23
36.05 235.23
36.06 235.23
36.07 235.23
36.08 235.23
36.09 235.23
36.10 235.23
36.11 235.23
36.12 235.23
36.13 235.23
36.14 235.23
36.15 235.23
36.16 235.23
36.17 235.23
36.18 235.23
36.19 235.23
36.20 235.23
36.21 235.23
36.22 235.23
36.23 235.23
36.24 235.23
36.25 235.23
36.26 235.23
36.27 235.23
36.28 235.23
36.29 235.23
36.30 235.23
36.31 235.23
36.32 235.23
36.33 235.23
36.34 235.23
36.35 235.23
36.36 235.23
36.37 235.23
36.38 235.23
36.39 235.23
36.40 235.23
36.41 235.23
36.42 235.23
36.43 235.23
36.44 235.23
36.45 235.23
36.46 235.23
36.47 235.23
36.48 235.23
36.49 235.23
36.50 235.23
36.51 235.23
36.52 235.23
36.53 235.23
36.54 235.23
36.55 235.23
36.56 235.23
36.57 235.23
36.58 235.23
36.59 235.23
36.60 235.23
36.61 235.23
36.62 235.23
36.63 215.31
36.64 215.31
36.65 215.31
36.66 215.31
36.67 215.31
36.68 215.31
36.69 215.31
36.70 215.31
36.71 215.31
36.72 215.31
36.73 215.31
36.74 215.31
36.75 215.31
36.76 215.31
36.77 215.31
36.78 215.31
36.79 215.31
36.80 185.72
36.81 185.72
36.82 185.72
36.83 185.72
36.84 185.72
36.85 185.72
36.86 185.72
36.87 198.01
36.88 198.01
36.89 198.01
36.90 198.01
36.91 198.01
36.92 198.01
36.93 198.01
36.94 198.01
36.95 198.01
36.96 198.01
36.97 198.01
36.98 198.01
36.99 198.01
37.00 198.01
37.01 198.01
37.02 198.01
37.03 198.01
37.04 198.01
37.05 198.01
37.06 198.01
37.07 198.01
37.08 198.01
37.09 198.01
37.10 198.01
37.11 198.01
37.12 198.01
37.13 198.01
37.14 214.59
37.15 214.59
37.16 214.59
37.17 214.59
37.18 214.59
37.19 214.59
37.20 214.59
37.21 214.59
37.22 214.59
37.23 214.59
37.24 214.59
37.25 214.59
37.26 214.59
37.27 214.59
37.28 214.59
37.29 214.59
37.30 214.59
37.31 214.59
37.32 214.59
37.33 214.59
37.34 214.59
37.35 214.59
37.36 214.59
37.37 214.59
37.38 214.59
37.39 214.59
37.40 214.59
37.41 214.59
37.42 214.59
37.43 236.13
37.44 236.13
37.45 236.13
37.46 236.13
37.47 236.13
37.48 236.13
37.49 236.13
37.50 236.13
37.51 236.13
37.52 236.13
37.53 236.13
37.54 236.13
37.55 236.13
37.56 236.13
37.57 236.13
37.58 236.13
37.59 236.13
37.60 236.13
37.61 236.13
37.62 236.13
37.63 236.13
37.64 236.13
37.65 236.13
37.66 236.13
37.67 236.13
37.68 236.13
37.69 236.13
37.70 236.13
37.71 260.62
37.72 260.62
37.73 260.62
37.74 260.62
37.75 260.62
37.76 260.62
37.77 260.62
37.78 260.62
37.79 260.62
37.80 260.62
37.81 260.62
37.82 260.62
37.83 260.62
37.84 260.62
37.85 260.62
37.86 260.62
37.87 260.62
37.88 260.62
37.89 260.62
37.90 260.62
37.91 260.62
37.92 260.62
37.93 260.62
37.94 260.62
37.95 260.62
37.96 260.62
37.97 260.62
37.98 260.62
37.99 260.62
38.00 260.62
38.01 260.62
38.02 260.62
38.03 260.62
38.04 260.62
38.05 260.62
38.06 260.62
38.07 260.62
38.08 260.62
38.09 260.62
38.10 260.62
38.11 260.62
38.12 260.62
38.13 260.62
38.14 260.62
38.15 260.62
38.16 260.62
38.17 260.62
38.18 260.62
38.19 260.62
38.20 260.62
38.21 260.62
38.22 260.62
38.23 260.62
38.24 233.95
38.25 233.95
38.26 233.95
38.27 233.95
38.28 233.95
38.29 233.95
38.30 233.95
38.31 269.77
38.32 269.77
38.33 269.77
38.34 269.77
38.35 269.77
38.36 269.77
38.37 269.77
38.38 234.29
38.39 234.29
38.40 234.29
38.41 234.29
38.42 234.29
38.43 234.29
38.44 234.29
38.45 234.29
38.46 234.29
38.47 234.29
38.48 234.29
38.49 234.29
38.50 234.29
38.51 234.29
38.52 234.29
38.53 234.29
38.54 234.29
38.55 234.29
38.56 234.29
38.57 234.29
38.58 234.29
38.59 234.29
38.60 234.29
38.61 234.29
38.62 234.29
38.63 234.29
38.64 234.29
38.65 234.29
38.66 234.29
38.67 214.87
38.68 214.87
38.69 214.87
38.70 214.87
38.71 214.87
38.72 214.87
38.73 214.87
38.74 214.87
38.75 214.87
38.76 214.87
38.77 214.87
38.78 214.87
38.79 214.87
38.80 214.87
38.81 214.87
38.82 214.87
38.83 214.87
38.84 214.87
38.85 214.87
38.86 214.87
38.87 214.87
38.88 214.87
38.89 214.87
38.90 214.87
38.91 214.87
38.92 214.87
38.93 214.87
38.94 214.87
38.95 214.87
38.96 214.87
38.97 214.87
38.98 214.87
38.99 233.69
39.00 233.69
39.01 233.69
39.02 233.69
39.03 233.69
39.04 233.69
39.05 233.69
39.06 233.69
39.07 233.69
39.08 233.69
39.09 233.69
39.10 233.69
39.11 233.69
39.12 233.69
39.13 233.69
39.14 233.69
39.15 233.69
39.16 233.69
39.17 233.69
39.18 233.69
39.19 233.69
39.20 207.03
39.21 207.03
39.22 207.03
39.23 207.03
39.24 207.03
39.25 207.03
39.26 207.03
39.27 207.03
39.28 207.03
39.29 207.03
39.30 207.03
39.31 207.03
39.32 207.03
39.33 207.03
39.34 207.03
39.35 193.54
39.36 193.54
39.37 193.54
39.38 193.54
39.39 193.54
39.40 193.54
39.41 193.54
39.42 193.54
39.43 193.54
39.44 193.54
39.45 193.54
39.46 193.54
39.47 193.54
39.48 193.54
39.49 193.54
39.50 193.54
39.51 193.54
39.52 193.54
39.53 193.54
39.54 193.54
39.55 193.54
39.56 193.54
39.57 193.54
39.58 193.54
39.59 193.54
39.60 193.54
39.61 -1.00
39.62 -1.00
39.63 -1.00
39.64 -1.00
39.65 -1.00
39.66 -1.00
39.67 -1.00
39.68 -1.00
39.69 -1.00
39.70 211.78
39.71 211.78
39.72 211.78
39.73 211.78
39.74 211.78
39.75 211.78
39.76 211.78
39.77 211.78
39.78 211.78
39.79 211.78
39.80 211.78
39.81 211.78
39.82 211.78
39.83 211.78
39.84 211.78
39.85 211.78
39.86 211.78
39.87 211.78
39.88 211.78
39.89 211.78
39.90 211.78
39.91 211.78
39.92 211.78
39.93 211.78
39.94 211.78
39.95 211.78
39.96 211.78
39.97 211.78
39.98 211.78
39.99 211.78
40.00 211.78
40.01 211.78
40.02 211.78
40.03 211.78
40.04 211.78
40.05 211.78
40.06 211.78
40.07 211.78
40.08 211.78
40.09 211.78
40.10 211.78
40.11 211.78
40.12 211.78
40.13 211.78
40.14 211.78
40.15 211.78
40.16 211.78
40.17 211.78
40.18 211.78
40.19 211.78
40.20 211.78
40.21 211.78
40.22 211.78
40.23 211.78
40.24 211.78
40.25 211.78
40.26 211.78
40.27 211.78
40.28 211.78
40.29 96.21
40.30 91.72
40.31 90.23
40.32 87.09
40.33 78.49
40.34 69.45
40.35 0.00
40.36 0.00
40.37 0.00
40.38 0.00
40.39 0.00
40.40 0.00
40.41 0.00
40.42 0.00
40.43 0.00
40.44 0.00
40.45 0.00
40.46 0.00
40.47 0.00
40.48 0.00
40.49 0.00
40.50 0.00
40.51 0.00
40.52 0.00
40.53 0.00
40.54 0.00
40.55 0.00
40.56 0.00
40.57 0.00
40.58 0.00
40.59 0.00
40.60 0.00
40.61 0.00
40.62 0.00
40.63 0.00
40.64 0.00
40.65 0.00
40.66 0.00
40.67 0.00
40.68 0.00
40.69 0.00
40.70 0.00
40.71 0.00
40.72 0.00
40.73 0.00
40.74 0.00
40.75 0.00
40.76 0.00
40.77 0.00
40.78 0.00
40.79 0.00
40.80 0.00
40.81 0.00
40.82 0.00
40.83 0.00
40.84 0.00
40.85 0.00
40.86 78.49
40.87 90.82
40.88 100.68
40.89 100.70
40.90 103.26
40.91 105.74
40.92 110.28
40.93 117.57
40.94 258.96
40.95 258.96
40.96 258.96
40.97 258.96
40.98 258.96
40.99 258.96
41.00 258.96
41.01 258.96
41.02 258.96
41.03 258.96
41.04 258.96
41.05 258.96
41.06 258.96
41.07 258.96
41.08 258.96
41.09 258.96
41.10 258.96
41.11 258.96
41.12 258.96
41.13 258.96
41.14 258.96
41.15 258.96
41.16 258.96
41.17 258.96
41.18 258.96
41.19 258.96
41.20 258.96
41.21 258.96
41.22 258.96
41.23 258.96
41.24 258.96
41.25 258.96
41.26 258.96
41.27 258.96
41.28 258.96
41.29 258.96
41.30 258.96
41.31 258.96
41.32 258.96
41.33 258.96
41.34 258.96
41.35 258.96
41.36 258.96
41.37 258.96
41.38 258.96
41.39 258.96
41.40 258.96
41.41 258.96
41.42 258.96
41.43 258.96
41.44 258.96
41.45 258.96
41.46 258.96
41.47 258.96
41.48 258.96
41.49 258.96
41.50 258.96
41.51 258.96
41.52 258.96
41.53 258.96
41.54 258.96
41.55 258.96
41.56 258.96
41.57 258.96
41.58 258.96
41.59 258.96
41.60 258.96
41.61 258.96
41.62 258.96
41.63 258.96
41.64 258.96
41.65 258.96
41.66 258.96
41.67 258.96
41.68 258.96
41.69 258.96
41.70 258.96
41.71 258.96
41.72 258.96
41.73 258.96
41.74 258.96
41.75 258.96
41.76 258.96
41.77 258.96
41.78 258.96
41.79 258.96
41.80 258.96
41.81 258.96
41.82 258.96
41.83 258.96
41.84 258.96
41.85 258.96
41.86 258.96
41.87 258.96
41.88 258.96
41.89 258.96
41.90 283.43
41.91 283.43
41.92 283.43
41.93 283.43
41.94 283.43
41.95 283.43
41.96 283.43
41.97 283.43
41.98 283.43
41.99 283.43
42.00 283.43
42.01 283.43
42.02 283.43
42.03 283.43
42.04 283.43
42.05 283.43
42.06 283.43
42.07 283.43
42.08 283.43
42.09 283.43
42.10 283.43
42.11 283.43
42.12 283.43
42.13 283.43
42.14 283.43
42.15 283.43
42.16 283.43
42.17 283.43
42.18 283.43
42.19 283.43
42.20 283.43
42.21 283.43
42.22 257.83
42.23 257.83
42.24 257.83
42.25 257.83
42.26 257.83
42.27 257.83
42.28 257.83
42.29 257.83
42.30 257.83
42.31 257.83
42.32 257.83
42.33 257.83
42.34 257.83
42.35 257.83
42.36 257.83
42.37 257.83
42.38 257.83
42.39 257.83
42.40 257.83
42.41 257.83
42.42 257.83
42.43 257.83
42.44 257.83
42.45 257.83
42.46 257.83
42.47 257.83
42.48 257.83
42.49 257.83
42.50 257.83
42.51 257.83
42.52 257.83
42.53 257.83
42.54 257.83
42.55 257.83
42.56 257.83
42.57 257.83
42.58 257.83
42.59 257.83
42.60 257.83
42.61 257.83
42.62 257.83
42.63 257.83
42.64 257.83
42.65 257.83
42.66 257.83
42.67 257.83
42.68 257.83
42.69 257.83
42.70 257.83
42.71 257.83
42.72 257.83
42.73 257.83
42.74 257.83
42.75 257.83
42.76 257.83
42.77 257.83
42.78 257.83
42.79 257.83
42.80 -1.00
42.81 -1.00
42.82 -1.00
42.83 -1.00
42.84 -1.00
42.85 -1.00
42.86 237.96
42.87 237.96
42.88 237.96
42.89 237.96
42.90 237.96
42.91 237.96
42.92 237.96
42.93 237.96
42.94 237.96
42.95 237.96
42.96 237.96
42.97 237.96
42.98 237.96
42.99 237.96
43.00 237.96
43.01 237.96
43.02 237.96
43.03 237.96
43.04 237.96
43.05 237.96
43.06 237.96
43.07 237.96
43.08 237.96
43.09 237.96
43.10 237.96
43.11 237.96
43.12 237.96
43.13 237.96
43.14 -1.00
43.15 -1.00
43.16 -1.00
43.17 -1.00
43.18 -1.00
43.19 -1.00
43.20 -1.00
43.21 292.18
43.22 292.18
43.23 292.18
43.24 292.18
43.25 292.18
43.26 292.18
43.27 292.18
43.28 292.18
43.29 292.18
43.30 292.18
43.31 292.18
43.32 292.18
43.33 292.18
43.34 292.18
43.35 292.18
43.36 292.18
43.37 292.18
43.38 292.18
43.39 292.18
43.40 292.18
43.41 292.18
43.42 292.18
43.43 292.18
43.44 292.18
43.45 292.18
43.46 292.18
43.47 292.18
43.48 292.18
43.49 292.18
43.50 292.18
43.51 292.18
43.52 292.18
43.53 292.18
43.54 292.18
43.55 292.18
43.56 292.18
43.57 292.18
43.58 292.18
43.59 292.18
43.60 292.18
43.61 292.18
43.62 292.18
43.63 292.18
43.64 292.18
43.65 292.18
43.66 292.18
43.67 292.18
43.68 292.18
43.69 292.18
43.70 292.18
43.71 292.18
43.72 292.18
43.73 292.18
43.74 292.18
43.75 292.18
43.76 292.18
43.77 292.18
43.78 292.18
43.79 292.18
43.80 292.18
43.81 292.18
43.82 292.18
43.83 292.18
43.84 292.18
43.85 292.18
43.86 292.18
43.87 292.18
43.88 292.18
43.89 292.18
43.90 292.18
43.91 292.18
43.92 292.18
43.93 292.18
43.94 292.18
43.95 292.18
43.96 292.18
43.97 292.18
43.98 292.18
43.99 292.18
44.00 292.18
44.01 292.18
44.02 292.18
44.03 292.18
44.04 292.18
44.05 292.18
44.06 292.18
44.07 292.18
44.08 292.18
44.09 292.18
44.10 292.18
44.11 292.18
44.12 292.18
44.13 292.18
44.14 292.18
44.15 292.18
44.16 292.18
44.17 292.18
44.18 292.18
44.19 292.18
44.20 292.18
44.21 292.18
44.22 292.18
44.23 292.18
44.24 292.18
44.25 292.18
44.26 292.18
44.27 292.18
44.28 292.18
44.29 292.18
44.30 292.18
44.31 292.18
44.32 292.18
44.33 292.18
44.34 292.18
44.35 292.18
44.36 292.18
44.37 292.18
44.38 292.18
44.39 292.18
44.40 292.18
44.41 292.18
44.42 292.18
44.43 292.18
44.44 292.18
44.45 292.18
44.46 292.18
44.47 292.18
44.48 292.18
44.49 292.18
44.50 292.18
44.51 292.18
44.52 292.18
44.53 292.18
44.54 292.18
44.55 292.18
44.56 292.18
44.57 292.18
44.58 292.18
44.59 292.18
44.60 292.18
44.61 292.18
44.62 292.18
44.63 292.18
44.64 292.18
44.65 292.18
44.66 292.18
44.67 292.18
44.68 292.18
44.69 292.18
44.70 292.18
44.71 292.18
44.72 292.18
44.73 292.18
44.74 292.18
44.75 292.18
44.76 292.18
44.77 292.18
44.78 292.18
44.79 292.18
44.80 292.18
44.81 292.18
44.82 292.18
44.83 292.18
44.84 292.18
44.85 292.18
44.86 292.18
44.87 292.18
44.88 292.18
44.89 292.18
44.90 292.18
44.91 292.18
44.92 292.18
44.93 292.18
44.94 292.18
44.95 292.18
44.96 292.18
44.97 292.18
44.98 292.18
44.99 292.18
45.00 292.18
45.01 292.18
45.02 292.18
45.03 292.18
45.04 292.18
45.05 292.18
45.06 292.18
45.07 292.18
45.08 292.18
45.09 292.18
45.10 292.18
45.11 292.18
45.12 292.18
45.13 292.18
45.14 292.18
45.15 292.18
45.16 292.18
45.17 292.18
45.18 292.18
45.19 292.18
45.20 292.18
45.21 292.18
45.22 292.18
45.23 292.18
45.24 292.18
45.25 292.18
45.26 292.18
45.27 292.18
45.28 292.18
45.29 292.18
45.30 292.18
45.31 292.18
45.32 292.18
45.33 292.18
45.34 292.18
45.35 292.18
45.36 292.18
45.37 292.18
45.38 292.18
45.39 292.18
45.40 292.18
45.41 292.18
45.42 292.18
45.43 292.18
45.44 292.18
45.45 292.18
45.46 292.18
45.47 292.18
45.48 292.18
45.49 292.18
45.50 292.18
45.51 292.18
45.52 292.18
45.53 292.18
45.54 292.18
45.55 292.18
45.56 292.18
45.57 292.18
45.58 292.18
45.59 292.18
45.60 292.18
45.61 292.18
45.62 292.18
45.63 292.18
45.64 292.18
45.65 292.18
45.66 0.00
45.67 0.00
45.68 0.00
45.69 0.00
45.70 0.00
45.71 0.00
45.72 0.00
45.73 0.00
45.74 0.00
45.75 0.00
45.76 0.00
45.77 0.00
45.78 0.00
45.79 0.00
45.80 0.00
45.81 0.00
45.82 0.00
45.83 0.00
45.84 0.00
45.85 0.00
45.86 0.00
45.87 0.00
45.88 0.00
45.89 0.00
45.90 0.00
45.91 0.00
45.92 0.00
45.93 0.00
45.94 0.00
45.95 0.00
45.96 0.00
45.97 0.00
45.98 0.00
45.99 0.00
46.00 0.00
46.01 0.00
46.02 0.00
46.03 0.00
46.04 0.00
46.05 0.00
46.06 0.00
46.07 0.00
46.08 0.00
46.09 0.00
46.10 0.00
46.11 213.18
46.12 213.18
46.13 213.18
46.14 213.18
46.15 213.18
46.16 213.18
46.17 213.18
46.18 213.18
46.19 213.18
46.20 213.18
46.21 213.18
46.22 213.18
46.23 213.18
46.24 220.98
46.25 220.98
46.26 220.98
46.27 220.98
46.28 220.98
46.29 220.98
46.30 220.98
46.31 220.98
46.32 213.78
46.33 213.78
46.34 213.78
46.35 213.78
46.36 213.78
46.37 213.78
46.38 213.78
46.39 217.25
46.40 217.25
46.41 217.25
46.42 217.25
46.43 217.25
46.44 217.25
46.45 217.25
46.46 217.25
46.47 217.25
46.48 217.25
46.49 217.25
46.50 217.25
46.51 217.25
46.52 217.25
46.53 217.25
46.54 217.25
46.55 217.25
46.56 217.25
46.57 217.25
46.58 217.25
46.59 217.25
46.60 217.25
46.61 217.25
46.62 217.25
46.63 217.25
46.64 217.25
46.65 217.25
46.66 217.25
46.67 217.25
46.68 217.25
46.69 217.25
46.70 217.25
46.71 217.25
46.72 217.25
46.73 217.25
46.74 217.25
46.75 240.78
46.76 240.78
46.77 240.78
46.78 240.78
46.79 240.78
46.80 240.78
46.81 240.78
46.82 240.78
46.83 240.78
46.84 240.78
46.85 240.78
46.86 240.78
46.87 240.78
46.88 240.78
46.89 240.78
46.90 240.78
46.91 240.78
46.92 240.78
46.93 240.78
46.94 240.78
46.95 240.78
46.96 240.78
46.97 240.78
46.98 240.78
46.99 240.78
47.00 240.78
47.01 240.78
47.02 240.78
47.03 240.78
47.04 240.78
47.05 240.78
47.06 240.78
47.07 240.78
47.08 240.78
47.09 240.78
47.10 240.78
47.11 240.78
47.12 240.78
47.13 240.78
47.14 240.78
47.15 240.78
47.16 240.78
47.17 240.78
47.18 240.78
47.19 240.78
47.20 240.78
47.21 240.78
47.22 240.78
47.23 240.78
47.24 240.78
47.25 240.78
47.26 240.78
47.27 240.78
47.28 240.78
47.29 240.78
47.30 240.78
47.31 240.78
47.32 240.78
47.33 240.78
47.34 240.78
47.35 240.78
47.36 240.78
47.37 240.78
47.38 264.28
47.39 264.28
47.40 264.28
47.41 264.28
47.42 264.28
47.43 264.28
47.44 264.28
47.45 264.28
47.46 264.28
47.47 264.28
47.48 264.28
47.49 264.28
47.50 264.28
47.51 264.28
47.52 264.28
47.53 264.28
47.54 264.28
47.55 264.28
47.56 264.28
47.57 264.28
47.58 264.28
47.59 264.28
47.60 264.28
47.61 264.28
47.62 264.28
47.63 264.28
47.64 264.28
47.65 264.28
47.66 264.28
47.67 264.28
47.68 264.28
47.69 264.28
47.70 264.28
47.71 264.28
47.72 264.28
47.73 264.28
47.74 264.28
47.75 264.28
47.76 264.28
47.77 264.28
47.78 264.28
47.79 264.28
47.80 264.28
47.81 264.28
47.82 264.28
47.83 264.28
47.84 264.28
47.85 264.28
47.86 264.28
47.87 264.28
47.88 264.28
47.89 264.28
47.90 264.28
47.91 264.28
47.92 264.28
47.93 264.28
47.94 264.28
47.95 264.28
47.96 264.28
47.97 264.28
47.98 264.28
47.99 264.28
48.00 264.28
48.01 264.28
48.02 264.28
48.03 264.28
48.04 264.28
48.05 264.28
48.06 264.28
48.07 264.28
48.08 264.28
48.09 264.28
48.10 264.28
48.11 264.28
48.12 264.28
48.13 264.28
48.14 264.28
48.15 264.28
48.16 264.28
48.17 264.28
48.18 264.28
48.19 264.28
48.20 264.28
48.21 264.28
48.22 264.28
48.23 264.28
48.24 264.28
48.25 264.28
48.26 264.28
48.27 264.28
48.28 264.28
48.29 264.28
48.30 264.28
48.31 -1.00
48.32 -1.00
48.33 -1.00
48.34 -1.00
48.35 286.20
48.36 286.20
48.37 286.20
48.38 286.20
48.39 286.20
48.40 286.20
48.41 286.20
48.42 286.20
48.43 286.20
48.44 286.20
48.45 286.20
48.46 286.20
48.47 286.20
48.48 286.20
48.49 286.20
48.50 286.20
48.51 286.20
48.52 286.20
48.53 286.20
48.54 286.20
48.55 286.20
48.56 267.06
48.57 267.06
48.58 267.06
48.59 267.06
48.60 267.06
48.61 267.06
48.62 267.06
48.63 283.80
48.64 283.80
48.65 283.80
48.66 283.80
48.67 283.80
48.68 283.80
48.69 283.80
48.70 283.80
48.71 261.13
48.72 261.13
48.73 261.13
48.74 261.13
48.75 261.13
48.76 261.13
48.77 261.13
48.78 261.13
48.79 261.13
48.80 261.13
48.81 261.13
48.82 261.13
48.83 261.13
48.84 261.13
48.85 261.13
48.86 261.13
48.87 261.13
48.88 261.13
48.89 261.13
48.90 261.13
48.91 261.13
48.92 261.13
48.93 261.13
48.94 261.13
48.95 261.13
48.96 261.13
48.97 261.13
48.98 261.13
48.99 261.13
49.00 261.13
49.01 286.55
49.02 286.55
49.03 286.55
49.04 286.55
49.05 286.55
49.06 286.55
49.07 286.55
49.08 286.55
49.09 286.55
49.10 286.55
49.11 286.55
49.12 286.55
49.13 286.55
49.14 286.55
49.15 286.55
49.16 286.55
49.17 286.55
49.18 286.55
49.19 286.55
49.20 286.55
49.21 286.55
49.22 286.55
49.23 286.55
49.24 286.55
49.25 286.55
49.26 286.55
49.27 286.55
49.28 286.55
49.29 286.55
49.30 286.55
49.31 286.55
49.32 286.55
49.33 286.55
49.34 259.92
49.35 259.92
49.36 259.92
49.37 259.92
49.38 259.92
49.39 259.92
49.40 259.92
49.41 259.92
49.42 259.92
49.43 259.92
49.44 259.92
49.45 259.92
49.46 259.92
49.47 259.92
49.48 259.92
49.49 259.92
49.50 259.92
49.51 259.92
49.52 259.92
49.53 259.92
49.54 259.92
49.55 259.92
49.56 259.92
49.57 259.92
49.58 259.92
49.59 259.92
49.60 259.92
49.61 259.92
49.62 259.92
49.63 259.92
49.64 259.92
49.65 259.92
49.66 259.92
49.67 243.10
49.68 243.10
49.69 243.10
49.70 243.10
49.71 243.10
49.72 243.10
49.73 243.10
49.74 243.10
49.75 243.10
49.76 243.10
49.77 243.10
49.78 243.10
49.79 243.10
49.80 243.10
49.81 243.10
49.82 243.10
49.83 243.10
49.84 243.10
49.85 243.10
49.86 243.10
49.87 243.10
49.88 243.10
49.89 243.10
49.90 243.10
49.91 264.00
49.92 264.00
49.93 264.00
49.94 264.00
49.95 264.00
49.96 264.00
49.97 264.00
49.98 264.00
49.99 264.00
50.00 264.00
50.01 264.00
50.02 264.00
50.03 264.00
50.04 264.00
50.05 264.00
50.06 264.00
50.07 264.00
50.08 264.00
50.09 264.00
50.10 264.00
50.11 264.00
50.12 264.00
50.13 264.00
50.14 264.00
50.15 264.00
50.16 264.00
50.17 264.00
50.18 264.00
50.19 264.00
50.20 264.00
50.21 264.00
50.22 264.00
50.23 264.00
50.24 264.00
50.25 264.00
50.26 264.00
50.27 264.00
50.28 264.00
50.29 264.00
50.30 264.00
50.31 264.00
50.32 264.00
50.33 264.00
50.34 264.00
50.35 264.00
50.36 264.00
50.37 264.00
50.38 264.00
50.39 264.00
50.40 264.00
50.41 264.00
50.42 264.00
50.43 264.00
50.44 264.00
50.45 264.00
50.46 264.00
50.47 264.00
50.48 264.00
50.49 264.00
50.50 264.00
50.51 264.00
50.52 264.00
50.53 264.00
50.54 264.00
50.55 264.00
50.56 264.00
50.57 264.00
50.58 264.00
50.59 264.00
50.60 264.00
50.61 264.00
50.62 264.00
50.63 264.00
50.64 264.00
50.65 264.00
50.66 264.00
50.67 264.00
50.68 264.00
50.69 264.00
50.70 264.00
50.71 264.00
50.72 264.00
50.73 264.00
50.74 264.00
50.75 264.00
50.76 264.00
50.77 264.00
50.78 264.00
50.79 264.00
50.80 264.00
50.81 264.00
50.82 264.00
50.83 264.00
50.84 264.00
50.85 264.00
50.86 264.00
50.87 264.00
50.88 264.00
50.89 264.00
50.90 264.00
50.91 264.00
50.92 264.00
50.93 264.00
50.94 264.00
50.95 264.00
50.96 264.00
50.97 264.00
50.98 264.00
50.99 264.00
51.00 264.00
51.01 264.00
51.02 264.00
51.03 264.00
51.04 264.00
51.05 264.00
51.06 264.00
51.07 264.00
51.08 119.49
51.09 114.13
51.10 213.92
51.11 213.92
51.12 213.92
51.13 213.92
51.14 213.92
51.15 213.92
51.16 213.92
51.17 213.92
51.18 213.92
51.19 -1.00
51.20 -1.00
51.21 -1.00
51.22 -1.00
51.23 -1.00
51.24 -1.00
51.25 -1.00
51.26 -1.00
51.27 241.48
51.28 241.48
51.29 241.48
51.30 241.48
51.31 241.48
51.32 241.48
51.33 241.48
51.34 241.48
51.35 241.48
51.36 241.48
51.37 241.48
51.38 241.48
51.39 241.48
51.40 241.48
51.41 241.48
51.42 241.48
51.43 241.48
51.44 241.48
51.45 241.48
51.46 241.48
51.47 241.48
51.48 241.48
51.49 241.48
51.50 241.48
51.51 241.48
51.52 241.48
51.53 241.48
51.54 241.48
51.55 241.48
51.56 241.48
51.57 241.48
51.58 241.48
51.59 241.48
51.60 241.48
51.61 241.48
51.62 241.48
51.63 241.48
51.64 241.48
51.65 241.48
51.66 241.48
51.67 241.48
51.68 241.48
51.69 241.48
51.70 241.48
51.71 241.48
51.72 241.48
51.73 241.48
51.74 241.48
51.75 241.48
51.76 241.48
51.77 241.48
51.78 241.48
51.79 241.48
51.80 241.48
51.81 241.48
51.82 241.48
51.83 241.48
51.84 241.48
51.85 241.48
51.86 241.48
51.87 241.48
51.88 241.48
51.89 241.48
51.90 241.48
51.91 241.48
51.92 241.48
51.93 241.48
51.94 241.48
51.95 241.48
51.96 241.48
51.97 241.48
51.98 241.48
51.99 241.48
52.00 241.48
52.01 241.48
52.02 241.48
52.03 241.48
52.04 241.48
52.05 241.48
52.06 241.48
52.07 241.48
52.08 241.48
52.09 241.48
52.10 241.48
52.11 241.48
52.12 241.48
52.13 241.48
52.14 241.48
52.15 241.48
52.16 241.48
52.17 241.48
52.18 241.48
52.19 241.48
52.20 241.48
52.21 0.00
52.22 0.00
52.23 0.00
52.24 0.00
52.25 0.00
52.26 0.00
52.27 0.00
52.28 0.00
52.29 0.00
52.30 0.00
52.31 0.00
52.32 0.00
52.33 0.00
52.34 0.00
52.35 0.00
52.36 0.00
52.37 0.00
52.38 0.00
52.39 0.00
52.40 0.00
52.41 0.00
52.42 0.00
52.43 0.00
52.44 0.00
52.45 0.00
52.46 0.00
52.47 0.00
52.48 0.00
52.49 0.00
52.50 0.00
52.51 0.00
52.52 0.00
52.53 0.00
52.54 0.00
52.55 0.00
52.56 0.00
52.57 0.00
52.58 0.00
52.59 0.00
52.60 217.36
52.61 217.36
52.62 217.36
52.63 217.36
52.64 217.36
52.65 217.36
52.66 217.36
52.67 217.36
52.68 217.36
52.69 217.36
52.70 217.36
52.71 217.36
52.72 217.36
52.73 217.36
52.74 217.36
52.75 217.36
52.76 217.36
52.77 217.36
52.78 217.36
52.79 217.36
52.80 217.36
52.81 217.36
52.82 217.36
52.83 217.36
52.84 217.36
52.85 217.36
52.86 217.36
52.87 217.36
52.88 217.36
52.89 217.36
52.90 217.36
52.91 217.36
52.92 217.36
52.93 217.36
52.94 217.36
52.95 217.36
52.96 217.36
52.97 217.36
52.98 217.36
52.99 217.36
53.00 217.36
53.01 217.36
53.02 217.36
53.03 217.36
53.04 217.36
53.05 217.36
53.06 217.36
53.07 217.36
53.08 217.36
53.09 217.36
53.10 217.36
53.11 217.36
53.12 217.36
53.13 217.36
53.14 217.36
53.15 217.36
53.16 217.36
53.17 217.36
53.18 217.36
53.19 217.36
53.20 217.36
53.21 -1.00
53.22 -1.00
53.23 -1.00
53.24 -1.00
53.25 240.20
53.26 240.20
53.27 240.20
53.28 240.20
53.29 240.20
53.30 240.20
53.31 240.20
53.32 240.20
53.33 240.20
53.34 240.20
53.35 240.20
53.36 240.20
53.37 240.20
53.38 240.20
53.39 240.20
53.40 240.20
53.41 240.20
53.42 240.20
53.43 240.20
53.44 240.20
53.45 240.20
53.46 240.20
53.47 240.20
53.48 240.20
53.49 240.20
53.50 240.20
53.51 240.20
53.52 240.20
53.53 240.20
53.54 240.20
53.55 240.20
53.56 240.20
53.57 240.20
53.58 240.20
53.59 240.20
53.60 240.20
53.61 240.20
53.62 240.20
53.63 240.20
53.64 240.20
53.65 240.20
53.66 240.20
53.67 240.20
53.68 240.20
53.69 240.20
53.70 240.20
53.71 240.20
53.72 240.20
53.73 240.20
53.74 240.20
53.75 240.20
53.76 240.20
53.77 240.20
53.78 240.20
53.79 240.20
53.80 240.20
53.81 240.20
53.82 240.20
53.83 240.20
53.84 240.20
53.85 240.20
53.86 240.20
53.87 240.20
53.88 240.20
53.89 240.20
53.90 264.91
53.91 264.91
53.92 264.91
53.93 264.91
53.94 264.91
53.95 264.91
53.96 264.91
53.97 264.91
53.98 264.91
53.99 264.91
54.00 264.91
54.01 264.91
54.02 264.91
54.03 264.91
54.04 264.91
54.05 264.91
54.06 264.91
54.07 264.91
54.08 264.91
54.09 264.91
54.10 264.91
54.11 264.91
54.12 264.91
54.13 264.91
54.14 264.91
54.15 264.91
54.16 264.91
54.17 264.91
54.18 264.91
54.19 264.91
54.20 264.91
54.21 264.91
54.22 264.91
54.23 264.91
54.24 264.91
54.25 264.91
54.26 264.91
54.27 264.91
54.28 264.91
54.29 264.91
54.30 264.91
54.31 264.91
54.32 264.91
54.33 264.91
54.34 264.91
54.35 264.91
54.36 264.91
54.37 264.91
54.38 264.91
54.39 264.91
54.40 264.91
54.41 264.91
54.42 264.91
54.43 264.91
54.44 264.91
54.45 264.91
54.46 264.91
54.47 264.91
54.48 264.91
54.49 264.91
54.50 264.91
54.51 264.91
54.52 264.91
54.53 264.91
54.54 264.91
54.55 264.91
54.56 264.91
54.57 264.91
54.58 264.91
54.59 264.91
54.60 264.91
54.61 264.91
54.62 264.91
54.63 264.91
54.64 264.91
54.65 264.91
54.66 264.91
54.67 264.91
54.68 264.91
54.69 264.91
54.70 264.91
54.71 264.91
54.72 264.91
54.73 264.91
54.74 264.91
54.75 264.91
54.76 264.91
54.77 264.91
54.78 264.91
54.79 264.91
54.80 264.91
54.81 264.91
54.82 264.91
54.83 264.91
54.84 264.91
54.85 264.91
54.86 264.91
54.87 264.91
54.88 264.91
54.89 264.91
54.90 264.91
54.91 264.91
54.92 264.91
54.93 264.91
54.94 264.91
54.95 264.91
54.96 264.91
54.97 264.91
54.98 264.91
54.99 264.91
55.00 264.91
55.01 264.91
55.02 264.91
55.03 264.91
55.04 264.91
55.05 264.91
55.06 264.91
55.07 264.91
55.08 264.91
55.09 264.91
55.10 264.91
55.11 264.91
55.12 264.91
55.13 264.91
55.14 264.91
55.15 264.91
55.16 264.91
55.17 264.91
55.18 264.91
55.19 264.91
55.20 264.91
55.21 264.91
55.22 264.91
55.23 264.91
55.24 264.91
55.25 264.91
55.26 264.91
55.27 264.91
55.28 264.91
55.29 264.91
55.30 264.91
55.31 264.91
55.32 264.91
55.33 264.91
55.34 264.91
55.35 264.91
55.36 264.91
55.37 264.91
55.38 264.91
55.39 264.91
55.40 264.91
55.41 264.91
55.42 264.91
55.43 264.91
55.44 264.91
55.45 264.91
55.46 264.91
55.47 264.91
55.48 264.91
55.49 264.91
55.50 264.91
55.51 264.91
55.52 264.91
55.53 264.91
55.54 264.91
55.55 264.91
55.56 264.91
55.57 264.91
55.58 264.91
55.59 264.91
55.60 264.91
55.61 264.91
55.62 264.91
55.63 264.91
55.64 264.91
55.65 264.91
55.66 264.91
55.67 264.91
55.68 264.91
55.69 264.91
55.70 264.91
55.71 264.91
55.72 264.91
55.73 264.91
55.74 264.91
55.75 264.91
55.76 264.91
55.77 264.91
55.78 264.91
55.79 264.91
55.80 264.91
55.81 264.91
55.82 264.91
55.83 264.91
55.84 264.91
55.85 264.91
55.86 264.91
55.87 264.91
55.88 264.91
55.89 264.91
55.90 264.91
55.91 264.91
55.92 264.91
55.93 264.91
55.94 264.91
55.95 264.91
55.96 264.91
55.97 264.91
55.98 264.91
55.99 264.91
56.00 264.91
56.01 264.91
56.02 264.91
56.03 264.91
56.04 264.91
56.05 264.91
56.06 264.91
56.07 264.91
56.08 264.91
56.09 264.91
56.10 264.91
56.11 264.91
56.12 264.91
56.13 264.91
56.14 264.91
56.15 264.91
56.16 264.91
56.17 264.91
56.18 264.91
56.19 264.91
56.20 264.91
56.21 264.91
56.22 264.91
56.23 264.91
56.24 264.91
56.25 264.91
56.26 264.91
56.27 264.91
56.28 264.91
56.29 264.91
56.30 264.91
56.31 264.91
56.32 264.91
56.33 264.91
56.34 264.91
56.35 264.91
56.36 264.91
56.37 264.91
56.38 264.91
56.39 264.91
56.40 264.91
56.41 264.91
56.42 264.91
56.43 264.91
56.44 264.91
56.45 264.91
56.46 264.91
56.47 264.91
56.48 264.91
56.49 264.91
56.50 264.91
56.51 264.91
56.52 264.91
56.53 264.91
56.54 264.91
56.55 264.91
56.56 264.91
56.57 264.91
56.58 264.91
56.59 264.91
56.60 264.91
56.61 264.91
56.62 264.91
56.63 264.91
56.64 264.91
56.65 264.91
56.66 264.91
56.67 264.91
56.68 264.91
56.69 264.91
56.70 264.91
56.71 264.91
56.72 0.00
56.73 0.00
56.74 0.00
56.75 0.00
56.76 0.00
56.77 0.00
56.78 0.00
56.79 0.00
56.80 0.00
56.81 0.00
56.82 0.00
56.83 0.00
56.84 0.00
56.85 0.00
56.86 0.00
56.87 0.00
56.88 0.00
56.89 0.00
56.90 0.00
56.91 0.00
56.92 0.00
56.93 0.00
56.94 0.00
56.95 0.00
56.96 0.00
56.97 0.00
56.98 0.00
56.99 0.00
57.00 0.00
57.01 0.00
57.02 0.00
57.03 0.00
57.04 0.00
57.05 0.00
57.06 0.00
57.07 0.00
57.08 0.00
57.09 0.00
57.10 0.00
57.11 0.00
57.12 0.00
57.13 0.00
57.14 0.00
57.15 0.00
57.16 0.00
57.17 0.00
57.18 0.00
57.19 0.00
57.20 0.00
57.21 0.00
57.22 0.00
57.23 0.00
57.24 0.00
57.25 0.00
57.26 0.00
57.27 0.00
57.28 0.00
57.29 0.00
57.30 0.00
57.31 0.00
57.32 0.00
57.33 0.00
57.34 0.00
57.35 0.00
57.36 0.00
57.37 0.00
57.38 0.00
57.39 0.00
57.40 0.00
57.41 0.00
57.42 0.00
57.43 0.00
57.44 0.00
57.45 0.00
57.46 0.00
57.47 0.00
57.48 0.00
57.49 0.00
57.50 0.00
57.51 0.00
57.52 0.00
57.53 0.00
57.54 0.00
57.55 0.00
57.56 0.00
57.57 0.00
57.58 0.00
57.59 0.00
57.60 0.00
57.61 0.00
57.62 0.00
57.63 0.00
57.64 0.00
57.65 0.00
57.66 0.00
57.67 0.00
57.68 0.00
57.69 0.00
57.70 0.00
57.71 0.00
57.72 0.00
57.73 0.00
57.74 0.00
57.75 0.00
57.76 0.00
57.77 0.00
57.78 0.00
57.79 0.00
57.80 0.00
57.81 0.00
57.82 0.00
57.83 0.00
57.84 0.00
57.85 0.00
57.86 0.00
57.87 0.00
57.88 0.00
57.89 0.00
57.90 0.00
57.91 0.00
57.92 0.00
57.93 0.00
57.94 0.00
57.95 0.00
57.96 0.00
57.97 0.00
57.98 0.00
57.99 0.00
58.00 0.00
58.01 0.00
58.02 0.00
58.03 0.00
58.04 0.00
58.05 0.00
58.06 0.00
58.07 0.00
58.08 0.00
58.09 0.00
58.10 0.00
58.11 0.00
58.12 0.00
58.13 0.00
58.14 0.00
58.15 0.00
58.16 0.00
58.17 0.00
58.18 0.00
58.19 0.00
58.20 0.00
58.21 0.00
58.22 0.00
58.23 0.00
58.24 0.00
58.25 0.00
58.26 0.00
58.27 0.00
58.28 0.00
58.29 0.00
58.30 0.00
58.31 0.00
58.32 0.00
58.33 0.00
58.34 0.00
58.35 0.00
58.36 0.00
58.37 0.00
58.38 0.00
58.39 0.00
58.40 0.00
58.41 0.00
58.42 0.00
58.43 0.00
58.44 0.00
58.45 0.00
58.46 0.00
58.47 0.00
58.48 0.00
58.49 0.00
58.50 0.00
58.51 0.00
58.52 0.00
58.53 0.00
58.54 0.00
58.55 0.00
58.56 0.00
58.57 0.00
58.58 0.00
58.59 0.00
58.60 0.00
58.61 0.00
58.62 0.00
58.63 0.00
58.64 0.00
58.65 0.00
58.66 0.00
58.67 0.00
58.68 0.00
58.69 0.00
58.70 0.00
58.71 0.00
58.72 0.00
58.73 0.00
58.74 0.00
58.75 0.00
58.76 0.00
58.77 0.00
58.78 0.00
58.79 0.00
58.80 0.00
58.81 0.00
58.82 0.00
58.83 0.00
58.84 0.00
58.85 0.00
58.86 0.00
58.87 0.00
58.88 0.00
58.89 0.00
58.90 0.00
58.91 0.00
58.92 0.00
58.93 0.00
58.94 0.00
58.95 0.00
58.96 0.00
58.97 0.00
58.98 0.00
58.99 0.00
59.00 0.00
59.01 0.00
59.02 0.00
59.03 0.00
59.04 0.00
59.05 0.00
59.06 0.00
59.07 0.00
59.08 0.00
59.09 0.00
59.10 0.00
59.11 0.00
59.12 0.00
59.13 0.00
59.14 0.00
59.15 0.00
59.16 0.00
59.17 0.00
59.18 0.00
59.19 0.00
59.20 0.00
59.21 0.00
59.22 0.00
59.23 0.00
59.24 0.00
59.25 0.00
59.26 0.00
59.27 0.00
59.28 0.00
59.29 0.00
59.30 0.00
59.31 0.00
59.32 0.00
59.33 0.00
59.34 0.00
59.35 0.00
59.36 0.00
59.37 0.00
59.38 0.00
59.39 0.00
59.40 0.00
59.41 0.00
59.42 0.00
59.43 0.00
59.44 0.00
59.45 0.00
59.46 0.00
59.47 0.00
59.48 0.00
59.49 0.00
59.50 0.00
59.51 0.00
59.52 0.00
59.53 0.00
59.54 0.00
59.55 0.00
59.56 0.00
59.57 0.00
59.58 0.00
59.59 0.00
59.60 0.00
59.61 0.00
59.62 0.00
59.63 0.00
59.64 0.00
59.65 0.00
59.66 0.00
59.67 0.00
59.68 0.00
59.69 0.00
59.70 0.00
59.71 0.00
59.72 0.00
59.73 0.00
59.74 0.00
59.75 0.00
59.76 0.00
59.77 0.00
59.78 0.00
59.79 0.00
59.80 0.00
59.81 0.00
59.82 0.00
59.83 0.00
59.84 0.00
59.85 0.00
59.86 0.00
59.87 0.00
59.88 0.00
59.89 0.00
59.90 0.00
59.91 0.00
59.92 0.00
59.93 0.00
59.94 0.00
59.95 0.00
59.96 0.00
59.97 0.00
59.98 0.00
59.99 0.00
60.00 0.00
60.01 0.00
60.02 0.00
60.03 0.00
60.04 0.00
60.05 0.00
60.06 0.00
60.07 0.00
60.08 0.00
